0	0.000003	0.032747	0.003906
1	0.000005	0.035255	0.002769
2	0.000010	0.036660	0.002217
3	0.000015	0.040741	0.003680
4	0.000022	0.040335	0.003199
5	0.000011	0.029211	0.004354
6	0.000008	0.036703	0.006222
7	1.267533	6.189742	0.913708
8	1.325203	4.971531	0.555422
9	1.350543	3.704265	0.322901
10	1.254368	3.320118	0.295852
11	1.094970	2.568355	0.219758
12	0.956722	2.374509	0.218533
13	0.728342	2.043167	0.146297
14	1.530515	1.592629	0.173768
15	1.199270	0.948998	0.109555
16	1.047711	0.811747	0.093726
17	0.865308	0.617888	0.122109
18	0.567497	0.505717	0.148593
19	1.769626	1.590314	0.066088
20	1.343064	0.847301	0.121044
21	1.000493	0.910201	0.122753
