0	0.052590	0.063157	0.008206
1	0.061073	0.068380	0.005265
2	0.069194	0.076369	0.004719
3	0.076783	0.075125	0.007781
4	0.082835	0.072880	0.004744
5	0.060806	0.047835	0.008412
6	0.047353	0.055188	0.013022
7	2.650216	12.558200	3.093534
8	2.574291	5.548872	1.004980
9	2.211573	6.432999	0.802000
10	2.099410	5.675660	0.713138
11	1.971581	5.558109	0.712957
12	1.878175	4.266385	0.507604
13	1.731304	4.383267	0.409496
14	2.513942	2.711953	0.361372
15	2.150414	1.837201	0.205482
16	2.047601	1.514224	0.155414
17	1.929870	1.645626	0.231667
18	1.725292	1.682033	0.296728
19	2.897876	2.854629	0.170940
20	2.445374	1.775434	0.227205
21	2.219973	2.456891	0.270112
