0	0.066546	0.090042	0.013699
1	0.081364	0.098242	0.005973
2	0.096262	0.090251	0.004505
3	0.110760	0.088139	0.015794
4	0.122693	0.110782	0.012017
5	0.086855	0.103555	0.020609
6	0.067248	0.056097	0.017649
7	5.930208	12.530043	2.987851
8	5.703926	9.082190	2.352597
9	4.653885	6.673935	0.802346
10	4.340169	5.406728	0.636372
11	3.989408	5.351302	0.591648
12	3.737865	4.316295	0.548441
13	3.350898	3.580105	0.291368
14	5.369870	4.829159	0.606881
15	4.357558	4.594026	0.510563
16	4.081047	4.351794	0.457015
17	3.770096	4.358342	0.604164
18	3.245023	3.048681	0.586297
19	6.197251	5.463008	0.322484
20	4.941104	4.185626	0.544906
21	4.342753	3.738317	0.432013
