0	0.009409	0.011555	0.002254
1	0.010543	0.010316	0.002722
2	0.011603	0.011798	0.000862
3	0.012576	0.011630	0.001989
4	0.013343	0.012680	0.001639
5	0.009959	0.007669	0.003442
6	0.007743	0.013931	0.005793
7	1.188759	2.374218	0.215311
8	1.162968	2.069714	0.199373
9	1.036701	1.427983	0.123206
10	0.996512	1.002658	0.126063
11	0.949959	1.149289	0.131244
12	0.915392	1.064197	0.130805
13	0.860005	0.965152	0.085439
14	1.169515	1.326617	0.147051
15	1.039200	0.681528	0.110066
16	1.001263	0.725385	0.095925
17	0.957154	0.527771	0.144768
18	0.878618	0.590904	0.185519
19	1.350683	1.362709	0.081879
20	1.188565	0.810565	0.143127
21	1.104806	0.791345	0.144344
