0	0.014666	0.014107	0.000587
1	0.019191	0.027527	0.000637
2	0.024039	0.027851	0.000444
3	0.029011	0.026163	0.000968
4	0.033272	0.030019	0.000376
5	0.022488	0.020615	0.005586
6	0.017302	0.021241	0.011426
7	2.378584	2.653319	0.042622
8	2.258327	3.399730	0.129151
9	1.721315	2.166333	0.043180
10	1.568104	2.088677	0.069559
11	1.401106	2.117877	0.020156
12	1.284302	1.659845	0.040338
13	1.109761	1.467794	0.050739
14	2.023896	1.099935	0.103710
15	1.531819	0.660475	0.021293
16	1.403534	1.421054	0.267642
17	1.262701	1.399970	0.236474
18	1.033765	1.976802	0.483199
19	2.337427	1.089135	0.057312
20	1.728820	1.416144	0.208943
21	1.455731	2.372211	0.301037
