0	0.025338	0.031365	0.003679
1	0.027986	0.029275	0.002097
2	0.030416	0.031159	0.001177
3	0.032614	0.031589	0.002611
4	0.034324	0.030854	0.002045
5	0.025989	0.023381	0.003695
6	0.020296	0.023439	0.006040
7	1.171577	3.051811	0.375240
8	1.149188	2.663114	0.289132
9	1.038858	2.046024	0.155293
10	1.003477	1.602854	0.147546
11	0.962321	1.525504	0.135679
12	0.931639	1.373644	0.137235
13	0.882247	1.027624	0.087893
14	1.165111	1.538983	0.163052
15	1.050047	0.765079	0.106620
16	1.016290	0.768815	0.087789
17	0.976885	0.747487	0.129293
18	0.906283	0.358885	0.136014
19	1.343023	1.434984	0.079123
20	1.199522	0.718480	0.118580
21	1.124620	0.460747	0.102930
