1	-1.000000	-1.000000	-1.000000e+00	-1.000000e+00	-1.000000e+00
1	0.730000	392.875349	2.097767e-09	9.476147e-01	4.132943e+03
2	0.780000	745.994074	1.139875e-15	8.050000e-01	2.465400e+04
4	0.780000	-1.000000	-1.000000e+00	-1.000000e+00	-1.000000e+00
5	-1.000000	-1.000000	-1.000000e+00	-1.000000e+00	-1.000000e+00
6	0.770000	-1.000000	-1.000000e+00	-1.000000e+00	-1.000000e+00
7	-1.000000	-1.000000	-1.000000e+00	-1.000000e+00	-1.000000e+00
7	0.830000	456.942315	3.231075e-10	9.597044e-01	9.596742e+03
8	0.780000	518.270474	3.939706e-10	9.529489e-01	8.863223e+03
9	0.730000	658.905916	1.294624e-08	9.250902e-01	1.058506e+02
10	0.710000	156.898605	1.622757e-09	8.874557e-01	5.664707e+03
12	-1.000000	-1.000000	-1.000000e+00	-1.000000e+00	-1.000000e+00
12	0.810000	478.357360	1.337103e-09	9.464950e-01	6.824785e+03
13	0.750000	335.757843	6.286550e-10	9.273157e-01	8.521703e+03
14	0.770000	247.788066	1.536370e-09	9.627680e-01	5.932652e+03
15	0.810000	271.050016	4.496612e-09	9.577125e-01	2.962893e+03
16	0.770000	51.398497	1.537672e-10	8.663246e-01	1.183900e+04
17	0.750000	839.733368	1.064321e-12	9.984271e-01	3.434781e+04
18	0.670000	1229.001097	6.476599e-12	9.251389e-01	1.811900e+04
19	0.660000	199.796532	4.231562e-10	9.199216e-01	8.920617e+03
21	0.710000	-1.000000	-1.000000e+00	-1.000000e+00	-1.000000e+00
22	0.730000	-1.000000	-1.000000e+00	-1.000000e+00	-1.000000e+00
23	0.790000	-1.000000	-1.000000e+00	-1.000000e+00	-1.000000e+00
23	0.730000	510.606513	9.546098e-17	9.692625e-01	4.546900e+04
25	0.760000	-1.000000	-1.000000e+00	-1.000000e+00	-1.000000e+00
26	0.780000	-1.000000	-1.000000e+00	-1.000000e+00	-1.000000e+00
26	0.750000	788.202603	1.722888e-16	6.600000e-01	2.707900e+04
27	0.780000	858.511334	1.086427e-15	9.300000e-01	2.582400e+04
28	0.770000	276.719906	9.032000e-09	9.666137e-01	1.760995e+03
29	0.790000	264.111737	1.539380e-09	9.592167e-01	6.142486e+03
30	0.800000	157.809424	6.143836e-09	9.721184e-01	2.349100e+03
31	0.800000	268.424647	8.935321e-09	9.724109e-01	1.354535e+03
32	0.780000	698.926025	5.030856e-13	9.995512e-01	3.598780e+04
33	0.810000	4256.821978	3.692641e-11	9.606512e-01	1.571300e+04
34	0.780000	534.885591	1.728740e-14	9.736639e-01	3.263131e+04
36	0.790000	-1.000000	-1.000000e+00	-1.000000e+00	-1.000000e+00
37	0.770000	-1.000000	-1.000000e+00	-1.000000e+00	-1.000000e+00
38	0.770000	-1.000000	-1.000000e+00	-1.000000e+00	-1.000000e+00
38	0.770000	268.618189	1.234379e-08	9.535276e-01	-1.059492e+01
39	0.650000	1117.801880	2.442728e-10	8.905879e-01	8.658885e+03
40	0.520000	3242.404032	1.092322e-16	7.550000e-01	3.753200e+04
42	0.720000	-1.000000	-1.000000e+00	-1.000000e+00	-1.000000e+00
42	0.780000	1248.931347	1.948531e-13	9.992336e-01	3.792300e+04
43	0.800000	56.872444	1.629243e-14	9.637283e-01	3.611800e+04
44	0.780000	473.396366	1.522156e-03	8.685470e-11	3.491091e+03
45	0.810000	171.367564	8.344226e-12	9.693781e-01	1.866901e+04
46	0.840000	699.660438	1.055169e-14	9.868282e-01	2.951300e+04
47	0.760000	316.676102	6.708575e-10	9.449547e-01	7.873498e+03
48	0.720000	273.083913	4.817480e-10	9.989743e-01	1.817101e+04
49	0.760000	73.975701	2.444309e-10	9.562055e-01	9.912799e+03
50	0.770000	59.230350	7.084770e-09	9.730941e-01	2.352838e+03
51	0.790000	112.027633	1.855313e-09	9.772137e-01	6.654475e+03
52	0.750000	68.771044	1.488592e-14	9.706043e-01	3.664820e+04
53	0.800000	273.590999	9.330135e-13	9.530264e-01	2.656699e+04
54	0.790000	130.944397	2.677611e-11	9.758898e-01	1.584698e+04
56	-1.000000	-1.000000	-1.000000e+00	-1.000000e+00	-1.000000e+00
