55	203.351550	4.570022e-15	9.812058e-01	3.689111e+04
55	130.944397	2.677611e-11	9.758898e-01	1.584698e+04
55	892.963543	1.080729e-08	5.081126e-01	3.380912e+04
55	164.520050	1.641406e-13	9.788175e-01	2.822600e+04
55	964.940583	4.622945e-12	1.612248e-01	5.480900e+04
55	131.854666	2.047685e-11	9.760191e-01	1.650001e+04
55	973.308148	1.538425e-12	1.353298e-01	5.769005e+04
55	808.431452	8.835790e-05	3.586142e-11	1.308269e+04
55	565.012568	5.428373e-16	9.000000e-01	2.699100e+04
55	958.673101	1.227390e-11	1.684587e-02	5.272796e+04
