43	1264.958707	4.272829e-16	9.992358e-01	5.295707e+04
43	1622.158437	6.664727e-07	1.634988e-12	2.384720e+04
43	1573.584543	2.450645e-06	1.548473e-11	2.060372e+04
43	2056.381153	3.063267e-12	3.819336e-12	5.496894e+04
43	1983.923897	1.595345e-11	4.931048e-01	4.901112e+04
43	1587.015106	1.704576e-06	7.756505e-12	2.150677e+04
43	1658.342038	2.561985e-07	2.303060e-12	2.623638e+04
43	2041.281452	4.713341e-12	6.894568e-02	5.368234e+04
43	1248.931347	1.948531e-13	9.992336e-01	3.792300e+04
43	1550.059136	4.662989e-06	2.132768e-12	1.900591e+04
