20	1360.241543	1.692706e-10	4.581037e-01	4.156812e+04
20	1109.591720	4.745419e-04	2.575475e-12	6.229531e+03
20	1415.256482	1.799796e-11	9.923999e-02	4.851131e+04
20	1429.264964	9.650987e-12	2.053241e-02	5.030197e+04
20	1292.908519	9.056344e-09	2.105610e-12	3.311228e+04
20	199.796532	4.231562e-10	9.199216e-01	8.920617e+03
20	1100.012487	6.119772e-04	4.480150e-01	4.160118e+03
20	1063.355979	1.608924e-11	9.986399e-01	2.738899e+04
20	1140.011506	4.808618e-05	1.428293e-11	1.183567e+04
20	1057.965905	3.375059e-10	9.983064e-01	1.916101e+04
