41	5653.912071	2.679971e-07	1.128090e-11	2.499879e+04
41	6307.409999	1.180771e-10	2.993115e-02	4.442031e+04
41	5814.720866	4.162767e-08	3.728354e-11	2.967266e+04
41	5276.289281	2.826728e-05	2.830714e-12	1.339600e+04
41	6115.098674	1.253456e-09	3.791293e-12	3.850946e+04
41	6641.946002	1.281046e-12	1.668664e-01	5.555090e+04
41	6745.150289	2.928045e-13	1.805978e-01	5.927929e+04
41	3242.404032	1.092322e-16	7.550000e-01	3.753200e+04
41	4826.531818	1.669712e-09	9.982297e-01	1.494763e+04
41	3250.698284	8.625799e-16	7.100000e-01	3.159200e+04
