52	565.095803	6.274206e-04	2.692682e-12	7.289174e+03
52	1025.728846	1.267787e-11	6.780360e-02	5.136695e+04
52	1058.993932	1.671121e-12	4.167363e-01	5.532179e+04
52	1010.038789	1.576066e-11	4.281049e-01	4.957612e+04
52	883.275303	4.561934e-09	8.496424e-02	3.645035e+04
52	1053.489004	3.035351e-12	1.862090e-01	5.465149e+04
52	566.542658	5.912291e-04	3.937917e-11	7.434467e+03
52	854.398179	8.856433e-09	4.031092e-01	3.371012e+04
52	112.027633	1.855313e-09	9.772137e-01	6.654475e+03
52	643.190409	3.065961e-05	4.620187e-12	1.470366e+04
