13	2938.516949	8.761785e-12	9.423668e-02	5.086731e+04
13	491.390291	8.315595e-09	9.458681e-01	2.380618e+03
13	2585.004401	2.076467e-07	3.426428e-11	2.571895e+04
13	478.357360	1.337103e-09	9.464950e-01	6.824785e+03
13	2296.920675	1.027072e-03	2.855258e-09	4.669088e+03
13	2575.352674	2.687820e-07	3.602330e-11	2.507394e+04
13	478.412799	1.559970e-09	9.464161e-01	6.449802e+03
13	502.565438	1.593180e-08	9.458107e-01	8.004452e+02
13	2398.963586	3.609342e-05	8.848503e-11	1.289859e+04
13	2502.656490	1.909593e-06	2.197807e-11	2.018487e+04
