51	198.391756	2.992420e-11	9.995391e-01	2.595501e+04
51	199.292758	1.039867e-11	9.995533e-01	2.871499e+04
51	61.407903	1.068712e-10	9.749880e-01	1.243697e+04
51	59.230350	7.084770e-09	9.730941e-01	2.352838e+03
51	207.708464	2.393549e-04	1.814888e-11	1.014597e+04
51	286.701073	6.089389e-13	4.286480e-02	5.929584e+04
51	268.331405	3.673739e-11	3.167218e-01	4.803779e+04
51	268.189175	5.555640e-11	1.939867e-12	4.795506e+04
51	59.833202	1.481445e-08	9.728856e-01	5.785658e+02
51	60.075500	2.953150e-10	9.744323e-01	9.993790e+03
