8	4014.264506	1.378837e-12	2.249043e-02	5.734058e+04
8	456.942315	3.231075e-10	9.597044e-01	9.596742e+03
8	3110.832785	3.237367e-17	9.991858e-01	5.826897e+04
8	3844.343657	5.280068e-10	1.149785e-01	4.199135e+04
8	3847.410807	5.193356e-10	3.987991e-02	4.223931e+04
8	3960.066839	1.049880e-11	7.352834e-02	5.204127e+04
8	3822.132049	1.201433e-09	8.461173e-13	4.022106e+04
8	3921.406930	4.448597e-11	2.237891e-02	4.851161e+04
8	3939.879241	1.789690e-11	2.427850e-01	5.017422e+04
8	3910.996073	6.158313e-11	5.786512e-02	4.759284e+04
