44	64.900085	3.379102e-12	9.593138e-01	2.294200e+04
44	74.616723	2.473216e-11	9.582762e-01	1.801900e+04
44	103.311421	1.597212e-09	9.573373e-01	7.712488e+03
44	56.872444	1.629243e-14	9.637283e-01	3.611800e+04
44	74.767071	2.540088e-11	9.582648e-01	1.795301e+04
44	397.012613	3.393800e-11	1.980472e-01	4.699138e+04
44	360.629338	2.043834e-09	3.981162e-01	3.586912e+04
44	133.705126	4.664039e-16	9.957411e-01	5.001100e+04
44	77.533148	4.089601e-11	9.580729e-01	1.677500e+04
44	58.181855	7.827059e-15	9.644894e-01	3.792516e+04
