11	156.898605	1.622757e-09	8.874557e-01	5.664707e+03
11	1058.866023	6.966879e-12	3.867348e-01	4.951679e+04
11	1020.117813	2.660518e-10	3.434139e-02	4.144178e+04
11	164.219487	4.175368e-09	8.871662e-01	3.346232e+03
11	883.908503	1.850205e-05	1.168560e-11	1.359888e+04
11	905.225931	3.068559e-06	3.649830e-11	1.806578e+04
11	921.916616	7.747955e-07	2.339333e-11	2.149693e+04
11	169.824686	1.979020e-13	9.015850e-01	2.776401e+04
11	170.316350	8.070149e-09	8.871170e-01	1.730010e+03
11	901.114530	4.322282e-06	1.186706e-12	1.721300e+04
