2	3874.315372	5.204064e-12	9.994555e-01	3.081996e+04
2	4040.094498	1.985677e-05	2.169710e-11	1.588972e+04
2	4564.037456	2.171876e-11	6.780377e-02	5.005995e+04
2	4684.718085	8.323869e-13	5.076802e-02	5.839697e+04
2	392.875349	2.097767e-09	9.476147e-01	4.132943e+03
2	4681.713810	9.231758e-13	3.277191e-02	5.818107e+04
2	432.287530	1.107227e-08	9.472679e-01	1.140116e+02
2	4669.749432	8.152311e-13	3.894424e-01	5.732602e+04
2	4466.291682	2.796885e-10	2.786875e-02	4.369884e+04
2	3858.926529	3.099333e-10	9.994242e-01	2.048201e+04
