48	319.184534	1.221296e-10	9.463492e-01	1.201441e+04
48	344.400370	8.849254e-09	9.436051e-01	1.599851e+03
48	2921.561084	7.153107e-12	1.947346e-01	5.144737e+04
48	2410.533274	6.248304e-06	9.049916e-13	1.769101e+04
48	2197.519247	6.599152e-03	6.287042e-10	6.530841e+02
48	2223.746308	2.270165e-03	2.110138e-12	3.243497e+03
48	2718.095409	2.114424e-09	1.030042e-11	3.761344e+04
48	2348.705312	3.624827e-05	1.029285e-11	1.335883e+04
48	382.391045	2.366305e-12	9.507939e-01	2.158998e+04
48	316.676102	6.708575e-10	9.449547e-01	7.873498e+03
