33	865.841431	3.354761e-09	1.092558e-01	3.766031e+04
33	866.473788	1.829981e-09	4.881159e-01	3.779112e+04
33	957.055702	7.672861e-13	1.805968e-01	5.864229e+04
33	819.288400	1.658284e-07	2.506546e-12	2.820070e+04
33	894.793446	2.720626e-10	1.739068e-01	4.379109e+04
33	897.404029	2.511472e-10	4.395062e-02	4.436134e+04
33	698.926025	5.030856e-13	9.995512e-01	3.598780e+04
33	718.013143	3.875990e-03	1.867512e-12	3.549457e+03
33	871.131379	1.172150e-09	5.181155e-01	3.875812e+04
33	941.647413	3.004723e-12	3.267260e-01	5.467479e+04
