31	500.611042	6.504272e-16	8.950000e-01	2.641700e+04
31	801.218753	8.373198e-11	2.917141e-01	4.682079e+04
31	773.283156	2.602450e-09	4.881152e-01	3.730412e+04
31	799.405323	1.531600e-10	2.432820e-11	4.616358e+04
31	215.496075	2.152975e-16	9.809567e-01	4.343804e+04
31	796.866951	2.117459e-10	3.394655e-02	4.525434e+04
31	787.103289	4.279977e-10	4.881027e-01	4.186312e+04
31	157.809424	6.143836e-09	9.721184e-01	2.349100e+03
31	813.269240	1.687081e-11	1.462582e-01	5.136800e+04
31	160.452488	1.049047e-08	9.720669e-01	1.058713e+03
