49	324.855500	3.023531e-07	3.168389e-13	2.531720e+04
49	400.518040	3.061469e-13	9.424273e-02	5.971031e+04
49	400.994285	1.861420e-13	3.894423e-01	5.997202e+04
49	273.083913	4.817480e-10	9.989743e-01	1.817101e+04
49	342.567013	8.014969e-09	4.581090e-01	3.281112e+04
49	397.807773	4.975006e-13	1.755965e-01	5.824029e+04
49	311.638611	3.274620e-06	3.657409e-11	1.944298e+04
49	356.788741	1.323480e-09	1.540527e-12	3.884306e+04
49	386.174619	5.869465e-12	8.286450e-02	5.226284e+04
49	373.720794	6.561184e-11	1.786509e-02	4.634484e+04
