14	391.563145	1.162902e-11	9.318735e-01	1.824600e+04
14	2257.625360	3.401903e-16	7.250000e-01	2.736900e+04
14	346.711590	1.009123e-10	9.289953e-01	1.298200e+04
14	2664.324695	2.770312e-05	3.731142e-11	1.303990e+04
14	2636.924624	3.463473e-05	4.505557e-01	1.100100e+04
14	335.757843	6.286550e-10	9.273157e-01	8.521703e+03
14	3074.248380	3.092650e-10	3.201538e-12	4.170458e+04
14	2612.562181	1.346002e-04	9.014256e-12	9.123837e+03
14	2664.036375	2.793985e-05	2.238276e-11	1.301877e+04
14	3210.118697	3.951029e-12	1.712183e-01	5.232949e+04
