29	1259.997537	3.576061e-11	2.934167e-02	4.885978e+04
29	306.735647	6.218263e-12	9.704813e-01	1.933298e+04
29	1182.192352	1.236702e-08	3.021716e-02	3.411531e+04
29	1298.498997	8.880248e-13	3.931028e-01	5.705512e+04
29	291.632526	2.661272e-11	9.693945e-01	1.582800e+04
29	1161.208948	5.786400e-08	1.679832e-11	3.032945e+04
29	276.719906	9.032000e-09	9.666137e-01	1.760995e+03
29	1083.567327	8.193722e-06	6.168876e-01	1.567000e+04
29	1149.846328	1.315454e-07	1.545015e-12	2.827928e+04
29	1004.910288	4.838875e-11	9.993359e-01	2.420900e+04
