47	2078.356681	4.434958e-11	2.141206e-12	4.788849e+04
47	2125.618065	5.955972e-13	1.612652e-01	5.843200e+04
47	2029.590799	1.821520e-09	3.786781e-02	3.837884e+04
47	2059.255540	1.920971e-10	5.286614e-02	4.402984e+04
47	1815.285534	4.462681e-03	5.921635e-10	1.917086e+03
47	2034.885493	1.196240e-09	6.786779e-02	3.936084e+04
47	912.304646	7.768748e-16	7.850000e-01	2.489600e+04
47	1843.078370	5.787131e-04	4.999457e-12	6.913874e+03
47	699.660438	1.055169e-14	9.868282e-01	2.951300e+04
47	2047.916056	2.454951e-10	4.931041e-01	4.182512e+04
