46	172.109305	6.994346e-12	9.695081e-01	1.909700e+04
46	1069.378975	3.335638e-11	1.780471e-01	4.898738e+04
46	1099.497749	3.176371e-12	3.517309e-01	5.438679e+04
46	801.569917	1.355013e-04	7.601452e-12	1.126596e+04
46	171.367564	8.344226e-12	9.693781e-01	1.866901e+04
46	1060.821108	4.216162e-11	4.117159e-01	4.753779e+04
46	174.217439	4.484181e-12	9.698430e-01	2.017500e+04
46	187.351198	5.030351e-09	9.662479e-01	3.125005e+03
46	748.213200	3.519919e-03	3.959840e-10	3.287090e+03
46	1058.250447	8.202580e-11	3.286539e-02	4.710884e+04
