15	1794.824137	5.524386e-04	1.651959e-11	7.700174e+03
15	1530.600505	6.704102e-16	7.150000e-01	2.457800e+04
15	2171.730743	3.361701e-09	6.011646e-02	3.760153e+04
15	2344.998838	4.066474e-12	2.089977e-01	5.426930e+04
15	247.788066	1.536370e-09	9.627680e-01	5.932652e+03
15	1755.990867	2.107455e-03	1.511662e-10	4.406103e+03
15	2321.285947	9.792907e-12	2.917435e-01	5.173979e+04
15	357.508146	1.655621e-14	9.706298e-01	3.368300e+04
15	2214.072409	8.185999e-10	3.816892e-13	4.134260e+04
15	2103.635403	3.417160e-08	1.189748e-11	3.189391e+04
