53	463.282865	9.737464e-12	1.612034e-01	5.071849e+04
53	314.844073	5.752143e-05	2.034556e-12	1.167965e+04
53	349.590443	2.312897e-06	6.572701e-12	1.976173e+04
53	188.071442	2.963871e-08	9.683749e-01	9.560083e+02
53	481.591553	1.114322e-12	2.786484e-02	5.663784e+04
53	81.571647	9.509308e-13	9.680546e-01	2.642451e+04
53	460.186261	1.502438e-11	1.142406e-01	4.975031e+04
53	128.377813	1.954645e-10	9.670183e-01	1.330299e+04
53	68.771044	1.488592e-14	9.706043e-01	3.664820e+04
53	124.490394	1.361905e-10	9.670065e-01	1.419300e+04
