18	1072.973280	2.838859e-08	2.170520e-11	3.000601e+04
18	1242.950482	3.342875e-12	2.024854e-02	5.293599e+04
18	839.733368	1.064321e-12	9.984271e-01	3.434781e+04
18	1100.579675	6.452510e-09	9.426243e-02	3.349431e+04
18	893.156429	3.532445e-04	4.559466e-01	5.037118e+03
18	1274.769131	4.728836e-13	4.079455e-02	5.789097e+04
18	1258.776947	1.123645e-12	1.505973e-01	5.536129e+04
18	1189.915026	4.851715e-11	2.917138e-01	4.527879e+04
18	1016.189720	1.417574e-07	7.113001e-01	2.284696e+04
18	841.034153	2.432266e-13	9.984297e-01	3.800392e+04
