50	372.660997	1.352967e-04	1.929854e-11	1.111081e+04
50	98.006477	1.363565e-14	9.652864e-01	3.355302e+04
50	74.246632	2.010213e-11	9.578331e-01	1.595900e+04
50	444.194553	4.452629e-12	1.589107e-01	5.369457e+04
50	73.975701	2.444309e-10	9.562055e-01	9.912799e+03
50	79.791516	1.384527e-12	9.602484e-01	2.242499e+04
50	435.020440	4.976449e-11	4.081046e-01	4.673312e+04
50	450.188402	6.785136e-13	4.078880e-02	5.876897e+04
50	338.019965	2.532192e-14	9.991751e-01	4.169680e+04
50	370.179041	2.345843e-04	3.521997e-11	9.758954e+03
