30	1212.639661	4.160003e-11	9.992347e-01	2.510284e+04
30	1229.607966	8.382382e-14	9.992754e-01	4.064691e+04
30	1695.646886	4.434683e-11	4.531044e-01	4.598612e+04
30	1637.229509	3.431346e-10	4.131040e-01	4.099612e+04
30	264.111737	1.539380e-09	9.592167e-01	6.142486e+03
30	1799.615692	1.634118e-12	1.605980e-01	5.546529e+04
30	1212.984638	3.611079e-11	9.992382e-01	2.546898e+04
30	1422.811837	8.447779e-07	2.910883e-12	2.284120e+04
30	264.549046	1.974894e-09	9.591057e-01	5.544138e+03
30	1209.355297	1.721845e-10	9.991794e-01	2.134900e+04
