54	331.230589	2.645933e-10	9.501633e-01	1.268000e+04
54	273.590999	9.330135e-13	9.530264e-01	2.656699e+04
54	2208.281638	1.060825e-10	9.496452e-02	4.353135e+04
54	2387.511373	2.132805e-13	3.694424e-01	5.837802e+04
54	2255.612117	1.290984e-11	5.181047e-01	4.727312e+04
54	2276.099530	1.277745e-11	8.286497e-02	4.893184e+04
54	2366.310296	5.710058e-13	1.855971e-01	5.652429e+04
54	1702.101034	5.758199e-05	1.415326e-11	1.047673e+04
54	1692.229406	7.154965e-05	8.482428e-12	9.931955e+03
54	437.180396	4.745233e-09	9.506283e-01	5.564944e+03
