0	0.000000	0.023258	0.002252
1	0.000000	0.024809	0.001263
2	0.000000	0.025472	0.000846
3	0.000000	0.025484	0.001697
4	0.000000	0.025423	0.001379
5	0.000000	0.022450	0.005292
6	0.000000	0.011745	0.006728
7	0.000000	2.862083	0.209964
8	0.000000	2.599858	0.190635
9	0.000000	1.631242	0.105011
10	0.000000	1.347525	0.092998
11	0.000000	1.175321	0.082782
12	0.000000	0.986154	0.089573
13	0.000000	0.750496	0.051538
14	0.000000	1.392826	0.206985
15	0.000000	0.442240	0.142484
16	0.000000	0.486263	0.122044
17	0.000000	0.764343	0.172346
18	0.000000	0.492626	0.195984
19	0.000000	1.254037	0.089516
20	0.000000	0.695943	0.145785
21	0.000000	0.488450	0.142770
