0	0.021327	0.021487	0.003007
1	0.021327	0.020101	0.001966
2	0.021327	0.020813	0.001239
3	0.021327	0.022071	0.002890
4	0.021327	0.024926	0.002258
5	0.017228	0.011100	0.004867
6	0.013541	0.014728	0.007445
7	0.777652	2.653304	0.280489
8	0.777652	2.359236	0.263273
9	0.777652	1.683673	0.161950
10	0.777652	2.016275	0.188780
11	0.777652	1.380068	0.167658
12	0.777652	1.165881	0.156876
13	0.777652	1.216647	0.120120
14	0.848956	0.577644	0.157656
15	0.848956	0.434329	0.131167
16	0.848956	0.465073	0.113216
17	0.848956	0.635280	0.174424
18	0.848956	0.432974	0.231796
19	0.978342	0.724700	0.074264
20	0.978342	0.668881	0.172573
21	0.978342	0.512549	0.154150
