0	0.045367	0.044748	0.002909
1	0.045367	0.044343	0.001637
2	0.045367	0.045422	0.001157
3	0.045367	0.045259	0.002349
4	0.045367	0.046841	0.001765
5	0.036754	0.031947	0.004617
6	0.028966	0.039497	0.008096
7	1.032324	6.125443	0.570611
8	1.032324	4.569273	0.488332
9	1.032324	2.572507	0.150879
10	1.032324	2.040476	0.135743
11	1.032324	1.622762	0.119359
12	1.032324	1.428106	0.109861
13	1.032324	1.219261	0.067583
14	1.124531	1.477302	0.152840
15	1.124531	0.507620	0.100523
16	1.124531	0.593115	0.082779
17	1.124531	0.448418	0.119094
18	1.124531	0.369322	0.149072
19	1.293329	1.650042	0.074295
20	1.293329	0.654976	0.119093
21	1.293329	0.547817	0.117766
