0	0.000000	-1.000000	-1.000000
1	0.000000	-1.000000	-1.000000
2	0.000000	-1.000000	-1.000000
3	0.000000	-1.000000	-1.000000
4	0.000000	-1.000000	-1.000000
5	0.000000	0.022055	0.006446
6	0.000000	0.024878	0.009987
7	0.000000	-1.000000	-1.000000
8	0.000000	-1.000000	-1.000000
9	0.000000	-1.000000	-1.000000
10	0.000000	-1.000000	-1.000000
11	0.000000	-1.000000	-1.000000
12	0.000000	-1.000000	-1.000000
13	0.000000	-1.000000	-1.000000
14	0.000000	1.045739	0.094770
15	0.000000	0.633420	0.052279
16	0.000000	0.441889	0.073868
17	0.000000	0.417924	0.179466
18	0.000000	0.865983	0.272842
19	0.000000	0.683335	0.126532
20	0.000000	0.690791	0.198035
21	0.000000	0.610460	0.190414
