0	0.000000	0.085503	0.012224
1	0.000000	0.117168	0.010035
2	0.000000	0.117259	0.007688
3	0.000000	0.109652	0.011905
4	0.000000	0.113332	0.007449
5	0.000000	0.088976	0.020421
6	0.000000	0.063687	0.018782
7	0.000000	12.469396	3.725742
8	0.000000	-1.000000	-1.000000
9	0.000000	13.044261	2.021088
10	0.000000	9.482501	1.558677
11	0.000000	10.091075	1.584382
12	0.000000	8.380266	1.267689
13	0.000000	7.034325	0.720198
14	0.000000	6.700241	1.189699
15	0.000000	2.457733	0.342185
16	0.000000	2.299101	0.308406
17	0.000000	2.584893	0.442720
18	0.000000	2.095084	0.479433
19	0.000000	4.590331	0.387494
20	0.000000	3.248991	0.477856
21	0.000000	2.238408	0.312099
