0	0.000000	0.055822	0.005549
1	0.000000	0.053037	0.003674
2	0.000000	0.075649	0.003097
3	0.000000	0.053117	0.005077
4	0.000000	0.100108	0.004495
5	0.000000	0.055839	0.008353
6	0.000000	0.034470	0.011351
7	0.000000	3.947649	0.456666
8	0.000000	3.065516	0.376609
9	0.000000	1.654159	0.199915
10	0.000000	1.788724	0.220608
11	0.000000	-1.000000	-1.000000
12	0.000000	1.463120	0.194734
13	0.000000	1.130646	0.137064
14	0.000000	0.742129	0.185672
15	0.000000	1.450224	0.150488
16	0.000000	0.998151	0.126498
17	0.000000	1.030321	0.203552
18	0.000000	0.268480	0.236578
19	0.000000	0.891863	0.084603
20	0.000000	0.422189	0.161549
21	0.000000	0.795743	0.178052
