1	-1.000000	-1.000000	-1.000000e+00	-1.000000e+00
1	0.730000	433.863965	1.160716e-08	9.472650e-01
2	0.780000	203.003662	1.448861e-08	9.595826e-01
4	0.780000	-1.000000	-1.000000e+00	-1.000000e+00
5	-1.000000	-1.000000	-1.000000e+00	-1.000000e+00
6	0.770000	-1.000000	-1.000000e+00	-1.000000e+00
7	-1.000000	-1.000000	-1.000000e+00	-1.000000e+00
7	0.830000	555.221741	1.672887e-08	9.595420e-01
8	0.780000	574.462907	1.501826e-08	9.524711e-01
9	0.730000	659.601034	1.351959e-08	9.250905e-01
10	0.710000	177.735155	1.634142e-08	8.872031e-01
12	-1.000000	-1.000000	-1.000000e+00	-1.000000e+00
12	0.810000	509.526681	2.214813e-08	9.458151e-01
13	0.750000	390.106740	2.068521e-08	9.263507e-01
14	0.770000	296.547752	1.751862e-08	9.625731e-01
15	0.810000	304.888333	1.527602e-08	9.578136e-01
16	0.770000	60.686300	2.073555e-08	8.651148e-01
17	0.750000	111.115388	1.971509e-08	9.166839e-01
18	0.670000	1088.555542	1.105966e-08	9.176489e-01
19	0.660000	210.546750	1.658466e-08	9.174970e-01
21	0.710000	-1.000000	-1.000000e+00	-1.000000e+00
22	0.730000	-1.000000	-1.000000e+00	-1.000000e+00
23	0.790000	-1.000000	-1.000000e+00	-1.000000e+00
23	0.730000	256.687378	1.612184e-08	9.499987e-01
25	0.760000	-1.000000	-1.000000e+00	-1.000000e+00
26	0.780000	-1.000000	-1.000000e+00	-1.000000e+00
26	0.750000	231.939815	1.749296e-08	9.652048e-01
27	0.780000	245.508724	1.920111e-08	9.717549e-01
28	0.770000	280.870392	1.871947e-08	9.664926e-01
29	0.790000	281.026512	1.986284e-08	9.584396e-01
30	0.800000	162.901484	1.626918e-08	9.720415e-01
31	0.800000	270.461468	1.564286e-08	9.723150e-01
32	0.780000	219.187730	1.826670e-08	9.728231e-01
33	0.810000	5106.833261	2.419223e-08	9.562165e-01
34	0.780000	367.821296	1.397581e-08	9.652451e-01
36	0.790000	-1.000000	-1.000000e+00	-1.000000e+00
37	0.770000	-1.000000	-1.000000e+00	-1.000000e+00
38	0.770000	-1.000000	-1.000000e+00	-1.000000e+00
38	0.770000	268.625594	1.228999e-08	9.535288e-01
39	0.650000	1184.111321	8.420840e-09	8.889233e-01
40	0.520000	897.942102	7.237112e-09	8.342738e-01
42	0.720000	-1.000000	-1.000000e+00	-1.000000e+00
42	0.780000	445.481153	1.725655e-08	9.553058e-01
43	0.800000	130.039186	3.629101e-08	9.577578e-01
44	0.780000	245.196482	3.789803e-08	9.642332e-01
45	0.810000	201.642780	1.819872e-08	9.660910e-01
46	0.840000	219.206925	1.899457e-08	9.547490e-01
47	0.760000	357.689989	1.708146e-08	9.434208e-01
48	0.720000	59.071883	1.398228e-08	9.395750e-01
49	0.760000	85.639297	1.462898e-08	9.552916e-01
50	0.770000	60.099150	1.884273e-08	9.728270e-01
51	0.790000	158.519035	2.875800e-08	9.767871e-01
52	0.750000	192.988640	4.376676e-08	9.685687e-01
53	0.800000	538.865515	4.544697e-08	9.517459e-01
54	0.790000	143.748838	1.770056e-08	9.740307e-01
56	-1.000000	-1.000000	-1.000000e+00	-1.000000e+00
