0	0.061085	0.050482	0.006251
1	0.061085	0.054614	0.004343
2	0.061085	0.062755	0.003783
3	0.061085	0.063257	0.007780
4	0.061085	0.076234	0.005946
5	0.053317	0.059570	0.011576
6	0.046897	0.043457	0.014622
7	2.352086	9.328393	1.981990
8	2.352086	5.640805	0.990912
9	2.352086	5.164907	0.643004
10	2.352086	4.136299	0.603519
11	2.352086	4.177382	0.542427
12	2.352086	3.397975	0.472218
13	2.352086	2.677292	0.299884
14	2.569823	3.026322	0.514238
15	2.569823	2.291387	0.316279
16	2.569823	2.575747	0.275179
17	2.569823	2.024829	0.319603
18	2.569823	1.449829	0.344301
19	2.963053	3.186149	0.220218
20	2.963053	2.456742	0.360867
21	2.963053	1.967597	0.290265
