0	-0.000000	0.026695	0.003738
1	-0.000000	0.026745	0.002236
2	-0.000000	0.025397	0.001362
3	-0.000000	0.023466	0.003165
4	-0.000000	0.025457	0.002300
5	-0.000000	0.018145	0.004297
6	-0.000000	0.011127	0.006493
7	-0.002307	2.895161	0.298750
8	-0.002307	2.745723	0.321249
9	-0.002307	1.632660	0.168542
10	-0.002307	1.513681	0.177513
11	-0.002307	1.447335	0.174278
12	-0.002307	1.298171	0.174233
13	-0.002307	1.106535	0.111511
14	-0.002632	0.808779	0.149230
15	-0.002632	0.398661	0.117784
16	-0.002632	0.381476	0.097106
17	-0.002632	0.348242	0.133410
18	-0.002632	0.229825	0.168996
19	-0.003043	0.627690	0.061866
20	-0.003043	0.420277	0.122008
21	-0.003043	0.487844	0.119586
