0	-0.000000	0.014107	0.000587
1	-0.000000	0.027527	0.000637
2	-0.000000	0.027851	0.000444
3	-0.000000	0.026163	0.000968
4	-0.000000	0.030019	0.000376
5	-0.000000	0.020615	0.005586
6	-0.000000	0.021241	0.011426
7	-0.002192	2.653319	0.042622
8	-0.002192	3.399730	0.129151
9	-0.002192	2.166333	0.043180
10	-0.002192	2.088677	0.069559
11	-0.002192	2.117877	0.020156
12	-0.002192	1.659845	0.040338
13	-0.002192	1.467794	0.050739
14	-0.002500	1.099935	0.103710
15	-0.002500	0.660475	0.021293
16	-0.002500	1.421054	0.267642
17	-0.002500	1.399970	0.236474
18	-0.002500	1.976802	0.483199
19	-0.002891	1.089135	0.057312
20	-0.002891	1.416144	0.208943
21	-0.002891	2.372211	0.301037
