0	-0.000000	0.036993	0.005289
1	-0.000000	0.036259	0.003572
2	-0.000000	0.039515	0.002223
3	-0.000000	0.035700	0.006089
4	-0.000000	0.046382	0.004496
5	-0.000000	0.040375	0.006655
6	-0.000000	0.033406	0.007295
7	-0.002538	5.762752	1.009687
8	-0.002538	4.562142	0.609234
9	-0.002538	2.925317	0.343311
10	-0.002538	2.302624	0.329184
11	-0.002538	2.274568	0.345405
12	-0.002538	1.905099	0.310269
13	-0.002538	1.535328	0.228796
14	-0.002895	1.377814	0.205997
15	-0.002895	0.663578	0.145978
16	-0.002895	0.679238	0.118900
17	-0.002895	0.630940	0.172855
18	-0.002895	0.746712	0.216397
19	-0.003347	1.163063	0.083488
20	-0.003347	0.517296	0.149317
21	-0.003347	0.640604	0.125697
