0	-0.000000	0.025390	0.003209
1	-0.000000	0.030712	0.002096
2	-0.000000	0.030721	0.001467
3	-0.000000	0.028995	0.003493
4	-0.000000	0.031855	0.002888
5	-0.000000	0.027647	0.005114
6	-0.000000	0.023118	0.007078
7	-0.002422	3.260126	0.376630
8	-0.002422	3.290333	0.326055
9	-0.002422	2.666535	0.194210
10	-0.002422	2.364653	0.194337
11	-0.002422	1.917611	0.182427
12	-0.002422	2.164768	0.213043
13	-0.002422	1.680623	0.156883
14	-0.002763	1.294740	0.170718
15	-0.002763	1.007555	0.137936
16	-0.002763	0.803612	0.117376
17	-0.002763	1.021540	0.195217
18	-0.002763	0.579579	0.223865
19	-0.003195	1.303082	0.075773
20	-0.003195	0.954488	0.156980
21	-0.003195	0.853290	0.189669
