0	-nan	0.051868	0.009089
1	-nan	0.051490	0.007320
2	-nan	0.050235	0.004398
3	-nan	0.052339	0.010029
4	-nan	0.058584	0.005776
5	-nan	0.053957	0.013226
6	-nan	0.064430	0.026967
7	-nan	17.166441	7.071486
8	-nan	9.819869	4.963382
9	-nan	3.902888	0.465090
10	-nan	-1.000000	-1.000000
11	-nan	2.702591	0.385391
12	-nan	2.341743	0.297141
13	-nan	2.508368	0.213934
14	-nan	2.186239	0.431063
15	-nan	1.605464	0.295684
16	-nan	1.409986	0.241291
17	-nan	1.340420	0.324030
18	-nan	1.000778	0.390438
19	-nan	1.522756	0.121600
20	-nan	0.598112	0.230910
21	-nan	1.091162	0.254163
