0	-0.000000	0.031365	0.003679
1	-0.000000	0.029275	0.002097
2	-0.000000	0.031159	0.001177
3	-0.000000	0.031589	0.002611
4	-0.000000	0.030854	0.002045
5	-0.000000	0.023381	0.003695
6	-0.000000	0.023439	0.006040
7	-0.002653	3.051811	0.375240
8	-0.002653	2.663114	0.289132
9	-0.002653	2.046024	0.155293
10	-0.002653	1.602854	0.147546
11	-0.002653	1.525504	0.135679
12	-0.002653	1.373644	0.137235
13	-0.002653	1.027624	0.087893
14	-0.003026	1.538983	0.163052
15	-0.003026	0.765079	0.106620
16	-0.003026	0.768815	0.087789
17	-0.003026	0.747487	0.129293
18	-0.003026	0.358885	0.136014
19	-0.003499	1.434984	0.079123
20	-0.003499	0.718480	0.118580
21	-0.003499	0.460747	0.102930
