0	-0.000000	0.016279	0.006165
1	-0.000000	0.023004	0.003090
2	-0.000000	0.026078	0.001556
3	-0.000000	0.036635	0.003936
4	-0.000000	0.045797	0.003573
5	-0.000000	0.028109	0.006016
6	-0.000000	0.022574	0.008205
7	-0.002884	2.880373	0.531325
8	-0.002884	2.621279	0.476801
9	-0.002884	2.293436	0.320891
10	-0.002884	2.346577	0.326587
11	-0.002884	2.123185	0.302956
12	-0.002884	1.732695	0.280744
13	-0.002884	2.452177	0.192282
14	-0.003290	0.838239	0.185467
15	-0.003290	0.768182	0.205596
16	-0.003290	0.870008	0.137799
17	-0.003290	0.809576	0.231376
18	-0.003290	1.298892	0.242303
19	-0.003804	0.713548	0.083911
20	-0.003804	0.736436	0.167279
21	-0.003804	0.837080	0.156584
