0	-0.000000	0.024280	0.003907
1	-0.000000	0.020118	0.002426
2	-0.000000	0.021028	0.001291
3	-0.000000	0.025839	0.003651
4	-0.000000	0.023231	0.003272
5	-0.000000	0.013888	0.004797
6	-0.000000	0.010771	0.008023
7	-0.002538	3.229555	0.424776
8	-0.002538	2.459937	0.327101
9	-0.002538	1.693922	0.184974
10	-0.002538	2.000307	0.200175
11	-0.002538	1.285526	0.172082
12	-0.002538	1.437450	0.185582
13	-0.002538	1.120567	0.128239
14	-0.002895	0.895925	0.169870
15	-0.002895	0.405107	0.146744
16	-0.002895	0.439317	0.123425
17	-0.002895	0.393036	0.160386
18	-0.002895	0.468473	0.233143
19	-0.003347	0.769012	0.067664
20	-0.003347	0.474954	0.145936
21	-0.003347	0.439175	0.129433
