0	-0.000000	0.039911	0.009199
1	-0.000000	0.037186	0.005791
2	-0.000000	0.046329	0.004245
3	-0.000000	0.043964	0.010178
4	-0.000000	0.047400	0.006249
5	-0.000000	0.030428	0.011862
6	-0.000000	0.036714	0.015185
7	-0.002768	3.909328	0.997784
8	-0.002768	3.717459	0.831780
9	-0.002768	2.959978	0.552895
10	-0.002768	2.058792	0.487371
11	-0.002768	1.915073	0.426360
12	-0.002768	1.758236	0.413278
13	-0.002768	1.481784	0.280918
14	-0.003158	1.419506	0.433466
15	-0.003158	0.870797	0.309791
16	-0.003158	0.816254	0.250897
17	-0.003158	0.078094	0.223078
18	-0.003158	0.822613	0.696444
19	-0.003651	1.362600	0.158936
20	-0.003651	0.311204	0.282247
21	-0.003651	0.954344	0.235497
