0	-0.000000	0.053601	0.007157
1	-0.000000	0.048933	0.003999
2	-0.000000	0.041636	0.001833
3	-0.000000	0.046041	0.004544
4	-0.000000	0.048748	0.003637
5	-0.000000	0.042718	0.007399
6	-0.000000	0.019321	0.010690
7	-0.003114	4.264913	0.594763
8	-0.003114	4.047514	0.586446
9	-0.003114	3.320073	0.354309
10	-0.003114	2.753342	0.284051
11	-0.003114	2.372505	0.271647
12	-0.003114	2.674934	0.274323
13	-0.003114	2.089394	0.169336
14	-0.003553	1.288665	0.203786
15	-0.003553	0.812380	0.149548
16	-0.003553	0.736620	0.129330
17	-0.003553	0.833809	0.197630
18	-0.003553	0.693956	0.210427
19	-0.004108	1.361486	0.094609
20	-0.004108	0.995121	0.177220
21	-0.004108	1.109159	0.240206
