0	-0.000000	0.036529	0.003570
1	-0.000000	0.034733	0.001431
2	-0.000000	0.037527	0.002024
3	-0.000000	0.034861	0.002261
4	-0.000000	0.035687	0.001750
5	-0.000000	0.025883	0.007226
6	-0.000000	0.031247	0.012046
7	-0.002192	5.231953	0.394776
8	-0.002192	4.528605	0.442035
9	-0.002192	3.635588	0.219255
10	-0.002192	3.018817	0.167728
11	-0.002192	2.762894	0.157477
12	-0.002192	2.687227	0.242745
13	-0.002192	2.000071	0.099302
14	-0.002500	1.874155	0.270405
15	-0.002500	1.399455	0.245963
16	-0.002500	1.038849	0.138754
17	-0.002500	0.905039	0.229515
18	-0.002500	0.829646	0.240738
19	-0.002891	1.795102	0.126578
20	-0.002891	0.988109	0.195787
21	-0.002891	0.527128	0.209303
