0	-0.000000	0.022512	0.006605
1	-0.000000	0.018298	0.004350
2	-0.000000	0.021993	0.002564
3	-0.000000	0.019326	0.006109
4	-0.000000	0.020900	0.004592
5	-0.000000	0.021328	0.009682
6	-0.000000	0.004693	0.008669
7	-0.002653	2.249395	0.453182
8	-0.002653	2.149297	0.412790
9	-0.002653	1.762812	0.323571
10	-0.002653	1.472565	0.312792
11	-0.002653	1.217066	0.292092
12	-0.002653	0.931307	0.279703
13	-0.002653	0.991307	0.237162
14	-0.003026	0.911012	0.276099
15	-0.003026	0.626933	0.256744
16	-0.003026	0.402303	0.205697
17	-0.003026	0.488707	0.325897
18	-0.003026	0.187594	0.411425
19	-0.003499	0.669326	0.113864
20	-0.003499	0.625327	0.241045
21	-0.003499	1.259552	0.308127
