0	-0.000000	0.016851	0.003629
1	-0.000000	0.012718	0.002563
2	-0.000000	0.011019	0.001461
3	-0.000000	0.017624	0.003390
4	-0.000000	0.018494	0.002447
5	-0.000000	0.013255	0.005437
6	-0.000000	0.019788	0.007801
7	-0.002538	5.683513	0.841570
8	-0.002538	5.346806	0.675497
9	-0.002538	3.995753	0.408487
10	-0.002538	3.540242	0.425614
11	-0.002538	2.789005	0.344437
12	-0.002538	2.900869	0.351594
13	-0.002538	2.151787	0.204821
14	-0.002895	4.676102	0.708182
15	-0.002895	2.592065	0.374296
16	-0.002895	2.065247	0.258986
17	-0.002895	1.612218	0.300739
18	-0.002895	0.993535	0.273274
19	-0.003347	3.935055	0.259900
20	-0.003347	1.683543	0.252748
21	-0.003347	1.131605	0.173629
