0	-0.000000	0.051796	0.005116
1	-0.000000	0.049931	0.003258
2	-0.000000	0.045249	0.001537
3	-0.000000	0.060452	0.005467
4	-0.000000	0.047327	0.002319
5	-0.000000	0.052994	0.007861
6	-0.000000	0.043572	0.007147
7	-0.002768	4.268517	0.442320
8	-0.002768	4.770909	0.797595
9	-0.002768	2.580153	0.200468
10	-0.002768	2.483703	0.133158
11	-0.002768	2.056419	0.138790
12	-0.002768	2.054838	0.155214
13	-0.002768	1.634712	0.143627
14	-0.003158	1.854412	0.250494
15	-0.003158	1.049653	0.134436
16	-0.003158	0.940618	0.126451
17	-0.003158	0.896699	0.169193
18	-0.003158	0.800439	0.204965
19	-0.003651	1.941827	0.094115
20	-0.003651	0.948386	0.125435
21	-0.003651	0.901422	0.155292
