0	-nan	0.023258	0.002252
1	-nan	0.024809	0.001263
2	-nan	0.025472	0.000846
3	-nan	0.025484	0.001697
4	-nan	0.025423	0.001379
5	-nan	0.022450	0.005292
6	-nan	0.011745	0.006728
7	-nan	2.862083	0.209964
8	-nan	2.599858	0.190635
9	-nan	1.631242	0.105011
10	-nan	1.347525	0.092998
11	-nan	1.175321	0.082782
12	-nan	0.986154	0.089573
13	-nan	0.750496	0.051538
14	-nan	1.392826	0.206985
15	-nan	0.442240	0.142484
16	-nan	0.486263	0.122044
17	-nan	0.764343	0.172346
18	-nan	0.492626	0.195984
19	-nan	1.254037	0.089516
20	-nan	0.695943	0.145785
21	-nan	0.488450	0.142770
