0	-0.000000	0.058082	0.006523
1	-0.000000	0.050514	0.003352
2	-0.000000	0.060166	0.003561
3	-0.000000	0.050117	0.005191
4	-0.000000	0.088130	0.010697
5	-0.000000	0.020924	0.007265
6	-0.000000	0.062409	0.039706
7	-0.003230	13.842155	7.313767
8	-0.003230	2.609394	0.398905
9	-0.003230	2.706942	0.280605
10	-0.003230	-10.000000	0.000000
11	-0.003230	3.214460	1.396124
12	-0.003230	1.501010	0.587874
13	-0.003230	1.489849	0.151108
14	-0.003684	2.002736	0.262790
15	-0.003684	1.098411	0.219186
16	-0.003684	1.211530	0.171177
17	-0.003684	1.063515	0.224896
18	-0.003684	1.116788	0.404986
19	-0.004260	1.857248	0.135194
20	-0.004260	1.001030	0.174500
21	-0.004260	0.920710	0.158587
