0	-0.000000	0.001530	0.004922
1	-0.000000	0.004477	0.003661
2	-0.000000	0.012006	0.001877
3	-0.000000	0.010977	0.004308
4	-0.000000	0.012441	0.003063
5	-0.000000	0.009653	0.006230
6	-0.000000	0.032746	0.009955
7	-0.002884	6.384055	1.679040
8	-0.002884	5.467576	1.156670
9	-0.002884	4.784546	0.719042
10	-0.002884	4.639501	0.776646
11	-0.002884	3.463796	0.547092
12	-0.002884	2.581881	0.392762
13	-0.002884	2.019034	0.253930
14	-0.003290	6.536340	1.425214
15	-0.003290	2.910738	0.441712
16	-0.003290	2.635689	0.328761
17	-0.003290	2.162322	0.415268
18	-0.003290	0.853979	0.340296
19	-0.003804	7.485133	0.664431
20	-0.003804	1.976631	0.324538
21	-0.003804	1.056113	0.233642
