0	-0.000000	0.041108	0.004522
1	-0.000000	0.050192	0.002607
2	-0.000000	0.052620	0.001785
3	-0.000000	0.054462	0.003694
4	-0.000000	0.053927	0.002343
5	-0.000000	0.030106	0.006199
6	-0.000000	0.068061	0.014641
7	-0.002884	6.421841	0.883684
8	-0.002884	5.889397	0.820900
9	-0.002884	5.055365	0.401949
10	-0.002884	4.415098	0.361226
11	-0.002884	4.129543	0.321159
12	-0.002884	3.594616	0.273858
13	-0.002884	2.925750	0.150039
14	-0.003290	3.172836	0.386016
15	-0.003290	2.070712	0.248313
16	-0.003290	1.712263	0.184324
17	-0.003290	1.818406	0.247548
18	-0.003290	0.944143	0.238453
19	-0.003804	3.141002	0.161037
20	-0.003804	1.722157	0.224024
21	-0.003804	1.141540	0.199258
