0	-0.000000	0.107452	0.006472
1	-0.000000	0.106548	0.003227
2	-0.000000	0.108890	0.003076
3	-0.000000	0.100590	0.005251
4	-0.000000	0.101658	0.003074
5	-0.000000	0.070502	0.004666
6	-0.000000	0.078436	0.008362
7	-0.003806	9.631815	1.149519
8	-0.003806	9.154350	1.262267
9	-0.003806	5.026611	0.323685
10	-0.003806	4.880577	0.306534
11	-0.003806	4.152020	0.252342
12	-0.003806	3.672848	0.241006
13	-0.003806	3.181323	0.122085
14	-0.004342	2.185055	0.119439
15	-0.004342	1.113192	0.075613
16	-0.004342	1.027461	0.060876
17	-0.004342	1.018615	0.081644
18	-0.004342	0.869840	0.101229
19	-0.005021	2.056518	0.062224
20	-0.005021	1.237274	0.101912
21	-0.005021	1.039258	0.089742
