0	-0.000000	0.342795	0.020233
1	-0.000000	0.359607	0.011021
2	-0.000000	0.350880	0.009761
3	-0.000000	0.317083	0.014591
4	-0.000000	0.227773	0.007351
5	-0.000000	0.367749	0.045651
6	-0.000000	0.340576	0.063288
7	-0.005537	14.846962	1.648730
8	-0.005537	11.218942	1.191202
9	-0.005537	5.024329	0.288563
10	-0.005537	4.140251	0.231010
11	-0.005537	3.398615	0.185589
12	-0.005537	2.925580	0.169140
13	-0.005537	2.373730	0.080932
14	-0.006316	2.474827	0.148221
15	-0.006316	1.306147	0.142911
16	-0.006316	1.326940	0.089969
17	-0.006316	1.307748	0.111042
18	-0.006316	1.196575	0.128016
19	-0.007303	2.534198	0.077575
20	-0.007303	1.815799	0.127819
21	-0.007303	1.420204	0.124358
