0	-0.000000	0.035462	0.003299
1	-0.000000	0.037023	0.002143
2	-0.000000	0.037249	0.001447
3	-0.000000	0.029183	0.003848
4	-0.000000	0.030523	0.002946
5	-0.000000	0.021216	0.006204
6	-0.000000	0.016355	0.008572
7	-0.002538	3.181598	0.261290
8	-0.002538	2.734892	0.238220
9	-0.002538	2.033444	0.160043
10	-0.002538	1.737819	0.178352
11	-0.002538	1.470966	0.188830
12	-0.002538	1.175218	0.187255
13	-0.002538	0.920244	0.130541
14	-0.002895	0.817517	0.167650
15	-0.002895	0.451271	0.140342
16	-0.002895	0.394628	0.118108
17	-0.002895	0.336846	0.183739
18	-0.002895	0.328584	0.249657
19	-0.003347	0.542687	0.072012
20	-0.003347	0.290076	0.156099
21	-0.003347	0.477947	0.145969
