0	-0.000000	0.011590	0.006179
1	-0.000000	0.021196	0.002662
2	-0.000000	0.022417	0.001174
3	-0.000000	0.021194	0.002571
4	-0.000000	0.018776	0.001899
5	-0.000000	0.017333	0.004881
6	-0.000000	0.015200	0.006499
7	-0.002422	3.671066	0.645420
8	-0.002422	2.644067	0.568841
9	-0.002422	1.556333	0.205280
10	-0.002422	1.239955	0.185902
11	-0.002422	1.197697	0.161456
12	-0.002422	1.035752	0.154440
13	-0.002422	0.766897	0.099144
14	-0.002763	0.648251	0.204331
15	-0.002763	0.447718	0.126792
16	-0.002763	0.325421	0.106944
17	-0.002763	0.539437	0.161780
18	-0.002763	0.242192	0.193108
19	-0.003195	1.100430	0.088636
20	-0.003195	0.398154	0.147988
21	-0.003195	0.346270	0.128728
