0	-0.000000	0.118096	0.024274
1	-0.000000	0.093522	0.008729
2	-0.000000	0.092374	0.006602
3	-0.000000	0.099238	0.012520
4	-0.000000	0.108655	0.007571
5	-0.000000	0.082844	0.015993
6	-0.000000	0.085479	0.019620
7	-0.003345	14.309229	7.371041
8	-0.003345	22.021307	9.979545
9	-0.003345	13.678816	2.776784
10	-0.003345	16.178461	2.868963
11	-0.003345	7.805859	1.381914
12	-0.003345	9.611352	1.662536
13	-0.003345	9.196541	1.137811
14	-0.003816	5.262990	0.806299
15	-0.003816	2.505522	0.310344
16	-0.003816	2.487591	0.254309
17	-0.003816	2.064120	0.348005
18	-0.003816	2.159905	0.426472
19	-0.004412	5.652676	0.390458
20	-0.004412	2.855177	0.374258
21	-0.004412	2.555647	0.325484
