0	-0.000000	0.063157	0.008206
1	-0.000000	0.068380	0.005265
2	-0.000000	0.076369	0.004719
3	-0.000000	0.075125	0.007781
4	-0.000000	0.072880	0.004744
5	-0.000000	0.047835	0.008412
6	-0.000000	0.055188	0.013022
7	-0.003922	12.558200	3.093534
8	-0.003922	5.548872	1.004980
9	-0.003922	6.432999	0.802000
10	-0.003922	5.675660	0.713138
11	-0.003922	5.558109	0.712957
12	-0.003922	4.266385	0.507604
13	-0.003922	4.383267	0.409496
14	-0.004474	2.711953	0.361372
15	-0.004474	1.837201	0.205482
16	-0.004474	1.514224	0.155414
17	-0.004474	1.645626	0.231667
18	-0.004474	1.682033	0.296728
19	-0.005173	2.854629	0.170940
20	-0.005173	1.775434	0.227205
21	-0.005173	2.456891	0.270112
