0	-0.000000	0.065407	0.004675
1	-0.000000	0.058220	0.002755
2	-0.000000	0.052498	0.001752
3	-0.000000	0.051967	0.003902
4	-0.000000	0.049602	0.002520
5	-0.000000	0.035274	0.006421
6	-0.000000	0.029984	0.008742
7	-0.002653	4.064131	0.383167
8	-0.002653	2.848391	0.286780
9	-0.002653	1.522408	0.143572
10	-0.002653	1.442466	0.149370
11	-0.002653	1.363457	0.152007
12	-0.002653	1.154641	0.142847
13	-0.002653	1.134044	0.092898
14	-0.003026	0.654985	0.145462
15	-0.003026	0.378466	0.125419
16	-0.003026	0.478514	0.110087
17	-0.003026	0.637752	0.165802
18	-0.003026	0.339906	0.203976
19	-0.003499	0.986976	0.076361
20	-0.003499	0.557255	0.154049
21	-0.003499	0.579432	0.142206
