0	-1.000000	-1.000000	-1.000000e+00	-1.000000e+00	-1.000000e+00
1	0.730000	-1.000000	-1.000000e+00	-1.000000e+00	-1.000000e+00
2	0.780000	-1.000000	-1.000000e+00	-1.000000e+00	-1.000000e+00
3	0.780000	-1.000000	-1.000000e+00	-1.000000e+00	-1.000000e+00
4	-1.000000	-1.000000	-1.000000e+00	-1.000000e+00	-1.000000e+00
5	0.770000	-1.000000	-1.000000e+00	-1.000000e+00	-1.000000e+00
6	-1.000000	-1.000000	-1.000000e+00	-1.000000e+00	-1.000000e+00
7	0.830000	-1.000000	-1.000000e+00	-1.000000e+00	-1.000000e+00
8	0.780000	-1.000000	-1.000000e+00	-1.000000e+00	-1.000000e+00
9	0.730000	-1.000000	-1.000000e+00	-1.000000e+00	-1.000000e+00
10	0.710000	-1.000000	-1.000000e+00	-1.000000e+00	-1.000000e+00
11	-1.000000	-1.000000	-1.000000e+00	-1.000000e+00	-1.000000e+00
12	0.810000	-1.000000	-1.000000e+00	-1.000000e+00	-1.000000e+00
13	0.750000	-1.000000	-1.000000e+00	-1.000000e+00	-1.000000e+00
14	0.770000	-1.000000	-1.000000e+00	-1.000000e+00	-1.000000e+00
15	0.810000	-1.000000	-1.000000e+00	-1.000000e+00	-1.000000e+00
16	0.770000	-1.000000	-1.000000e+00	-1.000000e+00	-1.000000e+00
17	0.750000	110.701944	2.347045e-08	9.150000e-01	1.718385e-11
18	0.670000	-1.000000	-1.000000e+00	-1.000000e+00	-1.000000e+00
19	0.660000	-1.000000	-1.000000e+00	-1.000000e+00	-1.000000e+00
20	0.710000	-1.000000	-1.000000e+00	-1.000000e+00	-1.000000e+00
21	0.730000	-1.000000	-1.000000e+00	-1.000000e+00	-1.000000e+00
22	0.790000	-1.000000	-1.000000e+00	-1.000000e+00	-1.000000e+00
23	0.730000	-1.000000	-1.000000e+00	-1.000000e+00	-1.000000e+00
24	0.760000	-1.000000	-1.000000e+00	-1.000000e+00	-1.000000e+00
25	0.780000	-1.000000	-1.000000e+00	-1.000000e+00	-1.000000e+00
26	0.750000	-1.000000	-1.000000e+00	-1.000000e+00	-1.000000e+00
27	0.780000	-1.000000	-1.000000e+00	-1.000000e+00	-1.000000e+00
28	0.770000	-1.000000	-1.000000e+00	-1.000000e+00	-1.000000e+00
29	0.790000	-1.000000	-1.000000e+00	-1.000000e+00	-1.000000e+00
30	0.800000	-1.000000	-1.000000e+00	-1.000000e+00	-1.000000e+00
31	0.800000	-1.000000	-1.000000e+00	-1.000000e+00	-1.000000e+00
32	0.780000	-1.000000	-1.000000e+00	-1.000000e+00	-1.000000e+00
33	0.810000	-1.000000	-1.000000e+00	-1.000000e+00	-1.000000e+00
34	0.780000	-1.000000	-1.000000e+00	-1.000000e+00	-1.000000e+00
35	0.790000	-1.000000	-1.000000e+00	-1.000000e+00	-1.000000e+00
36	0.770000	-1.000000	-1.000000e+00	-1.000000e+00	-1.000000e+00
37	0.770000	-1.000000	-1.000000e+00	-1.000000e+00	-1.000000e+00
38	0.770000	-1.000000	-1.000000e+00	-1.000000e+00	-1.000000e+00
39	0.650000	-1.000000	-1.000000e+00	-1.000000e+00	-1.000000e+00
40	0.520000	-1.000000	-1.000000e+00	-1.000000e+00	-1.000000e+00
41	0.720000	-1.000000	-1.000000e+00	-1.000000e+00	-1.000000e+00
42	0.780000	-1.000000	-1.000000e+00	-1.000000e+00	-1.000000e+00
43	0.800000	-1.000000	-1.000000e+00	-1.000000e+00	-1.000000e+00
44	0.780000	-1.000000	-1.000000e+00	-1.000000e+00	-1.000000e+00
45	0.810000	-1.000000	-1.000000e+00	-1.000000e+00	-1.000000e+00
46	0.840000	-1.000000	-1.000000e+00	-1.000000e+00	-1.000000e+00
47	0.760000	-1.000000	-1.000000e+00	-1.000000e+00	-1.000000e+00
48	0.720000	-1.000000	-1.000000e+00	-1.000000e+00	-1.000000e+00
49	0.760000	-1.000000	-1.000000e+00	-1.000000e+00	-1.000000e+00
50	0.770000	-1.000000	-1.000000e+00	-1.000000e+00	-1.000000e+00
51	0.790000	-1.000000	-1.000000e+00	-1.000000e+00	-1.000000e+00
52	0.750000	-1.000000	-1.000000e+00	-1.000000e+00	-1.000000e+00
53	0.800000	-1.000000	-1.000000e+00	-1.000000e+00	-1.000000e+00
54	0.790000	-1.000000	-1.000000e+00	-1.000000e+00	-1.000000e+00
55	-1.000000	-1.000000	-1.000000e+00	-1.000000e+00	-1.000000e+00
