52	-1.000000	-1.000000e+00	-1.000000e+00	-1.000000e+00
52	-1.000000	-1.000000e+00	-1.000000e+00	-1.000000e+00
52	-1.000000	-1.000000e+00	-1.000000e+00	-1.000000e+00
52	-1.000000	-1.000000e+00	-1.000000e+00	-1.000000e+00
52	-1.000000	-1.000000e+00	-1.000000e+00	-1.000000e+00
52	-1.000000	-1.000000e+00	-1.000000e+00	-1.000000e+00
52	-1.000000	-1.000000e+00	-1.000000e+00	-1.000000e+00
52	-1.000000	-1.000000e+00	-1.000000e+00	-1.000000e+00
52	-1.000000	-1.000000e+00	-1.000000e+00	-1.000000e+00
52	-1.000000	-1.000000e+00	-1.000000e+00	-1.000000e+00
