14	395.627942	7.826551e-08	9.750000e-01	3.632969e-11
14	6521.972906	2.191081e-08	8.150000e-01	2.108369e-26
14	395.627942	7.826550e-08	9.750000e-01	3.632969e-11
14	394.418805	4.818696e-08	9.600000e-01	3.354082e-11
14	392.864517	3.456198e-08	9.450000e-01	2.787627e-11
14	-1.000000	-1.000000e+00	-1.000000e+00	-1.000000e+00
14	396.301589	1.998992e-07	9.900000e-01	3.679791e-11
14	-1.000000	-1.000000e+00	-1.000000e+00	-1.000000e+00
14	396.147447	1.320177e-07	9.850000e-01	3.686913e-11
14	-1.000000	-1.000000e+00	-1.000000e+00	-1.000000e+00
