50	4787.744527	1.575530e-08	8.000000e-01	1.983776e-28
50	-1.000000	-1.000000e+00	-1.000000e+00	-1.000000e+00
50	1300.683886	1.562123e-08	8.650000e-01	1.461626e-26
50	86.842023	4.112792e-08	9.800000e-01	2.907556e-11
50	-1.000000	-1.000000e+00	-1.000000e+00	-1.000000e+00
50	257.608652	1.245957e-10	9.150000e-01	9.035776e-25
50	2562.175091	1.569882e-08	8.350000e-01	3.702435e-26
50	436.312406	1.544999e-08	9.000000e-01	8.937023e-27
50	-1.000000	-1.000000e+00	-1.000000e+00	-1.000000e+00
50	257.719825	9.940154e-11	9.000000e-01	1.906320e-24
