46	-1.000000	-1.000000e+00	-1.000000e+00	-1.000000e+00
46	-1.000000	-1.000000e+00	-1.000000e+00	-1.000000e+00
46	-1.000000	-1.000000e+00	-1.000000e+00	-1.000000e+00
46	-1.000000	-1.000000e+00	-1.000000e+00	-1.000000e+00
46	9849.899076	1.728233e-08	8.600000e-01	3.723592e-26
46	-1.000000	-1.000000e+00	-1.000000e+00	-1.000000e+00
46	-1.000000	-1.000000e+00	-1.000000e+00	-1.000000e+00
46	201.664377	1.823661e-08	9.600000e-01	1.013255e-13
46	-1.000000	-1.000000e+00	-1.000000e+00	-1.000000e+00
46	202.604334	2.086106e-08	9.650000e-01	6.794785e-12
