43	-1.000000	-1.000000e+00	-1.000000e+00	-1.000000e+00
43	-1.000000	-1.000000e+00	-1.000000e+00	-1.000000e+00
43	-1.000000	-1.000000e+00	-1.000000e+00	-1.000000e+00
43	-1.000000	-1.000000e+00	-1.000000e+00	-1.000000e+00
43	-1.000000	-1.000000e+00	-1.000000e+00	-1.000000e+00
43	1711.717251	6.403554e-11	8.800000e-01	3.846817e-13
43	-1.000000	-1.000000e+00	-1.000000e+00	-1.000000e+00
43	-1.000000	-1.000000e+00	-1.000000e+00	-1.000000e+00
43	-1.000000	-1.000000e+00	-1.000000e+00	-1.000000e+00
43	-1.000000	-1.000000e+00	-1.000000e+00	-1.000000e+00
