39	911.871174	2.287081e-10	9.300000e-01	4.353846e-25
39	3450.767421	1.493553e-08	8.850000e-01	7.525785e-27
39	271.110026	1.387846e-08	9.500000e-01	1.055631e-11
39	286.654846	7.077523e-08	9.900000e-01	4.048828e-11
39	-1.000000	-1.000000e+00	-1.000000e+00	-1.000000e+00
39	-1.000000	-1.000000e+00	-1.000000e+00	-1.000000e+00
39	-1.000000	-1.000000e+00	-1.000000e+00	-1.000000e+00
39	2889.347026	1.484736e-08	8.900000e-01	5.084855e-27
39	278.007398	1.985793e-08	9.650000e-01	2.809582e-11
39	916.946968	9.707240e-11	8.800000e-01	4.573539e-25
