41	895.675123	2.261087e-08	9.150000e-01	1.234223e-10
41	-1.000000	-1.000000e+00	-1.000000e+00	-1.000000e+00
41	896.636088	1.032588e-08	8.250000e-01	7.488453e-11
41	-1.000000	-1.000000e+00	-1.000000e+00	-1.000000e+00
41	-1.000000	-1.000000e+00	-1.000000e+00	-1.000000e+00
41	-1.000000	-1.000000e+00	-1.000000e+00	-1.000000e+00
41	895.675123	2.261087e-08	9.150000e-01	1.234223e-10
41	1031.649766	7.205423e-09	7.350000e-01	2.553908e-26
41	-1.000000	-1.000000e+00	-1.000000e+00	-1.000000e+00
41	-1.000000	-1.000000e+00	-1.000000e+00	-1.000000e+00
