51	-1.000000	-1.000000e+00	-1.000000e+00	-1.000000e+00
51	225.508168	1.622308e-10	9.650000e-01	2.268533e-25
51	1475.097788	1.789958e-08	9.000000e-01	1.166886e-26
51	-1.000000	-1.000000e+00	-1.000000e+00	-1.000000e+00
51	-1.000000	-1.000000e+00	-1.000000e+00	-1.000000e+00
51	-1.000000	-1.000000e+00	-1.000000e+00	-1.000000e+00
51	-1.000000	-1.000000e+00	-1.000000e+00	-1.000000e+00
51	-1.000000	-1.000000e+00	-1.000000e+00	-1.000000e+00
51	7762.155629	1.778728e-08	8.250000e-01	3.026216e-26
51	-1.000000	-1.000000e+00	-1.000000e+00	-1.000000e+00
