3	-1.000000	-1.000000e+00	-1.000000e+00	-1.000000e+00
3	-1.000000	-1.000000e+00	-1.000000e+00	-1.000000e+00
3	-1.000000	-1.000000e+00	-1.000000e+00	-1.000000e+00
3	-1.000000	-1.000000e+00	-1.000000e+00	-1.000000e+00
3	-1.000000	-1.000000e+00	-1.000000e+00	-1.000000e+00
3	-1.000000	-1.000000e+00	-1.000000e+00	-1.000000e+00
3	202.383518	1.458859e-07	9.950000e-01	3.120560e-11
3	-1.000000	-1.000000e+00	-1.000000e+00	-1.000000e+00
3	202.383518	1.458859e-07	9.950000e-01	3.120560e-11
3	-1.000000	-1.000000e+00	-1.000000e+00	-1.000000e+00
