35	372.706474	1.969463e-08	9.700000e-01	1.546274e-11
35	-1.000000	-1.000000e+00	-1.000000e+00	-1.000000e+00
35	-1.000000	-1.000000e+00	-1.000000e+00	-1.000000e+00
35	-1.000000	-1.000000e+00	-1.000000e+00	-1.000000e+00
35	-1.000000	-1.000000e+00	-1.000000e+00	-1.000000e+00
35	-1.000000	-1.000000e+00	-1.000000e+00	-1.000000e+00
35	374.696188	2.367802e-08	9.750000e-01	1.986383e-11
35	-1.000000	-1.000000e+00	-1.000000e+00	-1.000000e+00
35	-1.000000	-1.000000e+00	-1.000000e+00	-1.000000e+00
35	378.001195	3.972971e-08	9.850000e-01	2.571948e-11
