2	425.848269	2.240539e-08	9.650000e-01	3.319732e-11
2	1093.048021	1.245061e-08	9.100000e-01	7.000235e-27
2	-1.000000	-1.000000e+00	-1.000000e+00	-1.000000e+00
2	-1.000000	-1.000000e+00	-1.000000e+00	-1.000000e+00
2	-1.000000	-1.000000e+00	-1.000000e+00	-1.000000e+00
2	-1.000000	-1.000000e+00	-1.000000e+00	-1.000000e+00
2	-1.000000	-1.000000e+00	-1.000000e+00	-1.000000e+00
2	1093.048079	1.245061e-08	9.100000e-01	1.692868e-26
2	-1.000000	-1.000000e+00	-1.000000e+00	-1.000000e+00
2	-1.000000	-1.000000e+00	-1.000000e+00	-1.000000e+00
