54	-1.000000	-1.000000e+00	-1.000000e+00	-1.000000e+00
54	854.028318	4.216530e-08	9.250000e-01	3.174099e-27
54	-1.000000	-1.000000e+00	-1.000000e+00	-1.000000e+00
54	-1.000000	-1.000000e+00	-1.000000e+00	-1.000000e+00
54	-1.000000	-1.000000e+00	-1.000000e+00	-1.000000e+00
54	600.044235	4.355571e-08	9.350000e-01	2.217008e-27
54	7404.209244	3.944482e-08	8.650000e-01	3.076696e-26
54	-1.000000	-1.000000e+00	-1.000000e+00	-1.000000e+00
54	538.969336	5.811807e-08	9.550000e-01	6.452859e-12
54	-1.000000	-1.000000e+00	-1.000000e+00	-1.000000e+00
