32	-1.000000	-1.000000e+00	-1.000000e+00	-1.000000e+00
32	-1.000000	-1.000000e+00	-1.000000e+00	-1.000000e+00
32	-1.000000	-1.000000e+00	-1.000000e+00	-1.000000e+00
32	271.617942	1.732607e-08	9.700000e-01	4.584564e-12
32	1481.617705	1.678217e-08	9.350000e-01	1.143931e-27
32	-1.000000	-1.000000e+00	-1.000000e+00	-1.000000e+00
32	-1.000000	-1.000000e+00	-1.000000e+00	-1.000000e+00
32	-1.000000	-1.000000e+00	-1.000000e+00	-1.000000e+00
32	822.639127	1.661966e-08	9.450000e-01	6.331640e-27
32	5203.685266	1.702291e-08	9.050000e-01	7.406169e-27
