29	-1.000000	-1.000000e+00	-1.000000e+00	-1.000000e+00
29	-1.000000	-1.000000e+00	-1.000000e+00	-1.000000e+00
29	-1.000000	-1.000000e+00	-1.000000e+00	-1.000000e+00
29	-1.000000	-1.000000e+00	-1.000000e+00	-1.000000e+00
29	815.601406	1.989655e-11	9.200000e-01	1.989637e-11
29	-1.000000	-1.000000e+00	-1.000000e+00	-1.000000e+00
29	-1.000000	-1.000000e+00	-1.000000e+00	-1.000000e+00
29	-1.000000	-1.000000e+00	-1.000000e+00	-1.000000e+00
29	-1.000000	-1.000000e+00	-1.000000e+00	-1.000000e+00
29	-1.000000	-1.000000e+00	-1.000000e+00	-1.000000e+00
