9	-1.000000	-1.000000e+00	-1.000000e+00	-1.000000e+00
9	584.533162	8.846304e-08	9.900000e-01	3.619316e-11
9	-1.000000	-1.000000e+00	-1.000000e+00	-1.000000e+00
9	-1.000000	-1.000000e+00	-1.000000e+00	-1.000000e+00
9	-1.000000	-1.000000e+00	-1.000000e+00	-1.000000e+00
9	2016.325152	5.733768e-11	8.450000e-01	1.119019e-23
9	-1.000000	-1.000000e+00	-1.000000e+00	-1.000000e+00
9	-1.000000	-1.000000e+00	-1.000000e+00	-1.000000e+00
9	-1.000000	-1.000000e+00	-1.000000e+00	-1.000000e+00
9	2995.266448	1.705214e-08	9.050000e-01	5.055412e-27
