49	532.089964	1.371529e-08	8.550000e-01	4.760941e-26
49	280.406512	3.380518e-10	9.300000e-01	4.023470e-25
49	64.257263	1.391256e-08	9.150000e-01	5.266543e-27
49	-1.000000	-1.000000e+00	-1.000000e+00	-1.000000e+00
49	-1.000000	-1.000000e+00	-1.000000e+00	-1.000000e+00
49	-1.000000	-1.000000e+00	-1.000000e+00	-1.000000e+00
49	-1.000000	-1.000000e+00	-1.000000e+00	-1.000000e+00
49	1837.126944	1.366434e-08	8.000000e-01	2.422773e-27
49	282.903402	1.375014e-08	8.750000e-01	2.646030e-26
49	68.899738	1.131604e-07	9.900000e-01	3.665249e-11
