18	110.872094	2.085050e-08	9.050000e-01	6.509177e-12
18	6386.194923	1.965720e-08	7.550000e-01	1.000000e-08
18	130.670471	1.965228e-08	8.900000e-01	5.544864e-26
18	190.981070	1.960819e-08	8.800000e-01	1.156624e-26
18	110.701944	2.347045e-08	9.150000e-01	1.718385e-11
18	4128.242056	1.945401e-08	7.750000e-01	8.066490e-26
18	539.032430	1.953970e-08	8.550000e-01	1.160359e-26
18	112.717292	1.059542e-07	9.800000e-01	4.391308e-11
18	2524.014614	1.947080e-08	8.000000e-01	2.529394e-26
18	1047.024877	1.950685e-08	8.350000e-01	2.296085e-26
