16	1199.548346	8.985895e-10	9.750000e-01	3.622459e-25
16	-1.000000	-1.000000e+00	-1.000000e+00	-1.000000e+00
16	310.932480	7.698891e-08	9.900000e-01	3.656669e-11
16	-1.000000	-1.000000e+00	-1.000000e+00	-1.000000e+00
16	4263.526902	1.807055e-08	9.000000e-01	1.482848e-26
16	-1.000000	-1.000000e+00	-1.000000e+00	-1.000000e+00
16	-1.000000	-1.000000e+00	-1.000000e+00	-1.000000e+00
16	-1.000000	-1.000000e+00	-1.000000e+00	-1.000000e+00
16	-1.000000	-1.000000e+00	-1.000000e+00	-1.000000e+00
16	-1.000000	-1.000000e+00	-1.000000e+00	-1.000000e+00
