28	-1.000000	-1.000000e+00	-1.000000e+00	-1.000000e+00
28	352.233341	1.938978e-08	9.550000e-01	8.173513e-27
28	-1.000000	-1.000000e+00	-1.000000e+00	-1.000000e+00
28	-1.000000	-1.000000e+00	-1.000000e+00	-1.000000e+00
28	-1.000000	-1.000000e+00	-1.000000e+00	-1.000000e+00
28	-1.000000	-1.000000e+00	-1.000000e+00	-1.000000e+00
28	-1.000000	-1.000000e+00	-1.000000e+00	-1.000000e+00
28	-1.000000	-1.000000e+00	-1.000000e+00	-1.000000e+00
28	-1.000000	-1.000000e+00	-1.000000e+00	-1.000000e+00
28	-1.000000	-1.000000e+00	-1.000000e+00	-1.000000e+00
