53	-1.000000	-1.000000e+00	-1.000000e+00	-1.000000e+00
53	370.400769	3.305450e-08	9.300000e-01	1.099655e-26
53	-1.000000	-1.000000e+00	-1.000000e+00	-1.000000e+00
53	-1.000000	-1.000000e+00	-1.000000e+00	-1.000000e+00
53	-1.000000	-1.000000e+00	-1.000000e+00	-1.000000e+00
53	-1.000000	-1.000000e+00	-1.000000e+00	-1.000000e+00
53	1010.333528	3.051820e-08	9.000000e-01	1.301960e-26
53	-1.000000	-1.000000e+00	-1.000000e+00	-1.000000e+00
53	616.968733	7.592692e-12	9.550000e-01	7.592666e-12
53	191.177864	8.981613e-08	9.800000e-01	6.003187e-12
