40	1192.177096	9.835182e-09	8.750000e-01	3.138070e-11
40	-1.000000	-1.000000e+00	-1.000000e+00	-1.000000e+00
40	-1.000000	-1.000000e+00	-1.000000e+00	-1.000000e+00
40	-1.000000	-1.000000e+00	-1.000000e+00	-1.000000e+00
40	-1.000000	-1.000000e+00	-1.000000e+00	-1.000000e+00
40	9832.225428	8.884810e-09	7.450000e-01	4.952954e-26
40	1235.658108	2.687438e-07	9.950001e-01	9.448886e-11
40	-1.000000	-1.000000e+00	-1.000000e+00	-1.000000e+00
40	3834.142761	8.782232e-09	7.900000e-01	4.123595e-27
40	-1.000000	-1.000000e+00	-1.000000e+00	-1.000000e+00
