48	-1.000000	-1.000000e+00	-1.000000e+00	-1.000000e+00
48	-1.000000	-1.000000e+00	-1.000000e+00	-1.000000e+00
48	-1.000000	-1.000000e+00	-1.000000e+00	-1.000000e+00
48	353.948095	2.511396e-07	9.950000e-01	3.498258e-11
48	7549.802987	1.753300e-08	8.450000e-01	5.161632e-27
48	-1.000000	-1.000000e+00	-1.000000e+00	-1.000000e+00
48	353.154020	4.044505e-08	9.700000e-01	3.143698e-11
48	7549.802981	1.753301e-08	8.450000e-01	4.397915e-26
48	1806.672471	1.120286e-10	9.000000e-01	7.696679e-24
48	-1.000000	-1.000000e+00	-1.000000e+00	-1.000000e+00
