31	-1.000000	-1.000000e+00	-1.000000e+00	-1.000000e+00
31	-1.000000	-1.000000e+00	-1.000000e+00	-1.000000e+00
31	-1.000000	-1.000000e+00	-1.000000e+00	-1.000000e+00
31	3791.446292	1.798760e-08	9.000000e-01	1.197207e-27
31	-1.000000	-1.000000e+00	-1.000000e+00	-1.000000e+00
31	-1.000000	-1.000000e+00	-1.000000e+00	-1.000000e+00
31	-1.000000	-1.000000e+00	-1.000000e+00	-1.000000e+00
31	-1.000000	-1.000000e+00	-1.000000e+00	-1.000000e+00
31	-1.000000	-1.000000e+00	-1.000000e+00	-1.000000e+00
31	-1.000000	-1.000000e+00	-1.000000e+00	-1.000000e+00
