30	-1.000000	-1.000000e+00	-1.000000e+00	-1.000000e+00
30	-1.000000	-1.000000e+00	-1.000000e+00	-1.000000e+00
30	1337.753943	8.309619e-11	9.200000e-01	9.812409e-26
30	281.025607	1.987601e-08	9.500000e-01	4.784884e-14
30	-1.000000	-1.000000e+00	-1.000000e+00	-1.000000e+00
30	-1.000000	-1.000000e+00	-1.000000e+00	-1.000000e+00
30	-1.000000	-1.000000e+00	-1.000000e+00	-1.000000e+00
30	2303.755153	1.927623e-08	9.050000e-01	1.224076e-26
30	1326.399723	8.963118e-10	9.800000e-01	2.111731e-25
30	-1.000000	-1.000000e+00	-1.000000e+00	-1.000000e+00
