0	0.018312	0.044520	0.004090	1000.000000	60000.000000	0.000000	287.000000
1	1.522350	3.420470	0.857420	1000.000000	60000.000000	14000.000000	286.000000
2	1.522349	3.255260	0.425800	1000.000000	60000.000000	18000.000000	286.000000
3	1.522348	4.707300	1.541990	1000.000000	60000.000000	23000.000000	286.000000
4	0.096774	0.054640	0.015360	500.000000	60000.000000	0.000000	300.149994
5	2.263374	1.656290	0.166340	500.000000	50000.000000	17000.000000	279.649994
6	2.263374	2.784420	0.039550	500.000000	50000.000000	17000.000000	284.649994
7	2.263360	1.130150	0.443980	500.000000	60000.000000	10000.000000	300.149994
8	0.060397	0.041270	0.002600	600.000000	50000.000000	0.000000	270.950012
9	0.060397	0.053400	0.005180	600.000000	50000.000000	0.000000	282.399994
10	0.060397	0.054330	0.002760	600.000000	50000.000000	0.000000	291.750000
11	2.121386	1.084230	0.171400	600.000000	33000.000000	10000.000000	300.149994
12	2.121380	1.029340	0.146140	600.000000	39000.000000	10000.000000	300.149994
13	2.121367	0.826840	0.083920	600.000000	50000.000000	10000.000000	300.149994
14	2.121359	0.912900	0.125500	600.000000	56000.000000	10000.000000	300.149994
15	0.060397	0.037140	0.004070	600.000000	60000.000000	0.000000	300.000000
16	0.060397	0.055050	0.004260	600.000000	50000.000000	0.000000	300.700012
17	0.060397	0.055570	0.001090	600.000000	50000.000000	0.000000	307.549988
18	2.121367	6.809060	0.641900	600.000000	50000.000000	8000.000000	268.000000
19	2.121367	6.552110	0.842150	600.000000	50000.000000	8000.000000	270.450012
20	2.121367	5.269210	0.190780	600.000000	50000.000000	8000.000000	280.600006
21	2.121367	4.539020	0.362220	600.000000	50000.000000	8000.000000	284.700012
22	2.121367	4.054350	0.234390	600.000000	50000.000000	8000.000000	290.149994
23	2.121367	3.674090	0.301050	600.000000	50000.000000	8000.000000	294.299988
24	2.121366	0.971944	0.140000	600.000000	50000.000000	15000.000000	300.149994
25	2.121351	1.258570	0.303420	600.000000	60000.000000	17000.000000	300.000000
26	2.121367	2.898770	0.140350	600.000000	50000.000000	8000.000000	301.000000
27	2.121367	2.677070	0.136900	600.000000	50000.000000	8000.000000	305.700012
28	0.039283	0.044410	0.001900	700.000000	50000.000000	0.000000	277.950012
29	0.039283	0.043830	0.007370	700.000000	50000.000000	0.000000	298.950012
30	1.982877	1.029160	0.248290	700.000000	50000.000000	10170.000000	309.049988
31	1.982877	3.359460	0.240040	700.000000	50000.000000	10100.000000	278.250000
32	1.982877	2.185950	0.148950	700.000000	50000.000000	10180.000000	290.350006
33	1.982877	1.660050	0.133450	700.000000	50000.000000	10130.000000	294.350006
34	1.982877	1.856160	0.173680	700.000000	50000.000000	10250.000000	298.950012
35	0.027171	0.042210	0.005990	800.000000	60000.000000	0.000000	282.000000
36	1.839470	2.894650	0.623900	800.000000	60000.000000	15000.000000	293.000000
37	0.023402	0.028690	0.010600	850.000000	50000.000000	0.000000	277.799988
38	0.023402	0.038360	0.005270	850.000000	50000.000000	0.000000	289.100006
39	0.023402	0.067520	0.016230	850.000000	50000.000000	0.000000	298.299988
40	0.023402	0.045020	0.004440	850.000000	60000.000000	0.000000	300.149994
41	1.764471	1.258570	0.303420	850.000000	60000.000000	17000.000000	300.149994
42	0.020791	0.040610	0.004290	900.000000	17000.000000	0.000000	290.000000
43	0.085641	0.175590	0.014670	1000.000000	60000.000000	0.000000	286.000000
44	8.019398	8.680240	1.314750	1000.000000	60000.000000	10000.000000	286.000000
45	8.019392	9.222460	2.510190	1000.000000	60000.000000	18000.000000	286.000000
46	8.019372	8.595210	0.886920	1000.000000	60000.000000	33000.000000	286.000000
47	0.054739	0.132090	0.019230	600.000000	50000.000000	0.000000	273.200012
48	0.054739	0.141510	0.013430	600.000000	50000.000000	0.000000	278.899994
49	0.054739	0.184150	0.016420	600.000000	50000.000000	0.000000	282.850006
50	0.054739	0.181950	0.048990	600.000000	50000.000000	0.000000	288.049988
51	0.054739	0.113680	0.017700	600.000000	50000.000000	0.000000	293.000000
52	0.054739	0.138300	0.012100	600.000000	50000.000000	0.000000	297.450012
53	0.054739	0.244120	0.030590	600.000000	60000.000000	0.000000	300.000000
54	0.054739	0.115190	0.012380	600.000000	50000.000000	0.000000	302.299988
55	0.054739	0.117460	0.038160	600.000000	50000.000000	0.000000	307.799988
56	3.215305	15.130650	1.262330	600.000000	50000.000000	8000.000000	273.149994
57	3.215305	12.597480	0.803840	600.000000	50000.000000	8000.000000	278.399994
58	3.215305	8.756130	1.722550	600.000000	50000.000000	8000.000000	283.549988
59	3.215305	12.612620	1.674910	600.000000	50000.000000	8000.000000	290.299988
60	3.215305	12.375700	2.073150	600.000000	50000.000000	8000.000000	292.950012
61	3.215305	10.947340	0.314980	600.000000	50000.000000	8000.000000	297.500000
62	3.215279	6.342390	0.652470	600.000000	60000.000000	17000.000000	300.149994
63	3.215279	6.342390	0.652470	600.000000	60000.000000	17000.000000	300.000000
64	3.215305	8.974180	0.507140	600.000000	50000.000000	8000.000000	302.500000
65	3.215305	7.951270	0.570860	600.000000	50000.000000	8000.000000	307.799988
66	0.059570	0.055000	0.011220	700.000000	50000.000000	0.000000	277.950012
67	0.059570	0.484340	0.141230	700.000000	50000.000000	0.000000	289.000000
68	0.059570	0.055000	0.011220	700.000000	50000.000000	0.000000	299.549988
69	0.059570	0.132880	0.025630	700.000000	50000.000000	0.000000	306.000000
70	4.189985	9.823360	2.039640	700.000000	50000.000000	10690.000000	279.549988
71	4.189986	18.111830	1.874350	700.000000	50000.000000	10000.000000	288.000000
72	4.189985	1.918110	0.317430	700.000000	50000.000000	10960.000000	292.950012
73	4.189986	7.585190	1.055410	700.000000	50000.000000	10000.000000	296.000000
74	4.189985	4.041300	1.391740	700.000000	50000.000000	11150.000000	298.850006
75	4.189986	3.694610	0.625010	700.000000	50000.000000	10000.000000	305.000000
76	0.066573	0.176520	0.027270	800.000000	60000.000000	0.000000	293.000000
77	0.070751	0.050390	0.013150	850.000000	50000.000000	0.000000	278.149994
78	0.070751	0.065530	0.016760	850.000000	50000.000000	0.000000	289.750000
79	0.070751	0.201390	0.012680	850.000000	60000.000000	0.000000	300.149994
80	5.935201	9.274780	1.440450	850.000000	50000.000000	10390.000000	277.799988
81	5.935158	5.956170	0.965010	850.000000	60000.000000	10130.000000	286.049988
82	5.935201	5.508040	1.235910	850.000000	50000.000000	10235.000000	289.600006
83	5.935201	4.383300	1.488410	850.000000	50000.000000	9890.000000	298.299988
84	5.935154	6.295880	0.744950	850.000000	60000.000000	17000.000000	300.149994
