0	0.048752	0.035130	0.003190	1000.000000	60000.000000	0.000000	287.000000
1	1.071346	1.849330	0.189880	1000.000000	60000.000000	14000.000000	286.000000
2	1.071345	1.354420	0.278930	1000.000000	60000.000000	18000.000000	286.000000
3	1.071344	2.546680	0.681690	1000.000000	60000.000000	23000.000000	286.000000
4	0.097910	0.082840	0.007900	500.000000	60000.000000	0.000000	300.149994
5	1.919596	1.777210	0.169590	500.000000	50000.000000	17000.000000	279.649994
6	1.919596	2.436960	0.130100	500.000000	50000.000000	17000.000000	284.649994
8	0.062745	0.076860	0.010390	600.000000	50000.000000	0.000000	270.950012
9	0.062745	0.057300	0.005430	600.000000	50000.000000	0.000000	282.399994
10	0.062745	0.053740	0.007680	600.000000	50000.000000	0.000000	291.750000
11	1.781090	2.913070	0.599520	600.000000	33000.000000	10000.000000	300.149994
12	1.781078	2.738840	0.215620	600.000000	39000.000000	10000.000000	300.149994
13	1.781051	1.740400	0.144290	600.000000	50000.000000	10000.000000	300.149994
14	1.781034	1.223980	0.097820	600.000000	56000.000000	10000.000000	300.149994
15	0.062745	0.026400	0.006420	600.000000	60000.000000	0.000000	300.000000
16	0.062745	0.058680	0.003060	600.000000	50000.000000	0.000000	300.700012
17	0.062745	0.063330	0.002410	600.000000	50000.000000	0.000000	307.549988
18	1.781052	19.547710	4.603900	600.000000	50000.000000	8000.000000	268.000000
19	1.781052	9.037910	1.337080	600.000000	50000.000000	8000.000000	270.450012
20	1.781052	3.473340	0.366040	600.000000	50000.000000	8000.000000	280.600006
21	1.781052	3.314970	0.518580	600.000000	50000.000000	8000.000000	284.700012
22	1.781052	2.783150	0.238480	600.000000	50000.000000	8000.000000	290.149994
23	1.781052	2.761560	0.365410	600.000000	50000.000000	8000.000000	294.299988
24	1.781050	1.685880	0.140000	600.000000	50000.000000	15000.000000	300.149994
25	1.781018	1.234890	0.382940	600.000000	60000.000000	17000.000000	300.000000
26	1.781052	2.594390	0.221380	600.000000	50000.000000	8000.000000	301.000000
27	1.781052	3.228950	0.403420	600.000000	50000.000000	8000.000000	305.700012
28	0.046176	0.044000	0.002610	700.000000	50000.000000	0.000000	277.950012
29	0.046176	0.052580	0.008330	700.000000	50000.000000	0.000000	298.950012
30	1.629956	1.196050	0.148730	700.000000	50000.000000	10170.000000	309.049988
31	1.629956	1.826560	0.150680	700.000000	50000.000000	10100.000000	278.250000
32	1.629956	1.513690	0.178000	700.000000	50000.000000	10180.000000	290.350006
33	1.629956	1.367860	0.084800	700.000000	50000.000000	10130.000000	294.350006
34	1.629956	1.587120	0.172760	700.000000	50000.000000	10250.000000	298.950012
35	0.040558	0.047570	0.007020	800.000000	60000.000000	0.000000	282.000000
36	1.462416	1.378240	1.022470	800.000000	60000.000000	15000.000000	293.000000
37	0.040589	0.044750	0.024000	850.000000	50000.000000	0.000000	277.799988
38	0.040589	0.042580	0.006150	850.000000	50000.000000	0.000000	289.100006
39	0.040589	0.069660	0.010200	850.000000	50000.000000	0.000000	298.299988
40	0.040589	0.051480	0.005370	850.000000	60000.000000	0.000000	300.149994
41	1.371862	1.234890	0.382940	850.000000	60000.000000	17000.000000	300.149994
42	0.042099	0.043050	0.003010	900.000000	17000.000000	0.000000	290.000000
43	0.190081	0.407710	0.079410	1000.000000	60000.000000	0.000000	286.000000
44	5.166823	6.467510	0.527100	1000.000000	60000.000000	10000.000000	286.000000
45	5.166814	8.734960	1.242670	1000.000000	60000.000000	18000.000000	286.000000
46	5.166783	5.462590	0.932120	1000.000000	60000.000000	33000.000000	286.000000
47	0.085913	0.258690	0.033840	600.000000	50000.000000	0.000000	273.200012
48	0.085913	0.241370	0.025270	600.000000	50000.000000	0.000000	278.899994
49	0.085913	0.262670	0.030780	600.000000	50000.000000	0.000000	282.850006
50	0.085913	0.185520	0.051050	600.000000	50000.000000	0.000000	288.049988
51	0.085913	0.271130	0.053260	600.000000	50000.000000	0.000000	293.000000
52	0.085913	0.230940	0.032680	600.000000	50000.000000	0.000000	297.450012
53	0.085913	0.297710	0.066440	600.000000	60000.000000	0.000000	300.000000
54	0.085913	0.225870	0.046210	600.000000	50000.000000	0.000000	302.299988
55	0.085913	0.253410	0.092020	600.000000	50000.000000	0.000000	307.799988
56	2.265603	9.496210	0.721640	600.000000	50000.000000	8000.000000	273.149994
57	2.265603	7.540690	0.723120	600.000000	50000.000000	8000.000000	278.399994
58	2.265603	8.148720	1.280570	600.000000	50000.000000	8000.000000	283.549988
59	2.265603	4.163780	0.718670	600.000000	50000.000000	8000.000000	290.299988
60	2.265603	4.675380	0.954150	600.000000	50000.000000	8000.000000	292.950012
61	2.265603	5.828300	0.816540	600.000000	50000.000000	8000.000000	297.500000
62	2.265560	3.816240	0.685530	600.000000	60000.000000	17000.000000	300.149994
63	2.265560	3.816240	0.685530	600.000000	60000.000000	17000.000000	300.000000
64	2.265603	5.424790	0.757110	600.000000	50000.000000	8000.000000	302.500000
65	2.265603	5.840430	0.602070	600.000000	50000.000000	8000.000000	307.799988
66	0.106318	0.111420	0.034420	700.000000	50000.000000	0.000000	277.950012
67	0.106318	0.230070	0.022700	700.000000	50000.000000	0.000000	289.000000
68	0.106318	0.111420	0.034420	700.000000	50000.000000	0.000000	299.549988
69	0.106318	0.215380	0.039510	700.000000	50000.000000	0.000000	306.000000
70	2.854296	3.897260	0.850300	700.000000	50000.000000	10690.000000	279.549988
71	2.854296	4.360800	0.703950	700.000000	50000.000000	10000.000000	288.000000
72	2.854296	1.570450	0.435690	700.000000	50000.000000	10960.000000	292.950012
73	2.854296	4.220030	0.507950	700.000000	50000.000000	10000.000000	296.000000
74	2.854296	2.962550	0.561960	700.000000	50000.000000	11150.000000	298.850006
75	2.854296	3.763140	0.495400	700.000000	50000.000000	10000.000000	305.000000
76	0.130619	0.469710	0.054040	800.000000	60000.000000	0.000000	293.000000
77	0.144153	0.114550	0.015650	850.000000	50000.000000	0.000000	278.149994
78	0.144153	0.095100	0.027100	850.000000	50000.000000	0.000000	289.750000
79	0.144153	0.331180	0.037110	850.000000	60000.000000	0.000000	300.149994
80	3.908276	6.343820	0.905540	850.000000	50000.000000	10390.000000	277.799988
81	3.908210	3.645540	0.401640	850.000000	60000.000000	10130.000000	286.049988
82	3.908276	1.965320	0.392190	850.000000	50000.000000	10235.000000	289.600006
83	3.908277	5.343140	2.370600	850.000000	50000.000000	9890.000000	298.299988
84	3.908204	3.965220	0.421030	850.000000	60000.000000	17000.000000	300.149994
