0	0.011806	0.017460	0.003280	1000.000000	60000.000000	0.000000	287.000000
1	1.362618	1.747930	0.234840	1000.000000	60000.000000	14000.000000	286.000000
2	1.362618	1.511510	0.194340	1000.000000	60000.000000	18000.000000	286.000000
3	1.362617	2.077120	0.669020	1000.000000	60000.000000	23000.000000	286.000000
4	0.060157	0.020960	0.004450	500.000000	60000.000000	0.000000	300.149994
5	1.000199	0.823240	0.094470	500.000000	50000.000000	17000.000000	279.649994
6	1.000199	1.081650	0.035160	500.000000	50000.000000	17000.000000	284.649994
7	1.000193	0.534900	0.157770	500.000000	60000.000000	10000.000000	300.149994
8	0.029174	0.027320	0.002090	600.000000	50000.000000	0.000000	270.950012
9	0.029174	0.025710	0.002260	600.000000	50000.000000	0.000000	282.399994
10	0.029174	0.026970	0.002070	600.000000	50000.000000	0.000000	291.750000
15	0.029174	0.006890	0.003970	600.000000	60000.000000	0.000000	300.000000
16	0.029174	0.025320	0.002470	600.000000	50000.000000	0.000000	300.700012
17	0.029174	0.027570	0.001820	600.000000	50000.000000	0.000000	307.549988
18	1.041753	2.614400	0.136800	600.000000	50000.000000	8000.000000	268.000000
19	1.041753	2.473910	0.129990	600.000000	50000.000000	8000.000000	270.450012
20	1.041753	1.948980	0.104860	600.000000	50000.000000	8000.000000	280.600006
21	1.041753	1.793930	0.130090	600.000000	50000.000000	8000.000000	284.700012
22	1.041753	1.591130	0.065050	600.000000	50000.000000	8000.000000	290.149994
23	1.041753	1.562520	0.163620	600.000000	50000.000000	8000.000000	294.299988
25	1.041745	0.826220	0.167340	600.000000	60000.000000	17000.000000	300.000000
26	1.041753	1.102130	0.043110	600.000000	50000.000000	8000.000000	301.000000
27	1.041753	1.219380	0.099130	600.000000	50000.000000	8000.000000	305.700012
28	0.013557	0.020340	0.001770	700.000000	50000.000000	0.000000	277.950012
29	0.013557	0.030140	0.004790	700.000000	50000.000000	0.000000	298.950012
30	1.101070	0.353540	0.098510	700.000000	50000.000000	10170.000000	309.049988
31	1.101070	1.030540	0.121630	700.000000	50000.000000	10100.000000	278.250000
32	1.101070	0.496820	0.086140	700.000000	50000.000000	10180.000000	290.350006
33	1.101070	0.484590	0.059810	700.000000	50000.000000	10130.000000	294.350006
34	1.101070	0.539170	0.077730	700.000000	50000.000000	10250.000000	298.950012
35	0.007318	0.009250	0.009450	800.000000	60000.000000	0.000000	282.000000
36	1.175220	0.253160	1.174310	800.000000	60000.000000	15000.000000	293.000000
37	0.006671	0.018650	0.003000	850.000000	50000.000000	0.000000	277.799988
38	0.006671	0.011360	0.003910	850.000000	50000.000000	0.000000	289.100006
39	0.006671	0.016170	0.004980	850.000000	50000.000000	0.000000	298.299988
40	0.006671	0.014140	0.010220	850.000000	60000.000000	0.000000	300.149994
41	1.217354	1.138660	0.361840	850.000000	60000.000000	17000.000000	300.149994
43	0.136618	0.096140	0.033370	1000.000000	60000.000000	0.000000	286.000000
44	2.599474	6.607440	0.298540	1000.000000	60000.000000	10000.000000	286.000000
45	2.599473	5.914730	0.712610	1000.000000	60000.000000	18000.000000	286.000000
46	2.599467	3.939730	0.659010	1000.000000	60000.000000	33000.000000	286.000000
47	0.058598	0.093060	0.016820	600.000000	50000.000000	0.000000	273.200012
48	0.058598	0.101240	0.014480	600.000000	50000.000000	0.000000	278.899994
49	0.058598	0.084040	0.020610	600.000000	50000.000000	0.000000	282.850006
50	0.058598	0.124550	0.029220	600.000000	50000.000000	0.000000	288.049988
51	0.058598	0.100280	0.016890	600.000000	50000.000000	0.000000	293.000000
52	0.058598	0.089410	0.008940	600.000000	50000.000000	0.000000	297.450012
53	0.058598	0.054550	0.013950	600.000000	60000.000000	0.000000	300.000000
54	0.058598	0.078400	0.025770	600.000000	50000.000000	0.000000	302.299988
55	0.058598	0.050480	0.021220	600.000000	50000.000000	0.000000	307.799988
56	1.190027	4.323410	0.389760	600.000000	50000.000000	8000.000000	273.149994
57	1.190027	4.404240	0.476750	600.000000	50000.000000	8000.000000	278.399994
58	1.190027	3.160510	0.769600	600.000000	50000.000000	8000.000000	283.549988
59	1.190027	2.961660	0.587630	600.000000	50000.000000	8000.000000	290.299988
60	1.190027	2.948740	0.708380	600.000000	50000.000000	8000.000000	292.950012
61	1.190027	3.247760	0.448240	600.000000	50000.000000	8000.000000	297.500000
63	1.190019	2.612270	0.632520	600.000000	60000.000000	17000.000000	300.000000
64	1.190027	3.335840	0.532020	600.000000	50000.000000	8000.000000	302.500000
65	1.190027	2.854840	0.223750	600.000000	50000.000000	8000.000000	307.799988
66	0.073259	0.058700	0.013320	700.000000	50000.000000	0.000000	277.950012
67	0.073259	0.113940	0.035370	700.000000	50000.000000	0.000000	289.000000
68	0.073259	0.058700	0.013320	700.000000	50000.000000	0.000000	299.549988
69	0.073259	0.057110	0.015860	700.000000	50000.000000	0.000000	306.000000
70	1.475390	3.100360	0.603190	700.000000	50000.000000	10690.000000	279.549988
71	1.475390	1.066860	0.251030	700.000000	50000.000000	10000.000000	288.000000
72	1.475390	1.236310	0.298470	700.000000	50000.000000	10960.000000	292.950012
73	1.475390	2.469700	0.437380	700.000000	50000.000000	10000.000000	296.000000
74	1.475390	2.196250	0.389010	700.000000	50000.000000	11150.000000	298.850006
75	1.475390	1.717410	0.529880	700.000000	50000.000000	10000.000000	305.000000
76	0.091353	0.195610	0.032020	800.000000	60000.000000	0.000000	293.000000
77	0.101572	0.058910	0.007640	850.000000	50000.000000	0.000000	278.149994
78	0.101572	0.052220	0.008650	850.000000	50000.000000	0.000000	289.750000
80	1.987392	2.345270	0.720330	850.000000	50000.000000	10390.000000	277.799988
81	1.987379	2.627000	0.276920	850.000000	60000.000000	10130.000000	286.049988
82	1.987392	2.336680	0.607970	850.000000	50000.000000	10235.000000	289.600006
83	1.987392	2.691130	0.633850	850.000000	50000.000000	9890.000000	298.299988
