1, -1.000000e+00, 0.016569, -1.000000e+00, 0.016569
2, -1.000000e+00, 0.016569, -1.000000e+00, 0.016569
3, 1.041424e+01, 0.844376, 2.621764e-02, 0.377385
4, 1.231466e+01, 0.832351, 2.437731e-02, 0.806026
5, 9.714979e+00, 0.907358, 3.814607e-02, 0.885993
6, 8.932764e+00, 0.848614, 2.429744e-02, 0.335078
7, 9.723257e+00, 0.935185, 2.966234e-02, 0.811060
8, 1.033188e+01, 0.878347, 3.898705e-02, 0.859136
9, 1.067446e+01, 0.874682, 6.055758e-02, 0.978154
10, 9.467011e+00, 0.770221, 3.377531e-02, 0.451580
11, 1.349579e+01, 0.609394, 9.638849e-03, 0.196629
12, 1.244471e+01, 0.772793, 2.751615e-02, 0.555751
13, 1.076050e+01, 0.800583, 2.029313e-02, 0.405171
14, 9.259396e+00, 0.662185, 1.255714e-02, 0.225947
15, 7.815633e+00, 0.842605, 2.044030e-02, 0.334247
16, 9.822855e+00, 0.848695, 3.814515e-02, 0.606644
17, 1.503245e+01, 0.746259, 1.870666e-02, 0.430900
18, 1.245979e+01, 0.826276, 3.449901e-02, 1.000000
19, 1.007208e+01, 0.802226, 2.221824e-02, 0.759610
20, 1.474730e+01, 0.834415, 3.132409e-02, 0.753346
21, 1.574888e+01, 0.853049, 2.321489e-02, 0.781167
22, 1.128313e+01, 0.705148, 8.398178e-03, 0.500232
23, 1.020253e+01, 0.854211, 3.111999e-02, 0.894916
24, 1.463663e+01, 0.851764, 3.059872e-02, 0.995130
25, -1.000000e+00, 0.016569, -1.000000e+00, 0.016569
26, 1.080151e+01, 0.912587, 3.409141e-02, 0.999461
27, -1.000000e+00, 0.016569, -1.000000e+00, 0.016569
28, 1.088846e+01, 0.903447, 3.406309e-02, 0.829075
29, 1.073652e+01, 0.912493, 3.612653e-02, 0.942976
30, 1.043710e+01, 0.905156, 3.607710e-02, 0.951024
31, 9.090415e+00, 0.922131, 3.043753e-02, 0.837222
32, 1.023159e+01, 0.903600, 4.030853e-02, 0.882470
33, 1.029532e+01, 0.886344, 3.836452e-02, 0.741323
34, 9.736686e+00, 0.926664, 3.613118e-02, 0.870853
35, 1.117577e+01, 0.903146, 3.585205e-02, 0.917947
36, 1.178856e+01, 0.883210, 3.894357e-02, 0.915954
37, 1.446451e+01, 0.848506, 3.659944e-02, 0.831215
38, 1.152340e+01, 0.849396, 3.925632e-02, 0.924661
39, 1.381616e+01, 0.837568, 5.325977e-02, 0.996864
40, 1.236767e+01, 0.775301, 5.219351e-02, 0.899715
41, 8.185716e+00, 0.640279, 5.330887e-02, 0.782188
42, -1.000000e+00, 0.016569, -1.000000e+00, 0.016569
43, 9.782954e+00, 0.900246, 2.559160e-02, 0.879481
44, 1.020916e+01, 0.947959, 2.800590e-02, 0.998158
45, 1.009857e+01, 0.572983, 8.397857e-12, 0.197008
46, 9.495354e+00, 0.913776, 3.176400e-02, 0.840915
47, 1.191907e+01, 0.892595, 3.085570e-02, 0.889643
48, 1.240929e+01, 0.924866, 3.076796e-02, 0.799134
49, 1.037719e+01, 0.878792, 5.591526e-02, 0.977650
50, -1.000000e+00, 0.016569, -1.000000e+00, 0.016569
51, 1.226505e+01, 0.879344, 2.095272e-02, 0.756317
52, 7.836959e+00, 0.958841, 3.020115e-02, 0.983091
53, 8.908165e+00, 0.948733, 3.747145e-02, 0.968658
54, 9.692262e+00, 0.954908, 2.852111e-02, 0.999959
55, 9.466217e+00, 0.823623, 3.657855e-02, 0.499153
56, 1.448153e+01, 0.830995, 3.098871e-02, 0.797330
