6	2777.246477	6.263041e+00	3.662258e-02	3.521380e-01	1.633679e-01	7.464273e-03	1.109900e-10	4.140920e-01	2.444059e-01
6	2560.249053	7.706005e+00	2.285998e-02	2.526787e-01	2.355914e-01	2.512850e-06	2.029107e-01	5.227889e-01	3.441403e-01
6	3768.139953	7.877350e+00	3.969206e-02	3.391992e-01	9.939301e-02	1.128288e-01	2.413040e-01	3.450745e-04	3.107777e-09
6	2673.889263	6.628349e+00	2.223150e-02	2.944946e-01	2.048944e-01	8.931991e-03	1.854655e-02	3.302454e-01	5.227736e-01
6	2499.180905	9.269568e+00	2.214361e-02	2.540539e-01	2.252099e-01	7.420190e-04	1.969486e-05	4.035541e-01	4.181747e-01
6	2818.972390	7.593380e+00	2.043542e-02	3.310702e-01	1.679251e-01	2.701419e-02	5.610374e-02	2.532307e-01	5.235761e-01
6	3350.119752	4.173831e+00	2.989814e-02	3.764634e-01	1.252883e-01	5.073121e-05	3.053218e-02	1.853753e-01	5.236000e-01
6	3248.742221	3.288629e+00	5.009606e-02	4.547822e-01	7.472464e-02	1.771262e-02	1.075287e-01	4.930376e-01	7.435703e-04
6	2478.789509	8.932764e+00	2.429744e-02	2.481631e-01	2.319412e-01	1.475403e-03	3.314206e-05	4.744240e-01	3.825272e-01
6	3195.525667	6.558174e+00	3.142016e-02	4.364763e-01	8.056986e-03	3.563788e-02	1.914564e-01	8.106555e-06	2.652793e-01
6	2884.345203	5.224496e+00	3.856596e-02	4.044735e-01	9.569614e-02	1.334651e-07	1.544971e-01	3.145154e-07	2.750646e-01
6	2985.970432	9.548914e+00	3.948972e-02	2.863790e-01	1.946899e-01	4.320577e-05	1.866147e-04	3.087879e-01	6.649576e-04
6	2913.124385	3.670955e+00	4.677220e-02	5.052444e-01	3.068757e-08	1.487900e-03	5.114400e-03	1.903271e-02	4.330939e-04
6	2605.923261	8.573247e+00	3.100889e-02	2.741956e-01	2.104701e-01	9.284790e-04	2.059480e-01	5.235986e-01	2.826394e-03
6	3920.646932	3.707206e+00	2.376937e-02	3.532640e-01	1.286348e-01	1.519002e-01	1.467682e-01	5.235999e-01	5.235915e-01
6	2963.062620	5.321880e+00	2.317964e-02	3.375206e-01	1.732932e-01	4.939808e-02	9.693521e-02	3.654108e-01	5.108578e-01
6	2614.851436	1.081022e+01	1.915142e-02	2.561281e-01	2.152497e-01	4.390616e-03	9.355384e-07	2.440226e-01	4.569299e-01
6	2842.075840	4.332028e+00	4.126922e-02	4.631487e-01	3.124777e-02	1.366744e-08	2.101276e-01	2.693928e-02	1.046297e-01
6	2691.271556	9.445077e+00	1.879713e-02	2.778478e-01	2.012831e-01	4.019377e-03	4.755191e-02	1.061219e-01	5.233954e-01
6	2810.608352	6.065292e+00	3.454994e-02	3.401453e-01	1.683380e-01	1.420270e-02	2.367026e-01	5.216103e-01	1.597950e-03
6	2895.140409	2.928970e+00	5.154202e-02	4.725929e-01	1.198989e-02	7.230140e-04	2.031434e-01	3.343439e-02	1.244260e-02
6	2884.813797	3.551090e+00	4.662227e-02	4.937382e-01	3.274625e-10	2.018151e-05	1.372921e-02	1.853105e-01	1.268145e-01
6	2954.044925	5.164046e+00	3.615069e-02	4.550847e-01	1.498509e-09	3.718798e-02	2.534798e-01	2.830141e-02	4.965003e-11
6	2823.425225	8.701981e+00	2.064436e-02	2.887667e-01	1.861188e-01	9.213342e-04	8.400597e-02	2.824795e-07	5.235996e-01
6	4590.972730	1.269347e+00	1.134632e-01	2.938830e-01	2.966331e-08	8.717527e-02	3.357376e-01	1.940478e-02	8.444628e-03
6	3242.982318	1.442984e+00	7.467800e-02	4.538766e-01	9.010008e-04	1.093704e-02	1.870838e-01	3.335611e-03	4.385165e-09
6	2863.473820	9.612667e+00	4.147468e-02	2.905396e-01	1.935806e-01	5.633926e-05	3.798040e-05	3.079127e-01	3.156131e-05
6	2530.568709	1.047660e+01	2.700855e-02	2.477552e-01	2.236328e-01	5.455613e-03	6.096959e-06	4.324071e-01	2.682195e-01
6	2549.810757	9.704972e+00	1.825642e-02	2.378516e-01	2.359523e-01	5.466857e-06	4.011102e-02	3.679873e-01	5.071040e-01
6	3295.714875	4.367568e+00	2.505850e-02	4.050410e-01	1.042523e-01	1.003872e-08	1.005027e-01	2.852529e-01	5.236000e-01
6	2858.599611	3.896860e+00	4.435721e-02	4.789324e-01	1.041347e-03	2.211265e-03	1.724929e-01	2.301407e-01	2.014537e-02
6	3566.007745	5.069287e+00	2.175494e-02	3.406098e-01	1.570199e-01	2.321298e-02	1.757744e-01	8.933996e-03	5.236000e-01
6	2658.501183	6.077785e+00	2.304644e-02	2.978516e-01	2.100104e-01	3.906742e-02	2.951735e-05	4.345701e-01	5.235912e-01
6	2977.765124	5.931258e+00	2.517804e-02	3.548777e-01	1.445980e-01	2.281686e-02	1.293893e-02	2.023884e-06	5.234000e-01
6	3116.295828	4.417608e+00	2.211197e-02	3.262574e-01	1.922954e-01	8.008220e-02	1.731640e-01	5.026215e-01	5.235725e-01
6	3977.429086	3.627400e+00	3.130675e-02	3.594466e-01	1.217292e-01	7.793432e-11	1.498214e-01	1.412556e-01	5.236000e-01
6	3175.165106	5.104458e+00	1.811677e-02	2.293397e-01	2.541649e-01	9.232608e-02	2.552031e-01	5.091320e-01	5.059484e-01
6	2825.109762	9.453911e+00	2.747290e-02	3.070376e-01	1.726684e-01	1.764774e-06	2.615129e-01	3.027332e-01	2.052326e-12
6	2917.996319	3.400917e+00	4.798918e-02	5.020132e-01	8.633756e-03	6.089848e-03	1.511754e-09	1.974097e-01	4.188607e-03
6	3580.305527	8.615479e-01	8.469969e-02	3.993669e-01	8.134104e-03	9.768048e-06	2.325048e-01	2.924165e-06	4.060635e-02
6	2994.246286	4.055722e+00	2.653550e-02	3.555395e-01	1.807561e-01	6.648416e-06	6.073566e-02	5.235636e-01	5.235999e-01
6	3118.619459	3.117462e+00	4.931457e-02	4.361069e-01	3.540439e-02	4.531200e-02	2.517872e-01	2.170124e-01	2.339380e-09
6	2853.077994	8.960423e+00	3.119485e-02	3.237882e-01	1.581800e-01	4.645261e-03	1.710930e-01	2.803902e-04	2.537571e-01
6	2813.976819	6.691027e+00	3.347289e-02	3.681897e-01	1.296891e-01	2.780294e-03	1.822389e-02	8.944045e-10	3.589148e-01
6	3043.312779	2.133312e+00	6.198295e-02	4.738134e-01	4.949754e-09	9.274486e-03	1.734830e-01	6.510831e-04	5.553110e-04
6	2690.014751	6.433148e+00	2.444254e-02	3.156875e-01	1.897878e-01	1.456464e-02	1.332267e-06	3.553783e-01	4.671828e-01
6	2748.430779	6.156385e+00	3.125630e-02	3.373935e-01	1.740557e-01	1.500711e-02	1.956019e-01	5.183280e-01	2.189099e-01
6	2835.897959	5.703993e+00	3.565373e-02	3.997032e-01	1.054650e-01	9.228643e-03	1.791795e-07	1.256565e-01	3.388703e-01
6	10720.035654	2.083113e+00	1.225615e-01	3.619595e-03	1.696466e-01	5.459269e-06	3.845178e-01	1.923084e-05	8.654157e-05
6	3334.668131	7.336135e+00	4.055925e-02	2.226673e-01	2.196163e-01	1.164518e-01	5.868552e-05	5.235900e-01	1.207690e-01
