34	3349.646064	5.368913e+00	2.257738e-02	5.081206e-01	1.421912e-09	3.502227e-02	6.076221e-02	5.143014e-05	2.039326e-01
34	28448.990081	3.615687e+00	1.664938e-09	5.235999e-01	1.793356e-09	1.486151e-01	5.236000e-01	2.910070e-01	4.975712e-01
34	248243.969249	1.177349e+00	9.930944e-10	3.669409e-01	1.721276e-01	5.036541e-01	2.558197e-04	5.236000e-01	5.236000e-01
34	4307.169387	5.954617e+00	7.895302e-03	4.887625e-01	1.361880e-08	4.942048e-02	3.778243e-01	3.085127e-01	6.034304e-09
34	2859.677181	7.776906e+00	3.495694e-02	4.087187e-01	1.135956e-01	2.416040e-05	1.880572e-01	1.282506e-03	1.197724e-01
34	3076.053527	5.610008e+00	3.549300e-02	4.996840e-01	3.714499e-08	7.966623e-07	3.244789e-02	4.263207e-02	1.629113e-01
34	5400.837358	3.923561e+00	2.317267e-02	4.990674e-01	1.468854e-01	1.132726e-05	1.097146e-03	5.227875e-01	2.119174e-01
34	3461.911134	7.923818e+00	1.701140e-02	4.326090e-01	2.060728e-11	7.455562e-02	3.465326e-01	1.607683e-01	9.158237e-12
34	2966.444899	6.120713e+00	3.916327e-02	4.581111e-01	8.183070e-02	6.758884e-08	3.945935e-02	6.890787e-02	1.644116e-01
34	2975.912691	6.112022e+00	3.927592e-02	4.620686e-01	6.366760e-02	3.915646e-02	4.999798e-02	1.679151e-06	1.716560e-01
34	4757.517185	4.210664e+00	2.071984e-02	5.192105e-01	6.924137e-02	8.670744e-02	5.957963e-02	4.051211e-01	6.546773e-02
34	3019.807115	6.674286e+00	4.356732e-02	4.279432e-01	1.570461e-10	1.071027e-01	1.553729e-03	1.257844e-01	1.562188e-01
34	31583.742729	1.860305e+00	1.083658e-08	4.334892e-01	2.823991e-01	2.454623e-01	3.271026e-08	5.236000e-01	5.236000e-01
34	2768.615679	8.682212e+00	3.889201e-02	3.804935e-01	1.369002e-01	7.648285e-06	1.572007e-01	1.714597e-01	5.360596e-02
34	6937.494671	3.025955e+00	6.073041e-03	5.235999e-01	1.962170e-01	5.310703e-02	9.199520e-08	4.577492e-01	5.231427e-01
34	5383.916724	7.952299e+00	1.523820e-02	2.946589e-01	1.379340e-01	1.930681e-01	2.639421e-01	5.235337e-01	3.273048e-01
34	4292.120190	4.506014e+00	2.194944e-02	5.236000e-01	8.177663e-02	1.634253e-02	1.019107e-06	3.878401e-01	1.947343e-01
34	3049.676713	6.031596e+00	3.027243e-02	4.701281e-01	6.141534e-02	3.134112e-02	7.300793e-02	1.295855e-06	2.199597e-01
34	3293.113819	5.779701e+00	2.349001e-02	4.668837e-01	9.075880e-02	4.087295e-10	5.906729e-07	1.113418e-01	2.607498e-01
34	4640.294666	9.673004e+00	1.148841e-02	2.148598e-01	2.420352e-01	1.722420e-01	1.676194e-03	3.334003e-01	5.235955e-01
34	2669.222818	9.407592e+00	4.485887e-02	3.524080e-01	1.627743e-01	1.060769e-02	2.289277e-02	1.866718e-01	4.881762e-10
34	4421.980484	4.307529e+00	2.496896e-02	5.235999e-01	9.583878e-04	9.511615e-02	2.091609e-02	4.236256e-01	5.933929e-03
34	6722.057668	4.134148e+00	1.559149e-02	3.263633e-01	2.978769e-01	9.423717e-02	2.683586e-03	5.219325e-01	5.235924e-01
34	3916.650140	5.507974e+00	1.340977e-02	4.943797e-01	6.535078e-02	3.031784e-09	1.863842e-07	1.034155e-01	5.079385e-01
34	14975.544932	4.578559e+00	2.294892e-08	4.582527e-01	5.282149e-03	1.554313e-01	5.770516e-04	2.358458e-08	3.029751e-02
34	4030.486382	6.479476e+00	3.467940e-02	3.780892e-01	1.785533e-01	1.918891e-02	8.790397e-02	5.034782e-01	6.316043e-04
34	4231.930612	4.437593e+00	2.430831e-02	5.236000e-01	2.173801e-02	8.365613e-02	2.270629e-02	3.903475e-01	7.476329e-02
34	6667.851875	9.182624e+00	6.030531e-03	3.137525e-04	3.205585e-01	2.405260e-01	2.457711e-01	5.235991e-01	4.128608e-01
34	6355.697432	6.122132e+00	1.016170e-02	2.042193e-01	2.574079e-01	2.285507e-01	2.140422e-01	5.034292e-01	5.234749e-01
34	2939.982049	7.593713e+00	2.750340e-02	4.182058e-01	9.799624e-02	3.869045e-02	8.415239e-02	6.951336e-02	3.131160e-01
34	3144.415096	7.070700e+00	2.783585e-02	4.295471e-01	7.307993e-03	9.976077e-02	3.457953e-04	1.356507e-01	3.200638e-01
34	4917.246943	4.237439e+00	1.575514e-02	5.235477e-01	8.019848e-08	1.064907e-01	1.018356e-01	4.048440e-01	2.608340e-01
34	2946.263325	7.382721e+00	2.900332e-02	4.067765e-01	1.064260e-01	6.609588e-02	2.565523e-03	1.179937e-05	2.849248e-01
34	3204.358975	5.651911e+00	3.951839e-02	4.899552e-01	4.097795e-02	9.600393e-09	1.319561e-07	2.414215e-01	9.038149e-02
34	2947.585700	6.734787e+00	4.616851e-02	4.213790e-01	1.123432e-01	2.656035e-02	1.029068e-01	1.210043e-01	1.611476e-02
34	2640.468492	9.736686e+00	3.613118e-02	3.655490e-01	1.420544e-01	2.311432e-02	1.098771e-01	1.243928e-01	1.774629e-01
34	7363.701274	3.182416e+00	8.753235e-09	4.794048e-01	1.088107e-01	1.922662e-01	4.082623e-01	5.236000e-01	5.235999e-01
34	10073.620682	3.080816e+00	1.731574e-07	5.235734e-01	1.727547e-01	9.043477e-02	2.391754e-01	5.235984e-01	2.822330e-04
34	3041.358872	7.967264e+00	3.966818e-02	4.053473e-01	4.969043e-04	1.111309e-01	1.775082e-01	1.115258e-01	1.153568e-01
34	21748.407664	2.466205e+00	4.803127e-05	2.705504e-01	1.366549e-01	4.715758e-01	6.727225e-02	5.230668e-01	5.236000e-01
34	2874.306951	1.000896e+01	4.376458e-02	3.465661e-01	1.111308e-01	1.143330e-01	8.995706e-02	1.951658e-01	6.215606e-04
34	7150.085280	3.506942e+00	1.541060e-02	3.727981e-01	5.476134e-02	2.720801e-01	1.720376e-05	5.236000e-01	5.236000e-01
34	2920.996900	9.510519e+00	3.466389e-02	3.300311e-01	1.754709e-01	6.991601e-02	2.741950e-02	2.924289e-01	1.712497e-02
34	3012.481087	6.704835e+00	4.069380e-02	4.567761e-01	5.829342e-02	1.859170e-03	8.144560e-02	8.035147e-02	1.916749e-01
34	3811.591465	7.206035e+00	1.707202e-02	4.033766e-01	1.385753e-01	1.101786e-02	2.997072e-01	3.512344e-01	1.466494e-05
34	4114.088042	6.972183e+00	3.150643e-02	3.752284e-01	1.742008e-01	4.457338e-10	5.204952e-02	5.164587e-01	1.910175e-01
34	4756.494818	4.442756e+00	2.611190e-02	4.702019e-01	3.911142e-04	1.431389e-01	2.313795e-08	4.173457e-01	8.901340e-06
34	8739.843305	2.324380e+00	3.130900e-04	5.204221e-01	3.481844e-09	2.818142e-01	9.844392e-02	5.143538e-01	5.235973e-01
34	270707.160141	1.898993e+00	7.583540e-06	5.199591e-01	1.709381e-01	1.354983e-01	4.451931e-01	6.489797e-04	5.233923e-01
34	3133.436558	1.021003e+01	3.895700e-02	3.232585e-01	1.073878e-01	1.488989e-01	1.088353e-01	1.491317e-01	1.778542e-07
