12	3973.182805	3.108334e+00	1.280099e-02	3.535283e-01	3.554107e-01	2.173064e-01	2.236116e-04	5.236000e-01	5.235991e-01
12	3256.820380	6.229332e+00	2.188299e-02	3.961859e-01	2.717470e-01	9.748641e-02	2.322131e-01	5.236000e-01	6.242303e-02
12	4644.645977	3.483797e+00	3.365358e-02	3.996603e-01	1.796739e-01	5.664100e-04	1.786451e-02	5.537596e-02	5.235998e-01
12	2220.021461	1.120365e+01	1.752525e-02	3.349739e-01	3.064181e-01	7.548854e-03	1.157484e-04	2.047818e-01	5.235968e-01
12	3142.516611	7.555170e+00	1.298109e-02	3.692221e-01	2.338669e-01	3.560329e-01	9.160616e-14	5.236000e-01	5.236000e-01
12	3807.897388	6.056267e+00	2.105623e-02	1.473399e-01	3.857005e-01	1.237438e-09	3.014575e-02	3.388119e-01	5.236000e-01
12	2880.456721	5.877970e+00	1.044453e-02	3.693867e-01	4.124596e-01	1.519072e-01	6.774766e-04	5.016845e-01	5.235999e-01
12	4970.753158	1.572255e+00	7.369601e-02	4.780598e-01	1.085162e-01	2.760485e-05	5.504169e-02	4.246789e-02	6.018203e-02
12	5170.955396	7.484016e-01	8.122773e-02	4.211887e-01	1.287479e-01	1.750424e-02	1.778406e-01	3.446984e-09	1.217072e-02
12	4386.776890	3.993282e+00	2.628152e-02	1.844020e-01	4.217176e-01	1.163557e-05	6.247854e-02	5.235971e-01	4.005574e-01
12	3778.837769	5.736250e+00	1.034407e-02	2.768158e-01	3.400247e-01	5.446917e-02	1.138662e-03	1.710897e-01	5.235281e-01
12	3557.418934	4.663736e+00	2.805114e-02	4.142212e-01	2.790037e-01	2.214204e-03	1.280563e-07	5.236000e-01	1.302540e-01
12	2970.210048	7.480290e+00	1.921625e-02	3.501535e-01	2.704231e-01	1.577659e-01	2.335815e-01	5.236000e-01	2.255166e-03
12	4094.824464	5.590261e+00	3.226658e-02	4.815226e-01	4.062086e-08	2.050492e-01	7.735532e-02	5.187752e-01	6.810783e-02
12	4952.106279	1.876808e+00	7.207839e-02	4.746464e-01	2.086285e-08	9.866352e-02	5.837182e-02	3.459894e-01	2.344297e-05
12	3192.673297	4.885729e+00	1.077584e-02	3.947742e-01	3.743256e-01	1.906351e-01	3.861225e-03	5.236000e-01	5.235996e-01
12	3159.654535	5.893959e+00	2.462748e-02	4.528482e-01	2.659296e-01	1.094744e-11	4.028228e-11	5.236000e-01	2.569387e-01
12	5044.342131	1.116879e+00	8.632990e-02	4.762970e-01	5.468428e-02	5.200039e-02	2.429142e-05	2.173543e-01	9.250817e-04
12	2447.759570	8.626969e+00	1.810897e-02	2.862737e-01	3.627467e-01	1.966369e-01	5.494650e-02	5.234183e-01	5.236000e-01
12	3678.266353	3.779924e+00	1.303970e-02	3.423782e-01	3.467929e-01	2.358890e-01	4.384779e-02	5.220602e-01	5.235995e-01
12	3681.268579	3.829723e+00	5.795065e-03	3.834236e-01	4.247050e-01	1.824651e-01	1.889429e-10	5.236000e-01	5.236000e-01
12	4144.931389	2.925998e+00	1.673581e-02	3.901153e-01	3.389376e-01	1.180843e-01	9.224966e-04	5.236000e-01	4.324184e-01
12	2474.717754	8.210971e+00	2.517401e-02	3.354594e-01	3.351744e-01	4.750946e-02	1.177218e-05	5.235999e-01	2.806479e-02
12	2570.266487	8.340210e+00	1.397627e-02	3.567082e-01	3.496281e-01	2.554314e-07	2.848182e-01	5.236000e-01	2.956243e-01
12	5371.226971	3.238833e-01	5.611053e-02	3.726331e-01	1.751943e-01	7.784296e-08	3.229357e-08	1.775870e-08	1.249776e-01
12	4889.817266	1.865680e+00	7.120956e-02	5.138817e-01	6.280981e-02	5.830542e-08	3.954838e-09	2.183267e-01	6.404144e-04
12	3769.354347	7.416914e+00	2.558465e-02	4.821758e-01	1.907039e-02	2.371147e-01	3.555699e-07	5.236000e-01	1.497709e-01
12	2275.730896	1.004006e+01	2.212221e-02	3.533026e-01	3.185356e-01	2.282825e-03	1.967993e-01	5.236000e-01	6.825262e-02
12	2375.941608	1.026095e+01	1.409134e-02	3.412995e-01	3.070127e-01	2.664770e-02	1.111871e-08	8.430537e-02	5.235993e-01
12	2366.664981	8.585015e+00	1.935269e-02	3.679864e-01	3.571660e-01	4.374940e-05	1.547630e-04	5.177223e-01	3.557974e-01
12	4868.738874	2.116605e+00	7.012363e-02	4.805412e-01	1.334622e-11	1.096629e-01	1.107220e-02	2.363731e-01	1.208472e-02
12	4960.255876	1.873640e+00	7.393368e-02	4.906809e-01	5.137201e-02	7.441875e-02	3.613340e-03	2.999262e-03	1.609421e-01
12	4178.485493	3.839399e+00	3.709618e-02	5.086429e-01	1.571132e-01	8.399884e-02	8.908926e-03	5.230922e-01	5.410307e-06
12	5099.156865	1.017145e+00	9.351588e-02	4.439394e-01	5.304313e-04	1.251176e-01	7.569627e-02	7.231049e-03	1.097510e-03
12	4170.689135	3.394474e+00	3.447694e-02	4.700811e-01	2.205620e-01	1.312168e-07	3.550708e-02	5.235999e-01	6.270389e-02
12	4298.120480	4.956417e+00	8.034844e-03	2.924760e-01	3.085741e-01	2.790975e-08	8.018869e-02	1.878792e-03	5.236000e-01
12	5042.419867	1.219038e+00	8.176583e-02	4.721811e-01	8.712676e-02	6.502237e-02	8.576799e-02	1.236363e-03	5.798829e-04
12	2504.164781	8.104250e+00	1.899949e-02	3.455264e-01	3.471309e-01	9.339743e-03	1.619553e-01	5.236000e-01	2.115968e-01
12	3899.811913	3.645046e+00	2.448852e-02	3.249577e-01	3.517243e-01	4.740236e-04	4.498779e-05	5.106292e-01	4.231314e-01
12	2523.506572	8.282610e+00	2.037674e-02	3.909467e-01	3.067023e-01	4.818887e-11	1.808209e-01	5.236000e-01	2.052352e-01
12	2121.095945	1.244471e+01	2.751615e-02	3.345615e-01	2.921513e-01	8.595430e-04	1.726061e-01	4.715903e-01	6.750321e-04
12	2299.437826	9.183284e+00	2.176484e-02	3.496182e-01	3.362752e-01	3.228042e-02	6.749434e-08	4.971302e-01	2.527898e-01
12	2633.830913	7.079249e+00	1.987510e-02	3.685448e-01	3.375955e-01	8.191654e-02	6.059587e-07	5.236000e-01	3.172841e-01
12	4740.652884	3.209736e+00	5.792154e-02	5.046388e-01	1.263384e-11	1.036447e-01	4.994678e-02	5.388247e-03	2.376413e-02
12	3834.858149	4.262506e+00	1.745742e-02	2.176322e-01	3.572121e-01	1.998919e-01	6.121397e-04	4.444275e-01	5.236000e-01
12	2409.735608	9.257472e+00	1.352873e-02	3.325296e-01	3.389982e-01	4.804240e-02	1.513427e-03	2.776759e-01	5.235990e-01
12	3094.524751	7.543693e+00	1.305051e-02	3.539589e-01	2.776559e-01	7.567298e-02	1.979249e-02	2.317482e-12	5.235998e-01
12	2703.763919	1.019987e+01	2.947058e-02	3.686927e-01	2.443529e-01	8.778594e-03	3.669442e-07	2.653842e-03	2.273339e-08
12	2799.332501	6.513736e+00	1.058005e-02	3.806661e-01	3.728308e-01	2.026096e-01	1.701755e-01	5.236000e-01	5.235999e-01
12	3533.751485	3.949710e+00	1.270137e-02	3.546467e-01	4.088109e-01	1.060024e-01	1.015985e-01	5.216807e-01	5.235978e-01
