19	3965.731983	7.254134e+00	1.945765e-02	2.738736e-01	2.739709e-01	6.239441e-02	2.159288e-03	3.500365e-06	5.013479e-01
19	4919.851358	5.347060e+00	2.804124e-02	2.833156e-01	2.308138e-01	1.778482e-01	1.615259e-01	4.397964e-01	1.507312e-03
19	4479.527321	4.816137e+00	2.167039e-02	3.470506e-01	2.672354e-01	2.105796e-09	5.126542e-08	3.175854e-01	3.884605e-01
19	5790.160341	2.682614e+00	3.009891e-02	4.611962e-01	2.057202e-01	2.038976e-07	1.975638e-01	5.235952e-01	2.322656e-05
19	4790.461207	3.895678e+00	1.679105e-02	3.468683e-01	2.904308e-01	8.494836e-02	7.342750e-09	3.550895e-01	5.226899e-01
19	4235.507677	6.132095e+00	1.470065e-02	3.088839e-01	2.660385e-01	5.003967e-02	1.199356e-01	4.495830e-05	5.235944e-01
19	4598.467696	4.936583e+00	2.736661e-02	3.837689e-01	2.241885e-01	9.331923e-05	1.047257e-01	2.886220e-01	7.323784e-05
19	5108.773662	3.262659e+00	1.821519e-02	4.053718e-01	3.079922e-01	2.133427e-06	6.083577e-02	4.826705e-01	4.791609e-01
19	5130.982547	3.496419e+00	2.826978e-02	4.151198e-01	2.304577e-01	1.164692e-01	2.677795e-09	5.154556e-01	2.731792e-01
19	4310.886227	6.524556e+00	2.413271e-02	3.024760e-01	2.707156e-01	2.365973e-03	2.262580e-01	3.797831e-01	7.460786e-03
19	4110.543857	7.195986e+00	2.375107e-02	3.067313e-01	2.529554e-01	6.172384e-04	1.828239e-01	2.350144e-01	1.074780e-01
19	7033.439519	4.249422e+00	2.303438e-02	2.885518e-10	3.063203e-01	2.727053e-01	9.036240e-02	5.236000e-01	1.327206e-01
19	3764.891053	1.007208e+01	2.221824e-02	2.504483e-01	2.697756e-01	3.029951e-02	1.704657e-01	3.261269e-07	3.147337e-01
19	4530.988727	6.440088e+00	1.426579e-02	1.777654e-01	3.216567e-01	1.733227e-01	1.731258e-01	3.351000e-01	5.235918e-01
19	3830.570007	9.103933e+00	2.100149e-02	2.659181e-01	2.683048e-01	4.550933e-12	1.695422e-01	9.415982e-02	4.104432e-01
19	4845.625985	5.365630e+00	3.322857e-02	3.837849e-01	1.548410e-01	1.445073e-01	3.286770e-08	2.085204e-01	1.264579e-09
19	5164.424225	2.996491e+00	1.670449e-02	4.132566e-01	2.962692e-01	9.400332e-04	5.914823e-02	4.421066e-01	5.234636e-01
19	6392.054519	2.146720e+00	3.364071e-02	4.284665e-01	1.837150e-01	1.542863e-01	1.408801e-03	5.236000e-01	6.428510e-09
19	6962.178449	1.835678e+00	5.902855e-02	4.820520e-01	1.129524e-01	1.017223e-09	3.038867e-06	7.646404e-09	1.215051e-01
19	5000.717302	3.334649e+00	1.378447e-02	3.669295e-01	3.065087e-01	1.247117e-04	1.914569e-02	3.576512e-01	5.235160e-01
19	5088.256552	3.416439e+00	2.677547e-02	4.256666e-01	2.551856e-01	4.132687e-08	3.918562e-07	4.949519e-01	2.606517e-01
19	4963.060678	4.176109e+00	2.532139e-02	3.791619e-01	2.419487e-01	8.622476e-02	2.062286e-01	4.912009e-01	1.573310e-04
19	5013.012342	3.393650e+00	1.606144e-02	3.584385e-01	3.046284e-01	9.574785e-02	1.090309e-01	4.339920e-01	4.973146e-01
19	4570.287873	4.630918e+00	1.681209e-02	3.185790e-01	2.843326e-01	8.495157e-02	6.336001e-02	2.910806e-01	5.236000e-01
19	4962.665411	3.959910e+00	1.383517e-02	2.735077e-01	3.363698e-01	1.009952e-01	3.855919e-04	3.443833e-01	5.235930e-01
19	5759.874260	3.213665e+00	3.737465e-02	4.916083e-01	1.176181e-01	8.597020e-07	4.449926e-02	1.638240e-01	2.415514e-01
19	4380.406989	5.377568e+00	1.787704e-02	2.863171e-01	2.886661e-01	9.691594e-02	3.014619e-08	2.608499e-01	5.233197e-01
19	4775.670917	4.613343e+00	3.122198e-02	4.263474e-01	1.740925e-01	5.585534e-02	8.958487e-02	1.927128e-01	3.005560e-08
19	4429.809353	5.021147e+00	2.173946e-02	3.453420e-01	2.666883e-01	8.337817e-05	3.264823e-03	3.141912e-01	4.058878e-01
19	4853.961198	4.005076e+00	2.822858e-02	4.315367e-01	2.131555e-01	2.813662e-03	9.770735e-05	3.642830e-01	6.457416e-04
19	8823.008059	6.878431e-01	6.323842e-11	3.757040e-01	3.734239e-01	2.563875e-01	1.695294e-01	4.762039e-01	5.236000e-01
19	3784.941949	9.033305e+00	2.212636e-02	2.610361e-01	2.729065e-01	5.638684e-03	1.107090e-01	2.168256e-07	3.753886e-01
19	6999.340456	2.002559e+00	5.979716e-02	5.223959e-01	5.982082e-02	5.235951e-04	1.392450e-01	2.163177e-02	3.910448e-05
19	4158.239919	6.260810e+00	2.288244e-02	3.389966e-01	2.341851e-01	2.380473e-02	5.100902e-08	1.237606e-06	3.679601e-01
19	3809.848703	9.901754e+00	2.187193e-02	2.596129e-01	2.645965e-01	9.283262e-09	2.306561e-01	1.554705e-01	2.264052e-01
19	4514.844559	4.893480e+00	2.577711e-02	3.736624e-01	2.322724e-01	4.786996e-02	6.112987e-09	3.041813e-01	2.720634e-01
19	4279.084909	6.520405e+00	1.565496e-02	2.525758e-01	2.691842e-01	1.314496e-01	2.217013e-02	3.226899e-06	5.233776e-01
19	4282.066187	5.651415e+00	2.044618e-02	3.275909e-01	2.598155e-01	3.135275e-04	5.078856e-02	1.929359e-01	5.208502e-01
19	5765.101258	3.537904e+00	1.091585e-02	1.163731e-01	3.139420e-01	3.175089e-01	2.696927e-01	5.235999e-01	5.236000e-01
19	3869.671800	7.886866e+00	2.115282e-02	2.703243e-01	2.784191e-01	7.411154e-03	5.023166e-08	6.392782e-02	4.602147e-01
19	3806.213542	9.118490e+00	2.223251e-02	2.616354e-01	2.712366e-01	4.261890e-09	1.535679e-01	1.212239e-01	3.112874e-01
19	5302.922175	7.175594e+00	1.620965e-02	2.249765e-01	2.046836e-01	2.250536e-01	1.322575e-01	1.575898e-03	5.234230e-01
19	3805.179150	8.666351e+00	2.257256e-02	2.606045e-01	2.778665e-01	6.759227e-03	5.132932e-07	7.647797e-03	4.028829e-01
19	5458.445171	7.598550e+00	3.291214e-02	3.434976e-01	1.255562e-01	1.699153e-01	2.682652e-01	3.170519e-01	1.246670e-03
19	3993.669356	8.953647e+00	2.306456e-02	2.378916e-01	2.622841e-01	1.161964e-01	1.789593e-05	3.535059e-03	5.235998e-01
19	3806.280690	8.585863e+00	2.218297e-02	2.639870e-01	2.750893e-01	1.434604e-02	5.590178e-02	8.691665e-10	3.848074e-01
19	3792.699461	9.367483e+00	2.100659e-02	2.621368e-01	2.674629e-01	1.025927e-03	1.832853e-01	6.556116e-02	3.531641e-01
19	4728.330976	4.878732e+00	3.146952e-02	4.365332e-01	1.713526e-01	1.115548e-08	3.835199e-02	7.044930e-03	6.053538e-03
19	3848.354084	9.911836e+00	2.295354e-02	2.185877e-01	2.772809e-01	9.873643e-02	4.800943e-09	4.300820e-06	3.745981e-01
19	4235.861135	6.669460e+00	2.560402e-02	2.984843e-01	2.461537e-01	1.002704e-01	1.543427e-04	2.319665e-01	2.432479e-01
