33	2632.443864	7.854590e+00	4.737249e-02	3.605601e-01	1.362521e-01	9.046857e-03	1.996979e-01	1.620419e-09	7.500315e-03
33	2470.782245	8.363371e+00	4.462333e-02	3.338647e-01	1.619667e-01	1.988188e-07	5.145949e-08	2.182514e-01	1.397959e-01
33	3478.904157	1.936335e+00	7.900580e-02	4.697603e-01	7.046813e-03	1.219385e-02	1.102434e-01	3.110735e-02	4.963942e-02
33	3715.534574	3.501203e+00	5.690134e-02	3.771264e-01	3.080749e-11	7.669532e-02	3.060855e-01	2.240905e-01	5.874036e-13
33	2964.012476	4.698363e+00	5.019001e-02	4.628703e-01	5.611108e-02	1.722329e-02	7.791936e-02	1.224230e-01	1.155730e-01
33	2817.549934	6.297663e+00	4.766144e-02	3.638852e-01	1.398514e-01	1.585067e-07	1.301804e-01	3.106788e-01	7.418983e-03
33	3428.723475	1.745739e+00	7.824057e-02	4.520900e-01	7.809254e-04	1.401952e-04	1.848596e-01	9.734857e-04	4.234325e-02
33	4481.862225	3.337275e+00	7.841482e-02	3.233820e-01	1.254518e-11	1.083016e-01	1.209111e-11	1.741917e-01	3.207990e-01
33	3048.308156	5.386515e+00	4.725082e-02	4.355287e-01	5.966906e-05	7.127774e-02	2.169105e-01	1.476285e-06	1.001576e-04
33	4539.601120	3.228846e+00	5.670135e-02	3.666194e-01	1.023017e-01	4.200691e-02	4.111036e-07	5.235978e-01	2.445909e-01
33	2580.356232	7.656698e+00	4.404841e-02	3.360063e-01	1.670301e-01	1.009190e-02	4.597059e-02	3.443520e-01	1.901664e-04
33	2503.267918	8.384102e+00	4.748234e-02	3.416124e-01	1.559766e-01	4.291450e-05	3.499491e-02	4.208272e-02	1.717903e-01
33	2939.156200	5.632283e+00	4.906369e-02	3.726337e-01	1.355467e-01	1.520069e-07	7.486404e-02	3.207647e-01	1.253846e-01
33	2576.865202	7.596646e+00	4.590767e-02	3.462443e-01	1.574006e-01	7.340319e-03	1.733168e-02	2.854240e-01	8.267466e-02
33	3404.855919	3.408962e+00	6.329929e-02	3.981352e-01	3.428340e-05	7.892695e-02	2.771376e-01	7.099679e-10	4.413816e-03
33	3953.763643	4.214210e-01	1.395885e-01	2.114059e-01	5.916251e-04	6.654125e-02	1.366481e-01	4.358192e-02	1.992992e-03
33	2853.971783	6.623150e+00	4.514626e-02	3.931749e-01	9.708707e-02	3.970033e-02	2.384730e-01	1.737224e-02	2.300136e-04
33	3044.247278	4.678881e+00	5.115847e-02	4.474639e-01	7.671782e-02	2.622962e-02	5.005501e-09	2.994662e-01	1.695886e-05
33	6049.907141	1.133916e+00	2.075033e-01	3.520223e-03	4.250083e-05	1.419181e-01	2.951212e-01	4.676827e-07	1.792383e-02
33	2683.906424	7.275946e+00	4.417083e-02	3.584479e-01	1.346136e-01	3.018810e-02	1.452874e-11	7.529456e-12	2.482546e-01
33	2508.840852	9.294440e+00	3.356101e-02	2.524131e-01	2.252335e-01	9.379767e-06	1.262485e-01	4.901019e-01	1.754456e-04
33	2343.795489	9.611897e+00	4.427954e-02	3.212660e-01	1.668537e-01	8.624456e-07	8.233347e-06	5.336950e-02	1.829828e-01
33	3329.751617	2.076318e+00	7.286294e-02	4.564406e-01	2.170542e-04	8.387823e-03	1.938584e-01	1.344975e-02	1.351495e-05
33	2610.358637	7.800761e+00	4.920288e-02	3.653964e-01	1.403195e-01	1.031071e-03	1.284529e-01	8.199910e-02	9.458455e-02
33	3028.724474	6.532930e+00	2.843370e-02	2.634637e-01	2.357343e-01	4.396315e-02	5.556330e-02	5.236000e-01	3.714510e-01
33	4681.942254	4.614786e+00	2.378240e-02	1.361545e-01	2.876331e-01	5.804637e-02	2.145205e-01	5.236000e-01	5.236000e-01
33	2353.800742	9.406359e+00	4.752678e-02	3.146700e-01	1.748081e-01	1.388723e-02	2.581524e-09	1.844377e-01	8.141284e-02
33	3987.500202	6.723432e-01	1.463813e-01	2.440541e-01	5.567011e-02	6.916937e-03	2.583194e-01	3.850728e-03	2.389780e-02
33	2788.831377	6.169853e+00	4.589350e-02	3.901547e-01	1.113786e-01	5.650832e-03	7.148014e-02	3.768316e-03	2.437063e-01
33	3801.423448	5.951274e-01	1.080661e-01	3.151541e-01	3.236070e-02	3.038033e-02	2.274215e-01	5.859952e-02	6.631900e-03
33	2767.503699	6.233431e+00	4.790648e-02	3.961216e-01	1.136623e-01	1.131473e-02	3.202648e-02	1.372230e-01	1.956965e-01
33	3014.346202	4.781082e+00	4.977918e-02	4.455671e-01	3.366614e-02	6.114214e-02	3.766521e-04	9.416247e-02	1.987902e-01
33	8760.789692	1.027049e+00	1.871392e-03	5.024294e-01	1.271715e-01	4.074217e-15	1.934373e-01	1.790926e-01	5.236000e-01
33	4101.442044	7.456662e-01	1.519627e-01	2.329501e-01	7.363068e-02	6.704076e-04	2.683514e-01	5.631424e-03	7.414080e-09
33	3302.659717	3.046252e+00	5.953739e-02	4.560807e-01	2.480295e-08	2.086871e-02	1.552078e-06	1.668654e-01	2.146835e-01
33	3027.959887	5.623349e+00	4.516958e-02	4.000834e-01	6.980172e-02	6.808428e-02	2.798826e-07	2.634799e-08	2.904499e-01
33	4181.907710	6.418661e-01	1.492793e-01	1.981565e-01	8.814233e-02	2.481352e-04	2.583780e-01	3.368763e-06	2.188777e-04
33	2228.295844	1.029532e+01	3.836452e-02	2.907031e-01	1.942195e-01	1.938949e-05	9.017425e-08	3.251814e-01	1.644859e-05
33	2289.568143	9.722836e+00	3.987845e-02	2.981463e-01	1.891033e-01	9.153808e-05	1.316203e-04	3.271519e-01	2.838039e-02
33	4389.060764	1.192526e+00	1.334817e-01	2.481011e-01	8.573852e-02	1.259845e-04	3.437840e-01	3.417497e-02	5.111248e-09
33	2851.144269	8.746757e+00	4.024460e-02	3.170537e-01	1.496410e-01	9.730915e-02	3.651236e-10	3.422957e-01	5.697570e-02
33	2644.170416	7.124855e+00	4.739507e-02	3.633281e-01	1.425109e-01	6.568878e-03	1.958824e-07	2.217743e-01	1.410842e-01
33	3529.169586	1.549948e+00	8.560159e-02	4.290248e-01	3.368598e-02	6.252276e-04	2.170536e-01	1.724596e-03	3.131479e-08
33	2431.444822	9.198463e+00	3.580237e-02	2.928632e-01	1.950927e-01	1.438553e-10	1.033905e-01	4.071695e-01	5.596838e-02
33	3170.750216	3.502511e+00	5.595727e-02	4.820555e-01	3.024729e-03	2.138149e-02	7.791936e-10	2.564779e-01	4.723119e-06
33	2984.401711	4.311216e+00	5.159345e-02	4.633128e-01	4.973490e-02	3.061413e-05	1.071632e-01	5.712844e-06	1.372038e-01
33	2762.273516	6.436931e+00	4.820699e-02	3.920540e-01	1.130099e-01	9.014185e-11	1.474692e-01	6.059132e-11	1.542220e-01
33	2594.818684	7.775029e+00	4.577285e-02	3.327099e-01	1.579473e-01	8.263704e-03	1.025336e-01	2.266172e-01	1.245665e-01
33	3475.806269	1.531260e+00	8.356142e-02	4.241465e-01	2.154866e-03	2.194198e-02	2.398349e-01	1.079223e-09	1.525348e-02
33	2896.760300	5.846879e+00	4.874025e-02	3.985737e-01	1.095370e-01	4.677263e-02	1.317200e-06	2.773000e-01	1.187603e-01
