5	6247.299642	1.023834e+00	1.296656e-01	2.730454e-01	7.002556e-02	6.721585e-02	2.999406e-01	3.769574e-08	1.336205e-06
5	4995.981313	6.445612e+00	5.564078e-02	3.626173e-01	1.353183e-01	9.771330e-02	3.269698e-02	5.274193e-03	3.159612e-07
5	4530.727134	4.560737e+00	4.545385e-02	5.022763e-01	6.259883e-03	5.512074e-03	3.355961e-08	2.667901e-07	7.984979e-02
5	4558.302171	4.391484e+00	4.810440e-02	4.854448e-01	5.415706e-02	1.067838e-03	7.418304e-06	6.295924e-02	8.790222e-02
5	4898.874227	2.666013e+00	6.293647e-02	4.875117e-01	2.266077e-04	9.811088e-06	1.370934e-02	7.775018e-03	1.237857e-01
5	4263.968534	9.714979e+00	3.814607e-02	3.350642e-01	1.662466e-01	3.145599e-02	2.238164e-07	1.390244e-05	2.071229e-01
5	7911.492208	8.438356e-01	2.537595e-01	3.093252e-02	5.014226e-02	1.391834e-01	1.117959e-09	4.772730e-12	1.159878e-01
5	9314.519981	4.589802e+00	4.848840e-02	2.006565e-01	2.526197e-01	2.912506e-08	1.475488e-01	5.235772e-01	2.272940e-01
5	5440.584363	2.811959e+00	6.707725e-02	4.030501e-01	5.146587e-06	6.154685e-02	2.901449e-01	4.664736e-03	7.348236e-02
5	4481.704547	5.265455e+00	4.386792e-02	4.827525e-01	6.910270e-02	3.136508e-03	5.236046e-10	5.362881e-02	4.977600e-09
5	4697.510144	5.755130e+00	4.662509e-02	4.196527e-01	2.564538e-02	1.147431e-01	1.405230e-01	1.324645e-01	8.407961e-03
5	5367.050813	8.355078e+00	2.600572e-02	2.794905e-01	1.989774e-01	2.893628e-03	1.666571e-01	1.489949e-05	3.103372e-01
5	4612.703564	4.600354e+00	4.920027e-02	4.743931e-01	1.071709e-02	7.463893e-02	3.482481e-02	1.114317e-01	1.834277e-02
5	7258.570139	2.722673e+00	8.968747e-02	2.793750e-01	2.865262e-04	1.063959e-01	3.734860e-01	1.048621e-01	7.439613e-09
5	4397.280384	6.781668e+00	4.172400e-02	4.122759e-01	1.179042e-01	1.596293e-02	5.553333e-02	4.476405e-03	1.820013e-01
5	4367.625031	7.448565e+00	4.048345e-02	3.938368e-01	1.294737e-01	4.108756e-03	1.085552e-01	2.146786e-02	1.685533e-01
5	4386.963801	8.023023e+00	3.938777e-02	3.827028e-01	1.332442e-01	6.237666e-08	2.004930e-01	5.726518e-02	7.220540e-03
5	4824.793673	3.182428e+00	5.817899e-02	4.800525e-01	3.099462e-02	1.768111e-02	4.110230e-02	6.488242e-02	1.370817e-01
5	4410.475581	6.440830e+00	4.222681e-02	4.249295e-01	1.104468e-01	8.714397e-11	4.254231e-02	4.046445e-10	1.742959e-01
5	4843.284284	8.766782e+00	3.647061e-02	3.928989e-01	2.589055e-02	1.108442e-01	4.104974e-02	1.279755e-05	2.630723e-01
5	5344.016746	6.101777e+00	3.772854e-02	4.339408e-01	1.177338e-06	7.516340e-02	2.158571e-01	2.779525e-01	8.993903e-05
5	5329.155414	1.366978e+00	8.774905e-02	4.675190e-01	2.419844e-04	8.289126e-03	8.101052e-05	9.057366e-02	6.473523e-07
5	5444.413290	1.508886e+00	8.699844e-02	4.372914e-01	4.397645e-02	4.665797e-02	1.522731e-01	4.335677e-02	9.093011e-04
5	4879.376532	3.156172e+00	6.035841e-02	4.603600e-01	6.878896e-04	5.404638e-02	1.749178e-01	2.030644e-02	4.513174e-02
5	5813.176553	2.409654e+00	6.771844e-02	4.150763e-01	1.054367e-10	2.921807e-02	2.433253e-01	1.771892e-01	1.482206e-01
5	6713.762934	3.444674e+00	4.930204e-02	3.851326e-01	3.205255e-03	2.028583e-08	1.830839e-07	9.157527e-02	4.817137e-01
5	4509.622470	5.748116e+00	4.377049e-02	4.570830e-01	6.916169e-13	8.325038e-02	2.373654e-02	1.653119e-03	1.516377e-01
5	8698.916289	1.588615e+00	1.444606e-01	1.670060e-01	1.228693e-01	3.208862e-04	3.095513e-01	2.168589e-07	1.816416e-01
5	6733.071316	1.275630e-02	1.275624e-02	5.416460e-02	3.226686e-09	1.084973e-01	1.364508e-01	2.487288e-01	1.784043e-08
5	4481.880488	6.393573e+00	4.041324e-02	4.602983e-01	7.608530e-02	1.763224e-02	1.498892e-01	9.673467e-06	1.903104e-07
5	5866.922909	1.797048e+00	7.754969e-02	4.283947e-01	9.587445e-02	2.402376e-08	1.360988e-01	2.353801e-08	4.480649e-02
5	4795.616656	5.968753e+00	4.563546e-02	4.004210e-01	1.318029e-01	1.631635e-03	1.230979e-01	2.183047e-01	1.666065e-03
5	4855.757770	2.642464e+00	6.266156e-02	4.952644e-01	2.316193e-02	1.133402e-07	3.246356e-02	1.497899e-03	1.229945e-07
5	5731.294768	7.012508e-01	1.236445e-01	3.252391e-01	1.695897e-13	8.570213e-02	1.340659e-01	1.775538e-15	7.884171e-02
5	4713.145782	3.559841e+00	5.556071e-02	4.915641e-01	4.284149e-02	3.075012e-09	8.244843e-08	9.226097e-02	2.006833e-08
5	5278.143816	5.764627e+00	3.669952e-02	4.510017e-01	9.080877e-08	1.104729e-01	2.319139e-02	2.916892e-01	1.059427e-06
5	6245.510204	7.812725e-01	1.368669e-01	2.741827e-01	4.113065e-02	1.227259e-01	1.781384e-01	1.706947e-02	2.381483e-02
5	4446.293839	6.842791e+00	4.030237e-02	4.229666e-01	9.341984e-02	4.557339e-02	3.292663e-02	5.623803e-08	2.124224e-01
5	4615.108003	6.341754e+00	4.292060e-02	4.392940e-01	1.099821e-01	8.686876e-12	4.115204e-02	1.779818e-01	3.117673e-11
5	5393.007632	2.930812e+00	6.013791e-02	4.215683e-01	1.158930e-08	5.087567e-02	1.517823e-01	8.663156e-07	2.686012e-01
5	6085.729982	4.631444e-01	1.789058e-01	4.030289e-06	5.787738e-02	1.040467e-01	1.314995e-01	1.525379e-04	8.904396e-05
5	4431.640818	6.391519e+00	4.225090e-02	4.327737e-01	1.037970e-01	1.505782e-02	1.469648e-01	1.519352e-07	4.296021e-02
5	4426.740597	6.570728e+00	4.180048e-02	4.332421e-01	9.946314e-02	3.001801e-02	1.202054e-01	2.997378e-03	1.043544e-01
5	4470.061906	5.654475e+00	4.389962e-02	4.380085e-01	9.965790e-02	1.897272e-02	1.027390e-01	1.292874e-05	1.278231e-01
5	4649.823189	4.245010e+00	5.165315e-02	4.576168e-01	1.434846e-02	7.906907e-02	1.374830e-01	1.790395e-02	3.522073e-02
5	5819.889305	2.554489e+00	7.510171e-02	4.377438e-01	1.053222e-01	6.282457e-09	1.090196e-07	4.673579e-02	7.466358e-03
5	4345.320336	7.923778e+00	4.087316e-02	3.736177e-01	1.449300e-01	1.910760e-06	1.057840e-01	2.022417e-02	1.632972e-01
5	6449.097375	1.371815e-02	1.371814e-02	2.246161e-01	2.143916e-01	8.117371e-02	4.939320e-06	2.802514e-02	1.015861e-01
5	8262.331288	1.257214e+00	2.171817e-01	5.849466e-03	7.751864e-09	1.462447e-01	2.738899e-01	6.747167e-03	9.438271e-02
5	4514.902731	4.600673e+00	4.713279e-02	4.924983e-01	9.263908e-10	5.196509e-02	2.978099e-06	1.027143e-02	2.296438e-07
