22	8132.618891	9.913251e+00	7.095517e-03	4.831361e-01	2.151743e-01	3.619270e-01	2.129275e-09	5.236000e-01	3.985589e-01
22	73465.078899	6.439650e+00	6.439625e+00	2.538877e-09	1.670925e-01	2.988938e-02	5.987361e-03	2.569844e-05	1.585649e-02
22	768255.073837	2.167867e+00	2.167867e+00	4.537977e-01	2.071421e-01	2.619121e-06	1.685809e-01	3.330394e-04	2.822928e-02
22	10196.586328	9.992560e+00	2.809052e-10	5.236000e-01	2.020905e-01	3.294114e-01	1.873823e-01	1.395537e-01	5.231902e-01
22	10474.807177	9.992103e+00	6.364226e-05	5.235895e-01	1.202436e-02	4.012991e-01	4.340270e-01	5.234932e-01	7.063212e-02
22	418858.584132	6.671185e+00	3.258597e-01	4.804670e-01	3.674189e-01	2.604280e-01	8.916075e-03	2.533322e-03	3.597361e-10
22	37278.532884	9.629377e+00	8.801095e-04	5.235743e-01	2.666596e-01	3.669417e-01	4.711808e-01	2.046770e-01	2.449674e-05
22	617539.871780	5.129171e+00	2.626174e+00	8.355219e-10	3.666832e-01	4.360675e-09	7.868073e-07	2.855775e-02	1.046877e-01
22	224632.537023	8.494228e+00	2.004287e-01	5.144426e-01	4.269846e-01	6.681043e-06	5.029328e-01	2.075970e-01	1.242024e-04
22	259711.363796	7.928966e+00	1.681643e-01	4.267232e-01	3.985987e-06	5.235126e-01	4.261978e-01	1.969904e-01	2.798131e-02
22	74256.455200	9.639433e+00	5.705234e-02	5.235995e-01	4.527000e-01	2.680485e-11	1.237159e-01	5.457657e-02	5.236000e-01
22	15063.268046	1.200494e+01	2.479715e-05	4.113046e-01	1.644022e-01	3.070253e-01	4.981040e-01	1.992239e-03	1.267794e-04
22	488857.955332	6.397365e+00	3.678332e-01	5.236000e-01	3.643428e-01	2.297360e-01	2.551544e-11	1.386261e-01	1.185520e-01
22	7786.610355	1.093848e+01	4.656681e-03	4.789589e-01	3.827922e-01	1.186896e-01	3.782389e-01	5.236000e-01	5.184542e-01
22	204323.276878	7.906617e+00	1.145724e-01	5.235833e-01	1.651454e-01	4.779111e-01	4.505565e-05	2.281473e-01	5.233012e-01
22	371137.460003	3.206006e+00	3.206006e+00	4.558457e-01	5.231892e-10	1.194088e-10	5.636630e-02	4.702758e-05	5.784503e-12
22	206441.431053	7.845177e+00	1.603735e-01	5.197552e-01	9.500789e-02	5.236000e-01	1.311362e-01	5.328555e-06	1.893303e-06
22	8584.425905	1.109259e+01	1.869915e-04	4.474172e-01	2.211132e-01	2.848420e-01	4.548469e-01	5.205989e-01	1.342564e-03
22	8066.856315	1.115101e+01	2.260865e-03	3.735356e-01	2.944766e-01	3.242272e-01	5.235999e-01	5.236000e-01	5.049896e-01
22	432175.018723	3.151098e+00	3.151082e+00	2.498053e-01	9.446976e-02	2.088464e-01	2.122187e-01	1.652540e-02	4.014252e-05
22	621860.789680	4.686070e+00	2.224981e+00	4.547032e-01	1.679705e-04	1.353470e-01	2.038696e-08	1.951487e-05	7.139974e-02
22	8999.581957	9.771427e+00	3.489518e-05	5.230014e-01	9.508569e-08	4.676585e-01	3.932774e-01	4.426011e-01	5.235095e-01
22	15281.498658	9.702889e+00	9.078831e-03	4.870046e-01	2.694435e-01	3.417886e-01	3.584904e-01	5.235978e-01	2.363550e-02
22	299173.939674	7.543839e+00	1.984596e-01	5.175496e-01	2.944257e-05	4.320936e-01	1.715938e-01	1.871112e-03	5.235998e-01
22	923655.706021	2.193825e+00	1.860184e+00	2.501867e-01	3.922777e-01	1.387801e-05	3.195164e-11	5.756187e-02	1.643057e-12
22	7575.569505	1.063126e+01	8.545700e-03	4.236261e-01	2.723572e-01	3.075370e-01	9.225333e-07	5.220478e-01	5.224681e-01
22	17601.027901	9.734380e+00	2.369741e-10	5.236000e-01	2.415674e-01	4.113109e-01	5.236000e-01	4.594629e-01	5.626186e-05
22	48821.205675	1.065677e+01	2.790378e-02	3.484308e-01	2.610562e-01	5.235996e-01	3.131785e-08	4.039403e-02	2.564567e-01
22	25503.859549	1.068960e+01	5.967174e-09	4.035205e-01	6.197406e-09	4.747256e-01	5.265104e-04	9.585755e-02	4.625527e-08
22	8086.535776	9.940269e+00	4.394844e-03	4.837980e-01	1.689658e-01	3.921114e-01	1.168768e-01	5.235607e-01	4.564608e-01
22	-1.000000	-1.000000e+00	-1.000000e+00	-1.000000e+00	-1.000000e+00	-1.000000e+00	-1.000000e+00	-1.000000e+00	-1.000000e+00
22	8132.846050	1.022108e+01	8.060374e-03	5.126725e-01	1.221291e-02	3.772321e-01	2.502978e-04	5.235973e-01	5.236000e-01
22	393906.948631	3.159644e+00	3.159644e+00	1.078171e-01	2.421926e-01	1.707284e-01	7.491602e-12	9.352565e-12	2.665592e-02
22	825197.417240	4.272811e+00	1.784624e+00	2.930141e-01	3.275975e-01	2.274755e-02	1.526475e-01	4.607660e-06	7.924055e-02
22	612756.663177	6.158997e+00	2.676614e-01	5.235998e-01	2.490683e-01	4.447637e-01	1.050400e-12	5.236000e-01	4.235812e-10
22	32986.633500	9.931030e+00	4.510037e-02	5.094879e-01	3.378614e-01	1.812836e-01	9.947551e-11	6.614873e-04	5.236000e-01
22	226816.683894	7.648270e+00	1.727448e-01	5.020563e-01	1.805859e-01	4.132575e-01	4.755511e-01	3.830967e-07	1.062874e-04
22	10858.471328	1.016750e+01	2.753304e-04	5.234498e-01	2.348427e-01	2.834343e-01	4.213787e-01	6.475928e-02	5.215159e-01
22	51987.197231	9.334657e+00	6.913056e-02	5.235994e-01	3.079914e-01	2.355853e-01	5.857125e-03	4.547719e-08	5.682941e-05
22	203417.065445	7.702287e+00	1.376728e-01	5.236000e-01	2.119614e-01	4.272526e-01	2.932215e-07	1.552629e-01	1.420133e-12
22	589775.107597	7.583990e+00	5.622097e-01	4.484940e-09	2.851051e-01	5.235919e-01	1.961914e-01	3.643093e-06	2.824140e-03
22	-1.000000	-1.000000e+00	-1.000000e+00	-1.000000e+00	-1.000000e+00	-1.000000e+00	-1.000000e+00	-1.000000e+00	-1.000000e+00
22	7513.210694	1.245887e+01	8.368373e-03	3.303313e-01	2.574957e-01	3.135062e-01	1.155289e-01	4.010987e-01	5.235996e-01
22	9013.448320	1.082703e+01	3.960396e-03	4.998008e-01	2.745090e-01	2.075206e-01	5.234311e-01	5.235998e-01	2.426667e-08
22	26807.435796	1.062818e+01	1.171494e-03	5.219809e-01	4.186664e-01	2.492924e-04	2.801850e-01	1.078662e-01	2.275803e-02
22	26543.520959	9.271121e+00	2.543476e-02	5.235939e-01	5.906935e-05	5.030451e-01	1.338743e-09	5.236000e-01	4.146660e-01
22	952445.316692	2.153176e+00	2.153176e+00	2.556206e-01	3.260112e-01	4.206381e-02	3.200231e-01	1.433604e-03	3.376259e-03
22	250188.938567	8.698877e+00	1.882266e-01	5.041292e-01	2.218246e-02	3.386808e-01	3.605431e-02	1.673571e-01	5.205662e-01
22	10117.565724	9.829267e+00	3.603814e-06	5.235989e-01	8.607871e-02	4.130215e-01	1.548687e-01	5.235213e-01	2.312791e-03
22	7483.011261	1.128313e+01	8.398178e-03	5.044877e-01	3.221053e-01	9.351914e-02	7.476284e-02	5.234450e-01	4.710039e-05
