15	224439.130894	1.445122e+00	1.233158e-02	4.764819e-01	2.548173e-01	4.030450e-01	3.837134e-03	5.236000e-01	5.235990e-01
15	5461.258281	1.089670e+01	1.938350e-02	3.321395e-01	2.265121e-01	3.099289e-02	9.330168e-02	5.235120e-01	3.251468e-01
15	5211.875058	6.907834e+00	1.983888e-02	4.274559e-01	2.055212e-01	1.629402e-10	4.046941e-02	5.193948e-01	3.301513e-01
15	6491.322974	7.860665e+00	1.413317e-02	2.240611e-01	2.862585e-01	2.229665e-01	6.207271e-02	5.236000e-01	5.231284e-01
15	324190.663693	2.225637e+00	1.776863e-01	4.476846e-01	1.567412e-01	7.428712e-02	8.227264e-08	2.780343e-07	2.110757e-04
15	5038.521454	7.815633e+00	2.044030e-02	3.792728e-01	2.304798e-01	5.109270e-03	1.890940e-03	5.235851e-01	3.298907e-01
15	10995.300756	3.616536e+00	8.682753e-04	4.590143e-01	1.901258e-01	3.054865e-01	1.615752e-01	5.235284e-01	5.235650e-01
15	6443.929822	7.714035e+00	2.152745e-02	3.328799e-01	2.323043e-01	1.369319e-01	4.701379e-08	4.621114e-01	1.881716e-05
15	5439.656872	5.670947e+00	1.137360e-02	4.079160e-01	2.778538e-01	1.494005e-04	1.817836e-01	5.235999e-01	4.899363e-01
15	5207.010494	9.107351e+00	2.394399e-02	3.681312e-01	2.145280e-01	2.547601e-03	1.524616e-01	5.236000e-01	8.841823e-03
15	14496.347576	4.022274e+00	1.299596e-04	4.974211e-01	3.075230e-01	1.953327e-02	3.151863e-08	5.236000e-01	1.545602e-01
15	6596.508005	5.696118e+00	2.543080e-03	3.772549e-01	2.930033e-01	9.628356e-02	4.078869e-01	5.236000e-01	5.236000e-01
15	13811.676596	3.305597e+00	7.602305e-10	4.540943e-01	2.308814e-01	3.402745e-01	1.246508e-01	5.236000e-01	5.235796e-01
15	7110.265239	3.931568e+00	2.574441e-03	4.738373e-01	3.645928e-01	8.638231e-09	2.836571e-02	5.215365e-01	5.235999e-01
15	5412.954454	9.814673e+00	2.359603e-02	3.562225e-01	2.056699e-01	5.844498e-02	1.637910e-01	5.236000e-01	2.454680e-09
15	5201.231473	6.047693e+00	1.458668e-02	3.729811e-01	2.788525e-01	8.364306e-02	6.560585e-07	5.235527e-01	5.236000e-01
15	264967.787775	2.450538e+00	1.437976e-01	4.674439e-01	3.136658e-02	1.789404e-01	5.026937e-02	3.252760e-07	9.185844e-09
15	5826.371805	4.635369e+00	8.264752e-03	4.319890e-01	3.222330e-01	7.293417e-11	1.120352e-01	5.236000e-01	5.235886e-01
15	12525.072528	4.178760e+00	6.184478e-03	4.686509e-01	2.127102e-01	1.994791e-01	1.458719e-11	5.236000e-01	1.939805e-01
15	5772.536192	9.789643e+00	2.462154e-02	3.869620e-01	1.811346e-01	2.680370e-11	2.407452e-10	1.119336e-01	1.410753e-01
15	47377.191236	3.473155e+00	3.982901e-08	5.235641e-01	8.502567e-04	2.804089e-01	1.515071e-08	4.678972e-01	6.718954e-04
15	9572.530871	3.663280e+00	6.320264e-05	5.065133e-01	2.516697e-01	2.258872e-01	1.327418e-01	5.232266e-01	5.214193e-01
15	6756.894900	8.109135e+00	1.394484e-02	1.980921e-01	2.945297e-01	2.370379e-01	9.961512e-08	5.235988e-01	5.235856e-01
15	22801.072069	3.102531e+00	5.219232e-14	5.162026e-01	2.087132e-01	3.145122e-01	3.171816e-01	5.236000e-01	5.236000e-01
15	15714.474738	3.163587e+00	3.448193e-05	4.597792e-01	2.780000e-01	3.087940e-01	6.560468e-02	5.219170e-01	5.235981e-01
15	5205.000899	9.455697e+00	2.385431e-02	3.590287e-01	2.186921e-01	3.616039e-03	9.835669e-02	5.235993e-01	1.548676e-01
15	5308.292172	8.226289e+00	2.626417e-02	3.944093e-01	1.981977e-01	4.070622e-02	8.845689e-03	4.778613e-01	5.415383e-02
15	5184.189488	7.718587e+00	1.635252e-02	3.585924e-01	2.497398e-01	5.228697e-02	1.232922e-01	5.220225e-01	4.322326e-01
15	10282.864433	3.724678e+00	7.097965e-05	5.056114e-01	2.436129e-01	2.070520e-01	2.792732e-01	5.236000e-01	5.235999e-01
15	85696.039949	3.488485e+00	9.277046e-09	5.235999e-01	5.199900e-03	2.486170e-01	3.263855e-01	3.233832e-09	5.236000e-01
15	5169.297671	9.362123e+00	2.124090e-02	3.570988e-01	2.230337e-01	2.470773e-07	1.010905e-01	5.225875e-01	2.659377e-01
15	14244.135769	5.103136e+00	8.479416e-03	3.368234e-01	1.711057e-01	2.941007e-01	9.194307e-02	5.236000e-01	6.318044e-12
15	6829.539378	7.769779e+00	2.641596e-02	4.938484e-01	2.039339e-05	1.033937e-01	2.198400e-02	4.349393e-01	3.313261e-03
15	5779.581691	6.194546e+00	1.390736e-02	3.018621e-01	2.953896e-01	1.793918e-01	4.701501e-07	5.235982e-01	5.235999e-01
15	7842.562804	5.564645e+00	1.730045e-02	4.429516e-01	1.358722e-01	1.871627e-01	1.276188e-01	5.190599e-01	3.363177e-03
15	5058.315575	6.344094e+00	1.505158e-02	3.810499e-01	2.760669e-01	6.950426e-03	1.447214e-09	5.236000e-01	5.220031e-01
15	143176.807533	4.219871e+00	2.993527e-03	5.235999e-01	3.829496e-02	1.631727e-01	5.235992e-01	1.526317e-04	1.131568e-06
15	87391.360953	2.617656e+00	2.509099e-04	5.235991e-01	1.318849e-01	3.070219e-01	1.349630e-05	3.233008e-01	5.235997e-01
15	5787.121481	5.157238e+00	1.186563e-02	3.578784e-01	2.994081e-01	1.614270e-01	9.564044e-04	5.236000e-01	5.235906e-01
15	6370.380469	8.977854e+00	1.214037e-02	3.846740e-01	1.944410e-01	4.722323e-02	8.702130e-02	1.214607e-07	5.045118e-01
15	62979.869922	3.798659e+00	9.689111e-04	4.939159e-01	6.305920e-02	3.243749e-01	4.145534e-01	3.008501e-01	4.909655e-01
15	6568.644077	4.738808e+00	3.126348e-03	4.203605e-01	3.108975e-01	8.661528e-02	3.034651e-01	5.232340e-01	5.235998e-01
15	86437.889754	2.487808e+00	5.764914e-08	4.944195e-01	3.630463e-01	2.268470e-01	4.980294e-01	5.236000e-01	5.029465e-01
15	7224.457556	4.829309e+00	8.690501e-03	2.891919e-01	2.946589e-01	2.866843e-01	4.133809e-12	5.235959e-01	5.236000e-01
15	282018.622956	2.385708e+00	3.451575e-02	5.236000e-01	1.904501e-01	1.044911e-01	9.395625e-03	6.771837e-09	2.464579e-03
15	5230.432174	7.386808e+00	2.611411e-02	4.155585e-01	2.013792e-01	1.070680e-03	3.937680e-08	5.155138e-01	3.205633e-03
15	7260.727517	9.097112e+00	2.883683e-02	4.550470e-01	3.017877e-02	1.055859e-01	1.646666e-01	3.466467e-08	1.386985e-04
15	8735.648649	5.159236e+00	1.424901e-02	5.236000e-01	4.216041e-03	1.949293e-01	7.658639e-13	5.233971e-01	3.491272e-01
15	5631.207779	5.073258e+00	1.071416e-02	4.249958e-01	2.879457e-01	4.700385e-02	1.394533e-01	5.173741e-01	5.225220e-01
15	5431.144137	7.937684e+00	2.704709e-02	4.042829e-01	1.813075e-01	7.478331e-02	1.442023e-04	5.188372e-01	1.175422e-02
