24	3426.853339	8.577108e+00	2.932549e-02	3.448743e-01	1.886882e-01	1.095002e-02	5.086163e-09	5.440158e-02	2.892211e-01
24	4939.995116	2.683103e+00	3.804643e-02	5.076282e-01	4.157742e-02	2.338166e-02	2.012977e-09	1.684828e-08	1.908084e-01
24	4467.579861	4.092214e+00	3.216974e-02	4.588445e-01	1.112669e-01	7.429569e-03	4.068148e-03	4.873190e-04	2.631038e-01
24	4145.355783	5.365994e+00	3.195863e-02	4.769736e-01	5.350684e-03	1.012799e-01	2.010860e-05	8.581497e-02	1.835470e-01
24	4644.019218	3.537716e+00	3.514559e-02	4.868304e-01	3.353878e-02	6.707200e-02	6.281282e-02	4.140596e-09	2.283050e-01
24	4229.048995	5.038318e+00	3.107472e-02	4.904559e-01	9.804507e-02	3.897099e-02	6.165065e-12	1.866611e-01	4.813159e-02
24	3811.778252	6.716325e+00	3.027324e-02	3.972251e-01	1.539364e-01	4.428493e-02	8.633636e-02	1.100133e-01	2.371507e-01
24	3931.201277	6.006275e+00	3.020911e-02	4.123127e-01	1.391231e-01	2.047268e-02	2.466489e-02	4.126293e-05	3.147668e-01
24	4074.105364	5.755005e+00	3.200464e-02	4.586058e-01	6.115094e-02	1.069374e-01	4.983307e-06	5.678347e-02	1.628134e-01
24	5897.687598	6.538284e-01	4.822875e-02	4.379473e-01	9.308755e-02	1.214221e-08	1.541385e-01	1.130538e-01	5.290035e-02
24	4833.462256	2.922723e+00	3.688304e-02	5.223129e-01	5.249728e-07	4.926766e-02	7.353112e-04	3.105874e-03	6.582081e-03
24	3971.067891	6.288345e+00	3.192440e-02	4.303237e-01	8.023479e-02	1.134386e-01	2.360596e-07	9.654905e-05	2.194309e-01
24	4028.834227	6.603005e+00	3.119995e-02	4.607677e-01	1.485833e-12	1.088538e-01	1.676384e-01	6.433346e-12	3.333473e-02
24	3283.018172	1.012056e+01	3.152795e-02	3.208295e-01	2.009301e-01	2.826835e-03	3.971411e-02	1.648925e-01	2.208163e-01
24	3251.201315	1.095502e+01	2.966209e-02	2.776756e-01	2.009566e-01	9.283544e-02	1.040828e-03	1.118617e-01	2.834800e-01
24	3238.446766	9.998467e+00	3.002454e-02	3.079009e-01	2.131901e-01	6.318809e-06	1.869908e-03	9.113167e-02	2.460318e-01
24	5384.319495	2.561228e+00	3.658326e-02	4.390944e-01	8.658017e-02	1.767022e-08	2.016875e-01	8.489666e-02	2.945512e-01
24	4106.688244	5.465541e+00	3.116874e-02	4.835592e-01	8.758485e-02	8.217984e-03	1.558958e-01	1.849351e-05	9.436177e-06
24	4031.109430	5.455544e+00	3.045991e-02	4.655534e-01	1.074732e-01	2.188781e-02	9.306204e-10	9.705676e-07	2.135944e-01
24	3824.171650	7.037229e+00	2.970252e-02	4.097376e-01	1.366228e-01	1.004548e-02	2.331387e-01	6.457837e-02	6.944707e-11
24	3171.132926	1.099048e+01	2.954779e-02	3.063226e-01	2.123574e-01	6.976267e-03	1.268838e-01	1.212390e-01	1.888594e-01
24	3452.639712	1.075347e+01	3.351167e-02	2.663743e-01	2.330987e-01	7.654139e-02	1.756103e-02	3.028766e-01	8.493646e-06
24	2956.480519	1.463663e+01	3.059872e-02	2.594890e-01	2.191236e-01	6.344696e-02	2.079600e-01	3.666359e-04	1.368314e-03
24	5953.194835	1.119797e+00	5.144620e-02	4.510958e-01	1.343637e-07	1.161394e-01	7.678471e-08	4.371374e-04	7.605209e-02
24	5923.935809	6.019375e-01	5.889331e-02	4.222337e-01	3.574109e-02	3.918493e-03	7.161884e-02	6.016502e-02	2.114853e-01
24	3460.030391	8.998241e+00	3.030781e-02	3.235167e-01	2.072619e-01	1.241060e-02	1.766575e-06	2.061713e-01	2.360632e-01
24	3116.748618	1.139692e+01	3.065482e-02	2.824074e-01	2.116105e-01	7.269083e-02	3.658003e-02	5.140068e-08	2.376781e-01
24	3286.602613	9.924049e+00	2.666310e-02	3.230900e-01	1.929149e-01	3.581062e-06	1.234600e-01	3.177887e-07	3.041404e-01
24	5984.335985	5.134514e-01	8.067927e-02	3.189303e-01	3.590593e-07	1.368953e-01	1.713122e-01	3.223722e-08	4.039905e-04
24	6169.332974	6.885242e-01	8.577555e-02	3.096781e-01	3.304166e-02	1.121671e-01	2.825104e-01	5.074983e-06	1.189323e-04
24	3256.632895	9.861755e+00	2.942899e-02	3.234070e-01	1.956553e-01	1.615262e-02	1.129255e-01	2.336092e-03	2.538033e-01
24	7172.308282	2.499414e+00	2.313309e-02	3.468591e-01	1.798801e-01	1.650570e-01	1.138784e-01	3.644930e-01	5.236000e-01
24	3781.268308	7.233035e+00	3.021292e-02	4.053350e-01	1.153429e-01	8.067827e-02	1.439901e-01	2.604160e-07	2.361824e-01
24	3875.776881	7.653329e+00	3.478079e-02	3.432182e-01	1.353740e-01	1.351707e-01	3.809329e-07	1.513260e-01	2.326950e-01
24	3561.714499	8.312350e+00	2.684694e-02	3.256444e-01	1.910134e-01	5.732937e-02	1.709462e-03	1.867628e-09	3.609643e-01
24	3971.849901	6.530113e+00	3.131250e-02	4.504485e-01	1.285585e-01	5.111684e-02	2.764635e-02	1.457363e-01	1.149046e-02
24	5157.532383	2.252857e+00	4.250723e-02	5.045303e-01	5.391493e-05	5.725827e-02	8.256365e-02	9.141798e-07	1.088187e-01
24	4688.156841	3.407486e+00	3.403949e-02	4.896677e-01	6.497641e-02	2.357446e-09	4.374984e-02	8.641655e-03	2.645332e-01
24	3366.050241	9.397020e+00	2.846482e-02	3.236449e-01	1.984428e-01	4.266387e-07	1.179420e-02	1.429859e-01	3.076766e-01
24	3938.533668	7.195433e+00	3.196324e-02	4.303992e-01	2.217318e-07	1.315020e-01	2.717735e-06	2.105058e-02	2.352118e-01
24	6108.461494	4.609316e-01	6.305222e-02	3.732206e-01	8.232071e-02	2.086337e-11	4.017089e-11	1.732100e-01	1.058403e-01
24	4220.878863	9.273012e+00	2.789583e-02	4.387867e-01	3.078503e-02	8.681910e-04	1.805763e-01	1.452961e-01	2.976704e-01
24	5998.499337	5.455284e-01	5.529862e-02	4.463824e-01	3.002871e-11	8.040433e-12	2.058594e-12	2.248804e-01	4.793030e-02
24	3776.473878	7.433041e+00	2.698153e-02	3.828198e-01	1.494991e-01	9.752167e-08	2.192155e-01	9.539869e-02	2.224559e-01
24	3187.936138	1.039134e+01	2.783292e-02	3.137501e-01	2.017259e-01	5.652156e-06	9.685468e-02	1.015216e-02	2.793695e-01
24	3891.716344	6.325002e+00	3.089506e-02	4.230540e-01	1.206454e-01	7.783096e-02	4.749327e-07	7.229666e-07	2.378234e-01
24	3343.829922	1.067248e+01	2.571926e-02	2.793463e-01	2.007170e-01	9.482076e-02	1.079195e-08	2.519615e-08	3.609425e-01
24	5868.016554	6.950215e-01	6.083516e-02	4.138482e-01	6.255502e-10	7.270960e-02	2.341269e-01	6.132115e-03	5.899940e-02
24	3468.062138	8.600806e+00	3.019480e-02	3.357385e-01	1.996829e-01	5.355485e-05	1.287243e-02	1.479336e-01	2.487217e-01
24	4578.436490	4.954928e+00	3.733485e-02	4.439566e-01	6.434402e-05	1.456854e-01	2.376192e-06	3.050144e-01	4.733919e-02
