36	6724.189103	3.947627e+00	2.161437e-02	2.113323e-01	2.851174e-01	1.891360e-01	2.294692e-04	5.235781e-01	5.231690e-01
36	7293.663947	3.559831e-01	1.107395e-01	1.282824e-01	1.526122e-01	1.363244e-03	6.681918e-02	1.244354e-03	2.267709e-02
36	4207.063855	7.696714e+00	5.110845e-02	3.366481e-01	1.821789e-01	3.002887e-02	1.675294e-03	2.519479e-05	3.545640e-02
36	5334.131223	3.693901e+00	5.275835e-02	4.619740e-01	8.827440e-04	7.520862e-02	9.133826e-05	1.159796e-06	1.721021e-01
36	6304.306050	9.105081e-01	8.604130e-02	4.036256e-01	2.181138e-05	7.148111e-03	2.012450e-01	3.979050e-07	1.142237e-01
36	3479.552243	9.566726e+00	4.260940e-02	3.023395e-01	1.846415e-01	1.321120e-02	1.518848e-01	1.407677e-05	1.376806e-01
36	5359.517004	3.197286e+00	5.227090e-02	4.807514e-01	4.979599e-02	9.549462e-06	2.306665e-02	5.596198e-02	1.543786e-01
36	4757.906014	5.227571e+00	4.773486e-02	3.939940e-01	1.327674e-01	1.560872e-02	1.344658e-11	1.550025e-01	1.971151e-01
36	6388.911787	7.889423e-01	7.555750e-02	3.940407e-01	9.922016e-02	4.385060e-03	1.344847e-01	1.898598e-02	1.191334e-10
36	4292.956909	6.452633e+00	4.436425e-02	3.604030e-01	1.522508e-01	2.003963e-03	1.359235e-05	6.863585e-03	2.423099e-01
36	6049.593738	3.083495e+00	6.439897e-02	4.069474e-01	5.000323e-05	1.194441e-01	5.940143e-03	1.255267e-03	2.002799e-01
36	7072.034033	4.509031e-01	1.370838e-01	2.177011e-01	1.822189e-03	8.374327e-02	1.305766e-01	9.146063e-02	3.818518e-05
36	3656.702852	8.959476e+00	4.296862e-02	3.113754e-01	1.821399e-01	2.489079e-03	1.837853e-01	3.639660e-10	6.663446e-03
36	5894.555882	2.003120e+00	5.911079e-02	4.600847e-01	8.247823e-02	3.976016e-11	1.020855e-01	2.356253e-03	1.850080e-08
36	3542.777256	9.093380e+00	4.461742e-02	3.103659e-01	1.825887e-01	2.544406e-02	8.567314e-05	1.020624e-04	1.867358e-01
36	3470.167146	9.404388e+00	3.550558e-02	2.942896e-01	1.972326e-01	5.450939e-03	9.231364e-04	1.797244e-01	2.257952e-01
36	5054.890553	6.050489e+00	3.082305e-02	2.348573e-01	2.805625e-01	2.041565e-02	8.105170e-02	5.236000e-01	3.043631e-01
36	3899.913260	7.679631e+00	4.149320e-02	3.299078e-01	1.738624e-01	7.665138e-05	3.329645e-02	1.114916e-03	2.257825e-01
36	6930.227628	3.625210e-01	5.102032e-02	4.214912e-01	8.944519e-09	1.476763e-02	5.474829e-02	3.740244e-06	1.374668e-01
36	5023.955630	4.710752e+00	4.984467e-02	3.974932e-01	1.081576e-01	2.003307e-02	2.421675e-01	9.027314e-02	4.092514e-07
36	4785.858352	5.270172e+00	4.737227e-02	3.823851e-01	1.370132e-01	6.870310e-06	5.842190e-06	2.167677e-01	2.201048e-01
36	3676.155494	8.752770e+00	4.390817e-02	3.058812e-01	1.921759e-01	3.050642e-09	3.027021e-06	2.970978e-01	4.396655e-02
36	5646.236966	4.553347e+00	3.196676e-02	3.419879e-01	1.978570e-01	8.305870e-10	1.282112e-05	4.217449e-01	3.732297e-01
36	6564.901577	8.951485e-01	1.005644e-01	3.466240e-01	5.889575e-03	7.677709e-02	2.587695e-01	6.750144e-06	4.911397e-02
36	5490.000014	2.689819e+00	5.498387e-02	4.877430e-01	1.329675e-02	1.354774e-03	1.566073e-01	1.228027e-04	5.710340e-07
36	3198.529246	1.059858e+01	4.371517e-02	2.830198e-01	1.994905e-01	4.351739e-09	5.782730e-02	7.416745e-08	1.717354e-01
36	5841.137617	1.575865e+00	6.429003e-02	4.856843e-01	4.160479e-02	1.857467e-06	4.840744e-02	3.170022e-08	3.956750e-08
36	6797.528114	4.453869e-01	6.401506e-02	3.750193e-01	6.349623e-02	4.695190e-02	1.639443e-07	1.318511e-01	7.185229e-02
36	4348.934202	6.891982e+00	4.322976e-02	2.979316e-01	2.141639e-01	9.102451e-03	5.546482e-06	3.463635e-01	8.339978e-06
36	4247.723080	8.308502e+00	1.732967e-02	2.760021e-01	2.224501e-01	1.022809e-07	8.196564e-02	5.067881e-06	5.235490e-01
36	5044.158898	5.893524e+00	4.443116e-02	3.001851e-01	2.130002e-01	6.511182e-02	3.765466e-03	4.473374e-01	1.781740e-04
36	5886.555424	1.293413e+00	6.545991e-02	4.914713e-01	5.287930e-04	2.889931e-03	3.217936e-03	1.664919e-05	7.718653e-03
36	3009.528653	1.178856e+01	3.894357e-02	2.835246e-01	1.977465e-01	9.907768e-10	8.216346e-02	1.295582e-09	1.750253e-01
36	3689.085644	8.545661e+00	3.647446e-02	3.068484e-01	1.905193e-01	1.263865e-08	4.084074e-02	1.900168e-01	2.252154e-01
36	6740.006576	3.409009e+00	2.517498e-02	2.051939e-01	3.402438e-01	3.063114e-03	1.365654e-08	5.064263e-01	5.236000e-01
36	3355.002182	9.804199e+00	4.004854e-02	2.785630e-01	2.066307e-01	7.141570e-03	5.759474e-04	1.457464e-01	1.670664e-01
36	5010.596958	5.631486e+00	4.732130e-02	4.741241e-01	1.073721e-02	1.776626e-02	1.964470e-01	1.114907e-04	4.978659e-02
36	3299.181799	9.958748e+00	4.081609e-02	2.930913e-01	1.954815e-01	4.881755e-03	2.234588e-03	1.774712e-03	1.956422e-01
36	4231.240589	6.687488e+00	4.380846e-02	3.434215e-01	1.653092e-01	1.427586e-02	3.290148e-03	8.854044e-08	2.330222e-01
36	4742.259001	5.381203e+00	4.373343e-02	4.262302e-01	9.236387e-02	6.175232e-06	5.112518e-08	6.312588e-02	2.662461e-01
36	4706.065241	5.292446e+00	4.648749e-02	3.894471e-01	1.304585e-01	1.162622e-03	2.025639e-06	1.095637e-01	2.418024e-01
36	4080.538539	7.165338e+00	4.335287e-02	3.257982e-01	1.791677e-01	1.208989e-02	3.949617e-08	1.209186e-01	2.053200e-01
36	5425.577547	3.337725e+00	5.106981e-02	4.731799e-01	8.244613e-02	7.626110e-04	7.660539e-04	1.575610e-01	5.577514e-05
36	5223.923528	3.808487e+00	4.990546e-02	4.811885e-01	2.749921e-02	3.231509e-02	1.557478e-01	6.251368e-02	1.580170e-03
36	6087.571282	4.834799e+00	4.812603e-02	3.780524e-01	1.894773e-06	1.431529e-01	1.630233e-01	3.489509e-01	1.026672e-05
36	5971.748907	1.335670e+00	6.739677e-02	4.777853e-01	1.530456e-08	1.684302e-06	9.551672e-02	1.181886e-01	2.319549e-02
36	7168.030209	3.702734e+00	3.589098e-02	2.807064e-01	1.961058e-01	1.504951e-01	1.547620e-12	5.236000e-01	3.730375e-01
36	3473.281932	9.602873e+00	3.374380e-02	3.090033e-01	1.830643e-01	1.287099e-02	2.083216e-02	4.522226e-04	2.855080e-01
36	5188.994539	4.799428e+00	4.757976e-02	4.693987e-01	3.442647e-02	7.572489e-02	5.235274e-04	1.656897e-01	3.875481e-05
36	7703.187954	1.927390e+00	1.765700e-03	3.143169e-01	3.304568e-01	4.026954e-02	3.648499e-01	5.234204e-01	5.236000e-01
