38	3875.981568	4.885907e+00	5.188843e-02	4.280717e-01	1.492728e-01	3.604012e-03	4.795863e-04	3.644816e-06	1.721506e-02
38	2718.088964	1.002233e+01	4.558063e-02	2.813514e-01	2.304296e-01	3.357912e-09	1.344767e-01	2.075562e-05	4.105112e-02
38	2852.340909	9.026242e+00	4.408678e-02	3.109646e-01	2.165185e-01	2.032745e-03	1.039940e-01	1.827874e-01	1.003079e-06
38	4943.104815	1.802595e+00	7.248234e-02	4.858346e-01	7.076418e-02	5.641403e-09	2.821333e-02	7.156205e-09	6.972847e-02
38	3012.763557	8.051941e+00	4.101840e-02	3.281353e-01	2.073787e-01	8.641335e-07	4.824852e-02	1.681609e-01	1.747873e-01
38	3544.114953	6.979123e+00	3.870914e-02	3.399107e-01	2.054261e-01	3.680551e-02	1.429710e-01	3.631725e-01	3.060432e-07
38	2668.095875	1.013327e+01	4.345944e-02	2.717726e-01	2.389813e-01	1.296065e-02	2.050683e-02	2.351712e-01	7.094181e-09
38	3750.362413	7.270322e+00	3.349717e-02	2.898966e-01	2.523246e-01	1.657782e-02	1.810985e-01	4.483075e-01	1.150875e-09
38	5474.876486	3.642631e+00	2.735904e-02	3.144826e-01	2.974607e-01	1.897273e-02	5.634974e-05	5.235501e-01	5.139504e-01
38	2746.988134	9.697911e+00	4.744586e-02	3.010721e-01	2.230191e-01	9.121436e-06	1.787912e-05	1.490732e-01	2.778439e-04
38	2664.399720	9.815934e+00	3.994541e-02	2.991486e-01	2.201602e-01	7.822523e-03	4.241689e-02	3.515802e-07	2.025090e-01
38	2684.783888	1.014966e+01	4.734021e-02	2.772208e-01	2.362355e-01	2.747231e-09	3.765518e-02	1.098534e-01	2.300280e-08
38	3347.397107	7.042283e+00	4.571285e-02	3.968679e-01	1.640244e-01	2.629773e-02	1.170740e-01	1.853560e-05	1.795135e-08
38	2871.609388	8.934721e+00	4.644695e-02	3.138944e-01	2.089192e-01	3.464847e-02	7.309258e-04	6.540072e-08	1.523130e-01
38	4157.607591	4.797733e+00	4.477037e-02	5.171059e-01	8.987933e-03	5.421931e-02	1.347995e-03	2.674937e-02	4.656008e-02
38	2776.461769	9.202085e+00	3.658353e-02	2.973686e-01	2.234767e-01	1.692243e-08	1.106187e-02	8.051654e-02	2.434401e-01
38	4006.201972	4.278594e+00	5.301977e-02	4.588475e-01	1.171567e-01	3.329514e-02	3.839704e-02	1.964900e-05	1.002694e-02
38	2697.760925	9.898996e+00	4.571442e-02	2.910931e-01	2.291601e-01	6.620420e-03	3.072964e-03	1.739077e-01	3.851534e-04
38	4053.368980	4.944889e+00	4.143694e-02	3.924747e-01	1.735015e-01	4.401865e-03	5.214059e-09	2.971611e-01	2.106957e-01
38	2701.894300	9.545473e+00	4.071985e-02	2.951297e-01	2.241881e-01	5.654971e-03	1.178103e-04	1.061130e-01	1.870604e-01
38	4428.229780	3.185178e+00	5.892183e-02	4.855003e-01	8.939581e-12	9.067769e-02	3.178031e-10	8.611786e-02	1.368829e-02
38	4613.426354	4.514345e+00	3.247555e-02	3.680180e-01	1.701283e-01	3.723211e-04	7.177116e-02	3.651988e-05	4.452825e-01
38	2513.943847	1.138615e+01	4.018201e-02	2.589285e-01	2.442307e-01	1.226433e-06	7.623592e-04	2.222799e-01	8.912577e-02
38	4130.697709	3.875941e+00	5.282371e-02	4.734543e-01	1.013772e-01	3.535447e-02	8.513198e-08	8.270480e-02	4.967660e-02
38	4459.268514	2.996985e+00	5.809234e-02	4.821858e-01	8.686860e-02	2.516396e-04	1.413077e-02	9.819107e-03	1.185987e-01
38	4052.363365	4.424333e+00	5.204870e-02	4.509155e-01	9.782771e-02	8.483799e-02	1.951840e-08	1.349262e-01	3.808008e-12
38	3875.099586	4.637100e+00	4.918061e-02	4.577267e-01	1.214708e-01	1.969760e-08	1.234002e-03	6.328679e-04	1.007966e-01
38	3669.194789	5.639510e+00	4.292743e-02	3.847902e-01	1.718733e-01	4.448660e-06	1.372998e-02	1.516899e-01	2.114535e-01
38	3698.634427	6.560617e+00	3.630441e-02	3.508268e-01	1.644260e-01	9.061804e-02	3.057441e-03	1.127733e-03	3.106820e-01
38	4401.674539	3.184796e+00	5.516585e-02	4.847480e-01	8.161427e-02	2.059486e-03	6.544865e-02	2.538856e-02	1.135877e-01
38	3853.449509	4.771911e+00	4.983165e-02	4.642792e-01	1.144175e-01	3.632396e-02	1.013987e-02	1.725761e-02	2.800453e-07
38	5147.659564	2.388080e+00	7.122848e-02	4.128981e-01	9.282106e-02	5.455672e-02	2.440680e-01	5.033777e-09	1.235654e-08
38	3850.098158	5.085612e+00	4.932886e-02	4.598509e-01	9.839342e-02	7.370725e-02	3.954157e-02	6.727344e-07	5.926132e-03
38	3567.974870	5.776378e+00	4.727057e-02	4.184279e-01	1.535584e-01	9.970089e-03	5.979376e-13	1.279930e-01	9.328694e-02
38	3901.989900	5.930127e+00	4.910388e-02	4.275641e-01	8.446674e-02	1.254286e-01	4.806344e-05	4.366043e-09	2.549824e-09
38	2505.956620	1.152340e+01	3.925632e-02	2.746902e-01	2.300503e-01	1.807634e-04	1.550443e-01	1.280135e-01	9.581908e-02
38	4693.209342	2.372942e+00	6.579603e-02	4.914553e-01	6.654805e-02	2.485766e-02	1.151383e-03	8.516088e-08	8.460912e-02
38	3021.881540	7.947173e+00	4.216391e-02	3.310593e-01	2.046988e-01	1.580342e-08	2.943851e-05	1.054818e-01	1.902754e-01
38	5017.863328	1.705017e+00	7.632196e-02	4.796628e-01	2.679928e-03	7.336847e-02	4.211065e-03	9.274801e-05	9.010383e-02
38	3827.262339	5.551749e+00	3.919702e-02	3.805539e-01	1.812285e-01	1.828882e-07	2.398799e-07	2.901952e-01	2.251198e-01
38	3395.624006	6.627151e+00	4.657982e-02	3.989724e-01	1.640127e-01	1.236627e-02	1.011150e-01	2.577063e-07	6.593850e-02
38	2808.206014	8.964055e+00	3.951257e-02	3.086984e-01	2.157323e-01	4.616631e-05	3.204710e-03	1.941001e-09	2.234238e-01
38	6430.418866	3.693067e-01	1.022639e-01	2.236965e-01	1.511335e-01	5.138415e-06	1.490692e-01	3.993455e-05	2.160714e-02
38	3339.537631	6.878016e+00	4.800217e-02	3.518076e-01	1.985967e-01	2.162725e-02	2.605924e-11	1.979145e-01	1.357988e-09
38	5092.710811	5.233062e+00	2.905891e-02	4.021878e-01	2.898621e-07	1.596166e-01	6.992383e-04	1.715477e-01	4.401294e-01
38	3816.972887	4.865596e+00	4.818215e-02	4.509072e-01	1.250654e-01	1.695582e-02	1.001202e-02	5.684918e-02	1.162462e-01
38	3076.703692	7.966194e+00	4.222744e-02	3.359392e-01	1.968490e-01	2.927325e-06	1.218969e-01	2.630743e-07	1.678608e-01
38	3994.763270	4.270983e+00	5.055577e-02	4.699776e-01	1.074677e-01	2.820210e-02	2.670026e-06	4.989276e-02	6.966337e-02
38	4601.093169	2.590435e+00	6.284143e-02	4.859584e-01	8.136931e-02	3.511770e-04	6.450434e-05	1.761928e-02	8.436484e-02
38	2623.724938	1.095633e+01	3.888604e-02	2.730914e-01	2.342463e-01	2.020090e-07	1.453059e-01	2.378989e-01	3.576162e-03
