17	2838.166638	1.004459e+01	1.669034e-02	4.226143e-01	1.025602e-01	3.308049e-01	2.424214e-02	5.235877e-01	2.684735e-01
17	1761.538369	1.003549e+01	7.259801e-03	3.021511e-01	3.264602e-01	2.996774e-01	4.913432e-01	5.235978e-01	5.233228e-01
17	3298.844976	4.733273e+00	1.559682e-02	4.410226e-01	3.208085e-01	6.943528e-02	1.482440e-07	5.233531e-01	3.095130e-01
17	2223.171226	7.334654e+00	1.805173e-02	3.628362e-01	3.362987e-01	1.277782e-01	2.555816e-04	5.235993e-01	2.376504e-01
17	5460.893525	1.292606e+00	7.039750e-02	4.006784e-01	1.376989e-01	4.435842e-02	2.220338e-01	5.196928e-07	6.799322e-02
17	4811.409382	3.654931e+00	4.019801e-02	4.533835e-01	1.479046e-01	1.469759e-05	6.215174e-02	2.307812e-03	2.300772e-01
17	1160.006814	1.204670e+01	1.710762e-02	3.893927e-01	3.593444e-01	3.508736e-02	5.737443e-03	5.236000e-01	2.559719e-01
17	1709.940181	7.946118e+00	1.169975e-02	4.471921e-01	3.941192e-01	3.725237e-06	5.080295e-02	5.236000e-01	4.393192e-01
17	1709.141944	7.984275e+00	9.564052e-03	4.078317e-01	3.858885e-01	1.422684e-01	2.858301e-01	5.235990e-01	5.235999e-01
17	1603.200476	7.967084e+00	1.109364e-02	3.849521e-01	4.103479e-01	1.620814e-01	1.376698e-01	5.224858e-01	5.236000e-01
17	1248.125542	1.006887e+01	1.261035e-02	3.895593e-01	4.182429e-01	1.403505e-01	3.098882e-03	5.217326e-01	5.236000e-01
17	3811.186893	3.364726e+00	1.247946e-03	3.623838e-01	4.512006e-01	3.753945e-02	3.421380e-01	5.236000e-01	5.236000e-01
17	2672.133570	5.246491e+00	1.016730e-02	3.901836e-01	3.686980e-01	1.990227e-01	2.056591e-07	4.975874e-01	5.235984e-01
17	1555.228975	9.292690e+00	1.242726e-02	3.312999e-01	4.608083e-01	5.100626e-06	1.212866e-01	5.199870e-01	4.444415e-01
17	3658.548476	4.805163e+00	6.327729e-03	2.609660e-01	4.029404e-01	1.945236e-04	3.962640e-01	5.229682e-01	3.986176e-01
17	3186.185161	7.200211e+00	6.208657e-03	3.696811e-01	2.070884e-01	4.944152e-01	2.146559e-02	5.234746e-01	5.235281e-01
17	3851.136333	4.209253e+00	1.242723e-02	2.327058e-01	4.596746e-01	1.948615e-01	2.134801e-09	5.236000e-01	5.233421e-01
17	4703.970402	3.170628e+00	3.638283e-02	4.887149e-01	1.780755e-01	1.636489e-02	2.871224e-02	4.092883e-01	1.389001e-06
17	1366.303735	9.275085e+00	1.090115e-02	4.202101e-01	4.077813e-01	1.576316e-01	1.233302e-01	5.236000e-01	5.236000e-01
17	1238.177017	1.102994e+01	1.163047e-02	4.087257e-01	4.584193e-01	7.325362e-07	6.642116e-03	5.187933e-01	4.921426e-01
17	1290.408057	1.044525e+01	1.400834e-02	3.921662e-01	3.826027e-01	1.448372e-07	1.356715e-01	5.233300e-01	3.247640e-01
17	2334.033213	7.147147e+00	5.453756e-03	4.373056e-01	3.731465e-01	3.328042e-08	4.681996e-01	4.937349e-01	5.235897e-01
17	4831.499526	3.415547e+00	4.102219e-02	4.764188e-01	1.452121e-01	1.142612e-03	4.167315e-04	1.381899e-01	5.050770e-03
17	2080.433781	8.567702e+00	1.477535e-02	3.728323e-01	3.507288e-01	5.829008e-07	6.428945e-07	4.557996e-01	5.300719e-03
17	5570.406726	3.756831e-01	1.174500e-01	2.030722e-01	3.193784e-03	1.972158e-01	7.573836e-02	2.289647e-02	1.342525e-04
17	2782.450967	6.243237e+00	5.622085e-03	2.060591e-01	5.235918e-01	2.827695e-01	5.862281e-03	5.151826e-01	5.236000e-01
17	1350.665420	9.550035e+00	1.147985e-02	4.077449e-01	4.194552e-01	2.533878e-08	1.886740e-01	5.226403e-01	4.765544e-01
17	5673.030411	2.186220e-01	4.852951e-02	3.541139e-01	1.411703e-01	5.811258e-02	1.188846e-01	3.746424e-07	1.922293e-01
17	3148.037103	8.052227e+00	2.209129e-02	3.689984e-01	2.501886e-01	2.332861e-02	7.001408e-10	1.536910e-09	2.254326e-01
17	4603.216453	3.421749e+00	3.417701e-02	4.724484e-01	1.873429e-01	2.624401e-02	1.166668e-01	4.166730e-01	5.926285e-08
17	2294.371677	7.689862e+00	1.624582e-02	4.299886e-01	2.907430e-01	1.350560e-01	6.002522e-13	5.236000e-01	5.185406e-10
17	5016.150240	2.940171e+00	4.553749e-02	5.213775e-01	9.064616e-02	2.957196e-02	2.513734e-02	1.732874e-02	5.035944e-02
17	2356.515817	7.985611e+00	1.194861e-02	3.692270e-01	3.110554e-01	8.846106e-02	6.667821e-05	2.390053e-01	5.235997e-01
17	5223.465722	2.078848e+00	5.315862e-02	4.760381e-01	1.378160e-01	9.291943e-03	2.401613e-06	2.184647e-01	5.003570e-09
17	3863.814667	4.357344e+00	2.417297e-03	2.048696e-01	5.236000e-01	2.666681e-01	1.746401e-01	5.236000e-01	5.236000e-01
17	2216.390005	8.649930e+00	1.108633e-02	4.259324e-01	2.942126e-01	3.485952e-04	3.244031e-01	4.184248e-01	4.562145e-01
17	1167.604197	1.181085e+01	1.498199e-02	3.945580e-01	3.757877e-01	2.454644e-07	2.662296e-02	4.819355e-01	4.799751e-01
17	3629.252729	6.391661e+00	1.220057e-02	2.534690e-01	3.226415e-01	2.250896e-01	2.118881e-01	5.227512e-01	4.571497e-02
17	2635.516476	5.306597e+00	1.244512e-02	4.226467e-01	3.779693e-01	5.742490e-02	2.977221e-04	4.965209e-01	5.236000e-01
17	5055.751421	3.246053e+00	4.701146e-02	4.690282e-01	9.864897e-02	5.026756e-02	2.315770e-01	1.421755e-07	1.403480e-03
17	1568.970542	8.670486e+00	1.192487e-02	3.583813e-01	3.422410e-01	2.598373e-01	1.805723e-01	5.236000e-01	5.235996e-01
17	5285.586762	7.599862e-01	7.874527e-02	4.542986e-01	9.428155e-02	7.681257e-02	3.887467e-02	8.258570e-03	1.179675e-02
17	2373.426474	6.895970e+00	1.492428e-02	3.978596e-01	3.133325e-01	1.694208e-01	6.389493e-07	5.236000e-01	2.731677e-01
17	3102.284962	4.345508e+00	1.075001e-02	3.716738e-01	3.765364e-01	1.602154e-01	1.835033e-01	5.235997e-01	5.235985e-01
17	3660.216393	5.012161e+00	1.095203e-02	3.682352e-01	3.191653e-01	1.125760e-03	4.324815e-03	2.625698e-01	5.236000e-01
17	1991.007729	6.946255e+00	8.159153e-03	3.784068e-01	3.980702e-01	1.792618e-01	2.736890e-01	5.235988e-01	5.236000e-01
17	3209.540250	5.642647e+00	1.656285e-02	5.035597e-01	2.644542e-01	5.281004e-07	7.580012e-07	4.719654e-01	3.834054e-01
17	5403.722128	6.159826e-01	7.486152e-02	4.122994e-01	1.249208e-01	4.481607e-02	5.295077e-02	1.868906e-01	1.899727e-10
17	5298.759728	6.969132e-01	7.672872e-02	4.358975e-01	1.123667e-01	7.609951e-02	5.508695e-02	8.441013e-03	1.994098e-06
17	1115.573462	1.503245e+01	1.870666e-02	3.688259e-01	3.098144e-01	3.296194e-02	2.391693e-01	5.016863e-01	2.277298e-01
