10	6291.267145	1.006495e+00	9.051117e-02	4.775016e-01	2.092855e-07	7.173724e-02	1.142644e-02	3.041018e-06	5.026970e-06
10	3261.435006	7.751182e+00	3.273393e-02	2.807520e-01	2.969099e-01	2.022951e-02	2.868264e-02	5.235999e-01	2.297205e-01
10	3761.407689	6.053204e+00	3.885928e-02	3.804435e-01	2.327181e-01	2.021262e-02	2.466401e-11	5.236000e-01	1.645312e-03
10	3278.684317	8.131481e+00	2.416614e-02	2.085543e-01	3.112021e-01	1.415485e-01	1.106730e-01	5.235667e-01	4.404676e-01
10	3118.480705	9.467011e+00	3.377531e-02	2.538475e-01	2.889576e-01	6.663329e-02	1.472109e-04	5.188464e-01	1.724741e-01
10	3235.353230	9.684822e+00	3.768931e-02	2.596456e-01	2.561274e-01	1.147221e-01	1.527754e-07	5.236000e-01	2.730926e-07
10	5540.887198	2.653037e+00	6.536635e-02	4.865120e-01	1.698460e-08	9.142101e-02	1.412024e-03	1.544426e-07	9.305373e-02
10	8640.093836	9.818066e-01	1.253229e-01	1.509901e-01	1.591471e-01	5.470249e-02	3.522353e-01	9.010109e-08	5.378203e-02
10	4610.806410	6.430132e+00	4.059719e-02	4.446710e-01	3.764216e-02	1.533251e-01	9.286242e-10	4.496037e-01	2.285848e-09
10	3390.305877	7.648606e+00	3.787247e-02	3.034092e-01	2.758124e-01	2.625411e-02	1.235377e-06	5.235996e-01	3.115142e-02
10	3367.982993	6.609566e+00	2.084576e-02	2.765116e-01	3.274241e-01	1.105582e-01	1.137378e-01	5.235999e-01	5.236000e-01
10	4871.205585	4.278774e+00	4.906024e-02	4.684486e-01	1.149329e-01	3.408497e-02	3.410383e-06	1.606225e-07	1.407315e-01
10	5064.292097	3.817302e+00	5.316203e-02	5.051617e-01	8.457529e-04	8.386249e-02	3.418102e-03	9.899122e-10	9.440719e-02
10	3129.104445	1.169296e+01	2.640308e-02	2.213991e-01	2.920257e-01	7.511361e-02	7.878735e-02	4.613188e-01	3.481716e-01
10	4769.693313	4.945396e+00	4.449502e-02	4.688359e-01	1.873851e-07	1.335966e-01	3.145449e-03	3.801806e-01	7.955158e-02
10	4555.671333	5.938581e+00	4.118115e-02	4.563657e-01	6.256188e-02	1.328787e-01	4.406312e-02	3.149841e-01	2.278654e-06
10	4943.365749	3.417323e+00	2.160562e-02	2.512524e-01	2.945672e-01	1.593477e-01	2.361577e-01	5.235986e-01	5.227966e-01
10	5511.472649	2.571184e+00	6.300904e-02	5.100270e-01	3.946773e-09	6.745964e-02	1.136248e-03	5.528241e-02	5.417887e-02
10	3264.255853	8.489369e+00	3.733267e-02	2.755345e-01	2.837456e-01	5.470575e-02	3.257603e-07	5.235999e-01	1.575441e-02
10	6150.289090	1.393638e+00	8.183978e-02	5.055322e-01	1.324319e-03	4.414362e-11	5.000607e-02	1.288724e-01	4.917420e-10
10	4206.830076	4.521640e+00	2.447125e-02	3.175255e-01	2.707419e-01	1.715464e-01	5.449162e-02	5.236000e-01	4.157524e-01
10	3916.749612	8.583564e+00	2.808109e-02	2.912381e-01	2.408760e-01	6.465867e-08	3.059363e-06	1.685602e-07	3.942657e-01
10	3760.011048	7.649105e+00	2.054399e-02	3.033560e-01	2.724360e-01	6.686165e-08	3.318530e-01	5.235999e-01	1.735125e-01
10	4026.299706	6.090115e+00	3.516731e-02	3.332294e-01	2.147483e-01	1.296936e-01	1.690091e-01	5.236000e-01	2.380520e-08
10	3195.976941	7.328208e+00	2.392166e-02	2.503033e-01	3.449973e-01	2.435921e-02	2.441249e-03	5.229177e-01	5.003253e-01
10	3940.586896	5.574350e+00	2.574592e-02	3.591221e-01	2.384117e-01	1.061502e-01	1.579593e-01	5.236000e-01	3.680321e-01
10	4622.688648	4.466116e+00	4.553566e-02	4.184887e-01	1.244487e-01	1.393432e-01	9.872488e-04	5.042492e-01	8.013781e-08
10	4418.265876	4.120116e+00	3.771457e-02	4.463425e-01	1.974712e-01	1.017953e-03	4.057070e-08	5.236000e-01	1.481696e-01
10	5494.458866	2.581372e+00	6.089155e-02	5.225354e-01	4.259924e-02	2.475552e-02	3.408534e-02	5.660948e-07	3.571021e-02
10	5734.456624	2.106998e+00	6.680307e-02	4.913395e-01	8.321411e-02	2.042667e-08	2.336657e-02	1.965189e-07	8.491983e-02
10	3577.820245	6.775131e+00	3.608028e-02	3.159282e-01	2.745286e-01	5.411843e-07	1.073248e-01	5.235998e-01	4.376810e-02
10	5147.799676	3.645590e+00	3.473240e-02	4.192884e-01	2.063749e-01	1.126317e-01	3.973510e-04	5.207201e-01	8.897457e-02
10	6962.088328	5.354394e-01	1.339430e-01	2.597883e-01	4.331646e-02	1.645857e-01	9.081202e-08	5.326562e-03	2.661959e-03
10	4044.380036	5.582830e+00	3.324481e-02	4.446094e-01	2.002444e-01	5.993248e-06	1.294580e-01	5.233182e-01	2.160711e-06
10	3539.319051	9.733422e+00	3.191834e-02	3.131033e-01	2.273045e-01	1.615647e-04	7.810743e-03	6.273809e-05	3.222734e-01
10	3246.701228	8.701274e+00	2.189091e-02	2.253167e-01	3.340331e-01	7.400274e-02	1.013894e-01	5.020692e-01	5.235997e-01
10	3404.633660	6.824582e+00	3.213057e-02	3.140488e-01	2.818282e-01	2.512013e-07	5.002593e-02	5.235850e-01	2.585958e-01
10	3139.598658	8.886310e+00	2.868343e-02	2.431182e-01	3.065932e-01	7.069498e-02	6.320073e-09	5.157888e-01	3.325901e-01
10	3823.339775	8.086238e+00	2.952137e-02	2.322895e-01	2.434209e-01	1.979021e-01	1.282527e-01	5.236000e-01	2.100260e-01
10	6564.716842	1.644152e+00	8.248242e-02	4.205611e-01	1.054890e-01	1.597181e-02	9.434848e-04	3.073625e-05	2.391378e-01
10	5914.626593	1.724393e+00	7.363071e-02	4.988038e-01	3.839513e-02	5.629594e-02	7.540117e-02	6.910533e-10	3.996629e-10
10	3729.938787	7.988364e+00	1.897328e-02	2.465370e-01	2.895470e-01	1.128103e-01	4.039924e-07	2.858847e-01	5.235983e-01
10	3972.409792	6.379026e+00	4.088619e-02	4.026615e-01	1.913260e-01	1.784481e-04	1.078074e-02	3.501079e-01	5.198768e-02
10	3303.855590	9.083575e+00	2.761729e-02	2.786800e-01	2.779689e-01	4.031277e-03	2.596538e-01	5.235997e-01	8.638996e-07
10	7692.587251	7.448656e-01	2.090590e-01	1.246169e-01	7.019480e-07	1.848229e-01	1.114675e-01	3.787079e-02	2.719178e-02
10	3595.003974	9.510487e+00	3.870578e-02	3.276413e-01	2.176912e-01	5.583702e-04	8.295895e-02	2.441160e-04	2.112639e-01
10	4171.937440	5.241779e+00	2.524649e-02	3.867954e-01	2.417067e-01	1.090559e-03	2.384466e-01	5.235136e-01	2.254246e-01
10	4725.550782	3.061135e+00	2.177536e-02	4.243215e-01	2.819619e-01	8.788639e-06	2.243406e-05	5.236000e-01	4.514294e-01
10	5883.460082	1.883433e+00	7.310948e-02	4.852934e-01	2.901708e-06	8.576866e-02	6.084894e-02	8.972036e-02	3.816165e-02
10	3306.616048	7.029468e+00	2.191834e-02	1.774242e-01	3.459534e-01	1.813660e-01	1.139753e-03	5.199883e-01	5.234826e-01
