41	5665.609866	4.427309e+00	3.678082e-02	4.016143e-01	3.364351e-01	1.217001e-01	7.527428e-03	4.238905e-06	3.328965e-01
41	4907.518037	9.196629e+00	5.755552e-02	1.658634e-01	3.392594e-01	2.135020e-01	4.634010e-01	4.102206e-09	2.728948e-01
41	5169.805461	7.855277e+00	5.384254e-02	2.950903e-01	3.487371e-01	3.488897e-05	4.575691e-01	1.910582e-01	3.496691e-01
41	4884.651562	8.185714e+00	5.330884e-02	2.187682e-01	3.455665e-01	1.809654e-01	4.332429e-01	3.413808e-08	2.840549e-01
41	7405.675171	2.477634e+00	6.214524e-02	4.796792e-01	5.901869e-02	3.219983e-01	2.992634e-02	4.181324e-01	1.910803e-02
41	6506.309225	4.111698e+00	5.110144e-02	5.147070e-01	8.021908e-02	2.928036e-01	9.854910e-02	8.076826e-02	5.213963e-01
41	4884.651582	8.185341e+00	5.330558e-02	2.188011e-01	3.455599e-01	1.809406e-01	4.332750e-01	3.025184e-05	2.840337e-01
41	5055.511222	1.058848e+01	7.061645e-02	1.874916e-01	3.162354e-01	1.771740e-01	4.894680e-01	4.613858e-06	3.479109e-01
41	4893.409960	7.783463e+00	5.052616e-02	2.432291e-01	3.525936e-01	1.597024e-01	4.264159e-01	1.897249e-03	2.595642e-01
41	4939.744709	6.867786e+00	4.737966e-02	2.843890e-01	3.586820e-01	1.297559e-01	3.631113e-01	8.896391e-05	3.062375e-01
41	6771.143385	3.680255e+00	5.846835e-02	4.817134e-01	1.311664e-08	3.002547e-01	2.111446e-01	3.151792e-01	1.309112e-08
41	7143.241433	2.528691e+00	3.805598e-02	4.626599e-01	3.190910e-01	9.319404e-08	4.507521e-02	3.382731e-03	3.902413e-01
41	5530.005881	4.592183e+00	4.458510e-02	3.775103e-01	3.536692e-01	1.026130e-01	2.328665e-05	1.346862e-08	3.967537e-01
41	4885.994383	8.411952e+00	5.461067e-02	2.055573e-01	3.435128e-01	1.907300e-01	4.381940e-01	2.517622e-07	2.867823e-01
41	6057.552664	4.573337e+00	4.458592e-02	3.052459e-01	3.438000e-01	2.798442e-01	3.326494e-07	4.038093e-01	3.132820e-06
41	5468.244892	5.464581e+00	5.065039e-02	3.453930e-01	3.133114e-01	1.571809e-01	3.345337e-01	2.078169e-01	2.510990e-04
41	4884.651563	8.185788e+00	5.330964e-02	2.187614e-01	3.455669e-01	1.809710e-01	4.332389e-01	8.498976e-06	2.840600e-01
41	7336.745450	2.834061e+00	2.736707e-02	3.534921e-01	3.184896e-01	3.808477e-01	1.037116e-05	3.233756e-01	5.043500e-01
41	6437.520592	3.757230e+00	5.939904e-02	4.728446e-01	1.810525e-01	2.384095e-01	2.113012e-01	3.207349e-01	2.311962e-04
41	4907.199342	7.300095e+00	4.925826e-02	2.664028e-01	3.543209e-01	1.428407e-01	3.947475e-01	2.791465e-06	2.941586e-01
41	4885.946700	8.262235e+00	5.353685e-02	2.138922e-01	3.437622e-01	1.872289e-01	4.355007e-01	1.577851e-07	2.978047e-01
41	4925.508624	7.368559e+00	4.781197e-02	2.941707e-01	3.691039e-01	1.448124e-02	4.429646e-01	3.162741e-03	2.740406e-01
41	5043.368498	7.173817e+00	4.584029e-02	3.025575e-01	3.747080e-01	3.068211e-07	4.157061e-01	1.413397e-01	2.445330e-07
41	6139.937162	3.641518e+00	4.078733e-02	3.834320e-01	3.158056e-01	1.853764e-01	1.403631e-01	1.687331e-10	4.845079e-01
41	4892.217340	8.152084e+00	5.452053e-02	2.080829e-01	3.443146e-01	1.945679e-01	3.917230e-01	1.177076e-04	2.925294e-01
41	4980.252737	6.710331e+00	4.661735e-02	2.697940e-01	3.526473e-01	1.768549e-01	3.124986e-01	4.979866e-07	3.257772e-01
41	6656.430898	3.013966e+00	3.714969e-02	4.000575e-01	2.802665e-01	2.508785e-01	7.732681e-06	1.434983e-10	5.236000e-01
41	8373.904597	1.597667e+00	4.477930e-02	5.232030e-01	1.708932e-01	2.678465e-01	4.630325e-02	2.618774e-08	5.232709e-01
41	5353.623912	5.090479e+00	3.990537e-02	3.827213e-01	3.587821e-01	5.841574e-05	2.513773e-01	8.015885e-02	3.558823e-01
41	5016.176858	7.632738e+00	4.550005e-02	2.923157e-01	3.681654e-01	7.148497e-09	4.799424e-01	6.006730e-02	5.031770e-03
41	5174.468891	5.823305e+00	3.980634e-02	3.466195e-01	3.774841e-01	1.214253e-04	3.376925e-01	4.978316e-07	4.282149e-01
41	6336.168598	3.611446e+00	4.126235e-02	4.498623e-01	3.478007e-01	2.236493e-04	1.531651e-01	3.278699e-01	8.138921e-09
41	4917.311511	7.487259e+00	4.914794e-02	2.815044e-01	3.714247e-01	7.015028e-02	4.153687e-01	7.353931e-04	2.681262e-01
41	6566.108338	4.469155e+00	5.147091e-02	4.479195e-01	9.841809e-02	3.150792e-01	3.119285e-01	3.326510e-01	1.750419e-01
41	5758.836966	4.669931e+00	4.617001e-02	4.077082e-01	3.402855e-01	8.681563e-03	3.196032e-01	2.947053e-01	3.336424e-05
41	4884.660809	8.183703e+00	5.335585e-02	2.185879e-01	3.455974e-01	1.810960e-01	4.330759e-01	1.401596e-03	2.842756e-01
41	6417.624855	4.362392e+00	6.506482e-02	5.234268e-01	2.780008e-01	6.422649e-02	2.732356e-04	3.877450e-01	8.630570e-09
41	5907.457024	3.910482e+00	4.359841e-02	4.114599e-01	3.085602e-01	1.614985e-01	1.233236e-07	1.900344e-04	4.300701e-01
41	4884.651562	8.185716e+00	5.330887e-02	2.187682e-01	3.455664e-01	1.809653e-01	4.332432e-01	1.392709e-07	2.840547e-01
41	7665.026914	2.212409e+00	6.623432e-02	5.122366e-01	3.112515e-06	2.771965e-01	5.863220e-03	2.751421e-01	1.335451e-08
41	7382.129782	2.504225e+00	6.813739e-02	4.738963e-01	1.237528e-06	3.100235e-01	3.340476e-02	3.918679e-01	2.456704e-04
41	8223.241036	1.748212e+00	3.659374e-02	4.056740e-01	2.845199e-01	3.264375e-01	8.444444e-08	2.897021e-01	5.236000e-01
41	4885.140392	8.280545e+00	5.343056e-02	2.111069e-01	3.446586e-01	1.889970e-01	4.331081e-01	1.701360e-03	2.845158e-01
41	5045.889253	6.100234e+00	4.408817e-02	3.323412e-01	3.766686e-01	1.746678e-05	2.952595e-01	1.221430e-02	3.222537e-01
41	4897.083142	7.533597e+00	5.059566e-02	2.490230e-01	3.521740e-01	1.606158e-01	3.937300e-01	2.640683e-13	2.935340e-01
41	5373.362248	5.017710e+00	4.288900e-02	3.377520e-01	3.613740e-01	1.556011e-01	9.550466e-04	7.326019e-07	4.162773e-01
41	4910.815134	9.261551e+00	5.805970e-02	1.565851e-01	3.399193e-01	2.193951e-01	4.523137e-01	8.333519e-10	2.747133e-01
41	7121.415278	3.280041e+00	2.791937e-02	3.278536e-01	3.465650e-01	3.635436e-01	2.630451e-01	3.346658e-01	5.236000e-01
41	4884.686947	8.187655e+00	5.342612e-02	2.192480e-01	3.454162e-01	1.802925e-01	4.339166e-01	1.593090e-03	2.861984e-01
41	4884.651562	8.185715e+00	5.330885e-02	2.187680e-01	3.455664e-01	1.809656e-01	4.332427e-01	1.120966e-06	2.840542e-01
