14	6773.508801	6.049067e+00	2.753269e-02	4.847769e-01	1.315337e-08	1.358062e-01	1.684385e-05	3.565287e-01	6.454371e-02
14	10257.510567	8.879734e-01	9.240553e-02	4.172542e-01	5.124193e-02	8.795741e-02	4.774781e-14	4.770782e-02	3.677291e-02
14	9240.750443	2.124204e+00	6.822050e-02	4.854076e-01	3.684948e-08	5.276281e-02	1.244192e-01	1.829574e-07	2.398702e-07
14	5690.231607	6.643549e+00	2.523532e-02	4.638951e-01	1.356695e-01	1.217699e-01	1.807509e-03	5.235999e-01	1.769634e-09
14	4751.826263	8.930394e+00	6.999440e-03	2.506960e-01	3.065255e-01	1.642613e-01	1.112482e-08	3.101060e-01	5.219760e-01
14	10731.840827	3.126969e+00	9.164106e-02	3.003479e-01	8.191541e-02	1.108184e-01	3.202694e-01	1.815138e-06	2.275810e-09
14	10123.268832	1.435983e+00	8.622668e-02	4.126860e-01	7.778799e-02	8.090747e-13	2.135786e-01	1.031299e-01	6.479481e-02
14	6632.634126	5.561491e+00	1.815648e-02	3.148074e-01	2.769943e-01	1.059942e-12	2.520943e-01	5.236000e-01	2.275754e-01
14	10109.123530	1.538899e+00	8.210987e-02	3.996654e-01	8.266778e-02	3.821596e-02	2.561457e-01	1.002621e-07	3.984086e-02
14	5569.579940	7.091142e+00	2.180594e-02	4.458765e-01	1.168416e-01	1.745688e-01	2.352088e-05	5.235562e-01	1.918869e-03
14	3604.924840	9.259396e+00	1.255714e-02	2.452467e-01	3.481702e-01	1.420179e-01	1.124913e-02	4.826291e-01	5.215710e-01
14	4749.455264	1.038573e+01	3.682476e-02	3.915280e-01	1.800116e-01	7.887615e-08	6.017775e-02	5.533785e-06	1.525962e-10
14	11649.161064	2.719935e-02	2.719935e-02	9.431156e-13	2.472434e-01	2.043518e-01	3.911094e-02	2.140804e-02	3.899279e-02
14	4180.199245	8.590425e+00	1.263869e-02	3.380356e-01	2.639198e-01	1.698742e-01	1.117630e-01	5.016133e-01	5.003149e-01
14	10239.010771	1.628930e+00	7.034354e-02	4.678103e-01	3.645353e-05	9.688205e-08	1.616122e-07	3.399930e-01	3.106518e-02
14	9554.638066	4.531788e+00	7.397006e-02	3.124561e-01	4.753293e-02	1.952014e-01	3.801168e-07	6.891984e-09	6.126880e-02
14	4292.303076	6.951218e+00	9.679678e-03	2.274388e-01	3.976193e-01	1.962015e-01	3.173228e-06	5.235796e-01	5.232761e-01
14	5370.211249	6.806880e+00	1.846936e-02	4.055083e-01	2.371804e-01	7.575821e-02	1.353959e-01	5.236000e-01	1.885579e-04
14	5305.694462	6.825501e+00	8.345483e-03	3.706254e-01	2.767322e-01	8.246676e-06	1.275636e-01	3.422546e-01	5.236000e-01
14	10543.935687	2.344151e+00	6.774362e-02	3.876984e-01	2.863484e-02	1.031506e-03	2.999830e-01	2.620894e-03	2.493785e-01
14	4026.905181	7.962369e+00	1.243161e-02	3.357719e-01	3.310308e-01	4.794133e-02	4.229382e-04	4.741651e-01	4.812558e-01
14	5070.043410	9.637127e+00	2.086966e-02	3.123449e-01	1.767069e-01	2.117778e-01	4.604472e-09	4.648605e-01	3.452398e-03
14	6119.879850	5.355102e+00	1.816845e-02	4.756961e-01	2.004871e-01	1.948015e-04	1.939054e-05	4.966612e-01	3.540716e-01
14	4800.754730	1.123795e+01	2.014974e-02	3.443137e-01	1.576472e-01	1.897930e-01	1.543996e-02	3.866795e-01	2.470968e-09
14	7713.014321	4.191077e+00	2.461215e-02	5.235933e-01	1.189293e-02	1.389740e-01	2.560956e-03	5.235999e-01	1.972603e-01
14	4364.410452	9.626204e+00	1.599782e-02	3.909623e-01	2.073139e-01	1.474820e-01	5.016244e-03	5.232638e-01	4.086099e-01
14	5906.376663	7.906286e+00	3.304932e-02	4.545242e-01	1.311480e-01	1.825782e-04	1.719444e-04	4.698161e-06	1.518841e-01
14	6268.105501	5.739848e+00	1.134469e-02	4.905349e-01	1.647853e-06	2.410463e-01	8.979681e-02	5.221714e-01	5.058198e-01
14	4149.865817	1.043444e+01	2.122944e-02	3.335628e-01	2.289027e-01	1.277515e-01	1.643953e-01	5.235662e-01	7.182899e-04
14	4541.387218	8.911953e+00	1.428473e-02	3.892972e-01	2.296784e-01	9.292064e-02	2.278602e-01	5.141018e-01	2.446723e-01
14	10157.314123	1.181658e+00	8.807074e-02	4.466756e-01	5.209853e-02	1.937842e-02	8.222639e-02	1.685539e-01	2.179820e-07
14	4783.569648	1.032436e+01	3.663134e-02	4.114257e-01	1.655596e-01	1.785816e-02	6.619887e-07	2.508217e-06	8.574182e-02
14	9430.939438	1.996905e+00	7.079001e-02	4.617199e-01	7.691972e-02	1.761041e-05	1.330074e-01	1.243485e-05	5.539169e-02
14	10348.641899	9.951807e-01	9.627026e-02	4.281717e-01	4.843751e-03	2.638908e-02	1.910448e-01	7.720419e-02	8.044579e-02
14	10232.426938	7.385874e-01	8.562534e-02	4.538142e-01	4.632062e-02	2.244091e-02	4.806927e-03	1.973928e-03	4.089402e-02
14	4016.808666	9.776808e+00	2.105325e-02	2.932072e-01	2.832787e-01	1.180657e-01	1.738560e-09	5.236000e-01	8.386314e-02
14	5489.141382	6.238016e+00	1.059011e-02	2.986052e-01	2.201182e-01	2.918140e-01	6.835016e-02	5.009889e-01	5.235990e-01
14	10608.728339	6.668910e-01	7.534111e-13	3.450750e-01	3.099124e-01	8.178279e-12	4.500377e-01	4.519877e-01	5.236000e-01
14	7252.004133	3.266381e+00	2.853480e-03	4.113997e-01	3.190438e-01	2.751903e-02	3.152578e-01	5.236000e-01	5.143300e-01
14	6277.875631	6.311770e+00	3.171126e-02	4.151444e-01	1.774139e-01	5.446554e-03	3.352569e-03	3.544449e-01	2.880648e-02
14	11709.570315	8.100606e-01	2.024737e-01	1.706045e-01	1.068128e-03	1.270032e-01	1.171337e-01	1.448316e-02	1.431145e-01
14	4980.174027	5.928472e+00	9.601389e-03	3.428757e-01	3.205217e-01	1.231821e-01	9.654514e-02	4.741946e-01	5.236000e-01
14	8958.851041	5.225326e+00	6.257177e-02	3.287425e-01	1.068211e-07	1.704579e-01	2.181069e-01	1.655138e-06	8.319456e-07
14	4809.309997	9.642197e+00	2.164548e-02	3.821380e-01	1.402452e-01	1.977575e-01	1.359392e-05	5.231475e-01	3.690870e-05
14	7981.739427	5.026460e+00	1.531929e-02	3.837445e-01	1.953101e-01	2.244803e-02	9.715640e-07	8.475680e-03	5.236000e-01
14	5477.735367	8.731799e+00	3.759233e-02	3.895423e-01	1.793223e-01	1.844658e-08	2.347013e-09	8.461250e-08	4.866745e-07
14	8125.270614	4.585551e+00	1.095163e-02	4.464359e-01	1.402171e-01	1.266693e-01	3.995529e-04	2.103818e-01	5.236000e-01
14	6466.074102	6.658483e+00	1.701105e-02	7.714571e-04	4.233087e-01	1.083225e-01	9.543911e-02	5.236000e-01	4.044376e-01
14	5595.744009	9.314492e+00	1.429443e-02	4.304029e-01	6.467759e-02	1.937185e-01	2.867087e-01	5.235994e-01	2.667668e-04
14	8973.681773	2.525826e+00	6.346768e-02	4.891593e-01	2.495151e-06	5.996271e-02	1.128373e-03	7.338751e-02	1.014845e-01
