49	1496.134360	1.094426e+01	5.560233e-02	3.164484e-01	2.037068e-01	4.341152e-02	9.396862e-02	9.397950e-03	9.544635e-04
49	1502.563985	1.045582e+01	4.722355e-02	3.321593e-01	1.931222e-01	9.556164e-10	7.809852e-02	2.114776e-10	1.739211e-01
49	1518.389580	9.857139e+00	5.127098e-02	3.401515e-01	1.904328e-01	4.299975e-04	1.622589e-07	5.766565e-07	1.563115e-01
49	3131.003886	3.081101e-01	8.213448e-02	2.883230e-01	1.484063e-01	4.896554e-13	4.339168e-02	2.577404e-13	5.684685e-03
49	1608.465324	8.880634e+00	5.445388e-02	3.664533e-01	1.769451e-01	5.540622e-03	1.281631e-01	1.419940e-04	1.491781e-10
49	1596.553017	9.246931e+00	4.729150e-02	3.449528e-01	1.803376e-01	4.213947e-02	2.839386e-03	1.709429e-04	2.068479e-01
49	1533.228556	9.921472e+00	4.793683e-02	3.287979e-01	1.940123e-01	3.885288e-04	9.534137e-03	7.227227e-06	1.921112e-01
49	2091.235091	6.140451e+00	5.918808e-02	4.077832e-01	1.738926e-07	1.526529e-01	3.131886e-04	1.615542e-01	2.018392e-05
49	1888.100451	6.976447e+00	5.208356e-02	4.199978e-01	9.841392e-02	1.024363e-01	1.253202e-05	1.998304e-01	6.010021e-07
49	2896.682157	1.258531e+00	8.855322e-02	4.343336e-01	3.001357e-02	3.808143e-06	1.834885e-01	2.153922e-01	4.191912e-02
49	1626.757565	8.388634e+00	5.424562e-02	3.599111e-01	1.837602e-01	3.966406e-03	2.383990e-07	1.714346e-01	6.746005e-09
49	3761.044016	2.214628e-02	2.214628e-02	1.482001e-01	2.189850e-01	2.490665e-01	1.180562e-10	3.619593e-02	1.046783e-01
49	1697.617484	7.712985e+00	5.423254e-02	3.849765e-01	1.654621e-01	6.793009e-06	9.744721e-02	1.292521e-01	1.499674e-03
49	2467.962590	2.384030e+00	6.923305e-02	5.020085e-01	3.911937e-02	4.263712e-02	1.257765e-10	2.445971e-03	5.794376e-13
49	1594.884567	9.382691e+00	4.414559e-02	3.435563e-01	1.832565e-01	3.559685e-02	4.253669e-12	1.978544e-11	2.266375e-01
49	1590.379167	9.173413e+00	6.025489e-02	3.496535e-01	1.912366e-01	2.762680e-02	4.589159e-05	1.211471e-02	1.232374e-03
49	2150.893791	4.693652e+00	5.756544e-02	4.656871e-01	9.740036e-07	9.814574e-02	1.288853e-01	6.543277e-02	2.159722e-05
49	1689.467138	8.513618e+00	4.970216e-02	3.697850e-01	1.629670e-01	2.105705e-02	1.998870e-01	1.100234e-14	5.704372e-02
49	2038.432204	5.507605e+00	5.432093e-02	4.721540e-01	1.521060e-02	1.017194e-01	5.552777e-02	2.302018e-08	6.480325e-02
49	2677.896876	5.137983e+00	3.125479e-02	3.277409e-01	2.163558e-01	8.562356e-06	1.651201e-07	3.276625e-01	4.472811e-01
49	1562.818287	9.185000e+00	5.469308e-02	3.515455e-01	1.856884e-01	6.976239e-04	2.370434e-03	9.236119e-04	1.334452e-01
49	1907.860336	6.051100e+00	5.589971e-02	3.947175e-01	1.535178e-01	1.409835e-03	4.027877e-02	1.954380e-01	1.163918e-01
49	2546.076579	3.842641e+00	4.149291e-02	4.488924e-01	3.884857e-07	9.657917e-02	2.795206e-06	1.452703e-01	3.372025e-01
49	2092.618606	4.785491e+00	5.406825e-02	4.540738e-01	1.130782e-01	3.194863e-02	1.321086e-02	2.354333e-01	2.779447e-02
49	2837.095452	8.069184e-01	8.582570e-02	4.637543e-01	4.824626e-08	2.842240e-02	2.540481e-06	1.293720e-01	1.099976e-06
49	2601.251878	1.954548e+00	7.758279e-02	4.775415e-01	1.918971e-02	7.576323e-02	3.266114e-06	1.121073e-02	9.634426e-02
49	1495.525440	1.037719e+01	5.591526e-02	3.324215e-01	1.991253e-01	7.584566e-03	7.231101e-03	2.899385e-04	8.868024e-02
49	2809.841305	8.654347e-01	9.309471e-02	4.447819e-01	2.322651e-02	8.359842e-02	5.450113e-05	1.331873e-02	5.479802e-05
49	1922.983609	5.701696e+00	5.657555e-02	4.299353e-01	1.354825e-01	2.630689e-06	1.133746e-05	1.747892e-01	3.543901e-02
49	2344.542885	3.077136e+00	6.268678e-02	4.897627e-01	6.910114e-02	8.322070e-03	6.934017e-02	4.705978e-05	9.285463e-02
49	2762.370859	1.550688e+00	8.405969e-02	4.491442e-01	3.072837e-02	4.228652e-02	2.089279e-05	3.403598e-07	2.242817e-01
49	1642.595090	8.317755e+00	5.455160e-02	3.788120e-01	1.660137e-01	3.466584e-02	1.370636e-06	1.116036e-08	1.228068e-01
49	1680.431547	7.848363e+00	5.299115e-02	3.751368e-01	1.722620e-01	3.021591e-05	1.123249e-04	1.956543e-01	5.416096e-02
49	1506.139357	1.146853e+01	5.016764e-02	3.025012e-01	2.090259e-01	2.666536e-03	7.782837e-07	1.716322e-01	1.293346e-01
49	1641.894421	8.166737e+00	5.433387e-02	3.706984e-01	1.745172e-01	6.656617e-07	4.798546e-07	9.782912e-02	1.143409e-01
49	2403.235536	4.238694e+00	7.378415e-02	3.864930e-01	8.772555e-02	1.212563e-01	3.739660e-06	2.492637e-01	2.797473e-02
49	1719.964059	7.648403e+00	5.523375e-02	4.011750e-01	1.539242e-01	2.018893e-08	1.290566e-01	4.909121e-08	6.480920e-05
49	2599.988932	4.376839e+00	5.081308e-02	3.942231e-01	1.620479e-01	2.319158e-02	1.306072e-01	4.740297e-01	3.231783e-06
49	3012.829335	6.101122e-01	1.055784e-01	3.626803e-01	3.428066e-02	8.520457e-02	2.315186e-07	9.856917e-02	1.259676e-01
49	2469.124045	3.053348e+00	7.451615e-02	4.563262e-01	4.192847e-02	1.055564e-01	1.261036e-07	2.045071e-03	1.359510e-03
49	2141.133805	5.054148e+00	5.234801e-02	4.613778e-01	4.775531e-04	1.009655e-01	1.296388e-01	1.763642e-01	3.600391e-06
49	1513.871918	9.947338e+00	5.275111e-02	3.375121e-01	1.939581e-01	3.270647e-09	4.247588e-02	4.412542e-02	1.253797e-01
49	2183.269276	4.199656e+00	6.092720e-02	4.766957e-01	1.940257e-02	9.349108e-02	4.294732e-05	1.092888e-01	5.311434e-07
49	2048.647910	5.784091e+00	5.039375e-02	4.604555e-01	4.400277e-06	1.028044e-01	1.127521e-01	5.702503e-02	1.189791e-01
49	1536.189354	9.660752e+00	5.097597e-02	3.445396e-01	1.895723e-01	1.893619e-07	5.873019e-02	1.324582e-01	9.958293e-02
49	2151.710929	5.387261e+00	5.103643e-02	3.894705e-01	1.693883e-01	7.036828e-07	6.962491e-05	3.516228e-01	7.340474e-02
49	1606.565370	9.010761e+00	5.357858e-02	3.602294e-01	1.789668e-01	4.674624e-02	7.240878e-02	4.993713e-02	8.010258e-02
49	2815.488240	1.643216e+00	8.308332e-02	4.312106e-01	1.864318e-08	3.656914e-02	1.282116e-01	1.038496e-01	2.377435e-01
49	2076.568968	1.031469e+01	2.482346e-02	3.945423e-01	1.338969e-01	1.073016e-03	3.783768e-01	2.001902e-01	1.775740e-02
49	2518.621619	3.049736e+00	6.250421e-02	4.352326e-01	8.660608e-02	1.496320e-08	1.644083e-01	2.035972e-01	1.759400e-01
