9	7327.881633	1.067446e+01	6.055758e-02	2.864003e-01	2.047754e-01	2.136491e-02	1.693143e-04	8.596586e-02	1.078345e-09
9	7413.399830	1.072054e+01	5.543739e-02	2.820833e-01	2.055414e-01	4.431304e-02	6.867032e-06	1.159013e-04	8.125568e-02
9	8629.211370	6.326844e+00	7.637512e-02	3.595253e-01	1.264288e-01	1.004992e-01	5.998581e-11	6.005326e-02	1.337727e-10
9	11724.017335	5.650099e+00	2.268531e-02	3.551872e-01	7.658275e-02	1.714516e-01	1.773459e-06	2.508040e-01	5.235999e-01
9	11906.193654	1.047610e+00	6.591247e-02	4.839850e-01	3.836610e-04	1.151335e-06	7.555995e-02	4.998278e-08	8.872361e-02
9	9822.874358	2.931955e+00	8.478914e-02	4.436300e-01	9.472355e-02	2.982027e-07	2.659570e-08	9.091562e-02	6.141958e-09
9	9051.476307	5.503344e+00	5.441695e-02	4.017450e-01	1.345865e-01	3.979456e-04	4.973020e-02	2.959978e-01	3.416401e-02
9	9671.171788	2.934822e+00	7.658317e-02	4.941276e-01	2.904817e-02	1.908695e-02	9.770776e-07	2.844517e-03	2.404539e-05
9	9106.643125	5.226065e+00	7.848094e-02	3.963971e-01	2.224495e-06	1.419174e-01	1.508518e-02	3.753074e-07	4.356656e-05
9	7696.255145	9.307501e+00	5.768947e-02	3.145408e-01	1.874433e-01	2.350898e-03	1.637878e-03	1.811075e-01	9.265607e-05
9	7673.307313	9.020544e+00	6.578701e-02	3.202940e-01	1.861197e-01	1.701037e-03	3.525060e-02	2.192475e-02	5.292383e-02
9	9718.433652	3.818413e+00	1.036085e-01	3.739855e-01	1.424997e-01	1.554246e-07	5.197790e-02	1.266478e-08	8.365254e-03
9	7917.563330	8.194017e+00	6.637604e-02	3.452845e-01	1.676038e-01	2.942695e-02	2.076758e-09	1.123999e-01	4.511410e-05
9	14320.549101	2.462084e+00	1.096641e-06	4.546939e-01	1.095455e-01	4.920843e-02	3.783153e-01	1.413033e-01	5.174721e-01
9	7999.080953	8.435957e+00	7.198737e-02	3.125258e-01	1.734977e-01	7.301971e-02	4.830001e-02	7.193583e-08	3.275538e-09
9	13377.960604	1.992303e+00	1.026850e-01	3.329241e-01	4.470555e-08	2.391851e-09	3.044423e-01	6.572594e-02	2.233488e-01
9	9851.452470	3.210625e+00	9.132870e-02	4.188592e-01	3.510600e-06	1.102998e-01	4.742450e-06	1.454109e-01	6.134026e-07
9	7920.149224	8.346697e+00	6.004239e-02	3.407593e-01	1.717527e-01	9.960155e-06	1.071110e-01	9.715332e-02	7.646873e-07
9	8609.758129	5.640232e+00	6.887196e-02	3.987999e-01	1.350339e-01	1.019356e-08	1.132815e-08	1.494757e-01	1.132454e-07
9	12492.385795	7.662071e+00	2.576795e-02	1.043922e-01	2.438385e-01	2.298183e-01	1.030272e-10	5.235039e-01	2.738454e-01
9	8715.692539	6.159019e+00	5.742868e-02	4.117030e-01	8.746071e-02	8.562816e-02	5.900268e-03	7.279660e-10	1.694484e-01
9	10490.344272	1.886400e+00	1.139374e-01	4.336134e-01	1.277294e-02	8.778585e-02	1.820179e-05	7.411577e-03	2.144535e-03
9	7883.727991	8.753194e+00	7.084341e-02	3.117486e-01	1.757237e-01	7.050802e-02	6.521453e-06	2.282079e-05	2.789374e-02
9	7883.116149	9.059519e+00	5.026342e-02	3.159036e-01	1.884091e-01	6.699187e-09	2.524944e-02	2.354785e-01	1.545664e-08
9	10772.303044	1.933477e+00	8.616954e-02	4.484395e-01	4.895351e-02	3.262150e-02	1.512326e-05	3.817408e-03	1.667522e-01
9	9700.072863	4.100925e+00	8.270467e-02	3.743455e-01	1.198620e-01	6.239206e-02	2.735534e-09	2.817195e-04	1.681201e-01
9	9276.316457	4.128505e+00	6.599636e-02	4.371198e-01	1.040300e-01	1.995003e-03	1.258557e-01	2.415577e-02	5.233490e-08
9	11190.608596	2.338251e+00	1.469240e-01	3.418122e-01	3.913121e-02	1.409264e-01	7.967831e-02	4.977486e-05	2.701671e-05
9	14970.116626	2.522972e+00	2.437445e-01	1.179122e-01	1.040873e-07	2.119244e-01	6.537323e-02	6.470349e-03	5.496136e-03
9	11405.109624	3.975557e+00	1.480999e-01	2.703572e-01	1.031457e-01	1.552518e-01	2.513944e-02	3.548961e-03	4.570537e-05
9	8444.798126	7.619708e+00	4.648019e-02	3.564645e-01	1.635836e-01	2.940197e-05	8.678264e-07	2.610666e-01	1.408156e-01
9	7734.397660	9.168406e+00	5.661546e-02	3.297124e-01	1.770255e-01	9.905465e-03	3.094251e-02	1.557394e-09	1.400392e-01
9	9848.853484	4.961000e+00	5.215376e-02	3.546982e-01	1.567564e-01	1.705523e-06	9.646866e-08	1.886252e-01	2.306468e-01
9	8342.341671	6.815521e+00	6.718830e-02	3.707541e-01	1.466075e-01	2.444210e-02	6.214140e-02	1.304606e-01	7.689364e-02
9	14138.717060	2.466166e+00	2.311180e-01	1.997940e-01	1.450328e-01	1.085935e-01	3.159037e-02	1.242472e-02	9.526649e-02
9	11070.190332	1.375728e+00	9.837183e-02	4.468295e-01	3.725485e-02	2.447079e-06	1.676545e-01	2.357368e-05	1.391708e-02
9	10682.135930	3.284361e+00	7.896956e-02	3.728804e-01	9.396442e-02	5.759828e-02	2.026540e-01	6.111371e-08	1.742925e-01
9	10181.554123	3.113227e+00	1.043443e-01	4.003464e-01	1.029211e-01	5.978437e-09	1.509402e-07	2.048634e-01	7.838562e-03
9	9396.631039	4.204627e+00	5.995350e-02	4.961859e-01	6.442667e-04	7.835911e-05	9.990573e-02	1.681867e-01	7.629532e-03
9	7898.043953	9.050580e+00	6.008459e-02	3.385196e-01	1.604159e-01	6.358471e-02	4.666418e-02	1.604667e-07	1.126266e-01
9	8169.735309	7.557614e+00	7.503073e-02	3.440489e-01	1.563903e-01	6.123660e-02	6.126071e-02	4.750658e-02	7.070662e-03
9	8071.051065	8.652737e+00	4.680771e-02	3.519291e-01	1.762445e-01	9.120482e-04	5.585016e-03	2.269017e-01	4.005274e-03
9	8543.415303	6.555867e+00	5.982920e-02	4.213780e-01	1.105188e-01	1.596359e-02	1.657945e-06	1.197778e-01	1.321562e-01
9	8657.374293	6.326892e+00	6.559150e-02	4.145436e-01	8.980127e-02	8.110562e-02	1.082845e-01	8.598647e-02	1.739406e-03
9	8458.062822	6.036863e+00	7.494741e-02	3.838259e-01	1.474571e-01	1.311098e-02	2.432294e-05	1.446654e-07	2.449011e-02
9	9447.187914	5.411617e+00	5.563960e-02	3.979572e-01	6.435765e-02	1.202705e-01	4.646779e-05	3.133853e-01	1.144979e-02
9	9046.075280	4.326503e+00	7.365293e-02	4.434509e-01	9.935768e-02	5.216343e-05	6.680927e-02	7.363865e-02	9.775223e-06
9	13678.568818	2.298552e-01	6.037386e-02	3.214115e-01	6.347345e-06	8.897407e-02	2.055728e-01	4.784816e-02	2.834171e-02
9	11046.538234	1.827976e+00	1.400657e-01	3.796554e-01	3.657366e-09	1.192706e-01	1.088242e-04	3.699719e-03	6.192776e-02
9	9446.710551	3.987855e+00	9.159607e-02	4.075440e-01	1.190722e-02	1.260448e-01	1.036633e-09	1.058404e-08	3.819007e-02
