46	6089.357879	9.495354e+00	3.176400e-02	3.732062e-01	1.589451e-01	3.076791e-03	2.086517e-02	1.377700e-01	2.013748e-01
46	6139.331888	8.983023e+00	3.304086e-02	3.723668e-01	1.668289e-01	8.224096e-03	2.117082e-09	2.733828e-01	1.266886e-01
46	8243.758800	5.157738e+00	2.503113e-02	4.209828e-01	1.975083e-01	4.851055e-02	1.716758e-01	5.206591e-01	3.947076e-04
46	19542.514502	3.138399e+00	1.707244e-10	4.615576e-01	2.990817e-01	1.257883e-02	1.045566e-03	3.799203e-01	5.045361e-01
46	34431.784851	4.611243e+00	4.031097e-02	5.236000e-01	1.546521e-03	4.161431e-06	1.209105e-02	4.097242e-01	4.098077e-03
46	7589.073047	7.356985e+00	1.488384e-02	3.960767e-01	1.693587e-01	3.135029e-02	9.404317e-10	1.280713e-01	5.194643e-01
46	8897.054309	4.827050e+00	2.443445e-02	4.258247e-01	1.235842e-01	1.634121e-01	2.300023e-08	5.235224e-01	2.589754e-01
46	301339.908975	1.561963e+00	6.223489e-02	4.083076e-01	2.022236e-01	1.736130e-11	9.027515e-02	8.869780e-13	3.413598e-02
46	14888.885480	3.423287e+00	5.497323e-03	4.333466e-01	9.802108e-02	2.647126e-01	2.769824e-01	5.236000e-01	5.235720e-01
46	7720.301047	5.221850e+00	1.761843e-02	3.758812e-01	2.510091e-01	3.675059e-02	1.561686e-03	5.128094e-01	5.236000e-01
46	14042.094858	2.875233e+00	7.340059e-03	4.248003e-01	2.013492e-01	2.631235e-01	2.461153e-08	5.235137e-01	5.235969e-01
46	6375.957321	6.147107e+00	3.356992e-02	4.886154e-01	8.005909e-02	2.841744e-02	1.598720e-09	2.044589e-01	9.746066e-10
46	6095.345547	8.729938e+00	3.261818e-02	3.934905e-01	1.444527e-01	2.920296e-04	4.287614e-08	9.656420e-02	2.087902e-01
46	6212.373474	9.197012e+00	3.234174e-02	3.938665e-01	1.361834e-01	3.874711e-03	2.051496e-01	9.487319e-05	2.663437e-02
46	8600.911299	5.615235e+00	1.464244e-02	4.555720e-01	1.562928e-01	1.793003e-07	3.282948e-05	2.701830e-01	4.116498e-01
46	319284.863853	7.470320e-01	6.838364e-05	5.235999e-01	3.868803e-02	3.532329e-01	7.934040e-05	5.235919e-01	3.600934e-01
46	20911.210732	3.181455e+00	1.087550e-02	5.236000e-01	1.295870e-01	1.683306e-01	3.931605e-06	5.234080e-01	4.733020e-08
46	8957.381600	4.609978e+00	1.455740e-02	3.861011e-01	2.116364e-01	1.451510e-01	1.617017e-01	5.235967e-01	5.236000e-01
46	8514.538578	6.910685e+00	2.933313e-02	3.003819e-01	2.452734e-01	1.221329e-01	6.095885e-08	5.236000e-01	7.714468e-02
46	13002.473904	2.802965e+00	3.359135e-03	5.210514e-01	2.594066e-01	1.322206e-01	8.818773e-07	5.163788e-01	5.236000e-01
46	8490.084281	4.492251e+00	1.802638e-02	4.448410e-01	1.998221e-01	6.821860e-02	3.735820e-09	5.236000e-01	4.462429e-01
46	14478.019882	2.825683e+00	5.272624e-03	5.236000e-01	2.018795e-01	1.797526e-01	7.294976e-13	5.236000e-01	4.818858e-01
46	6112.460517	1.071201e+01	2.921878e-02	3.539082e-01	1.692308e-01	5.523965e-04	3.970759e-02	8.947817e-02	2.330106e-01
46	35399.862099	2.110270e+00	3.725143e-03	4.737365e-01	1.381595e-01	3.126557e-01	4.584064e-05	5.226817e-01	5.106417e-01
46	16952.507607	3.170519e+00	1.171762e-07	4.058408e-01	3.921723e-01	2.259029e-02	1.056275e-03	4.627664e-01	5.236000e-01
46	144158.615160	2.186291e+00	1.405849e-05	2.769588e-01	2.019274e-01	3.525913e-01	4.158249e-03	5.235967e-01	2.887749e-03
46	74643.837201	3.550506e+00	3.069064e-02	4.983668e-01	5.808588e-02	1.261689e-01	1.183382e-01	1.595363e-10	1.050275e-03
46	6298.495835	6.254991e+00	3.418127e-02	4.965069e-01	6.631311e-02	2.215524e-05	2.019097e-02	1.475503e-04	5.434347e-02
46	6118.798152	9.021724e+00	3.264188e-02	3.795523e-01	1.575954e-01	8.439831e-10	8.861698e-02	2.209967e-01	1.300588e-01
46	6155.175147	7.190509e+00	3.521254e-02	4.440590e-01	1.099956e-01	6.824840e-06	1.791570e-08	7.336856e-02	1.582792e-01
46	17383.043842	2.383510e+00	3.453057e-04	5.053072e-01	2.740496e-01	2.141761e-01	1.152345e-05	5.236000e-01	5.235998e-01
46	8784.000522	4.298471e+00	1.565618e-02	3.688011e-01	2.933471e-01	7.352711e-02	1.984380e-04	5.232947e-01	5.107022e-01
46	6309.625162	7.486913e+00	3.470829e-02	4.357610e-01	9.947195e-02	5.286921e-02	1.574714e-01	9.014391e-12	1.857241e-02
46	6187.549551	7.417171e+00	3.436491e-02	4.213928e-01	1.346010e-01	2.233654e-03	7.240691e-02	2.689630e-01	7.193997e-02
46	8727.293411	5.197015e+00	2.574314e-02	3.690685e-01	2.069704e-01	1.335047e-01	3.996244e-10	5.236000e-01	2.496252e-01
46	17746.627357	3.450708e+00	8.586064e-03	4.836494e-01	1.889302e-01	1.454513e-01	1.205171e-01	5.236000e-01	1.007889e-10
46	8254.961138	7.239772e+00	2.765815e-02	3.004327e-01	2.463691e-01	1.117268e-01	9.953214e-02	5.236000e-01	1.329177e-09
46	13377.119069	3.707114e+00	4.333897e-03	5.191508e-01	2.049962e-01	2.650774e-08	2.824453e-01	5.183293e-01	2.920442e-01
46	86622.772647	3.012742e+00	1.233216e-08	2.580936e-01	1.564721e-01	3.871151e-01	3.497839e-04	5.235915e-01	7.849400e-03
46	7443.053281	5.494089e+00	2.499578e-02	3.966820e-01	2.185258e-01	9.598056e-03	5.362941e-07	5.235997e-01	2.947346e-01
46	9458.620582	3.659287e+00	1.354725e-02	4.279054e-01	2.585447e-01	9.663831e-02	2.200924e-02	5.235216e-01	5.235805e-01
46	9719.851939	3.587493e+00	1.172604e-02	4.903097e-01	2.353202e-01	6.803913e-03	3.227270e-11	5.213539e-01	5.235998e-01
46	15698.614243	3.530968e+00	1.458548e-02	5.231033e-01	7.720682e-02	1.792987e-01	2.558042e-06	5.221422e-01	2.651782e-07
46	6097.830037	8.649474e+00	3.274639e-02	3.974269e-01	1.406669e-01	6.577573e-08	1.543162e-07	2.717728e-02	2.167604e-01
46	210404.896083	1.439720e+00	2.021329e-06	3.981767e-01	3.085195e-01	2.100417e-01	5.235997e-01	4.673816e-01	4.910304e-01
46	6401.208882	9.102522e+00	2.550738e-02	3.958807e-01	1.334370e-01	2.642958e-02	1.497860e-01	5.621165e-05	2.510775e-01
46	6114.422286	8.051843e+00	3.371794e-02	4.117764e-01	1.331448e-01	4.851619e-06	2.704390e-05	1.162173e-01	1.882572e-01
46	6729.679704	9.899026e+00	3.803365e-02	3.421668e-01	1.831020e-01	4.838852e-02	1.055152e-04	3.072567e-02	2.350887e-10
46	6289.424673	8.213846e+00	3.295371e-02	3.791866e-01	1.687891e-01	2.599274e-02	1.379206e-11	3.788868e-01	8.040737e-02
46	16188.993404	4.094772e+00	4.790496e-03	1.654808e-01	3.322434e-01	3.508348e-01	9.181184e-02	5.236000e-01	5.235928e-01
