4	3316.251635	4.095383e+00	4.389756e-02	4.445615e-01	5.819198e-07	1.240360e-01	1.081615e-08	5.362096e-06	9.247853e-02
4	2070.511519	6.604147e+00	2.241724e-02	2.356120e-01	2.828416e-01	1.917697e-07	2.858601e-01	5.005871e-01	1.531261e-02
4	2642.275652	5.237876e+00	3.211123e-02	3.666631e-01	2.025587e-01	5.629660e-02	8.893540e-08	3.000744e-01	3.495888e-04
4	3372.427969	2.639494e+00	4.406696e-02	4.626051e-01	1.301097e-01	4.968128e-03	1.176106e-10	3.751718e-01	2.384414e-07
4	1800.457670	7.607270e+00	2.260569e-02	2.255241e-01	2.861007e-01	3.598650e-02	1.397205e-02	4.054452e-01	3.848778e-01
4	2955.585445	3.350945e+00	2.900677e-02	3.910768e-01	2.280513e-01	4.458418e-03	1.590825e-01	5.235995e-01	2.061792e-01
4	1804.435097	7.382424e+00	2.147062e-02	2.299660e-01	2.879581e-01	5.673306e-03	2.962432e-02	3.830214e-01	4.056344e-01
4	3490.228923	2.193271e+00	2.908158e-02	4.068393e-01	2.231925e-01	4.301388e-02	5.885190e-08	5.236000e-01	3.485309e-01
4	3441.658141	2.346384e+00	5.469795e-02	5.003382e-01	2.561279e-04	4.230170e-02	1.554071e-02	3.155859e-02	1.722217e-02
4	2688.233442	3.196160e+00	3.076989e-03	2.275912e-01	3.560713e-01	1.216880e-01	3.778599e-01	5.236000e-01	5.222248e-01
4	2128.181136	4.716991e+00	1.346225e-02	2.396581e-01	3.396631e-01	8.766989e-03	2.474352e-01	5.075880e-01	5.235999e-01
4	1573.684344	1.231466e+01	2.437731e-02	2.371520e-01	2.466943e-01	2.475107e-03	3.622675e-02	1.243796e-01	2.441990e-01
4	1820.012326	7.250599e+00	2.102495e-02	2.241949e-01	2.934968e-01	2.237079e-02	3.129331e-02	4.019466e-01	4.312252e-01
4	2821.381480	4.357333e+00	3.192053e-02	3.504014e-01	1.997029e-01	5.033268e-05	2.111655e-01	3.356818e-01	9.648558e-04
4	1662.115351	9.880961e+00	2.504380e-02	2.274018e-01	2.647812e-01	3.757287e-02	1.679183e-02	3.094491e-01	2.440614e-01
4	1880.198177	8.357536e+00	2.496474e-02	2.107212e-01	2.818699e-01	7.011259e-02	2.261674e-01	5.235979e-01	5.116716e-02
4	1702.921208	9.064900e+00	2.091506e-02	2.301010e-01	2.694239e-01	1.521112e-06	2.980121e-02	2.786274e-01	3.574860e-01
4	3021.300614	2.981857e+00	1.585477e-02	3.777744e-01	2.672749e-01	1.547550e-01	1.790734e-09	5.236000e-01	5.144844e-01
4	1672.842861	9.707526e+00	2.096071e-02	2.327907e-01	2.631748e-01	4.709550e-03	8.203535e-08	2.515045e-01	3.485545e-01
4	4017.599591	3.279480e-01	7.556318e-02	3.411617e-01	7.252710e-06	6.215074e-02	1.355952e-03	7.179251e-02	2.570901e-05
4	3690.579161	1.619488e+00	6.278346e-02	4.459329e-01	8.955619e-02	3.840454e-02	6.521074e-02	1.953789e-02	1.309423e-01
4	1661.859990	9.650381e+00	2.306024e-02	2.365388e-01	2.614196e-01	1.494465e-02	1.214598e-04	2.794534e-01	3.046300e-01
4	4011.307395	4.233208e-01	7.747288e-02	3.322289e-01	9.709888e-02	1.404644e-03	8.600826e-06	6.660093e-02	8.553317e-02
4	2555.509634	3.511659e+00	1.797020e-02	2.840308e-01	3.041838e-01	1.033100e-01	1.215410e-01	4.727114e-01	5.236000e-01
4	1615.552500	1.077241e+01	2.410292e-02	2.386874e-01	2.516798e-01	9.615015e-09	1.555279e-04	1.086735e-01	2.561749e-01
4	3245.140115	3.579999e+00	1.975675e-02	2.746522e-01	2.535856e-01	3.948478e-02	7.166274e-02	1.110187e-01	5.235997e-01
4	3937.566999	1.945907e+00	5.624936e-02	4.077322e-01	1.520825e-01	2.756607e-02	9.488604e-09	2.666780e-07	3.358843e-02
4	1889.305458	7.233797e+00	2.585812e-02	2.117593e-01	2.981846e-01	8.993628e-03	7.456632e-08	4.743805e-01	3.554598e-01
4	1805.169772	7.361246e+00	2.197787e-02	2.323838e-01	2.862518e-01	4.947438e-04	5.396445e-08	3.666921e-01	3.803072e-01
4	4665.174269	2.761906e-02	2.365125e-02	3.107425e-01	4.962468e-07	5.062161e-02	1.045809e-06	1.011938e-01	4.340809e-02
4	3346.436299	3.016123e+00	4.790843e-02	4.458695e-01	8.248420e-02	6.269134e-02	1.638515e-01	7.271032e-06	1.468495e-06
4	2567.995810	4.719894e+00	2.925045e-02	3.454676e-01	2.330190e-01	2.934618e-02	2.233437e-01	5.231836e-01	1.984655e-06
4	2556.095160	3.682450e+00	1.616885e-02	1.889976e-01	3.319764e-01	1.897721e-01	1.798885e-01	5.236000e-01	5.236000e-01
4	1886.581698	7.981463e+00	2.278604e-02	2.483080e-01	2.639629e-01	1.360733e-02	2.513332e-01	4.428848e-01	1.834405e-07
4	4371.651655	1.436240e+00	4.994651e-02	4.282884e-01	1.503931e-01	1.731565e-03	7.492397e-11	4.498215e-01	5.054068e-11
4	1709.567346	8.700441e+00	2.320087e-02	2.332421e-01	2.715688e-01	2.149282e-03	3.124927e-02	3.281717e-01	3.120775e-01
4	3075.153201	3.601084e+00	2.914961e-02	3.097801e-01	2.425600e-01	8.974464e-02	2.563143e-01	5.235987e-01	3.838860e-03
4	3133.551146	4.017365e+00	4.000480e-02	4.279425e-01	1.127468e-01	9.497093e-02	4.948338e-07	1.454501e-01	6.903933e-08
4	2791.706245	4.147550e+00	2.606954e-02	2.861390e-01	2.570892e-01	4.875999e-06	3.067516e-01	5.235996e-01	2.397456e-06
4	2288.365795	4.152362e+00	8.614566e-03	2.449805e-01	3.475111e-01	5.932432e-02	3.230115e-01	5.235436e-01	5.222963e-01
4	2668.413370	3.986251e+00	2.751292e-02	3.469630e-01	2.520996e-01	4.754586e-07	1.760389e-01	5.236000e-01	2.381279e-01
4	1767.922727	8.083109e+00	2.476650e-02	2.287181e-01	2.796042e-01	2.938664e-02	2.726688e-07	3.691338e-01	2.935085e-01
4	3670.740557	6.515945e-01	7.896788e-02	4.369331e-01	2.244955e-02	6.346366e-10	6.268611e-02	2.301643e-10	2.701654e-04
4	2008.383326	5.793875e+00	1.853490e-02	1.881380e-01	3.145082e-01	1.099148e-01	6.894073e-02	4.171601e-01	5.235998e-01
4	1684.724329	9.106192e+00	2.383415e-02	2.343376e-01	2.672692e-01	8.655256e-05	3.379611e-02	3.118081e-01	2.866766e-01
4	2985.516216	2.894629e+00	1.903396e-02	3.163328e-01	2.759868e-01	6.165164e-02	1.972867e-12	3.734268e-01	5.236000e-01
4	3029.527735	3.987054e+00	3.843148e-02	4.271222e-01	1.461791e-01	2.416883e-02	6.838540e-08	2.609744e-02	2.197329e-06
4	1917.106579	6.564940e+00	1.779260e-02	2.122783e-01	3.123999e-01	4.043519e-02	1.617281e-01	4.513880e-01	4.580858e-01
4	2303.910794	4.096109e+00	1.672346e-02	2.775512e-01	3.126433e-01	1.011611e-03	1.548550e-01	4.529494e-01	5.235910e-01
4	2403.084509	4.696632e+00	8.537750e-03	1.947973e-01	3.728922e-01	5.828592e-02	3.155370e-01	5.235938e-01	3.957520e-01
