29	4451.797042	1.541718e+00	6.003486e-02	4.382350e-01	1.584533e-03	1.726468e-11	2.721485e-01	5.919916e-03	9.925384e-10
29	2748.270204	5.469166e+00	3.615153e-02	4.892827e-01	1.033038e-10	3.742427e-02	7.778583e-11	8.826817e-02	1.708112e-01
29	4399.560590	2.024295e+00	5.526201e-02	4.187212e-01	1.860223e-08	2.178744e-07	3.348511e-01	1.352478e-03	2.727182e-09
29	2483.830225	8.702596e+00	3.513055e-02	3.485063e-01	1.611049e-01	1.188292e-03	1.447818e-01	3.171721e-01	4.398307e-03
29	3036.894750	4.897992e+00	4.347576e-02	4.309347e-01	1.312358e-03	9.043853e-02	1.416868e-01	1.850304e-03	1.838831e-01
29	5461.343946	7.322899e+00	3.876125e-02	2.178329e-02	2.577559e-01	1.746766e-01	5.416397e-03	5.234340e-01	3.125470e-08
29	2659.994177	9.075176e+00	2.412734e-02	3.558757e-01	1.371986e-01	8.218013e-06	2.328440e-01	1.727016e-03	2.481917e-01
29	5156.833559	1.570491e+00	6.742898e-02	4.585442e-01	2.232405e-08	6.704017e-02	6.804494e-05	1.516966e-01	2.950286e-02
29	2758.295385	5.365351e+00	3.816769e-02	4.770105e-01	6.590701e-02	2.692160e-03	7.396873e-04	6.526539e-02	1.380935e-01
29	3520.119814	3.181164e+00	4.210203e-02	4.644977e-01	2.440754e-05	2.226608e-03	2.399920e-01	2.848580e-03	8.658334e-02
29	5422.435118	3.702994e-01	8.632013e-02	2.809780e-01	7.479353e-02	3.358282e-02	1.834876e-01	3.993738e-02	1.260101e-02
29	2619.217850	6.459139e+00	3.568930e-02	4.504422e-01	7.695852e-02	1.823563e-02	1.068271e-02	2.766528e-02	2.262449e-01
29	2860.386195	4.646991e+00	3.788628e-02	5.010486e-01	8.926115e-05	9.952665e-09	6.428957e-02	7.428490e-10	1.228040e-01
29	2592.978763	6.809734e+00	3.565643e-02	4.357555e-01	8.007480e-02	4.329986e-02	5.402420e-05	2.671241e-05	2.407086e-01
29	4195.256903	1.855038e+00	5.578827e-02	4.657533e-01	2.392292e-02	3.951100e-11	2.035057e-01	6.259100e-03	5.712520e-10
29	2741.405635	5.909132e+00	3.685036e-02	4.514258e-01	3.308235e-06	7.527998e-02	1.726240e-01	5.321897e-06	1.253178e-01
29	4153.848503	2.451190e+00	4.804571e-02	4.699434e-01	1.644982e-02	1.833222e-02	1.917810e-01	3.033486e-01	2.195023e-12
29	4934.111630	5.336778e+00	4.335340e-02	2.214456e-01	2.391322e-01	9.436435e-02	1.328239e-01	5.236000e-01	7.574865e-07
29	2339.035735	9.415141e+00	3.731772e-02	3.418723e-01	1.604250e-01	2.236065e-02	2.863359e-08	1.593249e-01	1.862282e-01
29	4804.422947	9.945519e-01	6.934873e-02	4.152218e-01	5.131642e-03	1.339198e-02	2.701065e-01	7.208888e-03	2.354149e-03
29	4970.634147	2.103984e+00	4.720966e-02	4.938188e-01	1.134840e-02	3.755530e-03	3.398743e-05	4.281937e-01	9.096388e-02
29	2319.098565	9.679273e+00	3.537490e-02	3.570038e-01	1.428511e-01	1.364398e-02	1.644733e-01	1.281657e-07	1.675116e-01
29	2456.968028	8.273811e+00	3.587283e-02	3.750740e-01	1.396269e-01	3.756318e-03	1.425358e-01	1.823227e-01	1.332302e-01
29	2451.595990	8.114476e+00	3.711682e-02	3.753725e-01	1.357946e-01	3.137268e-02	2.888951e-02	4.403210e-07	2.265006e-01
29	2742.448706	5.694233e+00	3.657216e-02	4.982461e-01	4.693039e-02	4.397707e-10	1.051118e-09	1.344685e-01	1.459180e-02
29	4666.337347	2.055245e+00	4.771185e-02	4.619380e-01	2.014472e-03	1.401509e-02	2.187569e-01	3.202322e-01	1.515458e-06
29	4377.100730	4.007436e+00	4.092469e-02	3.657719e-01	7.105869e-02	3.457216e-02	3.712825e-01	3.620917e-07	1.055708e-01
29	2854.516912	7.471952e+00	2.984778e-02	3.477506e-01	1.689873e-01	1.797062e-02	1.957863e-01	4.434847e-01	1.084698e-01
29	2864.408483	4.823553e+00	3.728757e-02	5.084508e-01	2.125395e-02	3.179497e-08	2.456966e-04	2.072983e-01	2.616140e-02
29	2399.839542	8.522308e+00	3.582874e-02	3.752260e-01	1.358172e-01	1.094790e-02	1.503378e-08	9.927603e-02	2.400775e-01
29	2496.202368	7.501952e+00	3.645916e-02	3.977613e-01	1.222644e-01	2.034458e-03	2.191709e-02	1.675569e-03	2.412654e-01
29	2312.400038	9.711496e+00	3.425868e-02	3.500138e-01	1.433313e-01	3.351214e-02	2.594570e-02	9.368038e-04	2.694300e-01
29	3767.391642	2.526939e+00	4.965223e-02	5.005385e-01	1.442066e-02	3.232650e-03	1.242362e-03	1.140177e-01	6.534063e-02
29	2574.404603	8.313413e+00	3.538145e-02	3.988278e-01	6.100926e-02	9.593633e-02	1.298691e-05	2.767342e-03	2.685981e-01
29	5688.892598	3.620888e-01	1.601390e-01	7.179742e-02	8.382714e-04	1.034825e-01	4.412695e-02	1.996359e-02	3.149356e-02
29	5042.298219	7.666279e-01	7.807608e-02	3.896039e-01	2.241768e-06	6.056753e-02	2.200375e-01	3.534304e-07	3.305640e-02
29	2836.655233	5.011810e+00	3.843040e-02	4.756883e-01	6.969281e-02	1.089847e-07	3.531539e-08	4.223304e-10	1.355695e-01
29	2736.190839	5.474239e+00	3.632639e-02	4.960502e-01	2.830442e-02	2.046942e-02	6.394287e-02	1.438155e-04	1.115019e-01
29	4701.370520	9.919326e-01	6.882019e-02	4.427604e-01	5.207991e-07	2.582215e-03	1.979528e-01	2.867237e-02	4.965706e-04
29	2373.067136	8.908500e+00	3.523672e-02	3.675240e-01	1.379096e-01	5.037810e-11	1.363131e-01	1.838459e-09	2.019640e-01
29	2817.534837	5.015551e+00	3.832759e-02	4.867508e-01	1.430388e-04	4.408010e-02	1.377095e-01	3.239441e-04	3.424897e-02
29	2270.113569	9.989887e+00	3.543916e-02	3.416991e-01	1.575189e-01	5.849087e-04	5.120589e-02	7.743669e-02	2.241672e-01
29	2460.379888	8.075724e+00	3.640564e-02	3.741104e-01	1.399412e-01	2.060837e-02	1.796297e-05	1.716369e-01	2.122480e-01
29	2260.746608	1.073652e+01	3.612653e-02	3.306496e-01	1.633712e-01	1.109157e-02	1.848177e-01	1.357596e-01	2.665396e-06
29	2876.518976	6.297200e+00	3.428213e-02	4.193535e-01	7.716873e-05	1.054344e-01	1.914841e-01	2.638860e-01	1.035703e-01
29	2428.315399	9.298200e+00	3.978330e-02	3.354593e-01	1.691470e-01	3.594511e-02	1.848974e-08	2.756956e-01	2.770750e-05
29	2426.786034	8.351382e+00	3.566055e-02	3.736551e-01	1.379348e-01	5.811127e-03	7.441692e-02	1.506483e-01	2.144916e-01
29	3465.147513	3.256044e+00	4.327295e-02	4.675244e-01	1.135406e-02	2.065277e-02	1.935117e-01	2.385382e-05	1.529844e-01
29	2519.977727	8.465652e+00	3.629634e-02	3.733670e-01	1.025583e-01	9.272212e-02	2.234545e-08	1.246389e-01	2.325441e-01
29	3326.629936	3.825904e+00	3.915372e-02	4.877295e-01	2.935632e-10	7.287043e-02	5.521240e-02	3.246608e-01	1.106604e-09
