30	2974.798576	9.804465e+00	3.685454e-02	3.679842e-01	1.618647e-01	1.427546e-02	7.285293e-02	8.996798e-02	2.090633e-10
30	5622.315395	8.159196e-01	8.054618e-02	4.053441e-01	1.169613e-02	6.802623e-02	1.771934e-01	2.569724e-07	1.874810e-09
30	4433.272638	3.504303e+00	4.491744e-02	4.857314e-01	6.703841e-09	2.536741e-03	5.868088e-03	8.229889e-02	2.081765e-01
30	3201.156888	8.372140e+00	3.856252e-02	3.956491e-01	1.417251e-01	4.567136e-02	3.361824e-10	1.078463e-06	2.929111e-08
30	3755.564711	7.095769e+00	3.473491e-02	3.660927e-01	1.783730e-01	1.369138e-06	6.550353e-11	2.602735e-01	1.870840e-04
30	3275.841633	9.975370e+00	3.905172e-02	3.477920e-01	1.184138e-01	1.257429e-01	9.784151e-02	6.043626e-10	2.745743e-08
30	3516.655279	7.702949e+00	3.627746e-02	4.386119e-01	9.805694e-05	1.058231e-01	3.376224e-02	1.112295e-07	1.557732e-01
30	2929.677523	1.027811e+01	3.709211e-02	3.475970e-01	1.775122e-01	3.886089e-07	1.336427e-03	1.177853e-01	1.563410e-03
30	4113.885779	6.395221e+00	4.629469e-02	3.572051e-01	1.428589e-01	1.838550e-04	1.866624e-01	7.168541e-02	1.330770e-01
30	5003.977375	1.752010e+00	6.253819e-02	4.927943e-01	2.594653e-12	1.818592e-02	2.380563e-12	4.385379e-12	4.210542e-02
30	5280.807944	1.190362e+00	6.797535e-02	4.820275e-01	3.022384e-07	7.444930e-03	1.121137e-03	6.696153e-02	1.614000e-06
30	3168.505411	8.511935e+00	3.624918e-02	3.943800e-01	1.423652e-01	1.916451e-04	1.191040e-01	9.332418e-02	6.152597e-06
30	3714.129189	8.930333e+00	1.892208e-02	3.579070e-01	1.480472e-01	8.439810e-02	4.630827e-08	8.933132e-02	4.156588e-01
30	4415.043690	5.665818e+00	3.815680e-02	4.037781e-01	1.219079e-01	8.579365e-02	4.789955e-02	3.862930e-01	6.572267e-02
30	4715.211998	2.600759e+00	5.401512e-02	4.801907e-01	1.030414e-02	4.797870e-02	1.241380e-01	8.869537e-13	5.598245e-08
30	2907.029255	1.043710e+01	3.607710e-02	3.581713e-01	1.699841e-01	2.207483e-04	4.232041e-02	1.296601e-01	3.179026e-04
30	5312.025886	7.754856e+00	1.559200e-02	3.463154e-01	6.289940e-15	2.049179e-01	3.879244e-15	1.853254e-01	4.850500e-01
30	6447.120004	8.027217e-01	1.257677e-01	3.061854e-01	6.852417e-07	1.948461e-04	2.040221e-01	1.714390e-01	2.160481e-07
30	3150.212794	8.415275e+00	3.548527e-02	3.935059e-01	1.398947e-01	2.531105e-02	1.783543e-05	2.135614e-02	1.614910e-01
30	5138.683077	1.519615e+00	6.527374e-02	4.869394e-01	6.384704e-05	2.626434e-02	1.825550e-09	5.004153e-02	4.126526e-02
30	5443.442377	1.250402e+00	7.340874e-02	4.485732e-01	3.642371e-08	7.686583e-02	6.179505e-02	2.124540e-08	4.550242e-09
30	4411.474252	3.154270e+00	4.878799e-02	5.025908e-01	2.544984e-02	1.077125e-02	1.190142e-02	4.498419e-02	7.584263e-04
30	3425.072664	7.261029e+00	4.006079e-02	3.964729e-01	1.396777e-01	5.582752e-03	1.217504e-01	9.595642e-04	5.447022e-02
30	3750.576691	5.616151e+00	3.938488e-02	4.772118e-01	2.385737e-05	8.025923e-02	3.898825e-02	3.994532e-02	2.203261e-05
30	9087.950407	6.890507e-01	1.205487e-09	4.155738e-01	2.282748e-01	1.167896e-01	2.813456e-01	3.934200e-01	5.235882e-01
30	3102.539813	8.915495e+00	3.788397e-02	3.858804e-01	1.482343e-01	3.897201e-02	2.657374e-02	7.499466e-08	5.935710e-02
30	3047.838956	1.116439e+01	2.198311e-02	3.348489e-01	1.791726e-01	2.628007e-04	2.365646e-07	1.034362e-01	2.972500e-01
30	3661.166967	6.673372e+00	3.458807e-02	3.926190e-01	1.398094e-01	1.075852e-05	4.806081e-04	1.653690e-01	2.203698e-01
30	5464.495458	9.280952e-01	7.611507e-02	4.615387e-01	5.952618e-09	3.451689e-04	2.542164e-02	9.020752e-02	7.234879e-03
30	3216.287837	8.177137e+00	3.924113e-02	3.938270e-01	1.493550e-01	2.273698e-03	1.189486e-02	1.173357e-01	1.345003e-06
30	5455.168218	1.598835e+00	6.796128e-02	4.467810e-01	7.338617e-09	6.517110e-02	1.502723e-01	1.437081e-01	3.085892e-02
30	5632.441190	1.758848e+00	6.726381e-02	3.998735e-01	4.654735e-02	5.480111e-02	2.825099e-01	1.094336e-01	3.110921e-03
30	6486.152041	1.703535e-01	4.773622e-02	2.446013e-01	1.058246e-01	4.530441e-02	5.891567e-10	6.139048e-02	1.015939e-01
30	3198.606080	8.553242e+00	3.794503e-02	3.848104e-01	1.467923e-01	4.675561e-02	8.908065e-08	1.714086e-01	4.289581e-08
30	3620.916341	5.979010e+00	3.983299e-02	4.734557e-01	8.084251e-02	5.145615e-07	5.560418e-02	5.671122e-08	2.381674e-08
30	4221.062646	3.713717e+00	4.418282e-02	5.077698e-01	1.800124e-08	1.565867e-02	9.118025e-04	7.293954e-02	2.160237e-04
30	5565.086968	4.534726e+00	2.015091e-02	3.706449e-01	1.694519e-01	6.096409e-02	4.034612e-02	2.408166e-01	5.236000e-01
30	6679.464960	1.149164e-01	4.563015e-02	5.727448e-02	1.554281e-01	2.208460e-04	4.163979e-09	6.265922e-09	2.432505e-02
30	3076.741042	9.090886e+00	3.561461e-02	3.815813e-01	1.487315e-01	4.843224e-05	1.340687e-01	2.877920e-03	5.616899e-02
30	5529.010767	8.319849e-01	7.452228e-02	4.391236e-01	4.922210e-02	3.420116e-02	8.315173e-02	7.610238e-05	4.516141e-06
30	3856.319439	5.320952e+00	4.315763e-02	4.461879e-01	9.751528e-02	3.740143e-02	5.790475e-03	1.480031e-01	7.933279e-02
30	10279.947185	4.724843e+00	2.658610e-02	1.409354e-01	2.544179e-01	6.669767e-06	3.819231e-01	5.235986e-01	4.132599e-03
30	3143.265220	8.403506e+00	3.627930e-02	3.921666e-01	1.442309e-01	1.229162e-02	2.679908e-07	1.865728e-07	1.416717e-01
30	3507.227789	7.437273e+00	4.058186e-02	4.088918e-01	8.530479e-02	1.125505e-01	6.521749e-06	2.676975e-08	1.251597e-09
30	3278.218841	7.908581e+00	3.759705e-02	4.007143e-01	1.444567e-01	2.829498e-03	2.746617e-08	1.671831e-01	8.474615e-06
30	3002.622573	9.642445e+00	3.395514e-02	3.683525e-01	1.566584e-01	2.527431e-09	1.082297e-01	9.137798e-02	1.172625e-01
30	3176.852144	8.303328e+00	3.694618e-02	3.858164e-01	1.511442e-01	9.261064e-04	1.386371e-07	8.972163e-02	1.186459e-01
30	3138.410605	8.548206e+00	3.303716e-02	3.934963e-01	1.405982e-01	1.502072e-03	1.612815e-02	3.033699e-02	1.939098e-01
30	3415.691952	6.950744e+00	3.825091e-02	4.188132e-01	1.279480e-01	1.734957e-02	7.912346e-05	2.221981e-10	1.137624e-01
30	5114.445249	5.710602e+00	1.625811e-02	3.267107e-01	2.097719e-01	8.535534e-07	2.959099e-02	9.758461e-02	5.236000e-01
