52	24764.858921	4.269059e+00	2.504727e-11	5.236000e-01	1.780728e-01	1.235132e-11	2.648330e-01	4.699530e-01	2.556830e-01
52	10099.464461	6.917687e+00	2.528112e-02	5.068356e-01	1.370193e-03	1.033600e-03	1.446116e-02	1.827447e-01	1.094058e-01
52	170508.939496	2.487486e+00	5.856279e-05	5.235608e-01	3.584767e-02	2.951638e-01	5.186431e-01	5.235977e-01	3.900866e-01
52	21754.618470	8.941829e+00	4.442524e-03	1.513414e-01	2.692708e-01	2.470307e-01	1.344600e-01	4.261170e-01	5.105967e-01
52	9298.767383	7.836959e+00	3.020115e-02	4.569740e-01	7.517698e-02	3.363708e-02	8.806220e-02	1.706113e-02	7.288773e-02
52	13877.040224	1.069468e+01	8.348224e-03	3.107911e-01	2.017186e-01	9.831984e-02	2.553440e-02	1.657353e-01	5.235998e-01
52	12862.392362	6.578250e+00	1.224055e-02	4.508021e-01	1.391756e-01	9.920557e-07	4.534021e-03	2.447506e-01	2.554694e-01
52	188255.709588	4.043151e+00	1.499321e-01	5.050804e-01	3.065101e-05	1.231504e-05	6.464490e-02	2.867891e-06	2.901205e-03
52	10258.298656	1.078252e+01	2.335090e-02	3.622685e-01	1.596330e-01	3.856012e-02	1.004187e-01	2.343874e-01	1.093603e-01
52	14888.418496	7.488017e+00	5.814224e-03	4.239408e-01	1.075947e-01	9.723922e-02	3.042164e-01	3.369761e-01	1.342526e-04
52	19070.342325	4.476114e+00	1.363569e-02	5.235985e-01	7.436252e-02	1.400668e-01	6.111797e-04	5.235945e-01	8.635936e-02
52	10194.123008	6.759939e+00	2.367837e-02	4.908308e-01	7.143718e-02	9.311315e-06	2.380079e-05	1.833953e-01	5.636081e-02
52	9862.232574	6.916521e+00	2.330826e-02	5.018476e-01	3.613156e-02	9.468188e-05	6.937346e-02	1.138347e-01	1.086390e-01
52	24123.435498	4.204760e+00	8.186625e-03	3.544460e-01	1.199657e-01	2.892700e-01	9.036786e-02	5.103111e-01	5.235703e-01
52	71537.602810	2.278829e+00	1.021369e-07	5.236000e-01	1.932153e-01	2.710357e-01	1.298069e-01	5.236000e-01	5.235987e-01
52	791637.135396	1.111143e+00	2.001020e-01	4.215893e-01	3.112072e-09	1.487279e-01	4.399693e-12	3.344453e-02	5.828778e-02
52	391677.356985	3.226082e+00	2.739846e-02	5.236000e-01	7.260283e-02	6.903337e-02	3.625532e-01	4.511615e-03	3.331928e-10
52	193571.074065	2.243433e+00	1.966192e-03	5.082285e-01	2.864116e-01	4.429383e-06	5.236893e-04	5.235109e-01	1.204727e-01
52	27421.680661	3.265357e+00	1.208329e-07	5.235928e-01	1.184272e-01	2.222899e-01	6.774526e-02	5.213155e-01	3.984296e-01
52	20140.931001	6.385884e+00	5.235754e-03	4.038710e-01	2.433018e-07	1.934626e-01	3.433521e-01	5.007051e-01	1.520332e-01
52	31967.854645	3.871666e+00	1.238949e-06	4.293654e-01	1.372637e-01	2.286595e-01	1.388857e-01	5.235997e-01	2.672637e-03
52	9730.845046	8.171233e+00	3.018675e-02	4.588714e-01	3.905911e-09	6.573624e-02	6.249247e-08	1.378413e-01	1.693803e-01
52	141963.648189	2.113354e+00	5.769714e-10	5.235928e-01	1.703686e-01	3.038490e-01	4.177547e-01	5.236000e-01	5.235998e-01
52	75882.406406	3.083734e+00	3.351830e-03	4.262444e-01	3.095599e-01	1.278567e-01	3.942935e-01	5.235978e-01	5.209533e-01
52	9341.087329	1.028983e+01	2.806616e-02	4.038086e-01	1.127873e-01	9.847206e-09	1.195261e-01	1.000068e-01	1.596804e-01
52	17073.603333	5.113035e+00	7.716308e-03	5.235843e-01	1.730502e-05	1.225898e-01	1.221510e-01	3.721849e-01	1.169930e-02
52	800064.603212	1.346529e+00	1.703049e-01	3.447284e-01	1.697306e-02	2.245305e-01	4.225185e-02	1.336788e-02	3.713108e-05
52	62248.948362	4.386804e+00	3.490722e-11	4.912756e-01	1.698590e-01	5.191090e-02	5.128904e-08	2.465803e-01	1.052655e-06
52	616233.715039	1.965875e+00	3.471969e-01	4.375306e-01	2.908536e-04	3.179652e-06	2.788888e-02	8.658144e-03	5.382244e-02
52	15865.377828	5.189363e+00	1.550637e-02	5.216205e-01	1.199939e-01	1.143422e-05	7.841734e-02	4.394102e-01	1.514135e-03
52	15421.285517	9.201490e+00	2.226143e-02	3.016202e-01	1.713026e-01	1.671711e-01	2.241650e-02	4.694563e-01	1.759175e-03
52	13942.631560	7.595184e+00	2.262316e-02	3.743178e-01	1.984601e-01	4.158766e-05	3.901704e-02	4.013330e-01	6.126438e-03
52	9431.054895	8.018736e+00	2.993644e-02	4.573687e-01	3.813389e-09	7.469935e-02	1.417427e-01	2.298346e-02	4.675695e-05
52	21821.456385	4.260646e+00	5.803250e-05	5.114489e-01	6.002324e-07	1.888307e-01	3.778618e-03	3.532486e-01	4.537666e-01
52	17796.791249	4.808328e+00	1.747594e-02	5.131495e-01	1.489465e-01	3.009500e-05	1.159009e-07	5.224046e-01	1.182730e-01
52	11867.326622	8.953914e+00	3.112315e-02	4.402716e-01	7.792499e-02	4.353739e-03	2.080682e-06	3.565199e-01	1.151888e-02
52	11584.049078	8.226957e+00	2.115811e-02	3.873590e-01	6.271764e-02	1.543154e-01	1.694104e-10	2.546932e-08	1.015542e-10
52	207901.290805	2.864120e+00	8.463643e-05	3.368717e-01	2.175664e-01	3.015357e-01	1.729162e-01	5.235951e-01	4.512621e-03
52	63547.980624	3.050980e+00	5.634098e-07	4.860097e-01	1.480873e-01	2.200302e-01	2.690104e-02	5.234596e-01	1.888283e-05
52	16236.482088	5.075052e+00	9.945597e-03	5.236000e-01	1.211834e-01	3.869333e-02	2.714423e-02	3.824673e-01	1.232754e-02
52	22811.653147	3.981246e+00	1.420515e-07	5.159099e-01	5.529144e-02	1.963511e-01	1.606162e-03	3.789438e-01	5.235918e-01
52	11289.361118	6.716627e+00	1.658372e-02	4.915002e-01	4.076971e-02	6.539420e-02	1.464769e-01	2.269044e-01	4.374581e-05
52	16916.453199	6.775797e+00	7.806019e-04	3.604001e-01	1.589711e-01	1.622575e-01	2.348124e-09	3.512297e-02	5.027340e-01
52	25204.666804	3.354994e+00	2.702106e-03	4.375151e-01	2.550684e-01	1.749781e-01	7.982495e-02	5.235993e-01	5.235987e-01
52	13404.717934	6.054715e+00	9.563751e-03	4.846964e-01	4.145866e-02	1.134516e-01	5.738878e-02	2.423056e-01	1.269673e-01
52	22810.225521	4.303878e+00	1.512667e-12	5.236000e-01	1.815206e-01	9.223328e-12	2.691578e-01	5.229126e-01	1.730768e-01
52	20823.089237	9.966243e+00	1.378637e-02	1.925437e-01	1.666446e-01	2.700863e-01	3.609585e-11	4.660030e-01	3.677627e-10
52	137599.202442	2.389218e+00	3.400979e-06	5.138829e-01	5.661178e-04	2.888598e-01	5.236000e-01	5.235959e-01	4.962421e-01
52	9812.086625	8.285493e+00	2.090119e-02	4.567964e-01	5.396037e-02	4.537013e-02	2.805147e-05	1.686583e-05	2.827455e-01
52	12513.705756	7.974469e+00	1.607897e-02	3.953416e-01	1.683762e-01	3.319947e-03	1.655146e-01	2.854286e-01	1.775872e-03
