55	2703.082015	3.656454e+00	5.733369e-02	4.811684e-01	4.568970e-02	3.817824e-04	4.544138e-04	3.703964e-02	8.451999e-02
55	2988.828812	5.911991e+00	4.885056e-02	4.138695e-01	1.712511e-05	9.488822e-02	4.805426e-02	1.715047e-06	2.273763e-01
55	3028.459731	8.167009e-01	1.046943e-01	4.189493e-01	9.894571e-08	2.000398e-02	2.159848e-02	3.309764e-05	4.468792e-02
55	2758.852644	3.666835e+00	5.831607e-02	4.192143e-01	8.153969e-02	1.445206e-02	2.291820e-01	1.329854e-05	2.860095e-02
55	2525.575369	8.242706e+00	4.318918e-02	3.035742e-01	1.755423e-01	1.423154e-02	1.037675e-05	4.408414e-02	2.374623e-01
55	2630.395666	7.954385e+00	4.599494e-02	3.250957e-01	1.601079e-01	5.727696e-03	2.083769e-01	1.342333e-10	9.734038e-13
55	2526.842005	8.236573e+00	4.530768e-02	3.054071e-01	1.764322e-01	1.719357e-03	6.915246e-03	5.243470e-02	2.168199e-01
55	2704.306229	4.098061e+00	5.520567e-02	4.455868e-01	7.322860e-02	1.997277e-02	1.189948e-01	8.689260e-02	1.197474e-01
55	3436.775259	5.634185e+00	2.773368e-02	2.765504e-01	1.941908e-01	2.563558e-09	3.949424e-02	9.969608e-03	5.236000e-01
55	2988.573264	3.038530e+00	6.520482e-02	4.176811e-01	4.970793e-02	5.099001e-06	6.949329e-02	1.504461e-07	2.900981e-01
55	3815.629374	2.515265e+00	7.962742e-02	3.840443e-01	3.168209e-08	4.894111e-03	1.388894e-01	3.939271e-01	1.490309e-01
55	2489.434943	8.751081e+00	4.457494e-02	2.887426e-01	1.888530e-01	1.000930e-02	1.285203e-01	2.237142e-01	1.110514e-07
55	3031.152794	1.492580e+00	9.093871e-02	4.528370e-01	4.140052e-02	2.991485e-02	4.529577e-06	7.099668e-03	6.484101e-02
55	5348.610383	3.106912e+00	1.113793e-01	2.155289e-01	2.293626e-08	1.604690e-01	3.113718e-01	9.318497e-09	1.131794e-08
55	2703.542167	3.775109e+00	5.696995e-02	4.652672e-01	5.571011e-02	1.513783e-07	3.071423e-07	4.857919e-02	1.506111e-01
55	2355.149730	7.859238e+00	4.198597e-02	2.708026e-01	2.135544e-01	1.118596e-02	1.907388e-03	4.945289e-01	4.112179e-07
55	3691.813957	3.309466e-01	9.708276e-02	2.759112e-01	5.661965e-05	1.407615e-09	8.900269e-03	1.343957e-10	1.213898e-01
55	2200.379118	9.031812e+00	3.159432e-02	1.976823e-01	2.646919e-01	5.023240e-04	4.799840e-02	5.235994e-01	2.124751e-01
55	3028.204563	6.016689e+00	4.995357e-02	4.033807e-01	7.685213e-06	1.065852e-01	2.082739e-04	1.181073e-01	2.091600e-01
55	2806.969862	6.961752e+00	1.933464e-02	8.759578e-02	3.115470e-01	1.429070e-01	5.826943e-06	4.721119e-01	5.235962e-01
55	3456.517145	4.780623e-01	1.235252e-01	2.725335e-01	6.005443e-02	5.901927e-02	1.010933e-01	5.684575e-02	1.369377e-05
55	2304.429156	9.273316e+00	3.252109e-02	2.366654e-01	2.330258e-01	2.379918e-04	1.623410e-01	5.158435e-01	4.119991e-06
55	2719.582419	3.511128e+00	5.926080e-02	4.647502e-01	5.859181e-02	3.364131e-08	5.142474e-08	1.193559e-01	1.255540e-01
55	2482.270180	7.760408e+00	4.598041e-02	2.815153e-01	1.998589e-01	2.519776e-02	3.176742e-02	3.446122e-01	2.604031e-05
55	3381.139314	7.354956e+00	4.428287e-02	3.810378e-01	9.705097e-05	1.179126e-01	1.488392e-01	2.625123e-01	8.878076e-02
55	4241.624388	4.533417e-01	1.662998e-01	1.183565e-08	1.133908e-01	6.522206e-02	9.904607e-03	7.444229e-02	4.813715e-02
55	2902.376780	1.875379e+00	8.261651e-02	4.679650e-01	6.249745e-03	4.423155e-02	2.191296e-08	3.490237e-02	4.809503e-02
55	3014.117580	6.194954e+00	4.636450e-02	4.108746e-01	3.194263e-02	8.356550e-02	4.919520e-02	3.437460e-14	2.551975e-01
55	2189.935524	9.466217e+00	3.657855e-02	2.061968e-01	2.553152e-01	2.220598e-03	3.216657e-06	5.232547e-01	2.979795e-02
55	2694.765346	4.051251e+00	5.545559e-02	4.491545e-01	7.028574e-02	6.973308e-04	1.355972e-01	1.135724e-05	1.108475e-01
55	2701.940293	3.280760e+00	6.002629e-02	4.937700e-01	2.841741e-07	8.739293e-03	1.547697e-02	7.598919e-02	3.952103e-08
55	2699.939648	3.208742e+00	6.112207e-02	4.874856e-01	5.412919e-10	1.571506e-02	7.918439e-02	1.830838e-02	4.618360e-02
55	3143.472743	2.572605e+00	6.848327e-02	4.556344e-01	3.375607e-02	7.429250e-05	6.990137e-07	3.551578e-01	5.134536e-03
55	2484.388153	5.953182e+00	3.576056e-02	2.657446e-01	2.296221e-01	1.667456e-02	9.153973e-04	5.079690e-01	3.030118e-01
55	2840.441829	3.578938e+00	5.767906e-02	4.265458e-01	8.593511e-02	1.002417e-02	1.381880e-01	3.247220e-01	6.151555e-11
55	2210.242328	9.452397e+00	3.346090e-02	1.781933e-01	2.727417e-01	1.125211e-05	3.972202e-03	5.235998e-01	1.551369e-01
55	2986.247180	4.014465e+00	5.305425e-02	4.069760e-01	8.375489e-02	8.525594e-02	2.318796e-02	5.236000e-01	2.830909e-09
55	2880.202495	2.129437e+00	7.809948e-02	4.445437e-01	9.343362e-07	5.042607e-02	1.832914e-01	8.496042e-06	4.211274e-08
55	3514.646460	6.362621e-01	1.410458e-01	2.689099e-01	4.659383e-02	7.605732e-02	1.734087e-01	3.934679e-02	2.155228e-02
55	2692.000639	4.497625e+00	5.337268e-02	4.286094e-01	8.619602e-02	1.794537e-08	1.971368e-01	1.918071e-02	1.374129e-05
55	2588.838647	7.721298e+00	4.424725e-02	3.241046e-01	1.595772e-01	1.689726e-02	1.215110e-01	1.718595e-06	2.064143e-01
55	2757.967984	5.883469e+00	4.268581e-02	2.483723e-01	2.098269e-01	9.819845e-02	1.408653e-10	5.236000e-01	2.115022e-01
55	2704.246335	3.632427e+00	5.804886e-02	4.694753e-01	5.516286e-02	4.943399e-03	7.250578e-02	9.154671e-02	8.988675e-02
55	2706.312758	3.649109e+00	5.775315e-02	4.609269e-01	5.388288e-02	1.106847e-02	1.467078e-01	1.195286e-01	2.023445e-02
55	3559.941078	1.896204e+00	9.393620e-02	3.360701e-01	8.585003e-02	7.736490e-09	3.270748e-01	1.144025e-02	3.548317e-03
55	2765.944697	2.361202e+00	7.269224e-02	4.709996e-01	2.754450e-02	2.995257e-06	1.302802e-01	1.122839e-05	9.721812e-03
55	2393.892717	1.117945e+01	3.951746e-02	2.535817e-01	2.079833e-01	1.354237e-03	9.119886e-03	7.612861e-02	1.835197e-01
55	4696.655899	1.927249e+00	1.284482e-01	2.466667e-01	3.034281e-07	1.460694e-01	2.870011e-01	3.635317e-02	7.105465e-03
55	2774.767742	3.261374e+00	6.026111e-02	4.686565e-01	5.580321e-02	4.939267e-06	1.683701e-03	2.372618e-01	3.808672e-02
55	2779.344964	4.379206e+00	5.380710e-02	4.501656e-01	1.477162e-05	6.196963e-02	1.533327e-01	4.552952e-07	1.170229e-01
