31	3437.862112	9.461451e+00	1.573078e-02	3.361180e-01	1.790826e-01	1.200676e-05	1.461448e-01	4.004774e-03	3.851574e-01
31	4901.811519	3.162162e+00	5.185369e-02	4.270850e-01	2.889065e-02	7.957652e-02	2.288814e-01	7.063347e-10	4.752777e-09
31	3436.577439	7.969139e+00	2.735265e-02	3.573058e-01	1.613665e-01	1.869666e-05	1.123491e-10	1.774997e-01	2.990890e-01
31	3825.364303	5.075525e+00	3.452007e-02	4.946937e-01	6.447765e-07	4.404704e-02	2.025731e-02	1.406986e-02	1.422722e-01
31	4527.134615	3.011813e+00	4.450318e-02	5.081477e-01	7.809126e-03	1.356835e-02	7.681782e-11	2.811020e-02	6.615225e-09
31	5022.976417	3.031194e+00	3.810377e-02	4.398623e-01	7.565688e-02	4.006074e-02	1.854459e-03	1.123187e-07	3.257710e-01
31	6079.004147	3.877491e+00	5.804257e-02	3.079307e-01	2.688139e-04	1.692002e-01	1.591796e-04	1.460284e-01	2.986305e-01
31	3497.389820	7.349762e+00	3.516319e-02	4.162996e-01	1.046444e-01	6.187821e-02	1.531862e-01	9.128927e-03	2.428476e-07
31	3138.280089	9.402947e+00	3.149879e-02	3.644767e-01	1.450338e-01	5.286226e-03	1.881261e-01	6.307589e-06	1.374922e-01
31	3153.429179	9.717862e+00	3.405590e-02	3.529505e-01	1.520984e-01	4.151287e-02	1.848299e-01	1.730535e-08	5.835581e-04
31	3905.820532	4.902577e+00	3.093604e-02	4.960425e-01	4.096129e-04	9.382492e-08	1.198979e-02	2.667030e-02	2.280815e-01
31	3472.241411	7.363265e+00	3.570325e-02	4.116268e-01	8.567433e-02	8.502190e-02	1.157901e-01	2.729846e-06	1.538537e-01
31	3651.247024	7.089668e+00	3.513582e-02	4.115100e-01	1.549163e-02	1.166095e-01	1.753801e-01	6.942249e-08	1.187078e-01
31	3933.315808	5.972068e+00	3.568919e-02	4.159539e-01	1.053577e-07	1.222757e-01	1.332220e-01	2.128522e-01	1.278384e-01
31	6157.001096	6.015321e+00	1.436606e-02	2.149800e-01	2.661875e-01	1.587879e-01	9.696779e-04	3.770638e-01	5.205021e-01
31	3982.468034	4.549801e+00	3.619782e-02	4.985089e-01	3.885650e-02	4.684348e-08	1.000392e-01	2.101299e-04	3.272447e-08
31	3173.258675	1.064640e+01	4.152876e-02	3.028360e-01	1.989617e-01	8.709889e-10	2.297665e-03	3.737510e-02	3.294012e-11
31	3096.457240	9.090415e+00	3.043753e-02	3.641778e-01	1.493332e-01	1.044732e-02	6.612980e-02	4.525341e-07	2.519430e-01
31	4242.801661	4.780146e+00	3.050451e-02	4.506209e-01	8.740020e-05	7.968818e-02	4.693993e-02	1.551979e-01	3.237680e-01
31	4114.743753	4.637849e+00	3.610876e-02	4.662642e-01	8.908462e-02	4.005695e-06	1.122058e-01	2.084972e-01	2.654597e-02
31	3169.502985	9.310720e+00	3.471423e-02	3.576195e-01	1.545877e-01	2.907729e-11	1.675703e-01	1.149206e-01	6.285349e-02
31	4764.300455	3.652000e+00	4.017408e-02	4.324290e-01	1.409211e-02	9.744612e-02	7.429496e-02	1.978340e-01	2.625900e-01
31	4128.605987	5.248534e+00	3.966713e-02	3.961298e-01	4.289044e-02	1.278980e-01	4.489804e-05	1.069383e-07	2.409781e-01
31	6358.356250	2.206959e+00	4.734411e-02	4.348722e-01	1.398868e-02	1.866024e-10	1.115090e-09	2.858336e-01	3.455292e-01
31	7454.970131	7.756472e-01	2.104464e-01	5.446205e-02	3.314207e-05	1.218634e-01	2.357706e-01	2.710802e-05	4.069107e-02
31	3246.240432	9.027238e+00	3.506088e-02	3.681508e-01	1.531436e-01	1.370985e-03	1.341793e-01	1.847167e-01	2.082948e-05
31	3557.838326	6.354620e+00	3.090332e-02	4.154420e-01	1.203586e-01	4.314186e-03	1.872412e-11	1.043921e-14	2.536080e-01
31	6177.753969	3.267535e+00	3.612578e-02	3.759709e-01	1.609963e-01	5.258821e-06	1.893065e-02	2.641561e-01	2.975324e-01
31	3453.859161	8.944808e+00	3.665407e-02	3.507732e-01	1.130439e-01	1.169447e-01	1.632040e-02	2.138993e-01	1.638210e-01
31	6637.391668	1.902501e+00	3.882083e-02	4.146599e-01	2.937462e-02	4.419074e-05	1.676972e-01	4.392891e-02	4.358251e-01
31	4954.910676	2.982895e+00	3.809440e-02	4.703069e-01	2.889842e-02	3.429113e-06	7.940273e-06	1.541757e-01	3.160135e-01
31	4356.541844	4.620791e+00	4.634575e-02	4.144538e-01	1.265643e-01	5.393999e-06	1.677519e-09	1.138097e-03	1.486917e-01
31	4474.008562	3.236396e+00	3.931410e-02	5.008561e-01	4.197807e-08	2.619022e-04	1.294366e-01	6.082341e-02	1.208599e-06
31	3444.499074	8.143284e+00	2.387011e-02	3.787534e-01	1.307082e-01	7.265703e-09	2.173024e-01	2.321904e-10	2.306489e-01
31	3308.122348	8.812384e+00	3.485707e-02	3.515168e-01	1.619012e-01	3.996683e-02	1.409673e-03	2.385727e-01	1.474658e-01
31	3333.662808	9.005769e+00	3.826308e-02	3.702492e-01	1.582199e-01	3.341988e-02	4.049661e-08	8.617839e-02	1.995192e-02
31	3150.644765	9.227534e+00	3.278075e-02	3.670130e-01	1.493888e-01	9.166997e-09	2.743756e-02	1.602291e-01	2.092346e-01
31	3307.546256	8.932485e+00	4.058417e-02	3.499395e-01	1.622753e-01	5.373674e-02	9.910217e-08	1.728089e-01	1.264318e-05
31	3564.488533	6.377821e+00	3.463045e-02	4.352626e-01	9.508850e-02	4.100851e-02	1.064906e-01	3.289539e-03	1.652412e-01
31	8193.354194	2.433768e+00	9.123659e-02	3.172118e-01	2.518956e-06	1.705278e-01	5.817625e-11	2.565413e-01	3.553532e-07
31	3186.465890	8.657767e+00	3.305071e-02	3.666285e-01	1.516807e-01	8.300330e-08	9.144437e-02	1.067143e-01	1.912533e-01
31	3211.566214	1.014521e+01	2.546571e-02	3.219007e-01	1.590816e-01	5.838476e-02	1.633803e-02	1.195567e-02	3.626216e-01
31	4461.534158	3.279791e+00	4.151699e-02	5.033220e-01	4.086190e-02	5.712394e-05	6.700247e-03	1.164515e-01	1.613989e-06
31	4157.736642	4.887842e+00	3.762547e-02	4.382759e-01	2.851398e-02	7.128905e-02	2.444520e-01	5.824729e-08	2.921285e-02
31	3748.726985	5.328493e+00	3.367035e-02	4.783124e-01	6.199121e-02	2.378415e-03	3.887666e-03	1.157952e-02	1.914078e-01
31	3187.605647	8.427905e+00	3.292662e-02	3.731403e-01	1.432642e-01	3.318857e-02	4.816484e-04	6.093355e-05	2.347820e-01
31	8837.113563	9.882600e-01	2.558006e-01	1.979803e-07	1.760862e-08	1.672265e-01	2.797465e-03	1.171570e-01	4.112955e-02
31	3507.912213	8.079525e+00	3.857374e-02	3.985340e-01	1.232555e-01	7.695732e-02	4.702707e-09	5.859361e-08	2.078872e-02
31	6692.862408	5.601453e+00	1.699026e-02	1.834351e-01	2.434558e-01	2.191716e-01	9.709404e-03	4.400840e-01	5.235831e-01
31	5200.235301	3.330022e+00	3.796860e-02	4.587716e-01	5.723186e-02	7.335724e-04	1.652439e-01	3.128672e-01	2.166762e-01
