35	2760.890464	3.516902e+00	4.501001e-02	4.777085e-01	1.351094e-02	1.008292e-06	2.017002e-01	6.798243e-02	9.505670e-02
35	2296.959232	6.669293e+00	3.838833e-02	3.445828e-01	1.585039e-01	2.719010e-05	5.394288e-02	1.878141e-01	2.756933e-01
35	5334.255506	5.937099e+00	1.690241e-02	3.240923e-02	2.814455e-01	2.524159e-01	1.347360e-01	5.221647e-01	3.875112e-01
35	2593.270897	4.816184e+00	4.517662e-02	4.041613e-01	9.284159e-02	5.310181e-02	5.049625e-04	3.453003e-02	3.005321e-01
35	3168.344128	7.324563e+00	1.843956e-02	2.545978e-01	2.204949e-01	1.185828e-01	3.926203e-06	2.986160e-01	5.235961e-01
35	7794.161263	2.315311e+00	1.485561e-04	5.236000e-01	1.184906e-01	2.640490e-05	4.507468e-01	4.361600e-01	3.373775e-01
35	2434.983201	5.823852e+00	4.181067e-02	3.811239e-01	1.205949e-01	6.855899e-08	2.368369e-01	4.296959e-04	1.258124e-01
35	4937.664648	2.559944e+00	5.674901e-02	4.755204e-01	3.961587e-09	7.417565e-02	1.303405e-01	3.541419e-04	4.799478e-02
35	16358.769796	1.574323e+00	2.544896e-02	5.225411e-01	3.429600e-04	1.180855e-01	9.484542e-06	3.259176e-01	2.298181e-05
35	1866.767814	1.117577e+01	3.585205e-02	3.033305e-01	1.756151e-01	1.135189e-02	1.828092e-01	2.728635e-03	1.695629e-01
35	29095.545813	8.594896e-01	1.184316e-10	5.236000e-01	2.654477e-01	1.006333e-01	2.098146e-01	5.236000e-01	2.583601e-01
35	8239.517140	2.434344e+00	8.346233e-02	4.263118e-01	1.174985e-01	2.563030e-02	1.376415e-05	3.280517e-04	7.243759e-07
35	2137.408694	7.572351e+00	3.901176e-02	3.324618e-01	1.636860e-01	1.604076e-03	5.595358e-02	7.188950e-02	2.714966e-01
35	1903.979911	1.025764e+01	4.056750e-02	3.019485e-01	1.815344e-01	1.480176e-05	6.581002e-02	1.156657e-07	2.133672e-01
35	9194.844023	1.112922e+00	5.077600e-10	5.132943e-01	2.551735e-01	1.830043e-01	2.378938e-01	5.069420e-01	5.235992e-01
35	2414.873346	5.985099e+00	4.245680e-02	3.610899e-01	1.339046e-01	5.342345e-02	6.627631e-09	8.220355e-09	2.915009e-01
35	2296.272606	8.899446e+00	2.847007e-02	3.255721e-01	1.498423e-01	5.828481e-02	2.173380e-02	1.310523e-01	3.869841e-01
35	3275.883753	6.618741e+00	2.128908e-02	3.102104e-01	1.503376e-01	1.279160e-01	4.926656e-02	1.514331e-03	5.215416e-01
35	2396.611888	6.255400e+00	4.088364e-02	3.693250e-01	1.302950e-01	2.569825e-05	2.575260e-01	9.341960e-02	5.322543e-03
35	2709.525080	9.538609e+00	2.543012e-02	2.758282e-01	1.734099e-01	1.185585e-01	1.276788e-01	8.605386e-04	2.495453e-01
35	3545.928725	2.896944e+00	4.638016e-02	4.689241e-01	1.652827e-09	9.466912e-02	5.011120e-07	4.022431e-01	6.030071e-02
35	2334.147924	6.856102e+00	4.522416e-02	3.346245e-01	1.613765e-01	3.899575e-02	1.021295e-02	3.982369e-06	2.335647e-01
35	5725.882971	4.287193e+00	1.805361e-02	9.755235e-02	2.489355e-01	2.808889e-01	1.315011e-01	5.234513e-01	5.210610e-01
35	3945.854118	2.544595e+00	4.435275e-02	5.040698e-01	5.268074e-02	4.899421e-09	7.806805e-02	1.197329e-01	2.341138e-10
35	2212.880488	8.340985e+00	4.250228e-02	3.088903e-01	1.606457e-01	8.359873e-02	9.054131e-02	1.414944e-01	1.776706e-01
35	2745.737961	3.602881e+00	4.475691e-02	4.724876e-01	2.156542e-07	2.732617e-02	1.785267e-01	3.614912e-02	1.576952e-01
35	4788.464087	2.437058e+00	3.224658e-02	4.829526e-01	5.060560e-02	1.132923e-01	3.051018e-02	5.236000e-01	2.450494e-01
35	4202.778292	3.159261e+00	2.154650e-02	3.989403e-01	1.816170e-01	1.949229e-03	1.534505e-02	3.641219e-01	5.235987e-01
35	3314.776696	4.269116e+00	4.933562e-02	3.819495e-01	1.309520e-01	7.031222e-02	5.538029e-02	1.047624e-02	1.643753e-01
35	3004.937582	2.976524e+00	4.606215e-02	4.996194e-01	1.947883e-02	8.242678e-06	3.160129e-06	2.553236e-01	1.376223e-01
35	2701.646463	6.221370e+00	5.015481e-02	3.263601e-01	1.820075e-01	1.929561e-02	1.237257e-03	3.261033e-01	1.600184e-02
35	2788.647475	5.266140e+00	4.953687e-02	3.710331e-01	8.329442e-02	1.111336e-01	1.906924e-01	1.891660e-01	4.425350e-11
35	2744.591800	3.553039e+00	4.453648e-02	4.720325e-01	3.354840e-02	1.437045e-02	1.950893e-01	1.071442e-02	1.117742e-01
35	2415.448994	5.995229e+00	4.011389e-02	3.662733e-01	1.250779e-01	5.743919e-02	3.729642e-03	6.449001e-07	3.216770e-01
35	2106.530321	8.194515e+00	3.951421e-02	3.252361e-01	1.651135e-01	2.104982e-02	1.647180e-01	7.015084e-02	1.744972e-01
35	5196.593270	3.418507e+00	1.884426e-02	2.094310e-01	2.748962e-01	2.044499e-01	1.416879e-01	5.236000e-01	5.236000e-01
35	2233.215409	7.552856e+00	4.009036e-02	3.229812e-01	1.749025e-01	1.204899e-02	1.100199e-01	2.766643e-01	1.649958e-01
35	7576.107878	1.809442e+00	9.851618e-03	2.978736e-01	2.355280e-01	2.589000e-01	1.582287e-01	5.236000e-01	5.236000e-01
35	3682.938126	3.309639e+00	3.373879e-02	4.736562e-01	5.424537e-02	4.346256e-02	4.350586e-02	4.494047e-01	3.233837e-01
35	2937.711718	3.861049e+00	4.063068e-02	4.491040e-01	1.383778e-06	7.158831e-02	2.318769e-01	2.748469e-01	2.549040e-06
35	2583.914637	4.631840e+00	4.259881e-02	4.196379e-01	8.990147e-02	1.277032e-03	1.803515e-01	5.946027e-10	2.209847e-01
35	2842.320333	3.387726e+00	4.512716e-02	4.764134e-01	3.473719e-02	2.459230e-02	1.835450e-01	2.020129e-01	4.104049e-02
35	3400.083283	7.160626e+00	3.827763e-02	2.200039e-01	2.094094e-01	1.712688e-01	2.831600e-04	5.230006e-01	1.618681e-02
35	1993.447368	9.519119e+00	4.088947e-02	2.983530e-01	1.840279e-01	4.263472e-02	4.564045e-04	9.488777e-02	1.999150e-01
35	2578.379954	5.792685e+00	4.100874e-02	4.031406e-01	8.535364e-02	3.037817e-03	2.410723e-01	1.604676e-01	1.796221e-01
35	9811.655692	2.022709e+00	6.422477e-05	5.049453e-01	1.122721e-02	1.563006e-01	1.276997e-02	7.265546e-02	5.236000e-01
35	3832.092034	3.389308e+00	5.120036e-02	4.007604e-01	1.557322e-11	1.507558e-01	1.711452e-10	4.738182e-01	5.829974e-05
35	2649.803277	5.056899e+00	4.310945e-02	4.112771e-01	3.868649e-02	8.017575e-02	1.706109e-01	7.414136e-05	2.581996e-01
35	2775.184835	4.790300e+00	3.615910e-02	3.913306e-01	1.308492e-01	3.730858e-10	4.243989e-02	2.754297e-01	3.301555e-01
35	2505.224713	5.113168e+00	4.156009e-02	3.983328e-01	1.105738e-01	5.443078e-07	3.404908e-02	2.372489e-02	3.230539e-01
