40	5624.501504	9.714134e+00	4.822936e-02	3.007346e-01	2.550425e-01	4.747526e-05	2.952500e-01	2.801755e-07	2.267864e-01
40	8480.950030	2.776433e+00	3.935879e-02	5.043144e-01	2.466147e-01	7.042116e-03	1.116659e-01	5.235997e-01	1.888751e-07
40	6996.261890	4.280817e+00	4.827001e-02	4.426183e-01	2.229370e-01	6.901606e-02	5.483242e-02	3.963328e-01	9.451220e-02
40	6575.388018	4.966958e+00	4.792021e-02	4.296272e-01	2.301735e-01	2.888013e-12	1.081836e-03	3.195267e-01	1.654301e-01
40	5678.555007	8.686231e+00	5.272175e-02	2.813435e-01	2.617560e-01	9.584324e-02	1.064628e-02	1.461712e-05	3.244109e-01
40	5819.972004	7.465801e+00	4.961904e-02	3.318571e-01	2.579377e-01	2.323214e-07	1.022931e-01	7.426590e-02	2.953120e-01
40	11596.313536	1.456451e+00	7.942198e-02	4.300984e-01	4.601592e-07	1.754498e-01	1.957842e-01	6.768250e-07	2.397773e-05
40	5713.056928	8.341719e+00	4.845018e-02	3.126644e-01	2.606783e-01	1.210654e-06	2.039032e-01	2.735536e-03	2.612860e-01
40	6124.051479	6.383342e+00	4.389920e-02	3.704048e-01	2.302579e-01	8.090070e-02	4.340904e-02	1.582137e-08	3.586931e-01
40	5518.209648	1.230369e+01	5.192247e-02	2.251073e-01	2.529187e-01	1.299031e-01	3.538811e-01	3.111747e-05	1.292703e-01
40	5814.988574	8.019103e+00	4.607071e-02	2.808271e-01	2.711276e-01	9.297170e-02	9.646995e-06	9.306985e-02	3.763982e-01
40	6486.504062	5.193403e+00	4.986758e-02	4.179209e-01	2.223575e-01	4.955577e-07	7.229170e-05	2.241978e-01	2.050699e-01
40	6090.777707	6.932914e+00	4.323271e-02	3.426562e-01	2.468611e-01	1.038479e-06	2.399123e-01	2.068675e-01	1.912209e-01
40	5881.089684	7.902631e+00	4.802704e-02	3.241215e-01	2.626164e-01	5.458411e-04	2.036149e-01	9.760913e-05	1.564808e-01
40	8142.118563	3.374613e+00	6.250366e-02	4.858076e-01	1.650950e-01	9.800660e-10	4.941140e-02	7.925353e-05	3.112354e-05
40	8956.029605	2.283592e+00	2.191958e-02	4.582701e-01	2.647527e-01	2.673309e-01	4.459452e-02	5.236000e-01	5.235999e-01
40	5621.318286	9.370989e+00	5.243795e-02	2.623297e-01	2.607378e-01	1.122354e-01	1.087376e-01	1.501550e-09	3.124327e-01
40	7318.241734	3.892155e+00	4.264353e-02	4.828586e-01	2.490883e-01	2.721382e-02	3.198362e-02	5.203314e-01	8.733565e-11
40	5968.210498	7.139277e+00	5.183671e-02	3.432653e-01	2.566240e-01	4.881505e-03	2.043162e-01	2.688762e-01	3.050213e-07
40	5921.955525	7.399440e+00	5.633469e-02	3.107333e-01	2.385280e-01	1.184454e-01	2.002339e-08	1.260791e-08	2.676883e-01
40	9507.474686	2.109980e+00	3.986093e-02	5.094034e-01	2.298731e-01	7.421466e-02	2.283501e-08	5.236000e-01	1.608908e-01
40	6366.216868	5.564774e+00	4.876890e-02	4.137487e-01	2.180125e-01	4.290598e-06	1.542082e-11	8.673965e-11	2.572113e-01
40	7054.162740	4.632540e+00	4.152416e-02	4.424029e-01	1.746197e-01	1.662668e-01	7.861162e-02	3.720889e-01	9.225704e-03
40	6504.929227	5.322430e+00	5.287026e-02	4.315502e-01	2.076003e-01	8.093008e-13	2.652548e-02	6.873485e-12	1.917769e-01
40	5838.929021	7.551883e+00	5.058817e-02	3.286285e-01	2.624461e-01	1.039658e-10	4.175961e-02	1.786289e-01	2.950949e-01
40	6035.160374	6.980016e+00	5.017050e-02	3.368309e-01	2.494395e-01	6.402401e-02	2.315204e-01	2.958615e-01	3.575264e-06
40	6268.212337	6.617612e+00	4.904775e-02	3.870210e-01	2.119760e-01	3.843059e-02	2.894062e-01	2.715143e-07	3.814215e-08
40	7001.087982	4.620926e+00	5.497335e-02	3.983422e-01	2.705143e-01	1.762800e-11	6.157255e-09	5.236000e-01	9.491806e-04
40	10228.976051	2.074215e+00	4.617811e-02	4.839560e-01	1.332517e-04	2.399579e-01	6.402500e-03	5.235691e-01	3.907327e-05
40	6033.975689	6.465244e+00	4.543008e-02	3.664106e-01	2.464873e-01	4.239519e-06	1.161168e-08	9.753179e-02	3.284863e-01
40	5727.143547	8.144333e+00	5.140794e-02	3.134959e-01	2.643531e-01	1.015058e-06	6.097948e-02	2.784759e-07	3.214495e-01
40	7952.537212	3.661581e+00	2.927354e-02	2.832775e-01	3.066625e-01	2.978764e-01	2.576445e-02	5.137615e-01	5.233725e-01
40	9690.901023	2.257723e+00	7.532821e-02	4.978081e-01	6.307427e-03	1.503368e-01	3.989867e-02	6.130196e-07	7.008045e-05
40	5947.439575	7.365437e+00	5.136353e-02	3.250664e-01	2.632533e-01	3.790400e-06	2.260707e-01	2.899826e-01	2.512427e-04
40	5760.547379	7.927341e+00	5.059154e-02	3.061088e-01	2.564520e-01	8.153146e-02	2.422411e-03	1.521918e-02	3.333593e-01
40	5640.862120	9.177925e+00	4.942785e-02	2.980500e-01	2.629696e-01	6.501364e-08	2.136754e-01	2.725380e-02	2.759087e-01
40	13458.429794	1.677055e+00	1.955377e-01	1.798916e-01	4.123877e-03	2.688309e-01	1.735501e-02	5.325956e-02	1.429215e-02
40	5797.252437	7.711556e+00	5.486630e-02	3.179759e-01	2.636760e-01	3.619309e-08	1.520479e-07	2.411721e-02	2.977092e-01
40	8004.091017	3.122777e+00	4.291596e-02	4.819480e-01	2.262811e-01	1.033932e-01	5.839732e-02	5.235226e-01	3.468534e-05
40	5942.301030	7.017775e+00	5.460528e-02	3.430902e-01	2.583528e-01	1.032694e-10	5.070678e-09	1.987784e-01	2.177431e-01
40	6726.530627	5.508088e+00	5.281067e-02	3.839662e-01	1.538531e-01	1.886495e-01	1.333746e-01	3.227523e-01	1.100567e-05
40	10506.471486	1.706536e+00	8.967099e-02	4.536574e-01	4.857761e-02	1.678069e-01	1.429811e-12	1.793488e-10	3.648004e-02
40	7008.370509	5.041934e+00	5.708302e-02	4.751374e-01	3.486227e-07	1.880102e-01	9.742661e-03	2.090376e-01	4.356211e-02
40	5703.604205	8.472347e+00	5.187648e-02	3.023725e-01	2.650199e-01	4.192330e-02	7.196542e-09	3.258682e-02	3.349957e-01
40	5645.982598	9.101632e+00	5.103218e-02	2.974706e-01	2.647807e-01	2.979969e-08	1.875004e-01	1.883805e-03	2.778638e-01
40	5826.147093	7.492135e+00	4.929213e-02	3.210922e-01	2.525968e-01	7.481597e-02	4.101095e-06	6.064491e-08	3.381901e-01
40	11608.091987	1.345949e+00	6.405729e-02	4.401056e-01	1.554284e-01	1.029177e-01	1.436798e-01	1.480435e-11	2.401243e-02
40	5507.872333	1.236767e+01	5.219351e-02	2.149648e-01	2.561559e-01	1.390316e-01	3.109898e-01	1.198567e-02	1.823528e-01
40	8093.607591	3.229061e+00	3.844766e-02	4.925198e-01	1.760921e-01	1.746241e-01	9.006632e-02	5.236000e-01	1.263206e-05
40	5864.452149	7.729242e+00	5.157336e-02	3.319073e-01	2.539415e-01	5.340253e-03	2.459154e-01	2.373134e-01	5.058954e-11
