39	6855.070344	2.386565e+00	8.131172e-02	4.685434e-01	4.900149e-02	6.150951e-02	7.820649e-02	8.540379e-04	5.795702e-10
39	7136.809757	1.249057e+00	1.135238e-01	4.183439e-01	2.743882e-02	8.246122e-02	1.194210e-01	4.662307e-02	1.690445e-05
39	5695.776798	8.074437e+00	5.295871e-02	3.220026e-01	1.947636e-01	1.272755e-10	7.196129e-02	3.517947e-02	1.492432e-01
39	5988.278735	6.714226e+00	5.910711e-02	3.554772e-01	1.731665e-01	1.481988e-02	3.963052e-02	1.178967e-01	1.223453e-01
39	6794.169573	3.436592e+00	6.976052e-02	4.479146e-01	1.643399e-04	9.020328e-02	5.549511e-03	1.356935e-02	1.808591e-01
39	5339.252497	1.036227e+01	4.359764e-02	2.771238e-01	2.197871e-01	4.565564e-12	5.141253e-02	2.005137e-11	2.032225e-01
39	6600.048110	1.016611e+01	3.971722e-02	1.781126e-01	2.641608e-01	1.047011e-01	1.207780e-03	3.431790e-01	3.646866e-02
39	5661.068968	8.233134e+00	5.472335e-02	3.059743e-01	2.047807e-01	1.326067e-02	8.129725e-06	1.478394e-01	1.156056e-01
39	6697.770437	5.312663e+00	6.930501e-02	3.778202e-01	1.000143e-01	1.263172e-01	7.162546e-09	7.937909e-08	1.074588e-01
39	7714.530602	1.077973e+00	1.430427e-01	3.387873e-01	5.163304e-02	1.235049e-01	1.431064e-05	1.459257e-04	1.025960e-01
39	9265.677151	4.189050e+00	3.648113e-02	3.914779e-01	1.723112e-01	1.271879e-08	2.611518e-01	5.236000e-01	7.414101e-02
39	5727.691354	9.199116e+00	5.412246e-02	2.743097e-01	2.148305e-01	3.206639e-10	1.818784e-01	1.653543e-02	3.340565e-02
39	5779.999401	7.565761e+00	5.837537e-02	3.231362e-01	1.937087e-01	2.112759e-03	6.336232e-02	2.683341e-11	1.297990e-01
39	5496.059007	1.130339e+01	3.284797e-02	2.475191e-01	2.382803e-01	8.170391e-06	1.573512e-06	7.804963e-02	2.909692e-01
39	6603.480926	4.352370e+00	6.835603e-02	3.942132e-01	1.412093e-01	3.469331e-05	1.593450e-01	1.247913e-03	3.140049e-07
39	7607.624874	4.147854e-01	1.134199e-01	3.012175e-01	1.123567e-01	6.094244e-03	4.337471e-02	1.725038e-04	9.329409e-04
39	6118.688831	6.498252e+00	6.817816e-02	3.425454e-01	1.824449e-01	3.784646e-02	1.869343e-04	3.637769e-02	5.550534e-05
39	5904.952616	7.126481e+00	5.300450e-02	3.400975e-01	1.798306e-01	1.670206e-02	1.933893e-06	6.145963e-07	2.011470e-01
39	6192.638733	5.990652e+00	5.903387e-02	3.771995e-01	1.481498e-01	5.004453e-02	2.829182e-10	2.574255e-05	1.718674e-01
39	4993.675345	1.381616e+01	5.325977e-02	2.379467e-01	2.415510e-01	1.622996e-02	6.425946e-02	1.024999e-02	2.854965e-02
39	5463.287586	9.131555e+00	6.102087e-02	2.874796e-01	2.183939e-01	1.914511e-02	9.248896e-05	6.221919e-02	2.055773e-09
39	5340.660464	9.816618e+00	5.262531e-02	2.825671e-01	2.161886e-01	1.040493e-03	2.521094e-08	9.468042e-10	1.571645e-01
39	8112.180397	1.116673e+00	1.876679e-01	2.344203e-01	1.588410e-02	1.400691e-01	2.146953e-01	1.627318e-02	4.288327e-02
39	9369.657508	3.636141e+00	6.840907e-02	2.356610e-01	1.807330e-01	1.494187e-09	3.706590e-07	1.898083e-02	4.386966e-01
39	6932.195192	2.407602e+00	8.055038e-02	4.454103e-01	8.567158e-02	4.581014e-03	1.661685e-01	7.647677e-08	1.818834e-08
39	5555.781339	9.365450e+00	6.231546e-02	2.779069e-01	2.142802e-01	6.143424e-02	3.669539e-02	1.247987e-11	1.131339e-12
39	7063.286062	1.285014e+00	1.063539e-01	4.496167e-01	4.663057e-09	6.405401e-02	3.429195e-02	7.523088e-02	1.868711e-02
39	10535.799492	2.718869e+00	1.244433e-01	2.436195e-01	1.364443e-07	1.613260e-01	3.897913e-10	3.505903e-01	1.490671e-01
39	6654.842155	3.563038e+00	7.341898e-02	4.522441e-01	9.390830e-02	4.575950e-02	2.641413e-05	9.819753e-02	1.436378e-02
39	6067.246980	6.286280e+00	6.166133e-02	3.622425e-01	1.708377e-01	1.538248e-02	1.182341e-09	1.142311e-01	1.077765e-01
39	5639.888446	8.144902e+00	5.944994e-02	3.104055e-01	2.035132e-01	6.107264e-03	2.050088e-09	7.764667e-02	9.987151e-02
39	6071.312488	7.856052e+00	4.625299e-02	3.302404e-01	1.788425e-01	4.016647e-02	1.901725e-01	9.053563e-02	1.020658e-01
39	7130.557845	3.293762e+00	7.416922e-02	3.799286e-01	1.188804e-01	6.535312e-03	2.620604e-01	1.623255e-06	7.232036e-03
39	6292.859812	5.443408e+00	6.403891e-02	3.821147e-01	1.542179e-01	7.528994e-06	1.227340e-01	2.028377e-07	7.532455e-02
39	8230.667202	1.908098e+00	9.976216e-02	3.639988e-01	9.932464e-02	6.506737e-04	4.891225e-10	1.642407e-01	2.627546e-01
39	8556.932950	7.095827e+00	2.109646e-02	2.680605e-01	1.813384e-01	1.757002e-01	3.239746e-08	4.976137e-02	5.228251e-01
39	7209.889306	7.555399e-01	1.192257e-01	3.887768e-01	3.728180e-02	8.894250e-02	8.354754e-03	4.776599e-07	9.364329e-03
39	5760.987011	7.600790e+00	5.523514e-02	3.292845e-01	1.904460e-01	6.785262e-08	1.299793e-03	8.373759e-05	1.602622e-01
39	7457.718106	6.035201e-01	1.090573e-01	3.562746e-01	9.900001e-02	2.231402e-02	2.036528e-03	1.425972e-05	9.915998e-02
39	5868.466675	7.643188e+00	5.814180e-02	3.173973e-01	1.947385e-01	1.031645e-02	1.437329e-01	1.378405e-02	3.173282e-05
39	5391.203622	9.411844e+00	5.457520e-02	2.871218e-01	2.159603e-01	3.445949e-03	3.007414e-04	5.123199e-02	1.265761e-01
39	6339.416680	5.755438e+00	6.094096e-02	4.003220e-01	1.427819e-01	6.395604e-02	1.056880e-02	7.599325e-05	1.716228e-05
39	7773.421920	4.949359e-01	1.164934e-01	2.874079e-01	9.923720e-02	5.649871e-03	1.685522e-01	9.399467e-02	1.283204e-04
39	6488.508765	4.867828e+00	6.671417e-02	4.102986e-01	1.236327e-01	6.098966e-02	4.672663e-02	1.585298e-01	1.990465e-02
39	6763.386614	5.672512e+00	5.019428e-02	3.146733e-01	1.826704e-01	2.694072e-02	1.011842e-01	1.120230e-01	2.694930e-01
39	5230.734945	1.063440e+01	5.279561e-02	2.687975e-01	2.232539e-01	2.720572e-02	1.704202e-06	1.176261e-03	1.324253e-01
39	5761.525633	7.953178e+00	5.989734e-02	2.944860e-01	2.104585e-01	1.961309e-02	7.119026e-11	1.866264e-01	2.900652e-02
39	7207.654954	7.767900e-01	1.170138e-01	3.948031e-01	2.928279e-02	8.739257e-02	3.522473e-03	2.044614e-03	4.468251e-02
39	7546.864387	7.332534e+00	9.102724e-02	2.093684e-01	2.029201e-01	1.163276e-01	6.535497e-02	3.867559e-03	8.720119e-06
39	10415.014571	4.242506e+00	3.205151e-02	1.897440e-01	2.515816e-01	1.199814e-01	7.019475e-05	2.886586e-01	5.231215e-01
