20	7137.691414	2.461833e+00	5.631411e-02	5.235973e-01	1.849896e-05	2.041306e-02	1.033914e-03	5.952619e-05	1.291234e-01
20	5099.297229	8.370417e+00	3.608939e-02	3.935403e-01	1.772909e-01	1.937655e-03	1.652934e-01	1.480121e-01	2.163890e-04
20	5483.668244	7.165905e+00	3.804900e-02	4.021717e-01	1.668838e-01	5.126539e-02	1.383108e-01	2.356522e-01	4.236763e-10
20	5377.141126	7.117237e+00	3.773530e-02	4.505949e-01	1.374377e-01	4.398303e-02	1.061019e-01	1.677170e-09	3.699752e-02
20	5598.939703	6.274660e+00	3.741600e-02	4.388937e-01	1.310684e-01	3.943341e-03	1.755516e-02	7.908442e-02	2.937940e-01
20	5302.889092	7.190135e+00	3.582097e-02	4.519857e-01	1.371937e-01	3.690683e-03	1.049184e-03	1.383383e-01	2.216569e-01
20	4836.788607	8.923541e+00	3.328858e-02	3.615107e-01	1.950116e-01	3.120571e-03	4.437649e-02	7.073310e-02	2.763607e-01
20	4806.678458	9.022278e+00	3.563720e-02	3.639915e-01	1.924529e-01	1.279954e-02	1.318159e-09	4.690043e-02	2.470991e-01
20	4550.275701	1.188312e+01	3.542506e-02	2.842744e-01	2.393077e-01	1.913825e-06	1.569219e-01	2.019986e-01	6.616017e-03
20	4858.590977	8.869267e+00	3.556723e-02	3.785808e-01	1.816950e-01	3.290316e-02	2.456616e-02	1.687727e-07	2.454754e-01
20	5368.624322	7.882481e+00	3.688072e-02	4.471979e-01	1.159945e-01	7.880886e-02	1.670948e-01	2.393716e-05	4.259502e-06
20	5320.020269	9.757417e+00	3.187441e-02	3.420793e-01	1.811625e-01	8.829920e-14	3.333683e-01	1.223575e-02	2.833594e-12
20	5743.482238	6.232654e+00	4.021446e-02	5.139362e-01	1.956758e-07	9.508433e-02	4.927817e-04	8.746206e-02	1.162571e-02
20	10692.639784	5.674774e+00	3.199380e-02	6.688986e-02	2.968457e-01	5.145573e-02	3.188866e-12	1.052481e-01	5.236000e-01
20	4137.156237	1.474730e+01	3.132409e-02	2.618558e-01	2.438936e-01	7.597269e-04	7.310568e-08	5.793167e-02	3.155361e-01
20	5567.565917	6.264305e+00	3.670785e-02	4.367927e-01	1.380483e-01	9.172880e-03	1.630219e-05	3.178526e-02	2.931897e-01
20	4693.450008	1.011612e+01	3.481454e-02	3.161906e-01	2.267580e-01	2.098128e-06	2.622505e-08	1.930936e-01	2.096783e-01
20	6666.326674	3.542051e+00	4.803935e-02	5.236000e-01	2.316558e-02	6.021624e-02	2.730418e-02	1.729281e-01	2.967092e-08
20	7515.891632	1.813192e+00	6.459037e-02	4.957830e-01	5.986545e-02	4.814364e-02	5.115294e-05	3.964353e-12	9.383375e-02
20	4720.302929	9.529226e+00	3.404563e-02	3.486333e-01	2.030244e-01	1.356104e-07	2.905928e-03	1.083143e-01	2.647864e-01
20	7530.005834	3.923196e+00	3.706102e-02	3.829699e-01	1.748725e-01	5.814244e-02	7.164291e-03	2.709032e-01	3.436090e-01
20	4660.807229	9.936215e+00	3.400806e-02	3.379947e-01	2.067984e-01	1.494435e-09	1.020739e-01	5.585263e-06	2.443252e-01
20	4630.500754	1.027807e+01	3.445484e-02	3.245717e-01	2.195901e-01	7.830536e-03	9.120804e-03	1.655899e-01	2.292105e-01
20	8057.115907	1.855520e+00	6.322632e-02	4.740743e-01	7.883534e-02	5.415700e-03	1.363327e-01	2.627229e-01	6.538827e-03
20	4909.340479	8.753059e+00	3.375374e-02	3.673583e-01	1.890403e-01	1.467412e-02	1.135984e-01	1.047929e-06	2.420110e-01
20	8056.698467	6.789555e-01	8.144409e-02	4.328595e-01	3.105128e-02	1.104272e-01	5.536514e-09	1.624507e-04	1.579337e-06
20	5196.108653	7.485062e+00	3.706167e-02	4.317462e-01	1.576214e-01	1.396214e-08	4.995090e-03	1.313833e-01	1.550697e-01
20	7057.083611	2.616707e+00	5.746895e-02	5.151988e-01	6.351311e-09	6.471808e-02	7.940849e-05	7.591781e-02	6.658235e-03
20	4986.880086	8.596452e+00	3.565654e-02	3.969900e-01	1.767029e-01	2.545952e-02	6.554054e-06	1.670879e-01	2.057999e-01
20	5345.762292	6.950807e+00	3.772891e-02	4.545630e-01	1.433367e-01	3.237663e-07	8.223187e-05	1.339993e-01	1.092844e-01
20	6368.139495	5.190855e+00	3.947219e-02	4.163277e-01	1.525670e-01	1.132307e-07	1.524018e-01	6.935134e-08	5.950713e-03
20	5622.972131	5.992364e+00	3.934606e-02	4.890975e-01	1.163031e-01	1.372761e-02	2.975797e-10	2.237626e-03	7.267940e-13
20	4694.482602	9.786336e+00	3.587245e-02	3.377378e-01	2.078656e-01	2.946912e-02	8.455667e-10	6.279041e-05	2.305021e-01
20	9332.551369	1.214529e-01	3.172841e-02	4.288991e-01	6.308794e-08	1.558275e-01	7.922367e-07	1.155184e-01	1.585771e-01
20	4657.091284	1.094741e+01	3.417810e-02	3.331334e-01	2.034261e-01	8.175098e-04	2.237110e-01	4.442005e-07	1.001403e-01
20	4874.826767	9.302272e+00	3.448682e-02	3.474964e-01	2.057669e-01	2.621565e-09	7.836860e-02	2.115904e-01	2.170482e-01
20	6615.748617	3.672177e+00	4.547782e-02	5.101203e-01	7.004529e-02	3.030616e-03	9.493101e-02	1.374541e-01	1.196131e-01
20	6595.495632	5.328319e+00	3.077627e-02	4.002119e-01	2.004067e-01	1.500382e-02	4.322311e-05	3.499539e-01	2.323803e-01
20	5764.730929	5.949608e+00	4.048526e-02	4.489994e-01	1.367208e-01	5.432194e-02	4.871865e-11	5.686233e-11	1.171191e-10
20	5070.367800	8.804191e+00	3.914599e-02	3.668710e-01	1.667853e-01	8.886739e-02	8.022216e-10	3.929086e-03	2.237346e-01
20	5820.857560	5.437488e+00	4.040625e-02	5.040356e-01	9.044185e-02	4.629248e-02	2.650789e-02	2.352077e-08	4.047908e-03
20	9819.485381	4.455759e+00	1.940709e-02	1.547442e-01	3.840736e-01	2.233700e-02	2.567616e-01	5.235995e-01	5.231516e-01
20	5623.972645	7.080496e+00	3.824289e-02	4.819067e-01	9.946489e-04	1.065620e-01	4.274844e-02	1.263419e-02	2.191283e-01
20	8169.753080	5.887223e-01	8.023939e-02	4.134763e-01	5.112948e-02	1.171521e-01	1.553818e-07	4.765637e-03	1.571761e-05
20	5030.175031	8.089372e+00	3.470057e-02	3.720843e-01	1.858672e-01	9.366227e-03	2.463743e-02	2.569730e-04	2.865746e-01
20	7134.995096	3.474995e+00	5.270803e-02	4.421579e-01	9.120116e-03	1.040504e-01	2.308851e-01	2.239407e-09	1.108702e-01
20	8570.640709	4.744600e+00	2.319340e-02	2.110198e-01	3.272575e-01	1.733851e-01	5.351167e-02	5.024277e-01	5.203495e-01
20	6065.800529	4.910796e+00	4.247716e-02	5.057843e-01	1.799217e-02	8.127155e-02	1.056362e-03	1.341887e-02	1.581039e-01
20	7825.788993	1.020329e+00	7.733469e-02	4.854236e-01	4.535596e-07	7.478479e-02	2.558723e-04	4.864613e-02	5.430894e-03
20	5181.693093	7.590885e+00	3.613764e-02	4.140573e-01	1.673017e-01	1.715504e-02	1.326134e-02	1.668824e-01	1.839554e-01
