13	7112.387672	5.022373e+00	4.709875e-02	4.466223e-01	1.029910e-01	3.125655e-03	1.265219e-01	5.196610e-09	1.007185e-12
13	8909.862510	2.921527e+00	2.402079e-02	5.107679e-01	1.232036e-01	6.744149e-02	6.897937e-05	5.233899e-01	2.643454e-01
13	7257.883336	4.372778e+00	4.876122e-02	4.920215e-01	3.955858e-02	4.568363e-02	4.261096e-02	7.607641e-06	2.555689e-02
13	10638.296904	5.188109e+00	3.067630e-02	1.131551e-09	2.563682e-01	2.331338e-01	7.288330e-06	5.234346e-01	2.884354e-01
13	5466.476138	7.476278e+00	1.677890e-02	2.768970e-01	2.552217e-01	1.685670e-01	5.908677e-03	5.105702e-01	4.164426e-01
13	9534.383986	1.942182e+00	8.455894e-02	4.197683e-01	3.559029e-02	3.892347e-02	2.471238e-01	3.835371e-06	7.720931e-02
13	7650.561933	4.251087e+00	2.841857e-02	4.889092e-01	1.046427e-02	1.242025e-01	1.610463e-01	5.235913e-01	3.469867e-04
13	9881.562554	8.684639e-01	9.556697e-02	4.208966e-01	1.889065e-02	3.697444e-02	1.591401e-01	1.725418e-04	2.053313e-09
13	12185.410874	4.077804e+00	6.115729e-02	2.108140e-01	7.535699e-07	2.372894e-01	9.027872e-02	5.078526e-01	4.986188e-02
13	4978.780375	8.308578e+00	2.273243e-02	3.527011e-01	2.382540e-01	4.260707e-02	2.159934e-02	5.221000e-01	2.045902e-01
13	5083.265512	8.829027e+00	1.128623e-02	2.893329e-01	3.080339e-01	9.542969e-02	1.069566e-01	4.884933e-01	4.894308e-01
13	6739.983114	5.639733e+00	4.545178e-02	4.406445e-01	1.139840e-01	3.083310e-05	9.710559e-02	2.388034e-04	4.187732e-07
13	5916.832942	5.741403e+00	9.565279e-03	3.093975e-01	2.984466e-01	1.364396e-01	2.148651e-01	5.236000e-01	5.229300e-01
13	11760.765772	1.486882e+00	3.391770e-02	5.100168e-01	7.584498e-02	1.623274e-05	3.706477e-08	3.759636e-01	3.220749e-07
13	9723.965871	4.412891e+00	2.217556e-02	9.327834e-02	2.742864e-01	2.400525e-01	1.308389e-02	5.130511e-01	4.441567e-01
13	8865.198939	2.043082e+00	7.358480e-02	4.735740e-01	1.259955e-04	3.533685e-02	1.298526e-01	4.894254e-02	3.408624e-02
13	6834.030937	6.419154e+00	8.882399e-03	4.312933e-01	1.439228e-01	8.521166e-02	6.346540e-02	2.938600e-12	5.236000e-01
13	6707.421552	6.621074e+00	3.494501e-03	2.933127e-01	2.097103e-01	2.403455e-01	3.822206e-01	5.235887e-01	5.236000e-01
13	9049.044180	2.565791e+00	4.583268e-02	5.001479e-01	2.459648e-02	5.453332e-02	1.126177e-02	4.166193e-01	1.833518e-06
13	5992.794183	6.006829e+00	1.751347e-02	2.812070e-01	3.309848e-01	5.424931e-03	1.825492e-03	5.234183e-01	4.164171e-01
13	7584.223007	4.130633e+00	3.390508e-02	4.691916e-01	6.062789e-02	1.209501e-01	3.431774e-07	4.802440e-01	9.654604e-02
13	5920.895538	5.576450e+00	1.411375e-02	3.054663e-01	2.799099e-01	1.716836e-01	4.445986e-09	5.211517e-01	5.227546e-01
13	5329.056348	8.334400e+00	2.777455e-02	4.076125e-01	1.666138e-01	2.466725e-02	2.688846e-08	2.938261e-01	4.471450e-08
13	4497.902885	1.076050e+01	2.029313e-02	2.867196e-01	2.710103e-01	1.610277e-02	6.228658e-03	4.997052e-01	2.671920e-01
13	4954.787238	1.058147e+01	2.894969e-02	3.873047e-01	1.596346e-01	6.304693e-02	6.105684e-02	2.026585e-01	1.531245e-08
13	5510.282028	7.035471e+00	2.599032e-02	4.059050e-01	1.911716e-01	7.850701e-02	3.113271e-02	5.234787e-01	3.100849e-03
13	9795.648754	1.101589e+00	9.734648e-02	4.210925e-01	3.497902e-02	4.442106e-02	1.553885e-01	6.262432e-02	5.886732e-11
13	4752.272283	9.503029e+00	2.375384e-02	3.117379e-01	2.440945e-01	8.112392e-02	3.661419e-09	5.236000e-01	1.674379e-01
13	7015.314328	4.766199e+00	4.613744e-02	4.810315e-01	7.805043e-02	6.565231e-03	1.215041e-02	1.232662e-01	1.820736e-07
13	5620.117132	8.386615e+00	3.289927e-02	4.503686e-01	1.125601e-01	3.137195e-04	1.188627e-01	1.351412e-01	3.124703e-06
13	4852.225402	8.713185e+00	2.418894e-02	3.314226e-01	2.526155e-01	6.481970e-03	4.369600e-02	5.234722e-01	1.392781e-01
13	8657.792048	2.556567e+00	7.070217e-02	4.536186e-01	6.511409e-02	4.028725e-02	1.243837e-01	1.063881e-03	5.132643e-02
13	5873.558234	9.282310e+00	1.312993e-02	4.698793e-01	1.397624e-01	2.662309e-02	2.913759e-01	4.596832e-01	1.454788e-03
13	6178.100712	8.659343e+00	1.267624e-02	3.108807e-01	2.246580e-01	7.373628e-03	3.384240e-01	4.523389e-01	7.883488e-02
13	6868.140018	5.888021e+00	1.172614e-02	2.533118e-01	2.413652e-01	2.268529e-01	1.269008e-02	4.288351e-01	5.235999e-01
13	9811.514049	8.658125e-01	9.711718e-02	4.290383e-01	3.990048e-02	4.927946e-02	1.004995e-05	2.192711e-03	3.638014e-07
13	12840.925032	2.090136e+00	4.706653e-03	4.141819e-01	1.101393e-01	3.707364e-02	3.646174e-01	6.512461e-03	5.236000e-01
13	6504.348772	6.393900e+00	3.902032e-02	4.500760e-01	2.726236e-10	1.161424e-01	1.849616e-04	1.096426e-01	7.890767e-02
13	8613.417189	2.517158e+00	7.022699e-02	4.625559e-01	3.146754e-02	5.221011e-02	1.487950e-01	8.206415e-11	1.345872e-03
13	6755.635825	6.077067e+00	4.031188e-02	4.238895e-01	1.185581e-01	1.344687e-02	1.389059e-01	2.034289e-09	1.198507e-01
13	6123.970736	7.302091e+00	2.489962e-02	4.383309e-01	5.033156e-02	1.708514e-01	8.785781e-03	5.201209e-01	1.362090e-05
13	7223.512723	3.920571e+00	9.607479e-03	5.048965e-01	2.016990e-01	1.128970e-01	1.206860e-04	5.235990e-01	5.235999e-01
13	9627.835973	1.138050e+00	9.835329e-02	4.479916e-01	3.486405e-02	1.250830e-03	6.242897e-02	1.803898e-04	7.205130e-02
13	4862.647524	8.702062e+00	2.654732e-02	3.581282e-01	2.280237e-01	2.051854e-02	1.179818e-02	5.236000e-01	1.560250e-02
13	4913.546739	8.419785e+00	1.605931e-02	2.734815e-01	3.043113e-01	7.935244e-02	4.762334e-02	5.236000e-01	4.563907e-01
13	4706.467306	1.156352e+01	3.759563e-02	3.684552e-01	1.723499e-01	3.740471e-02	3.750315e-02	2.584861e-11	1.854672e-03
13	9938.062468	8.441618e-01	1.089630e-01	4.125814e-01	4.304960e-02	3.261139e-02	6.925052e-02	3.197229e-03	5.041000e-02
13	4580.922379	1.154870e+01	3.171847e-02	3.527306e-01	1.893649e-01	2.704586e-03	2.955217e-03	1.777805e-01	1.262381e-04
13	4943.312924	9.441613e+00	2.591096e-02	3.656296e-01	1.973344e-01	3.809092e-06	2.450100e-08	3.227084e-01	8.481974e-02
13	6064.923013	6.024015e+00	1.192718e-02	3.998306e-01	2.204989e-01	6.837376e-02	3.731214e-04	3.863502e-01	5.224752e-01
