3	4738.561777	2.827708e+00	5.563004e-02	4.615381e-01	1.921401e-03	2.400145e-02	2.664989e-01	3.202618e-02	1.233062e-02
3	3407.010186	8.411287e+00	3.613701e-02	3.518975e-01	1.987331e-01	2.266765e-09	5.615751e-02	5.236000e-01	1.815649e-02
3	4228.051505	5.552564e+00	3.867089e-02	4.825481e-01	4.697882e-02	1.050419e-07	1.457178e-01	3.285730e-03	1.887196e-01
3	2850.549360	1.041424e+01	2.621764e-02	2.909610e-01	2.337726e-01	2.371405e-05	9.953662e-02	5.235900e-01	2.740024e-01
3	5606.812916	3.148881e+00	5.025768e-02	4.255288e-01	6.751491e-02	3.742876e-02	2.552837e-01	5.235999e-01	1.755181e-08
3	5137.210877	4.008276e+00	2.782466e-02	4.086124e-01	1.515666e-01	3.874156e-03	1.901489e-01	5.228427e-01	4.323152e-01
3	5332.276349	1.531467e+00	8.056114e-02	3.876358e-01	6.398030e-02	4.519097e-11	3.261129e-01	1.400786e-08	3.405083e-03
3	8939.444164	6.607573e+00	7.371038e-02	2.881229e-01	6.447111e-02	1.902458e-01	1.146152e-01	3.522749e-07	1.021676e-01
3	3995.355222	1.083665e+01	4.361497e-02	3.746829e-01	1.662200e-01	4.170254e-02	4.955580e-05	1.468321e-01	3.963728e-05
3	4341.281217	4.656983e+00	4.217498e-02	4.954272e-01	7.739335e-03	9.001403e-03	1.997715e-01	9.877872e-05	5.179003e-02
3	3190.348576	7.360462e+00	2.245776e-02	2.939080e-01	2.564267e-01	1.011696e-09	3.822183e-02	5.236000e-01	5.127585e-01
3	5350.544437	8.158255e+00	5.240339e-02	3.878480e-01	1.422678e-01	8.738168e-02	1.931446e-03	6.436669e-07	6.563964e-05
3	4244.393233	6.669179e+00	4.277884e-02	3.291731e-01	1.995796e-01	2.237846e-08	1.329583e-01	5.236000e-01	2.335260e-02
3	3860.743546	7.679784e+00	3.324687e-02	4.057043e-01	1.265908e-01	9.432472e-05	6.513430e-03	3.857705e-05	3.353160e-01
3	4297.025129	5.016811e+00	3.971099e-02	4.925940e-01	2.940432e-04	1.113303e-02	1.340957e-02	9.101354e-09	2.557797e-01
3	4179.106701	6.196544e+00	3.777135e-02	4.751438e-01	6.274230e-02	3.801628e-07	2.046206e-01	1.613777e-06	9.203827e-02
3	13683.102167	1.210010e+00	1.781505e-01	2.462864e-01	6.969432e-07	3.757475e-02	4.454509e-03	1.360662e-05	3.049076e-01
3	4818.181913	3.805374e+00	4.254784e-02	5.072850e-01	2.784571e-09	5.885896e-02	9.569751e-02	5.149298e-01	3.950090e-03
3	4002.187653	6.489258e+00	3.039575e-02	4.594333e-01	1.348647e-01	8.889561e-03	1.495885e-01	5.235707e-01	8.150373e-02
3	3133.971909	1.155513e+01	3.103703e-02	3.298017e-01	1.824906e-01	2.880797e-03	2.619627e-07	5.946680e-06	3.157827e-01
3	3199.021101	1.064630e+01	3.421252e-02	2.691195e-01	2.195333e-01	1.024428e-01	1.936603e-02	5.235967e-01	3.044277e-02
3	3422.424505	9.550053e+00	2.116895e-02	3.308499e-01	1.929361e-01	4.816019e-09	7.335649e-03	1.109893e-01	5.235610e-01
3	3352.384929	8.520115e+00	3.295087e-02	3.389086e-01	1.998520e-01	5.734804e-03	1.682751e-01	5.231347e-01	5.099439e-02
3	3677.063733	7.903910e+00	3.618155e-02	3.598254e-01	1.764621e-01	8.410665e-02	6.231279e-08	5.236000e-01	8.400245e-02
3	4283.493632	5.286846e+00	3.501243e-02	4.621843e-01	1.106075e-01	4.781521e-02	1.120742e-01	5.236000e-01	1.486203e-01
3	4924.180456	4.226555e+00	5.033260e-02	4.494849e-01	1.094811e-01	1.425393e-06	4.096417e-03	5.069773e-01	3.102978e-03
3	4313.914961	5.853888e+00	3.790453e-02	4.570922e-01	4.139003e-02	4.622035e-02	2.206279e-01	8.052327e-10	1.732824e-01
3	4396.036080	5.366544e+00	4.035122e-02	4.596285e-01	1.503157e-04	6.807067e-02	1.518915e-01	1.328666e-01	2.124658e-01
3	4040.592817	7.430379e+00	2.433659e-02	4.151516e-01	1.473286e-01	6.041687e-02	1.165372e-01	3.575088e-01	3.159852e-01
3	5680.704563	1.975381e+00	8.599546e-02	3.809575e-01	2.538061e-02	2.670019e-02	3.202233e-01	1.827770e-01	7.381615e-07
3	4610.560700	7.178761e+00	2.613031e-02	4.215741e-01	5.965790e-02	9.989100e-02	1.326894e-10	4.148476e-09	4.497422e-01
3	4795.950698	4.089779e+00	4.043052e-02	4.739255e-01	3.420139e-02	5.968266e-02	2.057272e-01	5.179001e-01	2.523445e-04
3	4236.452117	5.929044e+00	3.736296e-02	5.009090e-01	3.318720e-02	5.043027e-02	3.050090e-03	2.631234e-01	1.132856e-01
3	4100.556182	6.266436e+00	3.688970e-02	4.587866e-01	8.075026e-02	8.926659e-10	7.147274e-02	1.103443e-01	2.550964e-01
3	7118.493283	2.798060e+00	4.951095e-02	3.653147e-01	9.584890e-02	1.325391e-02	1.029677e-01	1.649343e-11	5.236000e-01
3	3897.110613	6.617704e+00	3.680967e-02	4.141362e-01	1.525753e-01	3.619068e-02	1.016945e-01	5.236000e-01	1.681922e-09
3	5257.274268	3.827448e+00	3.694559e-02	4.159657e-01	1.039502e-01	3.345319e-02	1.671691e-01	5.235531e-01	3.387029e-01
3	5641.928909	7.231001e-01	1.161922e-01	2.747424e-01	7.520051e-02	2.211085e-10	3.097436e-01	1.423011e-04	8.226935e-02
3	7542.645606	1.841972e+00	7.692045e-02	4.043152e-01	7.356383e-06	6.970100e-02	1.435310e-01	1.443287e-01	2.702182e-01
3	3964.977075	7.218029e+00	3.603907e-02	4.341634e-01	1.045482e-01	1.969751e-02	6.077864e-08	3.667030e-02	2.827802e-01
3	3958.293628	6.908983e+00	3.309045e-02	4.040150e-01	1.378184e-01	7.130248e-02	1.878279e-01	5.236000e-01	3.326185e-02
3	3923.473751	8.791815e+00	3.244114e-02	3.699297e-01	1.364935e-01	1.210587e-01	9.423489e-03	5.235997e-01	1.247595e-01
3	4992.350782	1.019259e+00	8.561191e-02	4.294049e-01	7.977664e-04	4.161494e-04	2.364553e-01	6.056283e-02	5.058663e-04
3	6828.347052	2.824351e+00	5.382194e-02	3.490569e-01	4.736700e-04	5.839468e-02	2.237883e-01	1.110052e-09	4.585990e-01
3	3166.021340	1.034508e+01	3.591441e-02	3.416305e-01	1.921152e-01	5.943488e-10	1.558499e-08	4.008273e-01	1.070400e-02
3	6519.588494	4.772547e-01	1.989482e-01	1.666885e-06	2.196917e-02	8.379762e-02	8.863714e-08	2.969194e-02	1.420246e-01
3	8454.463638	1.316367e+00	2.187573e-01	7.811351e-02	6.168040e-05	1.319863e-01	3.065061e-01	9.091217e-02	2.872488e-02
3	4108.565355	5.931407e+00	3.695085e-02	4.491309e-01	1.107205e-01	8.838408e-03	1.637575e-01	4.026904e-01	5.878377e-07
3	3724.353403	8.034887e+00	3.338804e-02	3.918456e-01	1.449989e-01	1.676761e-02	9.730156e-04	2.094701e-01	2.915273e-01
3	5858.476515	3.149536e+00	4.011396e-02	4.458630e-01	2.461449e-02	5.765559e-02	2.279590e-01	5.236000e-01	2.494007e-01
