0	0.292231	0.278490	0.030900	1000.000000	60000.000000	0.000000	287.000000
1	1.611084	3.936410	0.197010	1000.000000	60000.000000	14000.000000	286.000000
2	1.611084	3.288550	0.296440	1000.000000	60000.000000	18000.000000	286.000000
3	1.611083	6.492260	0.310790	1000.000000	60000.000000	23000.000000	286.000000
4	0.612129	0.314550	0.093480	500.000000	60000.000000	0.000000	300.149994
5	2.424295	8.976310	0.463770	500.000000	50000.000000	17000.000000	279.649994
6	2.339753	3.420370	0.085120	500.000000	50000.000000	17000.000000	284.649994
7	2.116337	1.102210	0.213390	500.000000	60000.000000	10000.000000	300.149994
8	0.416584	0.416500	0.006900	600.000000	50000.000000	0.000000	270.950012
9	0.438155	0.391010	0.010750	600.000000	50000.000000	0.000000	282.399994
10	0.455646	0.379090	0.026320	600.000000	50000.000000	0.000000	291.750000
11	1.981286	1.215610	0.459240	600.000000	33000.000000	10000.000000	300.149994
12	1.981282	0.739430	0.239630	600.000000	39000.000000	10000.000000	300.149994
13	1.981275	0.569980	0.169090	600.000000	50000.000000	10000.000000	300.149994
14	1.981270	0.299220	0.122720	600.000000	56000.000000	10000.000000	300.149994
15	0.470828	0.204260	0.057350	600.000000	60000.000000	0.000000	300.000000
16	0.472101	0.397660	0.035070	600.000000	50000.000000	0.000000	300.700012
17	0.484420	0.298670	0.025200	600.000000	50000.000000	0.000000	307.549988
18	2.500652	14.491600	1.393100	600.000000	50000.000000	8000.000000	268.000000
19	2.450706	12.135890	0.967030	600.000000	50000.000000	8000.000000	270.450012
20	2.264554	5.155180	0.312370	600.000000	50000.000000	8000.000000	280.600006
21	2.197756	4.285720	0.162320	600.000000	50000.000000	8000.000000	284.700012
22	2.115450	3.447630	0.175340	600.000000	50000.000000	8000.000000	290.149994
23	2.057292	3.264040	0.142670	600.000000	50000.000000	8000.000000	294.299988
24	1.981274	1.683590	0.060000	600.000000	50000.000000	15000.000000	300.149994
25	1.983133	3.222910	0.291550	600.000000	60000.000000	17000.000000	300.000000
26	1.970770	2.937330	0.114750	600.000000	50000.000000	8000.000000	301.000000
27	1.914976	2.061640	0.132650	600.000000	50000.000000	8000.000000	305.700012
28	0.358402	0.329000	0.010870	700.000000	50000.000000	0.000000	277.950012
29	0.384869	0.374000	0.020290	700.000000	50000.000000	0.000000	298.950012
30	1.756099	1.280350	0.124740	700.000000	50000.000000	10170.000000	309.049988
31	2.165486	2.708840	0.136210	700.000000	50000.000000	10100.000000	278.250000
32	1.981493	1.471710	0.048200	700.000000	50000.000000	10180.000000	290.350006
33	1.927906	1.335160	0.067040	700.000000	50000.000000	10130.000000	294.350006
34	1.870134	1.289090	0.076790	700.000000	50000.000000	10250.000000	298.950012
35	0.321318	0.390840	0.004940	800.000000	60000.000000	0.000000	282.000000
36	1.815143	3.443420	1.383900	800.000000	60000.000000	15000.000000	293.000000
37	0.306134	0.415500	0.105610	850.000000	50000.000000	0.000000	277.799988
38	0.312474	0.348780	0.053410	850.000000	50000.000000	0.000000	289.100006
39	0.318129	0.435190	0.128120	850.000000	50000.000000	0.000000	298.299988
40	0.319308	0.339880	0.041260	850.000000	60000.000000	0.000000	300.149994
41	1.666094	3.222910	0.291550	850.000000	60000.000000	17000.000000	300.149994
42	0.302768	0.296050	0.039040	900.000000	17000.000000	0.000000	290.000000
43	0.317382	0.355070	0.055960	1000.000000	60000.000000	0.000000	286.000000
44	7.367860	8.429600	1.264450	1000.000000	60000.000000	10000.000000	286.000000
45	7.367856	10.266260	0.912100	1000.000000	60000.000000	18000.000000	286.000000
46	7.367840	8.445930	1.118460	1000.000000	60000.000000	33000.000000	286.000000
47	0.170267	0.229880	0.025940	600.000000	50000.000000	0.000000	273.200012
48	0.167421	0.346370	0.050980	600.000000	50000.000000	0.000000	278.899994
49	0.165592	0.229140	0.031570	600.000000	50000.000000	0.000000	282.850006
50	0.163349	0.234710	0.062920	600.000000	50000.000000	0.000000	288.049988
51	0.161375	0.261390	0.034490	600.000000	50000.000000	0.000000	293.000000
52	0.159725	0.225990	0.028960	600.000000	50000.000000	0.000000	297.450012
53	0.158829	0.237870	0.037040	600.000000	60000.000000	0.000000	300.000000
54	0.158051	0.150660	0.018630	600.000000	50000.000000	0.000000	302.299988
55	0.156297	0.244800	0.104950	600.000000	50000.000000	0.000000	307.799988
56	3.318608	13.862560	1.146850	600.000000	50000.000000	8000.000000	273.149994
57	3.173588	9.066140	0.639120	600.000000	50000.000000	8000.000000	278.399994
58	3.042702	8.057900	1.139940	600.000000	50000.000000	8000.000000	283.549988
59	2.886272	3.873240	0.901950	600.000000	50000.000000	8000.000000	290.299988
60	2.829099	6.309420	0.822910	600.000000	50000.000000	8000.000000	292.950012
61	2.736012	4.840020	0.136410	600.000000	50000.000000	8000.000000	297.500000
62	2.684554	6.135870	0.549580	600.000000	60000.000000	17000.000000	300.149994
63	2.687414	6.135870	0.549580	600.000000	60000.000000	17000.000000	300.000000
64	2.640552	4.196010	0.434850	600.000000	50000.000000	8000.000000	302.500000
65	2.546466	3.543680	0.689560	600.000000	50000.000000	8000.000000	307.799988
66	0.198824	0.078830	0.015190	700.000000	50000.000000	0.000000	277.950012
67	0.192122	0.180250	0.026840	700.000000	50000.000000	0.000000	289.000000
68	0.186605	0.078830	0.015190	700.000000	50000.000000	0.000000	299.549988
69	0.183599	0.142290	0.022940	700.000000	50000.000000	0.000000	306.000000
70	4.081805	3.178830	0.363550	700.000000	50000.000000	10690.000000	279.549988
71	3.812789	5.216300	0.866880	700.000000	50000.000000	10000.000000	288.000000
72	3.670589	1.418250	0.214320	700.000000	50000.000000	10960.000000	292.950012
73	3.588032	3.430850	0.360930	700.000000	50000.000000	10000.000000	296.000000
74	3.514132	1.463360	0.292250	700.000000	50000.000000	11150.000000	298.850006
75	3.364546	3.115340	0.443390	700.000000	50000.000000	10000.000000	305.000000
76	0.224469	0.161810	0.029710	800.000000	60000.000000	0.000000	293.000000
77	0.256453	0.174480	0.014270	850.000000	50000.000000	0.000000	278.149994
78	0.246381	0.144460	0.032550	850.000000	50000.000000	0.000000	289.750000
79	0.238510	0.207440	0.017840	850.000000	60000.000000	0.000000	300.149994
80	5.847745	6.417420	0.242430	850.000000	50000.000000	10390.000000	277.799988
81	5.463663	2.409690	0.430340	850.000000	60000.000000	10130.000000	286.049988
82	5.312891	2.928750	0.918420	850.000000	50000.000000	10235.000000	289.600006
83	4.975298	0.953750	1.166670	850.000000	50000.000000	9890.000000	298.299988
84	4.908819	6.818260	0.756220	850.000000	60000.000000	17000.000000	300.149994
