0	0.005620	0.011440	0.003160	1000.000000	60000.000000	0.000000	287.000000
1	1.468870	1.009740	0.272270	1000.000000	60000.000000	14000.000000	286.000000
2	1.468870	1.344100	0.255130	1000.000000	60000.000000	18000.000000	286.000000
3	1.468869	1.813510	0.685010	1000.000000	60000.000000	23000.000000	286.000000
5	0.990390	0.802960	0.077400	500.000000	50000.000000	17000.000000	279.649994
7	0.913269	1.177000	0.157620	500.000000	60000.000000	10000.000000	300.149994
8	0.036242	0.020050	0.001480	600.000000	50000.000000	0.000000	270.950012
9	0.032347	0.025100	0.001550	600.000000	50000.000000	0.000000	282.399994
10	0.029455	0.028740	0.000845	600.000000	50000.000000	0.000000	291.750000
15	0.027093	0.008100	0.004540	600.000000	60000.000000	0.000000	300.000000
16	0.026900	0.028780	0.002460	600.000000	50000.000000	0.000000	300.700012
17	0.025074	0.027010	0.001100	600.000000	50000.000000	0.000000	307.549988
18	1.114114	3.500610	0.282430	600.000000	50000.000000	8000.000000	268.000000
19	1.100776	3.021540	0.609460	600.000000	50000.000000	8000.000000	270.450012
20	1.049914	2.051130	0.173890	600.000000	50000.000000	8000.000000	280.600006
21	1.031183	2.212320	0.311020	600.000000	50000.000000	8000.000000	284.700012
22	1.007723	1.530390	0.215080	600.000000	50000.000000	8000.000000	290.149994
23	0.990877	1.150940	0.366720	600.000000	50000.000000	8000.000000	294.299988
24	0.968498	0.967723	0.140000	600.000000	50000.000000	15000.000000	300.149994
25	0.969049	0.931590	0.185850	600.000000	60000.000000	17000.000000	300.000000
26	0.965372	1.443690	0.094810	600.000000	50000.000000	8000.000000	301.000000
27	0.948627	1.763430	0.301700	600.000000	50000.000000	8000.000000	305.700012
28	0.019526	0.023410	0.001090	700.000000	50000.000000	0.000000	277.950012
29	0.010715	0.028940	0.004140	700.000000	50000.000000	0.000000	298.950012
30	1.010272	2.137550	0.276590	700.000000	50000.000000	10170.000000	309.049988
31	1.148667	1.148680	0.000864	700.000000	50000.000000	10100.000000	278.250000
32	1.088133	1.671970	0.084680	700.000000	50000.000000	10180.000000	290.350006
33	1.070019	1.590200	0.132860	700.000000	50000.000000	10130.000000	294.350006
34	1.050223	0.480690	0.069270	700.000000	50000.000000	10250.000000	298.950012
35	0.010361	0.017150	0.007500	800.000000	60000.000000	0.000000	282.000000
36	1.174858	0.639910	0.313820	800.000000	60000.000000	15000.000000	293.000000
38	0.004644	0.020660	0.006160	850.000000	50000.000000	0.000000	289.100006
39	-1.000000	0.022600	0.005750	850.000000	50000.000000	0.000000	298.299988
42	0.003143	0.022010	0.002280	900.000000	17000.000000	0.000000	290.000000
43	0.067838	0.378600	0.089420	1000.000000	60000.000000	0.000000	286.000000
44	1.829036	5.312770	0.610350	1000.000000	60000.000000	10000.000000	286.000000
45	1.829035	7.935880	1.805790	1000.000000	60000.000000	18000.000000	286.000000
46	1.829032	5.055840	0.813870	1000.000000	60000.000000	33000.000000	286.000000
47	0.027314	0.199810	0.049820	600.000000	50000.000000	0.000000	273.200012
48	0.025799	0.250860	0.062730	600.000000	50000.000000	0.000000	278.899994
49	0.024788	0.201530	0.058930	600.000000	50000.000000	0.000000	282.850006
50	0.023504	0.131940	0.032580	600.000000	50000.000000	0.000000	288.049988
51	0.022326	0.186370	0.048900	600.000000	50000.000000	0.000000	293.000000
52	0.021303	0.292220	0.073560	600.000000	50000.000000	0.000000	297.450012
53	0.020731	0.786950	0.205630	600.000000	60000.000000	0.000000	300.000000
54	0.020224	0.210890	0.049140	600.000000	50000.000000	0.000000	302.299988
55	0.019043	0.496850	0.153660	600.000000	50000.000000	0.000000	307.799988
56	0.931839	5.727730	0.345300	600.000000	50000.000000	8000.000000	273.149994
57	0.907249	4.586670	0.390610	600.000000	50000.000000	8000.000000	278.399994
58	0.884651	4.367970	1.151390	600.000000	50000.000000	8000.000000	283.549988
59	0.857101	6.050850	1.072490	600.000000	50000.000000	8000.000000	290.299988
60	0.846875	4.815140	0.819800	600.000000	50000.000000	8000.000000	292.950012
61	0.830038	2.894910	0.475160	600.000000	50000.000000	8000.000000	297.500000
62	0.820625	2.013810	0.346310	600.000000	60000.000000	17000.000000	300.149994
63	0.821150	2.013810	0.346310	600.000000	60000.000000	17000.000000	300.000000
64	0.812517	2.662300	0.327880	600.000000	50000.000000	8000.000000	302.500000
65	0.794983	3.035260	0.543540	600.000000	50000.000000	8000.000000	307.799988
66	0.033896	0.065840	0.010400	700.000000	50000.000000	0.000000	277.950012
67	0.030539	0.145460	0.025390	700.000000	50000.000000	0.000000	289.000000
68	0.027582	0.065840	0.010400	700.000000	50000.000000	0.000000	299.549988
69	0.025880	0.179160	0.053660	700.000000	50000.000000	0.000000	306.000000
70	1.101304	2.569440	0.371440	700.000000	50000.000000	10690.000000	279.549988
71	1.057135	3.937620	0.716680	700.000000	50000.000000	10000.000000	288.000000
72	1.033263	2.685610	0.542010	700.000000	50000.000000	10960.000000	292.950012
73	1.019226	3.197310	0.657010	700.000000	50000.000000	10000.000000	296.000000
74	1.006546	1.795490	0.387700	700.000000	50000.000000	11150.000000	298.850006
75	0.980531	2.203410	0.267980	700.000000	50000.000000	10000.000000	305.000000
76	0.039061	0.315000	0.075370	800.000000	60000.000000	0.000000	293.000000
77	0.050355	0.068850	0.014060	850.000000	50000.000000	0.000000	278.149994
78	0.045904	0.072670	0.017500	850.000000	50000.000000	0.000000	289.750000
79	0.042239	0.501890	0.055050	850.000000	60000.000000	0.000000	300.149994
80	1.472528	4.153270	0.558000	850.000000	50000.000000	10390.000000	277.799988
81	1.413601	2.392510	0.248250	850.000000	60000.000000	10130.000000	286.049988
82	1.390006	4.203710	1.047690	850.000000	50000.000000	10235.000000	289.600006
83	1.336141	2.065320	0.550930	850.000000	50000.000000	9890.000000	298.299988
84	1.325355	2.832240	0.442670	850.000000	60000.000000	17000.000000	300.149994
