0	-1.000000	0.019520	0.004490	1000.000000	60000.000000	0.000000	287.000000
1	-1.000000	1.557130	0.274810	1000.000000	60000.000000	14000.000000	286.000000
2	-1.000000	1.626780	0.222710	1000.000000	60000.000000	18000.000000	286.000000
3	-1.000000	2.935520	0.752450	1000.000000	60000.000000	23000.000000	286.000000
4	-1.000000	0.028770	0.005070	500.000000	60000.000000	0.000000	300.149994
5	-1.000000	0.745500	0.060720	500.000000	50000.000000	17000.000000	279.649994
6	-1.000000	1.570910	0.081740	500.000000	50000.000000	17000.000000	284.649994
7	-1.000000	1.410140	0.242160	500.000000	60000.000000	10000.000000	300.149994
8	-1.000000	0.016050	0.002550	600.000000	50000.000000	0.000000	270.950012
9	-1.000000	0.023140	0.001080	600.000000	50000.000000	0.000000	282.399994
10	-1.000000	0.027110	0.002280	600.000000	50000.000000	0.000000	291.750000
11	-1.000000	1.953890	0.232510	600.000000	33000.000000	10000.000000	300.149994
12	-1.000000	1.698270	0.088200	600.000000	39000.000000	10000.000000	300.149994
13	-1.000000	1.101080	0.107060	600.000000	50000.000000	10000.000000	300.149994
14	-1.000000	1.457650	0.121320	600.000000	56000.000000	10000.000000	300.149994
15	-1.000000	0.027560	0.012320	600.000000	60000.000000	0.000000	300.000000
16	-1.000000	0.029180	0.001390	600.000000	50000.000000	0.000000	300.700012
17	-1.000000	0.030810	0.001560	600.000000	50000.000000	0.000000	307.549988
18	-1.000000	3.550920	0.208110	600.000000	50000.000000	8000.000000	268.000000
19	-1.000000	2.714130	0.351980	600.000000	50000.000000	8000.000000	270.450012
20	-1.000000	2.240870	0.194340	600.000000	50000.000000	8000.000000	280.600006
21	-1.000000	2.195200	0.166830	600.000000	50000.000000	8000.000000	284.700012
22	-1.000000	1.959780	0.194160	600.000000	50000.000000	8000.000000	290.149994
23	-1.000000	1.828450	0.198150	600.000000	50000.000000	8000.000000	294.299988
24	-1.000000	0.489595	0.040000	600.000000	50000.000000	15000.000000	300.149994
25	-1.000000	0.485360	0.164190	600.000000	60000.000000	17000.000000	300.000000
26	-1.000000	1.652630	0.062930	600.000000	50000.000000	8000.000000	301.000000
27	-1.000000	1.693500	0.222890	600.000000	50000.000000	8000.000000	305.700012
28	-1.000000	0.017710	0.000648	700.000000	50000.000000	0.000000	277.950012
29	-1.000000	0.035360	0.004720	700.000000	50000.000000	0.000000	298.950012
30	-1.000000	0.866910	0.116730	700.000000	50000.000000	10170.000000	309.049988
31	-1.000000	1.098420	0.000546	700.000000	50000.000000	10100.000000	278.250000
32	-1.000000	0.398250	0.097850	700.000000	50000.000000	10180.000000	290.350006
33	-1.000000	0.472970	0.053820	700.000000	50000.000000	10130.000000	294.350006
34	-1.000000	0.377190	0.090940	700.000000	50000.000000	10250.000000	298.950012
35	-1.000000	0.006460	0.003650	800.000000	60000.000000	0.000000	282.000000
36	-1.000000	1.086670	0.393460	800.000000	60000.000000	15000.000000	293.000000
37	-1.000000	0.017930	0.005430	850.000000	50000.000000	0.000000	277.799988
38	-1.000000	0.016700	0.005550	850.000000	50000.000000	0.000000	289.100006
39	-1.000000	0.022130	0.004570	850.000000	50000.000000	0.000000	298.299988
40	-1.000000	0.016780	0.002660	850.000000	60000.000000	0.000000	300.149994
41	-1.000000	0.485360	0.164190	850.000000	60000.000000	17000.000000	300.149994
42	-1.000000	0.011370	0.002280	900.000000	17000.000000	0.000000	290.000000
43	-1.000000	0.301820	0.087880	1000.000000	60000.000000	0.000000	286.000000
44	-1.000000	4.738510	0.613860	1000.000000	60000.000000	10000.000000	286.000000
45	-1.000000	10.744550	1.715750	1000.000000	60000.000000	18000.000000	286.000000
46	-1.000000	5.359780	0.821080	1000.000000	60000.000000	33000.000000	286.000000
47	-1.000000	0.174430	0.020380	600.000000	50000.000000	0.000000	273.200012
48	-1.000000	0.168720	0.024220	600.000000	50000.000000	0.000000	278.899994
49	-1.000000	0.146270	0.023110	600.000000	50000.000000	0.000000	282.850006
50	-1.000000	0.237230	0.039770	600.000000	50000.000000	0.000000	288.049988
51	-1.000000	0.170000	0.038790	600.000000	50000.000000	0.000000	293.000000
52	-1.000000	0.160860	0.030200	600.000000	50000.000000	0.000000	297.450012
53	-1.000000	0.404550	0.072670	600.000000	60000.000000	0.000000	300.000000
54	-1.000000	0.460250	0.117150	600.000000	50000.000000	0.000000	302.299988
55	-1.000000	0.173190	0.032660	600.000000	50000.000000	0.000000	307.799988
56	-1.000000	3.937480	0.325470	600.000000	50000.000000	8000.000000	273.149994
57	-1.000000	4.111320	0.447820	600.000000	50000.000000	8000.000000	278.399994
58	-1.000000	3.660600	0.501290	600.000000	50000.000000	8000.000000	283.549988
59	-1.000000	1.355660	0.904400	600.000000	50000.000000	8000.000000	290.299988
60	-1.000000	3.825370	0.395670	600.000000	50000.000000	8000.000000	292.950012
61	-1.000000	3.742300	0.698660	600.000000	50000.000000	8000.000000	297.500000
62	-1.000000	2.773220	0.334730	600.000000	60000.000000	17000.000000	300.149994
63	-1.000000	2.773220	0.334730	600.000000	60000.000000	17000.000000	300.000000
64	-1.000000	3.753750	0.438840	600.000000	50000.000000	8000.000000	302.500000
65	-1.000000	3.436360	0.756040	600.000000	50000.000000	8000.000000	307.799988
66	-1.000000	0.022620	0.013220	700.000000	50000.000000	0.000000	277.950012
67	-1.000000	0.273070	0.094150	700.000000	50000.000000	0.000000	289.000000
68	-1.000000	0.022620	0.013220	700.000000	50000.000000	0.000000	299.549988
69	-1.000000	0.166740	0.048130	700.000000	50000.000000	0.000000	306.000000
70	-1.000000	2.056770	0.271760	700.000000	50000.000000	10690.000000	279.549988
71	-1.000000	3.824240	0.583430	700.000000	50000.000000	10000.000000	288.000000
72	-1.000000	1.084920	0.437790	700.000000	50000.000000	10960.000000	292.950012
73	-1.000000	2.838240	0.396400	700.000000	50000.000000	10000.000000	296.000000
74	-1.000000	1.272140	0.443130	700.000000	50000.000000	11150.000000	298.850006
75	-1.000000	2.180420	0.423080	700.000000	50000.000000	10000.000000	305.000000
76	-1.000000	0.174100	0.060000	800.000000	60000.000000	0.000000	293.000000
77	-1.000000	0.037470	0.007770	850.000000	50000.000000	0.000000	278.149994
78	-1.000000	0.044090	0.012330	850.000000	50000.000000	0.000000	289.750000
79	-1.000000	0.262840	0.066530	850.000000	60000.000000	0.000000	300.149994
80	-1.000000	1.919590	0.317820	850.000000	50000.000000	10390.000000	277.799988
81	-1.000000	1.746600	0.165050	850.000000	60000.000000	10130.000000	286.049988
82	-1.000000	1.363210	0.555460	850.000000	50000.000000	10235.000000	289.600006
83	-1.000000	2.125550	0.856220	850.000000	50000.000000	9890.000000	298.299988
84	-1.000000	2.900420	0.705430	850.000000	60000.000000	17000.000000	300.149994
