0	0.036006	0.034400	0.006380	1000.000000	60000.000000	0.000000	287.000000
1	-1.000000	2.178640	0.199810	1000.000000	60000.000000	14000.000000	286.000000
2	-1.000000	2.033360	0.454100	1000.000000	60000.000000	18000.000000	286.000000
3	-1.000000	3.177090	0.872020	1000.000000	60000.000000	23000.000000	286.000000
4	0.087927	0.031710	0.006960	500.000000	60000.000000	0.000000	300.149994
5	1.387271	1.084050	0.138230	500.000000	50000.000000	17000.000000	279.649994
6	1.320536	0.578590	0.038260	500.000000	50000.000000	17000.000000	284.649994
7	1.148475	0.377980	0.242990	500.000000	60000.000000	10000.000000	300.149994
8	0.055581	0.033070	0.003600	600.000000	50000.000000	0.000000	270.950012
9	0.050590	0.034800	0.003120	600.000000	50000.000000	0.000000	282.399994
10	0.046734	0.042300	0.001890	600.000000	50000.000000	0.000000	291.750000
11	0.940402	1.027750	0.301010	600.000000	33000.000000	10000.000000	300.149994
12	0.940399	0.704490	0.151270	600.000000	39000.000000	10000.000000	300.149994
13	0.940391	0.388810	0.109310	600.000000	50000.000000	10000.000000	300.149994
14	0.940386	0.445810	0.111660	600.000000	56000.000000	10000.000000	300.149994
15	0.043484	0.039420	0.006980	600.000000	60000.000000	0.000000	300.000000
16	0.043215	0.043600	0.002500	600.000000	50000.000000	0.000000	300.700012
17	0.040631	0.040600	0.000976	600.000000	50000.000000	0.000000	307.549988
18	1.288062	2.506470	0.286520	600.000000	50000.000000	8000.000000	268.000000
19	1.253506	3.064930	0.208510	600.000000	50000.000000	8000.000000	270.450012
20	1.126721	1.713780	0.122720	600.000000	50000.000000	8000.000000	280.600006
21	1.082034	1.388210	0.068570	600.000000	50000.000000	8000.000000	284.700012
22	1.027593	1.143320	0.094020	600.000000	50000.000000	8000.000000	290.149994
23	0.989553	0.751900	0.079060	600.000000	50000.000000	8000.000000	294.299988
24	0.940391	0.776363	0.110000	600.000000	50000.000000	15000.000000	300.149994
25	0.941582	1.421840	0.289510	600.000000	60000.000000	17000.000000	300.000000
26	0.933649	0.787470	0.043080	600.000000	50000.000000	8000.000000	301.000000
27	0.898055	0.869180	0.113170	600.000000	50000.000000	8000.000000	305.700012
28	0.037951	0.034290	0.002120	700.000000	50000.000000	0.000000	277.950012
29	0.022046	0.035700	0.007550	700.000000	50000.000000	0.000000	298.950012
30	0.660383	0.450470	0.141640	700.000000	50000.000000	10170.000000	309.049988
31	0.867177	1.122140	0.167150	700.000000	50000.000000	10100.000000	278.250000
32	0.772535	0.549730	0.103390	700.000000	50000.000000	10180.000000	290.350006
33	0.745477	0.708630	0.047810	700.000000	50000.000000	10130.000000	294.350006
34	0.716576	0.706600	0.062460	700.000000	50000.000000	10250.000000	298.950012
35	0.030526	0.034600	0.008250	800.000000	60000.000000	0.000000	282.000000
36	0.477414	1.380180	0.586250	800.000000	60000.000000	15000.000000	293.000000
37	0.036198	0.034520	0.006700	850.000000	50000.000000	0.000000	277.799988
38	0.023445	0.029910	0.006340	850.000000	50000.000000	0.000000	289.100006
39	0.013206	0.026520	0.005540	850.000000	50000.000000	0.000000	298.299988
40	0.011163	0.032010	0.002420	850.000000	60000.000000	0.000000	300.149994
41	0.310942	1.421840	0.289510	850.000000	60000.000000	17000.000000	300.149994
42	0.024187	0.038810	0.003850	900.000000	17000.000000	0.000000	290.000000
43	0.223536	0.162840	0.019700	1000.000000	60000.000000	0.000000	286.000000
44	2.366768	6.282630	0.890680	1000.000000	60000.000000	10000.000000	286.000000
45	2.366765	6.898950	1.098700	1000.000000	60000.000000	18000.000000	286.000000
46	2.366756	5.072000	0.436030	1000.000000	60000.000000	33000.000000	286.000000
47	0.102358	0.126200	0.010510	600.000000	50000.000000	0.000000	273.200012
48	0.099327	0.103900	0.009720	600.000000	50000.000000	0.000000	278.899994
49	0.097294	0.126480	0.011220	600.000000	50000.000000	0.000000	282.850006
50	0.094697	0.127020	0.043590	600.000000	50000.000000	0.000000	288.049988
51	0.092302	0.096180	0.012180	600.000000	50000.000000	0.000000	293.000000
52	0.090209	0.099120	0.014770	600.000000	50000.000000	0.000000	297.450012
53	0.089034	0.211000	0.026720	600.000000	60000.000000	0.000000	300.000000
54	0.087989	0.141910	0.026660	600.000000	50000.000000	0.000000	302.299988
55	0.085543	0.009230	0.044790	600.000000	50000.000000	0.000000	307.799988
56	1.347296	7.279570	0.963610	600.000000	50000.000000	8000.000000	273.149994
57	1.274472	5.912060	0.313170	600.000000	50000.000000	8000.000000	278.399994
58	1.209563	4.903830	1.086630	600.000000	50000.000000	8000.000000	283.549988
59	1.133035	4.502070	0.924360	600.000000	50000.000000	8000.000000	290.299988
60	1.105358	4.105770	0.697610	600.000000	50000.000000	8000.000000	292.950012
61	1.060638	3.847640	0.475470	600.000000	50000.000000	8000.000000	297.500000
62	1.036101	3.248190	0.384890	600.000000	60000.000000	17000.000000	300.149994
63	1.037460	3.248190	0.384890	600.000000	60000.000000	17000.000000	300.000000
64	1.015231	2.872360	0.295430	600.000000	50000.000000	8000.000000	302.500000
65	0.970936	2.787170	0.446580	600.000000	50000.000000	8000.000000	307.799988
66	0.125875	0.061200	0.015740	700.000000	50000.000000	0.000000	277.950012
67	0.119096	0.124290	0.018530	700.000000	50000.000000	0.000000	289.000000
68	0.113059	0.061200	0.015740	700.000000	50000.000000	0.000000	299.549988
69	0.109550	0.118340	0.003020	700.000000	50000.000000	0.000000	306.000000
70	1.515635	2.615460	0.315380	700.000000	50000.000000	10690.000000	279.549988
71	1.393778	2.668270	0.368850	700.000000	50000.000000	10000.000000	288.000000
72	1.330332	2.892200	0.379940	700.000000	50000.000000	10960.000000	292.950012
73	1.293812	1.889700	0.152650	700.000000	50000.000000	10000.000000	296.000000
74	1.261322	2.171550	0.295720	700.000000	50000.000000	11150.000000	298.850006
75	1.196148	1.416410	0.185880	700.000000	50000.000000	10000.000000	305.000000
76	0.145845	0.101970	0.030000	800.000000	60000.000000	0.000000	293.000000
77	0.173581	0.068380	0.010590	850.000000	50000.000000	0.000000	278.149994
78	0.164457	0.076100	0.016800	850.000000	50000.000000	0.000000	289.750000
79	0.156873	0.166770	0.013170	850.000000	60000.000000	0.000000	300.149994
80	2.010835	3.676540	0.875010	850.000000	50000.000000	10390.000000	277.799988
81	1.850940	2.700920	0.195080	850.000000	60000.000000	10130.000000	286.049988
82	1.789025	2.093170	0.681040	850.000000	50000.000000	10235.000000	289.600006
83	1.652152	2.238510	0.985810	850.000000	50000.000000	9890.000000	298.299988
84	1.625491	2.874200	0.438600	850.000000	60000.000000	17000.000000	300.149994
