0	-1.000000	0.017200	0.003360	1000.000000	60000.000000	0.000000	287.000000
1	0.880451	2.554940	0.364810	1000.000000	60000.000000	14000.000000	286.000000
2	0.880450	1.184030	0.277950	1000.000000	60000.000000	18000.000000	286.000000
3	0.880449	2.576970	0.806860	1000.000000	60000.000000	23000.000000	286.000000
4	0.058215	0.014880	0.002200	500.000000	60000.000000	0.000000	300.149994
5	1.503095	0.328850	0.074150	500.000000	50000.000000	17000.000000	279.649994
6	1.309010	0.784100	0.044910	500.000000	50000.000000	17000.000000	284.649994
7	0.898423	0.677530	0.277020	500.000000	60000.000000	10000.000000	300.149994
8	0.049711	0.011970	0.002290	600.000000	50000.000000	0.000000	270.950012
9	0.025455	0.010290	0.001970	600.000000	50000.000000	0.000000	282.399994
10	0.011703	0.010410	0.001230	600.000000	50000.000000	0.000000	291.750000
11	0.836449	1.017210	0.127090	600.000000	33000.000000	10000.000000	300.149994
12	0.836448	0.696770	0.071710	600.000000	39000.000000	10000.000000	300.149994
13	0.836445	0.568370	0.058970	600.000000	50000.000000	10000.000000	300.149994
14	0.836443	0.260230	0.099260	600.000000	56000.000000	10000.000000	300.149994
15	0.002418	0.006180	0.008060	600.000000	60000.000000	0.000000	300.000000
16	0.001727	0.011770	0.000816	600.000000	50000.000000	0.000000	300.700012
17	-1.000000	0.013620	0.000851	600.000000	50000.000000	0.000000	307.549988
18	2.045083	2.241170	0.146490	600.000000	50000.000000	8000.000000	268.000000
19	1.889409	2.111230	0.107040	600.000000	50000.000000	8000.000000	270.450012
20	1.387604	1.350160	0.069690	600.000000	50000.000000	8000.000000	280.600006
21	1.235823	0.994960	0.090640	600.000000	50000.000000	8000.000000	284.700012
22	1.067903	1.278000	0.096630	600.000000	50000.000000	8000.000000	290.149994
23	0.961365	1.013830	0.107460	600.000000	50000.000000	8000.000000	294.299988
24	0.836445	0.904630	0.090000	600.000000	50000.000000	15000.000000	300.149994
25	0.839322	0.659320	0.132700	600.000000	60000.000000	17000.000000	300.000000
26	0.820407	0.892160	0.034970	600.000000	50000.000000	8000.000000	301.000000
27	0.740002	1.078770	0.128260	600.000000	50000.000000	8000.000000	305.700012
28	0.019277	0.011460	0.000848	700.000000	50000.000000	0.000000	277.950012
29	-1.000000	0.019470	0.005850	700.000000	50000.000000	0.000000	298.950012
30	0.637661	0.619410	0.096050	700.000000	50000.000000	10170.000000	309.049988
31	1.404153	1.403330	0.000941	700.000000	50000.000000	10100.000000	278.250000
32	0.996830	0.685450	0.093960	700.000000	50000.000000	10180.000000	290.350006
33	0.898350	0.737350	0.058970	700.000000	50000.000000	10130.000000	294.350006
34	0.801623	0.589930	0.104340	700.000000	50000.000000	10250.000000	298.950012
37	0.012724	0.014050	0.011350	850.000000	50000.000000	0.000000	277.799988
38	-1.000000	0.015880	0.003650	850.000000	50000.000000	0.000000	289.100006
39	-1.000000	0.013230	0.008020	850.000000	50000.000000	0.000000	298.299988
40	-1.000000	0.013990	0.005670	850.000000	60000.000000	0.000000	300.149994
41	0.692280	0.659320	0.132700	850.000000	60000.000000	17000.000000	300.149994
42	-1.000000	0.013020	0.002780	900.000000	17000.000000	0.000000	290.000000
43	0.069629	0.219150	0.026650	1000.000000	60000.000000	0.000000	286.000000
44	0.960272	6.629580	0.624870	1000.000000	60000.000000	10000.000000	286.000000
45	0.960271	6.800620	1.179160	1000.000000	60000.000000	18000.000000	286.000000
46	0.960268	4.821790	0.498830	1000.000000	60000.000000	33000.000000	286.000000
47	0.055848	0.156540	0.021920	600.000000	50000.000000	0.000000	273.200012
48	0.039098	0.111150	0.015350	600.000000	50000.000000	0.000000	278.899994
49	0.029223	0.133040	0.012470	600.000000	50000.000000	0.000000	282.850006
50	0.017826	0.202030	0.061480	600.000000	50000.000000	0.000000	288.049988
51	0.008245	0.111530	0.010550	600.000000	50000.000000	0.000000	293.000000
52	0.000404	0.154770	0.014410	600.000000	50000.000000	0.000000	297.450012
53	-1.000000	0.379430	0.060980	600.000000	60000.000000	0.000000	300.000000
54	-1.000000	0.166040	0.025880	600.000000	50000.000000	0.000000	302.299988
55	-1.000000	0.123790	0.023610	600.000000	50000.000000	0.000000	307.799988
56	0.935786	5.962830	0.529550	600.000000	50000.000000	8000.000000	273.149994
57	0.791452	4.088090	0.495020	600.000000	50000.000000	8000.000000	278.399994
58	0.676132	3.697540	0.964260	600.000000	50000.000000	8000.000000	283.549988
59	0.555539	3.561190	0.772310	600.000000	50000.000000	8000.000000	290.299988
60	0.515861	2.768840	0.529520	600.000000	50000.000000	8000.000000	292.950012
61	0.456012	2.876240	0.275500	600.000000	50000.000000	8000.000000	297.500000
62	0.425365	2.147390	0.489640	600.000000	60000.000000	17000.000000	300.149994
63	0.427025	2.147390	0.489640	600.000000	60000.000000	17000.000000	300.000000
64	0.400472	2.043750	0.357820	600.000000	50000.000000	8000.000000	302.500000
65	0.351200	2.946290	0.350090	600.000000	50000.000000	8000.000000	307.799988
66	0.054546	0.045500	0.023970	700.000000	50000.000000	0.000000	277.950012
67	0.023294	1.225340	0.457060	700.000000	50000.000000	0.000000	289.000000
68	0.000598	0.045500	0.023970	700.000000	50000.000000	0.000000	299.549988
69	-1.000000	0.160020	0.026370	700.000000	50000.000000	0.000000	306.000000
70	0.845947	2.983810	0.665130	700.000000	50000.000000	10690.000000	279.549988
71	0.655654	3.321590	0.206270	700.000000	50000.000000	10000.000000	288.000000
72	0.569194	5.193510	1.672660	700.000000	50000.000000	10960.000000	292.950012
73	0.523167	2.291820	0.457840	700.000000	50000.000000	10000.000000	296.000000
74	0.484450	1.881970	0.474720	700.000000	50000.000000	11150.000000	298.850006
75	0.412934	2.125710	0.231650	700.000000	50000.000000	10000.000000	305.000000
76	0.022057	0.173620	0.014140	800.000000	60000.000000	0.000000	293.000000
77	0.078038	0.032480	0.003780	850.000000	50000.000000	0.000000	278.149994
78	0.036104	0.031460	0.006430	850.000000	50000.000000	0.000000	289.750000
79	0.008321	0.233670	0.021280	850.000000	60000.000000	0.000000	300.149994
80	1.050929	3.419770	0.269510	850.000000	50000.000000	10390.000000	277.799988
81	0.814509	1.662580	0.204560	850.000000	60000.000000	10130.000000	286.049988
82	0.733516	2.118090	0.333280	850.000000	50000.000000	10235.000000	289.600006
83	0.574248	1.276460	0.995880	850.000000	50000.000000	9890.000000	298.299988
84	0.546275	2.041370	0.660630	850.000000	60000.000000	17000.000000	300.149994
