1	-1.000000	-1.000000	-1.000000e+00	-1.000000e+00	-1.000000e+00	-1.000000e+00	-1.000000e+00	-1.000000e+00	-1.000000e+00	-1.000000e+00	-1.000000e+00	-1.000000e+00	0
2	-1.000000	-1.000000	-1.000000e+00	-1.000000e+00	-1.000000e+00	-1.000000e+00	-1.000000e+00	-1.000000e+00	-1.000000e+00	-1.000000e+00	-1.000000e+00	-1.000000e+00	0
3	0.763000	3720.400111	4.508139e-03	1.899307e-05	2.791550e-01	2.114967e-01	9.879204e-05	8.946297e-02	7.409165e-02	2.372389e-01	2.040021e+04	1.741477e+04	50
4	0.821000	1688.329340	2.092501e-01	1.695478e-02	2.432460e-01	2.385380e-01	2.592587e-07	1.486985e-01	1.648696e-02	9.411491e-02	9.901349e+03	1.068559e+03	50
5	0.913000	5046.292832	6.197718e-01	4.248262e-03	3.560382e-01	1.207087e-01	1.941807e-01	1.311236e-03	1.313192e-03	6.458566e-02	3.712077e+04	3.324694e+03	50
6	0.805000	2587.277764	5.724987e-01	1.907248e-03	1.640031e-01	3.893937e-01	1.703921e-02	2.669294e-02	4.579069e-06	1.304414e-02	3.735306e+04	4.753434e+03	50
7	0.716000	4728.426421	3.020111e-01	2.034135e-05	3.062631e-01	1.253365e-01	1.935340e-01	3.689787e-01	3.021423e-01	5.235994e-01	7.974063e+03	1.277409e+04	50
8	0.913000	5024.850230	7.829695e-03	4.872095e-04	2.506374e-01	2.408975e-01	9.968418e-03	2.032552e-01	2.866781e-01	8.591104e-02	1.798642e+04	8.655071e+03	50
9	0.836000	7910.952137	1.075202e-02	8.465058e-04	3.036868e-01	1.497943e-01	1.087313e-01	2.678286e-01	1.046664e-02	2.577556e-03	1.738397e+04	8.535938e+03	50
10	0.656000	2596.056889	4.413265e-03	3.161551e-03	2.324123e-01	2.515110e-01	6.991422e-02	5.562962e-06	4.028774e-02	2.485498e-01	2.030519e+04	5.856100e+03	50
11	0.666000	3534.804700	2.784742e-02	2.784725e-02	5.220741e-01	1.358068e-01	9.934382e-02	3.508747e-02	1.763123e-07	6.756927e-08	1.611373e+04	3.913443e+02	50
12	0.473000	2002.802913	3.253575e-03	3.253506e-03	2.929278e-01	2.703405e-01	5.425445e-02	2.536079e-01	4.102836e-02	9.617862e-02	2.135555e+04	5.148843e+03	50
13	0.762000	3603.716717	6.725473e-02	1.661349e-03	2.525566e-01	2.349431e-01	4.942873e-03	1.437333e-01	3.509879e-04	1.228502e-01	1.402197e+04	6.326977e+03	50
14	0.596000	2766.483559	9.571697e-02	1.030126e-02	2.492263e-01	2.626353e-01	1.762910e-02	1.811749e-05	2.735422e-01	2.831200e-02	1.292344e+04	2.366321e+03	50
15	0.725000	3940.573321	9.952884e-02	4.718506e-03	3.189888e-01	2.157430e-01	1.269866e-05	2.063776e-01	2.585908e-01	8.329117e-07	1.139846e+04	3.477353e+03	50
16	0.814000	2683.036607	5.705457e-01	1.662593e-02	2.622784e-01	2.210521e-01	6.905238e-04	3.593402e-02	2.308255e-01	1.325162e-02	7.346833e+03	2.272226e+03	50
17	0.877000	1150.477905	4.721378e-01	9.294009e-03	3.574177e-01	3.066440e-01	1.774043e-06	2.046486e-01	5.227364e-01	4.706196e-01	8.514390e+03	1.570840e+03	50
18	0.808000	3194.723679	8.879573e-02	1.319327e-02	2.515103e-01	2.679843e-01	2.166416e-03	7.416316e-02	1.417626e-03	1.422300e-01	1.323609e+04	2.237278e+03	50
19	0.707000	3337.118843	1.539282e-02	4.465032e-03	2.590818e-01	2.700409e-01	4.690098e-06	1.562348e-01	1.401310e-01	2.521381e-01	1.592308e+04	4.178146e+03	50
20	0.738000	3735.716970	6.847541e-02	1.132652e-02	2.679080e-01	2.354336e-01	5.574655e-05	6.504459e-03	1.597735e-03	2.815689e-01	1.348061e+04	2.647921e+03	50
21	0.970000	2558.177002	4.698521e-03	8.020986e-05	2.991329e-01	1.991702e-01	6.793138e-02	3.313593e-01	1.698689e-01	2.977911e-01	2.022801e+04	1.201221e+04	50
22	0.773000	2521.887569	9.291100e-02	3.912295e-04	4.142226e-01	2.011540e-01	1.876058e-02	2.358641e-01	1.959032e-01	1.864217e-01	1.245329e+04	9.334360e+03	50
23	0.930000	3386.287202	1.663100e-02	8.226737e-03	2.660451e-01	2.193553e-01	6.337019e-04	1.230176e-01	5.679705e-08	8.738904e-02	1.670121e+04	3.006882e+03	50
24	0.749000	3673.789299	2.835222e-03	1.929014e-05	3.175588e-01	1.089537e-01	3.227250e-02	3.191442e-01	3.347165e-01	1.230324e-01	2.370790e+04	1.645384e+04	50
25	-1.000000	-1.000000	-1.000000e+00	-1.000000e+00	-1.000000e+00	-1.000000e+00	-1.000000e+00	-1.000000e+00	-1.000000e+00	-1.000000e+00	-1.000000e+00	-1.000000e+00	0
26	0.850000	3255.591174	1.492161e-03	1.965293e-04	2.968973e-01	2.009130e-01	3.179621e-02	8.499384e-02	3.440535e-07	5.299845e-02	2.260783e+04	1.198874e+04	50
27	-1.000000	-1.000000	-1.000000e+00	-1.000000e+00	-1.000000e+00	-1.000000e+00	-1.000000e+00	-1.000000e+00	-1.000000e+00	-1.000000e+00	-1.000000e+00	-1.000000e+00	0
28	0.823000	5194.817341	4.069962e-02	2.746875e-03	2.298509e-01	2.517442e-01	1.238849e-03	1.382751e-07	1.789035e-02	3.816365e-02	4.168855e+04	4.417004e+03	50
29	0.840000	3225.977295	2.765389e-02	1.122765e-02	2.232951e-01	2.551376e-01	2.096201e-06	2.737784e-02	3.843597e-02	7.902255e-02	4.228296e+04	1.813832e+03	50
30	0.830000	5533.799605	1.130675e+00	1.000475e+00	1.712807e-01	2.030177e-01	1.611844e-10	1.229638e-02	2.989646e-02	7.528258e-08	4.522447e+04	3.871074e+04	50
31	0.740000	4141.972876	8.859850e-07	1.332843e-07	2.529973e-01	1.854300e-01	7.929383e-02	2.790550e-01	5.136188e-02	1.989323e-01	4.021699e+04	2.717504e+04	50
32	0.840000	5991.321887	1.377048e-02	6.014530e-03	2.082935e-01	2.777526e-01	8.775504e-05	3.702447e-01	8.583309e-02	5.342595e-02	4.487860e+04	2.542397e+03	50
33	0.782000	2749.187008	2.465649e-01	2.853203e-03	1.553492e-01	3.220254e-01	2.804955e-10	9.135667e-02	9.916159e-11	1.704868e-01	3.812558e+04	3.560181e+03	50
34	0.724000	3455.056000	1.821008e+00	6.426451e-03	3.804652e-01	1.346941e-01	7.205155e-02	3.870636e-02	9.429141e-02	4.797912e-01	3.393918e+03	2.417745e+03	50
35	0.789000	1864.101895	9.923419e-01	3.178800e-02	3.021045e-01	1.790256e-01	5.311759e-03	2.760601e-04	6.689798e-02	3.112783e-01	5.553956e+03	8.090204e+01	50
36	0.806000	3571.090555	1.218893e+00	1.975199e-02	2.812468e-01	1.686145e-01	9.952802e-05	5.896118e-02	7.380527e-02	8.775500e-06	3.096334e+04	8.558690e+02	50
37	0.905000	3020.440707	1.946679e-02	4.415058e-03	2.279954e-01	2.804032e-01	7.408824e-02	4.500297e-02	2.764891e-03	2.129553e-01	4.275515e+04	4.290049e+03	50
38	0.793000	4025.864930	1.521025e-01	5.336724e-03	1.890258e-01	3.044165e-01	1.706123e-05	5.264317e-02	1.714884e-01	5.729202e-03	3.884601e+04	3.786951e+03	50
39	0.774000	5433.066180	4.588605e-04	3.433460e-05	2.231285e-01	2.447337e-01	5.967471e-02	1.142979e-01	1.092679e-01	2.395672e-01	2.497983e+04	1.584796e+04	50
40	0.722000	5046.640736	6.137418e-01	6.895374e-03	2.038034e-01	2.545718e-01	1.583503e-01	2.833593e-01	1.397274e-01	1.077391e-01	7.334628e+03	5.072839e+03	50
41	0.544000	4720.068430	7.852821e-01	1.606989e-02	2.037281e-01	3.460408e-01	2.089858e-01	4.199587e-01	9.790924e-06	2.849029e-01	5.671764e+03	2.921271e+03	50
42	0.867000	-1.000000	-1.000000e+00	-1.000000e+00	-1.000000e+00	-1.000000e+00	-1.000000e+00	-1.000000e+00	-1.000000e+00	-1.000000e+00	-1.000000e+00	-1.000000e+00	0
43	0.851000	2379.145478	4.557693e-02	3.491989e-05	2.704592e-01	2.086826e-01	6.195458e-02	2.057175e-01	1.801833e-01	1.087097e-01	1.443398e+04	1.550997e+04	50
44	0.820000	3496.600862	1.846632e-03	4.100929e-04	2.238771e-01	2.776321e-01	5.124509e-02	1.185892e-01	1.318595e-03	1.592071e-01	4.824911e+04	8.188996e+03	50
45	0.769000	8932.056896	1.348069e-01	5.435925e-06	4.871799e-01	1.854163e-02	6.578022e-02	3.520836e-01	9.173800e-02	1.187450e-01	1.208899e+04	1.897606e+04	50
46	0.861000	6515.050712	4.817835e-02	3.413522e-03	2.849769e-01	1.801449e-01	9.182148e-02	1.804787e-01	5.041385e-04	8.067943e-02	1.375194e+04	5.234277e+03	50
47	0.886000	3921.482141	5.896055e-03	1.604061e-03	2.152583e-01	2.647368e-01	7.200634e-04	1.276347e-01	1.145961e-01	6.955189e-02	4.586792e+04	6.525213e+03	50
48	0.656000	3742.022153	1.906232e-01	1.104601e-02	2.632160e-01	2.602890e-01	2.015860e-01	9.242878e-06	6.279876e-03	5.588051e-02	3.845270e+04	2.103558e+03	50
49	0.698000	1664.591515	9.501785e-03	1.371289e-04	2.897905e-01	2.236122e-01	6.632633e-10	8.553168e-02	1.255108e-01	3.485068e-01	1.761977e+04	1.260084e+04	50
50	0.798000	-1.000000	-1.000000e+00	-1.000000e+00	-1.000000e+00	-1.000000e+00	-1.000000e+00	-1.000000e+00	-1.000000e+00	-1.000000e+00	-1.000000e+00	-1.000000e+00	50
51	0.947000	1943.500249	1.703789e-01	7.486324e-03	1.755386e-01	2.841755e-01	9.533738e-02	2.195385e-04	1.207090e-01	3.664403e-05	3.783919e+04	1.273770e+03	50
52	0.909000	10949.952396	2.543791e-03	4.074330e-07	3.143299e-01	1.824764e-01	6.955259e-02	6.319253e-02	1.263394e-01	2.602981e-01	1.991393e+04	2.520498e+04	50
53	0.860000	2010.480890	2.290390e-02	7.080859e-03	2.310191e-01	3.567551e-01	1.622599e-09	3.081597e-02	8.789672e-03	2.550932e-02	4.426082e+04	1.835986e+03	50
54	0.906000	6102.344149	8.113726e-01	1.100370e-02	2.451870e-01	3.049569e-01	4.039823e-07	1.923482e-01	1.490942e-06	3.642843e-02	3.395703e+04	7.950519e+02	50
55	0.913000	3383.280249	6.101202e-03	6.100048e-03	1.913896e-01	3.042741e-01	4.654915e-01	6.594327e-02	3.858809e-04	1.465761e-07	5.167784e+04	2.789262e+03	50
56	0.745000	5654.364279	9.902503e-03	5.549719e-05	1.295243e-01	2.659367e-01	1.404193e-01	7.124088e-02	2.670958e-01	5.701158e-02	1.782000e+04	1.518707e+04	50
