38	35963.518845	1.071718e-06	8.987698e-12	1.609999e-01	1.300036e-02	2.130000e-01	1.290000e-01	3.300023e-02	3.300017e-02	3.530900e+04	5.584800e+04
38	8152.612799	3.849433e-08	5.717239e-12	2.230004e-01	1.310002e-01	1.209996e-01	1.470011e-01	1.030013e-01	1.699999e-02	3.390900e+04	5.263100e+04
38	-1.000000	-1.000000e+00	-1.000000e+00	-1.000000e+00	-1.000000e+00	-1.000000e+00	-1.000000e+00	-1.000000e+00	-1.000000e+00	-1.000000e+00	-1.000000e+00
38	7971.439611	5.855052e-04	9.574979e-09	1.811286e-02	1.940606e-01	1.213118e-01	2.039273e-01	1.940267e-01	9.224813e-02	9.947001e+03	3.450500e+04
38	274848.596128	6.343368e-02	6.162380e-02	6.101633e-03	7.463958e-04	8.005761e-03	2.074089e-01	1.325305e-02	5.338011e-05	5.196859e+04	1.263266e+04
38	4204.419376	1.387400e-01	1.720777e-06	1.639736e-01	2.980008e-01	3.402335e-09	2.595655e-01	1.116113e-01	1.899944e-01	3.829908e+04	2.247504e+04
38	30252.030361	7.913948e-07	4.511839e-07	1.429507e-01	2.516986e-04	1.792662e-01	5.772765e-02	1.530358e-01	4.939831e-02	3.798495e+04	2.976602e+04
38	11012.784050	9.782761e-21	8.638363e-21	3.699964e-02	1.480000e-01	3.999973e-03	8.800003e-02	3.899982e-02	2.450005e-01	2.798100e+04	1.474600e+04
38	8543.718575	1.092934e-05	9.879383e-06	4.002142e-01	1.555851e-05	2.214504e-01	1.183843e-01	1.352781e-01	1.671778e-01	2.139894e+04	1.303801e+04
38	272297.104850	6.307795e-02	4.882313e-02	6.019220e-02	2.506214e-02	1.734805e-09	2.787025e-07	4.251794e-08	9.236087e-08	5.709712e+04	1.318170e+04
38	7846.382102	5.968735e-05	8.598290e-08	2.304891e-01	4.301856e-02	2.484767e-01	1.454279e-01	1.895597e-01	8.164873e-03	1.471000e+04	2.928900e+04
38	7931.084910	5.387914e-05	7.820142e-06	1.197427e-02	1.532961e-01	3.090041e-07	1.303369e-01	1.770037e-01	2.484647e-01	1.508697e+04	1.884996e+04
38	7429.421046	3.722069e-05	1.605934e-07	2.060353e-01	1.389463e-01	9.399182e-02	1.339383e-01	5.706969e-02	6.931854e-03	2.032300e+04	3.032800e+04
38	11041.747236	3.497002e-09	2.305158e-09	6.595582e-02	4.473053e-02	6.506163e-02	2.915673e-01	1.107163e-01	3.748392e-02	5.610128e+03	1.870163e+02
38	8348.458469	1.379830e-10	5.614873e-12	9.999980e-02	7.099998e-02	1.169999e-01	1.999757e-03	1.399999e-01	4.100001e-02	4.879000e+04	5.437800e+04
38	7840.436914	4.924587e-07	5.074708e-08	1.500886e-01	2.513841e-01	2.253923e-01	9.892192e-02	8.367246e-02	9.569317e-02	2.538198e+04	3.015305e+04
38	11059.377224	4.393008e-21	5.697785e-22	1.959990e-01	2.799969e-02	1.170016e-01	6.199919e-02	3.599585e-02	7.400191e-02	2.723100e+04	2.625000e+03
38	51921.124705	1.411495e-07	1.411495e-07	2.099926e-02	5.299947e-02	7.799923e-02	1.059987e-01	8.899836e-02	1.599962e-02	3.974500e+04	3.484900e+04
38	11085.502598	7.055178e-20	3.206399e-21	6.199992e-02	1.770002e-01	3.299994e-02	2.090000e-01	2.089997e-01	1.169999e-01	2.996300e+04	7.118000e+03
38	7960.956188	1.097160e-05	8.558151e-09	8.239304e-02	3.521971e-02	2.907581e-01	1.297400e-01	1.333086e-01	4.377123e-02	1.884704e+04	3.438905e+04
38	7971.288561	1.654738e-04	1.251214e-06	1.059944e-01	2.026990e-02	1.752625e-01	1.572896e-01	1.481900e-01	2.236372e-01	1.238187e+04	2.325389e+04
38	6918.589906	3.156515e-02	3.350312e-03	9.457411e-07	1.898657e-01	1.684024e-03	5.920220e-02	1.383073e-07	4.243895e-02	4.196830e+03	7.281921e+03
38	7626.841770	2.103790e-03	2.078196e-06	2.045388e-01	1.032393e-01	2.137273e-01	2.190481e-01	9.744550e-02	2.287431e-02	6.996969e+03	2.217891e+04
38	-1.000000	-1.000000e+00	-1.000000e+00	-1.000000e+00	-1.000000e+00	-1.000000e+00	-1.000000e+00	-1.000000e+00	-1.000000e+00	-1.000000e+00	-1.000000e+00
38	-1.000000	-1.000000e+00	-1.000000e+00	-1.000000e+00	-1.000000e+00	-1.000000e+00	-1.000000e+00	-1.000000e+00	-1.000000e+00	-1.000000e+00	-1.000000e+00
38	9489.724256	7.152530e-05	7.143304e-05	9.855531e-08	2.405434e-01	5.757645e-02	5.047091e-02	4.805377e-02	1.940345e-01	1.657495e+04	6.989026e+03
38	7734.565462	1.607275e-01	6.630948e-04	3.316509e-01	2.046695e-01	1.098819e-02	4.714379e-02	1.653070e-01	1.285788e-05	4.944305e+04	8.859885e+03
38	19760.260559	1.630886e-07	1.031115e-09	1.880511e-01	1.144307e-01	2.364931e-01	1.836072e-01	2.109412e-01	1.654748e-01	4.306700e+04	1.582500e+04
38	7425.025205	3.147248e-01	6.615814e-04	1.889416e-01	2.699747e-02	5.737644e-02	8.614739e-02	1.990888e-01	6.384693e-06	5.786219e+04	5.696724e+04
38	7642.575193	1.602627e-05	3.491937e-06	1.772316e-03	2.367690e-01	1.235028e-01	1.932782e-01	9.624550e-02	9.196920e-02	1.819414e+04	2.074705e+04
38	268927.134503	1.549900e-01	7.793901e-04	1.630862e-04	3.930152e-02	2.894765e-05	2.469361e-04	3.521627e-02	2.269116e-02	5.646992e+04	2.306520e+04
38	11074.762999	3.974432e-17	2.673032e-17	4.799917e-02	2.799959e-02	5.799971e-02	2.209987e-01	5.900081e-02	1.499940e-02	2.847400e+04	2.105900e+04
38	7495.531138	1.289957e-01	2.356292e-04	1.205526e-01	9.875806e-02	6.724716e-04	1.957625e-01	9.066153e-09	2.293979e-01	5.604288e+04	5.955625e+04
38	-1.000000	-1.000000e+00	-1.000000e+00	-1.000000e+00	-1.000000e+00	-1.000000e+00	-1.000000e+00	-1.000000e+00	-1.000000e+00	-1.000000e+00	-1.000000e+00
38	8115.808007	2.498458e-08	2.477900e-10	4.899989e-02	1.399999e-01	2.210000e-01	1.749999e-01	7.999968e-02	1.600000e-01	3.271000e+04	4.299000e+04
38	-1.000000	-1.000000e+00	-1.000000e+00	-1.000000e+00	-1.000000e+00	-1.000000e+00	-1.000000e+00	-1.000000e+00	-1.000000e+00	-1.000000e+00	-1.000000e+00
38	264189.136808	7.913711e-01	4.802514e-03	8.042590e-09	3.644866e-07	2.977652e-08	6.618741e-02	1.031756e-02	6.362185e-03	5.763129e+04	1.870630e+04
38	8140.542042	4.004385e-08	4.603501e-09	8.801265e-02	7.299095e-02	7.099871e-02	1.129854e-01	8.100018e-02	2.149843e-01	3.216000e+04	3.698000e+04
38	292090.262625	1.714585e-01	1.231137e-04	2.582178e-02	4.673576e-02	5.928489e-07	1.312170e-01	3.355342e-02	1.030605e-01	5.374174e+04	2.753723e+04
38	6881.425061	1.860268e-01	1.809438e-02	3.110797e-01	1.277117e-01	7.611854e-04	1.736996e-01	1.624147e-05	1.518588e-01	3.681532e+02	2.331724e+03
38	7862.146653	1.919286e-06	1.919286e-06	1.708237e-01	2.133332e-01	2.860562e-01	1.516238e-01	4.366351e-02	1.997740e-01	2.152505e+04	2.150315e+04
38	4025.864930	1.521025e-01	5.336724e-03	1.890258e-01	3.044165e-01	1.706123e-05	5.264317e-02	1.714884e-01	5.729202e-03	3.884601e+04	3.786951e+03
38	-1.000000	-1.000000e+00	-1.000000e+00	-1.000000e+00	-1.000000e+00	-1.000000e+00	-1.000000e+00	-1.000000e+00	-1.000000e+00	-1.000000e+00	-1.000000e+00
38	7191.690370	7.032511e-01	6.350722e-01	1.090500e-01	8.247499e-02	3.047625e-02	1.593060e-11	3.512534e-01	1.242877e-10	5.926226e+04	3.952048e+04
38	8129.218378	4.920712e-07	2.734870e-11	7.799983e-02	1.280000e-01	1.920000e-01	1.600000e-02	1.089999e-01	7.800000e-02	2.683900e+04	4.867100e+04
38	7677.434244	1.203773e-02	8.230635e-06	1.170649e-01	1.406498e-01	7.161244e-02	4.916040e-08	1.981152e-02	1.915627e-01	3.489014e+03	1.969800e+04
38	7520.446747	3.521223e-02	2.874783e-04	8.971696e-02	1.752728e-02	1.152220e-01	2.945924e-01	1.099685e-05	1.553928e-01	5.862090e+04	5.905689e+04
38	6997.123669	8.882075e-01	4.785667e-01	2.873831e-01	1.185748e-08	3.504974e-04	1.522889e-03	4.934850e-09	2.404921e-01	4.388050e+04	4.056619e+04
38	7182.732233	5.613052e-02	2.373314e-02	2.964194e-01	8.714162e-06	2.224299e-02	3.362965e-02	3.692477e-02	2.307747e-01	5.619787e+04	4.816297e+04
38	11017.858244	2.056410e-14	7.548088e-15	2.398584e-02	1.389967e-01	5.600932e-02	1.309803e-01	1.750164e-01	6.991428e-03	2.232000e+04	1.437000e+04
