29	6935.638478	3.751955e-03	3.751937e-03	5.406628e-08	1.307828e-01	2.625650e-01	4.563023e-02	2.305158e-01	1.098391e-01	4.287087e+03	1.474071e+03
29	7534.185106	3.647753e-08	2.154001e-12	1.039998e-01	1.600000e-01	2.699981e-02	4.199984e-02	1.079998e-01	1.200001e-01	3.102300e+04	5.272000e+04
29	6136.585329	1.476810e+00	1.280531e+00	3.108662e-01	1.377021e-01	2.076467e-02	4.841801e-05	3.462643e-06	3.093074e-02	5.842652e+04	3.847831e+04
29	-1.000000	-1.000000e+00	-1.000000e+00	-1.000000e+00	-1.000000e+00	-1.000000e+00	-1.000000e+00	-1.000000e+00	-1.000000e+00	-1.000000e+00	-1.000000e+00
29	10330.710162	1.382190e-06	7.067468e-07	1.744152e-01	6.627157e-02	2.491410e-01	3.324197e-02	1.137582e-02	3.831910e-02	3.808292e+04	2.558699e+04
29	7197.011776	1.445005e-08	1.100231e-10	1.889994e-01	8.399988e-02	2.210001e-01	2.799971e-02	2.400018e-02	8.100010e-02	3.272400e+04	4.359300e+04
29	14676.675636	3.479735e-07	2.457133e-11	1.917124e-01	2.191446e-01	3.855176e-02	1.971428e-01	1.918517e-01	2.527475e-01	4.401288e+04	2.459100e+04
29	-1.000000	-1.000000e+00	-1.000000e+00	-1.000000e+00	-1.000000e+00	-1.000000e+00	-1.000000e+00	-1.000000e+00	-1.000000e+00	-1.000000e+00	-1.000000e+00
29	27973.919610	1.523719e-07	2.728684e-12	1.452230e-01	1.096978e-01	1.879940e-01	1.666591e-01	1.743748e-02	5.042870e-02	4.425700e+04	1.915200e+04
29	6395.553893	2.319009e-03	1.475056e-05	1.426995e-01	2.380838e-01	1.204789e-02	6.092818e-02	5.080534e-02	1.325632e-01	5.298997e+03	1.642200e+04
29	5181.744984	3.232643e-01	1.244245e-03	2.655671e-01	1.537499e-01	6.089579e-02	5.168272e-01	4.891685e-01	1.764437e-01	3.275546e+04	3.987702e+03
29	6926.099905	1.844437e-05	1.193087e-08	1.302432e-01	1.894836e-01	6.873255e-02	1.221800e-03	5.574865e-02	1.588229e-01	1.668800e+04	3.303600e+04
29	6169.112184	1.810618e+00	1.204496e+00	1.905623e-02	2.455458e-01	1.749397e-03	1.339502e-03	1.329308e-03	7.917637e-04	5.587905e+04	3.876628e+04
29	-1.000000	-1.000000e+00	-1.000000e+00	-1.000000e+00	-1.000000e+00	-1.000000e+00	-1.000000e+00	-1.000000e+00	-1.000000e+00	-1.000000e+00	-1.000000e+00
29	6349.977646	8.732578e-01	1.764547e-02	3.294247e-01	8.938182e-05	1.290708e-01	5.947712e-04	1.479289e-03	9.841752e-02	5.808950e+04	4.920125e+04
29	6828.514000	9.784325e-03	8.828671e-08	1.988801e-01	1.352549e-01	1.995447e-01	2.508575e-01	5.932702e-02	1.806155e-01	1.642005e+03	2.752499e+04
29	8164.376309	4.916337e-07	3.780720e-09	1.549178e-01	9.111645e-02	2.131512e-01	8.487848e-02	3.033135e-02	1.750894e-01	2.639600e+04	6.410000e+02
29	7135.846326	7.558237e-05	2.428815e-08	1.550844e-01	1.990113e-01	1.389951e-01	6.936026e-03	2.450579e-01	1.740025e-01	1.217600e+04	3.009800e+04
29	8989.748001	9.827721e-14	7.130826e-14	6.499667e-02	1.490007e-01	7.000915e-03	6.004871e-03	1.879996e-01	2.300254e-02	2.138200e+04	1.044900e+04
29	24463.006780	4.915991e-05	2.917740e-05	6.370958e-02	3.393331e-02	4.226268e-02	2.046965e-03	3.247951e-02	8.140324e-02	3.621590e+04	3.545509e+04
29	6161.061446	1.234142e+00	8.038555e-01	3.075236e-01	1.420060e-01	1.779426e-03	1.151586e-07	1.661346e-04	8.755434e-04	5.200226e+04	3.964881e+04
29	5436.061285	2.047010e-01	9.680014e-02	2.116531e-01	2.293597e-02	9.023136e-02	3.137661e-03	2.395725e-02	1.183881e-03	9.372105e+02	3.294000e+02
29	9382.440015	2.414393e-07	1.792799e-07	2.760011e-02	2.177251e-01	1.851746e-01	1.808984e-02	6.552404e-02	1.515862e-01	4.319700e+04	2.750399e+04
29	3282.627583	1.972839e-01	3.626969e-03	2.898754e-01	1.485890e-01	2.313459e-05	3.072526e-01	1.848210e-04	5.081251e-03	3.494577e+04	4.468973e+03
29	610356.739930	1.360389e-03	1.360387e-03	9.196661e-06	3.709323e-03	1.664277e-01	8.263396e-05	1.554945e-01	2.421982e-02	4.906907e+04	2.273123e+04
29	-1.000000	-1.000000e+00	-1.000000e+00	-1.000000e+00	-1.000000e+00	-1.000000e+00	-1.000000e+00	-1.000000e+00	-1.000000e+00	-1.000000e+00	-1.000000e+00
29	-1.000000	-1.000000e+00	-1.000000e+00	-1.000000e+00	-1.000000e+00	-1.000000e+00	-1.000000e+00	-1.000000e+00	-1.000000e+00	-1.000000e+00	-1.000000e+00
29	49551.303156	1.650177e-06	1.125933e-12	2.423032e-02	7.241462e-03	2.358695e-01	8.334217e-02	2.388776e-02	2.293620e-01	3.810300e+04	8.991000e+03
29	5759.779935	5.361290e-05	3.041641e-05	1.834125e-01	1.044764e-01	3.668096e-02	1.317425e-01	1.913420e-02	2.674791e-03	2.051183e+04	1.915114e+04
29	7345.169449	1.155100e-05	1.151170e-05	2.617875e-01	2.049641e-01	2.221157e-01	2.278805e-01	1.320879e-02	9.662379e-02	1.777807e+04	6.358022e+03
29	51464.002046	1.655834e-08	1.655244e-08	3.000174e-03	2.030000e-01	4.099994e-02	2.270001e-01	1.559998e-01	2.380001e-01	4.924000e+04	2.061600e+04
29	6365.973369	6.699702e-02	9.972207e-03	3.076009e-01	8.680540e-02	2.713655e-02	1.922776e-04	1.818380e-02	1.571558e-01	4.692442e+04	5.050167e+04
29	3225.977295	2.765389e-02	1.122765e-02	2.232951e-01	2.551376e-01	2.096201e-06	2.737784e-02	3.843597e-02	7.902255e-02	4.228296e+04	1.813832e+03
29	-1.000000	-1.000000e+00	-1.000000e+00	-1.000000e+00	-1.000000e+00	-1.000000e+00	-1.000000e+00	-1.000000e+00	-1.000000e+00	-1.000000e+00	-1.000000e+00
29	8882.398204	9.800000e-07	1.147483e-13	1.890000e-01	3.300000e-02	1.530000e-01	2.350000e-01	1.300000e-02	2.450000e-01	1.602600e+04	5.159000e+04
29	-1.000000	-1.000000e+00	-1.000000e+00	-1.000000e+00	-1.000000e+00	-1.000000e+00	-1.000000e+00	-1.000000e+00	-1.000000e+00	-1.000000e+00	-1.000000e+00
29	522195.066546	3.764719e-01	7.800457e-02	1.879548e-02	3.360024e-02	4.049272e-03	6.497380e-06	9.224191e-02	1.878404e-04	5.435743e+04	1.287354e+04
29	6993.127239	4.116929e-06	3.064024e-07	2.419740e-01	1.012917e-01	1.780139e-01	3.964238e-01	3.751822e-01	1.923858e-07	3.598257e+04	2.449929e+04
29	3364.718905	4.706846e-03	1.161542e-03	1.616685e-01	2.893027e-01	1.097183e-01	1.298169e-02	2.651357e-04	9.825024e-02	4.723801e+04	7.195863e+03
29	-1.000000	-1.000000e+00	-1.000000e+00	-1.000000e+00	-1.000000e+00	-1.000000e+00	-1.000000e+00	-1.000000e+00	-1.000000e+00	-1.000000e+00	-1.000000e+00
29	7192.695204	2.564741e-08	2.559150e-08	2.430140e-01	9.580946e-02	1.027388e-01	2.366467e-02	1.894763e-01	1.194833e-01	3.404500e+04	3.111900e+04
29	-1.000000	-1.000000e+00	-1.000000e+00	-1.000000e+00	-1.000000e+00	-1.000000e+00	-1.000000e+00	-1.000000e+00	-1.000000e+00	-1.000000e+00	-1.000000e+00
29	7843.328441	3.578329e-06	2.956380e-08	1.088342e-01	2.045962e-01	1.762050e-01	2.094080e-01	2.445662e-01	2.397693e-01	2.216000e+04	1.004701e+04
29	6602.893301	3.973611e-04	3.483683e-05	2.115436e-01	4.811218e-04	4.856720e-02	2.886469e-02	2.031705e-01	8.558173e-02	9.606013e+03	1.503000e+04
29	6036.482576	1.668806e-02	1.576738e-02	1.803150e-01	1.663037e-01	1.386820e-04	1.414547e-01	1.228204e-02	1.604041e-07	1.391043e+03	1.255017e+03
29	8988.842481	2.100910e-21	1.370352e-21	7.299873e-02	1.260018e-01	1.060020e-01	3.400433e-02	1.040017e-01	1.959994e-01	2.567600e+04	2.328000e+03
29	6545.887519	2.642132e-04	3.388438e-05	2.799424e-01	1.918282e-01	1.916347e-01	1.942827e-01	5.518868e-02	1.805705e-01	9.271941e+03	1.384808e+04
29	9983.144433	2.306183e-05	4.037882e-08	1.339127e-01	2.033612e-01	1.788632e-01	2.606889e-01	3.337763e-02	6.019319e-02	3.309595e+04	1.493002e+04
29	-1.000000	-1.000000e+00	-1.000000e+00	-1.000000e+00	-1.000000e+00	-1.000000e+00	-1.000000e+00	-1.000000e+00	-1.000000e+00	-1.000000e+00	-1.000000e+00
29	50441.772008	1.544356e-06	4.546649e-13	2.319999e-01	2.260004e-01	2.330001e-01	1.729997e-01	1.000021e-01	1.579995e-01	3.888700e+04	4.346300e+04
