12	8926.837173	5.918892e-07	4.380265e-07	2.640941e-07	7.350555e-02	2.015087e-01	6.414034e-03	1.258240e-01	1.316386e-01	2.027900e+04	4.859737e+02
12	3053.695182	3.186242e-02	9.219476e-04	2.808768e-01	2.921508e-01	1.584250e-01	6.493119e-03	2.977635e-01	2.505142e-01	4.227810e+04	8.375516e+03
12	7063.738238	1.884768e-10	1.421395e-12	1.969999e-01	1.129999e-01	1.490000e-01	1.250000e-01	4.799996e-02	1.990000e-01	4.956900e+04	5.778500e+04
12	12598.924990	3.323128e-07	3.032781e-11	7.429290e-02	2.255533e-01	8.889143e-02	2.505066e-01	3.079951e-05	1.666141e-01	4.274202e+04	2.379406e+04
12	18568.008711	6.566714e-07	7.903057e-08	2.922314e-01	1.784048e-02	5.405158e-02	2.692630e-01	1.934660e-01	9.671152e-02	4.112417e+04	2.417414e+04
12	-1.000000	-1.000000e+00	-1.000000e+00	-1.000000e+00	-1.000000e+00	-1.000000e+00	-1.000000e+00	-1.000000e+00	-1.000000e+00	-1.000000e+00	-1.000000e+00
12	11675.429233	4.014235e-06	4.726287e-12	9.299945e-02	2.409998e-01	1.800178e-02	8.199909e-02	3.200051e-02	1.670005e-01	3.616200e+04	5.417500e+04
12	46036.899976	1.806031e-03	3.075243e-05	3.919865e-02	1.066584e-01	4.832153e-02	1.605419e-01	1.249091e-01	1.883429e-03	4.750796e+04	3.225798e+04
12	-1.000000	-1.000000e+00	-1.000000e+00	-1.000000e+00	-1.000000e+00	-1.000000e+00	-1.000000e+00	-1.000000e+00	-1.000000e+00	-1.000000e+00	-1.000000e+00
12	5953.918982	1.007473e+00	6.627618e-04	7.433552e-05	2.489571e-06	3.953629e-01	1.353732e-01	2.024553e-01	2.640035e-01	5.773274e+04	5.625734e+04
12	6884.761976	1.110387e-05	2.445703e-09	2.894145e-02	1.719338e-01	8.328051e-06	1.319937e-01	2.319945e-01	3.699216e-02	2.215600e+04	4.001400e+04
12	2002.802913	3.253575e-03	3.253506e-03	2.929278e-01	2.703405e-01	5.425445e-02	2.536079e-01	4.102836e-02	9.617862e-02	2.135555e+04	5.148843e+03
12	6598.350710	1.927662e-07	1.324952e-08	1.202135e-01	1.301466e-01	2.109295e-01	2.908851e-02	1.430433e-01	2.458097e-01	3.083900e+04	3.514600e+04
12	7213.356684	9.723237e-06	5.662758e-07	2.943622e-08	2.475169e-02	2.036021e-02	1.866611e-01	8.467630e-02	4.182528e-02	2.305804e+04	2.891301e+04
12	5964.710386	6.089434e-01	8.066002e-04	2.874907e-02	3.307025e-01	2.817750e-01	3.448589e-07	2.716734e-08	2.569608e-01	5.290473e+04	5.623298e+04
12	6658.334639	1.614878e-05	1.925660e-07	2.279885e-01	6.860847e-11	6.669612e-02	2.125696e-01	9.658416e-02	2.276431e-01	2.131898e+04	3.004699e+04
12	5655.636517	3.973106e-01	3.666268e-01	6.491852e-05	1.869826e-02	3.652279e-01	9.172595e-02	2.515105e-01	2.418500e-01	4.947113e+04	4.016867e+04
12	6892.277981	1.354758e-05	2.052618e-09	2.070377e-01	5.031439e-03	1.680892e-01	1.080348e-01	2.010072e-01	8.097948e-02	2.101500e+04	4.018100e+04
12	7106.778958	2.961550e-06	2.442852e-07	2.021792e-01	2.560628e-01	3.770829e-06	2.536570e-01	1.714642e-01	1.149078e-02	2.606901e+04	5.961103e+03
12	-1.000000	-1.000000e+00	-1.000000e+00	-1.000000e+00	-1.000000e+00	-1.000000e+00	-1.000000e+00	-1.000000e+00	-1.000000e+00	-1.000000e+00	-1.000000e+00
12	-1.000000	-1.000000e+00	-1.000000e+00	-1.000000e+00	-1.000000e+00	-1.000000e+00	-1.000000e+00	-1.000000e+00	-1.000000e+00	-1.000000e+00	-1.000000e+00
12	5753.613785	3.442672e-01	4.760353e-02	1.824167e-03	2.070658e-07	3.707272e-01	2.035509e-01	1.131806e-01	3.519072e-01	5.009192e+04	4.534785e+04
12	43726.481831	2.248310e-03	5.667938e-05	3.414512e-03	2.451162e-08	1.783504e-01	5.702679e-02	1.583092e-02	2.314206e-02	4.776798e+04	3.048786e+04
12	70042.519091	2.194817e-02	3.036922e-04	1.246607e-01	4.201979e-06	1.527474e-01	1.808219e-01	1.403690e-02	1.492333e-01	5.625201e+04	2.613704e+04
12	5966.566986	1.168787e-03	1.345548e-06	3.576413e-01	1.549415e-01	2.222112e-01	1.890805e-01	1.021141e-01	2.004801e-01	1.011870e+04	2.340989e+04
12	5811.023863	1.713852e-01	1.837214e-02	2.114285e-03	2.438998e-01	3.878450e-01	3.270833e-05	1.714375e-01	7.561394e-04	4.864431e+04	4.826129e+04
12	-1.000000	-1.000000e+00	-1.000000e+00	-1.000000e+00	-1.000000e+00	-1.000000e+00	-1.000000e+00	-1.000000e+00	-1.000000e+00	-1.000000e+00	-1.000000e+00
12	6286.657128	3.166457e-04	2.508201e-07	2.653304e-01	1.992623e-01	1.690595e-01	2.101483e-05	2.143091e-01	4.898315e-01	1.421283e+04	2.681414e+04
12	8544.397094	7.699705e-07	6.070552e-11	2.440001e-01	3.800047e-02	3.800031e-02	1.640003e-01	1.899991e-02	2.360000e-01	2.212500e+04	4.311900e+04
12	5774.434329	1.828447e-04	7.858723e-05	1.103657e-01	2.219047e-01	1.270700e-01	1.192673e-01	1.097477e-01	4.882943e-02	1.634927e+04	1.533664e+04
12	4692.336172	2.629032e-07	5.240324e-08	2.916038e-01	1.142315e-01	2.750662e-01	4.015023e-03	2.139333e-01	6.660933e-02	4.340207e+04	3.133501e+04
12	2304.916136	3.476480e-04	1.944208e-04	1.377992e-01	2.960003e-01	2.153975e-01	3.906546e-02	2.638812e-01	1.554232e-05	2.690402e+04	1.186597e+04
12	-1.000000	-1.000000e+00	-1.000000e+00	-1.000000e+00	-1.000000e+00	-1.000000e+00	-1.000000e+00	-1.000000e+00	-1.000000e+00	-1.000000e+00	-1.000000e+00
12	8910.580395	1.482453e-21	2.902617e-22	1.510019e-01	1.099961e-01	1.199967e-02	2.800167e-02	1.889990e-01	1.080026e-01	2.448500e+04	1.475600e+04
12	5635.913327	1.603994e+00	8.070678e-01	2.265090e-01	7.062537e-05	4.990725e-01	2.372138e-01	7.156658e-03	7.386225e-06	4.761412e+04	3.877571e+04
12	5914.628270	6.214910e-01	1.742975e-03	3.770213e-02	1.288028e-01	3.424218e-01	3.294697e-04	2.476228e-01	2.742026e-01	5.773969e+04	5.381360e+04
12	8213.445332	2.982992e-05	2.768132e-05	4.496763e-05	4.079887e-02	2.753577e-01	1.603764e-03	2.811561e-01	1.716041e-01	1.841102e+04	1.246112e+04
12	7100.791276	1.094013e-05	1.093920e-05	5.681965e-07	7.634148e-03	1.324608e-01	6.244892e-02	2.327374e-01	1.419279e-01	2.613699e+04	2.298601e+04
12	5604.306518	5.561578e-03	2.747500e-03	1.314662e-01	2.412180e-01	1.825566e-02	7.477837e-02	1.865497e-01	8.982922e-09	8.110464e+03	6.782668e+03
12	25943.086412	3.397656e-07	3.227388e-07	1.826022e-01	4.751704e-02	1.185837e-01	5.252421e-02	2.225201e-01	2.017227e-02	4.309001e+04	2.734499e+04
12	5984.826502	5.210057e-01	9.975313e-04	1.990120e-01	3.300921e-01	2.467757e-01	4.730438e-05	1.285481e-01	1.772766e-01	4.899143e+04	5.582959e+04
12	8484.567220	8.931568e-07	3.095655e-07	5.210782e-01	2.474716e-01	4.460696e-01	2.088780e-01	1.366849e-01	4.811773e-01	2.163993e+04	6.108604e+03
12	2837.785962	2.094753e-01	8.039133e-03	3.304253e-01	2.802575e-01	6.388490e-06	3.204803e-04	1.660882e-02	4.472093e-01	3.729681e+04	3.112013e+03
12	51818.191466	4.826242e-03	3.906726e-03	1.256372e-05	1.049916e-01	5.789009e-03	3.720852e-01	1.067757e-01	1.059421e-02	4.826104e+04	2.026116e+04
12	7744.809103	1.471444e-07	1.366284e-11	1.860000e-01	9.600002e-02	3.600001e-02	1.620001e-01	6.200002e-02	3.700005e-02	3.139700e+04	5.208200e+04
12	18976.108738	1.432006e-05	1.579996e-07	2.723876e-01	1.132035e-01	2.300256e-02	3.512365e-05	2.878389e-01	1.728052e-01	3.554010e+04	1.377810e+04
12	6778.753950	7.790590e-03	1.543529e-07	1.585366e-02	2.231044e-01	1.564675e-01	3.172682e-02	4.247367e-02	2.046037e-01	5.536699e+04	2.961401e+04
12	3671.962540	6.117422e-03	6.117318e-03	1.289030e-01	3.982048e-01	1.265795e-01	1.714237e-01	3.950203e-01	4.247545e-07	4.749684e+04	3.754704e+03
12	6180.875379	1.467617e-02	9.873131e-08	1.911377e-01	1.954751e-01	1.431105e-01	8.595767e-02	1.602987e-01	2.232272e-01	4.445017e+03	3.002901e+04
12	48326.868361	5.521576e-01	2.684285e-01	1.920602e-03	4.920290e-07	1.388738e-06	2.134109e-02	7.620970e-05	5.346544e-07	5.442709e+04	9.411586e+03
