51	3390.860020	3.085133e-06	4.002406e-12	2.430081e-01	1.009983e-01	8.997482e-02	7.302332e-02	9.004132e-02	2.089847e-01	2.092700e+04	5.098400e+04
51	3507.675647	5.377248e-12	9.493368e-14	9.699996e-02	4.900000e-02	2.210001e-01	8.599997e-02	2.150001e-01	1.770001e-01	4.962100e+04	5.861600e+04
51	4115.885087	5.529846e-05	5.529840e-05	1.277253e-01	2.589438e-01	9.800117e-09	8.871516e-02	1.219858e-01	1.337392e-01	3.057801e+04	1.460114e+04
51	2747.195350	2.545671e-01	3.627623e-03	3.145224e-01	5.602255e-02	2.720016e-03	4.908298e-02	4.802526e-08	1.489023e-07	5.909305e+04	5.310196e+04
51	3801.511911	4.101934e-10	4.101705e-10	1.459998e-01	5.599978e-02	1.459998e-01	1.200000e-01	1.559998e-01	7.199984e-02	3.698500e+04	1.600200e+04
51	35518.157379	1.133968e-07	3.553514e-12	6.000010e-02	3.800003e-02	2.289998e-01	7.000004e-02	3.399998e-02	2.199993e-02	4.378500e+04	5.580100e+04
51	408605.130056	2.769016e-02	1.686433e-03	1.140865e-06	7.687831e-02	1.654346e-01	8.235266e-02	2.569312e-06	1.492555e-04	5.428105e+04	2.198800e+04
51	3286.806447	2.672876e-04	1.858556e-06	1.741887e-01	4.599631e-02	6.324953e-07	1.531911e-01	1.912763e-01	2.497588e-01	9.310993e+03	2.037800e+04
51	1943.500249	1.703789e-01	7.486324e-03	1.755386e-01	2.841755e-01	9.533738e-02	2.195385e-04	1.207090e-01	3.664403e-05	3.783919e+04	1.273770e+03
51	3077.991115	9.869690e-03	7.315048e-06	3.026672e-01	1.016363e-01	1.900433e-02	5.408508e-02	1.587631e-01	2.090442e-08	5.310977e+03	1.909097e+04
51	328273.158302	2.158082e-01	2.213333e-02	1.870815e-02	5.835034e-03	7.286488e-07	4.011997e-06	2.026136e-02	2.432918e-03	4.832312e+04	1.593939e+04
51	9701.950095	1.834054e-06	1.303437e-06	3.044084e-01	1.028901e-01	1.497331e-01	8.324562e-02	4.018009e-02	1.938339e-01	3.386590e+04	2.607109e+04
51	3137.976914	3.208852e-03	5.383090e-05	1.658717e-01	1.092142e-01	5.231427e-02	3.339883e-03	1.449440e-01	1.764766e-01	6.510959e+03	1.379994e+04
51	2820.322482	2.296080e-02	4.024482e-04	2.908816e-01	2.556531e-02	8.509598e-02	1.480500e-01	1.596344e-02	7.447178e-08	5.507286e+04	5.863115e+04
51	3482.828097	7.856334e-09	1.613901e-12	8.699992e-02	2.500015e-02	1.700015e-02	9.299967e-02	2.260000e-01	1.099988e-02	3.462000e+04	5.353900e+04
51	-1.000000	-1.000000e+00	-1.000000e+00	-1.000000e+00	-1.000000e+00	-1.000000e+00	-1.000000e+00	-1.000000e+00	-1.000000e+00	-1.000000e+00	-1.000000e+00
51	3158.461714	1.158259e+00	7.661284e-03	2.946724e-01	9.570887e-06	9.420743e-02	7.330490e-05	8.649959e-04	1.851788e-01	4.905773e+04	9.667673e+02
51	3367.097361	1.723562e-07	1.722880e-07	1.309601e-01	2.310118e-01	1.529521e-01	1.589907e-01	8.298188e-02	4.595299e-02	2.838100e+04	1.525700e+04
51	-1.000000	-1.000000e+00	-1.000000e+00	-1.000000e+00	-1.000000e+00	-1.000000e+00	-1.000000e+00	-1.000000e+00	-1.000000e+00	-1.000000e+00	-1.000000e+00
51	3160.072579	1.973164e+00	6.492213e-03	2.027350e-01	1.318438e-01	6.558405e-07	5.265094e-03	4.523149e-02	1.780370e-01	5.829325e+04	1.375196e+03
51	-1.000000	-1.000000e+00	-1.000000e+00	-1.000000e+00	-1.000000e+00	-1.000000e+00	-1.000000e+00	-1.000000e+00	-1.000000e+00	-1.000000e+00	-1.000000e+00
51	3787.456459	1.043358e-23	1.513265e-24	1.800000e-01	1.099996e-02	2.100002e-02	2.370000e-01	7.499998e-02	1.890000e-01	3.685600e+04	6.640000e+03
51	3265.268739	7.961088e-07	3.237074e-09	1.800003e-01	2.700006e-02	1.639999e-01	7.400011e-02	6.799983e-02	1.480001e-01	2.450500e+04	3.605500e+04
51	3315.193244	1.062094e-06	1.060798e-06	7.736215e-02	2.154571e-01	3.490089e-02	2.166454e-01	9.029741e-03	1.125239e-01	2.546800e+04	1.940100e+04
51	3296.523840	1.657690e-07	7.399205e-10	6.900011e-02	1.299952e-02	2.300002e-01	1.429998e-01	1.080000e-01	9.799990e-02	2.693600e+04	3.899500e+04
51	311159.079102	6.882738e-01	1.179471e-01	4.515993e-03	1.330179e-03	2.801390e-03	5.044248e-10	2.539541e-10	5.187966e-10	5.305349e+04	1.183248e+04
51	3250.712611	2.165295e-05	5.695293e-08	1.399916e-01	3.010415e-03	1.520106e-01	1.179906e-01	5.399829e-02	1.900053e-01	1.616100e+04	2.926200e+04
51	3793.742722	1.282680e-09	1.141576e-10	3.204552e-02	4.822499e-02	3.566191e-02	3.628959e-02	2.187911e-01	1.588077e-01	6.150001e+03	2.770011e+02
51	3504.802778	9.278195e-09	1.953620e-12	1.070001e-01	1.119998e-01	1.200000e-01	1.619999e-01	2.180000e-01	2.300000e-01	3.287100e+04	5.173500e+04
51	3391.975657	2.255235e-09	8.213781e-13	1.199968e-02	1.839999e-01	2.230002e-01	7.399988e-02	1.040000e-01	1.380000e-01	3.628400e+04	5.392700e+04
51	-1.000000	-1.000000e+00	-1.000000e+00	-1.000000e+00	-1.000000e+00	-1.000000e+00	-1.000000e+00	-1.000000e+00	-1.000000e+00	-1.000000e+00	-1.000000e+00
51	3232.804453	1.437998e-01	2.219328e-06	6.203246e-02	1.363888e-01	1.132139e-01	1.702256e-01	2.426724e-02	1.573831e-01	5.793405e+04	2.047294e+04
51	2719.354751	4.517704e-01	9.572015e-03	3.183198e-01	1.065063e-07	7.574831e-02	7.994267e-09	6.694332e-09	3.605244e-02	4.721238e+04	5.066757e+04
51	-1.000000	-1.000000e+00	-1.000000e+00	-1.000000e+00	-1.000000e+00	-1.000000e+00	-1.000000e+00	-1.000000e+00	-1.000000e+00	-1.000000e+00	-1.000000e+00
51	3315.295105	2.219562e-07	2.488287e-10	2.049998e-01	1.640001e-01	1.499992e-02	1.930001e-01	1.379996e-01	1.190000e-01	2.826500e+04	4.152900e+04
51	3341.224280	3.507378e-09	3.161697e-10	3.899996e-02	8.100002e-02	1.010000e-01	2.350000e-01	1.320000e-01	1.230000e-01	3.591900e+04	4.128100e+04
51	2836.758160	5.605651e-01	8.766610e-04	1.837989e-01	2.340884e-01	1.712119e-02	2.338901e-06	3.853109e-08	1.995711e-05	5.705110e+04	5.695726e+04
51	2523.399316	5.629802e+00	4.350409e+00	3.125769e-01	8.451771e-02	6.605860e-05	4.713473e-02	3.920723e-02	1.310325e-07	4.891802e+04	3.528061e+04
51	3779.954526	1.079713e-17	6.370690e-18	3.800007e-02	3.699838e-02	6.299846e-02	1.379984e-01	9.299783e-02	1.659991e-01	3.198200e+04	6.332000e+03
51	-1.000000	-1.000000e+00	-1.000000e+00	-1.000000e+00	-1.000000e+00	-1.000000e+00	-1.000000e+00	-1.000000e+00	-1.000000e+00	-1.000000e+00	-1.000000e+00
51	3169.521742	9.125042e-01	3.889782e-03	2.471994e-01	3.006952e-02	1.424108e-01	4.618825e-03	1.368586e-01	4.230411e-02	5.063244e+04	2.744332e+03
51	3270.798613	3.612332e-08	6.689344e-10	1.699999e-01	1.650000e-01	5.999995e-02	3.599975e-02	1.559996e-01	3.999812e-03	3.268400e+04	3.969700e+04
51	-1.000000	-1.000000e+00	-1.000000e+00	-1.000000e+00	-1.000000e+00	-1.000000e+00	-1.000000e+00	-1.000000e+00	-1.000000e+00	-1.000000e+00	-1.000000e+00
51	329683.721958	2.553127e+00	2.048147e-02	1.126168e-02	5.229333e-03	1.280411e-02	2.371625e-02	2.081252e-02	4.397006e-03	5.877164e+04	1.608654e+04
51	3409.133722	2.535485e-06	7.503062e-11	9.900150e-02	2.429996e-01	3.199887e-02	1.470028e-01	2.030028e-01	2.159996e-01	2.234700e+04	4.244700e+04
51	-1.000000	-1.000000e+00	-1.000000e+00	-1.000000e+00	-1.000000e+00	-1.000000e+00	-1.000000e+00	-1.000000e+00	-1.000000e+00	-1.000000e+00	-1.000000e+00
51	2917.457343	1.670399e-02	1.093111e-02	2.625446e-01	6.773886e-02	1.068870e-02	2.427920e-05	1.338679e-01	5.176807e-02	5.525768e+03	3.570941e+03
51	3358.445745	3.728314e-08	2.083723e-10	7.800022e-02	1.300005e-01	1.299993e-02	2.800013e-02	1.310003e-01	2.249996e-01	3.027900e+04	4.183700e+04
51	3456.837921	2.288249e-07	1.801587e-08	3.379045e-02	1.506869e-01	2.121841e-01	2.323960e-01	9.535429e-02	3.054211e-02	2.783700e+04	1.155100e+04
51	-1.000000	-1.000000e+00	-1.000000e+00	-1.000000e+00	-1.000000e+00	-1.000000e+00	-1.000000e+00	-1.000000e+00	-1.000000e+00	-1.000000e+00	-1.000000e+00
