53	348674.274493	5.743143e-03	5.743140e-03	1.042824e-02	4.454017e-03	2.316238e-02	4.360711e-02	4.429800e-07	1.750546e-01	4.530501e+04	2.055705e+04
53	4263.620277	3.362034e-07	3.362033e-07	2.450032e-01	1.799976e-01	2.499556e-02	1.240041e-01	7.499264e-02	1.330071e-01	2.759600e+04	1.959800e+04
53	3709.401330	1.628554e-01	6.305879e-04	7.561672e-06	4.246465e-01	6.857916e-02	1.805866e-01	5.431531e-02	5.613567e-04	5.094163e+04	7.617167e+03
53	3228.565866	5.467969e-01	1.482467e-04	2.025718e-01	3.147234e-01	1.616494e-01	4.280109e-01	1.636502e-04	5.716718e-02	4.003744e+04	1.065869e+04
53	2878.115808	5.726737e-02	9.165109e-06	3.072702e-01	1.491337e-01	3.543426e-01	4.975060e-08	1.387951e-02	3.009348e-01	4.326939e+04	1.573471e+04
53	3840.358261	5.308056e-03	2.928555e-04	2.015401e-01	8.032321e-06	1.304653e-01	1.969789e-01	7.184983e-02	1.063207e-02	2.877922e+03	9.333875e+03
53	4046.142516	8.626706e-03	6.578366e-08	3.283690e-02	1.995381e-01	8.253230e-02	5.736177e-02	8.943577e-02	1.780342e-01	1.140001e+03	2.739801e+04
53	-1.000000	-1.000000e+00	-1.000000e+00	-1.000000e+00	-1.000000e+00	-1.000000e+00	-1.000000e+00	-1.000000e+00	-1.000000e+00	-1.000000e+00	-1.000000e+00
53	4236.070640	2.227810e-10	4.748945e-12	1.670001e-01	1.690001e-01	5.000159e-03	6.300003e-02	1.620000e-01	1.590000e-01	4.109500e+04	4.967000e+04
53	2170.097185	1.640209e-02	2.995169e-03	7.625453e-02	4.627110e-01	3.751361e-01	3.552579e-03	1.271190e-03	4.127117e-02	4.598398e+04	3.897886e+03
53	-1.000000	-1.000000e+00	-1.000000e+00	-1.000000e+00	-1.000000e+00	-1.000000e+00	-1.000000e+00	-1.000000e+00	-1.000000e+00	-1.000000e+00	-1.000000e+00
53	2960.188227	2.514805e-02	5.311101e-04	2.189110e-01	7.431735e-02	3.435463e-02	1.167094e-01	1.614973e-02	1.674651e-01	5.507115e+04	5.702512e+04
53	477117.689260	1.169556e-01	6.772402e-04	8.542775e-02	9.677972e-06	4.322646e-04	8.771224e-02	1.421711e-01	6.048217e-02	5.495414e+04	2.567914e+04
53	394675.460389	3.309857e-01	2.428842e-03	1.816599e-05	3.762264e-02	6.632918e-02	8.527535e-02	5.263618e-02	2.432154e-02	5.995413e+04	2.238415e+04
53	31841.207926	2.651838e-06	7.384979e-12	1.381590e-01	7.745731e-03	2.285626e-01	1.089223e-01	1.759340e-01	2.030270e-01	3.910661e+04	2.034226e+04
53	742314.396327	2.880318e-04	1.044047e-04	1.494139e-01	2.046101e-01	1.230986e-01	2.113372e-01	1.097483e-02	1.431845e-01	5.664809e+04	2.973102e+04
53	4052.775839	4.127199e-06	2.917056e-08	5.135720e-04	2.055558e-01	1.072900e-01	1.816428e-01	2.561438e-02	8.628432e-02	1.914997e+04	2.945698e+04
53	4535.784234	2.032340e-21	7.072792e-22	4.799869e-02	5.900231e-02	7.699910e-02	2.419995e-01	1.699995e-01	1.500009e-01	2.409900e+04	1.326100e+04
53	4224.887161	1.448321e-08	2.152937e-11	5.600056e-02	2.800082e-02	9.599935e-02	1.180004e-01	2.599992e-02	4.400011e-02	3.400100e+04	4.851000e+04
53	4121.019228	1.257409e-05	2.487493e-09	1.519976e-01	1.539928e-01	1.299970e-01	1.939909e-01	1.429940e-01	1.099978e-01	1.618900e+04	3.519200e+04
53	2843.140363	2.606067e-01	1.353805e-02	2.745302e-01	5.179915e-02	2.330380e-08	3.676525e-03	2.154852e-02	1.477444e-01	5.164064e+04	4.893128e+04
53	4168.822257	7.652451e-08	3.119696e-10	1.740006e-01	1.610018e-01	2.059998e-01	5.200028e-02	2.000055e-02	2.209992e-01	2.716300e+04	3.942400e+04
53	4029.270722	3.764967e-05	4.816433e-06	2.945166e-02	8.400263e-03	1.332631e-01	2.140351e-01	4.971194e-09	1.759985e-01	1.371200e+04	1.829399e+04
53	-1.000000	-1.000000e+00	-1.000000e+00	-1.000000e+00	-1.000000e+00	-1.000000e+00	-1.000000e+00	-1.000000e+00	-1.000000e+00	-1.000000e+00	-1.000000e+00
53	4257.810348	6.016970e-07	1.005687e-11	1.969998e-01	4.999965e-02	1.389997e-01	1.530001e-01	9.700052e-02	1.970011e-01	2.344900e+04	4.795100e+04
53	200787.481785	1.101816e+00	1.067140e+00	5.411683e-02	6.522755e-02	8.840991e-04	5.235944e-01	5.235975e-01	5.126900e-01	5.031772e+04	3.139154e+04
53	5518.746943	1.551972e-08	5.705276e-12	1.700000e-01	2.180000e-01	1.900000e-01	1.680000e-01	1.110000e-01	9.600010e-02	3.347000e+04	5.109200e+04
53	-1.000000	-1.000000e+00	-1.000000e+00	-1.000000e+00	-1.000000e+00	-1.000000e+00	-1.000000e+00	-1.000000e+00	-1.000000e+00	-1.000000e+00	-1.000000e+00
53	2835.550063	1.336360e-02	1.336074e-02	2.423743e-01	1.729527e-02	3.259381e-03	1.340633e-06	1.588493e-02	2.009987e-01	4.860815e+04	4.842893e+04
53	-1.000000	-1.000000e+00	-1.000000e+00	-1.000000e+00	-1.000000e+00	-1.000000e+00	-1.000000e+00	-1.000000e+00	-1.000000e+00	-1.000000e+00	-1.000000e+00
53	6817.024520	1.098105e-08	1.679760e-12	9.899998e-02	1.710000e-01	2.310000e-01	4.199999e-02	2.320000e-01	3.099998e-02	3.471300e+04	5.428900e+04
53	3848.119114	2.187018e-04	1.852359e-05	2.318023e-01	1.584738e-01	1.716506e-07	1.551066e-01	1.373142e-02	9.698711e-02	9.952030e+03	1.545202e+04
53	4531.607210	8.602674e-23	3.125229e-23	6.999711e-03	2.499973e-02	1.090002e-01	8.499973e-02	1.839999e-01	1.850003e-01	3.149700e+04	3.630000e+03
53	-1.000000	-1.000000e+00	-1.000000e+00	-1.000000e+00	-1.000000e+00	-1.000000e+00	-1.000000e+00	-1.000000e+00	-1.000000e+00	-1.000000e+00	-1.000000e+00
53	522890.097096	1.222918e-03	9.596889e-05	1.710188e-01	6.280461e-03	5.981695e-02	4.553408e-06	2.475187e-06	1.138396e-01	5.850406e+04	3.023694e+04
53	2779.245759	5.997283e-01	7.413452e-02	2.805292e-01	2.504533e-03	2.012252e-09	4.236216e-03	2.189906e-09	1.743435e-01	5.875471e+04	4.461313e+04
53	4120.959882	1.670942e-04	2.924623e-07	1.239658e-01	1.994026e-03	2.290915e-02	2.404956e-02	1.917984e-01	4.313676e-02	1.141200e+04	2.555700e+04
53	2010.480890	2.290390e-02	7.080859e-03	2.310191e-01	3.567551e-01	1.622599e-09	3.081597e-02	8.789672e-03	2.550932e-02	4.426082e+04	1.835986e+03
53	332310.811762	4.219325e-01	4.361253e-02	8.802736e-04	1.501312e-07	3.689505e-04	3.632006e-07	1.739964e-05	5.604620e-05	5.682618e+04	1.533125e+04
53	4231.694732	3.473195e-05	4.712553e-10	1.059336e-01	6.304696e-02	1.610023e-01	1.000260e-01	2.140073e-01	5.404161e-02	1.405300e+04	3.902700e+04
53	-1.000000	-1.000000e+00	-1.000000e+00	-1.000000e+00	-1.000000e+00	-1.000000e+00	-1.000000e+00	-1.000000e+00	-1.000000e+00	-1.000000e+00	-1.000000e+00
53	421773.985447	3.005173e-01	5.461668e-04	1.504109e-04	3.678963e-07	6.428576e-02	5.939874e-04	5.395171e-02	5.745558e-02	5.015010e+04	2.605126e+04
53	4249.456080	9.118400e-06	3.209892e-09	7.928663e-02	1.953124e-01	2.353210e-01	9.409187e-02	1.678821e-01	1.371882e-01	1.738801e+04	2.789912e+02
53	4224.272826	6.949423e-09	5.762711e-10	4.599964e-02	6.699981e-02	8.699983e-02	1.809996e-01	2.019997e-01	1.630001e-01	3.301100e+04	3.855900e+04
53	4098.818985	1.603098e-07	1.200503e-09	1.300000e-01	5.300000e-02	1.880000e-01	7.200001e-02	1.200000e-02	3.999997e-03	2.715200e+04	3.805800e+04
53	4186.911224	6.142502e-07	9.388628e-10	6.199988e-02	1.439999e-01	8.399979e-02	1.960000e-01	5.500004e-02	2.290001e-01	2.296000e+04	3.740700e+04
53	4110.574360	1.095132e-03	3.628680e-08	1.978184e-01	1.989199e-01	1.467703e-01	1.036865e-02	1.814595e-01	2.431007e-01	4.893005e+03	2.787100e+04
53	4141.172834	3.524455e-08	5.077510e-10	2.430051e-01	7.299470e-02	1.809969e-01	4.498936e-02	1.659965e-01	7.199869e-02	2.960700e+04	3.905500e+04
53	2960.432190	5.430858e-03	6.201626e-04	2.057184e-01	8.768585e-02	1.963011e-02	1.656705e-01	1.820739e-01	3.525854e-10	5.473309e+04	5.653395e+04
53	2902.234153	2.046350e-02	4.785114e-03	9.676755e-02	1.858370e-01	4.465594e-03	2.991228e-01	2.133238e-02	4.561000e-02	4.805898e+04	5.129180e+04
