43	-1.000000	-1.000000e+00	-1.000000e+00	-1.000000e+00	-1.000000e+00	-1.000000e+00	-1.000000e+00	-1.000000e+00	-1.000000e+00	-1.000000e+00	-1.000000e+00
43	-1.000000	-1.000000e+00	-1.000000e+00	-1.000000e+00	-1.000000e+00	-1.000000e+00	-1.000000e+00	-1.000000e+00	-1.000000e+00	-1.000000e+00	-1.000000e+00
43	6021.756797	2.196422e-03	4.078798e-08	2.857563e-01	9.812530e-02	2.068130e-01	2.326506e-01	1.188997e-01	2.969250e-02	2.008905e+04	3.162197e+04
43	620141.801831	1.204109e-02	1.232717e-06	6.197520e-02	2.431535e-01	1.420654e-01	1.961250e-06	7.552563e-02	7.756669e-02	1.142601e+04	3.058398e+04
43	6525.933151	2.437165e-04	2.617020e-09	3.168592e-01	1.828968e-01	1.349117e-01	1.284420e-01	1.898555e-04	1.378266e-01	2.461003e+04	3.807110e+04
43	48555.500744	1.853023e-01	1.845646e-01	1.103878e-01	1.555021e-01	1.169567e-04	6.228392e-03	6.433390e-05	2.768618e-04	5.067572e+04	3.945403e+04
43	-1.000000	-1.000000e+00	-1.000000e+00	-1.000000e+00	-1.000000e+00	-1.000000e+00	-1.000000e+00	-1.000000e+00	-1.000000e+00	-1.000000e+00	-1.000000e+00
43	-1.000000	-1.000000e+00	-1.000000e+00	-1.000000e+00	-1.000000e+00	-1.000000e+00	-1.000000e+00	-1.000000e+00	-1.000000e+00	-1.000000e+00	-1.000000e+00
43	5179.623682	4.411458e-03	6.277328e-05	2.926688e-01	1.282116e-01	2.014281e-01	2.155099e-01	1.415503e-01	5.219920e-01	1.814056e+04	1.258394e+04
43	698474.564824	2.586272e-05	6.560251e-07	1.099516e-01	9.277358e-02	1.326300e-01	1.368835e-02	7.052699e-02	2.730648e-02	2.554803e+04	3.331301e+04
43	34946.708936	2.780296e-01	5.633786e-02	8.102219e-03	9.949065e-02	8.959908e-02	4.764011e-01	3.481486e-02	2.795935e-01	1.505835e+04	1.628998e+04
43	36896.191757	1.429008e-03	8.803535e-05	8.029000e-03	9.153774e-02	7.774727e-08	8.665044e-02	7.179294e-02	6.513119e-02	2.668601e+04	3.119200e+04
43	132487.065506	1.167926e-03	1.133670e-03	2.672637e-01	1.093900e-01	3.011243e-01	3.328896e-01	3.332214e-01	3.793839e-01	1.965238e+04	9.458852e+03
43	-1.000000	-1.000000e+00	-1.000000e+00	-1.000000e+00	-1.000000e+00	-1.000000e+00	-1.000000e+00	-1.000000e+00	-1.000000e+00	-1.000000e+00	-1.000000e+00
43	-1.000000	-1.000000e+00	-1.000000e+00	-1.000000e+00	-1.000000e+00	-1.000000e+00	-1.000000e+00	-1.000000e+00	-1.000000e+00	-1.000000e+00	-1.000000e+00
43	568351.280898	3.972351e-06	5.670726e-11	1.909968e-01	2.050015e-01	1.609996e-01	2.120019e-01	5.200032e-02	1.800134e-02	2.894000e+04	5.347700e+04
43	49097.467955	1.783303e-01	1.638568e-04	3.694338e-01	1.646133e-01	5.028282e-01	1.099864e-03	2.173460e-01	2.874018e-01	3.790913e+04	1.142710e+04
43	5323.961888	5.025816e-01	1.064426e-03	2.155027e-01	3.923477e-01	2.096270e-05	4.286932e-01	5.195347e-01	4.929263e-01	6.907381e+03	3.348345e+03
43	-1.000000	-1.000000e+00	-1.000000e+00	-1.000000e+00	-1.000000e+00	-1.000000e+00	-1.000000e+00	-1.000000e+00	-1.000000e+00	-1.000000e+00	-1.000000e+00
43	367341.228009	1.573453e-02	1.322709e-02	5.234446e-01	4.808540e-01	4.499855e-01	5.825805e-02	4.398770e-06	5.917917e-03	5.655085e+04	7.132852e+03
43	26977.370595	1.483100e-07	1.276659e-10	2.379994e-01	8.995591e-03	2.419955e-01	2.099966e-01	1.850020e-01	1.739973e-01	4.312000e+04	4.724700e+04
43	6618.868315	2.702946e-01	2.256926e-06	4.856966e-01	5.627476e-02	1.458060e-01	1.864911e-05	1.528554e-01	1.318425e-02	7.195871e+03	1.708490e+04
43	149672.371331	1.726746e-01	1.337377e-04	1.424832e-03	6.063736e-02	6.898686e-02	3.053673e-01	1.741054e-01	3.672160e-01	5.861012e+04	5.600786e+04
43	-1.000000	-1.000000e+00	-1.000000e+00	-1.000000e+00	-1.000000e+00	-1.000000e+00	-1.000000e+00	-1.000000e+00	-1.000000e+00	-1.000000e+00	-1.000000e+00
43	9700.125707	3.940187e-05	4.091100e-08	1.537732e-02	1.987330e-01	2.709119e-01	5.493831e-02	1.301411e-01	6.914125e-02	3.092999e+04	3.141499e+04
43	2379.145478	4.557693e-02	3.491989e-05	2.704592e-01	2.086826e-01	6.195458e-02	2.057175e-01	1.801833e-01	1.087097e-01	1.443398e+04	1.550997e+04
43	59334.698698	3.796806e-02	3.786410e-02	8.189679e-03	1.223477e-02	4.069980e-02	4.900074e-01	3.770824e-01	9.387705e-02	5.416419e+04	4.275486e+04
43	10060.288639	5.504330e-04	4.897736e-08	4.706036e-02	1.913690e-01	2.800423e-01	1.059848e-01	8.074732e-04	1.419787e-01	2.442397e+04	3.039703e+04
43	-1.000000	-1.000000e+00	-1.000000e+00	-1.000000e+00	-1.000000e+00	-1.000000e+00	-1.000000e+00	-1.000000e+00	-1.000000e+00	-1.000000e+00	-1.000000e+00
43	638619.327277	1.457767e-03	1.958956e-07	1.091576e-01	1.182924e-01	1.450753e-01	6.830592e-02	8.458392e-02	1.263925e-02	1.617200e+04	3.583601e+04
43	8082.912970	1.039271e-06	7.690317e-08	1.088370e-01	2.000498e-01	2.322615e-01	2.432520e-01	1.759434e-01	6.986730e-02	4.000901e+04	2.922198e+04
43	34651.011374	1.128399e+00	9.262686e-01	9.262259e-03	1.033791e-03	4.794713e-03	3.673527e-01	1.257659e-01	2.266819e-01	5.463320e+04	3.531565e+04
43	2715.305787	2.479290e-02	1.740720e-04	2.190785e-01	2.306282e-01	1.339760e-01	1.535431e-01	1.360978e-01	3.723148e-01	1.564384e+04	1.068287e+04
43	125793.247470	5.495009e-01	6.954080e-04	2.011781e-01	1.613062e-01	3.496807e-02	5.214308e-01	3.817179e-01	5.162135e-01	5.486866e+04	5.257817e+04
43	23715.472853	1.861216e-01	3.433204e-02	1.660633e-04	1.157006e-03	6.760349e-02	3.594216e-07	8.240504e-02	2.587497e-01	1.522180e+04	1.736780e+04
43	89636.916628	8.595475e-01	3.398033e-03	1.234764e-01	2.529681e-02	1.722044e-02	1.607700e-02	4.939018e-01	2.105949e-01	4.770631e+04	4.842712e+04
43	2970.065690	2.156193e-01	1.680663e-02	1.888049e-01	2.362568e-01	1.662108e-01	7.331483e-02	2.683074e-01	2.708469e-01	1.056320e+04	3.381440e+02
43	4451.006212	1.265883e-01	2.051794e-05	3.864812e-01	1.169528e-01	1.265108e-01	2.314903e-01	3.573272e-01	1.203351e-01	9.849305e+03	1.676936e+04
43	62435.093477	1.442483e-02	9.977025e-03	1.084583e-04	3.940044e-01	5.234128e-01	9.065701e-02	2.002953e-02	1.187362e-04	4.344594e+04	4.565263e+03
43	32939.189697	1.428037e+00	1.024891e-07	4.195622e-01	7.046020e-03	2.677042e-01	1.414855e-02	2.600679e-07	1.022407e-01	2.827300e+03	3.503179e+03
43	51093.146044	1.564473e-01	4.345442e-05	3.319501e-01	6.397777e-03	3.851200e-01	5.231652e-01	2.168933e-01	4.242346e-03	3.773978e+04	1.529204e+04
43	628718.887626	1.674067e-06	2.239751e-10	8.599794e-02	1.000024e-01	2.299972e-01	2.210031e-01	6.000162e-02	3.500373e-02	3.163100e+04	5.084100e+04
43	2615.189227	4.134099e-01	1.450496e-03	3.395496e-01	1.839525e-01	9.416906e-06	2.494997e-01	5.435340e-02	2.404142e-01	8.019677e+03	6.240033e+03
43	998316.497134	5.373830e-04	9.520220e-07	2.670729e-01	2.371728e-08	2.124680e-01	1.135071e-01	2.344436e-01	1.998624e-01	1.682710e+04	3.046991e+04
43	70659.676534	4.305997e-01	1.470092e-02	6.805290e-02	3.799193e-03	1.133478e-01	3.909915e-06	1.048433e-04	2.253218e-03	4.551209e+04	4.510756e+04
43	894555.601881	6.118194e-04	4.664741e-07	1.028550e-07	1.803744e-02	1.875926e-01	1.432455e-01	1.373592e-01	4.511958e-02	1.810097e+04	3.381898e+04
43	-1.000000	-1.000000e+00	-1.000000e+00	-1.000000e+00	-1.000000e+00	-1.000000e+00	-1.000000e+00	-1.000000e+00	-1.000000e+00	-1.000000e+00	-1.000000e+00
43	92661.389269	2.877871e-01	2.351946e-03	1.151941e-02	2.488734e-04	2.065148e-05	4.497172e-01	5.430523e-02	2.826012e-02	5.328789e+04	4.919623e+04
43	-1.000000	-1.000000e+00	-1.000000e+00	-1.000000e+00	-1.000000e+00	-1.000000e+00	-1.000000e+00	-1.000000e+00	-1.000000e+00	-1.000000e+00	-1.000000e+00
43	-1.000000	-1.000000e+00	-1.000000e+00	-1.000000e+00	-1.000000e+00	-1.000000e+00	-1.000000e+00	-1.000000e+00	-1.000000e+00	-1.000000e+00	-1.000000e+00
