15	17632.937578	8.726657e-05	7.551341e-05	2.040255e-01	2.479471e-01	1.950730e-01	1.578636e-01	1.296220e-01	1.640460e-01	2.761600e+04	8.659000e+03
15	711180.707722	9.495649e-07	4.706533e-10	1.919997e-01	1.779999e-01	5.700019e-02	2.209995e-01	1.999926e-02	1.279999e-01	4.561100e+04	5.736300e+04
15	140876.418197	2.611745e-05	5.276767e-06	1.260206e-01	1.459461e-01	7.771946e-02	9.330399e-06	2.697189e-02	7.602404e-03	3.670097e+04	3.669591e+04
15	-1.000000	-1.000000e+00	-1.000000e+00	-1.000000e+00	-1.000000e+00	-1.000000e+00	-1.000000e+00	-1.000000e+00	-1.000000e+00	-1.000000e+00	-1.000000e+00
15	-1.000000	-1.000000e+00	-1.000000e+00	-1.000000e+00	-1.000000e+00	-1.000000e+00	-1.000000e+00	-1.000000e+00	-1.000000e+00	-1.000000e+00	-1.000000e+00
15	564047.124217	2.032157e-07	1.807059e-07	1.227745e-01	6.255828e-02	3.085354e-01	2.748275e-02	7.050085e-02	1.845586e-01	3.555903e+04	3.296517e+04
15	-1.000000	-1.000000e+00	-1.000000e+00	-1.000000e+00	-1.000000e+00	-1.000000e+00	-1.000000e+00	-1.000000e+00	-1.000000e+00	-1.000000e+00	-1.000000e+00
15	74410.524010	3.557158e-01	3.556323e-01	2.340289e-03	1.891905e-03	1.805781e-04	2.386712e-01	2.751232e-01	1.955333e-01	4.899128e+04	3.742732e+04
15	715256.384056	2.357060e-02	7.408207e-03	2.493885e-01	7.789101e-04	2.642439e-07	4.868988e-02	8.024756e-03	6.412726e-02	9.075978e+03	1.027670e+04
15	9276.586659	3.039182e+00	5.325685e-08	3.902025e-01	3.258653e-01	9.100185e-02	1.834102e-01	5.185686e-01	2.745316e-01	1.186783e+03	4.397354e+03
15	665294.267292	5.749857e-05	3.876064e-07	1.224329e-01	3.062658e-01	6.702170e-12	1.018412e-01	1.797258e-01	3.625396e-02	2.372399e+04	3.096806e+04
15	-1.000000	-1.000000e+00	-1.000000e+00	-1.000000e+00	-1.000000e+00	-1.000000e+00	-1.000000e+00	-1.000000e+00	-1.000000e+00	-1.000000e+00	-1.000000e+00
15	102493.405577	1.112530e-02	9.343147e-06	4.722507e-01	3.125293e-06	1.450128e-01	1.111129e-04	3.905481e-02	1.505644e-02	4.291197e+04	1.957882e+04
15	6434.808783	8.894424e-02	3.235574e-05	2.617211e-01	1.975873e-01	1.781468e-01	9.065736e-02	3.266920e-01	7.050790e-04	1.146605e+04	1.534717e+04
15	672342.958321	3.476486e-01	9.925372e-06	1.287955e-01	2.756154e-01	2.961261e-01	5.235668e-01	2.225689e-01	7.404760e-02	5.170269e+04	2.258628e+04
15	218422.812052	1.700776e-01	2.215918e-04	5.356482e-02	3.739759e-02	2.210027e-01	2.992093e-01	5.231065e-01	5.126458e-01	5.952601e+04	5.547915e+04
15	268676.002649	5.195312e-01	3.115161e-05	9.916594e-03	1.665805e-03	6.196804e-05	2.281271e-01	3.543725e-03	1.558192e-01	5.722870e+04	5.958510e+04
15	106744.387529	1.938299e-02	1.938299e-02	4.927880e-01	4.692702e-01	3.048870e-01	4.361675e-01	1.915360e-01	5.811214e-09	4.314187e+04	1.201514e+03
15	527985.717412	3.516934e-07	1.194351e-08	1.770000e-01	7.200000e-02	2.220000e-01	1.999997e-03	5.000031e-03	1.260000e-01	3.550600e+04	4.019200e+04
15	187509.980237	6.393873e-01	6.961737e-04	1.003305e-01	4.375611e-06	2.042442e-01	1.434837e-01	6.962333e-03	5.235984e-01	5.186071e+04	5.269344e+04
15	-1.000000	-1.000000e+00	-1.000000e+00	-1.000000e+00	-1.000000e+00	-1.000000e+00	-1.000000e+00	-1.000000e+00	-1.000000e+00	-1.000000e+00	-1.000000e+00
15	753180.933291	1.556623e-05	1.234715e-07	4.564986e-02	1.580790e-01	1.392690e-01	2.519082e-01	1.337725e-01	1.268204e-03	2.362606e+04	3.419612e+04
15	-1.000000	-1.000000e+00	-1.000000e+00	-1.000000e+00	-1.000000e+00	-1.000000e+00	-1.000000e+00	-1.000000e+00	-1.000000e+00	-1.000000e+00	-1.000000e+00
15	892038.103640	3.159532e-03	1.336338e-05	7.638523e-02	3.069568e-02	4.070097e-02	7.421857e-02	1.268876e-01	1.139814e-01	1.210105e+04	2.428005e+04
15	-1.000000	-1.000000e+00	-1.000000e+00	-1.000000e+00	-1.000000e+00	-1.000000e+00	-1.000000e+00	-1.000000e+00	-1.000000e+00	-1.000000e+00	-1.000000e+00
15	3940.573321	9.952884e-02	4.718506e-03	3.189888e-01	2.157430e-01	1.269866e-05	2.063776e-01	2.585908e-01	8.329117e-07	1.139846e+04	3.477353e+03
15	4459.008318	1.046558e+00	8.250828e-03	3.212984e-01	2.236514e-01	1.889994e-02	4.727234e-02	2.727144e-01	3.105293e-01	5.730173e+03	1.922680e+03
15	165603.131145	2.083909e-05	3.085912e-09	3.237381e-01	9.692819e-02	1.703103e-01	3.708074e-01	2.189698e-01	1.116037e-02	2.988189e+04	4.077218e+04
15	13533.098448	9.761467e-05	5.978387e-08	2.728188e-01	5.699731e-02	2.367434e-01	1.795192e-01	9.818321e-02	2.157584e-01	2.749916e+04	2.979602e+04
15	981329.623061	1.912184e-07	1.598793e-07	2.577855e-01	1.658238e-01	1.274505e-01	4.425021e-06	1.558465e-01	1.019349e-02	3.376401e+04	2.113100e+04
15	160915.423444	3.726644e-01	3.349167e-03	2.654774e-01	2.201259e-01	2.020032e-03	1.641353e-01	2.885451e-01	2.319731e-08	4.732142e+04	4.930552e+04
15	94237.531470	3.281153e-01	7.691673e-02	4.591357e-02	9.153295e-02	1.907068e-02	8.921435e-02	8.915128e-02	1.798387e-02	4.089996e+04	4.093784e+04
15	980072.789480	2.069783e-03	7.328775e-08	2.380661e-01	1.035648e-01	2.197279e-01	1.850584e-01	6.861398e-02	5.138919e-04	6.116007e+03	2.895200e+04
15	-1.000000	-1.000000e+00	-1.000000e+00	-1.000000e+00	-1.000000e+00	-1.000000e+00	-1.000000e+00	-1.000000e+00	-1.000000e+00	-1.000000e+00	-1.000000e+00
15	632709.867667	3.567068e-06	2.535279e-09	2.009918e-01	2.800313e-02	1.439992e-01	1.859964e-01	5.100514e-02	2.799699e-02	2.917800e+04	4.441900e+04
15	-1.000000	-1.000000e+00	-1.000000e+00	-1.000000e+00	-1.000000e+00	-1.000000e+00	-1.000000e+00	-1.000000e+00	-1.000000e+00	-1.000000e+00	-1.000000e+00
15	714018.117380	8.144122e-07	4.175599e-11	1.910003e-01	9.400014e-02	2.500021e-02	6.999997e-03	1.439997e-01	4.699986e-02	3.229700e+04	5.424400e+04
15	59293.247047	4.704850e-01	3.358647e-03	5.235999e-01	7.937362e-02	8.880942e-03	3.507203e-01	1.990810e-01	4.518794e-01	3.396980e+04	2.700189e+03
15	30298.248347	7.202610e-08	5.245131e-08	1.682109e-01	1.945581e-01	1.805316e-01	4.204887e-02	1.861787e-01	2.749473e-01	4.766499e+04	2.967798e+04
15	-1.000000	-1.000000e+00	-1.000000e+00	-1.000000e+00	-1.000000e+00	-1.000000e+00	-1.000000e+00	-1.000000e+00	-1.000000e+00	-1.000000e+00	-1.000000e+00
15	595720.293977	1.803300e-01	1.529415e-03	4.161762e-10	2.288197e-01	2.318041e-01	1.071647e-05	3.741458e-02	1.012140e-06	2.863918e+03	1.168082e+04
15	6932.563001	1.318507e-01	1.334164e-04	2.111552e-01	2.666861e-01	1.356199e-01	2.110520e-01	3.051070e-01	6.057853e-04	1.120521e+04	1.017821e+04
15	689570.405564	1.762947e-02	6.945385e-06	2.089720e-01	1.006070e-01	6.990071e-02	1.834693e-03	1.348252e-01	7.293556e-02	9.371044e+03	2.583693e+04
15	872052.742856	3.440860e-06	2.899275e-09	2.000041e-02	1.290009e-01	5.900009e-02	1.989980e-01	4.476433e-06	2.000004e-01	2.704100e+04	4.281500e+04
15	-1.000000	-1.000000e+00	-1.000000e+00	-1.000000e+00	-1.000000e+00	-1.000000e+00	-1.000000e+00	-1.000000e+00	-1.000000e+00	-1.000000e+00	-1.000000e+00
15	-1.000000	-1.000000e+00	-1.000000e+00	-1.000000e+00	-1.000000e+00	-1.000000e+00	-1.000000e+00	-1.000000e+00	-1.000000e+00	-1.000000e+00	-1.000000e+00
15	-1.000000	-1.000000e+00	-1.000000e+00	-1.000000e+00	-1.000000e+00	-1.000000e+00	-1.000000e+00	-1.000000e+00	-1.000000e+00	-1.000000e+00	-1.000000e+00
15	-1.000000	-1.000000e+00	-1.000000e+00	-1.000000e+00	-1.000000e+00	-1.000000e+00	-1.000000e+00	-1.000000e+00	-1.000000e+00	-1.000000e+00	-1.000000e+00
15	659390.749286	1.315479e-07	2.008594e-11	5.400007e-02	1.140001e-01	2.360001e-01	4.800007e-02	2.330001e-01	5.000003e-02	3.697900e+04	5.453300e+04
15	70870.071207	9.843051e-01	5.446123e-01	1.436791e-04	1.800881e-03	1.196940e-01	4.031162e-05	6.656519e-02	3.753665e-01	5.723822e+04	3.663091e+04
