19	24986.724366	5.086086e-21	4.861930e-21	1.700001e-01	1.120002e-01	7.099960e-02	2.379999e-01	1.130000e-01	1.850001e-01	3.024100e+04	2.106000e+04
19	-1.000000	-1.000000e+00	-1.000000e+00	-1.000000e+00	-1.000000e+00	-1.000000e+00	-1.000000e+00	-1.000000e+00	-1.000000e+00	-1.000000e+00	-1.000000e+00
19	5293.151168	2.308781e-03	1.634346e-06	2.004225e-01	1.969473e-01	2.275337e-01	1.554940e-02	6.815217e-08	2.482823e-01	2.044799e+04	2.281201e+04
19	11242.514758	1.615770e-01	7.067740e-04	2.530531e-01	1.885359e-01	6.917100e-02	2.273148e-01	1.023569e-01	1.038736e-01	2.134011e+03	1.047204e+04
19	15607.663740	1.232501e-08	5.790116e-12	2.359924e-01	7.299589e-02	2.419940e-01	2.199503e-02	8.599739e-02	7.100191e-02	4.893900e+04	5.345800e+04
19	7071.480524	3.937189e-02	4.693244e-03	1.945991e-01	3.461439e-01	1.260984e-01	2.043224e-01	2.455618e-01	3.484174e-01	4.362238e+04	4.328691e+03
19	43389.003291	2.815341e-07	2.796354e-07	1.015987e-03	9.207679e-02	2.148283e-01	8.604844e-02	7.695367e-02	5.252132e-02	3.883404e+04	3.066502e+04
19	13034.032164	8.736145e-01	1.392082e-03	4.459947e-02	5.431451e-04	4.965290e-01	1.643610e-01	2.717597e-01	2.216497e-01	5.096463e+04	7.830535e+03
19	6948.517614	2.006651e-01	2.218217e-03	1.025901e-01	4.027865e-01	1.686266e-01	7.598625e-02	7.040009e-10	4.659453e-01	3.953396e+04	6.112689e+03
19	3499.142860	3.267268e-01	1.017589e-02	2.539469e-01	2.569761e-01	1.176047e-02	2.814870e-01	3.583304e-03	2.470687e-01	8.834242e+03	1.832567e+03
19	17679.295582	2.960536e-05	9.601391e-07	1.354235e-01	3.501272e-02	2.348777e-05	2.944878e-01	2.654144e-02	1.294401e-02	2.058102e+04	2.750004e+04
19	24976.856039	3.778106e-20	3.189301e-20	2.010000e-01	1.800009e-02	6.600039e-02	7.599988e-02	2.010004e-01	2.189995e-01	3.073600e+04	5.521000e+03
19	53929.540709	5.831629e-07	8.592292e-13	1.723025e-07	2.460002e-01	3.000125e-03	3.500037e-02	1.770001e-01	2.029999e-01	4.013400e+04	5.809400e+04
19	12256.761695	5.493429e-03	8.101567e-06	1.081089e-01	1.994323e-01	2.197883e-01	1.447019e-01	6.796198e-02	6.448748e-02	6.803908e+03	1.951995e+04
19	18127.867676	4.068586e-01	4.626117e-04	1.391773e-04	2.174285e-03	1.096402e-01	3.480936e-01	1.037080e-01	1.771412e-01	5.618728e+04	5.783153e+04
19	12064.122918	3.997139e-04	9.879527e-06	8.621960e-02	2.117217e-01	1.757239e-01	4.075967e-05	1.004818e-01	4.039338e-03	1.474899e+04	1.968198e+04
19	3552.833331	2.008340e-02	8.538709e-04	1.454782e-01	2.816323e-01	1.754107e-01	2.654616e-03	2.292070e-01	2.959308e-01	1.541513e+04	7.832011e+03
19	-1.000000	-1.000000e+00	-1.000000e+00	-1.000000e+00	-1.000000e+00	-1.000000e+00	-1.000000e+00	-1.000000e+00	-1.000000e+00	-1.000000e+00	-1.000000e+00
19	-1.000000	-1.000000e+00	-1.000000e+00	-1.000000e+00	-1.000000e+00	-1.000000e+00	-1.000000e+00	-1.000000e+00	-1.000000e+00	-1.000000e+00	-1.000000e+00
19	12892.743237	7.320660e-03	1.547567e-07	1.337933e-01	2.270591e-01	2.143042e-01	2.021124e-01	1.368737e-01	2.304423e-01	6.371001e+03	2.729103e+04
19	20672.457774	3.366512e-06	3.318754e-06	7.971806e-02	1.735273e-01	1.584610e-01	2.055605e-01	1.453130e-01	1.542144e-01	2.482700e+04	1.148002e+03
19	15156.353546	4.571312e-07	1.399916e-11	3.999977e-03	1.950000e-01	1.140001e-01	1.410000e-01	9.000002e-02	1.730000e-01	3.183200e+04	5.213200e+04
19	386062.487361	3.837199e-03	3.821944e-03	9.092771e-03	2.294719e-02	1.513206e-02	2.235879e-01	8.044487e-02	2.433967e-01	4.681702e+04	1.999098e+04
19	17133.956087	1.203467e-07	2.538238e-10	9.799978e-02	1.170001e-01	1.200000e-01	1.270003e-01	1.120000e-01	2.429997e-01	3.401500e+04	4.543000e+04
19	24977.005871	1.065118e-07	5.926003e-08	9.084838e-02	5.620831e-03	3.119210e-02	1.384793e-01	1.433065e-01	3.024473e-01	1.524867e+04	7.743983e+03
19	77044.761368	2.357700e-06	5.795404e-13	1.619281e-01	1.834727e-01	9.459718e-03	1.591964e-01	1.988449e-01	1.299874e-01	3.771500e+04	1.042100e+04
19	17968.055912	3.192402e-01	2.197264e-03	2.172423e-01	1.439992e-03	4.095698e-02	2.777939e-07	1.085857e-01	3.326826e-01	4.565505e+04	5.391473e+04
19	10424.467103	4.880554e-02	5.267324e-05	1.622478e-01	1.570512e-01	3.247120e-01	7.202414e-08	5.288860e-09	2.154297e-01	4.363588e+04	1.606666e+04
19	19865.334627	3.388892e-08	3.188496e-12	4.999929e-03	1.070000e-01	9.999935e-03	2.080000e-01	8.900004e-02	6.599994e-02	3.512700e+04	5.578600e+04
19	12446.537376	1.000919e-03	1.226819e-07	8.693104e-02	2.224208e-01	1.399508e-01	1.136837e-01	1.061608e-01	4.497202e-02	1.308299e+04	3.004400e+04
19	6739.351867	3.865941e-01	3.406245e-03	2.031464e-01	3.350983e-01	6.472287e-02	6.876876e-02	9.176003e-10	5.183308e-01	3.744265e+04	4.892291e+03
19	12531.813398	8.284378e-03	4.869245e-08	2.109686e-01	1.993215e-01	1.865493e-01	2.170360e-01	5.990343e-02	3.458236e-02	6.324009e+03	3.097400e+04
19	3337.118843	1.539282e-02	4.465032e-03	2.590818e-01	2.700409e-01	4.690098e-06	1.562348e-01	1.401310e-01	2.521381e-01	1.592308e+04	4.178146e+03
19	-1.000000	-1.000000e+00	-1.000000e+00	-1.000000e+00	-1.000000e+00	-1.000000e+00	-1.000000e+00	-1.000000e+00	-1.000000e+00	-1.000000e+00	-1.000000e+00
19	17975.898463	4.385797e-01	1.688999e-03	2.655641e-01	1.558033e-02	1.061911e-02	3.955153e-04	5.260749e-02	3.253801e-01	5.261345e+04	5.475707e+04
19	24917.785580	6.483223e-08	2.078169e-13	1.741058e-01	1.621069e-01	4.995246e-02	3.892442e-02	1.979669e-01	1.719051e-02	3.016600e+04	7.793000e+03
19	308806.039399	2.335749e-03	2.928874e-04	1.650966e-01	1.890423e-02	1.002041e-01	2.244525e-01	2.712017e-02	3.190712e-02	4.577507e+04	2.605804e+04
19	11241.819359	6.392459e-06	1.381479e-06	1.809990e-01	2.067636e-01	1.988446e-01	5.168427e-02	9.393015e-02	1.767268e-01	3.511400e+04	6.553005e+03
19	-1.000000	-1.000000e+00	-1.000000e+00	-1.000000e+00	-1.000000e+00	-1.000000e+00	-1.000000e+00	-1.000000e+00	-1.000000e+00	-1.000000e+00	-1.000000e+00
19	10112.252256	4.601146e-02	3.473434e-05	1.662428e-01	4.584368e-02	3.733956e-01	1.730109e-01	3.318940e-01	7.499146e-02	4.388690e+04	1.595354e+04
19	3431.807408	4.494605e-02	7.670311e-03	2.599516e-01	2.804658e-01	5.723767e-03	6.601854e-07	1.738320e-01	3.491630e-01	1.301745e+04	2.836583e+03
19	12478.971889	2.065146e-02	2.065133e-02	1.338175e-01	7.118946e-02	5.161592e-01	3.531975e-01	3.374653e-06	4.340349e-01	5.713435e+04	9.032550e+02
19	10189.503243	2.664727e-01	4.862846e-02	8.530204e-02	7.439100e-02	2.106819e-01	5.004028e-03	6.047831e-05	1.159449e-06	1.764063e+03	2.865061e+03
19	11270.231161	1.290203e-02	1.290203e-02	3.147689e-01	3.402074e-01	3.288684e-01	4.817518e-02	5.236000e-01	1.067632e-01	5.204218e+04	1.356716e+03
19	20906.976209	5.022347e-07	1.130446e-11	1.134192e-01	1.575471e-01	1.703646e-01	7.054280e-02	6.777203e-02	7.176636e-03	2.909100e+04	1.021900e+04
19	24973.074361	1.519113e-20	6.249421e-21	9.901765e-02	4.700430e-02	1.220155e-01	2.499900e-02	1.990103e-01	2.109998e-01	2.113000e+04	7.381000e+03
19	30440.464676	4.831898e-06	4.831873e-06	2.083638e-01	1.491373e-05	1.366452e-01	3.888564e-01	1.934061e-01	1.691849e-01	3.261499e+04	2.278703e+04
19	12141.526555	1.762876e-06	1.640575e-09	2.359993e-01	2.340003e-01	8.000653e-03	1.389997e-01	1.230001e-01	1.340002e-01	2.957400e+04	4.016200e+04
19	26157.863134	2.005663e-06	8.501780e-12	2.060004e-01	1.900112e-02	2.459994e-01	1.230002e-01	2.460000e-01	8.000354e-03	3.667400e+04	5.257000e+04
19	9869.577681	5.934878e-02	1.416490e-03	2.053445e-01	2.205093e-01	1.483287e-01	2.036269e-02	7.702537e-03	2.075763e-01	4.060185e+04	8.097971e+03
