39	10058.188153	9.307774e-08	9.290748e-08	6.962907e-02	2.381830e-01	2.104790e-01	1.355195e-01	1.168002e-01	9.380886e-02	3.066900e+04	2.653000e+04
39	10210.769986	8.204198e-06	8.202591e-06	3.633893e-01	1.094318e-01	1.810298e-01	6.061494e-02	6.936965e-02	7.064274e-02	2.313493e+04	5.643106e+03
39	9553.541580	8.128861e-05	8.425984e-07	1.501240e-01	1.246410e-01	1.881832e-01	7.700033e-02	5.317223e-09	2.307212e-01	1.522402e+04	2.369798e+04
39	17866.501462	1.785943e-07	1.106452e-09	6.557727e-02	1.887933e-01	1.861465e-01	2.537825e-01	2.465617e-01	1.555029e-01	4.272301e+04	4.043101e+04
39	9428.218155	4.159339e-06	1.570339e-07	2.162770e-01	6.483009e-02	1.580675e-01	1.210332e-01	1.322428e-01	5.857863e-02	2.589701e+04	3.014999e+04
39	-1.000000	-1.000000e+00	-1.000000e+00	-1.000000e+00	-1.000000e+00	-1.000000e+00	-1.000000e+00	-1.000000e+00	-1.000000e+00	-1.000000e+00	-1.000000e+00
39	11374.257243	6.574658e-01	2.042967e-03	2.180513e-01	2.169029e-03	4.256511e-03	4.625963e-05	4.674661e-02	2.714688e-01	5.512007e+04	5.461959e+04
39	17429.356415	1.552446e-05	1.552295e-05	1.673028e-01	1.160902e-01	2.591908e-01	7.289286e-02	9.498172e-02	2.108581e-01	3.223400e+04	1.645304e+04
39	11438.044098	4.497206e-03	1.918319e-03	1.913918e-01	1.266775e-01	3.409810e-06	9.057905e-07	1.366788e-01	1.212276e-01	5.992741e+04	5.492225e+04
39	10636.728221	6.795936e-08	4.990281e-11	1.279999e-01	9.499979e-02	5.299992e-02	2.130001e-01	1.939998e-01	1.810001e-01	3.057100e+04	4.664400e+04
39	471740.879136	8.203948e-01	8.203947e-01	1.839356e-09	5.915711e-09	3.110849e-02	1.015037e-02	7.826718e-03	4.783720e-09	5.622517e+04	6.242895e+03
39	9875.358042	1.125174e-05	1.746025e-09	2.168638e-01	1.191963e-01	2.308545e-01	1.920180e-01	6.177988e-02	1.551659e-01	1.960600e+04	3.728300e+04
39	7015.876423	5.956494e-02	9.641925e-04	5.696597e-02	3.024047e-01	1.569793e-01	2.268676e-03	1.117323e-01	1.671539e-01	4.074298e+04	7.834020e+03
39	429384.135962	8.836589e-01	4.465052e-01	2.026365e-08	1.676470e-04	2.761165e-09	2.206994e-03	3.682628e-10	7.918455e-05	5.424245e+04	8.234425e+03
39	-1.000000	-1.000000e+00	-1.000000e+00	-1.000000e+00	-1.000000e+00	-1.000000e+00	-1.000000e+00	-1.000000e+00	-1.000000e+00	-1.000000e+00	-1.000000e+00
39	7486.314438	6.419376e-03	1.223205e-04	4.796375e-02	2.867368e-01	1.929709e-01	2.363099e-07	1.397522e-01	1.889354e-02	4.676195e+04	1.297023e+04
39	27691.493335	5.436555e-08	5.407486e-08	9.877893e-02	1.827154e-01	2.897557e-02	2.237079e-01	2.641236e-02	2.251993e-01	4.274700e+04	3.407900e+04
39	90845.387184	2.241213e-07	9.326388e-11	1.640001e-01	1.260000e-01	5.500018e-02	2.699980e-02	1.510001e-01	9.899998e-02	4.325200e+04	4.801000e+04
39	10976.671928	3.407951e-01	3.124081e-01	1.699044e-01	4.198446e-04	1.267495e-05	1.440896e-02	1.596869e-01	2.048057e-01	5.633531e+04	4.180422e+04
39	16745.219693	9.270104e-06	7.441257e-06	1.371357e-01	1.104226e-01	2.584443e-01	1.480154e-02	1.789862e-01	1.524387e-01	3.308303e+04	2.015499e+04
39	5616.907677	1.504383e-02	1.504380e-02	2.365171e-01	2.367760e-01	1.061751e-05	1.365637e-01	1.491263e-01	2.464323e-01	1.721536e+04	1.007398e+03
39	11284.097496	6.365948e-08	4.717179e-08	1.837902e-02	4.999728e-02	2.534173e-01	1.642225e-01	6.536819e-02	2.578681e-05	3.309400e+04	2.403201e+04
39	9670.473714	4.163571e-04	2.716904e-07	1.987817e-01	2.288793e-01	1.654909e-01	2.554546e-02	2.062069e-01	1.364402e-01	1.141500e+04	2.488600e+04
39	-1.000000	-1.000000e+00	-1.000000e+00	-1.000000e+00	-1.000000e+00	-1.000000e+00	-1.000000e+00	-1.000000e+00	-1.000000e+00	-1.000000e+00	-1.000000e+00
39	10115.812415	1.305615e-03	3.419199e-09	2.388505e-03	1.707641e-01	3.739765e-02	1.213682e-01	1.053017e-01	2.252094e-01	8.494003e+03	3.701500e+04
39	8676.686535	1.278927e-03	4.724051e-04	3.469382e-03	1.342933e-01	3.982040e-02	1.555055e-01	3.104210e-02	1.178802e-01	1.437804e+04	1.407084e+04
39	18391.284684	1.961643e+00	1.888217e+00	9.727476e-02	2.239503e-08	2.770874e-02	5.235976e-01	6.061434e-02	5.235998e-01	5.074226e+04	3.490208e+04
39	11026.491137	2.959900e-01	1.503972e-01	2.020883e-01	2.358034e-02	5.381459e-02	2.899615e-03	8.016944e-03	2.751256e-01	5.198522e+04	4.375234e+04
39	5433.066180	4.588605e-04	3.433460e-05	2.231285e-01	2.447337e-01	5.967471e-02	1.142979e-01	1.092679e-01	2.395672e-01	2.497983e+04	1.584796e+04
39	10793.942002	1.133252e-06	4.474109e-11	2.565170e-02	3.044161e-02	2.838633e-01	2.008024e-01	9.267989e-02	5.395041e-02	2.616300e+04	1.311503e+04
39	-1.000000	-1.000000e+00	-1.000000e+00	-1.000000e+00	-1.000000e+00	-1.000000e+00	-1.000000e+00	-1.000000e+00	-1.000000e+00	-1.000000e+00	-1.000000e+00
39	9905.271418	1.499188e-02	3.491359e-07	8.093410e-02	1.301884e-01	1.808592e-01	2.483168e-01	9.134462e-02	9.842708e-02	5.610803e+04	2.665602e+04
39	-1.000000	-1.000000e+00	-1.000000e+00	-1.000000e+00	-1.000000e+00	-1.000000e+00	-1.000000e+00	-1.000000e+00	-1.000000e+00	-1.000000e+00	-1.000000e+00
39	11781.236520	4.614630e-05	4.485671e-05	2.162873e-01	4.955558e-02	1.507138e-01	2.085151e-01	9.297602e-05	1.752199e-01	1.863402e+04	1.319799e+04
39	-1.000000	-1.000000e+00	-1.000000e+00	-1.000000e+00	-1.000000e+00	-1.000000e+00	-1.000000e+00	-1.000000e+00	-1.000000e+00	-1.000000e+00	-1.000000e+00
39	9996.051343	3.226094e-08	1.121705e-09	1.440000e-01	1.380000e-01	4.800000e-02	1.130000e-01	2.100000e-01	5.499999e-02	3.720000e+04	4.194500e+04
39	-1.000000	-1.000000e+00	-1.000000e+00	-1.000000e+00	-1.000000e+00	-1.000000e+00	-1.000000e+00	-1.000000e+00	-1.000000e+00	-1.000000e+00	-1.000000e+00
39	10813.864026	4.402136e+00	2.991236e+00	2.343569e-01	7.751390e-03	3.014993e-03	6.480873e-02	1.728448e-01	1.211885e-01	5.533720e+04	3.629203e+04
39	8320.875462	1.789555e-01	1.678492e-03	2.989566e-01	9.957370e-02	2.350434e-02	1.904556e-01	2.445622e-02	3.691112e-10	1.565948e+03	9.356053e+03
39	8981.231245	1.075858e-02	5.734871e-04	2.883752e-02	1.802829e-01	2.219491e-01	2.587556e-09	8.390255e-02	9.269537e-02	2.417957e+03	8.655974e+03
39	9597.847440	3.152439e-03	2.073728e-05	1.100154e-01	1.061553e-02	1.571051e-01	1.458062e-01	1.427083e-01	1.233283e-01	7.872993e+03	1.762800e+04
39	10177.260600	5.634957e-07	1.597247e-08	3.100003e-02	9.199992e-02	1.499999e-02	1.859999e-01	1.900000e-01	1.799996e-02	2.623000e+04	3.417000e+04
39	11264.794105	7.150128e-03	7.149589e-03	1.593431e-01	1.233602e-03	5.930923e-03	8.791467e-06	1.635531e-01	2.166644e-01	5.280645e+04	5.087911e+04
39	-1.000000	-1.000000e+00	-1.000000e+00	-1.000000e+00	-1.000000e+00	-1.000000e+00	-1.000000e+00	-1.000000e+00	-1.000000e+00	-1.000000e+00	-1.000000e+00
39	10630.708195	1.254516e-06	4.351497e-11	2.900006e-02	5.400132e-02	1.429985e-01	1.600033e-02	1.440025e-01	2.480013e-01	2.402000e+04	4.688300e+04
39	10016.062309	4.707579e-07	1.223468e-08	8.314053e-03	1.918481e-02	2.990619e-01	9.651035e-02	1.514611e-01	1.486421e-01	2.562881e+04	3.332103e+04
39	11960.907946	3.702941e-07	1.042073e-10	2.070077e-01	1.070010e-01	2.230305e-01	9.017236e-03	2.460044e-01	1.620079e-01	2.920600e+04	1.800000e+02
39	7104.286798	3.750654e-03	1.474956e-03	1.935166e-01	2.672643e-01	5.226770e-07	1.579864e-01	1.379284e-01	1.507310e-06	4.714288e+04	7.064136e+03
39	-1.000000	-1.000000e+00	-1.000000e+00	-1.000000e+00	-1.000000e+00	-1.000000e+00	-1.000000e+00	-1.000000e+00	-1.000000e+00	-1.000000e+00	-1.000000e+00
39	9969.648074	4.588036e-07	2.046175e-11	1.590000e-01	2.010000e-01	1.810000e-01	1.300002e-02	8.000019e-03	1.640000e-01	2.764200e+04	4.720300e+04
