13	12258.621598	1.898557e-02	1.890429e-05	1.341487e-01	3.345918e-08	1.512567e-01	2.200147e-01	1.682311e-01	1.390350e-02	1.608011e+03	1.700995e+04
13	-1.000000	-1.000000e+00	-1.000000e+00	-1.000000e+00	-1.000000e+00	-1.000000e+00	-1.000000e+00	-1.000000e+00	-1.000000e+00	-1.000000e+00	-1.000000e+00
13	4259.681304	1.764239e-03	6.225909e-05	2.311933e-01	2.215810e-01	1.352039e-01	3.438136e-03	2.166259e-01	1.016119e-01	2.228688e+04	1.412616e+04
13	12804.788766	2.618087e-07	9.592884e-09	1.057426e-01	1.431928e-01	2.004992e-01	1.808845e-01	2.161219e-01	1.660740e-01	2.952901e+04	3.344000e+04
13	527453.910702	9.684218e-01	9.684217e-01	5.302270e-10	3.677460e-08	4.057349e-02	1.505935e-08	1.372685e-03	1.275871e-01	5.088609e+04	7.006229e+03
13	-1.000000	-1.000000e+00	-1.000000e+00	-1.000000e+00	-1.000000e+00	-1.000000e+00	-1.000000e+00	-1.000000e+00	-1.000000e+00	-1.000000e+00	-1.000000e+00
13	13043.947409	4.941349e-03	3.638047e-07	6.809196e-02	1.766469e-02	1.309060e-01	4.429128e-02	5.563964e-02	7.016903e-02	7.290984e+03	2.849201e+04
13	-1.000000	-1.000000e+00	-1.000000e+00	-1.000000e+00	-1.000000e+00	-1.000000e+00	-1.000000e+00	-1.000000e+00	-1.000000e+00	-1.000000e+00	-1.000000e+00
13	11740.988653	1.038041e-03	7.803437e-05	4.150299e-06	2.096803e-01	3.147043e-01	1.449499e-01	5.996593e-02	1.031845e-01	6.716984e+03	1.246295e+04
13	-1.000000	-1.000000e+00	-1.000000e+00	-1.000000e+00	-1.000000e+00	-1.000000e+00	-1.000000e+00	-1.000000e+00	-1.000000e+00	-1.000000e+00	-1.000000e+00
13	13550.119440	6.642914e-07	5.134719e-07	9.132329e-02	2.927921e-11	2.654732e-01	2.275984e-01	1.790288e-02	2.264580e-01	2.759900e+04	1.713302e+04
13	15728.221347	3.526305e-21	1.131586e-21	1.099984e-02	5.699985e-02	1.570000e-01	1.449996e-01	2.049995e-01	1.500000e-01	2.823600e+04	1.450500e+04
13	11557.508814	9.015039e-08	6.510688e-08	1.626877e-01	7.037434e-02	9.812197e-02	1.623235e-01	5.442089e-02	7.361168e-02	3.608300e+04	3.410800e+04
13	-1.000000	-1.000000e+00	-1.000000e+00	-1.000000e+00	-1.000000e+00	-1.000000e+00	-1.000000e+00	-1.000000e+00	-1.000000e+00	-1.000000e+00	-1.000000e+00
13	-1.000000	-1.000000e+00	-1.000000e+00	-1.000000e+00	-1.000000e+00	-1.000000e+00	-1.000000e+00	-1.000000e+00	-1.000000e+00	-1.000000e+00	-1.000000e+00
13	547805.261735	2.973515e-03	6.751856e-04	4.172756e-08	1.098961e-02	1.184710e-01	1.194340e-01	2.462028e-02	2.692385e-02	4.451989e+04	2.530906e+04
13	12519.370905	5.027751e-04	3.362446e-09	2.020542e-01	5.900057e-02	1.761619e-01	2.452650e-01	1.844688e-01	2.097025e-02	1.215600e+04	3.706700e+04
13	10683.150550	2.425909e+00	1.973991e+00	9.805262e-02	1.362000e-05	3.250042e-01	3.899671e-03	3.773201e-04	5.105089e-04	5.027490e+04	3.670252e+04
13	-1.000000	-1.000000e+00	-1.000000e+00	-1.000000e+00	-1.000000e+00	-1.000000e+00	-1.000000e+00	-1.000000e+00	-1.000000e+00	-1.000000e+00	-1.000000e+00
13	-1.000000	-1.000000e+00	-1.000000e+00	-1.000000e+00	-1.000000e+00	-1.000000e+00	-1.000000e+00	-1.000000e+00	-1.000000e+00	-1.000000e+00	-1.000000e+00
13	10970.778394	2.763305e-01	2.763246e-01	9.791392e-02	2.293632e-01	1.979983e-01	1.396663e-01	7.174798e-09	7.460405e-02	5.132238e+04	4.169328e+04
13	10551.130566	7.093084e+00	4.639513e+00	1.481747e-02	2.420227e-06	2.770094e-01	1.911415e-01	1.208620e-05	1.675280e-01	5.150675e+04	3.428646e+04
13	12901.458986	3.669271e-06	2.693932e-07	1.036658e-01	5.456416e-02	1.328281e-02	8.168899e-02	8.268621e-02	1.481421e-01	2.282299e+04	2.859192e+04
13	-1.000000	-1.000000e+00	-1.000000e+00	-1.000000e+00	-1.000000e+00	-1.000000e+00	-1.000000e+00	-1.000000e+00	-1.000000e+00	-1.000000e+00	-1.000000e+00
13	11685.525592	1.017941e-03	9.896427e-04	4.247246e-02	2.386930e-01	1.789990e-01	1.791703e-06	1.046035e-02	6.354369e-02	5.934041e+04	5.591234e+04
13	15741.928649	1.915789e-08	1.810847e-08	2.245172e-01	7.734480e-03	1.541199e-02	2.007502e-01	2.759953e-02	1.976403e-01	1.569500e+04	1.104600e+04
13	11578.087685	4.025446e-01	2.950512e-03	6.106728e-03	4.454816e-01	5.447684e-03	6.036542e-02	1.197112e-05	1.054024e-01	5.795275e+04	5.813643e+03
13	235977.959714	4.926540e-07	4.883996e-07	1.381684e-01	7.991738e-02	7.801967e-02	2.697192e-02	7.902738e-02	1.071388e-01	4.266000e+04	1.947800e+04
13	12692.707795	2.473000e-06	2.140709e-06	6.826312e-02	1.578189e-01	2.893439e-01	1.929095e-01	7.218309e-06	6.328289e-02	2.308004e+04	1.447295e+04
13	3603.716717	6.725473e-02	1.661349e-03	2.525566e-01	2.349431e-01	4.942873e-03	1.437333e-01	3.509879e-04	1.228502e-01	1.402197e+04	6.326977e+03
13	12573.400168	1.867794e-05	2.736860e-09	1.301442e-02	1.470065e-01	1.970153e-01	1.990065e-01	1.179869e-01	1.940121e-01	1.910000e+04	3.665700e+04
13	6627.439467	1.998210e-02	1.209704e-02	2.266433e-01	2.547629e-01	8.315057e-03	8.580046e-02	1.371882e-03	2.318298e-01	4.192442e+04	1.309350e+03
13	12058.481874	2.102164e-04	5.819064e-09	1.849320e-01	1.839243e-01	1.969000e-01	1.598761e-01	8.898318e-02	1.191047e-01	1.273600e+04	3.456100e+04
13	-1.000000	-1.000000e+00	-1.000000e+00	-1.000000e+00	-1.000000e+00	-1.000000e+00	-1.000000e+00	-1.000000e+00	-1.000000e+00	-1.000000e+00	-1.000000e+00
13	14039.920208	7.915305e-09	3.445581e-12	2.369997e-01	9.032909e-09	4.600016e-02	1.570000e-01	6.699930e-02	1.989991e-01	3.648100e+04	5.372600e+04
13	229604.213030	7.355225e-07	6.129358e-12	7.803469e-02	1.366741e-02	1.258376e-01	2.009833e-01	8.365360e-02	9.077992e-02	4.141486e+04	2.008515e+04
13	12680.507825	4.105673e-04	4.055111e-04	8.712436e-02	7.554523e-07	2.904453e-01	1.472428e-01	5.775597e-02	3.371258e-01	1.183904e+04	4.912061e+03
13	12887.588746	2.125298e-06	6.121111e-10	7.000047e-02	1.639998e-01	2.900094e-02	1.590002e-01	1.309995e-01	1.370003e-01	2.695200e+04	4.291300e+04
13	12449.958257	7.472131e-07	4.511974e-07	1.285277e-01	2.957536e-01	4.767953e-02	1.507551e-01	2.876023e-01	8.096362e-02	2.807819e+04	1.300596e+04
13	-1.000000	-1.000000e+00	-1.000000e+00	-1.000000e+00	-1.000000e+00	-1.000000e+00	-1.000000e+00	-1.000000e+00	-1.000000e+00	-1.000000e+00	-1.000000e+00
13	11992.738874	2.258777e-05	2.225479e-05	1.805926e-01	2.449196e-01	1.357082e-01	2.030306e-03	4.973422e-02	2.123636e-01	1.839505e+04	1.398604e+04
13	11514.913170	2.787069e-02	9.740126e-06	4.413815e-01	5.254231e-02	7.259795e-02	1.436828e-01	8.282601e-02	6.104241e-02	4.196049e+03	1.887705e+04
13	11126.624028	7.609887e-02	7.609879e-02	2.755891e-03	2.585456e-01	1.542519e-01	7.384195e-03	3.348182e-02	1.683390e-03	4.933504e+04	4.490831e+04
13	3906.481505	3.926122e-04	3.657933e-04	2.814533e-01	2.032107e-01	4.525738e-03	2.558616e-01	7.330310e-03	8.289131e-02	2.652501e+04	9.806929e+03
13	11783.808235	1.056009e-02	7.826606e-07	2.909554e-01	1.244277e-01	2.009692e-01	6.716099e-02	1.439706e-01	9.816242e-02	3.234846e+03	2.347578e+04
13	11985.032100	2.005004e-04	2.174862e-06	2.588537e-01	4.296544e-02	1.541719e-01	1.627900e-01	8.985921e-02	1.587582e-01	1.476586e+04	2.234502e+04
13	6939.192899	8.160904e-03	7.803942e-04	1.625708e-01	2.756129e-01	1.360072e-01	5.123012e-04	1.680068e-01	6.839635e-02	4.470505e+04	8.319860e+03
13	15729.517207	3.216795e-22	2.012399e-22	2.089999e-01	2.499998e-02	1.210000e-01	1.900002e-02	3.700000e-02	1.940000e-01	3.104000e+04	1.983100e+04
13	12076.767136	4.939492e-06	3.600813e-06	6.564401e-07	9.266930e-02	2.333425e-02	1.208728e-01	1.335396e-01	1.186323e-01	2.561903e+04	2.407501e+04
13	13045.483254	3.539896e-05	4.282545e-08	1.730194e-01	3.301771e-02	9.603067e-02	8.601928e-02	2.450547e-01	1.640747e-01	1.632900e+04	3.129700e+04
