45	-1.000000	-1.000000e+00	-1.000000e+00	-1.000000e+00	-1.000000e+00	-1.000000e+00	-1.000000e+00	-1.000000e+00	-1.000000e+00	-1.000000e+00	-1.000000e+00
45	-1.000000	-1.000000e+00	-1.000000e+00	-1.000000e+00	-1.000000e+00	-1.000000e+00	-1.000000e+00	-1.000000e+00	-1.000000e+00	-1.000000e+00	-1.000000e+00
45	98794.322561	4.992856e-01	4.825338e-01	1.469824e-03	3.060362e-03	1.635770e-05	2.394910e-05	1.348209e-01	5.188452e-01	5.076183e+04	3.440426e+04
45	168889.633062	2.432442e-02	1.045216e-02	5.235973e-01	2.378341e-01	5.064532e-01	3.837169e-01	8.536397e-02	7.502167e-02	4.022457e+04	1.897382e+03
45	-1.000000	-1.000000e+00	-1.000000e+00	-1.000000e+00	-1.000000e+00	-1.000000e+00	-1.000000e+00	-1.000000e+00	-1.000000e+00	-1.000000e+00	-1.000000e+00
45	19679.483319	1.326507e-06	6.737653e-08	2.467210e-01	1.350708e-01	2.184888e-01	2.570440e-01	1.399704e-01	1.485580e-01	4.001001e+04	2.739602e+04
45	427317.917295	7.393502e-06	1.783140e-08	5.217681e-01	1.562313e-01	1.517223e-01	2.933567e-02	1.080915e-01	1.167297e-01	3.235595e+04	3.554285e+04
45	-1.000000	-1.000000e+00	-1.000000e+00	-1.000000e+00	-1.000000e+00	-1.000000e+00	-1.000000e+00	-1.000000e+00	-1.000000e+00	-1.000000e+00	-1.000000e+00
45	-1.000000	-1.000000e+00	-1.000000e+00	-1.000000e+00	-1.000000e+00	-1.000000e+00	-1.000000e+00	-1.000000e+00	-1.000000e+00	-1.000000e+00	-1.000000e+00
45	11026.577557	3.168355e-01	1.939997e-06	3.728440e-01	1.425218e-01	3.931526e-02	5.173598e-01	4.684587e-01	2.291989e-03	1.108756e+04	1.846045e+04
45	-1.000000	-1.000000e+00	-1.000000e+00	-1.000000e+00	-1.000000e+00	-1.000000e+00	-1.000000e+00	-1.000000e+00	-1.000000e+00	-1.000000e+00	-1.000000e+00
45	-1.000000	-1.000000e+00	-1.000000e+00	-1.000000e+00	-1.000000e+00	-1.000000e+00	-1.000000e+00	-1.000000e+00	-1.000000e+00	-1.000000e+00	-1.000000e+00
45	8932.056896	1.348069e-01	5.435925e-06	4.871799e-01	1.854163e-02	6.578022e-02	3.520836e-01	9.173800e-02	1.187450e-01	1.208899e+04	1.897606e+04
45	-1.000000	-1.000000e+00	-1.000000e+00	-1.000000e+00	-1.000000e+00	-1.000000e+00	-1.000000e+00	-1.000000e+00	-1.000000e+00	-1.000000e+00	-1.000000e+00
45	14793.411579	2.646755e-02	1.201968e-09	3.506008e-01	2.127542e-01	1.089705e-01	9.289627e-02	1.807739e-01	1.947372e-03	1.569302e+04	3.171182e+04
45	20792.172947	1.733991e-02	3.458822e-03	7.702462e-03	4.184443e-02	2.578244e-02	3.084547e-01	1.597960e-01	2.398244e-02	2.292874e+04	2.498000e+04
45	-1.000000	-1.000000e+00	-1.000000e+00	-1.000000e+00	-1.000000e+00	-1.000000e+00	-1.000000e+00	-1.000000e+00	-1.000000e+00	-1.000000e+00	-1.000000e+00
45	-1.000000	-1.000000e+00	-1.000000e+00	-1.000000e+00	-1.000000e+00	-1.000000e+00	-1.000000e+00	-1.000000e+00	-1.000000e+00	-1.000000e+00	-1.000000e+00
45	-1.000000	-1.000000e+00	-1.000000e+00	-1.000000e+00	-1.000000e+00	-1.000000e+00	-1.000000e+00	-1.000000e+00	-1.000000e+00	-1.000000e+00	-1.000000e+00
45	-1.000000	-1.000000e+00	-1.000000e+00	-1.000000e+00	-1.000000e+00	-1.000000e+00	-1.000000e+00	-1.000000e+00	-1.000000e+00	-1.000000e+00	-1.000000e+00
45	-1.000000	-1.000000e+00	-1.000000e+00	-1.000000e+00	-1.000000e+00	-1.000000e+00	-1.000000e+00	-1.000000e+00	-1.000000e+00	-1.000000e+00	-1.000000e+00
45	-1.000000	-1.000000e+00	-1.000000e+00	-1.000000e+00	-1.000000e+00	-1.000000e+00	-1.000000e+00	-1.000000e+00	-1.000000e+00	-1.000000e+00	-1.000000e+00
45	804133.208493	1.324808e-01	3.870258e-03	2.268289e-01	1.803214e-06	9.621161e-04	1.426853e-01	1.166800e-02	1.017703e-01	3.211202e+04	1.957143e+04
45	62503.546169	1.040675e-04	6.434490e-08	2.163188e-02	2.305614e-01	2.447524e-01	5.316054e-02	2.004298e-07	4.364822e-02	3.134498e+04	2.937700e+04
45	-1.000000	-1.000000e+00	-1.000000e+00	-1.000000e+00	-1.000000e+00	-1.000000e+00	-1.000000e+00	-1.000000e+00	-1.000000e+00	-1.000000e+00	-1.000000e+00
45	107965.568177	7.361240e-02	3.422712e-03	5.235974e-01	4.661627e-02	2.772588e-02	2.891679e-07	2.467194e-02	3.982669e-02	3.586212e+04	3.741211e+03
45	-1.000000	-1.000000e+00	-1.000000e+00	-1.000000e+00	-1.000000e+00	-1.000000e+00	-1.000000e+00	-1.000000e+00	-1.000000e+00	-1.000000e+00	-1.000000e+00
45	-1.000000	-1.000000e+00	-1.000000e+00	-1.000000e+00	-1.000000e+00	-1.000000e+00	-1.000000e+00	-1.000000e+00	-1.000000e+00	-1.000000e+00	-1.000000e+00
45	-1.000000	-1.000000e+00	-1.000000e+00	-1.000000e+00	-1.000000e+00	-1.000000e+00	-1.000000e+00	-1.000000e+00	-1.000000e+00	-1.000000e+00	-1.000000e+00
45	-1.000000	-1.000000e+00	-1.000000e+00	-1.000000e+00	-1.000000e+00	-1.000000e+00	-1.000000e+00	-1.000000e+00	-1.000000e+00	-1.000000e+00	-1.000000e+00
45	242770.610352	4.840639e-01	3.907713e-03	2.133831e-01	4.710633e-02	4.067697e-01	4.193976e-01	4.512013e-05	4.957347e-01	4.602972e+04	4.716675e+04
45	-1.000000	-1.000000e+00	-1.000000e+00	-1.000000e+00	-1.000000e+00	-1.000000e+00	-1.000000e+00	-1.000000e+00	-1.000000e+00	-1.000000e+00	-1.000000e+00
45	-1.000000	-1.000000e+00	-1.000000e+00	-1.000000e+00	-1.000000e+00	-1.000000e+00	-1.000000e+00	-1.000000e+00	-1.000000e+00	-1.000000e+00	-1.000000e+00
45	-1.000000	-1.000000e+00	-1.000000e+00	-1.000000e+00	-1.000000e+00	-1.000000e+00	-1.000000e+00	-1.000000e+00	-1.000000e+00	-1.000000e+00	-1.000000e+00
45	-1.000000	-1.000000e+00	-1.000000e+00	-1.000000e+00	-1.000000e+00	-1.000000e+00	-1.000000e+00	-1.000000e+00	-1.000000e+00	-1.000000e+00	-1.000000e+00
45	-1.000000	-1.000000e+00	-1.000000e+00	-1.000000e+00	-1.000000e+00	-1.000000e+00	-1.000000e+00	-1.000000e+00	-1.000000e+00	-1.000000e+00	-1.000000e+00
45	18632.138998	2.314240e-02	1.211311e-06	2.547664e-01	2.670359e-01	8.589126e-02	7.173042e-09	4.751534e-03	9.894825e-02	1.715195e+04	2.167195e+04
45	100204.005001	1.081702e-03	2.471153e-04	1.138630e-01	1.177363e-01	2.780650e-02	2.064229e-01	1.518239e-01	1.272272e-01	2.866705e+04	2.936101e+04
45	-1.000000	-1.000000e+00	-1.000000e+00	-1.000000e+00	-1.000000e+00	-1.000000e+00	-1.000000e+00	-1.000000e+00	-1.000000e+00	-1.000000e+00	-1.000000e+00
45	-1.000000	-1.000000e+00	-1.000000e+00	-1.000000e+00	-1.000000e+00	-1.000000e+00	-1.000000e+00	-1.000000e+00	-1.000000e+00	-1.000000e+00	-1.000000e+00
45	-1.000000	-1.000000e+00	-1.000000e+00	-1.000000e+00	-1.000000e+00	-1.000000e+00	-1.000000e+00	-1.000000e+00	-1.000000e+00	-1.000000e+00	-1.000000e+00
45	-1.000000	-1.000000e+00	-1.000000e+00	-1.000000e+00	-1.000000e+00	-1.000000e+00	-1.000000e+00	-1.000000e+00	-1.000000e+00	-1.000000e+00	-1.000000e+00
45	148779.033440	3.714209e-06	9.116218e-09	1.739992e-01	2.399933e-02	3.499730e-02	1.370035e-01	1.360019e-01	9.599467e-02	4.294300e+04	5.402100e+04
45	-1.000000	-1.000000e+00	-1.000000e+00	-1.000000e+00	-1.000000e+00	-1.000000e+00	-1.000000e+00	-1.000000e+00	-1.000000e+00	-1.000000e+00	-1.000000e+00
45	-1.000000	-1.000000e+00	-1.000000e+00	-1.000000e+00	-1.000000e+00	-1.000000e+00	-1.000000e+00	-1.000000e+00	-1.000000e+00	-1.000000e+00	-1.000000e+00
45	22724.415936	2.505376e-01	2.039826e-06	2.473170e-01	2.771546e-01	6.363581e-02	3.790862e-05	3.444335e-02	5.567669e-05	1.181419e+04	2.049804e+04
45	-1.000000	-1.000000e+00	-1.000000e+00	-1.000000e+00	-1.000000e+00	-1.000000e+00	-1.000000e+00	-1.000000e+00	-1.000000e+00	-1.000000e+00	-1.000000e+00
45	650624.913256	1.223789e-01	2.264489e-02	1.802785e-01	7.619777e-10	4.537983e-10	1.092850e-01	2.353127e-02	4.444642e-02	3.330912e+04	1.540292e+04
45	-1.000000	-1.000000e+00	-1.000000e+00	-1.000000e+00	-1.000000e+00	-1.000000e+00	-1.000000e+00	-1.000000e+00	-1.000000e+00	-1.000000e+00	-1.000000e+00
45	471040.219908	8.305184e-01	2.049584e-07	5.235997e-01	4.459925e-01	6.384367e-03	5.235791e-01	4.708168e-01	5.164733e-01	4.578383e+03	8.006572e+03
