55	5021.997215	6.370844e-03	7.323821e-06	2.121921e-02	9.070358e-02	1.246398e-01	2.412462e-01	7.021078e-07	9.073649e-02	4.014999e+03	1.877900e+04
55	5057.423780	4.730402e+00	1.103546e-03	3.335602e-01	7.039492e-02	6.156008e-02	1.415378e-01	7.852038e-02	2.610657e-03	5.837345e+04	5.708267e+04
55	4911.828205	2.288123e-04	1.125338e-06	1.580186e-01	1.967415e-02	2.654970e-03	6.817468e-02	6.730395e-02	3.731136e-02	1.278699e+04	2.462703e+04
55	5914.376356	1.582844e-05	1.582825e-05	1.190398e-01	1.246936e-01	2.277925e-01	8.021577e-02	2.184296e-03	1.304427e-01	1.760511e+04	3.791162e+03
55	-1.000000	-1.000000e+00	-1.000000e+00	-1.000000e+00	-1.000000e+00	-1.000000e+00	-1.000000e+00	-1.000000e+00	-1.000000e+00	-1.000000e+00	-1.000000e+00
55	5066.538916	5.342789e-07	2.900107e-08	2.463166e-01	1.280667e-08	2.401251e-01	1.024579e-01	1.023017e-01	9.212323e-02	2.419997e+04	3.060902e+04
55	4310.675551	8.973005e-01	1.024277e-03	1.558977e-01	3.398401e-01	3.850668e-01	6.123036e-03	3.005014e-02	5.487613e-02	5.313321e+04	7.290704e+03
55	4965.875484	1.517408e-02	1.517399e-02	3.423822e-02	3.801266e-03	1.500988e-02	1.926565e-01	2.795708e-02	8.200824e-02	5.618366e+04	4.968459e+04
55	5633.802121	3.003199e-05	1.625770e-05	5.640119e-02	1.768755e-01	3.879719e-01	1.708957e-01	2.099182e-01	1.217465e-01	1.441512e+04	1.672723e+03
55	5928.446879	2.061422e-09	2.060719e-09	1.610076e-01	1.709945e-01	2.439968e-01	3.099942e-02	2.029888e-01	4.700180e-02	3.807800e+04	2.116600e+04
55	5285.108784	3.115616e-06	5.973256e-12	1.229958e-01	2.379841e-01	7.599511e-02	2.898206e-02	1.169885e-01	1.099963e-01	2.144600e+04	4.929200e+04
55	974419.096488	2.139360e-03	1.021161e-03	3.642922e-04	6.552051e-02	8.474808e-02	9.981576e-02	2.146311e-01	2.055463e-01	5.715608e+04	2.376690e+04
55	-1.000000	-1.000000e+00	-1.000000e+00	-1.000000e+00	-1.000000e+00	-1.000000e+00	-1.000000e+00	-1.000000e+00	-1.000000e+00	-1.000000e+00	-1.000000e+00
55	3383.280249	6.101202e-03	6.100048e-03	1.913896e-01	3.042741e-01	4.654915e-01	6.594327e-02	3.858809e-04	1.465761e-07	5.167784e+04	2.789262e+03
55	5324.972789	5.585476e-03	4.143073e-08	2.065619e-01	2.837939e-01	2.522197e-01	1.844844e-01	9.106152e-02	9.498658e-02	2.439942e+02	2.639512e+04
55	6439.749921	2.612426e-19	1.302869e-19	1.179604e-01	6.199565e-02	5.898683e-02	2.350480e-01	1.319187e-01	1.490621e-01	3.109900e+04	2.346100e+04
55	5729.414496	3.637107e-05	1.860528e-08	1.545271e-06	1.771698e-01	2.567551e-01	1.237025e-02	1.973929e-01	1.508449e-01	1.547494e+04	3.855045e+03
55	4482.002809	1.666079e-06	1.663506e-06	2.279894e-01	6.817822e-02	9.932655e-03	2.075568e-01	1.108588e-02	1.273836e-01	2.996802e+04	2.639296e+04
55	-1.000000	-1.000000e+00	-1.000000e+00	-1.000000e+00	-1.000000e+00	-1.000000e+00	-1.000000e+00	-1.000000e+00	-1.000000e+00	-1.000000e+00	-1.000000e+00
55	4873.914728	1.077698e-01	6.070848e-02	1.592505e-01	1.279901e-01	7.186975e-08	1.834277e-01	5.665985e-08	1.979330e-01	4.488354e+04	4.616218e+04
55	10970.903638	6.682115e-07	3.287788e-08	2.086426e-01	1.163284e-01	2.236352e-01	1.147559e-01	2.024938e-01	3.333796e-02	3.977498e+04	3.214499e+04
55	-1.000000	-1.000000e+00	-1.000000e+00	-1.000000e+00	-1.000000e+00	-1.000000e+00	-1.000000e+00	-1.000000e+00	-1.000000e+00	-1.000000e+00	-1.000000e+00
55	25524.636267	8.211934e-01	8.175586e-01	1.572243e-03	1.025566e-02	1.391699e-08	5.236000e-01	6.785876e-03	1.977301e-01	5.504503e+04	3.594682e+04
55	-1.000000	-1.000000e+00	-1.000000e+00	-1.000000e+00	-1.000000e+00	-1.000000e+00	-1.000000e+00	-1.000000e+00	-1.000000e+00	-1.000000e+00	-1.000000e+00
55	33278.077429	2.189418e-08	2.189418e-08	8.999880e-03	1.860001e-01	1.200000e-01	2.310001e-01	4.700012e-02	6.000029e-03	4.883900e+04	2.020800e+04
55	5053.617397	1.107709e-01	4.780272e-06	1.990337e-01	3.031679e-02	1.207348e-01	9.154154e-06	1.101632e-01	8.320577e-02	4.663105e+04	1.943305e+04
55	5224.470282	9.490755e-09	1.232788e-09	3.999939e-02	3.000017e-02	1.699997e-01	1.090003e-01	1.070006e-01	4.900034e-02	3.433500e+04	3.888300e+04
55	33303.340724	5.268696e-07	2.940511e-10	9.225152e-02	8.144194e-02	2.445128e-01	8.897057e-02	1.686179e-02	4.540870e-02	4.204116e+04	2.243506e+04
55	-1.000000	-1.000000e+00	-1.000000e+00	-1.000000e+00	-1.000000e+00	-1.000000e+00	-1.000000e+00	-1.000000e+00	-1.000000e+00	-1.000000e+00	-1.000000e+00
55	4758.509667	1.813045e+00	1.785915e+00	2.856143e-01	5.222179e-02	1.060462e-01	2.768378e-01	7.416047e-03	2.340779e-01	5.554273e+04	3.840470e+04
55	5186.651143	2.799699e-08	1.696680e-08	1.799976e-01	1.229971e-01	1.559966e-01	5.600440e-02	1.010061e-01	2.199925e-01	3.052700e+04	3.164300e+04
55	5921.377457	5.429149e-07	5.140941e-07	1.638452e-04	1.646837e-01	2.463613e-01	5.459097e-02	2.013395e-01	1.895792e-01	2.542802e+04	1.328098e+04
55	5977.275801	1.866790e-07	9.058389e-10	6.277228e-02	2.033235e-01	1.214548e-01	2.329217e-01	7.046009e-02	1.724780e-01	2.875200e+04	1.338799e+04
55	124110.963284	5.606260e-07	9.967573e-09	8.668761e-02	7.035618e-02	1.057308e-01	4.899253e-02	1.615632e-01	3.493482e-02	4.128695e+04	3.852800e+04
55	4777.438228	6.132745e-01	4.158331e-01	3.747744e-01	1.283065e-04	2.912353e-03	4.466267e-03	3.597396e-03	3.848890e-03	5.135605e+04	4.205689e+04
55	4781.399269	3.919171e-03	6.894335e-05	4.095102e-02	9.319930e-02	2.127576e-01	1.084955e-08	3.137527e-02	5.140490e-02	4.085014e+03	1.308803e+04
55	5216.829705	2.419407e-05	4.469041e-08	7.100363e-02	2.019915e-01	2.189947e-01	1.379997e-01	2.489973e-01	8.997446e-02	1.451700e+04	2.854200e+04
55	-1.000000	-1.000000e+00	-1.000000e+00	-1.000000e+00	-1.000000e+00	-1.000000e+00	-1.000000e+00	-1.000000e+00	-1.000000e+00	-1.000000e+00	-1.000000e+00
55	533551.943907	9.599994e-01	9.457583e-02	1.542303e-03	1.624492e-06	3.196746e-07	5.055953e-07	1.932823e-05	2.624221e-03	5.707843e+04	1.233704e+04
55	5495.174793	3.259751e-05	2.957504e-05	1.165185e-01	2.280969e-01	6.531283e-07	2.157371e-01	2.300639e-01	7.099417e-02	1.752992e+04	1.105106e+04
55	4960.004827	3.873926e-02	9.937867e-03	1.109433e-05	1.857333e-01	5.169502e-02	7.223330e-03	2.298905e-03	7.177728e-02	4.779824e+04	5.082959e+04
55	6431.546745	6.512774e-19	4.658139e-19	1.200000e-01	1.600006e-02	6.599998e-02	6.999987e-02	9.499963e-02	8.000062e-02	2.995600e+04	2.395900e+04
55	-1.000000	-1.000000e+00	-1.000000e+00	-1.000000e+00	-1.000000e+00	-1.000000e+00	-1.000000e+00	-1.000000e+00	-1.000000e+00	-1.000000e+00	-1.000000e+00
55	5719.261495	1.077549e-07	1.077549e-07	1.090005e-01	2.349995e-01	2.060022e-01	2.100037e-02	2.269997e-01	1.019994e-01	2.921200e+04	6.546000e+03
55	5598.859966	6.759071e-07	1.901577e-10	1.600703e-01	2.412611e-01	1.470699e-01	5.902271e-02	2.973825e-03	1.810796e-01	2.515600e+04	1.646000e+03
55	-1.000000	-1.000000e+00	-1.000000e+00	-1.000000e+00	-1.000000e+00	-1.000000e+00	-1.000000e+00	-1.000000e+00	-1.000000e+00	-1.000000e+00	-1.000000e+00
55	55723.948047	8.765021e-07	8.750074e-07	1.640927e-01	1.270264e-01	1.149284e-01	2.298259e-02	1.009366e-01	1.196549e-02	4.108400e+04	1.193600e+04
55	3833.713226	4.784094e-03	4.784033e-03	3.246483e-01	2.560721e-01	4.858631e-01	2.619914e-05	3.322251e-02	7.320315e-02	5.492347e+04	3.319404e+03
55	-1.000000	-1.000000e+00	-1.000000e+00	-1.000000e+00	-1.000000e+00	-1.000000e+00	-1.000000e+00	-1.000000e+00	-1.000000e+00	-1.000000e+00	-1.000000e+00
55	4435.368469	2.474146e-01	1.755078e-04	2.623061e-01	8.586210e-02	3.261449e-01	4.337322e-01	3.986584e-01	2.266060e-01	4.046978e+04	8.459060e+03
