47	432672.471643	2.590808e-01	1.159238e-03	5.642247e-05	1.408843e-02	4.136338e-03	6.532317e-02	1.569073e-01	2.419332e-04	5.481314e+04	2.333903e+04
47	10058.474164	1.023295e-05	8.913555e-07	1.295243e-01	1.700537e-01	2.400124e-01	9.323780e-02	1.780826e-01	1.443903e-01	3.398694e+04	2.308001e+04
47	78701.082324	1.121040e-06	1.121012e-06	1.318970e-01	6.809623e-02	1.254663e-01	1.918042e-01	1.585238e-01	1.259453e-01	3.980804e+04	9.042997e+03
47	6968.689152	5.891474e-01	1.338707e-02	2.777608e-01	9.826523e-02	3.282440e-02	9.437713e-02	1.917598e-04	4.069895e-03	4.712266e+04	4.937955e+04
47	6430.175564	1.040525e-06	1.679470e-07	9.228234e-02	1.205223e-01	2.170317e-03	3.252657e-02	1.841692e-01	1.434903e-01	2.374205e+04	2.760197e+04
47	6545.900476	2.866762e-06	2.040871e-08	1.923162e-01	2.563243e-01	4.123496e-02	2.040370e-01	1.914793e-01	1.003663e-08	2.116901e+04	3.102699e+04
47	499270.670643	8.266540e-05	8.264432e-05	1.188173e-01	6.675918e-02	1.888114e-01	9.849080e-02	7.389127e-05	7.453195e-02	5.945508e+04	2.927995e+04
47	6182.893555	1.785262e-04	1.111732e-07	2.840257e-01	4.282079e-02	1.611861e-01	3.028876e-06	3.738619e-03	9.868289e-02	1.349996e+04	2.861398e+04
47	5853.866305	2.247159e-02	3.429877e-04	7.950347e-02	2.521422e-01	7.297955e-08	1.439338e-01	4.519594e-02	2.263254e-02	4.054976e+02	9.664022e+03
47	7706.309663	5.870307e-05	2.307353e-08	2.486319e-01	1.859965e-01	1.989343e-01	1.336357e-01	1.911154e-01	1.310212e-03	2.991500e+04	5.882996e+03
47	6718.648064	5.933350e-09	3.121446e-10	9.999683e-04	9.299996e-02	1.170000e-01	7.099999e-02	3.299998e-02	1.340000e-01	3.602100e+04	4.258300e+04
47	7022.561580	3.451128e-11	7.069701e-13	2.100000e-01	9.998236e-04	1.630000e-01	1.000000e-01	3.499998e-02	2.079999e-01	4.680000e+04	5.546300e+04
47	353313.114870	3.755606e-01	6.096862e-02	2.400794e-02	6.970365e-04	1.417665e-07	2.331195e-01	5.870836e-03	8.549300e-03	4.995419e+04	1.361756e+04
47	6141.543388	4.691616e-04	1.829478e-06	1.077908e-01	1.115732e-01	2.293761e-01	1.281932e-01	6.698461e-02	1.093438e-01	9.254052e+03	2.161398e+04
47	9137.746403	6.530579e-22	2.712278e-22	7.799969e-02	6.700036e-02	1.620000e-01	2.799966e-02	2.490001e-01	3.199979e-02	2.961400e+04	1.073500e+04
47	6192.234996	4.074365e-04	3.982610e-04	2.212770e-01	2.272354e-01	1.282507e-01	3.286136e-03	6.277120e-02	9.660025e-02	1.110378e+04	5.633963e+03
47	6000.187152	8.331232e-04	6.183072e-05	1.569154e-01	1.645799e-01	2.524964e-01	1.932002e-02	2.859414e-03	1.105649e-01	7.435928e+03	1.303504e+04
47	28569.672113	1.649063e-07	3.557056e-12	3.399965e-02	1.639996e-01	1.649996e-01	1.870000e-01	1.749997e-01	2.480001e-01	4.358500e+04	5.255600e+04
47	46950.238631	5.665433e-09	5.665368e-09	1.399999e-02	2.800002e-02	2.450001e-01	1.350000e-01	1.180000e-01	8.500000e-02	5.116000e+04	2.491300e+04
47	6549.840820	4.640541e-08	1.183296e-08	1.939997e-01	1.819998e-01	2.219995e-01	4.999744e-03	1.800003e-01	2.100023e-02	2.965400e+04	3.269900e+04
47	6454.977194	4.576476e-02	1.670962e-05	5.651261e-03	7.112566e-02	2.393196e-02	2.125901e-01	1.439273e-01	6.334445e-04	3.850198e+02	1.802204e+04
47	6793.898969	3.711464e-10	1.910932e-11	1.530000e-01	1.460000e-01	2.440000e-01	1.770000e-01	4.099998e-02	5.300000e-02	4.108100e+04	4.769100e+04
47	9098.494341	1.944164e-20	9.404272e-21	2.289994e-01	4.100099e-02	7.800004e-02	1.400015e-01	4.899944e-02	9.995704e-04	2.859900e+04	1.639300e+04
47	6715.990573	7.532971e-01	7.532494e-01	1.748029e-01	7.011283e-04	2.264649e-02	2.532728e-05	1.775517e-01	6.773718e-02	5.259070e+04	3.876937e+04
47	6130.184680	2.723360e-01	1.637412e-05	8.668558e-02	2.047498e-01	1.912837e-01	1.358206e-01	1.934041e-04	9.082202e-02	5.040426e+04	1.761491e+04
47	7023.610146	1.302312e-08	1.301782e-08	1.645151e-01	2.006654e-01	8.985803e-02	2.531945e-01	1.267632e-01	2.033092e-01	3.707100e+04	2.678292e+04
47	15956.659715	2.127555e-08	6.601816e-13	1.479997e-01	2.440001e-01	1.830000e-01	2.479996e-01	5.800007e-02	5.900003e-02	5.012200e+04	5.447000e+04
47	198327.247436	2.868580e-01	6.950693e-02	5.744375e-05	4.801022e-02	3.458856e-07	1.074684e-01	1.160070e-02	1.323918e-02	3.361975e+04	1.388375e+04
47	344598.678394	5.624071e-01	5.584077e-01	3.772117e-06	8.729449e-05	5.108912e-03	1.452138e-01	2.173703e-04	3.714936e-05	5.563344e+04	8.249569e+03
47	464984.459664	3.656380e-04	1.195517e-04	6.519534e-02	1.290159e-01	7.891980e-02	8.160344e-02	1.624555e-01	1.309332e-01	4.927598e+04	2.911217e+04
47	6329.965956	4.915830e-02	1.114986e-06	7.241382e-02	1.363423e-09	1.963100e-02	1.098593e-01	1.928535e-01	1.749653e-02	5.763105e+04	2.307101e+04
47	6989.048637	1.071290e-02	1.054768e-02	1.798116e-01	1.459762e-03	5.806088e-02	1.217527e-01	1.485810e-01	6.069778e-02	5.914130e+04	4.961442e+04
47	-1.000000	-1.000000e+00	-1.000000e+00	-1.000000e+00	-1.000000e+00	-1.000000e+00	-1.000000e+00	-1.000000e+00	-1.000000e+00	-1.000000e+00	-1.000000e+00
47	9484.800657	4.154635e-07	5.643030e-13	2.380000e-01	1.020000e-01	2.170000e-01	1.839999e-01	1.400002e-01	1.630002e-01	4.131100e+04	5.600300e+04
47	6367.863049	3.086729e-06	2.217308e-08	1.402128e-01	1.318317e-01	1.638642e-01	5.413787e-04	1.234480e-01	3.685651e-02	2.123600e+04	3.219800e+04
47	6410.903777	1.261769e-03	3.740729e-06	1.114096e-02	2.317546e-01	1.013416e-01	2.618422e-01	2.457678e-01	3.880654e-02	6.828991e+03	1.900798e+04
47	6336.832746	2.513154e-02	2.171616e-07	9.812752e-02	1.716245e-01	1.872056e-01	4.399660e-02	1.235961e-01	2.692504e-08	5.343499e+04	2.742606e+04
47	-1.000000	-1.000000e+00	-1.000000e+00	-1.000000e+00	-1.000000e+00	-1.000000e+00	-1.000000e+00	-1.000000e+00	-1.000000e+00	-1.000000e+00	-1.000000e+00
47	9095.549020	1.416640e-21	1.181293e-21	8.899746e-02	3.500414e-02	5.599596e-02	1.809982e-01	1.540027e-01	6.099034e-02	2.295500e+04	6.815000e+03
47	6364.178002	2.138280e-05	8.423387e-07	3.244377e-02	5.156777e-02	1.361802e-01	1.143218e-01	1.343895e-01	1.654276e-01	1.662599e+04	2.382501e+04
47	-1.000000	-1.000000e+00	-1.000000e+00	-1.000000e+00	-1.000000e+00	-1.000000e+00	-1.000000e+00	-1.000000e+00	-1.000000e+00	-1.000000e+00	-1.000000e+00
47	134411.302469	2.148854e-05	1.395944e-06	1.076386e-01	5.070363e-02	1.573984e-09	9.361681e-02	1.504085e-01	1.993202e-01	3.275299e+04	5.171028e+03
47	4654.356846	1.049670e-03	4.011891e-06	1.359235e-01	2.595282e-01	2.040028e-01	2.389779e-01	1.770514e-02	2.290516e-01	5.100703e+04	1.983500e+04
47	6811.187960	8.821864e-09	7.775940e-10	9.600000e-02	8.199993e-02	2.020000e-01	1.399986e-02	2.240002e-01	1.889999e-01	3.333400e+04	3.874600e+04
47	6129.813020	5.494235e-05	2.429502e-06	7.468915e-02	1.331616e-01	1.625131e-01	1.186283e-01	3.901855e-02	8.579750e-02	1.467300e+04	2.162195e+04
47	105241.159864	1.375586e-06	8.285190e-12	2.599964e-02	1.029989e-01	5.999956e-02	3.399977e-02	9.699993e-02	2.480004e-01	3.900100e+04	5.235300e+04
47	6587.678484	4.863550e-06	6.710773e-09	2.788675e-02	1.521386e-01	2.090871e-01	2.129070e-01	4.706986e-02	2.460511e-01	1.908700e+04	3.376200e+04
47	7091.816694	1.525819e+00	1.522885e+00	9.450631e-02	2.069336e-07	1.363991e-05	5.235996e-01	9.535515e-02	1.975746e-01	5.374315e+04	3.634491e+04
47	6553.617122	7.499995e-07	2.024331e-10	2.000009e-01	1.279998e-01	1.299996e-01	4.100099e-02	2.999315e-03	9.099971e-02	2.543400e+04	4.324100e+04
47	3921.482141	5.896055e-03	1.604061e-03	2.152583e-01	2.647368e-01	7.200634e-04	1.276347e-01	1.145961e-01	6.955189e-02	4.586792e+04	6.525213e+03
