6	4141.975495	7.484637e-02	2.714283e-03	1.960249e-01	6.134365e-02	3.078466e-05	3.757064e-04	2.397748e-01	1.192997e-01	5.280223e+04	5.417865e+04
6	2991.381641	1.232988e-02	5.301640e-05	4.640792e-02	3.529332e-01	1.332704e-01	3.960977e-01	2.082903e-01	8.665574e-05	4.613556e+04	1.213895e+04
6	4221.306521	1.386097e-03	1.369004e-03	4.771982e-01	1.824698e-01	4.627389e-01	3.300004e-03	1.893440e-01	2.059131e-01	5.590606e+04	2.187641e+03
6	4044.765996	5.865534e-01	9.682554e-03	3.812741e-01	2.043030e-02	8.324620e-03	3.521767e-07	8.721041e-02	4.369031e-02	4.906440e+04	5.141299e+04
6	-1.000000	-1.000000e+00	-1.000000e+00	-1.000000e+00	-1.000000e+00	-1.000000e+00	-1.000000e+00	-1.000000e+00	-1.000000e+00	-1.000000e+00	-1.000000e+00
6	3893.893633	1.399660e+00	1.357560e+00	3.253177e-06	1.089077e-01	2.694272e-07	4.020459e-01	1.067086e-01	2.504679e-01	5.262349e+04	3.809950e+04
6	2669.650832	1.241710e-01	1.519172e-03	1.735378e-08	4.111147e-01	1.492359e-01	9.504434e-03	1.854685e-04	9.491318e-03	4.116599e+04	5.326913e+03
6	5412.389942	2.832803e-08	1.447450e-09	1.309997e-01	6.799980e-02	8.299965e-02	1.950006e-01	2.260004e-01	9.500024e-02	3.010800e+04	3.673500e+04
6	4997.573499	2.430501e-03	5.709290e-04	2.971747e-01	1.584059e-01	2.493894e-02	9.639568e-02	1.552456e-01	1.343518e-01	4.532873e+03	6.788435e+03
6	5286.637976	4.304845e-08	4.238048e-08	2.254327e-01	3.615542e-04	1.972908e-01	1.547084e-01	9.470452e-02	2.239271e-01	2.925601e+04	2.852099e+04
6	2587.277764	5.724987e-01	1.907248e-03	1.640031e-01	3.893937e-01	1.703921e-02	2.669294e-02	4.579069e-06	1.304414e-02	3.735306e+04	4.753434e+03
6	5532.334033	5.242012e-03	2.439695e-08	2.148549e-01	1.084711e-02	7.103442e-03	2.393151e-01	2.085275e-01	4.457533e-02	3.892012e+03	3.090000e+04
6	-1.000000	-1.000000e+00	-1.000000e+00	-1.000000e+00	-1.000000e+00	-1.000000e+00	-1.000000e+00	-1.000000e+00	-1.000000e+00	-1.000000e+00	-1.000000e+00
6	3782.509694	6.278529e-01	6.278529e-01	3.767900e-01	1.585456e-05	2.490759e-03	9.834705e-03	5.636658e-09	1.565660e-01	4.928678e+04	4.090510e+04
6	4318.729653	1.268091e-02	2.016804e-03	7.835378e-03	3.390797e-01	1.636633e-01	1.643366e-01	4.751483e-02	3.309197e-03	5.241587e+04	5.637305e+04
6	5591.578054	7.610449e-08	2.711262e-12	6.999999e-02	8.699986e-02	1.010000e-01	4.499992e-02	3.399988e-02	1.690002e-01	2.900100e+04	5.182400e+04
6	765429.696845	6.315837e-03	5.878263e-03	6.662138e-06	3.509932e-02	6.567653e-04	6.980995e-02	2.339418e-02	1.525959e-02	5.743285e+04	1.866460e+04
6	5494.392273	7.576384e-03	4.455596e-07	4.310542e-05	8.086658e-02	1.486804e-01	1.577678e-01	1.308691e-01	1.524246e-01	6.539874e+02	2.236004e+04
6	792636.375069	1.399051e-02	1.151049e-02	6.828667e-02	2.063871e-02	5.942165e-02	2.840728e-01	4.961624e-03	1.357045e-03	4.948412e+04	1.704511e+04
6	2693.292419	2.709948e-01	8.918706e-03	2.506367e-04	4.008470e-01	2.171407e-01	1.011136e-04	4.975690e-02	4.649846e-05	3.964782e+04	1.017765e+03
6	4088.951906	6.799594e-01	5.189971e-03	2.809095e-01	5.699423e-02	8.474373e-03	1.352905e-01	4.123018e-05	1.173713e-01	5.238272e+04	5.277579e+04
6	4964.624785	7.541811e-04	2.172244e-04	1.473305e-01	2.337825e-01	1.686948e-01	1.103177e-01	7.645420e-02	4.610531e-02	6.207159e+03	8.964039e+03
6	-1.000000	-1.000000e+00	-1.000000e+00	-1.000000e+00	-1.000000e+00	-1.000000e+00	-1.000000e+00	-1.000000e+00	-1.000000e+00	-1.000000e+00	-1.000000e+00
6	-1.000000	-1.000000e+00	-1.000000e+00	-1.000000e+00	-1.000000e+00	-1.000000e+00	-1.000000e+00	-1.000000e+00	-1.000000e+00	-1.000000e+00	-1.000000e+00
6	727814.440090	7.626474e-01	1.145074e-01	2.723278e-04	6.454122e-03	7.389584e-07	1.419524e-02	1.185007e-03	6.354958e-04	5.305355e+04	1.152014e+04
6	3891.897099	1.623442e-01	1.177481e-01	3.955299e-01	1.438343e-03	3.488501e-04	6.818393e-03	2.261787e-06	3.817636e-06	5.234298e+04	4.515937e+04
6	3094.925888	1.615661e-02	5.052252e-03	4.628146e-01	1.980647e-02	8.806919e-03	2.586768e-01	1.121860e-01	2.813921e-02	1.373974e+04	4.486595e+03
6	5304.873580	6.646882e-07	2.037090e-08	1.550018e-01	7.600193e-02	1.100112e-02	2.330039e-01	1.239935e-01	1.400060e-01	2.350100e+04	3.126700e+04
6	-1.000000	-1.000000e+00	-1.000000e+00	-1.000000e+00	-1.000000e+00	-1.000000e+00	-1.000000e+00	-1.000000e+00	-1.000000e+00	-1.000000e+00	-1.000000e+00
6	48397.402482	4.944236e-07	1.170789e-12	7.699993e-02	2.189998e-01	3.099983e-02	1.549999e-01	1.350000e-01	1.139999e-01	4.139000e+04	5.609800e+04
6	6258.275933	2.396442e-21	1.916645e-21	6.599966e-02	1.580002e-01	5.300007e-02	3.799947e-02	1.389998e-01	2.019996e-01	3.004400e+04	1.672800e+04
6	5335.012067	4.849240e-04	4.759011e-04	1.928082e-01	1.905613e-01	2.281792e-01	1.305588e-01	1.490943e-01	6.478569e-02	8.882966e+03	1.758965e+03
6	5261.272031	8.779560e-06	6.588417e-09	1.242570e-01	2.354440e-01	2.220328e-01	7.488863e-02	4.868799e-02	2.323355e-01	1.620001e+04	3.218198e+04
6	3807.111730	1.361624e+00	4.321575e-01	3.662257e-01	2.636568e-08	2.633472e-06	1.836851e-03	1.208521e-07	1.672352e-01	4.488237e+04	4.182343e+04
6	-1.000000	-1.000000e+00	-1.000000e+00	-1.000000e+00	-1.000000e+00	-1.000000e+00	-1.000000e+00	-1.000000e+00	-1.000000e+00	-1.000000e+00	-1.000000e+00
6	5256.487633	2.372988e-05	2.775776e-08	1.079955e-01	1.359902e-01	7.901282e-02	2.200377e-02	7.000620e-02	1.659874e-01	1.553300e+04	3.057600e+04
6	6145.919982	3.033654e-07	5.373362e-09	8.540924e-02	2.011305e-01	4.549068e-02	1.268897e-01	9.168038e-02	1.874162e-01	2.657700e+04	1.110002e+03
6	5085.461239	1.393005e-02	8.755587e-07	1.779999e-01	2.076880e-01	1.068918e-01	6.408176e-02	1.895356e-01	4.689147e-03	7.090067e+02	2.152101e+04
6	-1.000000	-1.000000e+00	-1.000000e+00	-1.000000e+00	-1.000000e+00	-1.000000e+00	-1.000000e+00	-1.000000e+00	-1.000000e+00	-1.000000e+00	-1.000000e+00
6	110534.111232	1.247052e-06	1.245951e-06	2.608768e-02	1.366503e-01	5.440284e-02	2.402551e-01	1.348045e-01	9.411020e-11	3.861600e+04	2.429400e+04
6	5605.440473	4.431724e-06	2.081324e-11	9.483428e-02	2.217899e-01	1.919248e-01	9.236232e-02	2.475256e-01	1.301425e-01	2.072600e+04	4.558049e+03
6	3881.345973	4.099813e-01	1.274960e-01	3.742420e-01	8.791009e-05	7.524384e-05	5.698717e-09	3.730220e-08	1.721019e-01	5.737884e+04	4.489848e+04
6	5422.250140	1.560785e-06	5.988293e-10	1.059944e-01	3.500063e-02	2.420055e-01	1.859997e-01	2.090013e-01	1.439983e-01	2.046700e+04	3.799400e+04
6	136396.391725	2.758172e-07	6.046978e-12	7.599886e-02	6.099969e-02	1.419991e-01	1.499999e-01	1.430000e-01	1.009999e-01	4.221100e+04	5.370600e+04
6	3813.042615	4.224378e-01	4.224000e-01	2.686548e-01	1.535395e-02	4.688426e-04	3.998863e-06	9.223219e-02	2.847363e-01	4.861598e+04	4.160763e+04
6	5408.553501	5.074606e-07	3.366408e-09	1.689947e-01	6.998571e-03	2.299320e-02	9.666049e-04	2.289759e-01	8.397454e-02	2.403600e+04	3.521200e+04
6	3794.718903	6.619276e-01	5.104640e-01	3.681730e-01	7.943190e-08	5.450372e-03	1.273073e-03	5.532062e-04	1.709909e-01	4.975228e+04	4.140458e+04
6	2682.491042	3.086477e-01	5.617671e-04	1.265802e-01	3.646354e-01	9.808728e-02	2.516382e-01	7.483381e-03	1.502629e-01	3.851672e+04	7.110821e+03
6	5449.543859	4.296792e-11	1.816593e-12	5.899961e-02	1.859969e-01	3.599880e-02	1.150033e-01	7.899700e-02	1.150029e-01	4.540400e+04	5.243600e+04
6	-1.000000	-1.000000e+00	-1.000000e+00	-1.000000e+00	-1.000000e+00	-1.000000e+00	-1.000000e+00	-1.000000e+00	-1.000000e+00	-1.000000e+00	-1.000000e+00
