14	-1.000000	-1.000000e+00	-1.000000e+00	-1.000000e+00	-1.000000e+00	-1.000000e+00	-1.000000e+00	-1.000000e+00	-1.000000e+00	-1.000000e+00	-1.000000e+00
14	11649.938226	6.831683e-03	4.746325e-04	2.290720e-01	2.056073e-02	1.230735e-01	1.445537e-01	8.240023e-02	3.160778e-02	9.852013e+03	1.322711e+04
14	17454.376216	8.367036e-14	7.753346e-14	2.001096e-02	4.988648e-03	4.901303e-02	2.029998e-01	2.429835e-01	2.220044e-01	2.129500e+04	1.383100e+04
14	6070.717925	8.393556e-03	3.812832e-03	2.305895e-02	3.267984e-01	1.083364e-01	9.374768e-02	4.277604e-02	2.391027e-01	4.357120e+04	4.825970e+03
14	12634.742051	7.595872e-01	1.526738e-01	5.235866e-01	1.329957e-01	1.990023e-02	2.911304e-02	4.452026e-03	2.814161e-01	4.778559e+04	4.243945e+04
14	12376.165718	9.167275e-01	8.352392e-01	5.234043e-01	1.889068e-01	1.649235e-09	1.747304e-08	1.414843e-01	9.916648e-02	5.532449e+04	3.830142e+04
14	9848.660469	6.706589e-06	1.043101e-06	1.892809e-01	2.196585e-01	3.702509e-02	1.406609e-01	1.801697e-01	8.636522e-02	5.879798e+04	2.430900e+04
14	17454.794037	6.222203e-07	1.927437e-14	5.299995e-02	2.180001e-01	1.560001e-01	2.260000e-01	2.120001e-01	8.999991e-02	4.896000e+03	4.340300e+04
14	4739.332801	3.378940e-03	3.255667e-03	3.000511e-01	2.604802e-01	6.666697e-02	2.255894e-06	1.936287e-01	2.200667e-01	2.036804e+04	3.016901e+01
14	2766.483559	9.571697e-02	1.030126e-02	2.492263e-01	2.626353e-01	1.762910e-02	1.811749e-05	2.735422e-01	2.831200e-02	1.292344e+04	2.366321e+03
14	13113.929526	2.270064e-01	7.469204e-03	3.705040e-01	2.224032e-03	1.256662e-01	2.440266e-01	1.037451e-01	3.127497e-01	4.369424e+04	4.977603e+04
14	12677.370295	5.630802e-01	1.137415e-01	5.235919e-01	1.305750e-01	2.360732e-02	8.244152e-02	6.164587e-03	2.767032e-01	5.350264e+04	4.316815e+04
14	71453.106898	4.837169e-06	2.986838e-07	1.776728e-01	4.378479e-02	6.793351e-02	2.555545e-01	4.082951e-10	9.324312e-02	3.659201e+04	2.979001e+04
14	12564.054317	6.416518e-08	7.093513e-09	1.798820e-01	3.985375e-03	2.523180e-01	2.096975e-01	8.344902e-02	1.797052e-01	4.552503e+04	3.539598e+04
14	64790.960346	1.916313e-06	5.772606e-11	1.910003e-01	1.209990e-01	3.599939e-02	7.000036e-02	1.799981e-02	1.300010e-01	3.978100e+04	4.863700e+04
14	16779.110427	2.363742e-06	9.071534e-08	1.641983e-02	1.141949e-01	1.873930e-01	6.354808e-02	1.110531e-01	2.091910e-01	2.440500e+04	5.286001e+03
14	16590.484788	6.935297e-07	2.477230e-13	6.009107e-02	1.034830e-01	1.909968e-01	2.318903e-01	2.022809e-01	1.671903e-01	2.725000e+04	6.236997e+03
14	13446.303201	1.652505e+00	4.812882e-04	4.551379e-01	1.182795e-01	2.435455e-04	1.705067e-01	6.669305e-02	6.522654e-05	5.612737e+04	5.683542e+04
14	12788.041139	1.314288e-03	8.111869e-09	7.374595e-02	2.435250e-01	1.928465e-01	7.140157e-02	7.567867e-02	1.709166e-01	8.646000e+03	3.301400e+04
14	6786.990102	1.267730e-06	3.262726e-08	1.157718e-01	2.193807e-01	2.403271e-01	1.201028e-01	3.106794e-01	1.656985e-01	3.958197e+04	3.055604e+04
14	-1.000000	-1.000000e+00	-1.000000e+00	-1.000000e+00	-1.000000e+00	-1.000000e+00	-1.000000e+00	-1.000000e+00	-1.000000e+00	-1.000000e+00	-1.000000e+00
14	12210.338619	3.288479e-04	3.265559e-04	1.480982e-01	2.072479e-01	1.125175e-02	1.046323e-01	2.345626e-01	7.258841e-02	1.411694e+04	1.036309e+04
14	11856.165783	1.539143e-02	1.539139e-02	5.235978e-01	1.786277e-01	8.573443e-02	9.101978e-02	9.624159e-02	1.790033e-01	2.394984e+03	2.321400e+02
14	3243.963171	3.706868e-03	3.504360e-03	2.576850e-01	2.213194e-01	4.301308e-02	2.882766e-01	1.800663e-01	2.513234e-03	2.148181e+04	4.444655e+03
14	6650.475536	3.015055e-03	3.015008e-03	1.616784e-01	3.265612e-01	1.428600e-02	5.235403e-01	1.934040e-01	1.281337e-01	4.698852e+04	4.920091e+03
14	10017.395875	5.950303e-06	5.030945e-06	2.842971e-01	1.029516e-02	2.057288e-01	1.856057e-01	6.074016e-09	1.123242e-01	3.629698e+04	1.753700e+04
14	10652.684428	5.197238e-08	2.649915e-13	5.999638e-02	1.829973e-01	2.309989e-01	8.499763e-02	1.359983e-01	4.799754e-02	4.757300e+04	5.924900e+04
14	12536.853641	3.490010e-06	3.112727e-06	2.174656e-01	1.584473e-01	1.270929e-01	1.754324e-01	4.997229e-02	6.545573e-03	2.677201e+04	2.225307e+04
14	11516.046003	4.419614e-03	4.055211e-03	2.407619e-03	3.493848e-01	5.235956e-01	2.964814e-01	1.671740e-01	2.840365e-02	5.935715e+04	5.131064e+03
14	10646.581858	2.563983e-05	2.034088e-05	2.131189e-01	1.420732e-01	1.487828e-01	2.098821e-01	1.004380e-01	1.400129e-08	3.325203e+04	1.849199e+04
14	14030.491537	9.335434e-06	1.435985e-07	1.320009e-01	6.898748e-02	7.498397e-02	7.903167e-02	1.429978e-01	2.310102e-01	1.947500e+04	2.877700e+04
14	12280.601226	1.661385e-04	1.036126e-05	8.729391e-02	1.199069e-01	8.692245e-02	1.524457e-01	6.911135e-02	4.972868e-02	1.807100e+04	2.211900e+04
14	12637.981901	1.257322e-02	1.150972e-04	1.625489e-01	4.943668e-02	1.232918e-01	8.937237e-02	2.015485e-03	1.569847e-01	4.235131e+03	1.434610e+04
14	8502.594716	1.211334e-05	2.056822e-06	1.213273e-01	2.588024e-01	1.536453e-01	1.864836e-02	1.210277e-01	6.793834e-02	3.545004e+04	1.099096e+04
14	11368.153224	3.833148e-01	1.362057e-02	7.810108e-02	5.185913e-01	5.234741e-01	1.381314e-01	1.622325e-06	1.694782e-01	5.573525e+04	2.398837e+03
14	-1.000000	-1.000000e+00	-1.000000e+00	-1.000000e+00	-1.000000e+00	-1.000000e+00	-1.000000e+00	-1.000000e+00	-1.000000e+00	-1.000000e+00	-1.000000e+00
14	14647.907251	1.174903e-06	3.908259e-10	4.400004e-02	1.460003e-01	7.100018e-02	1.300003e-02	5.700006e-02	1.289997e-01	2.534200e+04	4.318700e+04
14	-1.000000	-1.000000e+00	-1.000000e+00	-1.000000e+00	-1.000000e+00	-1.000000e+00	-1.000000e+00	-1.000000e+00	-1.000000e+00	-1.000000e+00	-1.000000e+00
14	11434.761528	3.184232e-01	7.031226e-03	1.732493e-01	5.235996e-01	5.235470e-01	1.978801e-01	1.794990e-01	1.240759e-05	5.023602e+04	3.807006e+03
14	12558.665816	1.678193e-04	6.769943e-05	2.251531e-02	3.853550e-02	2.673608e-01	2.919477e-02	1.400121e-01	7.319689e-03	1.252789e+04	1.453290e+04
14	13362.428263	1.628712e-03	1.241252e-07	7.737099e-02	1.475376e-01	1.187996e-01	1.112254e-01	1.362953e-01	5.609900e-03	9.559001e+03	2.982900e+04
14	5295.067391	9.773299e-01	1.205557e-02	7.980663e-06	3.316501e-01	1.181534e-01	1.134787e-01	2.364236e-01	9.369014e-03	3.195792e+04	2.021090e+03
14	5798.871749	5.343763e-02	3.754330e-03	1.049762e-01	3.152557e-01	7.038266e-02	4.631717e-10	1.767370e-01	1.457013e-01	3.885907e+04	4.911022e+03
14	-1.000000	-1.000000e+00	-1.000000e+00	-1.000000e+00	-1.000000e+00	-1.000000e+00	-1.000000e+00	-1.000000e+00	-1.000000e+00	-1.000000e+00	-1.000000e+00
14	13869.936089	3.612718e-08	2.862993e-08	7.515446e-03	2.755194e-01	2.154394e-01	3.514210e-02	1.717944e-01	6.545320e-02	3.147797e+04	3.129597e+04
14	-1.000000	-1.000000e+00	-1.000000e+00	-1.000000e+00	-1.000000e+00	-1.000000e+00	-1.000000e+00	-1.000000e+00	-1.000000e+00	-1.000000e+00	-1.000000e+00
14	-1.000000	-1.000000e+00	-1.000000e+00	-1.000000e+00	-1.000000e+00	-1.000000e+00	-1.000000e+00	-1.000000e+00	-1.000000e+00	-1.000000e+00	-1.000000e+00
14	16346.153316	1.133892e-06	9.763264e-12	2.000006e-01	1.889996e-01	5.099872e-02	5.299983e-02	1.820001e-01	2.229992e-01	2.062200e+04	4.653400e+04
14	-1.000000	-1.000000e+00	-1.000000e+00	-1.000000e+00	-1.000000e+00	-1.000000e+00	-1.000000e+00	-1.000000e+00	-1.000000e+00	-1.000000e+00	-1.000000e+00
14	13846.690321	8.718424e-07	7.434603e-11	8.900019e-02	2.189995e-01	1.560011e-01	2.600004e-02	2.999986e-03	2.440006e-01	2.860800e+04	4.262200e+04
