33	4818.747195	3.634086e-03	7.050152e-06	4.838596e-02	1.422174e-01	1.404611e-01	7.927743e-02	9.308574e-07	9.309946e-02	4.501957e+03	1.830197e+04
33	4638.309702	9.490114e-02	2.715925e-04	1.220558e-01	9.186163e-02	5.094180e-02	5.771331e-02	5.620250e-02	3.285842e-02	1.000056e+02	1.225299e+04
33	2749.187008	2.465649e-01	2.853203e-03	1.553492e-01	3.220254e-01	2.804955e-10	9.135667e-02	9.916159e-11	1.704868e-01	3.812558e+04	3.560181e+03
33	-1.000000	-1.000000e+00	-1.000000e+00	-1.000000e+00	-1.000000e+00	-1.000000e+00	-1.000000e+00	-1.000000e+00	-1.000000e+00	-1.000000e+00	-1.000000e+00
33	5242.979817	1.386844e-06	1.859731e-11	2.360002e-01	2.059977e-01	7.600060e-02	9.200330e-02	1.610049e-01	2.249999e-01	2.152800e+04	4.600900e+04
33	6449.498208	5.313618e-21	4.135718e-21	1.000359e-03	5.400034e-02	8.999898e-02	1.379958e-01	1.039981e-01	2.429988e-01	2.907000e+04	2.008500e+04
33	5224.637120	1.866031e-12	1.795219e-13	1.510000e-01	1.630000e-01	6.800003e-02	1.849999e-01	2.299999e-02	1.490000e-01	5.365000e+04	5.886700e+04
33	5212.988819	2.018562e-08	2.989620e-12	2.499952e-02	1.349996e-01	1.490002e-01	7.699992e-02	2.900028e-02	1.859995e-01	3.247500e+04	5.212300e+04
33	4931.145226	1.291196e-03	8.121159e-08	1.109253e-01	1.734432e-01	1.228955e-01	9.127673e-02	9.887446e-02	1.908758e-01	6.338995e+03	2.787600e+04
33	5137.770832	2.732865e-06	4.947118e-09	2.430042e-01	4.600317e-02	1.010007e-01	1.930006e-01	1.980017e-01	2.190100e-01	2.016000e+04	3.423000e+04
33	5052.393450	3.923809e-05	7.099171e-09	8.596425e-02	1.209506e-01	1.799603e-01	1.869252e-01	1.951333e-01	3.584805e-02	1.437200e+04	3.357400e+04
33	518594.247496	2.925369e-03	2.925111e-03	3.874895e-02	7.378712e-06	3.444323e-02	1.321350e-01	5.695143e-02	5.112043e-02	4.744993e+04	2.097313e+04
33	5607.608311	3.479918e-06	3.479870e-06	2.247549e-01	4.883158e-02	3.004535e-01	2.558833e-01	2.900339e-01	1.847794e-01	2.148833e+04	3.495039e+03
33	5323.280541	7.822375e-05	6.861428e-05	1.281676e-01	2.123669e-01	2.107969e-01	2.174132e-01	1.629920e-01	2.560650e-01	1.405904e+04	1.706081e+03
33	6498.373474	3.610549e-21	7.583197e-22	1.389998e-01	1.269999e-01	1.230001e-01	1.970001e-01	2.149999e-01	2.059999e-01	2.943800e+04	2.500000e+01
33	-1.000000	-1.000000e+00	-1.000000e+00	-1.000000e+00	-1.000000e+00	-1.000000e+00	-1.000000e+00	-1.000000e+00	-1.000000e+00	-1.000000e+00	-1.000000e+00
33	4675.746359	3.031940e-01	7.923632e-03	2.769220e-01	1.425981e-01	3.288640e-01	8.663560e-02	1.511255e-02	3.214081e-02	5.094312e+04	1.836864e+03
33	4675.644698	5.588754e-01	8.394085e-03	3.688310e-01	1.639138e-01	2.573609e-01	1.600475e-06	2.096085e-07	4.853042e-05	5.354953e+04	1.769994e+03
33	4680.084525	4.223568e-01	4.051547e-02	3.903388e-01	6.025734e-04	7.467007e-04	3.773748e-07	1.495012e-06	1.935454e-01	4.826880e+04	4.768583e+04
33	4814.056648	1.866962e-03	7.577045e-06	9.103947e-02	1.856206e-01	2.128920e-01	9.910847e-03	7.202063e-03	7.773233e-02	4.868003e+03	1.713899e+04
33	5158.643688	1.503141e-09	1.221536e-09	1.431210e-01	2.473826e-01	1.708282e-01	1.451214e-01	2.062585e-01	1.530158e-01	3.664900e+04	3.702400e+04
33	827858.146778	1.191696e-01	3.874788e-04	4.448539e-08	3.375286e-02	1.076411e-01	4.468709e-07	1.008615e-01	1.593487e-01	5.679687e+04	2.598696e+04
33	-1.000000	-1.000000e+00	-1.000000e+00	-1.000000e+00	-1.000000e+00	-1.000000e+00	-1.000000e+00	-1.000000e+00	-1.000000e+00	-1.000000e+00	-1.000000e+00
33	574170.546377	7.598709e-02	7.598708e-02	1.017942e-03	1.509892e-08	3.773493e-03	4.600940e-02	3.046712e-03	4.418684e-09	5.824842e+04	1.309357e+04
33	5196.725714	1.596592e-03	5.586753e-08	5.905149e-02	8.462431e-02	5.935165e-02	9.627122e-02	2.478958e-01	1.221672e-01	6.382003e+03	2.924500e+04
33	-1.000000	-1.000000e+00	-1.000000e+00	-1.000000e+00	-1.000000e+00	-1.000000e+00	-1.000000e+00	-1.000000e+00	-1.000000e+00	-1.000000e+00	-1.000000e+00
33	5369.536180	1.842347e-04	2.573740e-09	7.100689e-02	7.208170e-02	7.602608e-02	1.001267e-01	5.167024e-03	2.160370e-01	1.295400e+04	3.738100e+04
33	5114.044086	9.897284e-08	2.073904e-10	2.688547e-08	2.180012e-01	1.150002e-01	1.839999e-01	2.169994e-01	2.499935e-02	2.784500e+04	4.158900e+04
33	-1.000000	-1.000000e+00	-1.000000e+00	-1.000000e+00	-1.000000e+00	-1.000000e+00	-1.000000e+00	-1.000000e+00	-1.000000e+00	-1.000000e+00	-1.000000e+00
33	5405.572708	6.227119e-11	3.767966e-13	1.300009e-02	2.799984e-02	1.190000e-01	1.640002e-01	2.479998e-01	1.599978e-02	4.544700e+04	5.682800e+04
33	39200.490779	2.376830e-07	2.376811e-07	1.970049e-01	1.800038e-02	1.610032e-01	2.320045e-01	5.200062e-02	1.709464e-10	4.337300e+04	2.736300e+04
33	5353.856312	2.130939e-10	1.896753e-12	4.300001e-02	5.900007e-02	2.110000e-01	2.420000e-01	2.000001e-01	1.640000e-01	4.180900e+04	5.233000e+04
33	-1.000000	-1.000000e+00	-1.000000e+00	-1.000000e+00	-1.000000e+00	-1.000000e+00	-1.000000e+00	-1.000000e+00	-1.000000e+00	-1.000000e+00	-1.000000e+00
33	147089.607300	1.088118e-06	5.746437e-13	5.721879e-03	9.975318e-02	8.577820e-02	2.026300e-01	1.637549e-01	1.084398e-01	3.974801e+04	1.506099e+04
33	12462.720416	4.511865e-07	9.692301e-11	9.800000e-02	5.800000e-02	1.000000e-01	1.920000e-01	1.470000e-01	1.860000e-01	3.294400e+04	4.912800e+04
33	4640.865958	4.380981e-06	6.718788e-07	1.916263e-01	5.429744e-02	1.185218e-01	4.785455e-02	4.880907e-02	4.018720e-03	2.473701e+04	2.657100e+04
33	4972.154357	2.998568e-06	4.869420e-08	1.259795e-01	2.698596e-02	1.090023e-01	1.488681e-01	9.897558e-02	2.696197e-02	2.240600e+04	3.104200e+04
33	5614.925179	2.367090e+00	2.159189e+00	1.235368e-01	5.955906e-03	1.191619e-01	3.383603e-06	3.600454e-01	1.298524e-01	4.492519e+04	3.585445e+04
33	3046.573985	2.100714e-03	7.220383e-04	1.549317e-01	3.020298e-01	3.157286e-02	1.764064e-01	1.287976e-01	1.839100e-01	4.959308e+04	6.399043e+03
33	4880.818674	9.937069e-06	9.072414e-06	2.139538e-01	1.005873e-01	8.062215e-02	2.037052e-01	1.705066e-01	1.332998e-09	2.080798e+04	1.796897e+04
33	4776.678662	3.004398e-03	1.706083e-04	1.758360e-01	1.863798e-01	1.399447e-01	1.981645e-01	5.998049e-02	7.112119e-02	3.732957e+03	1.010087e+04
33	-1.000000	-1.000000e+00	-1.000000e+00	-1.000000e+00	-1.000000e+00	-1.000000e+00	-1.000000e+00	-1.000000e+00	-1.000000e+00	-1.000000e+00	-1.000000e+00
33	15147.917350	1.244669e-06	2.649095e-11	1.010001e-01	1.790024e-01	2.079992e-01	7.000019e-02	2.390013e-01	2.400028e-02	3.925800e+04	4.892600e+04
33	5291.506133	2.991886e-07	2.991885e-07	2.469999e-01	2.219990e-01	5.700095e-02	9.100083e-02	2.600081e-02	1.790007e-01	2.835900e+04	1.838000e+03
33	-1.000000	-1.000000e+00	-1.000000e+00	-1.000000e+00	-1.000000e+00	-1.000000e+00	-1.000000e+00	-1.000000e+00	-1.000000e+00	-1.000000e+00	-1.000000e+00
33	4948.623818	8.455047e-04	8.442098e-04	1.651735e-01	2.493613e-01	1.189459e-01	2.406192e-01	4.983021e-02	6.641842e-02	7.406078e+03	3.851406e+03
33	5107.835121	1.675932e-03	3.117457e-08	3.722163e-02	3.735276e-02	2.045955e-01	8.414059e-02	1.451902e-01	1.932596e-01	5.754002e+03	3.002500e+04
33	2832.617552	5.922637e-02	3.528247e-04	3.606599e-02	3.869434e-01	8.596266e-02	1.449753e-01	7.372896e-02	5.951021e-07	4.235301e+04	9.046759e+03
33	767790.015411	9.101300e-02	3.731130e-04	1.074103e-01	7.125688e-02	6.365049e-02	3.716602e-01	1.073501e-03	3.671225e-02	5.518277e+04	2.582998e+04
33	11331.606147	9.719820e-08	1.827094e-10	2.489998e-01	1.069999e-01	5.599991e-02	1.960001e-01	1.709999e-01	1.359993e-01	3.742700e+04	4.758900e+04
