20	9650.479854	4.726606e-02	5.547282e-04	1.883213e-02	1.079603e-01	1.889878e-01	1.737362e-03	9.465690e-02	6.495888e-02	1.333993e+03	1.092501e+04
20	6478.652532	3.394611e-03	1.749201e-04	1.449676e-01	3.433735e-01	3.003377e-04	5.599342e-05	1.202469e-01	1.544007e-01	4.797904e+04	1.283887e+04
20	5904.027076	6.226235e-06	1.383055e-07	8.970039e-02	2.538778e-01	2.055330e-01	7.569083e-02	3.612495e-02	1.450135e-01	3.688503e+04	2.940897e+04
20	11620.506413	7.459231e-01	1.356872e-02	3.257910e-01	2.330938e-04	3.414146e-03	4.653760e-03	1.769942e-01	4.509569e-02	5.350149e+04	4.908246e+04
20	35837.180928	8.022533e-07	7.804828e-09	6.316239e-02	1.871726e-01	1.057174e-01	8.351808e-02	6.286487e-03	9.705594e-02	3.994000e+04	3.818700e+04
20	12466.591826	4.844550e-08	2.735418e-11	6.000144e-03	6.599980e-02	1.499998e-01	3.199934e-02	1.500062e-02	1.619996e-01	3.387600e+04	5.054200e+04
20	10542.471032	1.026252e-02	3.000755e-05	3.467325e-02	3.986837e-04	1.575624e-01	8.651717e-03	2.132346e-05	6.094532e-02	6.591003e+03	1.923001e+04
20	11358.450119	1.445415e+00	1.243429e+00	3.101274e-01	9.059813e-05	7.675797e-07	3.367873e-05	1.942203e-01	9.453018e-04	4.739318e+04	3.773201e+04
20	43559.717303	2.948789e-06	1.293102e-06	1.661903e-01	1.809612e-01	7.070987e-02	2.732016e-03	2.398497e-01	3.284962e-09	3.835100e+04	1.267800e+04
20	10683.024216	9.075190e-07	4.982518e-10	3.900013e-02	2.370004e-01	1.000036e-02	6.999990e-02	3.899979e-02	1.939996e-01	2.926400e+04	4.320600e+04
20	13913.392107	9.195997e-07	1.046192e-10	7.300000e-02	1.140000e-01	8.700000e-02	2.160000e-01	1.590000e-01	8.600000e-02	3.057800e+04	4.909700e+04
20	225616.447667	1.809480e-02	1.809412e-02	4.546353e-02	2.433713e-02	1.300644e-01	1.575134e-01	1.546880e-07	7.346119e-03	4.616414e+04	1.596497e+04
20	238288.445625	3.046839e-04	2.103517e-04	1.123008e-02	6.031772e-02	1.059333e-01	6.735558e-02	5.421038e-02	1.741591e-01	5.152507e+04	2.752501e+04
20	12608.173668	4.451783e-10	3.702993e-12	6.400021e-02	1.139997e-01	6.300026e-02	2.360004e-01	8.600024e-02	1.810000e-01	4.389500e+04	5.455500e+04
20	9525.327582	5.827711e-02	8.194520e-05	1.649190e-01	1.837005e-01	1.395407e-01	8.003364e-02	7.686524e-02	1.186156e-01	1.098979e+03	1.469105e+04
20	11570.988861	2.104498e-05	1.397264e-08	6.701114e-02	1.340306e-01	3.100180e-02	1.680114e-01	1.570146e-01	2.310029e-01	1.881300e+04	3.511800e+04
20	11300.968417	2.024002e-02	4.699134e-06	1.452951e-01	3.873868e-02	4.272060e-02	3.281938e-01	1.850289e-01	9.732851e-02	3.462936e+03	2.210917e+04
20	14226.357209	1.136432e-02	7.908637e-07	1.163074e-01	8.188500e-02	3.147291e-02	5.033811e-09	2.053186e-01	9.535041e-02	1.870085e+03	2.320107e+04
20	218351.621199	2.488543e-01	3.974354e-02	1.036122e-05	1.498830e-03	4.139304e-06	3.491373e-03	7.403876e-06	1.978569e-04	5.342155e+04	1.411562e+04
20	-1.000000	-1.000000e+00	-1.000000e+00	-1.000000e+00	-1.000000e+00	-1.000000e+00	-1.000000e+00	-1.000000e+00	-1.000000e+00	-1.000000e+00	-1.000000e+00
20	-1.000000	-1.000000e+00	-1.000000e+00	-1.000000e+00	-1.000000e+00	-1.000000e+00	-1.000000e+00	-1.000000e+00	-1.000000e+00	-1.000000e+00	-1.000000e+00
20	-1.000000	-1.000000e+00	-1.000000e+00	-1.000000e+00	-1.000000e+00	-1.000000e+00	-1.000000e+00	-1.000000e+00	-1.000000e+00	-1.000000e+00	-1.000000e+00
20	31583.899623	1.784163e-07	1.770083e-07	9.880013e-02	3.501780e-09	2.322777e-01	1.230609e-01	2.358644e-01	3.114853e-02	4.118499e+04	3.166001e+04
20	5421.459957	2.231551e-03	8.308358e-04	1.224227e-06	2.765329e-01	1.856344e-01	7.873659e-02	1.185655e-01	2.087007e-01	2.252487e+04	8.398688e+03
20	10155.759424	2.036788e-05	6.575634e-06	2.041332e-01	1.785448e-01	1.289379e-07	5.296508e-04	2.317406e-01	2.278759e-01	2.189991e+04	2.086396e+04
20	3735.716970	6.847541e-02	1.132652e-02	2.679080e-01	2.354336e-01	5.574655e-05	6.504459e-03	1.597735e-03	2.815689e-01	1.348061e+04	2.647921e+03
20	-1.000000	-1.000000e+00	-1.000000e+00	-1.000000e+00	-1.000000e+00	-1.000000e+00	-1.000000e+00	-1.000000e+00	-1.000000e+00	-1.000000e+00	-1.000000e+00
20	7231.252862	2.424364e-06	2.417113e-06	1.731206e-01	2.465533e-01	1.060390e-01	2.341335e-08	4.896640e-02	2.553563e-01	3.974098e+04	2.134499e+04
20	10765.445194	7.698220e-07	4.116253e-07	2.709800e-01	1.220612e-01	1.451251e-01	2.696825e-01	1.243157e-01	2.716502e-09	4.035699e+04	2.770416e+04
20	-1.000000	-1.000000e+00	-1.000000e+00	-1.000000e+00	-1.000000e+00	-1.000000e+00	-1.000000e+00	-1.000000e+00	-1.000000e+00	-1.000000e+00	-1.000000e+00
20	-1.000000	-1.000000e+00	-1.000000e+00	-1.000000e+00	-1.000000e+00	-1.000000e+00	-1.000000e+00	-1.000000e+00	-1.000000e+00	-1.000000e+00	-1.000000e+00
20	20124.082352	3.900804e-06	9.545424e-10	1.860014e-01	2.029851e-01	4.399234e-02	1.080045e-01	2.129991e-01	1.049988e-01	3.767300e+04	4.187700e+04
20	10463.050562	1.663701e-06	4.097621e-07	1.494082e-01	1.320856e-01	8.387664e-02	2.053682e-01	2.186832e-01	6.571153e-02	2.833700e+04	2.859800e+04
20	5609.083430	1.055858e+00	3.521602e-03	2.052605e-01	2.352529e-01	1.763569e-01	4.506609e-04	6.028224e-02	5.139713e-01	6.166752e+03	4.144405e+03
20	4046.811647	3.640785e-01	3.301803e-03	2.563665e-01	2.478992e-01	2.452309e-05	9.886707e-02	1.839666e-01	1.064867e-01	9.286720e+03	5.867549e+03
20	11488.979184	7.834174e-01	6.587751e-01	1.044596e-03	7.548583e-04	9.960060e-03	2.116840e-04	1.288765e-07	4.049888e-01	4.445600e+04	3.860001e+04
20	15959.781125	6.798730e-07	1.216241e-09	8.999928e-03	2.239210e-01	2.138373e-01	3.625155e-02	4.999346e-02	1.792899e-01	4.199200e+04	1.911900e+04
20	10895.264042	3.115753e-04	1.349010e-08	1.459839e-01	5.815701e-02	2.009281e-01	2.399348e-01	2.417834e-02	8.031852e-03	1.351500e+04	3.579900e+04
20	220865.093944	1.104058e+00	1.104058e+00	3.421866e-02	1.489153e-02	1.574170e-07	1.616888e-01	4.800119e-03	1.633761e-02	5.217454e+04	5.974497e+03
20	-1.000000	-1.000000e+00	-1.000000e+00	-1.000000e+00	-1.000000e+00	-1.000000e+00	-1.000000e+00	-1.000000e+00	-1.000000e+00	-1.000000e+00	-1.000000e+00
20	10654.838438	4.375147e-01	2.073723e-06	1.225802e-01	3.971931e-02	2.468613e-01	4.017212e-02	7.762658e-02	2.695701e-01	5.129007e+04	2.307149e+04
20	9586.111498	5.688768e-06	1.069640e-06	2.181860e-01	1.851017e-01	6.528941e-03	6.191555e-02	1.784760e-01	4.126308e-02	2.552302e+04	2.602400e+04
20	10150.360731	8.218590e-05	1.010517e-06	1.895350e-01	2.320142e-02	1.643365e-01	4.686764e-02	1.367062e-01	1.843234e-02	1.896898e+04	2.701103e+04
20	47426.937252	1.676213e-04	1.676213e-04	1.963760e-01	8.399510e-02	2.905743e-07	5.806267e-02	5.986267e-02	3.762977e-02	3.580801e+04	3.172800e+04
20	11324.945499	1.320484e+00	9.878925e-01	3.213399e-01	5.482075e-06	4.179294e-05	3.016481e-06	5.863229e-05	2.714767e-01	4.855861e+04	3.833624e+04
20	10660.034299	1.483300e-02	1.395613e-06	1.134355e-01	2.053613e-02	1.934743e-01	2.984341e-01	3.385495e-02	1.093358e-01	4.086074e+03	2.474503e+04
20	-1.000000	-1.000000e+00	-1.000000e+00	-1.000000e+00	-1.000000e+00	-1.000000e+00	-1.000000e+00	-1.000000e+00	-1.000000e+00	-1.000000e+00	-1.000000e+00
20	7825.113123	1.124989e-04	3.304717e-07	2.341056e-01	2.346140e-01	3.329992e-02	7.614213e-02	3.257811e-02	1.219784e-01	5.551200e+04	2.780400e+04
20	10662.080062	1.471652e-01	4.344281e-06	2.263177e-01	2.025896e-01	1.182730e-01	1.659365e-01	5.630318e-02	2.794367e-01	5.404421e+04	2.123823e+04
20	10155.636988	1.034843e-06	1.280073e-07	3.062806e-02	1.141753e-01	1.556739e-01	1.198337e-01	6.481230e-02	7.716640e-02	2.968697e+04	3.223602e+04
