9	17619.737097	5.268792e-07	1.456468e-12	2.300000e-02	1.129999e-01	2.290000e-01	2.019999e-01	1.859999e-01	2.410000e-01	2.994000e+04	5.048800e+04
9	15127.448241	7.920658e-04	1.361450e-04	2.003062e-01	8.757257e-02	1.641913e-01	6.293546e-03	2.303946e-01	6.304757e-02	1.141406e+04	1.222398e+04
9	20425.151806	4.671643e-07	2.353396e-11	1.230000e-01	7.999997e-02	6.499997e-02	8.999991e-03	1.879999e-01	2.460000e-01	2.592400e+04	4.797500e+04
9	-1.000000	-1.000000e+00	-1.000000e+00	-1.000000e+00	-1.000000e+00	-1.000000e+00	-1.000000e+00	-1.000000e+00	-1.000000e+00	-1.000000e+00	-1.000000e+00
9	17895.344028	2.199943e-02	3.892203e-07	1.068695e-01	1.496251e-01	2.209639e-02	1.830828e-01	9.616997e-02	3.206035e-02	5.110298e+04	2.725500e+04
9	804419.913732	1.258238e-01	1.258229e-01	9.612909e-05	2.370342e-03	9.105604e-07	2.164763e-02	4.103506e-07	3.436474e-07	4.707840e+04	1.175676e+04
9	18669.461584	1.281323e-05	2.903286e-09	9.014009e-03	1.370024e-01	6.499549e-02	2.280097e-01	1.810168e-01	1.320041e-01	1.898800e+04	3.754400e+04
9	17811.941830	5.559458e-09	4.756291e-12	7.699976e-02	1.799997e-01	7.699974e-02	1.230004e-01	1.559999e-01	3.299984e-02	4.163500e+04	5.393100e+04
9	16551.659232	9.921380e-04	7.160752e-06	1.059092e-01	1.183479e-01	3.577825e-04	5.362179e-04	2.599717e-01	5.216423e-02	8.675990e+03	1.964100e+04
9	13758.754912	1.226530e-03	4.422993e-04	1.679995e-01	9.993923e-02	1.920419e-04	7.927985e-03	8.203114e-02	5.845768e-02	1.429905e+04	1.434996e+04
9	11868.587547	9.538635e-07	4.489270e-08	1.564635e-01	3.132294e-01	2.838582e-02	7.077479e-02	3.276946e-01	3.170785e-02	3.958316e+04	3.038008e+04
9	34841.755024	1.114845e+00	9.793386e-01	3.926837e-05	1.118302e-02	5.270361e-02	1.462219e-03	5.234742e-01	5.216002e-01	5.547845e+04	3.628976e+04
9	14774.612673	3.047979e-03	4.100626e-05	2.646079e-01	3.675299e-02	3.140044e-01	1.806643e-02	9.665814e-03	8.909642e-02	5.129947e+03	1.471700e+04
9	-1.000000	-1.000000e+00	-1.000000e+00	-1.000000e+00	-1.000000e+00	-1.000000e+00	-1.000000e+00	-1.000000e+00	-1.000000e+00	-1.000000e+00	-1.000000e+00
9	19760.164842	7.945795e-07	7.004355e-10	1.964529e-01	1.368696e-01	1.955573e-01	4.805546e-01	2.766937e-01	2.215280e-01	4.107282e+04	3.883287e+04
9	14053.839504	1.103589e-02	1.103588e-02	1.352643e-01	1.192539e-01	4.360914e-01	7.484986e-08	3.413198e-02	8.317701e-07	5.429636e+04	3.798555e+03
9	18380.648486	6.965745e-06	1.842444e-08	4.800398e-02	1.020047e-01	7.100383e-02	1.370121e-01	9.300702e-02	1.900083e-01	2.055000e+04	3.377500e+04
9	28452.022309	2.222752e+00	2.222537e+00	4.577504e-07	5.308262e-03	6.547239e-08	7.518994e-07	1.154292e-01	1.231953e-01	3.306442e+04	3.286639e+04
9	20700.783220	4.300702e-01	3.223559e-01	3.466720e-01	4.773050e-06	1.574323e-04	1.431738e-07	4.379142e-04	2.232413e-01	5.459997e+04	4.189522e+04
9	10860.597035	2.425555e-02	3.279751e-03	2.592694e-01	2.205076e-01	5.828936e-02	1.462489e-01	1.272293e-01	4.199803e-05	4.311615e+04	5.901630e+03
9	44867.650682	6.988503e-06	9.966380e-07	2.667174e-01	1.138841e-01	6.264937e-02	5.308209e-11	1.641866e-02	1.118689e-01	3.732004e+04	2.634102e+04
9	17000.364582	5.836690e-01	1.887286e-06	1.161249e-02	7.071589e-02	1.368896e-01	2.266294e-01	2.957327e-01	9.949872e-02	5.406754e+04	2.190345e+04
9	-1.000000	-1.000000e+00	-1.000000e+00	-1.000000e+00	-1.000000e+00	-1.000000e+00	-1.000000e+00	-1.000000e+00	-1.000000e+00	-1.000000e+00	-1.000000e+00
9	18622.635556	1.877854e-01	1.287398e-07	3.144552e-02	2.022522e-05	3.443427e-02	1.022409e-01	1.716602e-01	2.497368e-01	4.628683e+04	2.822308e+04
9	20500.118601	3.755726e-08	7.512971e-13	4.500044e-02	3.899986e-02	1.679998e-01	2.099985e-02	6.600014e-02	1.950004e-01	3.234200e+04	5.645100e+04
9	21028.716432	6.282513e-04	1.034436e-07	1.036807e-03	4.868502e-02	2.262049e-02	7.642674e-02	9.688409e-04	1.285304e-01	1.179300e+04	3.120500e+04
9	20876.655902	2.972141e+00	3.084190e-01	9.776087e-06	2.243790e-01	9.264724e-02	2.495622e-01	1.079154e-01	7.634561e-02	3.773932e+04	4.222962e+04
9	-1.000000	-1.000000e+00	-1.000000e+00	-1.000000e+00	-1.000000e+00	-1.000000e+00	-1.000000e+00	-1.000000e+00	-1.000000e+00	-1.000000e+00	-1.000000e+00
9	17695.170489	1.143772e-05	1.427494e-08	1.110432e-01	8.324556e-02	1.646122e-01	1.023485e-01	7.587950e-02	2.281779e-01	2.211798e+04	3.418300e+04
9	18321.044781	1.193279e-05	1.292499e-07	7.427329e-10	3.928501e-03	5.325684e-02	5.740767e-02	2.060345e-01	9.873360e-02	1.957691e+04	2.957495e+04
9	17949.058144	1.969408e-05	8.140584e-08	3.654950e-02	9.770805e-02	7.061319e-02	1.983623e-01	1.848180e-01	1.148636e-01	1.798800e+04	3.021500e+04
9	20629.620972	1.317030e+00	6.636640e-01	3.408867e-01	1.053425e-02	7.836658e-06	1.777184e-02	5.984390e-03	2.206036e-01	4.460325e+04	4.006677e+04
9	15899.716362	2.114014e-04	1.384211e-08	2.300303e-01	1.990021e-01	3.413319e-02	4.303788e-02	1.480199e-01	1.919852e-01	1.579000e+04	3.253300e+04
9	806685.622546	1.268729e-01	1.264068e-01	6.189715e-04	5.291773e-03	9.791875e-05	1.673442e-05	1.905506e-02	3.585452e-04	4.715359e+04	1.179053e+04
9	18395.603212	1.742747e-08	1.742717e-08	1.130000e-01	2.450000e-01	2.180000e-01	5.900000e-02	8.300001e-02	1.200000e-02	3.449100e+04	1.445900e+04
9	7910.952137	1.075202e-02	8.465058e-04	3.036868e-01	1.497943e-01	1.087313e-01	2.678286e-01	1.046664e-02	2.577556e-03	1.738397e+04	8.535938e+03
9	97354.291341	4.143278e-06	1.736168e-06	1.404305e-08	2.369652e-01	3.857413e-02	1.860623e-02	2.391517e-01	9.319195e-02	3.754204e+04	1.598613e+04
9	9595.549725	6.600906e-07	5.682581e-12	2.409993e-01	2.309995e-01	5.300042e-02	1.179996e-01	1.169990e-01	2.099949e-02	4.085400e+04	5.248100e+04
9	16449.068564	4.730984e-07	1.361251e-10	1.769999e-01	2.240001e-01	8.600003e-02	2.120001e-01	1.930002e-01	1.930001e-01	3.065500e+04	3.939400e+04
9	15243.858586	4.197409e-03	1.110845e-04	2.808595e-01	4.305924e-03	8.001243e-02	2.006631e-01	1.793560e-01	3.154569e-02	9.792938e+03	1.492900e+04
9	10339.014648	6.553770e-01	1.042895e-02	4.677655e-01	1.504249e-02	3.539654e-02	5.613954e-02	9.770880e-08	2.004994e-01	3.488314e+03	4.536264e+03
9	17378.422347	1.488161e-07	5.507543e-08	9.984761e-02	2.377137e-01	1.855674e-01	1.402438e-02	8.127082e-02	1.514832e-01	2.853303e+04	2.986600e+04
9	15760.053073	1.553799e-04	1.038042e-07	1.461372e-01	1.702115e-01	8.155190e-03	1.675484e-01	2.243704e-02	1.703020e-02	1.729500e+04	3.123600e+04
9	25166.799299	1.088163e-06	7.619726e-07	1.128926e-02	5.401312e-02	1.209809e-01	7.627578e-02	6.583505e-02	2.445515e-01	1.173709e+04	5.282046e+03
9	14951.911153	4.568960e-04	4.333622e-04	2.107598e-01	3.584097e-02	7.298635e-02	2.073271e-01	2.070813e-01	3.191913e-03	1.512206e+04	1.190293e+04
9	15967.999376	2.346791e-05	4.586199e-11	2.880070e-01	1.060600e-01	1.921569e-01	1.970796e-01	2.727103e-02	1.688897e-01	2.043595e+04	2.633711e+04
9	15218.782421	2.376017e-04	2.040099e-05	3.849115e-02	1.748882e-01	6.294326e-02	2.475420e-01	5.931884e-02	1.321444e-04	1.543000e+04	1.777900e+04
9	16310.343904	1.106846e-07	1.610914e-08	1.852966e-01	1.678521e-02	1.952807e-01	9.109237e-02	1.301575e-01	7.714743e-03	3.500098e+04	3.548497e+04
9	8992.294393	6.742921e-05	3.805943e-05	2.683108e-01	1.443652e-01	1.739837e-01	4.624840e-04	8.730542e-02	4.926586e-02	2.918797e+04	1.671493e+04
9	21387.299792	4.294206e-09	2.304779e-12	3.999980e-02	2.899996e-02	3.000007e-02	3.799963e-02	1.479999e-01	1.100004e-01	3.804400e+04	5.482300e+04
