30	7542.825112	1.006308e-05	4.923703e-10	2.289743e-01	6.602327e-02	7.102408e-02	1.370395e-01	1.010287e-01	1.830416e-01	1.908900e+04	4.077800e+04
30	7237.404205	2.803048e-04	4.610735e-06	5.811234e-02	1.152626e-01	6.632867e-04	4.857894e-02	9.863133e-02	1.047248e-01	1.241689e+04	2.086798e+04
30	11226.232640	8.241154e-07	7.437955e-07	2.678346e-01	1.483664e-01	3.205598e-02	4.301099e-10	1.078525e-01	3.972442e-02	4.147602e+04	2.572003e+04
30	6891.839115	3.904748e-01	6.982671e-03	2.329899e-01	1.281906e-02	3.459177e-01	7.436514e-03	1.135000e-04	1.839458e-05	5.091104e+04	3.106062e+03
30	-1.000000	-1.000000e+00	-1.000000e+00	-1.000000e+00	-1.000000e+00	-1.000000e+00	-1.000000e+00	-1.000000e+00	-1.000000e+00	-1.000000e+00	-1.000000e+00
30	7762.595193	9.033530e-12	1.135984e-13	1.499995e-02	7.200019e-02	1.289999e-01	2.700008e-02	2.220000e-01	2.299997e-02	4.976600e+04	5.951700e+04
30	7216.964611	1.466366e-04	3.737725e-07	4.987565e-02	2.184150e-01	1.696258e-02	1.810716e-02	6.803187e-02	1.540553e-01	1.210300e+04	2.515700e+04
30	7404.074333	5.602706e-08	9.293697e-09	1.419931e-01	8.400612e-02	2.299653e-01	2.105363e-02	5.899534e-02	1.500008e-01	2.948000e+04	3.348300e+04
30	-1.000000	-1.000000e+00	-1.000000e+00	-1.000000e+00	-1.000000e+00	-1.000000e+00	-1.000000e+00	-1.000000e+00	-1.000000e+00	-1.000000e+00	-1.000000e+00
30	6101.547136	6.582701e-01	2.096478e-03	1.864722e-01	1.979008e-01	7.270404e-04	2.718913e-03	1.889818e-07	3.846383e-02	5.446139e+04	5.441112e+04
30	6634.269996	5.049894e-06	1.891353e-06	5.220561e-02	1.343372e-01	1.882253e-03	3.944862e-02	1.636792e-02	2.281515e-02	2.578101e+04	2.587599e+04
30	6905.237795	5.415891e-01	3.994128e-03	2.239091e-01	5.691334e-02	3.400627e-01	4.790084e-07	1.165455e-02	1.170638e-03	5.093269e+04	4.428761e+03
30	7770.701522	6.643829e-08	6.643807e-08	1.000016e-01	2.339983e-01	2.599835e-02	7.299887e-02	6.799932e-02	7.299995e-02	3.229600e+04	1.228600e+04
30	6319.619633	3.078154e-01	9.563910e-02	1.558778e-01	1.335643e-03	1.177213e-01	2.488341e-02	1.933494e-02	5.679407e-02	7.399808e+02	1.045200e+03
30	17607.166074	4.171941e-07	3.716254e-07	2.323443e-01	1.569852e-01	9.712140e-03	2.048719e-01	1.488744e-01	3.003916e-07	4.219905e+04	2.641184e+04
30	6914.340038	1.754501e-02	1.754499e-02	1.537099e-01	2.738188e-01	1.223365e-01	6.276316e-02	4.174395e-07	2.193942e-02	5.559183e+04	8.186313e+02
30	-1.000000	-1.000000e+00	-1.000000e+00	-1.000000e+00	-1.000000e+00	-1.000000e+00	-1.000000e+00	-1.000000e+00	-1.000000e+00	-1.000000e+00	-1.000000e+00
30	7556.917094	5.186384e-08	1.676688e-09	1.639996e-01	1.920000e-01	1.730003e-01	1.100043e-02	2.029985e-01	6.800016e-02	2.928600e+04	3.693300e+04
30	7009.768444	5.948537e-03	1.356639e-04	1.789169e-01	2.312796e-01	1.048240e-01	6.476877e-02	2.136209e-03	9.109739e-02	2.936949e+03	1.135893e+04
30	-1.000000	-1.000000e+00	-1.000000e+00	-1.000000e+00	-1.000000e+00	-1.000000e+00	-1.000000e+00	-1.000000e+00	-1.000000e+00	-1.000000e+00	-1.000000e+00
30	-1.000000	-1.000000e+00	-1.000000e+00	-1.000000e+00	-1.000000e+00	-1.000000e+00	-1.000000e+00	-1.000000e+00	-1.000000e+00	-1.000000e+00	-1.000000e+00
30	-1.000000	-1.000000e+00	-1.000000e+00	-1.000000e+00	-1.000000e+00	-1.000000e+00	-1.000000e+00	-1.000000e+00	-1.000000e+00	-1.000000e+00	-1.000000e+00
30	321988.483693	6.620080e-01	5.939744e-01	1.483068e-04	1.206433e-04	1.511132e-07	6.402216e-06	1.506098e-05	8.129363e-07	4.827440e+04	7.510252e+03
30	58557.837283	3.258847e-07	3.258847e-07	2.901499e-02	1.979994e-01	1.400358e-02	1.379920e-01	2.290234e-01	1.068507e-05	4.192700e+04	1.981800e+04
30	-1.000000	-1.000000e+00	-1.000000e+00	-1.000000e+00	-1.000000e+00	-1.000000e+00	-1.000000e+00	-1.000000e+00	-1.000000e+00	-1.000000e+00	-1.000000e+00
30	7234.786683	3.892020e-07	2.636616e-07	1.757258e-01	1.389997e-01	2.332493e-01	7.302910e-07	4.192492e-02	5.075621e-02	2.510201e+04	2.590802e+04
30	7496.764543	6.291918e-04	2.251612e-08	2.260396e-01	2.094707e-02	9.846011e-03	1.864648e-03	1.615006e-01	1.382190e-01	9.485002e+03	3.229800e+04
30	7453.396366	4.428937e-06	2.076319e-10	1.059908e-01	1.660072e-01	2.300096e-01	1.869970e-01	2.001474e-02	1.010044e-01	1.953400e+04	4.174500e+04
30	6014.392060	1.734415e-01	5.698700e-03	1.911604e-01	1.912569e-01	2.567371e-08	3.978989e-03	5.840079e-03	7.094222e-02	5.979076e+04	5.184119e+04
30	5767.093844	3.985974e-02	1.592605e-03	6.182330e-06	2.769944e-01	3.579305e-01	2.390455e-01	1.719856e-03	2.314827e-01	4.449232e+04	5.541302e+03
30	-1.000000	-1.000000e+00	-1.000000e+00	-1.000000e+00	-1.000000e+00	-1.000000e+00	-1.000000e+00	-1.000000e+00	-1.000000e+00	-1.000000e+00	-1.000000e+00
30	323254.601808	6.177148e-01	1.282766e-01	2.534763e-05	3.892689e-03	8.788163e-04	1.759953e-02	5.483808e-03	8.050434e-07	4.750407e+04	1.120861e+04
30	7198.040118	5.292484e-03	1.539709e-04	2.594120e-06	9.635499e-02	2.846596e-01	5.500403e-02	1.141837e-01	4.787847e-02	2.712971e+03	1.059494e+04
30	37266.912830	2.809279e-06	2.379490e-06	1.764821e-01	6.993812e-02	8.863465e-02	2.793077e-01	3.566349e-06	2.412566e-01	3.639705e+04	2.202024e+04
30	7637.309841	5.295281e-07	1.502572e-11	2.160000e-01	9.100001e-02	9.300002e-02	5.300000e-02	7.500001e-02	2.450000e-01	2.481600e+04	4.814600e+04
30	7057.502086	1.138519e-02	3.079694e-06	1.799936e-01	2.092762e-01	1.334064e-01	9.274841e-02	2.306185e-02	4.715984e-02	1.874036e+03	2.017979e+04
30	78458.034322	8.956475e-07	6.862603e-07	5.133736e-02	2.138991e-02	5.029007e-05	2.688341e-01	8.190169e-02	5.165186e-02	3.740401e+04	2.941605e+04
30	-1.000000	-1.000000e+00	-1.000000e+00	-1.000000e+00	-1.000000e+00	-1.000000e+00	-1.000000e+00	-1.000000e+00	-1.000000e+00	-1.000000e+00	-1.000000e+00
30	8232.843499	5.541878e-06	1.555898e-11	1.557905e-01	5.802977e-02	2.009610e-01	1.006291e-02	2.549968e-02	1.150391e-01	2.103397e+04	8.860966e+03
30	7070.761521	2.236200e-02	1.538107e-04	1.595728e-01	2.332569e-01	1.253589e-01	1.298502e-02	7.895827e-02	8.659686e-02	2.552063e+02	1.046418e+04
30	5631.027155	1.072162e+00	3.785359e-01	1.634664e-01	2.077551e-01	5.557927e-02	9.018148e-04	4.725719e-03	1.839307e-03	5.186877e+04	4.121127e+04
30	-1.000000	-1.000000e+00	-1.000000e+00	-1.000000e+00	-1.000000e+00	-1.000000e+00	-1.000000e+00	-1.000000e+00	-1.000000e+00	-1.000000e+00	-1.000000e+00
30	7212.031553	9.176033e-03	8.750003e-06	2.000238e-02	1.445998e-01	1.961074e-01	6.568232e-02	8.251873e-02	1.294121e-01	2.101004e+03	1.757302e+04
30	7434.142934	4.142443e-06	5.130181e-08	1.166355e-01	1.469855e-01	2.274766e-01	1.044043e-01	6.793291e-02	1.959058e-01	1.947000e+04	2.890599e+04
30	7415.727038	1.716548e-04	8.275615e-08	9.612344e-02	1.893840e-01	8.404313e-02	2.223920e-01	6.231190e-04	2.109409e-01	1.168702e+04	2.812101e+04
30	7365.281461	7.748166e-08	9.146851e-09	2.010245e-01	1.849518e-01	1.980095e-01	3.897284e-02	1.010251e-01	6.700138e-02	2.863000e+04	3.339100e+04
30	7601.531823	2.233590e-09	3.346337e-10	3.199984e-02	2.999983e-02	1.999994e-02	1.840001e-01	1.910001e-01	2.899996e-02	3.771200e+04	4.194200e+04
30	8442.133325	1.881222e-06	1.822840e-06	2.260801e-01	4.291981e-02	1.736714e-01	1.822261e-01	2.340727e-01	6.350535e-10	2.311501e+04	1.157200e+04
30	5533.799605	1.130675e+00	1.000475e+00	1.712807e-01	2.030177e-01	1.611844e-10	1.229638e-02	2.989646e-02	7.528258e-08	4.522447e+04	3.871074e+04
30	7630.315308	9.374812e-08	1.721608e-10	5.700000e-02	5.299999e-02	1.210000e-01	1.280000e-01	1.900000e-01	8.500000e-02	2.898900e+04	4.302700e+04
