49	2875.750809	7.912353e-03	7.912350e-03	4.563752e-01	9.166276e-09	1.611953e-01	3.176955e-04	2.013917e-01	6.248282e-02	4.731143e+04	2.813969e+03
49	-1.000000	-1.000000e+00	-1.000000e+00	-1.000000e+00	-1.000000e+00	-1.000000e+00	-1.000000e+00	-1.000000e+00	-1.000000e+00	-1.000000e+00	-1.000000e+00
49	4342.975997	1.504445e-03	1.984544e-07	2.225295e-02	4.298299e-02	1.188889e-01	8.541350e-02	2.216698e-01	2.091972e-01	8.323001e+03	2.822900e+04
49	3784.479355	1.306035e-02	1.306032e-02	3.709365e-01	8.240946e-03	3.540045e-01	3.280163e-03	2.118242e-02	1.150173e-01	5.971593e+04	2.297099e+03
49	-1.000000	-1.000000e+00	-1.000000e+00	-1.000000e+00	-1.000000e+00	-1.000000e+00	-1.000000e+00	-1.000000e+00	-1.000000e+00	-1.000000e+00	-1.000000e+00
49	-1.000000	-1.000000e+00	-1.000000e+00	-1.000000e+00	-1.000000e+00	-1.000000e+00	-1.000000e+00	-1.000000e+00	-1.000000e+00	-1.000000e+00	-1.000000e+00
49	1664.591515	9.501785e-03	1.371289e-04	2.897905e-01	2.236122e-01	6.632633e-10	8.553168e-02	1.255108e-01	3.485068e-01	1.761977e+04	1.260084e+04
49	20887.052956	1.260658e-05	1.080301e-05	1.629611e-01	1.763443e-01	7.900016e-02	1.083273e-01	6.812147e-09	2.461682e-02	3.458600e+04	8.845971e+03
49	4310.531389	4.768129e-07	2.204140e-13	2.140001e-01	2.010000e-01	1.739997e-01	1.980001e-01	1.299999e-01	1.260005e-01	2.865900e+04	5.798500e+04
49	4389.123126	5.678814e-07	1.755834e-12	8.794306e-02	2.929399e-01	9.414081e-02	1.359832e-01	1.946228e-01	1.145914e-01	2.950306e+04	1.602328e+04
49	57701.601073	3.546952e-08	3.546952e-08	3.300012e-02	9.800007e-02	8.200001e-02	2.059997e-01	1.990003e-01	1.999957e-03	4.784100e+04	2.962000e+04
49	4841.024487	8.026341e-01	8.026341e-01	2.713433e-01	7.072925e-09	5.388384e-03	4.187972e-09	2.467456e-01	2.515291e-03	4.455298e+04	3.869068e+04
49	4990.718700	3.687975e-03	2.873817e-07	6.902286e-02	3.860288e-09	6.821659e-03	1.589806e-01	5.801092e-02	1.046353e-01	8.492011e+03	2.957000e+04
49	4838.793481	5.068673e-01	4.664786e-01	3.024160e-01	1.142108e-04	1.875801e-05	1.608187e-06	1.633666e-03	3.211922e-01	4.688729e+04	4.016853e+04
49	-1.000000	-1.000000e+00	-1.000000e+00	-1.000000e+00	-1.000000e+00	-1.000000e+00	-1.000000e+00	-1.000000e+00	-1.000000e+00	-1.000000e+00	-1.000000e+00
49	3934.192873	2.266006e-02	1.418854e-07	2.412030e-01	1.537915e-01	1.595248e-01	8.450641e-02	1.837601e-01	1.700137e-01	2.923014e+03	2.822602e+04
49	6558.855183	9.625539e-08	6.897727e-08	1.144277e-01	1.246337e-01	1.058038e-02	4.596220e-08	2.390709e-01	7.578901e-02	1.615387e+04	6.479186e+03
49	178876.705249	2.878955e-02	2.870569e-02	1.246844e-01	6.511871e-09	1.722248e-02	4.405666e-01	8.474094e-02	5.472682e-02	5.801543e+04	1.525501e+04
49	1993.468931	2.247209e-06	3.762586e-07	2.904451e-01	2.066218e-01	3.639663e-09	1.048402e-01	1.035361e-01	7.497893e-02	3.808697e+04	2.812097e+04
49	157295.393534	1.180982e-02	1.180871e-02	1.446273e-01	1.680741e-02	8.683049e-07	5.875686e-05	2.436449e-02	3.515321e-02	5.547185e+04	1.718763e+04
49	-1.000000	-1.000000e+00	-1.000000e+00	-1.000000e+00	-1.000000e+00	-1.000000e+00	-1.000000e+00	-1.000000e+00	-1.000000e+00	-1.000000e+00	-1.000000e+00
49	-1.000000	-1.000000e+00	-1.000000e+00	-1.000000e+00	-1.000000e+00	-1.000000e+00	-1.000000e+00	-1.000000e+00	-1.000000e+00	-1.000000e+00	-1.000000e+00
49	138724.914270	6.559023e-04	6.552855e-04	6.974889e-04	6.113687e-03	6.782095e-03	2.896817e-01	3.892151e-03	6.689850e-02	5.211416e+04	2.443910e+04
49	3792.010169	4.795160e-05	1.279597e-05	1.383976e-01	3.014717e-01	1.057906e-01	1.177238e-02	1.258869e-02	8.531892e-02	1.530800e+04	1.793900e+04
49	150552.893567	1.219670e+00	1.191451e+00	7.164225e-03	2.854808e-04	1.039988e-05	3.580677e-01	3.614163e-07	4.941231e-06	4.680597e+04	6.082071e+03
49	5091.361532	1.409278e-02	3.056005e-04	2.766399e-01	4.824323e-02	4.881031e-03	1.201665e-02	1.652736e-01	2.397153e-01	5.477038e+04	5.859974e+04
49	-1.000000	-1.000000e+00	-1.000000e+00	-1.000000e+00	-1.000000e+00	-1.000000e+00	-1.000000e+00	-1.000000e+00	-1.000000e+00	-1.000000e+00	-1.000000e+00
49	3366.145502	4.259193e-03	1.426328e-04	2.224351e-01	1.456437e-01	1.730060e-02	9.065652e-02	8.754309e-02	7.668160e-02	1.031489e+04	1.553082e+04
49	138227.085421	1.395021e+00	6.814529e-02	1.350679e-03	7.238052e-06	1.086643e-04	1.381291e-03	5.242239e-04	2.136810e-03	3.941691e+04	1.304043e+04
49	10418.220110	6.019694e-06	1.646540e-07	2.374916e-01	1.946606e-01	5.229703e-02	8.433441e-02	2.707332e-01	3.230119e-01	3.857004e+04	1.869798e+04
49	4821.727757	1.469306e-06	1.063289e-06	2.507184e-06	4.904805e-02	2.733686e-01	2.839544e-01	4.436996e-02	1.794479e-01	2.606800e+04	1.958204e+04
49	139442.331052	4.563701e-01	4.563697e-01	4.747640e-03	6.316553e-03	1.392424e-04	4.353945e-02	9.484048e-08	9.764540e-10	4.965968e+04	8.401308e+03
49	2143.061339	9.206269e-07	4.115509e-07	2.624043e-01	1.725423e-01	1.455226e-01	2.135849e-01	1.176561e-08	2.019167e-01	4.049901e+04	2.689801e+04
49	-1.000000	-1.000000e+00	-1.000000e+00	-1.000000e+00	-1.000000e+00	-1.000000e+00	-1.000000e+00	-1.000000e+00	-1.000000e+00	-1.000000e+00	-1.000000e+00
49	215960.921754	2.111381e-04	2.106501e-04	1.784616e-01	4.465891e-02	1.831923e-01	1.586567e-01	4.432479e-02	9.448200e-02	5.815400e+04	2.684793e+04
49	6569.315393	2.522594e-20	2.329109e-20	4.000113e-03	2.600031e-02	1.299978e-02	1.870010e-01	2.299989e-01	4.199975e-02	2.915200e+04	4.830000e+03
49	2940.251013	3.026548e-01	5.311164e-06	4.044330e-01	3.893380e-04	9.679203e-02	3.031623e-01	5.796492e-02	2.695312e-01	3.668243e+04	1.989112e+04
49	4840.244533	8.303405e-05	8.303401e-05	4.699675e-04	1.926171e-01	4.216826e-02	2.115443e-01	1.502235e-01	5.791186e-02	1.772201e+04	1.316600e+04
49	3922.323493	5.526516e-08	2.730585e-08	2.440963e-01	1.470726e-01	2.195187e-01	2.732289e-01	2.260025e-01	4.542875e-02	4.699397e+04	3.250611e+04
49	4505.809136	1.642027e-06	6.452152e-11	1.160013e-01	2.209999e-01	2.360014e-01	9.600062e-02	2.600086e-02	5.099935e-02	3.953600e+04	4.784400e+04
49	3599.111547	3.930551e-04	6.242059e-06	1.780120e-01	7.953664e-02	1.485144e-01	4.143414e-02	2.162024e-02	1.172418e-03	1.594495e+04	2.337397e+04
49	4299.456606	3.987658e-05	4.174767e-09	1.920290e-01	4.301470e-02	1.000178e-01	1.340066e-01	3.008211e-03	6.303515e-02	1.894000e+04	3.936100e+04
49	4195.100560	1.362729e-06	3.885587e-13	2.090001e-01	1.800003e-01	1.580002e-01	2.449993e-01	2.359993e-01	8.400013e-02	4.011200e+04	5.921900e+04
49	4807.948015	2.953791e+00	1.579488e+00	3.272293e-01	2.531678e-06	3.257964e-02	1.362471e-01	5.551388e-02	2.554575e-01	5.506500e+04	3.717549e+04
49	36335.225694	3.890792e-07	2.819930e-07	5.708247e-02	1.507019e-01	1.335798e-01	3.776615e-02	2.039040e-01	2.099004e-01	4.225000e+04	1.931601e+04
49	4945.405514	9.707038e-02	2.549502e-02	2.726966e-01	5.952318e-04	2.055699e-06	1.121392e-02	1.595234e-01	2.532026e-01	5.932319e+04	4.740041e+04
49	-1.000000	-1.000000e+00	-1.000000e+00	-1.000000e+00	-1.000000e+00	-1.000000e+00	-1.000000e+00	-1.000000e+00	-1.000000e+00	-1.000000e+00	-1.000000e+00
49	3769.926487	2.476250e-06	1.529500e-06	8.715534e-03	9.618267e-02	2.070932e-02	1.359894e-01	1.148406e-01	1.163302e-08	2.837102e+04	2.756094e+04
49	4839.104366	8.720825e-01	7.139263e-01	2.250413e-01	2.992754e-02	1.440946e-04	2.057649e-01	4.890753e-05	3.183779e-01	5.420818e+04	3.880043e+04
49	3897.041422	3.994773e-04	3.689453e-08	2.304567e-01	2.084544e-01	7.161251e-02	1.216829e-01	2.029338e-01	9.356614e-02	1.338400e+04	3.161500e+04
