46	-1.000000	-1.000000e+00	-1.000000e+00	-1.000000e+00	-1.000000e+00	-1.000000e+00	-1.000000e+00	-1.000000e+00	-1.000000e+00	-1.000000e+00	-1.000000e+00
46	38174.347355	8.539405e-01	8.488806e-01	3.349736e-08	1.415903e-02	1.867130e-02	9.140523e-08	2.923256e-02	4.091895e-04	5.939132e+04	3.596823e+04
46	687989.584430	6.527849e-08	5.961876e-10	8.799999e-02	1.530000e-01	1.109999e-01	1.460004e-01	2.130003e-01	1.450008e-01	3.489100e+04	4.453900e+04
46	155455.112181	2.163936e-01	5.429453e-05	7.062703e-07	5.280057e-02	1.301952e-06	3.813019e-01	4.497054e-01	2.049865e-01	5.506565e+04	5.875290e+04
46	629244.365764	3.988811e-04	4.149439e-06	1.922061e-09	7.856464e-02	1.426028e-01	1.290914e-01	9.635975e-02	9.314048e-02	1.697804e+04	2.615003e+04
46	678225.724729	8.562621e-03	2.474708e-07	1.506240e-01	1.967478e-01	4.298334e-02	2.333654e-05	2.192244e-01	5.166022e-02	5.841003e+03	2.912997e+04
46	77727.998676	1.618151e-02	1.256550e-04	5.118500e-01	3.404331e-01	3.105805e-07	2.598169e-01	6.935606e-03	4.294519e-01	4.385434e+04	1.098468e+04
46	173747.438772	4.138768e-05	2.085478e-08	4.304452e-01	3.145058e-01	5.186858e-01	8.202227e-02	5.114457e-01	3.455742e-01	5.818902e+04	3.149430e+04
46	-1.000000	-1.000000e+00	-1.000000e+00	-1.000000e+00	-1.000000e+00	-1.000000e+00	-1.000000e+00	-1.000000e+00	-1.000000e+00	-1.000000e+00	-1.000000e+00
46	73955.269679	1.516011e-02	9.578452e-03	1.802610e-05	5.091078e-01	4.937361e-01	1.130473e-01	1.847065e-01	1.274750e-02	4.328691e+04	3.162899e+03
46	282473.862627	8.688465e-01	1.773881e-02	5.235369e-01	4.642667e-01	5.235330e-01	9.702393e-04	4.112879e-02	7.588516e-03	5.220796e+04	4.879288e+03
46	589575.745771	2.339543e-05	2.687337e-07	3.832652e-01	1.757860e-01	2.446948e-01	7.242441e-02	2.023105e-01	1.697067e-01	2.040834e+04	2.900184e+04
46	673613.486383	1.320831e-06	4.905593e-10	1.340002e-01	3.200109e-02	9.500000e-02	1.000079e-02	1.970001e-01	4.300010e-02	3.004300e+04	4.717700e+04
46	66198.344569	8.478460e-03	8.824511e-05	4.300178e-01	3.832799e-01	5.141182e-01	5.492574e-02	3.489668e-02	4.409427e-07	4.586737e+04	1.499610e+04
46	834071.542581	3.824720e-19	1.457094e-19	2.099911e-02	1.170012e-01	7.600170e-02	6.199982e-02	1.699986e-01	1.699972e-02	1.609800e+04	4.239000e+03
46	63350.892133	3.210258e-01	2.756109e-02	1.560700e-05	1.296084e-03	5.153553e-04	1.881215e-01	3.728151e-03	2.521853e-01	5.309002e+04	4.397389e+04
46	779817.763313	3.780954e-04	5.370019e-06	5.695116e-02	2.593407e-02	5.399892e-04	8.100401e-02	8.470059e-02	2.057752e-01	1.397500e+04	2.344600e+04
46	834086.483319	3.646679e-20	2.990977e-20	1.220023e-01	4.900035e-02	1.670003e-01	5.999973e-02	1.899990e-01	1.799823e-02	3.103000e+04	1.706700e+04
46	-1.000000	-1.000000e+00	-1.000000e+00	-1.000000e+00	-1.000000e+00	-1.000000e+00	-1.000000e+00	-1.000000e+00	-1.000000e+00	-1.000000e+00	-1.000000e+00
46	26055.529533	1.139041e+00	4.209102e-04	5.093275e-01	5.545429e-02	2.189641e-03	5.235648e-01	1.693305e-01	4.181794e-03	3.915240e+03	6.286645e+02
46	6873.060239	3.032223e-03	1.213051e-03	2.391977e-01	2.202347e-01	9.976154e-02	4.792860e-05	6.674932e-02	9.464766e-02	2.054798e+04	7.630089e+03
46	360889.790994	3.773181e-01	4.353238e-03	5.228625e-01	5.236000e-01	7.461651e-08	6.987687e-02	7.653854e-03	3.814139e-02	5.332137e+04	8.309358e+03
46	12825.636714	1.904695e-04	7.322002e-09	2.249639e-01	1.752651e-01	1.769080e-01	9.857175e-02	8.847421e-02	2.282493e-01	2.672500e+04	3.487900e+04
46	-1.000000	-1.000000e+00	-1.000000e+00	-1.000000e+00	-1.000000e+00	-1.000000e+00	-1.000000e+00	-1.000000e+00	-1.000000e+00	-1.000000e+00	-1.000000e+00
46	-1.000000	-1.000000e+00	-1.000000e+00	-1.000000e+00	-1.000000e+00	-1.000000e+00	-1.000000e+00	-1.000000e+00	-1.000000e+00	-1.000000e+00	-1.000000e+00
46	554546.466667	1.944525e-05	1.226486e-09	8.100249e-02	2.160037e-01	5.017042e-03	2.200235e-02	5.104792e-02	1.349984e-01	2.453500e+04	4.486800e+04
46	-1.000000	-1.000000e+00	-1.000000e+00	-1.000000e+00	-1.000000e+00	-1.000000e+00	-1.000000e+00	-1.000000e+00	-1.000000e+00	-1.000000e+00	-1.000000e+00
46	834078.127492	8.500305e-20	2.896726e-20	6.000935e-03	1.220024e-01	1.260000e-01	1.950050e-01	5.899396e-02	1.430010e-01	2.398200e+04	1.140000e+02
46	44625.451898	2.736695e-01	2.736629e-01	7.018642e-03	3.850095e-07	4.801564e-03	8.568257e-02	9.672339e-02	2.658745e-01	4.715859e+04	3.857179e+04
46	81484.085387	7.061197e-03	7.060064e-03	6.653991e-07	1.290270e-01	2.525792e-03	3.236695e-01	3.999228e-01	1.708465e-01	5.728830e+04	4.742122e+04
46	104616.301045	8.623211e-01	9.696751e-06	2.929592e-01	7.284420e-02	2.367022e-01	7.366626e-02	1.028254e-01	3.609505e-03	3.940113e+03	2.129221e+04
46	-1.000000	-1.000000e+00	-1.000000e+00	-1.000000e+00	-1.000000e+00	-1.000000e+00	-1.000000e+00	-1.000000e+00	-1.000000e+00	-1.000000e+00	-1.000000e+00
46	773445.766221	3.213473e-02	2.080866e-05	6.454179e-02	1.308063e-02	6.376376e-02	1.796596e-01	5.690780e-02	1.865074e-01	5.481250e+03	2.184196e+04
46	6515.050712	4.817835e-02	3.413522e-03	2.849769e-01	1.801449e-01	9.182148e-02	1.804787e-01	5.041385e-04	8.067943e-02	1.375194e+04	5.234277e+03
46	11007.894083	4.574200e-06	3.518028e-06	1.989874e-01	2.291653e-01	1.362243e-01	1.093038e-01	1.321257e-01	1.508040e-01	3.603501e+04	2.060700e+04
46	42704.016811	1.155211e+00	1.389792e-02	3.102992e-01	5.054301e-07	4.170677e-01	1.456844e-07	1.208444e-03	2.092891e-02	3.363593e+04	2.079067e+03
46	834073.638800	6.878306e-18	6.801610e-18	3.900002e-02	1.690001e-01	1.900003e-02	1.199997e-02	4.099991e-02	1.880001e-01	2.021500e+04	1.401400e+04
46	-1.000000	-1.000000e+00	-1.000000e+00	-1.000000e+00	-1.000000e+00	-1.000000e+00	-1.000000e+00	-1.000000e+00	-1.000000e+00	-1.000000e+00	-1.000000e+00
46	85735.432996	6.070370e-02	3.304095e-06	1.404537e-01	2.048718e-01	3.310918e-01	1.693916e-01	2.247695e-03	5.235997e-01	3.914905e+04	1.911671e+04
46	117946.855779	4.099212e-03	3.057990e-05	1.997606e-01	1.413593e-01	3.275148e-01	6.956851e-04	2.515951e-01	6.893585e-03	4.554002e+04	1.665007e+04
46	85636.928560	4.927937e-01	4.097728e-03	1.080608e-01	1.648155e-02	4.734615e-02	1.827553e-01	5.355777e-02	5.236000e-01	5.932350e+04	4.855442e+04
46	834110.876725	6.720407e-22	2.514984e-22	6.099992e-02	1.739999e-01	2.199998e-02	2.069999e-01	8.000013e-03	2.139995e-01	3.306500e+04	1.567900e+04
46	-1.000000	-1.000000e+00	-1.000000e+00	-1.000000e+00	-1.000000e+00	-1.000000e+00	-1.000000e+00	-1.000000e+00	-1.000000e+00	-1.000000e+00	-1.000000e+00
46	34826.328844	1.638928e+00	1.587850e+00	1.314136e-02	5.457434e-03	1.006909e-02	2.335098e-01	1.890729e-01	2.674586e-01	5.332242e+04	3.450223e+04
46	255592.792665	3.980787e-02	3.980786e-02	1.369301e-05	4.900587e-01	5.235970e-01	7.908509e-02	7.761151e-07	8.237385e-02	4.700302e+04	2.837707e+03
46	66716.922413	3.029648e-01	2.288594e-02	1.634262e-01	4.327246e-04	1.913561e-06	1.213067e-01	1.303214e-01	3.862441e-01	5.197875e+04	4.454451e+04
46	557213.004021	2.908743e-03	3.316998e-04	1.325898e-01	2.296273e-01	4.048309e-04	1.395810e-03	5.974315e-07	1.549149e-01	1.364686e+04	1.546592e+04
46	-1.000000	-1.000000e+00	-1.000000e+00	-1.000000e+00	-1.000000e+00	-1.000000e+00	-1.000000e+00	-1.000000e+00	-1.000000e+00	-1.000000e+00	-1.000000e+00
46	-1.000000	-1.000000e+00	-1.000000e+00	-1.000000e+00	-1.000000e+00	-1.000000e+00	-1.000000e+00	-1.000000e+00	-1.000000e+00	-1.000000e+00	-1.000000e+00
46	273991.579366	8.232139e-08	6.136026e-08	3.166296e-01	2.049832e-01	1.335871e-01	1.031654e-02	5.361928e-02	1.924043e-01	3.969500e+04	3.391298e+04
