40	20534.776577	8.187452e-09	8.228868e-10	8.800010e-02	9.400010e-02	1.189996e-01	1.099999e-01	1.439999e-01	9.300001e-02	4.204500e+04	4.578200e+04
40	7627.587628	4.190543e-04	4.114003e-04	1.307790e-01	2.684089e-01	3.188631e-01	2.552559e-01	5.127819e-01	4.488115e-01	2.296297e+04	1.063494e+04
40	181506.832118	1.506295e+00	1.505624e+00	3.223113e-01	8.333677e-02	5.748795e-06	4.710671e-01	5.225779e-01	5.233644e-01	4.610848e+04	3.358005e+04
40	-1.000000	-1.000000e+00	-1.000000e+00	-1.000000e+00	-1.000000e+00	-1.000000e+00	-1.000000e+00	-1.000000e+00	-1.000000e+00	-1.000000e+00	-1.000000e+00
40	9774.669791	3.266306e-02	2.016204e-05	4.689504e-01	4.897519e-02	7.977988e-02	1.223903e-01	3.541379e-01	3.548400e-07	1.378092e+04	1.955993e+04
40	7750.834452	6.368118e-06	2.392197e-06	2.006402e-01	2.623167e-01	1.943188e-01	1.492287e-01	2.410104e-01	1.487709e-01	3.348119e+04	2.382577e+04
40	-1.000000	-1.000000e+00	-1.000000e+00	-1.000000e+00	-1.000000e+00	-1.000000e+00	-1.000000e+00	-1.000000e+00	-1.000000e+00	-1.000000e+00	-1.000000e+00
40	27251.289827	8.554466e-07	2.051264e-12	1.429986e-01	4.002628e-03	1.209970e-01	1.250002e-01	1.349988e-01	7.299878e-02	2.921100e+04	5.799500e+04
40	29575.154505	3.351375e-06	2.384624e-06	9.246027e-02	2.533308e-01	3.731045e-02	2.953334e-06	5.829560e-02	1.933011e-01	2.531802e+04	1.300986e+03
40	15166.466794	1.481357e-03	7.322041e-06	1.555234e-01	1.995443e-01	1.995834e-01	2.805675e-09	5.169181e-02	1.603983e-01	1.398015e+04	2.287007e+04
40	5046.640736	6.137418e-01	6.895374e-03	2.038034e-01	2.545718e-01	1.583503e-01	2.833593e-01	1.397274e-01	1.077391e-01	7.334628e+03	5.072839e+03
40	-1.000000	-1.000000e+00	-1.000000e+00	-1.000000e+00	-1.000000e+00	-1.000000e+00	-1.000000e+00	-1.000000e+00	-1.000000e+00	-1.000000e+00	-1.000000e+00
40	15843.071770	7.294636e-04	4.052411e-07	2.230561e-01	3.014277e-01	4.371575e-02	2.389167e-02	1.790498e-01	1.857434e-01	1.539403e+04	2.819298e+04
40	17057.861346	4.057364e-06	4.971056e-08	1.997150e-01	1.353614e-01	2.073700e-01	9.940691e-11	7.808449e-02	2.030020e-01	3.607900e+04	3.464499e+04
40	19833.886025	9.643247e-07	2.275506e-10	6.800015e-02	9.300030e-02	2.190001e-01	1.100000e-01	2.060003e-01	1.000001e-01	3.036800e+04	4.766800e+04
40	16799.885171	1.447167e-03	7.643649e-04	4.175248e-06	1.899769e-02	2.482602e-01	2.381416e-01	2.848578e-04	1.480035e-01	1.250107e+04	1.188999e+04
40	15913.884593	4.517150e-04	1.167015e-07	3.010009e-01	1.760806e-01	2.334211e-01	1.034202e-01	2.241970e-01	2.170071e-01	1.767534e+04	3.073188e+04
40	13114.527056	1.593446e-01	1.030675e-04	2.706182e-07	2.529970e-01	4.999878e-01	2.390373e-01	1.968111e-01	9.312457e-05	4.156210e+04	1.593378e+04
40	-1.000000	-1.000000e+00	-1.000000e+00	-1.000000e+00	-1.000000e+00	-1.000000e+00	-1.000000e+00	-1.000000e+00	-1.000000e+00	-1.000000e+00	-1.000000e+00
40	19408.777683	5.833748e-06	5.468036e-09	2.349976e-01	1.150021e-01	1.260025e-01	4.999622e-03	6.300092e-02	1.220015e-01	2.641900e+04	4.080100e+04
40	15664.900183	3.219245e-04	2.444877e-07	3.035872e-01	2.824015e-01	3.398843e-01	4.990037e-02	3.259005e-02	9.779052e-02	5.727404e+04	3.052796e+04
40	15453.192076	2.323023e-04	4.174373e-07	2.982783e-01	9.492217e-02	1.488107e-01	1.262876e-01	3.306302e-02	3.266058e-01	5.459990e+04	2.870490e+04
40	-1.000000	-1.000000e+00	-1.000000e+00	-1.000000e+00	-1.000000e+00	-1.000000e+00	-1.000000e+00	-1.000000e+00	-1.000000e+00	-1.000000e+00	-1.000000e+00
40	32943.851698	5.859659e-08	5.856925e-08	2.190006e-01	1.000057e-02	2.220020e-01	9.991016e-04	2.319989e-01	1.259998e-01	3.363800e+04	1.630600e+04
40	-1.000000	-1.000000e+00	-1.000000e+00	-1.000000e+00	-1.000000e+00	-1.000000e+00	-1.000000e+00	-1.000000e+00	-1.000000e+00	-1.000000e+00	-1.000000e+00
40	-1.000000	-1.000000e+00	-1.000000e+00	-1.000000e+00	-1.000000e+00	-1.000000e+00	-1.000000e+00	-1.000000e+00	-1.000000e+00	-1.000000e+00	-1.000000e+00
40	-1.000000	-1.000000e+00	-1.000000e+00	-1.000000e+00	-1.000000e+00	-1.000000e+00	-1.000000e+00	-1.000000e+00	-1.000000e+00	-1.000000e+00	-1.000000e+00
40	37613.548367	1.007015e-05	6.896490e-11	3.299097e-01	7.669025e-02	1.035228e-01	5.689719e-02	2.948721e-01	1.793312e-01	3.670305e+04	1.615302e+04
40	-1.000000	-1.000000e+00	-1.000000e+00	-1.000000e+00	-1.000000e+00	-1.000000e+00	-1.000000e+00	-1.000000e+00	-1.000000e+00	-1.000000e+00	-1.000000e+00
40	22000.813086	6.698579e-10	1.820308e-12	1.889913e-01	1.689861e-01	6.999302e-02	6.599153e-02	8.998625e-02	9.398611e-02	4.751200e+04	5.937000e+04
40	17049.553038	6.415580e-07	1.002366e-07	1.840207e-05	2.323054e-01	1.222747e-01	1.375838e-01	2.334158e-01	1.332127e-01	3.205407e+04	3.295004e+04
40	26063.263031	4.694245e-01	2.427424e-01	3.207836e-01	1.939761e-01	2.376605e-01	2.385223e-02	5.661979e-02	2.941643e-04	5.229640e+04	4.314579e+04
40	265308.523114	1.364134e-04	1.294156e-05	1.045898e-01	1.737968e-01	1.261328e-01	2.023591e-01	1.102788e-01	6.927094e-08	5.194598e+04	3.279396e+04
40	21665.823736	8.824174e-02	1.432359e-06	1.459035e-01	7.232296e-02	5.088765e-02	4.581178e-03	4.270525e-01	2.031409e-01	4.858987e+04	2.466086e+04
40	15994.787477	6.481345e-06	2.942738e-06	2.526895e-02	1.183799e-01	2.199240e-01	1.441323e-01	1.651024e-01	9.199729e-03	2.709425e+04	2.605103e+04
40	16377.161367	3.860850e-03	9.922637e-08	1.618186e-01	1.324436e-01	2.242839e-01	2.255127e-01	3.744197e-03	8.970561e-03	1.092392e+04	3.314601e+04
40	-1.000000	-1.000000e+00	-1.000000e+00	-1.000000e+00	-1.000000e+00	-1.000000e+00	-1.000000e+00	-1.000000e+00	-1.000000e+00	-1.000000e+00	-1.000000e+00
40	5669.788634	5.131595e-03	5.083348e-03	1.591953e-01	2.574972e-01	1.835606e-01	4.270103e-01	1.119259e-06	8.076900e-02	1.964809e+04	3.990796e+03
40	19697.628143	2.921862e-01	2.969030e-05	2.798732e-05	1.435079e-01	1.283937e-01	1.604372e-01	1.830661e-01	3.183753e-01	5.060004e+04	1.810217e+04
40	-1.000000	-1.000000e+00	-1.000000e+00	-1.000000e+00	-1.000000e+00	-1.000000e+00	-1.000000e+00	-1.000000e+00	-1.000000e+00	-1.000000e+00	-1.000000e+00
40	9720.682219	3.275300e-04	3.160140e-04	9.602280e-02	2.761702e-01	2.512290e-01	2.101146e-01	9.488592e-02	1.384974e-02	2.581097e+04	2.829949e+03
40	26755.639491	1.476781e-03	1.443159e-03	2.831826e-01	6.041579e-02	1.818065e-01	2.039914e-01	1.094886e-01	2.307227e-01	5.559312e+04	5.564420e+04
40	-1.000000	-1.000000e+00	-1.000000e+00	-1.000000e+00	-1.000000e+00	-1.000000e+00	-1.000000e+00	-1.000000e+00	-1.000000e+00	-1.000000e+00	-1.000000e+00
40	10686.500966	2.244138e+00	4.115089e-02	2.439286e-01	2.643448e-01	1.214715e-02	2.540010e-01	8.368449e-02	4.056867e-01	3.186073e+04	4.335932e+02
40	-1.000000	-1.000000e+00	-1.000000e+00	-1.000000e+00	-1.000000e+00	-1.000000e+00	-1.000000e+00	-1.000000e+00	-1.000000e+00	-1.000000e+00	-1.000000e+00
40	17852.688942	1.493721e-06	2.535915e-08	1.521589e-01	1.995603e-02	2.197879e-01	7.902372e-02	1.671128e-01	1.349250e-01	3.015300e+04	3.712700e+04
40	48246.003252	2.708965e-07	2.696409e-07	7.058133e-02	1.346185e-01	1.374184e-08	2.170213e-01	1.131671e-01	2.412973e-01	3.926897e+04	3.223013e+04
40	14446.560287	1.094448e-01	2.225809e-03	6.562079e-02	2.090649e-01	1.890199e-01	5.890092e-06	8.184617e-02	2.996421e-04	3.924880e+03	1.003188e+04
40	25864.519207	1.888843e-02	5.406155e-06	1.923685e-01	2.783503e-02	4.041480e-02	2.050093e-09	6.087361e-02	1.365097e-01	4.738026e+03	2.291801e+04
40	28127.343320	2.156700e-06	1.439434e-06	1.999014e-01	1.716432e-01	2.070546e-01	6.665678e-02	1.546408e-01	5.254050e-02	3.995988e+04	1.902681e+04
