36	9665.440843	8.415014e-05	8.414628e-05	1.969100e-01	4.934672e-02	2.897101e-01	1.102530e-01	2.089516e-01	3.004977e-01	1.481481e+04	7.431621e+03
36	6363.170643	6.482876e-03	8.187567e-05	1.242798e-08	3.081520e-01	3.189451e-01	2.441175e-01	1.326457e-01	3.545063e-01	4.798662e+04	1.174019e+04
36	10582.074588	2.053506e+00	1.730391e+00	2.754057e-01	3.712259e-05	1.564772e-06	8.563127e-02	3.603023e-01	5.236000e-01	5.188949e+04	3.604808e+04
36	6551.824831	5.244024e-01	8.334794e-02	3.832418e-01	1.681016e-06	1.270191e-04	1.130772e-08	1.307488e-03	1.494763e-01	5.025378e+04	4.555055e+04
36	12596.267087	1.310732e-06	6.258968e-07	1.278068e-02	2.745693e-01	6.396326e-02	1.519796e-02	8.231117e-02	2.374931e-01	3.648111e+04	2.640804e+04
36	-1.000000	-1.000000e+00	-1.000000e+00	-1.000000e+00	-1.000000e+00	-1.000000e+00	-1.000000e+00	-1.000000e+00	-1.000000e+00	-1.000000e+00	-1.000000e+00
36	6922.719502	1.556543e-01	6.856133e-04	2.981364e-01	4.273056e-02	4.431475e-06	4.846543e-04	6.226930e-02	2.198308e-01	5.844059e+04	5.742549e+04
36	10436.107092	7.870303e-22	5.520657e-22	9.999972e-02	9.800088e-02	1.999823e-03	2.399999e-01	1.950001e-01	5.000465e-03	2.743400e+04	3.372000e+03
36	10400.919954	1.414599e-22	1.235261e-22	1.800003e-02	3.999997e-02	1.070000e-01	2.080000e-01	1.030001e-01	4.699995e-02	3.387800e+04	2.959500e+04
36	3751.957468	1.438834e-01	1.026077e-02	2.161524e-01	2.606192e-01	6.543403e-02	5.222798e-06	2.682588e-02	1.524653e-07	3.862928e+04	2.622314e+03
36	-1.000000	-1.000000e+00	-1.000000e+00	-1.000000e+00	-1.000000e+00	-1.000000e+00	-1.000000e+00	-1.000000e+00	-1.000000e+00	-1.000000e+00	-1.000000e+00
36	62395.555354	7.821563e-07	7.814828e-07	9.753632e-02	1.770870e-01	2.522618e-02	1.470333e-02	1.051443e-01	7.823570e-02	4.048400e+04	2.334200e+04
36	124864.468664	7.921667e-07	4.728480e-11	2.200034e-02	9.800014e-02	1.499980e-02	8.600022e-02	6.400088e-02	2.369996e-01	3.942300e+04	5.007300e+04
36	135109.756153	1.470826e-07	1.468965e-07	5.000413e-03	1.090094e-01	6.003376e-03	2.020143e-01	1.729815e-01	1.650215e-01	4.372300e+04	2.212500e+04
36	4088.651630	2.010644e-02	2.010604e-02	2.173621e-01	3.115757e-01	6.644693e-03	1.613911e-01	4.315671e-06	1.225439e-01	4.469808e+04	4.111937e+02
36	-1.000000	-1.000000e+00	-1.000000e+00	-1.000000e+00	-1.000000e+00	-1.000000e+00	-1.000000e+00	-1.000000e+00	-1.000000e+00	-1.000000e+00	-1.000000e+00
36	9287.588227	2.338972e-05	1.340254e-09	1.420153e-01	1.631319e-01	2.220228e-01	1.679980e-01	2.420011e-01	1.601649e-02	1.565600e+04	3.742000e+04
36	18148.236681	1.094082e-07	2.604507e-12	1.820000e-01	9.000001e-02	2.320000e-01	1.960000e-01	8.000001e-02	2.110000e-01	4.369600e+04	5.350700e+04
36	6157.500881	3.159834e-03	1.408854e-04	1.959860e-01	3.553078e-01	3.308145e-01	1.343154e-01	2.546801e-01	1.005829e-01	5.086767e+04	1.117812e+04
36	-1.000000	-1.000000e+00	-1.000000e+00	-1.000000e+00	-1.000000e+00	-1.000000e+00	-1.000000e+00	-1.000000e+00	-1.000000e+00	-1.000000e+00	-1.000000e+00
36	3633.482077	2.203049e+00	1.368805e-02	5.660254e-02	3.012717e-01	1.792132e-01	6.237307e-04	6.902199e-03	7.174385e-04	3.187536e+04	1.975098e+03
36	9172.710529	2.835533e-08	2.545296e-11	6.300005e-02	2.479999e-01	3.200013e-02	1.959999e-01	8.100002e-02	7.399999e-02	3.186800e+04	4.750100e+04
36	3930.677409	6.378485e-02	6.419309e-03	2.360842e-01	2.454322e-01	3.745070e-02	1.665843e-05	9.809161e-04	1.631133e-01	4.043169e+04	3.129534e+03
36	10407.314530	1.201982e-22	8.871674e-24	1.120009e-01	3.899954e-02	2.500229e-02	1.060010e-01	1.749998e-01	2.380003e-01	2.703200e+04	2.542000e+03
36	9462.630888	7.937361e-06	3.096578e-10	2.460026e-01	6.800520e-02	2.400874e-02	2.270165e-01	2.440105e-01	1.050088e-01	1.906700e+04	4.168300e+04
36	457211.825201	8.814792e-01	8.231088e-01	4.684125e-03	5.404749e-09	2.653062e-08	1.281627e-01	4.844312e-03	2.485734e-03	5.837022e+04	6.448377e+03
36	8418.560737	5.065106e-04	5.051089e-04	1.752406e-01	2.151465e-01	1.583496e-01	1.260312e-01	1.517860e-01	8.416659e-03	8.820994e+03	8.389003e+03
36	9094.024085	8.867677e-07	1.850822e-08	5.699325e-02	2.389965e-01	1.980067e-01	2.429781e-01	1.419991e-01	4.007794e-03	2.306000e+04	3.168200e+04
36	6414.877277	7.014566e-01	7.014556e-01	3.912974e-01	8.809775e-08	1.783486e-02	1.140538e-02	4.111611e-06	2.031538e-01	5.727129e+04	4.016538e+04
36	7139.908678	6.617398e-03	2.743372e-04	2.204776e-01	1.276666e-01	8.848678e-02	6.113419e-03	1.370953e-01	2.096726e-01	5.256840e+04	5.966121e+04
36	10148.310039	1.602672e-06	1.190599e-11	2.029968e-01	1.230106e-01	2.320061e-01	6.600426e-02	1.070087e-01	1.059933e-01	1.770600e+04	4.346000e+04
36	-1.000000	-1.000000e+00	-1.000000e+00	-1.000000e+00	-1.000000e+00	-1.000000e+00	-1.000000e+00	-1.000000e+00	-1.000000e+00	-1.000000e+00	-1.000000e+00
36	3571.090555	1.218893e+00	1.975199e-02	2.812468e-01	1.686145e-01	9.952802e-05	5.896118e-02	7.380527e-02	8.775500e-06	3.096334e+04	8.558690e+02
36	10326.986282	1.782931e-07	1.781558e-07	2.705046e-01	1.014095e-01	1.303717e-01	2.452102e-01	1.613386e-01	4.910406e-01	3.372716e+04	2.610092e+04
36	515320.986511	4.777138e-01	1.047732e-03	5.953420e-07	8.433222e-02	2.403704e-09	1.427707e-01	6.556638e-02	3.902383e-02	5.283137e+04	2.268973e+04
36	9762.980962	1.109150e-08	1.109149e-08	1.439996e-01	1.900007e-02	2.480003e-01	2.110001e-01	1.259997e-01	2.199990e-02	3.591200e+04	3.365000e+03
36	440930.653967	2.085097e-01	9.384208e-02	4.373850e-03	1.705698e-04	2.604656e-02	3.217230e-02	1.253942e-02	7.954754e-03	4.497543e+04	1.176464e+04
36	8602.833934	5.160079e-02	2.330888e-06	1.329294e-01	1.301008e-01	4.954352e-02	2.216188e-01	1.540278e-04	1.259527e-02	5.284611e+04	2.243906e+04
36	9302.682911	5.345419e-08	1.179948e-10	1.970001e-01	1.049999e-01	1.330000e-01	2.270003e-01	1.950000e-01	1.199965e-02	3.035900e+04	4.398700e+04
36	448196.525264	2.050829e-01	2.050816e-01	2.139071e-04	1.490844e-03	1.939415e-02	7.709978e-04	3.046471e-04	3.209605e-03	5.654086e+04	9.887095e+03
36	9408.638588	1.934485e-09	2.520954e-12	2.999841e-03	1.229998e-01	2.100000e-01	1.230000e-01	3.599997e-02	2.350000e-01	3.744200e+04	5.224200e+04
36	8151.864600	4.018707e-03	3.352775e-04	2.265485e-01	2.356466e-02	1.236760e-01	1.833374e-01	1.010164e-03	3.977921e-02	5.534073e+03	1.106856e+04
36	7066.306951	5.693675e-03	5.686880e-03	1.508547e-06	1.289795e-01	6.469345e-02	1.843731e-03	1.089643e-01	2.333830e-01	5.619342e+04	5.167338e+04
36	7698.145106	4.702014e-01	7.709867e-03	3.226274e-01	1.240932e-02	2.981872e-01	7.986925e-07	3.692124e-03	7.716543e-08	5.686106e+04	3.553002e+03
36	-1.000000	-1.000000e+00	-1.000000e+00	-1.000000e+00	-1.000000e+00	-1.000000e+00	-1.000000e+00	-1.000000e+00	-1.000000e+00	-1.000000e+00	-1.000000e+00
36	8446.815713	1.222404e-04	2.469086e-05	2.358417e-01	1.182175e-01	1.718961e-01	1.409569e-01	1.115720e-01	4.718438e-02	1.249402e+04	1.605802e+04
36	6648.869182	9.207885e-02	3.647218e-02	3.565904e-01	7.275088e-02	1.796350e-07	1.037481e-01	1.781537e-03	3.515838e-07	5.274669e+04	4.762087e+04
36	49448.018754	6.889334e-08	6.889334e-08	3.900001e-02	2.120000e-01	9.998623e-04	8.699850e-02	8.900139e-02	1.830001e-01	4.595400e+04	2.181400e+04
36	8816.355151	1.281016e-01	3.658313e-07	3.692782e-02	1.993752e-06	5.569198e-02	6.313149e-02	6.642347e-02	9.700729e-02	5.641204e+04	2.638306e+04
36	7242.743079	4.382304e-02	1.740599e-02	1.716951e-01	1.331501e-01	2.504145e-02	1.118132e-04	1.155729e-02	7.542106e-02	5.233258e+03	4.546943e+03
