18	122594.873048	2.178363e-01	3.459086e-04	1.072435e-01	3.603291e-04	1.398594e-02	3.341452e-01	1.133481e-01	1.166457e-01	5.114393e+04	2.619032e+04
18	8493.952844	3.381229e-05	2.516686e-07	9.247743e-02	1.626453e-01	2.752778e-01	1.022359e-01	5.880004e-02	3.135664e-02	1.685793e+04	2.722406e+04
18	87417.158294	6.365623e-01	4.830029e-02	2.987870e-04	2.395025e-03	1.085743e-04	3.886859e-03	7.995367e-04	2.630041e-03	5.284393e+04	1.399728e+04
18	135598.029606	2.245997e-04	2.245331e-04	7.524559e-02	4.254202e-05	1.571436e-01	2.197393e-01	1.487961e-01	1.138829e-01	5.789794e+04	2.716496e+04
18	11888.296909	2.931293e-08	1.384816e-09	1.303810e-02	1.033425e-01	9.647069e-02	9.245850e-02	2.023796e-01	3.571539e-02	2.024501e+04	2.218979e+03
18	8851.574414	1.019686e+00	2.633185e-04	2.298657e-01	2.051582e-03	1.047413e-01	1.589404e-01	1.030593e-01	1.133071e-01	5.956652e+04	5.797608e+04
18	11896.935784	1.468140e-21	2.932340e-22	1.219999e-01	3.099962e-02	1.730001e-01	8.999994e-02	9.999993e-02	8.399991e-02	2.881700e+04	5.284000e+03
18	8518.612537	1.254336e-07	7.165517e-09	3.600003e-02	1.840000e-01	1.399990e-02	1.750000e-01	7.200001e-02	7.400003e-02	3.393500e+04	3.796600e+04
18	7779.116656	8.606188e-01	2.171616e-02	3.307281e-04	4.532676e-06	3.349877e-01	3.467828e-03	6.344733e-02	1.518005e-01	5.311211e+04	1.229703e+03
18	8172.540854	1.830168e+00	1.061322e+00	2.783419e-01	6.196272e-05	2.452495e-03	8.099757e-05	5.999223e-04	2.317539e-01	5.101826e+04	3.690168e+04
18	11882.980300	1.041535e-21	9.959684e-22	9.500210e-02	5.399960e-02	1.559999e-01	1.740001e-01	1.200080e-02	2.459976e-01	2.579200e+04	8.257000e+03
18	-1.000000	-1.000000e+00	-1.000000e+00	-1.000000e+00	-1.000000e+00	-1.000000e+00	-1.000000e+00	-1.000000e+00	-1.000000e+00	-1.000000e+00	-1.000000e+00
18	9113.096554	2.466369e-05	1.835890e-09	1.370667e-01	1.649922e-01	2.802731e-02	2.219924e-01	1.749544e-01	1.579755e-01	1.784000e+04	3.902100e+04
18	48866.894979	2.275678e-07	2.559068e-12	1.290000e-01	6.500000e-02	2.300000e-02	1.760000e-01	5.000000e-02	1.470000e-01	4.328000e+04	5.617700e+04
18	4485.055339	1.566126e-01	2.917292e-03	2.103575e-01	2.807645e-01	6.893227e-05	1.713927e-08	1.104801e-01	1.316140e-01	3.661505e+04	5.743569e+03
18	88245.490181	1.164040e+00	2.038296e-01	3.914977e-08	7.171570e-04	2.736288e-04	4.313519e-07	8.836249e-07	2.804438e-06	5.368877e+04	1.050050e+04
18	-1.000000	-1.000000e+00	-1.000000e+00	-1.000000e+00	-1.000000e+00	-1.000000e+00	-1.000000e+00	-1.000000e+00	-1.000000e+00	-1.000000e+00	-1.000000e+00
18	8522.932691	8.926329e-05	1.690043e-07	1.799195e-01	2.700428e-02	1.549042e-01	2.480375e-01	6.100308e-02	1.080262e-01	1.534400e+04	2.931400e+04
18	-1.000000	-1.000000e+00	-1.000000e+00	-1.000000e+00	-1.000000e+00	-1.000000e+00	-1.000000e+00	-1.000000e+00	-1.000000e+00	-1.000000e+00	-1.000000e+00
18	5586.960248	6.282332e-03	4.073909e-05	2.595849e-01	2.103221e-01	2.004298e-06	3.838672e-01	7.589171e-04	8.077824e-02	4.370262e+04	1.593993e+04
18	5090.684382	7.934038e-03	1.068623e-03	1.127659e-07	2.833338e-01	1.683976e-01	5.154722e-02	7.619762e-02	4.700737e-02	4.341400e+04	8.448961e+03
18	8363.784254	1.999545e-01	9.896446e-06	2.036090e-01	9.148882e-02	5.462610e-05	2.322999e-01	1.351321e-01	1.046632e-01	4.681008e+04	1.925418e+04
18	-1.000000	-1.000000e+00	-1.000000e+00	-1.000000e+00	-1.000000e+00	-1.000000e+00	-1.000000e+00	-1.000000e+00	-1.000000e+00	-1.000000e+00	-1.000000e+00
18	21152.329300	4.473601e-06	2.498280e-06	2.272341e-01	4.763010e-02	9.236220e-02	2.348921e-01	1.474121e-10	9.038822e-02	3.595805e+04	2.416506e+04
18	29098.327271	2.266147e-07	4.915804e-11	4.098882e-02	2.188784e-01	7.167527e-03	1.176713e-01	1.081353e-01	5.375434e-02	4.398800e+04	1.633600e+04
18	86694.117558	6.552078e-02	6.552078e-02	3.701009e-04	9.302658e-06	1.160202e-07	9.533104e-04	6.046464e-04	5.572573e-08	4.964034e+04	1.326132e+04
18	-1.000000	-1.000000e+00	-1.000000e+00	-1.000000e+00	-1.000000e+00	-1.000000e+00	-1.000000e+00	-1.000000e+00	-1.000000e+00	-1.000000e+00	-1.000000e+00
18	8529.732857	1.059203e-03	2.209341e-07	1.014009e-01	5.895027e-02	2.249092e-01	6.854125e-02	5.689666e-02	7.096110e-02	9.682002e+03	2.856700e+04
18	5939.335175	5.436077e-07	1.007305e-12	2.309996e-01	2.159994e-01	1.620003e-01	2.040002e-01	8.400055e-02	1.810002e-01	4.213800e+04	5.612800e+04
18	9429.199319	6.888889e-09	3.226168e-12	2.029998e-01	7.500002e-02	1.929999e-01	6.099994e-02	1.980002e-01	6.800014e-02	3.645400e+04	5.353600e+04
18	5912.738783	3.798072e-03	3.798070e-03	3.098667e-01	2.991762e-01	1.534176e-01	5.479146e-02	1.287889e-01	1.869306e-01	4.933209e+04	4.365289e+03
18	4692.725383	2.173262e-02	5.440857e-03	2.501166e-02	3.294530e-01	1.554504e-01	1.669202e-03	7.540129e-02	1.232001e-01	4.183590e+04	4.390778e+03
18	8026.167178	3.058069e-02	4.875736e-06	3.150682e-01	8.572969e-02	1.752404e-01	9.678650e-02	2.176946e-02	1.303370e-01	1.562183e+03	2.091105e+04
18	8539.299322	1.973520e-02	1.074267e-02	1.428188e-01	1.580041e-01	9.326159e-06	7.801827e-02	1.654563e-02	1.989357e-01	4.684321e+04	4.819840e+04
18	-1.000000	-1.000000e+00	-1.000000e+00	-1.000000e+00	-1.000000e+00	-1.000000e+00	-1.000000e+00	-1.000000e+00	-1.000000e+00	-1.000000e+00	-1.000000e+00
18	8471.776270	1.801414e-04	7.749577e-07	1.886734e-02	1.635604e-01	1.036145e-01	2.751927e-02	1.538603e-01	1.743138e-01	1.309800e+04	2.523900e+04
18	-1.000000	-1.000000e+00	-1.000000e+00	-1.000000e+00	-1.000000e+00	-1.000000e+00	-1.000000e+00	-1.000000e+00	-1.000000e+00	-1.000000e+00	-1.000000e+00
18	8955.871299	1.171741e-03	1.158813e-03	2.164810e-01	3.372237e-02	4.575836e-02	1.302901e-04	1.152549e-01	2.077073e-02	2.969105e+04	2.593896e+04
18	-1.000000	-1.000000e+00	-1.000000e+00	-1.000000e+00	-1.000000e+00	-1.000000e+00	-1.000000e+00	-1.000000e+00	-1.000000e+00	-1.000000e+00	-1.000000e+00
18	8273.999194	1.017293e+00	2.924930e-01	2.765060e-01	1.233933e-04	1.367954e-05	9.600591e-05	1.206046e-04	2.328865e-01	4.668160e+04	4.014893e+04
18	88515.441490	6.869589e-01	2.645042e-01	1.745081e-05	1.192556e-07	1.512474e-05	6.857979e-07	8.094996e-09	3.037912e-06	5.841128e+04	9.867515e+03
18	11843.153177	9.201398e-07	1.883771e-11	1.520000e-01	2.330000e-01	2.199999e-01	8.999995e-02	1.000002e-03	1.630000e-01	1.658200e+04	4.063600e+04
18	-1.000000	-1.000000e+00	-1.000000e+00	-1.000000e+00	-1.000000e+00	-1.000000e+00	-1.000000e+00	-1.000000e+00	-1.000000e+00	-1.000000e+00	-1.000000e+00
18	27209.262580	8.929175e-07	2.271146e-10	1.140000e-01	6.600004e-02	1.820001e-01	5.999999e-02	6.299993e-02	1.390000e-01	3.994800e+04	4.568400e+04
18	-1.000000	-1.000000e+00	-1.000000e+00	-1.000000e+00	-1.000000e+00	-1.000000e+00	-1.000000e+00	-1.000000e+00	-1.000000e+00	-1.000000e+00	-1.000000e+00
18	8735.173086	3.209394e-01	1.176663e-03	2.023971e-01	3.521253e-02	1.180386e-01	1.546228e-03	1.548246e-04	2.473597e-01	5.938840e+04	5.415869e+04
18	7790.462129	3.121704e-01	2.395527e-02	1.926281e-02	4.560842e-02	3.205213e-01	8.636014e-04	1.488887e-01	9.423858e-05	5.232441e+04	1.027484e+03
18	16069.795491	2.111337e-05	2.110954e-05	2.147142e-03	1.144002e-01	3.089741e-01	5.745210e-02	2.188943e-01	7.553149e-02	3.248300e+04	1.247810e+04
18	4999.312063	1.595737e-07	1.955350e-08	2.838033e-01	2.323152e-01	6.618457e-02	2.390749e-01	1.629472e-01	1.830222e-01	4.493202e+04	3.320592e+04
18	3194.723679	8.879573e-02	1.319327e-02	2.515103e-01	2.679843e-01	2.166416e-03	7.416316e-02	1.417626e-03	1.422300e-01	1.323609e+04	2.237278e+03
