11	43667.219078	7.958441e-05	2.236475e-07	1.758401e-01	2.739120e-05	1.764616e-01	7.827207e-02	1.799942e-01	3.707566e-02	1.673503e+04	2.958108e+04
11	44468.505453	7.031233e-07	5.332326e-11	5.000120e-03	1.180000e-01	1.370001e-01	9.399998e-02	1.280002e-01	8.399994e-02	2.845000e+04	4.958200e+04
11	28033.339469	1.826940e-01	1.398777e-02	2.211332e-01	8.621603e-02	5.932889e-02	3.843956e-05	2.987023e-03	5.235995e-01	4.290634e+04	4.521706e+04
11	37313.763694	2.008960e-01	3.386410e-02	1.215998e-03	1.682306e-01	1.605009e-01	2.704182e-02	9.026012e-05	4.576541e-05	3.116506e+04	1.538764e+04
11	-1.000000	-1.000000e+00	-1.000000e+00	-1.000000e+00	-1.000000e+00	-1.000000e+00	-1.000000e+00	-1.000000e+00	-1.000000e+00	-1.000000e+00	-1.000000e+00
11	44683.715295	1.734131e-08	1.099840e-12	9.999933e-02	7.299943e-02	2.029990e-01	1.119997e-01	1.480000e-01	7.800020e-02	3.738300e+04	5.850600e+04
11	-1.000000	-1.000000e+00	-1.000000e+00	-1.000000e+00	-1.000000e+00	-1.000000e+00	-1.000000e+00	-1.000000e+00	-1.000000e+00	-1.000000e+00	-1.000000e+00
11	-1.000000	-1.000000e+00	-1.000000e+00	-1.000000e+00	-1.000000e+00	-1.000000e+00	-1.000000e+00	-1.000000e+00	-1.000000e+00	-1.000000e+00	-1.000000e+00
11	25781.345424	2.628956e-02	2.628948e-02	2.815788e-05	2.377962e-03	3.512779e-05	3.484804e-01	3.593963e-02	2.773783e-01	5.060865e+04	4.311404e+04
11	47704.826894	7.908875e-06	1.401369e-11	6.400341e-02	4.978550e-03	1.729952e-01	2.440051e-01	8.199646e-02	6.799855e-02	1.308900e+04	4.226200e+04
11	24466.060662	8.396131e-02	8.395001e-02	2.873484e-02	1.576007e-04	6.171025e-03	7.057498e-02	3.174349e-01	2.344132e-01	4.346641e+04	3.997448e+04
11	3534.804700	2.784742e-02	2.784725e-02	5.220741e-01	1.358068e-01	9.934382e-02	3.508747e-02	1.763123e-07	6.756927e-08	1.611373e+04	3.913443e+02
11	5169.862576	2.661866e-01	9.158205e-02	1.964411e-03	7.851951e-05	8.844803e-02	1.739224e-02	1.401412e-05	5.213104e-05	1.388305e+04	1.485214e+04
11	44318.559519	2.368216e-02	3.063902e-07	1.061471e-02	6.861977e-02	2.129099e-01	1.017043e-01	2.292626e-01	8.800805e-02	2.888018e+03	2.796801e+04
11	43140.586709	2.998917e-02	8.459596e-07	3.300189e-02	1.953288e-01	7.723273e-02	6.978485e-02	9.941732e-02	1.584003e-03	3.736964e+03	2.707999e+04
11	127524.004544	3.741121e-01	4.700951e-04	5.866032e-02	1.855255e-01	3.930282e-02	3.217506e-05	3.394895e-02	8.963765e-05	5.138052e+04	2.426127e+04
11	13446.866986	2.334983e-04	8.465232e-05	5.410519e-02	6.564865e-02	1.190047e-01	1.306158e-01	2.641023e-01	6.826324e-09	3.173693e+04	3.197290e+04
11	42718.874884	2.252674e-02	4.562807e-04	1.514328e-01	2.977576e-01	1.530234e-01	5.665309e-02	1.011019e-01	3.197025e-09	1.601182e+03	1.029001e+04
11	47798.955215	4.232975e-21	1.588724e-21	2.400000e-01	1.270000e-01	4.900001e-02	1.320000e-01	3.099997e-02	4.000006e-03	3.078000e+04	2.025500e+04
11	44029.947720	8.545733e-08	1.651295e-08	7.200002e-02	2.079999e-01	1.950003e-01	1.950002e-01	1.449999e-01	2.400000e-01	3.051900e+04	3.418200e+04
11	-1.000000	-1.000000e+00	-1.000000e+00	-1.000000e+00	-1.000000e+00	-1.000000e+00	-1.000000e+00	-1.000000e+00	-1.000000e+00	-1.000000e+00	-1.000000e+00
11	-1.000000	-1.000000e+00	-1.000000e+00	-1.000000e+00	-1.000000e+00	-1.000000e+00	-1.000000e+00	-1.000000e+00	-1.000000e+00	-1.000000e+00	-1.000000e+00
11	47789.589845	1.114498e-20	8.076818e-21	2.029978e-01	6.000019e-02	5.699991e-02	2.430007e-01	1.190010e-01	1.100012e-02	2.675800e+04	1.695400e+04
11	43680.280769	2.196651e-06	5.750068e-09	8.800001e-02	1.320006e-01	9.800061e-02	1.250005e-01	1.050011e-01	5.500131e-02	2.795200e+04	4.009900e+04
11	50311.522633	2.365073e-05	1.818829e-05	1.223895e-01	8.272113e-02	3.319679e-01	3.931583e-01	3.411174e-05	1.009576e-01	3.278602e+04	9.215968e+03
11	-1.000000	-1.000000e+00	-1.000000e+00	-1.000000e+00	-1.000000e+00	-1.000000e+00	-1.000000e+00	-1.000000e+00	-1.000000e+00	-1.000000e+00	-1.000000e+00
11	24433.017108	8.314988e-02	8.314900e-02	2.001336e-03	1.028629e-03	3.950312e-03	4.184081e-01	2.716208e-01	7.211294e-02	4.293667e+04	3.989687e+04
11	43015.755645	1.143842e-02	3.326292e-07	2.010611e-01	2.434257e-01	9.655414e-02	1.516704e-01	4.907539e-02	1.152273e-01	4.471010e+03	2.774600e+04
11	-1.000000	-1.000000e+00	-1.000000e+00	-1.000000e+00	-1.000000e+00	-1.000000e+00	-1.000000e+00	-1.000000e+00	-1.000000e+00	-1.000000e+00	-1.000000e+00
11	26803.543733	6.365356e-01	1.269986e-01	5.071389e-01	1.727816e-02	9.639518e-03	1.651697e-03	2.881167e-01	1.823060e-01	3.706338e+04	4.065491e+04
11	9190.989808	1.158972e-05	8.974371e-07	2.279820e-01	2.106416e-01	3.316365e-01	2.816177e-01	2.967072e-02	1.795162e-01	3.564193e+04	2.327217e+04
11	-1.000000	-1.000000e+00	-1.000000e+00	-1.000000e+00	-1.000000e+00	-1.000000e+00	-1.000000e+00	-1.000000e+00	-1.000000e+00	-1.000000e+00	-1.000000e+00
11	25734.777072	5.883778e-02	2.591135e-02	6.031679e-03	2.056748e-03	3.093207e-03	7.228541e-04	1.131181e-01	3.841232e-01	4.445245e+04	4.292732e+04
11	27569.904931	7.410133e-01	1.083137e-02	1.799526e-01	5.455872e-02	4.137314e-10	5.235999e-01	8.108614e-04	1.139780e-01	4.541310e+04	4.566304e+04
11	44475.103544	5.286475e-07	2.113962e-09	9.399981e-02	1.270008e-01	2.800059e-02	1.130005e-01	2.409997e-01	6.900010e-02	2.790300e+04	4.020700e+04
11	47741.841177	4.590871e-20	2.178897e-20	2.319997e-01	1.220007e-01	8.400306e-02	2.490048e-01	2.459991e-01	2.440031e-01	2.464200e+04	1.258800e+04
11	25152.632866	3.331739e-01	5.296552e-02	5.471927e-03	3.109672e-03	1.078386e-04	3.165636e-01	1.451524e-01	3.279157e-01	5.869920e+04	4.141945e+04
11	-1.000000	-1.000000e+00	-1.000000e+00	-1.000000e+00	-1.000000e+00	-1.000000e+00	-1.000000e+00	-1.000000e+00	-1.000000e+00	-1.000000e+00	-1.000000e+00
11	52581.070102	3.159041e-08	2.869241e-08	1.900914e-01	2.288781e-01	3.622567e-02	2.973392e-01	5.970695e-02	3.623841e-01	4.552303e+04	3.398484e+04
11	-1.000000	-1.000000e+00	-1.000000e+00	-1.000000e+00	-1.000000e+00	-1.000000e+00	-1.000000e+00	-1.000000e+00	-1.000000e+00	-1.000000e+00	-1.000000e+00
11	-1.000000	-1.000000e+00	-1.000000e+00	-1.000000e+00	-1.000000e+00	-1.000000e+00	-1.000000e+00	-1.000000e+00	-1.000000e+00	-1.000000e+00	-1.000000e+00
11	-1.000000	-1.000000e+00	-1.000000e+00	-1.000000e+00	-1.000000e+00	-1.000000e+00	-1.000000e+00	-1.000000e+00	-1.000000e+00	-1.000000e+00	-1.000000e+00
11	-1.000000	-1.000000e+00	-1.000000e+00	-1.000000e+00	-1.000000e+00	-1.000000e+00	-1.000000e+00	-1.000000e+00	-1.000000e+00	-1.000000e+00	-1.000000e+00
11	-1.000000	-1.000000e+00	-1.000000e+00	-1.000000e+00	-1.000000e+00	-1.000000e+00	-1.000000e+00	-1.000000e+00	-1.000000e+00	-1.000000e+00	-1.000000e+00
11	50931.926177	4.604558e-07	8.000553e-10	1.559993e-01	8.299949e-02	6.899929e-02	4.199981e-02	9.999824e-03	2.050003e-01	4.676500e+04	5.912400e+04
11	22678.636132	5.351355e-01	5.351355e-01	1.532700e-04	4.452174e-09	8.015414e-11	3.221788e-01	1.125767e-02	3.745572e-01	4.052844e+04	3.547355e+04
11	43747.713625	1.845760e-04	1.683131e-04	1.358149e-01	4.015946e-01	6.100958e-02	1.044362e-01	1.647471e-01	5.119371e-01	1.667334e+04	7.148949e+03
11	44439.509130	1.515139e-08	7.017073e-10	1.499875e-02	1.310005e-01	3.099978e-02	2.000067e-02	1.550004e-01	1.590000e-01	3.620200e+04	4.304800e+04
11	40251.032596	1.602241e-04	9.805917e-05	2.744760e-01	6.896405e-02	2.085396e-01	1.828505e-08	5.925468e-02	6.500297e-02	2.224383e+04	1.758510e+04
11	23543.890239	2.505199e-01	2.441512e-01	9.530349e-04	5.665732e-04	3.775941e-04	2.122410e-01	1.918692e-01	2.864343e-01	4.510952e+04	3.753609e+04
