48	7717.959855	2.521439e-08	7.824474e-11	2.429999e-01	3.799998e-02	2.280001e-01	1.370000e-01	1.700015e-02	1.040001e-01	3.329200e+04	4.640800e+04
48	-1.000000	-1.000000e+00	-1.000000e+00	-1.000000e+00	-1.000000e+00	-1.000000e+00	-1.000000e+00	-1.000000e+00	-1.000000e+00	-1.000000e+00	-1.000000e+00
48	-1.000000	-1.000000e+00	-1.000000e+00	-1.000000e+00	-1.000000e+00	-1.000000e+00	-1.000000e+00	-1.000000e+00	-1.000000e+00	-1.000000e+00	-1.000000e+00
48	9646.235482	5.355427e-22	4.679754e-22	1.769998e-01	6.100004e-02	1.710000e-01	2.490000e-01	2.000000e-02	2.079999e-01	3.005700e+04	7.300000e+01
48	-1.000000	-1.000000e+00	-1.000000e+00	-1.000000e+00	-1.000000e+00	-1.000000e+00	-1.000000e+00	-1.000000e+00	-1.000000e+00	-1.000000e+00	-1.000000e+00
48	7509.744202	1.298709e-02	3.167469e-04	2.368835e-01	1.430368e-01	2.564184e-01	1.107201e-01	1.610423e-01	2.633013e-04	1.305079e+03	9.739034e+03
48	-1.000000	-1.000000e+00	-1.000000e+00	-1.000000e+00	-1.000000e+00	-1.000000e+00	-1.000000e+00	-1.000000e+00	-1.000000e+00	-1.000000e+00	-1.000000e+00
48	233427.541566	1.576343e+00	9.151898e-02	2.162325e-03	2.886369e-02	6.328851e-02	9.289103e-03	2.509551e-04	9.699560e-05	4.830859e+04	1.154600e+04
48	-1.000000	-1.000000e+00	-1.000000e+00	-1.000000e+00	-1.000000e+00	-1.000000e+00	-1.000000e+00	-1.000000e+00	-1.000000e+00	-1.000000e+00	-1.000000e+00
48	6716.883365	6.738045e-01	3.169822e-04	3.040555e-02	2.288323e-01	5.915748e-02	9.487136e-02	2.010787e-08	3.138115e-01	5.737040e+04	5.825617e+04
48	7871.159127	1.220686e-03	4.813454e-08	1.699362e-01	9.906280e-02	1.449523e-01	2.431855e-01	2.222915e-01	6.409588e-02	7.941001e+03	3.097200e+04
48	4047.510433	1.530456e-02	5.501602e-03	2.059275e-06	3.051301e-01	2.977882e-01	6.429298e-02	5.402226e-02	5.617983e-02	4.447590e+04	3.801757e+03
48	6429.587985	2.663786e-03	2.663270e-03	1.287165e-01	1.813316e-01	3.355233e-01	9.960065e-03	1.338892e-05	1.505106e-02	5.591306e+04	5.350524e+04
48	7237.658042	6.666748e-01	1.041818e-05	2.252238e-01	2.790693e-01	1.504755e-03	3.060814e-01	1.521597e-01	5.397764e-05	4.099243e+04	1.851968e+04
48	49963.787551	1.905865e-07	1.643178e-07	2.165443e-01	5.431745e-09	1.427663e-02	9.021638e-02	1.963204e-01	8.201052e-02	4.328702e+04	2.973802e+04
48	5590.380293	1.263750e-03	1.263592e-03	3.496679e-01	2.770488e-01	2.242715e-01	1.854394e-01	1.124987e-04	1.635709e-01	5.222929e+04	4.199402e+03
48	-1.000000	-1.000000e+00	-1.000000e+00	-1.000000e+00	-1.000000e+00	-1.000000e+00	-1.000000e+00	-1.000000e+00	-1.000000e+00	-1.000000e+00	-1.000000e+00
48	7471.979084	3.900513e-03	2.797106e-04	3.572994e-08	1.335025e-01	9.865069e-02	1.111057e-01	2.845690e-02	4.410820e-02	1.010091e+04	1.415619e+04
48	7502.698489	2.313702e-03	1.155710e-07	2.297732e-01	1.602017e-01	1.904256e-01	1.127129e-01	2.943117e-02	8.031771e-03	6.609999e+03	2.910400e+04
48	7056.378542	1.476048e-02	9.364453e-06	3.268034e-01	1.321380e-01	7.225073e-02	3.635873e-03	2.786284e-06	6.483001e-03	7.104954e+03	2.093167e+04
48	64262.387461	5.045874e-07	2.441508e-07	2.395725e-02	1.407618e-09	2.028991e-01	4.750636e-02	1.432080e-01	2.073010e-01	4.035100e+04	1.586202e+04
48	7567.161022	3.158091e-02	1.999570e-07	2.150455e-01	2.050141e-01	1.007047e-01	4.397827e-03	1.794570e-01	1.246728e-01	5.457899e+04	2.766599e+04
48	13349.889052	1.100783e-06	7.904099e-11	2.090000e-01	1.720002e-01	9.300028e-02	1.060001e-01	1.320000e-01	1.580000e-01	3.906300e+04	4.815800e+04
48	-1.000000	-1.000000e+00	-1.000000e+00	-1.000000e+00	-1.000000e+00	-1.000000e+00	-1.000000e+00	-1.000000e+00	-1.000000e+00	-1.000000e+00	-1.000000e+00
48	7879.931558	9.996663e-06	1.994219e-06	5.766532e-02	5.692794e-02	1.509215e-01	1.834053e-01	1.889063e-01	2.058999e-01	1.834400e+04	2.200500e+04
48	-1.000000	-1.000000e+00	-1.000000e+00	-1.000000e+00	-1.000000e+00	-1.000000e+00	-1.000000e+00	-1.000000e+00	-1.000000e+00	-1.000000e+00	-1.000000e+00
48	3892.712931	3.484207e-02	1.190992e-02	2.711666e-01	2.490175e-01	1.772045e-01	5.757841e-06	1.173281e-02	1.213991e-01	4.240711e+04	1.773619e+03
48	86298.459565	7.706093e-01	7.706081e-01	6.926810e-04	4.454330e-02	7.023263e-02	5.235994e-01	1.486059e-01	5.231390e-01	5.019969e+04	3.380015e+04
48	7818.664546	2.650914e-04	6.425960e-09	8.436868e-02	1.720437e-01	2.030244e-01	4.204705e-02	2.135959e-01	1.640735e-01	1.103900e+04	3.517500e+04
48	5817.858660	1.743328e+00	1.422198e+00	3.019529e-02	4.799573e-03	1.581055e-01	5.881034e-06	2.658371e-01	2.627429e-01	4.776038e+04	3.652169e+04
48	-1.000000	-1.000000e+00	-1.000000e+00	-1.000000e+00	-1.000000e+00	-1.000000e+00	-1.000000e+00	-1.000000e+00	-1.000000e+00	-1.000000e+00	-1.000000e+00
48	7865.359218	6.061477e-08	6.061426e-08	9.397206e-02	2.500175e-02	1.500128e-01	1.019469e-01	2.439777e-01	1.079954e-01	3.050700e+04	3.048200e+04
48	3742.022153	1.906232e-01	1.104601e-02	2.632160e-01	2.602890e-01	2.015860e-01	9.242878e-06	6.279876e-03	5.588051e-02	3.845270e+04	2.103558e+03
48	8062.066296	2.864563e-07	2.441970e-11	1.850001e-01	1.700005e-02	2.209999e-01	2.290000e-01	2.490000e-01	1.180000e-01	2.698400e+04	4.826400e+04
48	7590.150994	2.834349e-09	1.902798e-09	1.909999e-01	2.349999e-01	1.510000e-01	6.699989e-02	1.199996e-01	1.149998e-01	3.755600e+04	3.846100e+04
48	-1.000000	-1.000000e+00	-1.000000e+00	-1.000000e+00	-1.000000e+00	-1.000000e+00	-1.000000e+00	-1.000000e+00	-1.000000e+00	-1.000000e+00	-1.000000e+00
48	12231.284343	3.609630e-09	1.309306e-12	4.500154e-02	1.580012e-01	1.169999e-01	2.430024e-01	2.439993e-01	1.119994e-01	4.465800e+04	5.932400e+04
48	7586.039252	4.515731e-05	6.773050e-07	1.976524e-01	1.996657e-01	7.169978e-11	6.135027e-02	2.266555e-01	1.251687e-01	1.909300e+04	2.536000e+04
48	9928.362160	3.482699e-07	4.049892e-13	2.349989e-01	1.589989e-01	1.339996e-01	1.210017e-01	2.490028e-01	9.900155e-02	4.258900e+04	5.948300e+04
48	7821.070724	6.638108e-09	8.594302e-11	1.910002e-01	1.370008e-01	1.429998e-01	4.001585e-03	2.309984e-01	9.399924e-02	3.591800e+04	4.579000e+04
48	231334.297910	1.552351e-01	1.167723e-02	6.722997e-05	6.334461e-04	4.398399e-03	2.142234e-04	2.114895e-04	9.104019e-05	5.036612e+04	1.656604e+04
48	7863.000894	5.857776e-06	8.448821e-08	6.133442e-02	1.062571e-01	4.700828e-02	1.458247e-01	1.081508e-01	1.079512e-04	2.247501e+04	3.157300e+04
48	272863.028190	9.146368e-04	9.039120e-04	3.477731e-02	8.764092e-02	8.323392e-02	5.312355e-02	1.652385e-01	3.156062e-02	5.182501e+04	2.290601e+04
48	-1.000000	-1.000000e+00	-1.000000e+00	-1.000000e+00	-1.000000e+00	-1.000000e+00	-1.000000e+00	-1.000000e+00	-1.000000e+00	-1.000000e+00	-1.000000e+00
48	6571.958829	6.423800e-01	7.903763e-04	2.146639e-04	1.672109e-01	2.942412e-01	1.389583e-06	1.741225e-01	7.996510e-02	5.326310e+04	5.622088e+04
48	3855.820365	1.282990e-01	1.256208e-02	7.157371e-02	3.096704e-01	2.971769e-01	2.222158e-02	1.268312e-03	3.939435e-08	3.934313e+04	1.858934e+03
48	9700.042911	4.172948e-08	1.573967e-08	1.076705e-01	7.759239e-02	1.374733e-08	2.677980e-01	1.417691e-01	1.552992e-01	2.036716e+04	1.110580e+04
48	7923.150451	7.166405e-08	4.718294e-10	2.700041e-02	1.010005e-01	1.599999e-01	2.320004e-01	1.319999e-01	1.529997e-01	3.067400e+04	4.208200e+04
48	8299.694979	2.705450e-05	8.127882e-10	6.907177e-02	4.812107e-02	4.306539e-02	9.702155e-02	2.129560e-01	1.449348e-01	1.790500e+04	4.134300e+04
48	7821.983804	7.046699e-03	7.683695e-07	1.548478e-01	9.892874e-03	1.583057e-01	7.337723e-03	2.198914e-01	6.643699e-03	4.259991e+03	2.498100e+04
