32	870881.275496	5.319247e-03	2.453092e-04	2.662578e-01	8.610014e-03	1.849174e-01	1.085098e-01	1.264042e-02	2.258297e-02	5.286903e+04	2.578930e+04
32	7736.497645	4.483271e-01	3.094279e-03	2.605867e-01	6.845413e-04	1.173433e-01	8.644334e-03	1.711774e-01	2.207625e-02	5.438927e+04	5.377223e+04
32	21943.138234	5.660379e-07	5.660271e-07	1.409902e-01	1.430060e-01	2.449924e-01	5.999314e-02	1.390050e-01	6.700718e-02	4.079200e+04	1.996300e+04
32	-1.000000	-1.000000e+00	-1.000000e+00	-1.000000e+00	-1.000000e+00	-1.000000e+00	-1.000000e+00	-1.000000e+00	-1.000000e+00	-1.000000e+00	-1.000000e+00
32	580559.385633	4.119581e-01	1.684039e-02	3.420380e-02	1.151725e-03	2.166740e-02	4.570214e-05	2.344295e-06	8.155528e-03	5.036447e+04	1.598273e+04
32	9548.757808	1.226018e-07	1.217833e-07	2.400696e-01	6.013765e-02	1.735478e-01	1.320477e-01	1.098401e-01	1.336567e-01	2.889100e+04	2.760500e+04
32	6631.774879	1.172483e-03	1.172274e-03	3.402068e-01	1.176313e-01	3.272274e-02	7.573351e-03	7.587647e-02	3.903975e-08	5.007505e+04	6.421968e+03
32	9985.460445	1.168348e-09	5.830014e-10	9.300001e-02	8.700000e-02	3.099998e-02	2.480000e-01	2.240000e-01	1.550000e-01	3.796100e+04	3.951000e+04
32	28553.700706	4.399076e-07	1.756814e-07	1.512869e-01	1.791548e-01	9.030589e-02	2.514615e-01	2.167476e-01	2.149342e-01	4.148902e+04	2.741502e+04
32	-1.000000	-1.000000e+00	-1.000000e+00	-1.000000e+00	-1.000000e+00	-1.000000e+00	-1.000000e+00	-1.000000e+00	-1.000000e+00	-1.000000e+00	-1.000000e+00
32	10298.221102	1.268530e-07	1.268529e-07	7.400053e-02	1.659999e-01	2.100000e-01	1.000112e-03	1.609997e-01	2.459995e-01	3.037300e+04	5.669000e+03
32	10760.697391	3.880833e-12	3.106292e-12	2.120386e-01	2.015792e-03	1.209839e-01	1.999241e-02	8.997107e-02	1.869709e-01	1.737700e+04	4.351000e+03
32	10090.316899	8.715223e-07	7.790145e-12	1.588602e-01	1.489987e-01	1.752892e-01	2.231601e-01	4.057693e-02	8.575329e-02	2.630882e+04	4.530959e+03
32	7084.820438	3.565174e+00	2.784839e+00	3.799053e-01	2.811067e-02	5.222337e-03	9.310783e-02	7.411946e-05	1.399674e-01	4.863480e+04	3.685379e+04
32	10064.344528	1.041823e-10	7.813845e-13	4.099993e-02	2.799999e-02	5.399999e-02	8.099995e-02	8.299999e-02	1.499994e-02	4.700600e+04	5.752500e+04
32	9642.686255	3.634363e-06	1.596558e-07	1.889357e-01	1.751552e-01	9.335893e-08	5.784694e-02	1.895846e-01	1.891805e-01	2.289302e+04	2.668801e+04
32	9465.320089	1.328667e-03	4.960063e-07	1.319935e-01	2.238238e-01	2.309826e-01	1.887916e-01	5.597731e-02	2.819347e-02	5.863001e+03	2.345100e+04
32	9828.504923	3.601170e-05	1.908668e-08	1.259943e-01	1.579820e-01	6.803064e-02	1.289936e-01	1.980427e-01	2.110247e-01	1.449800e+04	3.130500e+04
32	9713.606542	1.076150e-05	6.540440e-09	6.500861e-02	4.800380e-02	2.280047e-01	1.500137e-01	1.740119e-01	1.401024e-02	1.762700e+04	3.412900e+04
32	-1.000000	-1.000000e+00	-1.000000e+00	-1.000000e+00	-1.000000e+00	-1.000000e+00	-1.000000e+00	-1.000000e+00	-1.000000e+00	-1.000000e+00	-1.000000e+00
32	7296.772801	7.316426e-01	1.477987e-01	3.822295e-01	8.651304e-09	6.730595e-08	8.918666e-08	4.496562e-03	1.523064e-01	5.363228e+04	4.423163e+04
32	9680.041376	1.439763e-07	2.766609e-10	1.070000e-01	1.849999e-01	2.150000e-01	6.600000e-02	9.599995e-02	5.999996e-02	2.734700e+04	4.128400e+04
32	9366.289379	3.756323e-04	5.170731e-06	2.748654e-02	1.187416e-01	2.407277e-04	1.534903e-01	5.557018e-02	1.702909e-02	1.391011e+04	2.207383e+04
32	9746.603766	4.293539e-07	4.893177e-09	1.690001e-01	1.670001e-01	4.700086e-02	2.259958e-01	1.819995e-01	6.000023e-02	2.519000e+04	3.500200e+04
32	-1.000000	-1.000000e+00	-1.000000e+00	-1.000000e+00	-1.000000e+00	-1.000000e+00	-1.000000e+00	-1.000000e+00	-1.000000e+00	-1.000000e+00	-1.000000e+00
32	9030.731041	8.117855e-01	2.052657e-02	1.956936e-01	3.258695e-04	3.331350e-01	6.294376e-02	3.622878e-06	1.831966e-02	5.239743e+04	4.402009e+02
32	9555.097144	3.539934e-05	1.164903e-07	2.162671e-01	1.858467e-01	1.009007e-01	4.452797e-02	2.040339e-01	4.509817e-02	1.568500e+04	2.726201e+04
32	10070.635496	3.779024e-08	1.872723e-10	2.229997e-01	1.220002e-01	1.310000e-01	1.899983e-02	2.130001e-01	2.490003e-01	2.970400e+04	4.153000e+04
32	-1.000000	-1.000000e+00	-1.000000e+00	-1.000000e+00	-1.000000e+00	-1.000000e+00	-1.000000e+00	-1.000000e+00	-1.000000e+00	-1.000000e+00	-1.000000e+00
32	729093.981411	4.168440e-04	5.765618e-05	1.352495e-01	1.911666e-01	2.910659e-02	2.150128e-01	1.123778e-01	2.549857e-12	4.769898e+04	2.994101e+04
32	9004.616946	3.032851e-04	9.085746e-05	5.169611e-02	1.382312e-01	3.448016e-02	1.832762e-01	1.056457e-08	8.874869e-03	1.653003e+04	1.668551e+04
32	30261.227744	2.011273e-07	1.997371e-07	1.913352e-01	1.019648e-01	1.267732e-01	1.822474e-01	3.237857e-02	5.934561e-02	3.887700e+04	3.178701e+04
32	7459.075050	4.424460e-02	2.318628e-02	3.636859e-01	1.292598e-02	5.430323e-10	1.289241e-02	1.121663e-01	1.519482e-02	5.243857e+04	4.884298e+04
32	7311.192119	3.123688e-01	1.477400e-01	3.035288e-01	1.172246e-03	3.110281e-03	3.274327e-05	1.208101e-01	2.465032e-03	4.222284e+04	4.389121e+04
32	9770.228708	9.606653e-03	1.978602e-07	9.786236e-02	8.005493e-02	9.762115e-02	2.409639e-01	6.401690e-02	2.147898e-01	2.500003e+03	2.654400e+04
32	5991.321887	1.377048e-02	6.014530e-03	2.082935e-01	2.777526e-01	8.775504e-05	3.702447e-01	8.583309e-02	5.342595e-02	4.487860e+04	2.542397e+03
32	10754.782019	2.273675e-21	2.670596e-22	1.600029e-02	1.030012e-01	1.119995e-01	1.300057e-02	4.000185e-02	1.870022e-01	2.672700e+04	5.660000e+02
32	-1.000000	-1.000000e+00	-1.000000e+00	-1.000000e+00	-1.000000e+00	-1.000000e+00	-1.000000e+00	-1.000000e+00	-1.000000e+00	-1.000000e+00	-1.000000e+00
32	6376.418604	8.813491e-04	5.872480e-08	6.088469e-02	3.293689e-01	1.377065e-01	9.951767e-02	4.642329e-02	1.557055e-01	5.210691e+04	2.967895e+04
32	9002.565796	8.900498e-05	8.639048e-05	2.742271e-01	5.056007e-02	1.252022e-01	4.332234e-02	4.063897e-05	1.104278e-01	1.701108e+04	1.410706e+04
32	-1.000000	-1.000000e+00	-1.000000e+00	-1.000000e+00	-1.000000e+00	-1.000000e+00	-1.000000e+00	-1.000000e+00	-1.000000e+00	-1.000000e+00	-1.000000e+00
32	7047.509376	2.044499e-03	2.450476e-07	9.911116e-02	2.611217e-01	1.979792e-01	5.383910e-02	2.290388e-01	3.209611e-02	4.950497e+04	2.576689e+04
32	7366.213406	8.809527e-01	8.840273e-02	3.537783e-01	1.567769e-02	5.920537e-03	5.176134e-02	1.008574e-01	7.322894e-07	4.182956e+04	4.548757e+04
32	73244.129058	3.261859e-07	3.079953e-15	1.960000e-01	2.400000e-01	2.430000e-01	2.490000e-01	4.000000e-03	8.400002e-02	4.299800e+04	5.450400e+04
32	9563.533961	9.763479e-07	2.529669e-08	2.057106e-01	2.809163e-05	9.066327e-02	4.938494e-02	1.540852e-01	3.678485e-02	2.554995e+04	3.268310e+04
32	10931.890455	6.882024e-17	6.818233e-17	1.200021e-01	1.409996e-01	4.799477e-02	1.829985e-01	2.290009e-01	1.829973e-01	2.734800e+04	2.210000e+03
32	47358.196190	6.280076e-06	6.251796e-06	1.956653e-01	1.566961e-01	2.145711e-02	1.051650e-02	5.866167e-08	2.701745e-02	3.171400e+04	2.451000e+04
32	9927.760001	8.233372e-08	8.233317e-08	5.500021e-02	2.110006e-01	1.580004e-01	1.739992e-01	1.000406e-03	1.100011e-01	3.072400e+04	2.322700e+04
32	7314.554178	4.221848e-01	1.283578e-01	3.395975e-01	1.516939e-04	2.267810e-03	1.736875e-09	7.630065e-08	1.759413e-01	4.330001e+04	4.447314e+04
32	10804.498454	7.447412e-08	7.441504e-08	2.092976e-01	8.222754e-02	1.260671e-01	3.442924e-02	9.919970e-02	2.413697e-01	2.159905e+04	7.916954e+03
