0	0.034865	0.030678	0.002534
1	0.034865	0.035483	0.001700
2	0.034865	0.034271	0.000926
3	0.034865	0.034397	0.002076
4	0.034865	0.038426	0.002006
5	0.028205	0.030819	0.004737
6	0.022199	0.035198	0.006264
7	0.974686	4.914845	0.324053
8	0.974686	3.595686	0.344161
9	0.974686	2.237111	0.138275
10	0.974686	1.803882	0.131249
11	0.974686	1.481603	0.116748
12	0.974686	1.379779	0.112209
13	0.974686	1.045466	0.067553
14	1.062884	1.255654	0.151092
15	1.062884	0.713547	0.105383
16	1.062884	0.535935	0.088215
17	1.062884	0.564794	0.129042
18	1.062884	0.409543	0.156596
19	1.223639	1.478878	0.073771
20	1.223639	0.689208	0.119456
21	1.223639	0.417762	0.096698
