0	0.000000	-1.000000	-1.000000
1	0.000000	-1.000000	-1.000000
2	0.000000	-1.000000	-1.000000
3	0.000000	-1.000000	-1.000000
4	0.000000	-1.000000	-1.000000
5	0.000000	-1.000000	-1.000000
6	0.000000	-1.000000	-1.000000
7	0.000000	-1.000000	-1.000000
8	0.000000	-1.000000	-1.000000
9	0.000000	-1.000000	-1.000000
10	0.000000	-1.000000	-1.000000
11	0.000000	-1.000000	-1.000000
12	0.000000	-1.000000	-1.000000
13	0.000000	-1.000000	-1.000000
14	0.000000	-1.000000	-1.000000
15	0.000000	-1.000000	-1.000000
16	0.000000	-1.000000	-1.000000
17	0.000000	-1.000000	-1.000000
18	0.000000	-1.000000	-1.000000
19	0.000000	-1.000000	-1.000000
20	0.000000	-1.000000	-1.000000
21	0.000000	-1.000000	-1.000000
0	0.099396	0.118096	0.024274
1	0.099396	0.093522	0.008729
2	0.099396	0.092374	0.006602
3	0.099396	0.099238	0.012520
4	0.099396	0.108655	0.007571
5	0.080432	0.082844	0.015993
6	0.063322	0.085479	0.019620
7	2.656752	14.309229	7.371041
8	2.656752	22.021307	9.979545
9	2.656752	13.678816	2.776784
10	2.656752	16.178461	2.868963
11	2.656752	7.805859	1.381914
12	2.656752	9.611352	1.662536
13	2.656752	9.196541	1.137811
14	2.896531	5.262990	0.806299
15	2.896531	2.505522	0.310344
16	2.896531	2.487591	0.254309
17	2.896531	2.064120	0.348005
18	2.896531	2.159905	0.426472
19	3.333951	5.652676	0.390458
20	3.333951	2.855177	0.374258
21	3.333951	2.555647	0.325484
0	0.000000	0.085503	0.012224
1	0.000000	0.117168	0.010035
2	0.000000	0.117259	0.007688
3	0.000000	0.109652	0.011905
4	0.000000	0.113332	0.007449
5	0.000000	0.088976	0.020421
6	0.000000	0.063687	0.018782
7	0.000000	12.469396	3.725742
8	0.000000	-1.000000	-1.000000
9	0.000000	13.044261	2.021088
10	0.000000	9.482501	1.558677
11	0.000000	10.091075	1.584382
12	0.000000	8.380266	1.267689
13	0.000000	7.034325	0.720198
14	0.000000	6.700241	1.189699
15	0.000000	2.457733	0.342185
16	0.000000	2.299101	0.308406
17	0.000000	2.584893	0.442720
18	0.000000	2.095084	0.479433
19	0.000000	4.590331	0.387494
20	0.000000	3.248991	0.477856
21	0.000000	2.238408	0.312099
0	0.035629	0.036529	0.003570
1	0.035629	0.034733	0.001431
2	0.035629	0.037527	0.002024
3	0.035629	0.034861	0.002261
4	0.035629	0.035687	0.001750
5	0.028747	0.025883	0.007226
6	0.022572	0.031247	0.012046
7	1.714890	5.231953	0.394776
8	1.714890	4.528605	0.442035
9	1.714890	3.635588	0.219255
10	1.714890	3.018817	0.167728
11	1.714890	2.762894	0.157477
12	1.714890	2.687227	0.242745
13	1.714890	2.000071	0.099302
14	1.873787	1.874155	0.270405
15	1.873787	1.399455	0.245963
16	1.873787	1.038849	0.138754
17	1.873787	0.905039	0.229515
18	1.873787	0.829646	0.240738
19	2.161101	1.795102	0.126578
20	2.161101	0.988109	0.195787
21	2.161101	0.527128	0.209303
0	0.051750	0.041108	0.004522
1	0.051750	0.050192	0.002607
2	0.051750	0.052620	0.001785
3	0.051750	0.054462	0.003694
4	0.051750	0.053927	0.002343
5	0.041775	0.030106	0.006199
6	0.032817	0.068061	0.014641
7	2.180295	6.421841	0.883684
8	2.180295	5.889397	0.820900
9	2.180295	5.055365	0.401949
10	2.180295	4.415098	0.361226
11	2.180295	4.129543	0.321159
12	2.180295	3.594616	0.273858
13	2.180295	2.925750	0.150039
14	2.381377	3.172836	0.386016
15	2.381377	2.070712	0.248313
16	2.381377	1.712263	0.184324
17	2.381377	1.818406	0.247548
18	2.381377	0.944143	0.238453
19	2.745539	3.141002	0.161037
20	2.745539	1.722157	0.224024
21	2.745539	1.141540	0.199258
0	0.030863	0.031365	0.003679
1	0.030863	0.029275	0.002097
2	0.030863	0.031159	0.001177
3	0.030863	0.031589	0.002611
4	0.030863	0.030854	0.002045
5	0.024954	0.023381	0.003695
6	0.019631	0.023439	0.006040
7	0.942745	3.051811	0.375240
8	0.942745	2.663114	0.289132
9	0.942745	2.046024	0.155293
10	0.942745	1.602854	0.147546
11	0.942745	1.525504	0.135679
12	0.942745	1.373644	0.137235
13	0.942745	1.027624	0.087893
14	1.028463	1.538983	0.163052
15	1.028463	0.765079	0.106620
16	1.028463	0.768815	0.087789
17	1.028463	0.747487	0.129293
18	1.028463	0.358885	0.136014
19	1.184447	1.434984	0.079123
20	1.184447	0.718480	0.118580
21	1.184447	0.460747	0.102930
0	0.039626	0.032334	0.002458
1	0.039626	0.036822	0.001653
2	0.039626	0.042344	0.001221
3	0.039626	0.041997	0.002797
4	0.039626	0.040007	0.001918
5	0.032095	0.029945	0.005715
6	0.025289	0.029258	0.009045
7	0.931336	2.873032	0.211334
8	0.931336	3.160872	0.242978
9	0.931336	1.685107	0.124659
10	0.931336	1.373266	0.128003
11	0.931336	1.154263	0.115141
12	0.931336	0.849114	0.116463
13	0.931336	0.794385	0.071912
14	1.014707	1.122533	0.175402
15	1.014707	0.534028	0.136913
16	1.014707	0.662108	0.117213
17	1.014707	0.652016	0.159670
18	1.014707	0.544577	0.191703
19	1.167218	1.173511	0.081948
20	1.167218	0.461246	0.153628
21	1.167218	0.705011	0.161998
0	0.094555	0.090042	0.013699
1	0.094555	0.098242	0.005973
2	0.094555	0.090251	0.004505
3	0.094555	0.088139	0.015794
4	0.094555	0.110782	0.012017
5	0.076328	0.103555	0.020609
6	0.059959	0.056097	0.017649
7	4.002592	12.530043	2.987851
8	4.002592	9.082190	2.352597
9	4.002592	6.673935	0.802346
10	4.002592	5.406728	0.636372
11	4.002592	5.351302	0.591648
12	4.002592	4.316295	0.548441
13	4.002592	3.580105	0.291368
14	4.371803	4.829159	0.606881
15	4.371803	4.594026	0.510563
16	4.371803	4.351794	0.457015
17	4.371803	4.358342	0.604164
18	4.371803	3.048681	0.586297
19	5.040411	5.463008	0.322484
20	5.040411	4.185626	0.544906
21	5.040411	3.738317	0.432013
0	0.061327	0.050482	0.006251
1	0.061327	0.054614	0.004343
2	0.061327	0.062755	0.003783
3	0.061327	0.063257	0.007780
4	0.061327	0.076234	0.005946
5	0.049527	0.059570	0.011576
6	0.038921	0.043457	0.014622
7	2.353619	9.328393	1.981990
8	2.353619	5.640805	0.990912
9	2.353619	5.164907	0.643004
10	2.353619	4.136299	0.603519
11	2.353619	4.177382	0.542427
12	2.353619	3.397975	0.472218
13	2.353619	2.677292	0.299884
14	2.569892	3.026322	0.514238
15	2.569892	2.291387	0.316279
16	2.569892	2.575747	0.275179
17	2.569892	2.024829	0.319603
18	2.569892	1.449829	0.344301
19	2.962051	3.186149	0.220218
20	2.962051	2.456742	0.360867
21	2.962051	1.967597	0.290265
0	0.104188	0.107452	0.006472
1	0.104188	0.106548	0.003227
2	0.104188	0.108890	0.003076
3	0.104188	0.100590	0.005251
4	0.104188	0.101658	0.003074
5	0.084933	0.070502	0.004666
6	0.067316	0.078436	0.008362
7	1.340747	9.631815	1.149519
8	1.340747	9.154350	1.262267
9	1.340747	5.026611	0.323685
10	1.340747	4.880577	0.306534
11	1.340747	4.152020	0.252342
12	1.340747	3.672848	0.241006
13	1.340747	3.181323	0.122085
14	1.454169	2.185055	0.119439
15	1.454169	1.113192	0.075613
16	1.454169	1.027461	0.060876
17	1.454169	1.018615	0.081644
18	1.454169	0.869840	0.101229
19	1.665623	2.056518	0.062224
20	1.665623	1.237274	0.101912
21	1.665623	1.039258	0.089742
0	0.071686	0.063157	0.008206
1	0.071686	0.068380	0.005265
2	0.071686	0.076369	0.004719
3	0.071686	0.075125	0.007781
4	0.071686	0.072880	0.004744
5	0.057998	0.047835	0.008412
6	0.045653	0.055188	0.013022
7	1.971084	12.558200	3.093534
8	1.971084	5.548872	1.004980
9	1.971084	6.432999	0.802000
10	1.971084	5.675660	0.713138
11	1.971084	5.558109	0.712957
12	1.971084	4.266385	0.507604
13	1.971084	4.383267	0.409496
14	2.149275	2.711953	0.361372
15	2.149275	1.837201	0.205482
16	2.149275	1.514224	0.155414
17	2.149275	1.645626	0.231667
18	2.149275	1.682033	0.296728
19	2.474161	2.854629	0.170940
20	2.474161	1.775434	0.227205
21	2.474161	2.456891	0.270112
0	0.063879	0.050569	0.003799
1	0.063879	0.058683	0.002253
2	0.063879	0.064177	0.001861
3	0.063879	0.064934	0.003434
4	0.063879	0.071903	0.002447
5	0.052010	0.055007	0.004627
6	0.041175	0.077422	0.009449
7	0.897950	3.982575	0.365029
8	0.897950	3.771400	0.409384
9	0.897950	1.997860	0.140287
10	0.897950	1.783597	0.136389
11	0.897950	1.654504	0.129058
12	0.897950	1.529752	0.128010
13	0.897950	1.261640	0.072219
14	0.974726	0.939085	0.095644
15	0.974726	0.709085	0.076309
16	0.974726	0.561213	0.064424
17	0.974726	0.699013	0.091878
18	0.974726	0.689846	0.111314
19	1.117352	1.099954	0.051633
20	1.117352	0.819665	0.096218
21	1.117352	0.947682	0.095382
0	0.000000	-1.000000	-1.000000
1	0.000000	0.038920	0.003573
2	0.000000	0.043895	0.002192
3	0.000000	0.040781	0.003891
4	0.000000	0.049994	0.003578
5	0.000000	0.038352	0.006261
6	0.000000	0.052466	0.009721
7	0.000000	3.313015	0.698149
8	0.000000	2.806183	0.717312
9	0.000000	3.738351	0.486999
10	0.000000	5.484346	0.842850
11	0.000000	3.680115	0.481721
12	0.000000	4.330995	0.553598
13	0.000000	3.233512	0.238199
14	0.000000	2.147671	0.285944
15	0.000000	1.809053	0.219149
16	0.000000	1.650536	0.157322
17	0.000000	1.739989	0.306900
18	0.000000	1.436705	0.242725
19	0.000000	3.114647	0.184461
20	0.000000	1.413865	0.202533
21	0.000000	1.293323	0.173947
0	0.000000	-1.000000	-1.000000
1	0.000000	-1.000000	-1.000000
2	0.000000	-1.000000	-1.000000
3	0.000000	-1.000000	-1.000000
4	0.000000	-1.000000	-1.000000
5	0.000000	0.060787	0.014473
6	0.000000	0.061122	0.020624
7	0.000000	-1.000000	-1.000000
8	0.000000	-1.000000	-1.000000
9	0.000000	-1.000000	-1.000000
10	0.000000	-1.000000	-1.000000
11	0.000000	-1.000000	-1.000000
12	0.000000	-1.000000	-1.000000
13	0.000000	-1.000000	-1.000000
14	0.000000	5.586111	0.770395
15	0.000000	3.148882	0.397961
16	0.000000	2.672035	0.302434
17	0.000000	2.055694	0.351447
18	0.000000	1.842397	0.469553
19	0.000000	4.461702	0.257582
20	0.000000	3.117503	0.555466
21	0.000000	2.310380	0.356738
0	0.000000	-1.000000	-1.000000
1	0.000000	-1.000000	-1.000000
2	0.000000	-1.000000	-1.000000
3	0.000000	-1.000000	-1.000000
4	0.000000	-1.000000	-1.000000
5	0.000000	0.021587	0.006702
6	0.000000	0.030839	0.007009
7	0.000000	-1.000000	-1.000000
8	0.000000	-1.000000	-1.000000
9	0.000000	-1.000000	-1.000000
10	0.000000	-1.000000	-1.000000
11	0.000000	-1.000000	-1.000000
12	0.000000	-1.000000	-1.000000
13	0.000000	-1.000000	-1.000000
14	0.000000	-1.000000	-1.000000
15	0.000000	-1.000000	-1.000000
16	0.000000	1.536168	0.339045
17	0.000000	0.334814	0.209207
18	0.000000	0.757275	0.290022
19	0.000000	0.938796	0.057482
20	0.000000	0.690417	0.196792
21	0.000000	0.676908	0.153090
0	0.044631	0.053601	0.007157
1	0.044631	0.048933	0.003999
2	0.044631	0.041636	0.001833
3	0.044631	0.046041	0.004544
4	0.044631	0.048748	0.003637
5	0.036122	0.042718	0.007399
6	0.028442	0.019321	0.010690
7	1.162467	4.264913	0.594763
8	1.162467	4.047514	0.586446
9	1.162467	3.320073	0.354309
10	1.162467	2.753342	0.284051
11	1.162467	2.372505	0.271647
12	1.162467	2.674934	0.274323
13	1.162467	2.089394	0.169336
14	1.267220	1.288665	0.203786
15	1.267220	0.812380	0.149548
16	1.267220	0.736620	0.129330
17	1.267220	0.833809	0.197630
18	1.267220	0.693956	0.210427
19	1.458416	1.361486	0.094609
20	1.458416	0.995121	0.177220
21	1.458416	1.109159	0.240206
0	0.000000	-1.000000	-1.000000
1	0.000000	-1.000000	-1.000000
2	0.000000	-1.000000	-1.000000
3	0.000000	-1.000000	-1.000000
4	0.000000	0.114735	0.012496
5	0.000000	53.271881	55.962414
6	0.000000	0.063065	2.610878
7	0.000000	-1.000000	-1.000000
8	0.000000	-1.000000	-1.000000
9	0.000000	-1.000000	-1.000000
10	0.000000	-1.000000	-1.000000
11	0.000000	-1.000000	-1.000000
12	0.000000	-1.000000	-1.000000
13	0.000000	-1.000000	-1.000000
14	0.000000	-1.000000	-1.000000
15	0.000000	-1.000000	-1.000000
16	0.000000	100.000000	69.954018
17	0.000000	74.586723	68.944328
18	0.000000	-10.000000	0.000000
19	0.000000	-1.000000	-1.000000
20	0.000000	4.262787	12.039973
21	0.000000	-1.000000	-1.000000
0	0.000000	0.016431	0.005294
1	0.000000	0.020337	0.003713
2	0.000000	0.025076	0.002105
3	0.000000	0.022941	0.005166
4	0.000000	0.020545	0.003985
5	0.000000	0.024078	0.009906
6	0.000000	0.031418	0.012928
7	0.000000	3.928750	0.634532
8	0.000000	4.007762	0.713713
9	0.000000	2.896664	0.412754
10	0.000000	-1.000000	-1.000000
11	0.000000	2.620772	0.383222
12	0.000000	2.287187	0.378739
13	0.000000	2.272593	0.295624
14	0.000000	1.115144	0.282413
15	0.000000	1.093374	0.244909
16	0.000000	0.630930	0.202623
17	0.000000	1.216641	0.364898
18	0.000000	1.033870	0.433150
19	0.000000	1.506087	0.131543
20	0.000000	0.797309	0.256950
21	0.000000	1.101059	0.247839
0	0.028733	0.016279	0.006165
1	0.028733	0.023004	0.003090
2	0.028733	0.026078	0.001556
3	0.028733	0.036635	0.003936
4	0.028733	0.045797	0.003573
5	0.023232	0.028109	0.006016
6	0.018277	0.022574	0.008205
7	0.875215	2.880373	0.531325
8	0.875215	2.621279	0.476801
9	0.875215	2.293436	0.320891
10	0.875215	2.346577	0.326587
11	0.875215	2.123185	0.302956
12	0.875215	1.732695	0.280744
13	0.875215	2.452177	0.192282
14	0.954782	0.838239	0.185467
15	0.954782	0.768182	0.205596
16	0.954782	0.870008	0.137799
17	0.954782	0.809576	0.231376
18	0.954782	1.298892	0.242303
19	1.099578	0.713548	0.083911
20	1.099578	0.736436	0.167279
21	1.099578	0.837080	0.156584
0	0.021327	0.021487	0.003007
1	0.021327	0.020101	0.001966
2	0.021327	0.020813	0.001239
3	0.021327	0.022071	0.002890
4	0.021327	0.024926	0.002258
5	0.017228	0.011100	0.004867
6	0.013541	0.014728	0.007445
7	0.777652	2.653304	0.280489
8	0.777652	2.359236	0.263273
9	0.777652	1.683673	0.161950
10	0.777652	2.016275	0.188780
11	0.777652	1.380068	0.167658
12	0.777652	1.165881	0.156876
13	0.777652	1.216647	0.120120
14	0.848956	0.577644	0.157656
15	0.848956	0.434329	0.131167
16	0.848956	0.465073	0.113216
17	0.848956	0.635280	0.174424
18	0.848956	0.432974	0.231796
19	0.978342	0.724700	0.074264
20	0.978342	0.668881	0.172573
21	0.978342	0.512549	0.154150
0	0.025928	0.025572	0.003623
1	0.025928	0.023565	0.002290
2	0.025928	0.026367	0.001370
3	0.025928	0.027776	0.003318
4	0.025928	0.025034	0.002359
5	0.020949	0.029119	0.006336
6	0.016470	0.022205	0.009978
7	0.900037	3.596915	0.440207
8	0.900037	2.888241	0.351892
9	0.900037	2.373836	0.217729
10	0.900037	1.914610	0.197985
11	0.900037	1.860822	0.198305
12	0.900037	1.895092	0.209681
13	0.900037	1.473999	0.128783
14	0.982383	0.992982	0.195583
15	0.982383	0.615105	0.162076
16	0.982383	0.512092	0.133214
17	0.982383	0.527628	0.178698
18	0.982383	0.563868	0.228458
19	1.131916	0.924126	0.086007
20	1.131916	0.451804	0.172715
21	1.131916	0.383432	0.163031
0	0.030372	0.025390	0.003209
1	0.030372	0.030712	0.002096
2	0.030372	0.030721	0.001467
3	0.030372	0.028995	0.003493
4	0.030372	0.031855	0.002888
5	0.024526	0.027647	0.005114
6	0.019273	0.023118	0.007078
7	1.182619	3.260126	0.376630
8	1.182619	3.290333	0.326055
9	1.182619	2.666535	0.194210
10	1.182619	2.364653	0.194337
11	1.182619	1.917611	0.182427
12	1.182619	2.164768	0.213043
13	1.182619	1.680623	0.156883
14	1.291354	1.294740	0.170718
15	1.291354	1.007555	0.137936
16	1.291354	0.803612	0.117376
17	1.291354	1.021540	0.195217
18	1.291354	0.579579	0.223865
19	1.488479	1.303082	0.075773
20	1.488479	0.954488	0.156980
21	1.488479	0.853290	0.189669
0	0.039903	0.036993	0.005289
1	0.039903	0.036259	0.003572
2	0.039903	0.039515	0.002223
3	0.039903	0.035700	0.006089
4	0.039903	0.046382	0.004496
5	0.032345	0.040375	0.006655
6	0.025505	0.033406	0.007295
7	0.848271	5.762752	1.009687
8	0.848271	4.562142	0.609234
9	0.848271	2.925317	0.343311
10	0.848271	2.302624	0.329184
11	0.848271	2.274568	0.345405
12	0.848271	1.905099	0.310269
13	0.848271	1.535328	0.228796
14	0.923664	1.377814	0.205997
15	0.923664	0.663578	0.145978
16	0.923664	0.679238	0.118900
17	0.923664	0.630940	0.172855
18	0.923664	0.746712	0.216397
19	1.061914	1.163063	0.083488
20	1.061914	0.517296	0.149317
21	1.061914	0.640604	0.125697
0	0.024741	0.021755	0.004296
1	0.024741	0.023373	0.002843
2	0.024741	0.025751	0.001437
3	0.024741	0.020503	0.004387
4	0.024741	0.027338	0.003934
5	0.020022	0.014489	0.006041
6	0.015763	0.015455	0.008109
7	0.655715	2.473616	0.312597
8	0.655715	2.525970	0.360388
9	0.655715	1.878615	0.245305
10	0.655715	1.715205	0.261140
11	0.655715	1.631080	0.273508
12	0.655715	1.547032	0.277934
13	0.655715	1.066340	0.187765
14	0.714865	0.875804	0.183401
15	0.714865	0.467306	0.176877
16	0.714865	0.308084	0.144011
17	0.714865	0.455550	0.152050
18	0.714865	0.346534	0.232124
19	0.822788	0.721764	0.081113
20	0.822788	0.386831	0.146780
21	0.822788	0.564492	0.146044
0	0.025428	0.026695	0.003738
1	0.025428	0.026745	0.002236
2	0.025428	0.025397	0.001362
3	0.025428	0.023466	0.003165
4	0.025428	0.025457	0.002300
5	0.020589	0.018145	0.004297
6	0.016217	0.011127	0.006493
7	0.625257	2.895161	0.298750
8	0.625257	2.745723	0.321249
9	0.625257	1.632660	0.168542
10	0.625257	1.513681	0.177513
11	0.625257	1.447335	0.174278
12	0.625257	1.298171	0.174233
13	0.625257	1.106535	0.111511
14	0.681397	0.808779	0.149230
15	0.681397	0.398661	0.117784
16	0.681397	0.381476	0.097106
17	0.681397	0.348242	0.133410
18	0.681397	0.229825	0.168996
19	0.783989	0.627690	0.061866
20	0.783989	0.420277	0.122008
21	0.783989	0.487844	0.119586
0	0.021530	0.024280	0.003907
1	0.021530	0.020118	0.002426
2	0.021530	0.021028	0.001291
3	0.021530	0.025839	0.003651
4	0.021530	0.023231	0.003272
5	0.017400	0.013888	0.004797
6	0.013683	0.010771	0.008023
7	0.712855	3.229555	0.424776
8	0.712855	2.459937	0.327101
9	0.712855	1.693922	0.184974
10	0.712855	2.000307	0.200175
11	0.712855	1.285526	0.172082
12	0.712855	1.437450	0.185582
13	0.712855	1.120567	0.128239
14	0.777931	0.895925	0.169870
15	0.777931	0.405107	0.146744
16	0.777931	0.439317	0.123425
17	0.777931	0.393036	0.160386
18	0.777931	0.468473	0.233143
19	0.896192	0.769012	0.067664
20	0.896192	0.474954	0.145936
21	0.896192	0.439175	0.129433
0	0.026415	0.014107	0.000587
1	0.026415	0.027527	0.000637
2	0.026415	0.027851	0.000444
3	0.026415	0.026163	0.000968
4	0.026415	0.030019	0.000376
5	0.021300	0.020615	0.005586
6	0.016716	0.021241	0.011426
7	1.511006	2.653319	0.042622
8	1.511006	3.399730	0.129151
9	1.511006	2.166333	0.043180
10	1.511006	2.088677	0.069559
11	1.511006	2.117877	0.020156
12	1.511006	1.659845	0.040338
13	1.511006	1.467794	0.050739
14	1.651737	1.099935	0.103710
15	1.651737	0.660475	0.021293
16	1.651737	1.421054	0.267642
17	1.651737	1.399970	0.236474
18	1.651737	1.976802	0.483199
19	1.905762	1.089135	0.057312
20	1.905762	1.416144	0.208943
21	1.905762	2.372211	0.301037
0	0.035489	0.035462	0.003299
1	0.035489	0.037023	0.002143
2	0.035489	0.037249	0.001447
3	0.035489	0.029183	0.003848
4	0.035489	0.030523	0.002946
5	0.028785	0.021216	0.006204
6	0.022709	0.016355	0.008572
7	0.704826	3.181598	0.261290
8	0.704826	2.734892	0.238220
9	0.704826	2.033444	0.160043
10	0.704826	1.737819	0.178352
11	0.704826	1.470966	0.188830
12	0.704826	1.175218	0.187255
13	0.704826	0.920244	0.130541
14	0.767139	0.817517	0.167650
15	0.767139	0.451271	0.140342
16	0.767139	0.394628	0.118108
17	0.767139	0.336846	0.183739
18	0.767139	0.328584	0.249657
19	0.881607	0.542687	0.072012
20	0.881607	0.290076	0.156099
21	0.881607	0.477947	0.145969
0	0.000000	0.031860	0.004006
1	0.000000	0.028139	0.002730
2	0.000000	0.028609	0.001438
3	0.000000	0.032871	0.005132
4	0.000000	0.027338	0.003934
5	0.000000	0.027288	0.007651
6	0.000000	0.024313	0.008274
7	0.000000	2.741187	0.412631
8	0.000000	2.638926	0.323232
9	0.000000	1.877349	0.243328
10	0.000000	-1.000000	-1.000000
11	0.000000	1.658447	0.267834
12	0.000000	1.370143	0.264818
13	0.000000	1.141094	0.200988
14	0.000000	0.695781	0.182861
15	0.000000	0.612791	0.162170
16	0.000000	0.454975	0.132727
17	0.000000	0.570706	0.163768
18	0.000000	0.548288	0.229035
19	0.000000	0.799857	0.080616
20	0.000000	0.638828	0.165335
21	0.000000	0.562429	0.146215
0	0.000000	0.051868	0.009089
1	0.000000	0.051490	0.007320
2	0.000000	0.050235	0.004398
3	0.000000	0.052339	0.010029
4	0.000000	0.058584	0.005776
5	0.000000	0.053957	0.013226
6	0.000000	0.064430	0.026967
7	0.000000	17.166441	7.071486
8	0.000000	9.819869	4.963382
9	0.000000	3.902888	0.465090
10	0.000000	-1.000000	-1.000000
11	0.000000	2.702591	0.385391
12	0.000000	2.341743	0.297141
13	0.000000	2.508368	0.213934
14	0.000000	2.186239	0.431063
15	0.000000	1.605464	0.295684
16	0.000000	1.409986	0.241291
17	0.000000	1.340420	0.324030
18	0.000000	1.000778	0.390438
19	0.000000	1.522756	0.121600
20	0.000000	0.598112	0.230910
21	0.000000	1.091162	0.254163
0	0.000000	0.055822	0.005549
1	0.000000	0.053037	0.003674
2	0.000000	0.075649	0.003097
3	0.000000	0.053117	0.005077
4	0.000000	0.100108	0.004495
5	0.000000	0.055839	0.008353
6	0.000000	0.034470	0.011351
7	0.000000	3.947649	0.456666
8	0.000000	3.065516	0.376609
9	0.000000	1.654159	0.199915
10	0.000000	1.788724	0.220608
11	0.000000	-1.000000	-1.000000
12	0.000000	1.463120	0.194734
13	0.000000	1.130646	0.137064
14	0.000000	0.742129	0.185672
15	0.000000	1.450224	0.150488
16	0.000000	0.998151	0.126498
17	0.000000	1.030321	0.203552
18	0.000000	0.268480	0.236578
19	0.000000	0.891863	0.084603
20	0.000000	0.422189	0.161549
21	0.000000	0.795743	0.178052
0	0.053439	0.065407	0.004675
1	0.053439	0.058220	0.002755
2	0.053439	0.052498	0.001752
3	0.053439	0.051967	0.003902
4	0.053439	0.049602	0.002520
5	0.043452	0.035274	0.006421
6	0.034359	0.029984	0.008742
7	0.834709	4.064131	0.383167
8	0.834709	2.848391	0.286780
9	0.834709	1.522408	0.143572
10	0.834709	1.442466	0.149370
11	0.834709	1.363457	0.152007
12	0.834709	1.154641	0.142847
13	0.834709	1.134044	0.092898
14	0.906903	0.654985	0.145462
15	0.906903	0.378466	0.125419
16	0.906903	0.478514	0.110087
17	0.906903	0.637752	0.165802
18	0.906903	0.339906	0.203976
19	1.040502	0.986976	0.076361
20	1.040502	0.557255	0.154049
21	1.040502	0.579432	0.142206
0	0.177841	0.202736	0.011779
1	0.177841	0.182098	0.005141
2	0.177841	0.182766	0.004669
3	0.177841	0.169968	0.007239
4	0.177841	0.171049	0.004837
5	0.146326	0.124118	0.009380
6	0.116975	0.126499	0.013788
7	1.412978	10.753469	1.324407
8	1.412978	9.555194	1.848321
9	1.412978	4.431535	0.230800
10	1.412978	3.750499	0.200028
11	1.412978	3.354036	0.174689
12	1.412978	2.929799	0.159546
13	1.412978	2.386410	0.081224
14	1.523431	2.414436	0.121807
15	1.523431	1.197903	0.075566
16	1.523431	0.994513	0.064702
17	1.523431	0.979627	0.085687
18	1.523431	0.617463	0.088246
19	1.734823	2.257687	0.071130
20	1.734823	1.340038	0.105723
21	1.734823	0.977688	0.083702
0	0.000000	-1.000000	-1.000000
1	0.000000	-1.000000	-1.000000
2	0.000000	-1.000000	-1.000000
3	0.000000	-1.000000	-1.000000
4	0.000000	-1.000000	-1.000000
5	0.000000	0.022055	0.006446
6	0.000000	0.024878	0.009987
7	0.000000	-1.000000	-1.000000
8	0.000000	-1.000000	-1.000000
9	0.000000	-1.000000	-1.000000
10	0.000000	-1.000000	-1.000000
11	0.000000	-1.000000	-1.000000
12	0.000000	-1.000000	-1.000000
13	0.000000	-1.000000	-1.000000
14	0.000000	1.045739	0.094770
15	0.000000	0.633420	0.052279
16	0.000000	0.441889	0.073868
17	0.000000	0.417924	0.179466
18	0.000000	0.865983	0.272842
19	0.000000	0.683335	0.126532
20	0.000000	0.690791	0.198035
21	0.000000	0.610460	0.190414
0	0.299554	0.342795	0.020233
1	0.299554	0.359607	0.011021
2	0.299554	0.350880	0.009761
3	0.299554	0.317083	0.014591
4	0.299554	0.227773	0.007351
5	0.248289	0.367749	0.045651
6	0.199864	0.340576	0.063288
7	1.848231	14.846962	1.648730
8	1.848231	11.218942	1.191202
9	1.848231	5.024329	0.288563
10	1.848231	4.140251	0.231010
11	1.848231	3.398615	0.185589
12	1.848231	2.925580	0.169140
13	1.848231	2.373730	0.080932
14	1.984262	2.474827	0.148221
15	1.984262	1.306147	0.142911
16	1.984262	1.326940	0.089969
17	1.984262	1.307748	0.111042
18	1.984262	1.196575	0.128016
19	2.249774	2.534198	0.077575
20	2.249774	1.815799	0.127819
21	2.249774	1.420204	0.124358
0	0.000000	0.058082	0.006523
1	0.000000	0.050514	0.003352
2	0.000000	0.060166	0.003561
3	0.000000	0.050117	0.005191
4	0.000000	0.088130	0.010697
5	0.000000	0.020924	0.007265
6	0.000000	0.062409	0.039706
7	0.000000	13.842155	7.313767
8	0.000000	2.609394	0.398905
9	0.000000	2.706942	0.280605
10	0.000000	-10.000000	0.000000
11	0.000000	3.214460	1.396124
12	0.000000	1.501010	0.587874
13	0.000000	1.489849	0.151108
14	0.000000	2.002736	0.262790
15	0.000000	1.098411	0.219186
16	0.000000	1.211530	0.171177
17	0.000000	1.063515	0.224896
18	0.000000	1.116788	0.404986
19	0.000000	1.857248	0.135194
20	0.000000	1.001030	0.174500
21	0.000000	0.920710	0.158587
0	0.037391	0.032747	0.003906
1	0.037391	0.035255	0.002769
2	0.037391	0.036660	0.002217
3	0.037391	0.040741	0.003680
4	0.037391	0.040335	0.003199
5	0.030237	0.029211	0.004354
6	0.023791	0.036703	0.006222
7	1.109515	6.189742	0.913708
8	1.109515	4.971531	0.555422
9	1.109515	3.704265	0.322901
10	1.109515	3.320118	0.295852
11	1.109515	2.568355	0.219758
12	1.109515	2.374509	0.218533
13	1.109515	2.043167	0.146297
14	1.210243	1.592629	0.173768
15	1.210243	0.948998	0.109555
16	1.210243	0.811747	0.093726
17	1.210243	0.617888	0.122109
18	1.210243	0.505717	0.148593
19	1.393634	1.590314	0.066088
20	1.393634	0.847301	0.121044
21	1.393634	0.910201	0.122753
0	0.017097	0.016012	0.009357
1	0.017097	0.014307	0.004948
2	0.017097	0.018916	0.002521
3	0.017097	0.018142	0.005766
4	0.017097	0.014204	0.003776
5	0.013764	0.013496	0.006312
6	0.010785	0.012581	0.009248
7	2.175840	6.492885	2.325831
8	2.175840	11.174950	3.898943
9	2.175840	4.979568	1.070986
10	2.175840	4.163692	0.999894
11	2.175840	3.745241	0.739098
12	2.175840	3.327530	0.618156
13	2.175840	2.477528	0.377505
14	2.381566	5.183889	1.071419
15	2.381566	3.357431	0.470391
16	2.381566	2.742395	0.336467
17	2.381566	2.164225	0.372931
18	2.381566	1.571479	0.373506
19	2.751029	7.125452	0.598857
20	2.751029	2.223793	0.331957
21	2.751029	1.437175	0.252330
0	0.013868	0.016851	0.003629
1	0.013868	0.012718	0.002563
2	0.013868	0.011019	0.001461
3	0.013868	0.017624	0.003390
4	0.013868	0.018494	0.002447
5	0.011163	0.013255	0.005437
6	0.008747	0.019788	0.007801
7	1.923201	5.683513	0.841570
8	1.923201	5.346806	0.675497
9	1.923201	3.995753	0.408487
10	1.923201	3.540242	0.425614
11	1.923201	2.789005	0.344437
12	1.923201	2.900869	0.351594
13	1.923201	2.151787	0.204821
14	2.105222	4.676102	0.708182
15	2.105222	2.592065	0.374296
16	2.105222	2.065247	0.258986
17	2.105222	1.612218	0.300739
18	2.105222	0.993535	0.273274
19	2.432004	3.935055	0.259900
20	2.432004	1.683543	0.252748
21	2.432004	1.131605	0.173629
0	0.026960	0.027241	0.004582
1	0.026960	0.027539	0.002759
2	0.026960	0.027597	0.001804
3	0.026960	0.026951	0.003943
4	0.026960	0.026104	0.002749
5	0.021789	0.017372	0.004522
6	0.017135	0.013091	0.014998
7	0.886227	4.684455	0.803676
8	0.886227	3.502618	0.503295
9	0.886227	2.444252	0.263669
10	0.886227	1.831278	0.239920
11	0.886227	1.580121	0.213458
12	0.886227	1.488382	0.214514
13	0.886227	1.057664	0.137604
14	0.967103	1.237353	0.156545
15	0.967103	0.603602	0.125401
16	0.967103	0.623260	0.109724
17	0.967103	0.875226	0.163418
18	0.967103	0.372116	0.191706
19	1.114092	1.387745	0.083226
20	1.114092	0.672983	0.145527
21	1.114092	0.369983	0.137226
0	0.034526	0.034938	0.002416
1	0.034526	0.033906	0.003350
2	0.034526	0.035618	0.001069
3	0.034526	0.035399	0.012051
4	0.034526	0.028590	0.002448
5	0.027892	0.029783	0.007854
6	0.021926	0.018609	0.009305
7	1.232833	5.289833	1.024268
8	1.232833	4.818124	0.502334
9	1.232833	3.035078	0.308397
10	1.232833	2.718829	0.310177
11	1.232833	2.209286	0.389651
12	1.232833	2.424365	0.302573
13	1.232833	1.805111	0.411666
14	1.345770	2.174495	0.312524
15	1.345770	0.703619	0.211303
16	1.345770	0.971705	0.130379
17	1.345770	0.932907	0.252383
18	1.345770	0.606324	0.292058
19	1.550766	1.825538	0.139597
20	1.550766	0.968114	0.193218
21	1.550766	0.679689	0.205167
0	0.047797	0.051796	0.005116
1	0.047797	0.049931	0.003258
2	0.047797	0.045249	0.001537
3	0.047797	0.060452	0.005467
4	0.047797	0.047327	0.002319
5	0.038657	0.052994	0.007861
6	0.030419	0.043572	0.007147
7	1.390783	4.268517	0.442320
8	1.390783	4.770909	0.797595
9	1.390783	2.580153	0.200468
10	1.390783	2.483703	0.133158
11	1.390783	2.056419	0.138790
12	1.390783	2.054838	0.155214
13	1.390783	1.634712	0.143627
14	1.516913	1.854412	0.250494
15	1.516913	1.049653	0.134436
16	1.516913	0.940618	0.126451
17	1.516913	0.896699	0.169193
18	1.516913	0.800439	0.204965
19	1.746634	1.941827	0.094115
20	1.746634	0.948386	0.125435
21	1.746634	0.901422	0.155292
0	0.061674	0.080919	0.017037
1	0.061674	0.062547	0.008836
2	0.061674	0.068624	0.007445
3	0.061674	0.051484	0.012709
4	0.061674	0.066213	0.009552
5	0.050023	0.019027	0.011767
6	0.039465	0.034606	0.017305
7	1.225953	6.077008	1.772793
8	1.225953	6.443340	1.656077
9	1.225953	2.734181	0.548000
10	1.225953	2.126723	0.492926
11	1.225953	2.437287	0.515038
12	1.225953	1.300633	0.411761
13	1.225953	1.766811	0.362992
14	1.334347	1.866663	0.466745
15	1.334347	0.908416	0.318278
16	1.334347	1.211499	0.273412
17	1.334347	0.620832	0.400583
18	1.334347	1.217833	0.634166
19	1.533458	1.533082	0.158907
20	1.533458	1.189655	0.380715
21	1.533458	0.781686	0.317637
0	0.043742	0.039911	0.009199
1	0.043742	0.037186	0.005791
2	0.043742	0.046329	0.004245
3	0.043742	0.043964	0.010178
4	0.043742	0.047400	0.006249
5	0.035452	0.030428	0.011862
6	0.027950	0.036714	0.015185
7	0.947000	3.909328	0.997784
8	0.947000	3.717459	0.831780
9	0.947000	2.959978	0.552895
10	0.947000	2.058792	0.487371
11	0.947000	1.915073	0.426360
12	0.947000	1.758236	0.413278
13	0.947000	1.481784	0.280918
14	1.031283	1.419506	0.433466
15	1.031283	0.870797	0.309791
16	1.031283	0.816254	0.250897
17	1.031283	0.078094	0.223078
18	1.031283	0.822613	0.696444
19	1.185762	1.362600	0.158936
20	1.185762	0.311204	0.282247
21	1.185762	0.954344	0.235497
0	0.000000	0.019127	0.002569
1	0.000000	0.022404	0.001726
2	0.000000	0.021085	0.000964
3	0.000000	0.024324	0.002394
4	0.000000	0.023331	0.001849
5	0.000000	0.024957	0.006782
6	0.000000	0.013132	0.008972
7	0.000000	2.187386	0.238562
8	0.000000	-1.000000	-1.000000
9	0.000000	1.530283	0.143832
10	0.000000	1.480518	0.134793
11	0.000000	1.410734	0.127345
12	0.000000	1.139219	0.120874
13	0.000000	0.928352	0.083644
14	0.000000	1.315275	0.451562
15	0.000000	0.605249	0.202313
16	0.000000	0.418614	0.157289
17	0.000000	0.618109	0.239978
18	0.000000	0.557373	0.314213
19	0.000000	1.060250	0.194518
20	0.000000	0.902225	0.340254
21	0.000000	0.497882	0.224872
0	0.020894	0.022512	0.006605
1	0.020894	0.018298	0.004350
2	0.020894	0.021993	0.002564
3	0.020894	0.019326	0.006109
4	0.020894	0.020900	0.004592
5	0.016880	0.021328	0.009682
6	0.013271	0.004693	0.008669
7	0.734559	2.249395	0.453182
8	0.734559	2.149297	0.412790
9	0.734559	1.762812	0.323571
10	0.734559	1.472565	0.312792
11	0.734559	1.217066	0.292092
12	0.734559	0.931307	0.279703
13	0.734559	0.991307	0.237162
14	0.801804	0.911012	0.276099
15	0.801804	0.626933	0.256744
16	0.801804	0.402303	0.205697
17	0.801804	0.488707	0.325897
18	0.801804	0.187594	0.411425
19	0.923891	0.669326	0.113864
20	0.923891	0.625327	0.241045
21	0.923891	1.259552	0.308127
0	0.011821	0.011555	0.002254
1	0.011821	0.010316	0.002722
2	0.011821	0.011798	0.000862
3	0.011821	0.011630	0.001989
4	0.011821	0.012680	0.001639
5	0.009523	0.007669	0.003442
6	0.007468	0.013931	0.005793
7	0.949791	2.374218	0.215311
8	0.949791	2.069714	0.199373
9	0.949791	1.427983	0.123206
10	0.949791	1.002658	0.126063
11	0.949791	1.149289	0.131244
12	0.949791	1.064197	0.130805
13	0.949791	0.965152	0.085439
14	1.038953	1.326617	0.147051
15	1.038953	0.681528	0.110066
16	1.038953	0.725385	0.095925
17	1.038953	0.527771	0.144768
18	1.038953	0.590904	0.185519
19	1.199466	1.362709	0.081879
20	1.199466	0.810565	0.143127
21	1.199466	0.791345	0.144344
0	0.010565	0.001530	0.004922
1	0.010565	0.004477	0.003661
2	0.010565	0.012006	0.001877
3	0.010565	0.010977	0.004308
4	0.010565	0.012441	0.003063
5	0.008502	0.009653	0.006230
6	0.006660	0.032746	0.009955
7	1.949828	6.384055	1.679040
8	1.949828	5.467576	1.156670
9	1.949828	4.784546	0.719042
10	1.949828	4.639501	0.776646
11	1.949828	3.463796	0.547092
12	1.949828	2.581881	0.392762
13	1.949828	2.019034	0.253930
14	2.134885	6.536340	1.425214
15	2.134885	2.910738	0.441712
16	2.134885	2.635689	0.328761
17	2.134885	2.162322	0.415268
18	2.134885	0.853979	0.340296
19	2.466804	7.485133	0.664431
20	2.466804	1.976631	0.324538
21	2.466804	1.056113	0.233642
0	0.015625	0.018822	0.002037
1	0.015625	0.011238	0.001322
2	0.015625	0.016454	0.000691
3	0.015625	0.015893	0.001700
4	0.015625	0.015574	0.001276
5	0.012572	0.009319	0.003958
6	0.009847	0.015607	0.006105
7	3.107632	7.143782	0.531572
8	3.107632	7.658774	0.675108
9	3.107632	7.323032	0.561875
10	3.107632	5.244482	0.379196
11	3.107632	4.066967	0.280954
12	3.107632	3.695685	0.247058
13	3.107632	2.612838	0.118739
14	3.402754	10.241027	1.245352
15	3.402754	5.416026	0.456464
16	3.402754	4.246176	0.306896
17	3.402754	3.547108	0.395517
18	3.402754	1.888844	0.292473
19	3.931980	14.478073	0.953977
20	3.931980	3.719015	0.387743
21	3.931980	1.998116	0.203930
0	0.021204	0.011590	0.006179
1	0.021204	0.021196	0.002662
2	0.021204	0.022417	0.001174
3	0.021204	0.021194	0.002571
4	0.021204	0.018776	0.001899
5	0.017142	0.017333	0.004881
6	0.013484	0.015200	0.006499
7	0.660714	3.671066	0.645420
8	0.660714	2.644067	0.568841
9	0.660714	1.556333	0.205280
10	0.660714	1.239955	0.185902
11	0.660714	1.197697	0.161456
12	0.660714	1.035752	0.154440
13	0.660714	0.766897	0.099144
14	0.720851	0.648251	0.204331
15	0.720851	0.447718	0.126792
16	0.720851	0.325421	0.106944
17	0.720851	0.539437	0.161780
18	0.720851	0.242192	0.193108
19	0.830245	1.100430	0.088636
20	0.830245	0.398154	0.147988
21	0.830245	0.346270	0.128728
0	0.000000	0.076366	0.003307
1	0.000000	0.061504	0.001609
2	0.000000	0.057391	0.001273
3	0.000000	0.055001	0.002348
4	0.000000	0.054924	0.001642
5	0.000000	0.042665	0.003423
6	0.000000	0.047336	0.005334
7	0.000000	4.497909	0.331178
8	0.000000	3.898881	0.279068
9	0.000000	2.177873	0.118022
10	0.000000	1.842880	0.110697
11	0.000000	1.595312	0.100484
12	0.000000	1.628303	0.105910
13	0.000000	1.413670	0.060780
14	0.000000	1.044876	0.085284
15	0.000000	0.556753	0.065574
16	0.000000	0.559580	0.054572
17	0.000000	0.604729	0.077382
18	0.000000	0.382055	0.094453
19	0.000000	1.141837	0.046378
20	0.000000	0.595124	0.083184
21	0.000000	0.564125	0.072293
0	0.000000	0.015442	0.001813
1	0.000000	0.014934	0.001256
2	0.000000	0.018002	0.000682
3	0.000000	0.017388	0.001645
4	0.000000	0.012774	0.001393
5	0.000000	0.015441	0.006972
6	0.000000	0.005626	0.007815
7	0.000000	1.888019	0.148869
8	0.000000	1.582413	0.141980
9	0.000000	1.050190	0.085249
10	0.000000	0.922559	0.090091
11	0.000000	0.833301	0.090961
12	0.000000	0.805559	0.090745
13	0.000000	0.536982	0.053403
14	0.000000	1.028816	0.167710
15	0.000000	0.250596	0.176294
16	0.000000	0.268018	0.154107
17	0.000000	0.811131	0.247703
18	0.000000	-1.000000	-1.000000
19	0.000000	0.820293	0.075641
20	0.000000	0.318034	0.202584
21	0.000000	0.304256	0.167518
0	0.000000	0.023258	0.002252
1	0.000000	0.024809	0.001263
2	0.000000	0.025472	0.000846
3	0.000000	0.025484	0.001697
4	0.000000	0.025423	0.001379
5	0.000000	0.022450	0.005292
6	0.000000	0.011745	0.006728
7	0.000000	2.862083	0.209964
8	0.000000	2.599858	0.190635
9	0.000000	1.631242	0.105011
10	0.000000	1.347525	0.092998
11	0.000000	1.175321	0.082782
12	0.000000	0.986154	0.089573
13	0.000000	0.750496	0.051538
14	0.000000	1.392826	0.206985
15	0.000000	0.442240	0.142484
16	0.000000	0.486263	0.122044
17	0.000000	0.764343	0.172346
18	0.000000	0.492626	0.195984
19	0.000000	1.254037	0.089516
20	0.000000	0.695943	0.145785
21	0.000000	0.488450	0.142770
0	0.034865	0.030678	0.002534
1	0.034865	0.035483	0.001700
2	0.034865	0.034271	0.000926
3	0.034865	0.034397	0.002076
4	0.034865	0.038426	0.002006
5	0.028205	0.030819	0.004737
6	0.022199	0.035198	0.006264
7	0.974686	4.914845	0.324053
8	0.974686	3.595686	0.344161
9	0.974686	2.237111	0.138275
10	0.974686	1.803882	0.131249
11	0.974686	1.481603	0.116748
12	0.974686	1.379779	0.112209
13	0.974686	1.045466	0.067553
14	1.062884	1.255654	0.151092
15	1.062884	0.713547	0.105383
16	1.062884	0.535935	0.088215
17	1.062884	0.564794	0.129042
18	1.062884	0.409543	0.156596
19	1.223639	1.478878	0.073771
20	1.223639	0.689208	0.119456
21	1.223639	0.417762	0.096698
0	0.045367	0.044748	0.002909
1	0.045367	0.044343	0.001637
2	0.045367	0.045422	0.001157
3	0.045367	0.045259	0.002349
4	0.045367	0.046841	0.001765
5	0.036754	0.031947	0.004617
6	0.028966	0.039497	0.008096
7	1.032324	6.125443	0.570611
8	1.032324	4.569273	0.488332
9	1.032324	2.572507	0.150879
10	1.032324	2.040476	0.135743
11	1.032324	1.622762	0.119359
12	1.032324	1.428106	0.109861
13	1.032324	1.219261	0.067583
14	1.124531	1.477302	0.152840
15	1.124531	0.507620	0.100523
16	1.124531	0.593115	0.082779
17	1.124531	0.448418	0.119094
18	1.124531	0.369322	0.149072
19	1.293329	1.650042	0.074295
20	1.293329	0.654976	0.119093
21	1.293329	0.547817	0.117766
0	0.078892	0.079226	0.006183
1	0.078892	0.079553	0.003371
2	0.078892	0.081348	0.002582
3	0.078892	0.077237	0.004590
4	0.078892	0.078479	0.003029
5	0.064026	0.046008	0.006542
6	0.050540	0.051857	0.010522
7	1.472059	10.415809	2.478157
8	1.472059	13.027592	3.393851
9	1.472059	5.487686	0.442790
10	1.472059	4.902962	0.385677
11	1.472059	4.365438	0.324550
12	1.472059	3.599472	0.261080
13	1.472059	3.312259	0.162412
14	1.601530	2.479279	0.235945
15	1.601530	0.949955	0.118167
16	1.601530	0.957203	0.103072
17	1.601530	1.022396	0.158337
18	1.601530	0.890974	0.177108
19	1.839778	2.480999	0.120869
20	1.839778	1.385868	0.167515
21	1.839778	0.935067	0.138994
