0	0.000000	0.076366	0.003307
1	0.000000	0.061504	0.001609
2	0.000000	0.057391	0.001273
3	0.000000	0.055001	0.002348
4	0.000000	0.054924	0.001642
5	0.000000	0.042665	0.003423
6	0.000000	0.047336	0.005334
7	0.000000	4.497909	0.331178
8	0.000000	3.898881	0.279068
9	0.000000	2.177873	0.118022
10	0.000000	1.842880	0.110697
11	0.000000	1.595312	0.100484
12	0.000000	1.628303	0.105910
13	0.000000	1.413670	0.060780
14	0.000000	1.044876	0.085284
15	0.000000	0.556753	0.065574
16	0.000000	0.559580	0.054572
17	0.000000	0.604729	0.077382
18	0.000000	0.382055	0.094453
19	0.000000	1.141837	0.046378
20	0.000000	0.595124	0.083184
21	0.000000	0.564125	0.072293
