0	0.099396	0.118096	0.024274
1	0.099396	0.093522	0.008729
2	0.099396	0.092374	0.006602
3	0.099396	0.099238	0.012520
4	0.099396	0.108655	0.007571
5	0.080432	0.082844	0.015993
6	0.063322	0.085479	0.019620
7	2.656752	14.309229	7.371041
8	2.656752	22.021307	9.979545
9	2.656752	13.678816	2.776784
10	2.656752	16.178461	2.868963
11	2.656752	7.805859	1.381914
12	2.656752	9.611352	1.662536
13	2.656752	9.196541	1.137811
14	2.896531	5.262990	0.806299
15	2.896531	2.505522	0.310344
16	2.896531	2.487591	0.254309
17	2.896531	2.064120	0.348005
18	2.896531	2.159905	0.426472
19	3.333951	5.652676	0.390458
20	3.333951	2.855177	0.374258
21	3.333951	2.555647	0.325484
