0	0.000000	-1.000000	-1.000000
1	0.000000	-1.000000	-1.000000
2	0.000000	-1.000000	-1.000000
3	0.000000	-1.000000	-1.000000
4	0.000000	-1.000000	-1.000000
5	0.000000	0.021587	0.006702
6	0.000000	0.030839	0.007009
7	0.000000	-1.000000	-1.000000
8	0.000000	-1.000000	-1.000000
9	0.000000	-1.000000	-1.000000
10	0.000000	-1.000000	-1.000000
11	0.000000	-1.000000	-1.000000
12	0.000000	-1.000000	-1.000000
13	0.000000	-1.000000	-1.000000
14	0.000000	-1.000000	-1.000000
15	0.000000	-1.000000	-1.000000
16	0.000000	1.536168	0.339045
17	0.000000	0.334814	0.209207
18	0.000000	0.757275	0.290022
19	0.000000	0.938796	0.057482
20	0.000000	0.690417	0.196792
21	0.000000	0.676908	0.153090
