0	0.043742	0.039911	0.009199
1	0.043742	0.037186	0.005791
2	0.043742	0.046329	0.004245
3	0.043742	0.043964	0.010178
4	0.043742	0.047400	0.006249
5	0.035452	0.030428	0.011862
6	0.027950	0.036714	0.015185
7	0.947000	3.909328	0.997784
8	0.947000	3.717459	0.831780
9	0.947000	2.959978	0.552895
10	0.947000	2.058792	0.487371
11	0.947000	1.915073	0.426360
12	0.947000	1.758236	0.413278
13	0.947000	1.481784	0.280918
14	1.031283	1.419506	0.433466
15	1.031283	0.870797	0.309791
16	1.031283	0.816254	0.250897
17	1.031283	0.078094	0.223078
18	1.031283	0.822613	0.696444
19	1.185762	1.362600	0.158936
20	1.185762	0.311204	0.282247
21	1.185762	0.954344	0.235497
