0	0.025928	0.025572	0.003623
1	0.025928	0.023565	0.002290
2	0.025928	0.026367	0.001370
3	0.025928	0.027776	0.003318
4	0.025928	0.025034	0.002359
5	0.020949	0.029119	0.006336
6	0.016470	0.022205	0.009978
7	0.900037	3.596915	0.440207
8	0.900037	2.888241	0.351892
9	0.900037	2.373836	0.217729
10	0.900037	1.914610	0.197985
11	0.900037	1.860822	0.198305
12	0.900037	1.895092	0.209681
13	0.900037	1.473999	0.128783
14	0.982383	0.992982	0.195583
15	0.982383	0.615105	0.162076
16	0.982383	0.512092	0.133214
17	0.982383	0.527628	0.178698
18	0.982383	0.563868	0.228458
19	1.131916	0.924126	0.086007
20	1.131916	0.451804	0.172715
21	1.131916	0.383432	0.163031
