0	0.022318	0.018822	0.002037
1	0.017891	0.011238	0.001322
2	0.014884	0.016454	0.000691
3	0.012801	0.015893	0.001700
4	0.011513	0.015574	0.001276
5	0.013634	0.009319	0.003958
6	0.014655	0.015607	0.006105
7	9.116380	7.143782	0.531572
8	9.035853	7.658774	0.675108
9	6.641260	7.323032	0.561875
10	5.516338	5.244482	0.379196
11	4.252814	4.066967	0.280954
12	3.412170	3.695685	0.247058
13	2.302812	2.612838	0.118739
14	8.193156	10.241027	1.245352
15	4.657116	5.416026	0.456464
16	3.736877	4.246176	0.306896
17	2.822286	3.547108	0.395517
18	1.618252	1.888844	0.292473
19	9.471367	14.478073	0.953977
20	5.098423	3.719015	0.387743
21	3.261979	1.998116	0.203930
