0	0.112638	0.118096	0.024274
1	0.096544	0.093522	0.008729
2	0.093419	0.092374	0.006602
3	0.097896	0.099238	0.012520
4	0.105212	0.108655	0.007571
5	0.084890	0.082844	0.015993
6	0.075492	0.085479	0.019620
7	5.660609	14.309229	7.371041
8	5.290672	22.021307	9.979545
9	3.713749	13.678816	2.776784
10	3.288974	16.178461	2.868963
11	2.840467	7.805859	1.381914
12	2.536492	9.611352	1.662536
13	2.098673	9.196541	1.137811
14	4.458943	5.262990	0.806299
15	3.102297	2.505522	0.310344
16	2.768715	2.487591	0.254309
17	2.413410	2.064120	0.348005
18	1.862929	2.159905	0.426472
19	5.143292	5.652676	0.390458
20	3.473286	2.855177	0.374258
21	2.777574	2.555647	0.325484
