0	0.236770	0.202736	0.011779
1	0.193408	0.182098	0.005141
2	0.169605	0.182766	0.004669
3	0.159596	0.169968	0.007239
4	0.157638	0.171049	0.004837
5	0.148106	0.124118	0.009380
6	0.139776	0.126499	0.013788
7	2.599099	10.753469	1.324407
8	2.451355	9.555194	1.848321
9	1.802021	4.431535	0.230800
10	1.621201	3.750499	0.200028
11	1.427333	3.354036	0.174689
12	1.294138	2.929799	0.159546
13	1.099562	2.386410	0.081224
14	2.122071	2.414436	0.121807
15	1.547007	1.197903	0.075566
16	1.401333	0.994513	0.064702
17	1.244134	0.979627	0.085687
18	0.996033	0.617463	0.088246
19	2.426133	2.257687	0.071130
20	1.722898	1.340038	0.105723
21	1.418051	0.977688	0.083702
