0	0.017642	0.016012	0.009357
1	0.016826	0.014307	0.004948
2	0.016460	0.018916	0.002521
3	0.016514	0.018142	0.005766
4	0.016872	0.014204	0.003776
5	0.016593	0.013496	0.006312
6	0.017187	0.012581	0.009248
7	9.332085	6.492885	2.325831
8	8.322361	11.174950	3.898943
9	4.416231	4.979568	1.070986
10	3.525847	4.163692	0.999894
11	2.679049	3.745241	0.739098
12	2.163442	3.327530	0.618156
13	1.508152	2.477528	0.377505
14	5.742491	5.183889	1.071419
15	2.934335	3.357431	0.470391
16	2.369399	2.742395	0.336467
17	1.827647	2.164225	0.372931
18	1.115788	1.571479	0.373506
19	6.638019	7.125452	0.598857
20	3.212917	2.223793	0.331957
21	2.111540	1.437175	0.252330
