0	-nan	0.085503	0.012224
1	-nan	0.117168	0.010035
2	-nan	0.117259	0.007688
3	-nan	0.109652	0.011905
4	-nan	0.113332	0.007449
5	-nan	0.088976	0.020421
6	-nan	0.063687	0.018782
7	-nan	12.469396	3.725742
8	-nan	-1.000000	-1.000000
9	-nan	13.044261	2.021088
10	-nan	9.482501	1.558677
11	-nan	10.091075	1.584382
12	-nan	8.380266	1.267689
13	-nan	7.034325	0.720198
14	-nan	6.700241	1.189699
15	-nan	2.457733	0.342185
16	-nan	2.299101	0.308406
17	-nan	2.584893	0.442720
18	-nan	2.095084	0.479433
19	-nan	4.590331	0.387494
20	-nan	3.248991	0.477856
21	-nan	2.238408	0.312099
