0	-nan	0.055822	0.005549
1	-nan	0.053037	0.003674
2	-nan	0.075649	0.003097
3	-nan	0.053117	0.005077
4	-nan	0.100108	0.004495
5	-nan	0.055839	0.008353
6	-nan	0.034470	0.011351
7	-nan	3.947649	0.456666
8	-nan	3.065516	0.376609
9	-nan	1.654159	0.199915
10	-nan	1.788724	0.220608
11	-nan	-1.000000	-1.000000
12	-nan	1.463120	0.194734
13	-nan	1.130646	0.137064
14	-nan	0.742129	0.185672
15	-nan	1.450224	0.150488
16	-nan	0.998151	0.126498
17	-nan	1.030321	0.203552
18	-nan	0.268480	0.236578
19	-nan	0.891863	0.084603
20	-nan	0.422189	0.161549
21	-nan	0.795743	0.178052
