45	1036.876687	1.661938e-13	8.658000e-01	1.661938e-13	1.077100e+04	9.000000e+03
45	12740.407227	3.736916e-08	9.208001e-01	1.554131e-14	5.176900e+04	3.497700e+04
45	143.343409	3.642878e-16	9.713993e-01	3.642878e-16	4.529100e+04	2.059100e+04
45	617.492670	1.364462e-11	9.230000e-01	2.160926e-14	4.331200e+04	1.577900e+04
45	1031.785149	2.216189e-12	8.284000e-01	3.106186e-27	4.656000e+03	1.459100e+04
45	780.897472	7.287625e-06	9.934190e-01	1.206384e-10	4.086500e+04	4.078800e+04
45	1088.487045	1.444119e-17	8.020000e-01	1.892820e-20	3.123000e+04	5.037400e+04
45	767.086321	2.489194e-10	8.130000e-01	2.489194e-10	3.858900e+04	4.297100e+04
45	99.914890	1.000000e-05	8.079926e-01	4.042231e-12	3.496800e+04	2.238101e+04
45	84.261685	1.555203e-12	9.692000e-01	1.079569e-14	2.546000e+04	1.531600e+04
45	6289.896710	2.700120e-07	8.548005e-01	1.000000e-08	3.741900e+04	7.260000e+02
45	206.475580	1.000000e-05	8.093538e-01	6.501326e-09	4.250400e+04	4.317082e+03
45	249.665592	1.963831e-15	9.890000e-01	1.963831e-15	4.371300e+04	1.474900e+04
45	1032.706811	1.296633e-12	8.240000e-01	2.093780e-26	5.872000e+03	1.083900e+04
45	142.946052	9.921662e-06	8.090333e-01	1.592229e-10	2.105098e+04	1.337601e+04
45	1035.970670	3.231116e-13	8.372000e-01	5.327971e-28	9.431000e+03	1.755400e+04
45	622.907228	2.388565e-11	9.010000e-01	1.592211e-15	4.258600e+04	2.226600e+04
45	185.216679	1.000000e-05	8.094699e-01	2.280429e-09	4.115296e+04	6.883002e+03
45	120.468944	4.729131e-11	8.000315e-01	5.612794e-16	4.598131e+04	4.382940e+04
45	723.812991	2.268306e-09	8.459956e-01	2.268306e-09	3.242100e+04	3.830800e+04
45	1079.168420	3.898322e-16	9.362000e-01	4.640427e-18	2.198700e+04	3.510900e+04
45	1031.373798	3.333929e-12	8.504000e-01	5.232007e-32	4.068000e+03	3.740800e+04
45	231.729083	1.350904e-07	9.933980e-01	1.726596e-12	1.655000e+03	4.451000e+03
45	533.714055	6.541175e-10	9.406000e-01	2.731832e-12	3.277600e+04	3.969000e+03
45	697.276417	1.652756e-11	8.834000e-01	4.083948e-14	8.630000e+02	5.965800e+04
45	1085.741730	8.495102e-16	9.626000e-01	2.233292e-18	1.271100e+04	3.670400e+04
45	1033.245954	5.467053e-13	7.844000e-01	5.467053e-13	5.864000e+03	1.564200e+04
45	167.925375	3.790753e-16	9.934000e-01	2.210661e-17	4.888800e+04	3.101700e+04
45	309.813417	2.535014e-06	8.067515e-01	7.897422e-09	4.987500e+04	3.113044e+03
45	6480.170494	2.447175e-06	8.922038e-01	1.769067e-13	3.408100e+04	2.912700e+04
45	1042.674544	3.425226e-14	8.482000e-01	3.425226e-14	1.496800e+04	2.646000e+03
45	1057.378598	1.200319e-15	8.966002e-01	6.550370e-35	2.392600e+04	4.986500e+04
45	1024.326718	1.000000e-05	8.394131e-01	1.000000e-08	2.556500e+04	2.243000e+03
45	678.705985	7.549688e-14	7.844000e-01	1.112157e-14	1.203600e+04	5.514200e+04
45	201.541713	1.000000e-05	8.093890e-01	5.130673e-09	5.452501e+04	4.896992e+03
45	530.462950	1.756629e-09	8.746000e-01	4.788281e-12	3.235100e+04	3.724000e+03
45	876.448026	9.930858e-09	7.917517e-01	9.930858e-09	4.954745e+04	2.799054e+02
45	720.976789	7.344274e-06	8.658915e-01	1.566758e-09	5.143500e+04	3.231700e+04
45	139.443087	1.000000e-05	8.093050e-01	1.633392e-10	4.716897e+04	1.333799e+04
45	1057.529469	8.011544e-16	8.460000e-01	4.613717e-31	2.377900e+04	3.471800e+04
45	1035.045958	1.444713e-12	9.758000e-01	4.816717e-29	1.133400e+04	1.851400e+04
45	1035.138271	3.159007e-13	7.800000e-01	1.263132e-13	8.591000e+03	1.975100e+04
45	1036.500313	2.096484e-13	8.196000e-01	2.096484e-13	1.009200e+04	4.872000e+03
45	1107.657732	4.099997e-16	9.956000e-01	3.240403e-20	1.912500e+04	4.603300e+04
45	1041.791765	4.300390e-14	8.394000e-01	2.678829e-29	1.427600e+04	2.264800e+04
45	368.843388	2.530059e-16	8.130000e-01	2.530059e-16	6.734000e+03	4.534700e+04
45	167.730710	1.000000e-05	8.094870e-01	9.018210e-10	4.614201e+04	9.154992e+03
45	1031.747562	1.875005e-12	8.504000e-01	1.875005e-12	5.064000e+03	2.075000e+03
45	552.558254	2.605570e-11	9.956000e-01	2.872520e-15	3.407200e+04	1.974200e+04
45	1038.457806	2.740421e-13	9.230000e-01	8.678039e-32	1.188200e+04	3.489100e+04
45	366.030550	8.155043e-17	8.108000e-01	8.155043e-17	1.053100e+04	4.809100e+04
45	119.011553	1.000000e-05	8.089059e-01	3.492464e-11	4.199601e+04	1.711198e+04
45	148.653108	2.498541e-10	9.934000e-01	3.625505e-16	1.704600e+04	2.453900e+04
45	520.039882	2.465526e-09	7.864621e-01	2.465526e-09	3.334699e+04	2.664988e+03
45	1041.012864	9.528943e-14	9.054000e-01	1.788006e-32	1.384500e+04	3.643000e+04
45	1055.666532	9.961978e-16	8.152000e-01	9.961978e-16	2.275000e+04	6.980000e+02
45	1040.787061	4.608178e-14	8.328000e-01	4.608178e-14	1.380800e+04	1.000700e+04
45	93.154837	1.000000e-05	8.063787e-01	2.882152e-13	4.496395e+04	2.882064e+04
45	199.500124	4.721728e-09	9.560868e-01	6.394797e-15	5.134000e+03	9.721000e+03
45	1030.399448	1.909040e-11	9.428000e-01	1.053309e-28	2.488000e+03	1.527300e+04
45	833.525253	9.999994e-06	9.801853e-01	4.327286e-12	5.865500e+04	4.913700e+04
45	93.806412	1.000000e-05	8.060858e-01	1.913184e-13	3.531096e+04	2.981828e+04
45	1030.239226	1.048049e-11	8.922000e-01	5.057634e-32	2.219000e+03	2.891100e+04
45	99.634392	1.000000e-05	8.079693e-01	3.861169e-12	3.603590e+04	2.249291e+04
45	205.051175	6.070462e-09	9.555542e-01	6.070462e-09	4.485014e+03	5.502000e+04
45	5684.736626	3.157891e-07	8.878004e-01	3.082567e-13	4.491600e+04	2.778900e+04
45	1054.669197	2.320727e-15	9.032000e-01	2.320727e-15	2.255500e+04	6.264000e+03
45	782.170605	1.000000e-05	8.240123e-01	2.776308e-11	4.287500e+04	4.098400e+04
45	751.041933	6.706819e-06	8.460883e-01	2.419141e-10	4.878900e+04	3.644900e+04
45	105.845302	2.775461e-15	9.736000e-01	2.541026e-19	4.073700e+04	4.047600e+04
45	1031.554873	4.250686e-12	8.900000e-01	5.940149e-34	4.342000e+03	4.248700e+04
45	1030.317632	3.586587e-11	9.648000e-01	3.344564e-31	2.328000e+03	2.685200e+04
45	1030.282865	4.303632e-12	7.800000e-01	3.806968e-12	2.307000e+03	5.345500e+04
45	1068.687288	1.712705e-16	9.494000e-01	3.587267e-22	3.040600e+04	5.010400e+04
45	107.276969	3.283458e-09	8.020365e-01	4.738881e-15	3.620409e+04	3.868678e+04
45	864.981369	9.753281e-07	8.899744e-01	3.037476e-13	5.111200e+04	5.463900e+04
45	174.333927	8.740262e-06	8.094900e-01	1.291251e-09	5.397202e+04	8.275946e+03
45	6290.873766	1.841911e-07	8.988003e-01	3.793930e-12	4.656600e+04	2.168300e+04
45	98.322745	9.966986e-13	9.824000e-01	3.404911e-16	2.787700e+04	2.445200e+04
45	127.837951	1.000000e-05	8.091185e-01	7.144888e-11	5.786997e+04	1.536123e+04
45	1112.196514	3.800000e-16	9.604000e-01	4.743397e-21	2.247200e+04	5.053400e+04
45	1064.357082	1.382408e-16	7.976000e-01	3.464542e-34	2.709200e+04	5.072100e+04
45	1072.490430	8.747638e-18	7.866000e-01	1.355746e-18	3.171700e+04	4.467500e+04
45	1032.671020	2.083391e-12	8.812000e-01	1.535431e-26	5.847000e+03	9.764000e+03
45	213.690887	1.000000e-05	8.092900e-01	9.100203e-09	3.100002e+04	3.492992e+03
45	1031.594349	3.579406e-12	8.746000e-01	1.249238e-30	4.394000e+03	2.761400e+04
45	1035.398823	4.052124e-13	8.504000e-01	4.052124e-13	9.073000e+03	1.357000e+03
45	1040.440448	7.144557e-14	8.504000e-01	3.009239e-29	1.327100e+04	2.012400e+04
45	876.519883	6.823075e-07	9.977867e-01	2.334129e-13	5.904500e+04	5.676800e+04
45	1038.115854	4.480640e-13	9.560000e-01	5.495051e-29	1.223700e+04	2.052700e+04
45	680.488033	8.916096e-12	7.844000e-01	8.916096e-12	1.640000e+03	2.165400e+04
45	1057.877135	9.391646e-16	8.966000e-01	9.391646e-16	2.443500e+04	1.510000e+04
45	1116.697024	6.400002e-16	9.912000e-01	5.640658e-21	1.366400e+04	5.002100e+04
45	122.010102	1.346000e-12	9.978000e-01	7.044345e-14	3.265900e+04	1.212200e+04
45	680.361876	1.488121e-08	8.878023e-01	1.000000e-08	2.670900e+04	3.609500e+04
45	1090.805285	5.420732e-17	9.208000e-01	1.699589e-20	3.026000e+04	4.715300e+04
45	1088.208623	5.499477e-16	9.824000e-01	1.157901e-18	2.015000e+04	3.798400e+04
45	1072.428681	1.846058e-16	8.636000e-01	1.163416e-22	2.721200e+04	5.692500e+04
45	144.103391	1.000000e-05	8.093565e-01	2.215285e-10	3.412600e+04	1.259203e+04
45	831.921980	3.831840e-12	9.384001e-01	3.831840e-12	4.730000e+04	5.118300e+04
45	1591.072301	1.651259e-06	8.460021e-01	1.359814e-13	3.709000e+04	2.989200e+04
45	538.110589	6.354524e-10	9.648000e-01	7.912341e-15	3.145500e+04	1.764400e+04
45	1080.115995	9.628516e-17	9.164000e-01	1.016744e-21	2.976900e+04	5.196400e+04
45	724.533904	1.849877e-06	8.482397e-01	1.052206e-09	5.701500e+04	3.279500e+04
45	1089.139750	6.537711e-18	9.054000e-01	6.721329e-21	3.560500e+04	4.763500e+04
45	60874.823206	2.678168e-18	7.800000e-01	5.250999e-19	5.575900e+04	5.080000e+04
45	167.996950	1.000000e-05	8.094873e-01	9.151836e-10	4.922301e+04	9.118973e+03
45	1062.448863	3.962969e-17	7.844000e-01	3.835479e-17	2.868300e+04	3.770900e+04
45	-1.000000	-1.000000e+00	-1.000000e+00	-1.000000e+00	-1.000000e+00	-1.000000e+00
45	489.931085	1.447453e-08	9.142000e-01	5.996119e-14	2.594100e+04	1.347600e+04
45	1101.680808	5.578616e-18	9.406000e-01	5.124976e-23	3.686900e+04	5.927800e+04
45	1051.926002	3.263823e-15	8.614000e-01	3.204012e-32	2.078000e+04	2.964900e+04
45	1029.325090	4.230862e-11	9.362000e-01	4.106325e-26	2.650000e+02	7.346000e+03
45	1050.548661	4.805597e-15	8.680000e-01	1.225797e-31	2.000500e+04	2.917600e+04
45	95.515908	1.688086e-08	8.054528e-01	1.015118e-13	3.718501e+04	3.134498e+04
45	231.953088	1.930666e-08	9.560103e-01	1.000000e-08	1.642973e+03	4.096518e+04
45	608.485339	1.014863e-11	9.758000e-01	2.773433e-15	4.097300e+04	2.001000e+04
45	118.476959	4.628981e-11	9.868000e-01	1.124874e-14	1.939900e+04	1.637400e+04
45	376.035792	9.534190e-09	8.102097e-01	9.534190e-09	3.793109e+04	2.299483e+03
45	546.717373	7.005485e-10	9.560000e-01	1.644290e-15	3.179600e+04	2.143700e+04
45	1998.019368	2.017314e-14	9.076000e-01	1.586234e-33	3.449300e+04	3.664300e+04
45	683.877321	1.020134e-08	8.925401e-01	1.000000e-08	2.744710e+04	4.178101e+04
45	1040.897356	6.374926e-14	8.548000e-01	2.869694e-29	1.362600e+04	2.240700e+04
45	1115.782205	8.399999e-16	9.912000e-01	6.652683e-21	1.518400e+04	4.964700e+04
45	1053.346260	2.324594e-15	8.614000e-01	2.904166e-30	2.157700e+04	2.936800e+04
45	727.100521	1.770635e-09	8.351163e-01	1.770635e-09	3.312500e+04	4.792100e+04
45	1058.084491	8.969137e-16	8.790000e-01	8.130510e-36	2.418100e+04	5.229000e+04
45	179.629946	1.000000e-05	8.094704e-01	1.686939e-09	2.839499e+04	7.620022e+03
45	1118.727424	8.999975e-17	9.604000e-01	4.137981e-21	1.548300e+04	5.100800e+04
45	1098.489062	9.999393e-17	9.340000e-01	2.109660e-19	1.991100e+04	4.239500e+04
45	1034.201596	1.070551e-12	8.900000e-01	8.789011e-28	7.658000e+03	1.268300e+04
45	1070.308767	7.599999e-16	9.494000e-01	2.906625e-20	2.588200e+04	4.366000e+04
45	562.601541	5.510898e-10	9.604000e-01	7.417336e-17	3.212300e+04	2.862000e+04
45	-1.000000	-1.000000e+00	-1.000000e+00	-1.000000e+00	-1.000000e+00	-1.000000e+00
45	563.013642	2.927969e-10	9.318000e-01	1.879756e-14	3.518600e+04	1.598500e+04
45	13031.177636	1.061792e-08	9.164001e-01	4.645097e-15	5.437300e+04	3.789600e+04
45	101.397805	1.000000e-05	8.081104e-01	5.100218e-12	3.972650e+04	2.181342e+04
45	104.136616	1.148726e-10	8.030425e-01	1.064992e-14	4.535600e+04	3.676000e+04
45	1072.279635	9.941164e-17	8.526000e-01	2.065113e-23	2.862500e+04	5.992100e+04
45	193.743163	3.251884e-10	9.590891e-01	3.251884e-10	1.159102e+04	4.183000e+04
45	1096.489827	1.576730e-17	9.054000e-01	7.674586e-21	3.258800e+04	4.922500e+04
45	1039.590764	7.429508e-14	8.614000e-01	7.429508e-14	1.309600e+04	8.929000e+03
45	-1.000000	-1.000000e+00	-1.000000e+00	-1.000000e+00	-1.000000e+00	-1.000000e+00
45	851.947752	9.769313e-13	9.670000e-01	9.769313e-13	4.990700e+04	5.421800e+04
45	695.094213	7.286710e-09	8.767577e-01	7.286710e-09	2.873800e+04	3.824000e+04
45	1030.657597	9.454987e-12	9.912000e-01	4.690223e-34	1.131100e+04	4.389900e+04
45	1031.464905	1.466785e-11	9.648000e-01	8.873058e-30	4.491000e+03	2.004300e+04
45	154.606920	1.000000e-05	8.094408e-01	4.250422e-10	4.682871e+04	1.099691e+04
45	116.360855	2.623655e-11	9.563788e-01	2.623655e-11	1.780995e+04	5.813703e+04
45	221.242094	1.100595e-06	8.105767e-01	9.999986e-09	5.207605e+04	3.073392e+03
45	1068.374082	1.144044e-16	8.966000e-01	1.144044e-16	2.940200e+04	1.313100e+04
45	181.309472	1.566632e-09	9.556603e-01	1.566632e-09	7.795262e+03	4.414990e+04
45	104.074745	1.031504e-09	8.029100e-01	1.010324e-14	3.970943e+04	3.687808e+04
45	121.157937	9.776814e-06	8.089648e-01	4.194588e-11	5.334401e+04	1.666400e+04
45	14176.241610	9.300000e-16	9.252000e-01	6.387533e-36	3.357300e+04	5.059100e+04
45	2124.167699	2.977606e-07	8.460004e-01	6.179350e-15	4.465000e+04	3.735000e+04
45	101.368102	1.490066e-09	8.036010e-01	1.914119e-14	3.939410e+04	3.534516e+04
45	664.381824	3.494632e-12	8.570000e-01	4.001808e-13	4.044000e+03	5.314100e+04
45	506.181296	6.501209e-12	9.274000e-01	8.273830e-30	2.064200e+04	1.376900e+04
45	1041.904979	4.496898e-14	8.504000e-01	1.226909e-31	1.437100e+04	2.897900e+04
45	12066.360497	4.386082e-08	9.406001e-01	6.341252e-12	5.173500e+04	2.039400e+04
45	612.541397	2.094216e-11	9.604000e-01	4.699358e-16	4.042500e+04	2.432700e+04
45	1031.137955	1.041891e-11	9.384000e-01	1.435492e-29	3.750000e+03	2.023100e+04
45	474.887489	5.633241e-09	9.736000e-01	2.757663e-12	2.518800e+04	3.573000e+03
45	289.045540	1.352603e-11	9.362000e-01	1.994928e-31	1.895800e+04	1.975800e+04
45	170.522724	1.000000e-05	8.094897e-01	1.051062e-09	4.275102e+04	8.779966e+03
45	9850.837627	1.188508e-06	9.274014e-01	1.081307e-11	3.797600e+04	1.910700e+04
45	94.331691	8.356948e-07	8.059284e-01	1.541588e-13	5.595108e+04	3.034398e+04
45	517.919495	7.884869e-10	9.912000e-01	2.536452e-16	2.730500e+04	2.546200e+04
45	1074.978140	1.481850e-16	9.208000e-01	1.578042e-22	2.917200e+04	5.513600e+04
45	693.059873	9.631539e-15	9.934000e-01	1.186729e-15	5.529200e+04	2.184900e+04
45	213.287187	1.000000e-05	7.910155e-01	5.601556e-13	5.570300e+04	2.921000e+04
45	141.549810	2.522578e-10	9.626000e-01	9.240511e-14	1.271100e+04	9.092000e+03
45	2862.207730	6.142821e-08	8.570007e-01	2.582050e-14	4.711800e+04	3.385900e+04
45	1110.243937	3.886723e-18	9.186000e-01	9.788879e-21	3.394400e+04	4.945500e+04
45	110.634618	1.000000e-05	8.086147e-01	1.576794e-11	3.385407e+04	1.905593e+04
45	100.928838	1.351981e-11	8.039299e-01	2.321436e-14	5.164009e+04	3.489483e+04
45	1116.300689	5.600001e-16	9.318000e-01	8.145820e-23	2.254400e+04	5.964600e+04
45	1069.566254	6.358465e-17	9.604000e-01	2.453729e-23	3.358300e+04	5.332200e+04
45	110968.157314	9.600000e-16	8.394000e-01	0.000000e+00	3.429700e+04	5.976800e+04
45	1096.791355	2.711299e-18	8.284001e-01	1.134131e-21	3.574700e+04	5.445300e+04
45	165.858962	1.000000e-05	8.094836e-01	8.126113e-10	3.849890e+04	9.410048e+03
45	111.709723	1.000000e-05	8.086597e-01	1.763492e-11	3.687795e+04	1.878251e+04
45	572.940009	1.038836e-09	9.098000e-01	2.878257e-17	3.274000e+04	3.145800e+04
45	102.908057	1.000000e-05	8.082067e-01	6.277177e-12	3.055198e+04	2.130591e+04
45	731.546406	1.364059e-13	9.846000e-01	5.546931e-21	5.076300e+04	5.009500e+04
45	97.367936	9.287948e-12	9.686441e-01	5.950328e-13	2.113927e+04	5.668856e+03
45	686.478353	1.139484e-07	8.657958e-01	1.000000e-08	5.689100e+04	2.744000e+04
45	792.951944	4.973026e-11	8.966081e-01	4.973026e-11	4.171800e+04	4.486800e+04
45	120.305328	1.000000e-05	8.089419e-01	3.903413e-11	4.886879e+04	1.683995e+04
45	705.399337	2.299813e-06	8.240015e-01	1.897683e-09	5.397100e+04	3.026300e+04
45	25490.790711	7.200791e-15	8.130000e-01	2.233657e-19	3.680500e+04	4.935300e+04
45	512.602951	2.369859e-09	9.406000e-01	4.213698e-13	2.951500e+04	8.461000e+03
45	-1.000000	-1.000000e+00	-1.000000e+00	-1.000000e+00	-1.000000e+00	-1.000000e+00
45	1076.218879	6.540018e-18	7.844000e-01	2.657858e-20	3.232400e+04	5.558400e+04
45	639.076267	1.000000e-08	8.020029e-01	1.000000e-08	4.641200e+04	1.378000e+03
45	1070.372123	4.079134e-17	7.954000e-01	1.560043e-31	2.989100e+04	3.848300e+04
45	518.662492	9.008056e-10	9.648000e-01	1.005870e-12	3.057400e+04	6.096000e+03
45	1064.231677	2.330931e-16	8.834000e-01	2.330931e-16	2.740100e+04	1.635500e+04
45	822.376212	3.069447e-12	9.361932e-01	3.069447e-12	4.674700e+04	5.651400e+04
45	1030.180235	9.795738e-12	8.812000e-01	3.870520e-32	2.114000e+03	3.757200e+04
45	504.455781	5.282922e-09	9.472000e-01	1.090789e-14	2.717000e+04	1.707700e+04
45	602.314696	1.849565e-11	9.450000e-01	8.030821e-14	4.162200e+04	1.237400e+04
45	22141.770376	2.700000e-16	9.054000e-01	8.520204e-37	3.634100e+04	5.263700e+04
45	1122.523645	7.000021e-17	9.362000e-01	2.019668e-21	1.682700e+04	5.289300e+04
45	128.757317	2.452121e-15	9.780000e-01	2.240946e-21	4.143600e+04	5.156400e+04
45	717.979160	5.717670e-06	7.954844e-01	3.551702e-10	3.777500e+04	3.194800e+04
45	347.273202	6.433133e-09	9.687544e-01	6.433133e-09	4.431022e+03	3.212200e+04
45	663.711812	1.996218e-11	9.164000e-01	2.982504e-19	4.256300e+04	4.184100e+04
45	263.531902	1.000000e-05	7.844128e-01	3.441990e-13	4.632200e+04	3.263700e+04
45	248.410466	1.604556e-08	9.574104e-01	1.000000e-08	1.997020e+03	3.476899e+04
45	1041.129591	7.624186e-14	8.856000e-01	4.012926e-31	1.386000e+04	3.096300e+04
45	358.549097	4.221744e-08	8.022321e-01	1.000000e-08	2.758704e+04	2.001944e+03
45	1030.267579	2.811097e-11	9.846000e-01	3.661944e-31	6.178000e+03	2.879000e+04
45	1039.683752	8.790866e-14	8.548000e-01	8.790866e-14	1.282600e+04	3.794000e+03
45	125.919699	1.000000e-05	8.090784e-01	6.163033e-11	4.825202e+04	1.572286e+04
45	835.762174	1.861879e-07	7.888004e-01	1.911403e-13	5.448500e+04	4.966400e+04
45	11056.413935	1.000000e-05	8.785117e-01	9.999986e-09	5.673900e+04	7.150040e+02
45	1057.389251	1.064657e-15	8.812000e-01	6.719793e-36	2.383000e+04	4.888200e+04
45	790.531933	4.695624e-15	9.846000e-01	3.870326e-22	5.937500e+04	5.608400e+04
45	783.260599	1.000000e-05	8.680260e-01	4.950582e-11	4.942600e+04	4.114400e+04
45	140.545066	1.000000e-05	8.093185e-01	1.757982e-10	4.262966e+04	1.315808e+04
45	839.817655	8.004266e-06	9.472069e-01	2.462252e-12	5.622400e+04	5.020400e+04
45	86.176468	3.441201e-13	7.888000e-01	2.229349e-13	8.169000e+03	3.198200e+04
45	1046.038726	1.862429e-14	8.900000e-01	1.006481e-32	1.730800e+04	3.793200e+04
45	646.215877	1.256424e-06	7.920896e-01	9.922623e-09	5.631869e+04	2.291635e+04
45	4340.641621	6.043732e-08	8.526001e-01	1.000000e-08	4.873000e+04	1.074000e+03
45	54098.128846	1.236390e-17	7.888000e-01	6.097371e-19	5.210300e+04	5.936500e+04
45	102.990591	1.102296e-08	8.030263e-01	1.218936e-14	3.383265e+04	3.641836e+04
45	176424.155249	2.300000e-16	8.108000e-01	1.311795e-35	4.069900e+04	5.659600e+04
45	143.250213	6.969102e-06	8.093493e-01	2.099622e-10	5.632353e+04	1.272340e+04
45	562.581924	7.116651e-11	9.692000e-01	1.133601e-12	3.665900e+04	5.766000e+03
45	1041.100220	4.411508e-14	8.130000e-01	4.411508e-14	1.377000e+04	2.714000e+03
45	180.898787	1.000000e-05	8.094814e-01	1.825477e-09	5.529200e+04	7.428003e+03
45	837.561776	8.657780e-07	8.173998e-01	7.392445e-13	5.909000e+04	4.982800e+04
45	272.557791	5.460949e-16	9.868000e-01	5.460949e-16	4.617700e+04	3.734000e+03
45	83.019920	3.947467e-13	9.604000e-01	3.849685e-18	2.815500e+04	3.243200e+04
45	19155.638782	9.764781e-09	9.494000e-01	1.065086e-14	5.729900e+04	3.587000e+04
45	197.518537	4.184417e-09	9.554959e-01	4.184417e-09	5.395993e+03	4.935609e+04
45	213.446679	1.000000e-05	8.046970e-01	3.806650e-09	2.593774e+04	5.734937e+03
45	1052.538848	2.117960e-15	8.195834e-01	1.272605e-36	2.105100e+04	5.981700e+04
45	128.745862	1.221111e-10	9.692000e-01	1.351553e-14	1.495200e+04	1.488200e+04
45	571.318227	3.354971e-10	9.428000e-01	4.363803e-16	3.436200e+04	2.469500e+04
45	1029.835854	1.405237e-11	8.900000e-01	4.664126e-31	1.454000e+03	3.333900e+04
45	632.003068	9.053296e-12	8.900000e-01	9.053296e-12	2.913000e+03	4.575800e+04
45	751.776365	6.283847e-06	8.636791e-01	2.881452e-10	5.109200e+04	3.655200e+04
45	1032.244699	4.327096e-12	9.252000e-01	1.615873e-27	5.345000e+03	1.454600e+04
45	1037.938539	1.864810e-13	8.636000e-01	9.540452e-28	1.124500e+04	1.518200e+04
45	864.202640	1.000000e-05	9.271484e-01	4.124142e-13	4.833900e+04	5.449700e+04
45	1119.393675	3.900004e-16	9.780000e-01	2.383649e-21	2.069300e+04	5.203600e+04
45	837.399919	9.083869e-07	8.064021e-01	5.327555e-13	5.119600e+04	4.980900e+04
45	634.805320	9.791938e-12	8.262000e-01	1.684830e-12	9.880000e+02	4.826000e+04
45	223.242327	6.873148e-09	9.494000e-01	4.853537e-28	3.993000e+03	1.371000e+03
45	1036.380828	4.951297e-13	9.054000e-01	2.238322e-33	9.915000e+03	4.163300e+04
45	1038.981619	1.439102e-13	8.768000e-01	2.289042e-33	1.214500e+04	4.122300e+04
45	1043.628443	2.233238e-14	8.240000e-01	6.583416e-29	1.556700e+04	1.780900e+04
45	98.214726	4.534380e-11	8.046300e-01	4.566002e-14	4.962217e+04	3.326753e+04
45	95.210110	1.000000e-05	8.074549e-01	1.522504e-12	5.434296e+04	2.476394e+04
45	17886.953428	8.362559e-09	9.824000e-01	7.342911e-11	5.732600e+04	1.441400e+04
45	7943.907824	2.714199e-08	8.966011e-01	3.330133e-14	4.778300e+04	3.316100e+04
45	537.666545	1.396922e-09	9.758000e-01	3.824815e-17	2.847900e+04	2.999800e+04
45	613.938635	4.382054e-11	9.384000e-01	1.367265e-16	3.973000e+04	2.745500e+04
45	85.933723	1.204657e-12	9.802000e-01	1.222567e-13	2.714800e+04	1.043500e+04
45	525.100866	9.991500e-10	9.428000e-01	2.548073e-12	3.160100e+04	4.109000e+03
45	2021.329890	2.793475e-07	8.416003e-01	1.544140e-15	4.484100e+04	4.070700e+04
45	184.514209	2.404683e-09	9.955974e-01	1.021088e-16	1.257400e+04	2.749800e+04
45	214.620486	1.000000e-05	8.092858e-01	9.543481e-09	4.034985e+04	3.376962e+03
45	95.176280	1.000000e-05	8.074478e-01	1.505627e-12	3.580592e+04	2.479108e+04
45	41290.429919	1.392873e-16	8.020000e-01	9.105277e-20	4.650300e+04	5.448500e+04
45	211.425434	7.996022e-09	9.556649e-01	7.996022e-09	3.808992e+03	4.455236e+04
45	1033.514781	1.513563e-12	8.922000e-01	6.686357e-26	6.882000e+03	8.209000e+03
45	11274.061916	1.670944e-16	8.614000e-01	8.761251e-37	4.592300e+04	5.884000e+04
45	12182.575910	1.392531e-08	8.988000e-01	2.975832e-16	5.970600e+04	4.452900e+04
45	704.116217	9.069506e-13	9.582000e-01	1.299155e-19	4.855900e+04	4.321500e+04
45	523.023284	2.583188e-09	8.658000e-01	2.231313e-11	3.157200e+04	2.150000e+02
45	1043.206483	2.553938e-14	8.724000e-01	2.553938e-14	1.586400e+04	1.117300e+04
45	611.879031	1.000000e-08	8.085998e-01	1.000000e-08	3.376700e+04	1.419000e+03
45	1032.393674	4.685312e-12	9.362000e-01	1.067101e-27	5.582000e+03	1.374300e+04
45	264.710948	3.199812e-09	9.618349e-01	3.199812e-09	5.958940e+03	3.502270e+04
45	145.534970	1.000000e-05	8.093721e-01	2.431676e-10	4.992300e+04	1.236402e+04
45	879.697086	1.626463e-13	9.560000e-01	1.626463e-13	5.561700e+04	5.843900e+04
45	851.051117	8.534380e-13	8.900000e-01	8.534380e-13	5.160800e+04	5.812100e+04
45	2643.165780	2.811246e-07	8.680005e-01	9.881962e-11	4.551800e+04	1.381500e+04
45	144.379216	7.670917e-10	9.890000e-01	1.256262e-12	1.305100e+04	5.164000e+03
45	109.511527	1.626093e-11	9.890000e-01	9.153079e-15	2.236600e+04	1.690300e+04
45	113.611831	1.000000e-05	8.087308e-01	2.127334e-11	3.476197e+04	1.832396e+04
45	666.950819	4.216255e-13	9.120000e-01	1.683949e-13	5.255300e+04	1.106400e+04
45	217.404817	1.086227e-08	9.556992e-01	1.000000e-08	3.059963e+03	5.895789e+04
45	746.679705	1.579514e-07	7.888030e-01	4.198984e-11	5.323300e+04	3.594300e+04
45	1044.919563	1.309141e-14	7.976000e-01	6.293954e-27	1.642100e+04	1.828400e+04
45	778.973559	1.344135e-10	7.976025e-01	1.344135e-10	4.040400e+04	4.302000e+04
45	187.447329	1.000000e-05	8.094552e-01	2.537161e-09	2.991000e+04	6.621024e+03
45	1064.645011	2.645872e-16	9.054000e-01	9.751113e-21	2.769700e+04	2.623000e+04
45	865.024524	8.882219e-06	9.780235e-01	4.963533e-13	5.649600e+04	5.464600e+04
45	1091.484276	5.772328e-17	9.340000e-01	8.205829e-22	3.105200e+04	5.338100e+04
45	736.469090	1.536073e-06	8.306136e-01	4.198220e-10	5.666500e+04	3.442000e+04
45	215.765294	9.749642e-08	9.956001e-01	6.059692e-12	3.506000e+03	1.428000e+03
45	138.351903	2.019911e-15	9.802000e-01	6.537306e-21	4.214600e+04	4.923900e+04
45	1047.188659	1.335242e-14	8.944000e-01	1.335242e-14	1.818300e+04	6.267000e+03
45	258.758370	1.000000e-05	7.866129e-01	6.525735e-12	4.869700e+04	2.462100e+04
45	104.809698	1.000000e-05	8.083323e-01	8.128812e-12	4.532102e+04	2.067498e+04
45	273.178354	1.637880e-12	8.064000e-01	2.701302e-17	5.476500e+04	5.074700e+04
45	102.125312	1.000000e-05	8.081614e-01	5.664716e-12	3.519497e+04	2.155702e+04
45	1036.630446	3.541413e-13	8.812000e-01	1.167108e-30	1.009600e+04	2.652000e+04
45	230.198362	1.946772e-08	9.558888e-01	1.000000e-08	1.631054e+03	5.385411e+04
45	1130.075537	6.500034e-16	9.384000e-01	3.762456e-22	1.221900e+04	5.663700e+04
45	159.337427	1.000000e-05	8.094640e-01	5.610821e-10	3.966299e+04	1.031701e+04
45	1073.380023	2.947723e-17	8.394000e-01	1.463555e-35	3.133600e+04	5.415800e+04
45	157.363924	1.000000e-05	8.094555e-01	5.002569e-10	5.516201e+04	1.059798e+04
45	93.553397	1.000000e-05	8.070725e-01	8.145079e-13	3.954529e+04	2.628931e+04
45	1037.575464	1.321153e-13	8.240000e-01	1.321153e-13	1.114700e+04	7.960000e+03
45	28144.729457	1.361342e-08	9.670000e-01	8.024701e-16	5.555900e+04	4.209700e+04
45	1044.942461	1.977948e-14	8.614000e-01	1.977948e-14	1.652800e+04	1.577000e+03
45	617.624724	1.000031e-08	8.042002e-01	1.000000e-08	5.456900e+04	1.458000e+03
45	1032.683742	1.770215e-12	8.636000e-01	1.840483e-28	5.854000e+03	1.849700e+04
45	93.737278	1.000000e-05	8.071329e-01	8.963219e-13	4.908501e+04	2.605598e+04
45	114.692699	1.000000e-05	8.087704e-01	2.362335e-11	4.619300e+04	1.806789e+04
45	1029.236255	3.550193e-11	9.208000e-01	3.824917e-30	1.050000e+02	2.868100e+04
45	668.439866	1.116720e-08	9.492351e-01	1.000000e-08	2.523507e+04	3.769206e+04
45	214.165718	9.161907e-09	9.556865e-01	9.161907e-09	3.475998e+03	4.503798e+04
45	1131.492635	3.600002e-16	9.692000e-01	1.048524e-22	2.149800e+04	5.908800e+04
45	1092.196847	3.499783e-16	9.296000e-01	5.954412e-19	1.887400e+04	4.005500e+04
45	93.202709	1.000000e-05	8.069206e-01	6.426502e-13	4.677601e+04	2.686698e+04
45	1054.865288	1.319348e-15	8.306000e-01	1.377041e-35	2.234200e+04	5.257300e+04
45	115.777358	1.000000e-05	8.086683e-01	2.319342e-11	2.339705e+04	1.810401e+04
45	848.308890	1.541717e-12	9.493999e-01	1.541717e-12	5.013600e+04	5.267300e+04
45	165.467864	1.000000e-05	8.094830e-01	7.952532e-10	4.691503e+04	9.462946e+03
45	1040.954263	3.928510e-14	8.834000e-01	3.928510e-14	1.408600e+04	1.298700e+04
45	689.027951	4.528006e-13	9.868000e-01	4.528006e-13	4.768400e+04	6.130000e+03
45	-1.000000	-1.000000e+00	-1.000000e+00	-1.000000e+00	-1.000000e+00	-1.000000e+00
45	1124.476826	3.600001e-16	9.824000e-01	1.148821e-22	2.548800e+04	5.857800e+04
45	706.788987	1.077574e-13	8.174000e-01	1.431215e-14	1.168700e+04	5.993400e+04
45	179.975334	1.000000e-05	8.094832e-01	1.739580e-09	4.134729e+04	7.546039e+03
45	198.252279	1.000000e-05	8.094088e-01	4.368060e-09	3.466793e+04	5.291015e+03
45	658.239577	1.020103e-12	8.240000e-01	4.083274e-13	6.410000e+03	5.175900e+04
45	1042.117877	4.426800e-14	8.570000e-01	3.703056e-33	1.453500e+04	4.182100e+04
45	874.862816	2.611802e-13	9.318000e-01	2.611802e-13	5.582100e+04	5.678900e+04
45	1045.918084	1.020154e-14	8.020000e-01	3.914013e-35	1.707600e+04	5.212100e+04
45	728.760349	1.987799e-06	8.482327e-01	8.398963e-10	5.653700e+04	3.336600e+04
45	714.526939	5.581158e-07	7.866138e-01	1.727412e-10	4.359900e+04	3.163100e+04
45	405.750500	9.981551e-09	9.922291e-01	9.981551e-09	7.277977e+03	3.335594e+04
45	673.181209	9.875979e-13	8.350000e-01	1.782355e-13	6.677000e+03	5.441400e+04
45	723.001706	6.057610e-10	9.669563e-01	6.057610e-10	3.166700e+04	4.218400e+04
45	686.800638	6.258568e-13	8.042000e-01	3.091843e-14	7.270000e+03	5.688900e+04
45	1106.189754	1.799956e-16	9.736000e-01	4.625255e-20	1.671500e+04	4.542400e+04
45	723.748295	1.354714e-06	9.098122e-01	1.946741e-09	5.904100e+04	3.268800e+04
45	721.162140	2.999952e-06	8.592386e-01	1.442278e-09	5.534600e+04	3.234200e+04
45	98.327042	7.823838e-06	8.051734e-01	5.739475e-14	4.809273e+04	3.274734e+04
45	668.348356	8.354913e-13	9.450000e-01	6.168561e-16	4.951100e+04	2.386800e+04
45	103.071197	4.007303e-10	8.032243e-01	1.308350e-14	4.235276e+04	3.626183e+04
45	208.031041	9.277300e-06	8.074806e-01	1.578898e-09	1.623500e+04	7.557900e+03
45	523.592177	2.661824e-08	8.218000e-01	3.777949e-15	5.398400e+04	3.873000e+04
45	672.722920	9.452612e-13	8.372000e-01	1.926280e-13	6.821000e+03	5.430900e+04
45	667.449794	5.239759e-08	7.800000e-01	8.526318e-09	2.545381e+04	3.300406e+04
45	1125.644814	5.599606e-16	8.394000e-01	1.274522e-21	1.223300e+04	5.601400e+04
45	93.446444	1.000000e-05	8.070330e-01	7.653755e-13	4.042900e+04	2.644099e+04
45	1058.001750	8.841251e-16	8.746001e-01	9.616995e-37	2.411700e+04	5.917600e+04
45	735.637771	1.100204e-09	8.482000e-01	1.100204e-09	3.413800e+04	4.225100e+04
45	1080.096423	4.402286e-17	9.076000e-01	3.013814e-21	3.142300e+04	4.903900e+04
45	1046.946949	1.346789e-14	8.834000e-01	1.346789e-14	1.790900e+04	3.582000e+03
45	754.844723	4.562259e-10	9.009991e-01	4.562259e-10	3.603900e+04	3.913700e+04
45	700.044366	1.030681e-08	7.800000e-01	9.197882e-09	2.956405e+04	3.762920e+04
45	1033.386829	3.561480e-12	9.780000e-01	2.137277e-28	9.524000e+03	1.319900e+04
45	209.151266	5.933520e-17	9.978000e-01	1.432418e-21	5.701000e+04	5.298300e+04
45	1130.810212	3.100005e-16	9.208000e-01	1.336092e-22	1.965400e+04	5.910300e+04
45	113.892263	1.000000e-05	8.087421e-01	2.188215e-11	3.916787e+04	1.825505e+04
45	1041.845214	4.813900e-14	8.570000e-01	4.524058e-28	1.433600e+04	1.811100e+04
45	143.278298	9.172695e-06	8.093494e-01	2.103461e-10	5.529700e+04	1.271894e+04
45	93.017252	1.000000e-05	8.067784e-01	5.175982e-13	4.166385e+04	2.739435e+04
45	1033.790243	1.168413e-12	8.790000e-01	4.214692e-29	7.186000e+03	2.226800e+04
45	1041.198437	1.391166e-13	9.626000e-01	6.775848e-30	1.551100e+04	2.471800e+04
45	715.215886	4.705477e-09	7.800000e-01	4.549617e-09	3.154907e+04	3.911717e+04
45	1030.383507	8.798714e-12	8.856000e-01	2.868005e-31	2.478000e+03	3.122900e+04
45	157.776202	7.256855e-06	8.094574e-01	5.124698e-10	5.622116e+04	1.053892e+04
45	586.221901	1.092571e-11	9.780000e-01	7.046562e-12	4.054100e+04	1.270000e+03
45	-1.000000	-1.000000e+00	-1.000000e+00	-1.000000e+00	-1.000000e+00	-1.000000e+00
45	1037.691221	7.369469e-14	7.822000e-01	6.946493e-14	1.125200e+04	2.168500e+04
45	141.987838	1.000000e-05	8.093353e-01	1.933619e-10	4.362899e+04	1.292500e+04
45	681.180181	2.665519e-08	7.800000e-01	9.627566e-09	2.716117e+04	3.741318e+04
45	1082.580485	1.600000e-16	9.252000e-01	3.869807e-21	2.807500e+04	4.927000e+04
45	132.163166	1.000000e-05	8.091983e-01	9.844793e-11	4.893501e+04	1.457698e+04
45	5458.096709	9.200000e-16	9.054000e-01	2.715457e-37	4.296200e+04	5.952500e+04
45	161.762134	1.000000e-05	8.094729e-01	6.449233e-10	3.865600e+04	9.976001e+03
45	658.564185	9.042984e-12	8.306000e-01	3.686751e-13	1.258000e+03	5.235800e+04
45	655.461516	4.093815e-13	7.866000e-01	7.591997e-14	8.025000e+03	5.130200e+04
45	1098.580458	5.200000e-16	9.318000e-01	1.599987e-22	2.436900e+04	5.748300e+04
45	253.552523	3.934160e-07	9.955678e-01	4.383946e-14	4.800009e+01	1.325400e+04
45	151.060258	1.000000e-05	8.094180e-01	3.431267e-10	4.117612e+04	1.152104e+04
45	177.938197	1.636579e-16	9.868000e-01	1.465248e-18	4.899100e+04	3.711600e+04
45	750.695414	1.867170e-06	8.746670e-01	3.418869e-10	5.519700e+04	3.639900e+04
45	12420.905084	5.544922e-16	8.614000e-01	1.137461e-21	4.292500e+04	5.811300e+04
45	1050.435301	3.578489e-15	8.218000e-01	2.452810e-29	1.985400e+04	2.396300e+04
45	2795.547476	3.767038e-07	8.548004e-01	1.377243e-14	4.378800e+04	3.538300e+04
45	1033.609101	7.364809e-13	8.064000e-01	2.774323e-27	6.949000e+03	1.393700e+04
45	525.322742	2.183283e-09	8.724000e-01	1.640880e-11	3.185100e+04	7.970000e+02
45	98.636833	1.731220e-10	8.044705e-01	4.022328e-14	4.595262e+04	3.356964e+04
45	123.442622	4.945075e-14	9.978000e-01	8.812738e-15	4.067200e+04	1.705300e+04
45	624.191165	4.283813e-08	9.757823e-01	1.000000e-08	1.989500e+04	3.839200e+04
45	687.811425	1.914299e-08	7.800000e-01	9.328327e-09	2.799801e+04	3.202381e+04
45	858.331261	1.000000e-05	8.261856e-01	2.191750e-13	5.424500e+04	5.344500e+04
45	168.730995	1.000000e-05	8.094874e-01	9.521171e-10	3.539398e+04	9.022015e+03
45	132.491875	1.000000e-05	8.092039e-01	1.008089e-10	4.706801e+04	1.451899e+04
45	121.260497	1.000000e-05	8.089675e-01	4.230755e-11	5.150701e+04	1.664300e+04
45	3603.898582	8.000000e-16	9.164000e-01	1.913470e-37	3.020800e+04	5.710800e+04
45	-1.000000	-1.000000e+00	-1.000000e+00	-1.000000e+00	-1.000000e+00	-1.000000e+00
45	713.707259	1.110067e-06	7.998164e-01	5.684658e-10	5.048500e+04	3.136900e+04
45	1064.969447	2.260071e-16	8.922000e-01	5.915319e-36	2.771000e+04	5.364800e+04
45	1040.497629	7.373096e-14	8.570000e-01	6.220199e-32	1.332300e+04	3.335600e+04
45	1037.881955	1.661295e-13	8.460000e-01	3.755183e-30	1.117900e+04	2.796700e+04
45	1032.757061	1.951127e-12	8.790000e-01	3.036371e-31	5.954000e+03	2.861200e+04
45	1056.791171	1.638758e-15	9.208000e-01	5.742390e-35	2.391700e+04	4.647600e+04
45	189.406607	1.000000e-05	8.094478e-01	2.801938e-09	3.001403e+04	6.377929e+03
45	1043.466348	5.898942e-14	9.340000e-01	1.133289e-33	1.595300e+04	3.867600e+04
45	1030.533682	1.725768e-11	9.428000e-01	1.541974e-28	2.732000e+03	1.453500e+04
45	1082.523818	8.979088e-18	8.064000e-01	2.567457e-18	3.072600e+04	3.990800e+04
45	31304.174848	2.603187e-08	9.516000e-01	3.147914e-17	5.522800e+04	4.988300e+04
45	158.244861	1.000000e-05	8.094595e-01	5.266685e-10	4.554900e+04	1.047200e+04
45	538.836372	2.075751e-10	9.736000e-01	2.888212e-12	3.354000e+04	3.466000e+03
45	652.963766	2.722028e-11	9.032000e-01	1.184589e-12	1.620000e+02	5.143600e+04
45	779.966439	8.541758e-17	8.196000e-01	8.541758e-17	7.554000e+03	4.781900e+04
45	658.960295	3.658872e-12	8.064000e-01	2.036529e-13	3.050000e+03	5.228600e+04
45	176.289797	1.000000e-05	8.094885e-01	1.432905e-09	4.079897e+04	8.021013e+03
45	1060.341099	2.902706e-16	7.800000e-01	1.238541e-16	2.511700e+04	4.046200e+04
45	1055.945223	9.106167e-16	8.108000e-01	1.916498e-34	2.289200e+04	5.119200e+04
45	106.146419	1.000000e-05	8.021231e-01	2.465995e-13	5.126800e+04	2.950900e+04
45	1030.122664	5.469311e-12	7.998000e-01	3.893482e-26	2.017000e+03	1.027900e+04
45	1095.046383	9.199999e-16	9.934000e-01	6.229771e-20	2.682400e+04	4.418300e+04
45	857.882776	2.230925e-07	9.802007e-01	8.283831e-13	4.466300e+04	5.335900e+04
45	1044.923624	1.417694e-14	8.108000e-01	7.198624e-36	1.643200e+04	5.848300e+04
45	800.616697	3.147732e-06	7.976026e-01	3.734727e-12	4.661700e+04	4.383700e+04
45	19393.385191	9.000000e-17	8.878000e-01	0.000000e+00	3.769500e+04	5.881200e+04
45	877.748136	5.750025e-09	9.230000e-01	1.513769e-13	5.618000e+04	5.699900e+04
45	1047.366391	1.547260e-14	9.098000e-01	3.591628e-32	1.828200e+04	3.519000e+04
45	1060.619859	3.060427e-16	7.998000e-01	9.043385e-35	2.527400e+04	4.897300e+04
45	826.971749	4.822570e-06	9.186236e-01	4.909316e-12	4.916100e+04	4.804300e+04
45	172.122178	1.164779e-15	9.582000e-01	4.357240e-27	4.188800e+04	1.215000e+03
45	120.821831	1.000000e-05	8.089555e-01	4.075993e-11	3.755181e+04	1.673411e+04
45	94.848843	4.299510e-09	8.057238e-01	1.279053e-13	4.277633e+04	3.079204e+04
45	173.360897	1.224928e-09	9.553787e-01	1.224928e-09	8.405065e+03	5.941953e+04
45	31774.456809	1.000000e-05	9.625911e-01	1.038613e-16	4.886800e+04	4.701500e+04
45	99.788988	3.667509e-08	8.039137e-01	2.750158e-14	3.167293e+04	3.446715e+04
45	1029.682165	1.245120e-10	9.802000e-01	2.411107e-30	1.341000e+03	2.529600e+04
45	571.443158	6.880329e-10	8.922000e-01	5.007841e-16	3.428800e+04	2.512400e+04
45	1123.773404	7.500016e-16	9.362000e-01	1.143218e-21	1.579700e+04	5.414500e+04
45	103.402461	7.979485e-06	8.082474e-01	6.769352e-12	5.755389e+04	2.112200e+04
45	505.489797	6.716282e-12	9.274000e-01	6.654284e-30	2.056300e+04	1.255300e+04
45	655.963375	3.239937e-11	9.032000e-01	5.114510e-19	4.174100e+04	4.081700e+04
45	18727.636974	5.251831e-08	9.296005e-01	1.000000e-08	5.064000e+04	1.065000e+03
45	270.841920	4.630726e-12	7.826115e-01	9.559373e-14	5.598600e+04	3.700700e+04
45	104.714406	3.790853e-11	8.029802e-01	9.720174e-15	4.810936e+04	3.698314e+04
45	1040.241692	3.039173e-18	7.822000e-01	3.039173e-18	3.495900e+04	5.007700e+04
45	703.009249	8.855418e-09	7.800000e-01	6.812079e-09	2.994814e+04	3.692095e+04
45	1032.176549	6.662879e-12	9.494000e-01	8.511337e-28	5.364000e+03	1.403700e+04
45	1041.387447	9.028239e-14	9.120000e-01	1.768509e-35	1.416800e+04	5.400800e+04
45	439.694799	1.713350e-13	9.340000e-01	3.063339e-30	2.950600e+04	1.613300e+04
45	110.589386	1.000000e-05	8.086144e-01	1.571814e-11	3.745205e+04	1.906375e+04
45	1032.558408	2.356661e-12	8.878000e-01	4.309034e-28	5.708000e+03	1.800700e+04
45	1078.484156	1.221683e-16	9.318000e-01	3.108363e-23	2.997500e+04	5.908200e+04
45	658.419768	2.502300e-12	9.912000e-01	1.728007e-19	4.188400e+04	4.224900e+04
45	1112.548861	9.780471e-20	8.174000e-01	1.382001e-20	2.993800e+04	5.195000e+04
45	617.688289	5.529376e-07	7.800000e-01	9.440534e-09	1.951416e+04	3.441515e+04
45	691.412644	1.355710e-08	8.350000e-01	1.000000e-08	2.813400e+04	3.350400e+04
45	165.044359	1.000000e-05	8.094821e-01	7.766223e-10	4.662600e+04	9.520995e+03
45	849.143015	4.623090e-07	8.108028e-01	2.803951e-13	5.323400e+04	5.182800e+04
45	1097.054558	9.199984e-16	9.428000e-01	4.233304e-20	2.120800e+04	4.559700e+04
45	1061.622029	5.342632e-16	9.494000e-01	4.609580e-33	2.780300e+04	3.836600e+04
45	98.209305	5.342826e-10	8.045699e-01	4.483815e-14	4.327907e+04	3.330704e+04
45	848.772562	1.285938e-12	8.900033e-01	1.285938e-12	5.094100e+04	5.485800e+04
45	1064.089303	1.687266e-16	8.218000e-01	1.698374e-34	2.699800e+04	4.987400e+04
45	734.634453	4.415513e-15	9.868000e-01	2.237963e-17	5.913400e+04	3.115100e+04
45	1071.878445	4.826116e-17	8.702000e-01	1.074404e-33	3.078600e+04	4.509100e+04
45	216.126628	1.000000e-05	8.095642e-01	1.000000e-08	3.545397e+04	3.224076e+03
45	751.635359	5.976013e-10	8.195989e-01	5.976013e-10	3.631500e+04	3.999400e+04
45	1040.486022	6.499705e-14	8.944000e-01	6.499705e-14	1.409000e+04	8.989000e+03
45	198.545536	5.962532e-06	8.094079e-01	4.435809e-09	5.740857e+04	5.253429e+03
45	163.898501	1.317942e-09	9.780000e-01	3.136621e-13	1.000400e+04	8.111000e+03
45	1045.553951	1.481921e-14	8.438000e-01	7.419160e-31	1.687900e+04	2.851900e+04
45	160.614505	6.033833e-10	9.554091e-01	6.033833e-10	1.013901e+04	5.945803e+04
45	19441.796273	3.375514e-08	9.406001e-01	2.068608e-15	5.120100e+04	3.982900e+04
45	1032.190403	1.971543e-12	8.438000e-01	5.387292e-29	5.210000e+03	2.010800e+04
45	1095.824553	4.241438e-18	8.988000e-01	9.990782e-21	3.573200e+04	4.819000e+04
45	1647.193316	6.281084e-07	8.460008e-01	9.009011e-14	4.172600e+04	3.088700e+04
45	1059.162225	8.135191e-16	9.010000e-01	8.135191e-16	2.494600e+04	1.030800e+04
45	876.077121	1.000000e-08	7.814798e-01	1.000000e-08	4.798151e+04	6.931952e+03
45	202.223687	2.439796e-08	9.934000e-01	1.444350e-13	5.870000e+03	1.040300e+04
45	637.291681	1.164713e-12	8.064000e-01	1.164713e-12	6.038000e+03	4.771000e+04
45	1034.907501	9.375182e-13	9.076000e-01	2.326195e-27	8.450000e+03	1.363900e+04
45	657.290510	4.833339e-06	7.983940e-01	8.905483e-09	5.635587e+04	2.422983e+04
45	24359.312965	5.353197e-16	8.130000e-01	4.189780e-35	4.307900e+04	4.987500e+04
45	3900.161086	1.107942e-06	8.680013e-01	4.571966e-14	3.866400e+04	3.244700e+04
45	122.062797	4.175396e-11	7.998010e-01	4.423303e-16	4.621323e+04	4.440199e+04
45	164.609176	7.425920e-10	9.554208e-01	7.425920e-10	9.629999e+03	5.155800e+04
45	1029.567924	1.433414e-10	9.780000e-01	1.112814e-24	5.520000e+02	1.055000e+03
45	657.489620	6.135196e-12	9.362000e-01	1.546167e-17	4.482700e+04	3.253100e+04
45	-1.000000	-1.000000e+00	-1.000000e+00	-1.000000e+00	-1.000000e+00	-1.000000e+00
45	248.972265	2.652362e-07	9.955381e-01	1.467155e-14	1.004001e+03	1.585100e+04
45	107.181218	2.671697e-11	9.736000e-01	3.019728e-13	1.901600e+04	7.877000e+03
45	1029.837104	3.011608e-11	9.428000e-01	3.396207e-30	1.385000e+03	2.640200e+04
45	868.410037	2.703373e-13	9.714000e-01	2.703373e-13	5.261900e+04	5.770400e+04
45	1061.053169	9.140365e-17	9.736000e-01	1.026825e-23	3.418500e+04	5.375600e+04
45	94.813264	1.000000e-05	8.073843e-01	1.351740e-12	4.437604e+04	2.505411e+04
45	547.332294	9.888975e-11	9.846000e-01	1.562608e-13	3.401700e+04	1.036500e+04
45	154.722585	1.000000e-05	8.080968e-01	1.517588e-10	1.743498e+04	1.340801e+04
45	183.304537	4.731689e-10	9.472000e-01	1.478185e-29	1.049200e+04	1.300500e+04
45	101.264912	5.195608e-10	8.036829e-01	2.005110e-14	4.213703e+04	3.523708e+04
45	1039.864675	7.842477e-14	8.372000e-01	9.142622e-33	1.280900e+04	4.161300e+04
45	369.257950	7.766512e-17	8.108000e-01	7.766512e-17	1.287300e+04	4.820700e+04
45	1129.828596	2.800002e-16	9.758000e-01	3.581733e-22	1.526800e+04	5.635200e+04
45	189.174654	2.786655e-09	9.554269e-01	2.786655e-09	6.391982e+03	5.788099e+04
45	303.035866	1.000000e-05	7.954475e-01	1.000000e-08	5.933200e+04	4.491000e+03
45	609.679358	3.016167e-11	9.780000e-01	2.131878e-17	3.795200e+04	3.133400e+04
45	211.582771	1.000000e-05	8.093126e-01	8.279278e-09	5.595800e+04	3.725002e+03
45	1044.231438	2.623997e-14	8.702000e-01	1.011508e-31	1.604400e+04	3.105500e+04
45	123.642853	1.000000e-05	8.090266e-01	5.143912e-11	3.988800e+04	1.616500e+04
45	1065.172795	1.467005e-16	8.350000e-01	1.629396e-37	2.754200e+04	5.801400e+04
45	1043.042345	3.715148e-14	8.702000e-01	2.151507e-32	1.522000e+04	3.108500e+04
45	650.390368	5.411424e-13	7.888000e-01	1.448636e-13	7.387000e+03	5.039200e+04
45	16892.522930	1.890637e-08	9.582000e-01	4.194055e-13	5.465700e+04	2.697600e+04
45	244.074885	2.182711e-08	9.567171e-01	1.000000e-08	1.297973e+03	3.648001e+04
45	98.725918	2.565430e-12	9.560000e-01	8.666660e-15	2.342700e+04	7.667000e+03
45	1034.493992	2.168684e-12	9.560000e-01	9.823806e-31	8.454000e+03	2.243700e+04
45	759.915343	3.354818e-10	8.350000e-01	3.354818e-10	3.747000e+04	4.288800e+04
45	169.682745	1.898508e-10	9.472000e-01	5.425992e-28	1.272100e+04	1.103000e+03
45	6849.290696	3.564301e-06	9.054044e-01	1.089509e-11	3.313100e+04	1.911100e+04
45	162.716996	6.404028e-10	9.554902e-01	6.404028e-10	9.990999e+03	4.914500e+04
45	827.769353	1.139763e-06	8.108044e-01	1.167606e-12	5.288200e+04	4.818700e+04
45	1031.963090	2.830602e-12	8.724000e-01	3.044560e-30	4.911000e+03	2.752600e+04
45	175.089599	1.341691e-09	9.553819e-01	1.341691e-09	8.182033e+03	5.584203e+04
45	1088.141778	4.200000e-16	9.846000e-01	2.391808e-21	2.919900e+04	5.062000e+04
45	149.272499	1.000000e-05	8.094045e-01	3.074251e-10	4.216998e+04	1.179001e+04
45	620.915795	2.604226e-12	9.934000e-01	6.896721e-17	4.102200e+04	2.847900e+04
45	201.805891	1.000000e-05	8.093871e-01	5.195967e-09	4.022994e+04	4.866008e+03
45	1082.512751	4.064566e-17	9.340000e-01	8.539083e-20	3.196900e+04	4.234200e+04
45	16627.624627	2.970625e-08	9.582001e-01	5.697752e-13	5.247800e+04	2.623300e+04
45	165.485426	3.536525e-12	9.450000e-01	6.608885e-29	2.235100e+04	6.857000e+03
45	129.138170	1.000000e-05	8.091440e-01	7.881460e-11	4.594653e+04	1.512119e+04
45	1092.669794	4.009847e-16	9.054000e-01	8.200783e-19	3.000000e+00	3.973500e+04
45	156.212111	1.000000e-05	8.094497e-01	4.675025e-10	5.633700e+04	1.076378e+04
45	561.579367	4.163021e-11	9.802000e-01	5.072759e-12	3.686700e+04	2.042000e+03
45	201.831329	6.479545e-06	8.093870e-01	5.202991e-09	5.318103e+04	4.862712e+03
45	227.500912	2.334424e-12	9.406000e-01	1.764952e-29	2.328000e+04	1.036300e+04
45	1031.361428	1.415375e-11	9.604000e-01	1.227090e-29	4.233000e+03	2.239700e+04
45	176.705948	3.278962e-08	7.959475e-01	4.597824e-12	4.588000e+04	2.327400e+04
45	526.123750	2.928794e-09	9.252000e-01	5.566305e-15	2.960200e+04	1.894600e+04
45	1136.063913	1.200053e-16	9.802000e-01	8.729738e-23	1.004400e+04	5.947600e+04
45	1079.274966	9.912421e-17	9.626000e-01	7.707994e-18	1.364400e+04	3.386500e+04
45	21321.474617	1.331694e-08	9.824000e-01	5.784079e-13	5.437000e+04	2.618500e+04
45	230.855095	1.965314e-08	9.559193e-01	1.000000e-08	1.605998e+03	4.467699e+04
45	151.729968	1.000000e-05	8.094227e-01	3.574428e-10	4.423801e+04	1.142098e+04
45	619.113902	6.231541e-13	9.956000e-01	1.268162e-15	4.353700e+04	2.166800e+04
45	529.824424	2.528237e-09	8.834000e-01	1.043351e-13	3.121700e+04	1.270500e+04
45	205.523780	2.693844e-10	9.711103e-01	9.552381e-11	1.306200e+04	5.307700e+04
45	1100.942613	7.041872e-18	8.152000e-01	4.227547e-20	3.091200e+04	4.905900e+04
45	1066.957019	8.798395e-17	8.108000e-01	8.524911e-35	2.833800e+04	5.220300e+04
45	3731.786353	9.010979e-08	8.812002e-01	5.367709e-10	5.107900e+04	9.661000e+03
45	1034.019512	1.164579e-12	8.900000e-01	1.103397e-24	7.456000e+03	7.504000e+03
45	209.576572	7.527838e-09	9.556031e-01	7.527838e-09	3.958012e+03	5.444800e+04
45	109.908747	1.000000e-05	8.085847e-01	1.461886e-11	3.498784e+04	1.924090e+04
45	131.904583	1.137531e-10	9.582000e-01	6.629728e-14	1.437700e+04	8.037000e+03
45	723.213430	1.234978e-12	9.098000e-01	1.666352e-20	4.986600e+04	4.848400e+04
45	2934.217285	1.819821e-06	8.570028e-01	1.947980e-14	3.557500e+04	3.453900e+04
45	704.728538	9.974739e-15	7.932000e-01	9.974739e-15	1.701000e+04	5.823600e+04
45	153.053809	3.164517e-10	9.557675e-01	3.164517e-10	1.171202e+04	4.800199e+04
45	22040.730416	7.826387e-16	8.174000e-01	2.117868e-36	4.216800e+04	5.859700e+04
45	191.181930	1.000000e-05	8.094468e-01	3.082553e-09	3.837179e+04	6.144806e+03
45	1034.839683	5.101357e-13	8.350000e-01	2.693523e-34	8.299000e+03	4.669300e+04
45	158.034554	1.000000e-05	8.094582e-01	5.200332e-10	3.723097e+04	1.050301e+04
45	656.034699	3.663653e-11	8.702000e-01	1.191373e-18	4.227000e+04	3.954100e+04
45	93.672386	6.204902e-06	8.071127e-01	8.679429e-13	5.993615e+04	2.613442e+04
45	93.781773	9.278428e-06	8.071462e-01	9.156258e-13	5.760101e+04	2.600403e+04
45	1066.507144	1.670396e-16	8.944000e-01	2.452807e-37	2.846900e+04	5.917400e+04
45	808.552233	9.307683e-13	9.208000e-01	7.357429e-30	2.530300e+04	1.288900e+04
45	122.544950	8.718226e-11	9.758000e-01	8.497693e-14	1.637100e+04	1.109700e+04
45	215.205892	1.000000e-05	8.092803e-01	9.806795e-09	3.919602e+04	3.310300e+03
45	1041.451939	7.306330e-14	8.922000e-01	1.369210e-36	1.412300e+04	5.690600e+04
45	1067.251184	1.434353e-16	8.944000e-01	7.582863e-35	2.882300e+04	4.767600e+04
45	199.213672	1.000000e-05	8.094038e-01	4.581966e-09	3.972899e+04	5.174009e+03
45	277.006444	3.644970e-13	7.820960e-01	4.810043e-16	5.926900e+04	5.009201e+04
45	109.040669	2.307132e-07	8.039577e-01	1.305795e-14	5.396601e+04	3.634399e+04
45	692.093854	1.253209e-08	8.148415e-01	1.000000e-08	2.852499e+04	4.167720e+04
45	179.657141	1.000000e-05	8.094839e-01	1.711044e-09	5.232077e+04	7.586556e+03
45	109.046293	7.129902e-09	8.080089e-01	1.321411e-11	5.771300e+04	1.951800e+04
45	112.137447	8.470684e-06	8.086771e-01	1.842307e-11	5.017921e+04	1.867567e+04
45	1063.209029	3.582453e-16	9.054000e-01	1.791235e-35	2.699100e+04	4.977900e+04
45	463.270875	1.476836e-09	9.956000e-01	1.284681e-13	2.388000e+04	1.072700e+04
45	1049.195966	4.950145e-15	8.240000e-01	2.539093e-34	1.912600e+04	4.638600e+04
45	1039.171282	1.516844e-13	8.900000e-01	4.988453e-33	1.233000e+04	3.809300e+04
45	694.250507	2.225814e-12	8.064000e-01	2.225814e-12	5.201000e+03	4.559200e+04
45	1031.739889	2.588532e-12	8.460000e-01	2.342321e-26	4.595000e+03	9.656000e+03
45	17445.888347	3.908085e-15	8.240000e-01	6.981261e-35	3.829800e+04	4.980200e+04
45	125.421018	1.000000e-05	8.090668e-01	5.922875e-11	3.633493e+04	1.582005e+04
45	164.557105	1.000000e-05	8.094809e-01	7.556547e-10	4.319199e+04	9.588014e+03
45	96.289655	1.000000e-05	8.076160e-01	2.011767e-12	5.370995e+04	2.408413e+04
45	373.457515	1.106307e-12	9.340000e-01	9.582807e-30	2.500000e+04	3.962000e+03
45	829.743088	4.690528e-07	8.042017e-01	8.104857e-13	5.724100e+04	4.852300e+04
45	1031.505056	3.365532e-12	8.614000e-01	4.152384e-29	4.262000e+03	2.194100e+04
45	1031.270023	1.508532e-11	9.604000e-01	6.321344e-29	4.079000e+03	1.978200e+04
45	859.567685	2.904491e-06	8.328011e-01	2.280892e-13	5.864500e+04	5.366500e+04
45	912.151928	2.742951e-07	8.262003e-01	8.044669e-16	4.380000e+04	4.238300e+04
45	514.487189	7.109967e-10	9.802000e-01	2.247618e-13	2.967200e+04	9.535000e+03
45	698.158504	1.016000e-08	7.995457e-01	1.000000e-08	2.930407e+04	4.004420e+04
45	1073.827935	8.464672e-16	9.912000e-01	1.965314e-17	1.002800e+04	3.143800e+04
45	1089.081839	1.283904e-18	7.976000e-01	8.286866e-19	3.700000e+04	4.138000e+04
45	853.433069	1.720052e-06	9.230114e-01	8.560533e-13	5.332300e+04	5.256900e+04
45	1039.673378	6.060849e-14	7.910000e-01	6.060849e-14	1.267200e+04	7.286000e+03
45	1037.348257	2.124608e-13	8.526000e-01	2.371937e-30	1.071600e+04	2.883400e+04
45	634.451983	5.533489e-12	9.098000e-01	2.459177e-14	4.605100e+04	1.567100e+04
45	588.306265	1.778555e-10	9.560000e-01	4.176098e-17	3.526900e+04	3.000000e+04
45	403.148473	8.459270e-08	7.956519e-01	9.168170e-09	2.486037e+04	1.543172e+03
45	1118.594010	4.400003e-16	9.054000e-01	1.429185e-21	1.961100e+04	5.396000e+04
45	129.419008	1.000000e-05	8.091487e-01	8.044608e-11	3.704195e+04	1.507103e+04
45	1031.743225	1.432744e-12	7.822000e-01	1.432744e-12	4.261000e+03	1.391300e+04
45	565.604586	1.316748e-10	9.450000e-01	2.709991e-13	3.663400e+04	9.468000e+03
45	1128.184802	7.500023e-16	9.516000e-01	5.479628e-22	1.230900e+04	5.564200e+04
45	96.855802	1.000000e-05	8.076724e-01	2.252115e-12	2.952602e+04	2.380809e+04
45	1068.463454	1.232529e-16	9.098000e-01	1.232529e-16	2.960300e+04	5.578000e+03
45	118.341200	1.000000e-05	8.088812e-01	3.276995e-11	3.135000e+04	1.726735e+04
45	611.943873	1.242424e-10	9.494000e-01	2.312852e-18	3.655000e+04	3.673700e+04
45	259.285960	1.000000e-05	8.012539e-01	4.897673e-10	1.326000e+04	9.811000e+03
45	763.061938	1.628444e-10	9.384020e-01	1.628444e-10	3.695300e+04	4.347500e+04
45	19636.520340	9.999477e-09	9.339175e-01	9.999477e-09	5.761700e+04	1.073001e+03
45	1115.850312	2.232858e-13	9.164000e-01	5.054032e-33	2.873000e+04	3.097400e+04
45	1048.387555	5.240397e-15	8.020000e-01	5.240397e-15	1.864300e+04	8.738000e+03
45	1222.154991	7.100000e-16	9.582000e-01	4.308948e-38	2.991200e+04	5.639800e+04
45	1038.776787	1.852316e-13	8.966000e-01	6.501928e-34	1.202200e+04	3.928300e+04
45	177.407706	1.000000e-05	8.094873e-01	1.520277e-09	4.213791e+04	7.876059e+03
45	1042.167903	5.618679e-14	8.878000e-01	3.503771e-32	1.463800e+04	3.371300e+04
45	211.424894	1.000000e-05	8.093139e-01	8.217586e-09	4.210000e+04	3.743315e+03
45	1056.885157	1.341855e-15	8.966000e-01	1.122320e-20	2.366500e+04	2.244300e+04
45	106.664910	3.190209e-12	9.824000e-01	1.095272e-16	2.510200e+04	2.710800e+04
45	1043.724885	5.431567e-14	9.648000e-01	7.651009e-32	1.794700e+04	3.328400e+04
45	733.243445	1.000000e-05	9.052101e-01	1.135919e-09	5.134800e+04	3.397500e+04
45	1042.298338	3.174748e-14	8.174000e-01	1.476775e-27	1.462600e+04	1.697100e+04
45	184.597062	2.179738e-15	9.956000e-01	4.212486e-21	4.598200e+04	5.054600e+04
45	528.195115	2.184215e-09	9.032000e-01	1.063603e-13	3.106000e+04	1.229100e+04
45	1125.595928	2.400002e-16	9.648000e-01	7.902236e-22	1.901000e+04	5.466600e+04
45	389151.570939	1.557978e-08	8.855997e-01	1.000000e-08	5.604000e+04	1.981300e+04
45	1123.928341	9.000078e-17	8.548000e-01	7.835077e-22	2.159300e+04	5.644600e+04
45	690.595137	1.290426e-13	7.866000e-01	7.359640e-15	1.079000e+04	5.726500e+04
45	1118.533288	7.400003e-16	9.120000e-01	3.706596e-22	1.999300e+04	5.675300e+04
45	892.828176	2.106844e-06	9.977890e-01	6.889638e-14	4.757000e+04	5.989200e+04
45	1039.649478	3.058969e-14	7.822000e-01	3.058969e-14	1.307100e+04	2.468000e+04
45	93.105084	1.374655e-08	8.068553e-01	5.818894e-13	5.200600e+04	2.710899e+04
45	96.129896	1.000000e-05	8.075943e-01	1.936639e-12	4.932600e+04	2.417699e+04
45	785.217805	7.953678e-09	7.852419e-01	7.953678e-09	3.722400e+04	4.502997e+03
45	7899.832241	1.202497e-08	9.032000e-01	2.439492e-13	5.926400e+04	2.833400e+04
45	1037.613756	3.011587e-13	9.032000e-01	1.333058e-35	1.104100e+04	5.035100e+04
45	1041.426661	7.076838e-14	8.878000e-01	7.916494e-35	1.409000e+04	4.662500e+04
45	18599.391185	7.922284e-09	9.670000e-01	4.143260e-13	5.838600e+04	2.700100e+04
45	879.095843	1.000000e-05	7.822120e-01	1.000000e-08	5.787200e+04	5.898000e+03
45	1060.534014	6.480229e-16	9.098000e-01	6.480229e-16	2.573300e+04	9.001000e+03
45	242.978538	3.437308e-08	9.561134e-01	1.000000e-08	2.389958e+02	5.520099e+04
45	1044.209980	1.663864e-14	8.086000e-01	1.663864e-14	1.600500e+04	7.770000e+03
45	829.033352	2.035126e-13	8.020000e-01	2.035126e-13	1.124500e+04	5.092100e+04
45	221.151735	1.289433e-08	9.557509e-01	1.000000e-08	2.639834e+03	5.169490e+04
45	1115.652958	4.600209e-16	9.076000e-01	9.691757e-21	8.907000e+03	4.976400e+04
45	159.232047	5.562241e-10	9.554178e-01	5.562241e-10	1.033819e+04	5.739921e+04
45	31356.456487	4.024497e-15	8.064000e-01	1.443076e-18	3.822600e+04	4.685400e+04
45	170.439558	1.000000e-05	8.094897e-01	1.046341e-09	4.522000e+04	8.790994e+03
45	893.235680	6.728354e-08	9.955997e-01	6.625260e-14	4.436300e+04	5.997200e+04
45	127.651406	9.924834e-06	8.091147e-01	7.044066e-11	5.937000e+04	1.539600e+04
45	92.709097	2.084446e-12	9.604000e-01	9.125490e-13	2.416500e+04	2.234000e+03
45	1030.082171	1.449884e-11	9.098000e-01	1.277944e-28	1.921000e+03	1.352500e+04
45	186.545683	1.000000e-05	8.094594e-01	2.425851e-09	3.028199e+04	6.731002e+03
45	11004.333853	8.265761e-09	9.230000e-01	2.458308e-13	5.969100e+04	2.829500e+04
45	656.395169	9.363411e-13	9.582000e-01	2.436661e-15	4.848500e+04	2.049800e+04
45	1051.027939	6.332450e-15	9.164000e-01	2.395671e-34	2.059400e+04	4.512900e+04
45	613.739363	4.331235e-11	9.736000e-01	5.307798e-18	3.750800e+04	3.457900e+04
45	151.199794	1.952893e-06	8.094190e-01	3.460947e-10	5.977202e+04	1.149996e+04
45	825.401099	1.000000e-05	9.449891e-01	6.289635e-12	5.080700e+04	4.778300e+04
45	1037.362109	1.321378e-13	8.438000e-01	1.321378e-13	1.089500e+04	1.018900e+04
45	173.381049	1.000000e-05	8.094900e-01	1.226445e-09	3.738497e+04	8.402017e+03
45	19635.188026	1.000000e-05	9.229973e-01	1.095110e-16	4.620800e+04	4.690900e+04
45	392.352127	5.839842e-13	9.340000e-01	5.198918e-31	2.654500e+04	2.013000e+04
45	32841.409960	4.900000e-16	8.900000e-01	1.817509e-36	3.991300e+04	5.601800e+04
45	203.486285	1.000000e-05	8.093756e-01	5.634921e-09	5.581496e+04	4.667387e+03
45	1039.476192	1.622586e-14	7.866000e-01	1.622586e-14	1.295300e+04	2.409900e+04
45	127.964741	1.000000e-05	8.091210e-01	7.214104e-11	5.261880e+04	1.533765e+04
45	114.703110	1.000000e-05	8.087708e-01	2.364694e-11	5.477865e+04	1.806545e+04
45	102.422126	1.000000e-05	8.081831e-01	5.916340e-12	5.302202e+04	2.145095e+04
45	1033.304670	1.104192e-12	8.438000e-01	1.169759e-29	6.604000e+03	2.471700e+04
45	745.660890	5.582865e-14	8.218000e-01	5.582865e-14	1.417100e+04	5.615000e+04
45	174.661754	1.000000e-05	8.094895e-01	1.313540e-09	3.723900e+04	8.233998e+03
45	687.751924	1.083694e-08	8.893300e-01	1.000000e-08	2.753111e+04	3.491599e+04
45	170.242591	1.034432e-09	9.553800e-01	1.034432e-09	8.819005e+03	5.915401e+04
45	96.731521	1.440862e-10	8.050701e-01	6.950858e-14	4.771900e+04	3.225706e+04
45	649.574880	3.785024e-12	8.834000e-01	1.478662e-12	4.421000e+03	5.047800e+04
45	166.448475	1.000000e-05	8.094848e-01	8.399023e-10	4.201401e+04	9.329174e+03
45	1044.719022	3.510984e-14	9.185971e-01	2.032905e-32	1.661900e+04	3.528300e+04
45	214.707456	1.000000e-05	8.092851e-01	9.583216e-09	4.566587e+04	3.366795e+03
45	572.163708	2.289560e-06	8.705815e-01	1.000000e-08	1.433700e+04	4.887900e+04
45	735.634449	1.435342e-06	8.262073e-01	4.030201e-10	5.793000e+04	3.430600e+04
45	34247.483782	2.356562e-15	8.020000e-01	1.509544e-19	3.949800e+04	5.317900e+04
45	193.841738	1.000000e-05	8.094342e-01	3.519722e-09	4.330496e+04	5.819998e+03
45	100.229408	8.188979e-06	8.080202e-01	4.259981e-12	5.689901e+04	2.225298e+04
45	1101.540553	1.719699e-15	8.306000e-01	1.719699e-15	2.504000e+03	4.052100e+04
45	1048.208056	1.101122e-14	8.966000e-01	1.276266e-35	1.871700e+04	5.344400e+04
45	9801.528570	4.700000e-16	9.494000e-01	1.161162e-36	3.758300e+04	5.202200e+04
45	1031.391062	4.916753e-12	8.944000e-01	7.681202e-28	4.103000e+03	1.630500e+04
45	161.235331	8.308338e-16	9.604000e-01	1.123214e-17	4.278300e+04	2.815100e+04
45	15173.322391	1.873546e-08	9.538000e-01	1.327721e-12	5.512200e+04	2.418300e+04
45	614.039872	3.157941e-11	9.516000e-01	1.637045e-16	3.991400e+04	2.688100e+04
45	751.028764	1.935089e-10	9.515959e-01	1.935089e-10	3.558200e+04	4.481300e+04
45	125.620916	1.000000e-05	8.090715e-01	6.018246e-11	3.767399e+04	1.578099e+04
45	13405.555915	2.010364e-08	9.076000e-01	5.780019e-16	5.583500e+04	4.292400e+04
45	669.959571	1.486267e-12	9.780000e-01	2.724891e-18	4.560900e+04	3.607200e+04
45	1045.869434	1.425074e-14	8.636000e-01	1.425074e-14	1.730200e+04	8.676000e+03
45	552.399578	4.132461e-10	9.824000e-01	6.056124e-17	3.073500e+04	2.887300e+04
45	1046.402875	9.983175e-15	8.196000e-01	1.459918e-30	1.740000e+04	2.519800e+04
45	185.958701	2.367808e-09	9.554102e-01	2.367808e-09	6.790905e+03	5.874588e+04
45	1038.731701	8.109746e-14	8.790000e-01	8.109746e-14	1.220100e+04	1.143500e+04
45	132.883866	1.000000e-05	8.092091e-01	1.035607e-10	3.478899e+04	1.445300e+04
45	638.987093	2.049613e-07	7.800000e-01	6.323687e-09	2.201318e+04	3.036715e+04
45	101.206680	8.932864e-09	8.035496e-01	1.924145e-14	3.483026e+04	3.532654e+04
45	743.241625	2.590231e-10	9.560110e-01	2.590231e-10	3.455100e+04	4.445000e+04
45	699.231373	1.074353e-08	7.800000e-01	9.717305e-09	2.945905e+04	5.289003e+04
45	600.033173	1.372769e-11	9.802000e-01	2.547767e-15	3.968100e+04	2.016700e+04
45	135.966860	1.000000e-05	8.088703e-01	9.381487e-11	2.058800e+04	1.466600e+04
45	1040.611169	7.616459e-14	8.658000e-01	1.556124e-28	1.342300e+04	1.893400e+04
45	722.231743	7.472245e-09	7.995224e-01	7.472245e-09	5.869214e+04	1.784711e+03
45	1138.663649	9.665418e-08	7.805069e-01	5.472852e-09	5.481028e+04	7.428000e+03
45	538.253841	1.566459e-12	9.978000e-01	5.038451e-13	3.885100e+04	7.438000e+03
45	650.629114	8.236829e-13	9.780000e-01	1.152663e-15	4.711800e+04	2.205400e+04
45	517.068202	3.201681e-09	9.450000e-01	6.454101e-15	2.854500e+04	1.834300e+04
45	1060.071302	8.234454e-16	9.339988e-01	4.898542e-33	2.602900e+04	4.042200e+04
45	532.542859	6.542480e-10	9.428000e-01	3.647549e-12	3.267400e+04	3.244000e+03
45	1084.118171	5.580619e-17	9.318000e-01	1.254960e-19	3.066900e+04	4.216500e+04
45	1053.869396	2.843529e-15	9.032000e-01	5.171332e-20	2.208200e+04	2.023700e+04
45	887.043186	7.541682e-06	9.955895e-01	1.060099e-13	5.091600e+04	5.876800e+04
45	1049.758382	4.420962e-15	8.284000e-01	8.996560e-33	1.946500e+04	3.769600e+04
45	1029.732285	5.698510e-11	9.626000e-01	6.253277e-27	1.028000e+03	1.176200e+04
45	707.898135	2.958028e-06	8.923325e-01	3.938390e-09	5.445700e+04	3.058600e+04
45	1046.427092	1.447046e-14	8.724000e-01	1.062331e-29	1.749900e+04	2.305900e+04
45	168.682064	1.000000e-05	8.094753e-01	9.389592e-10	2.861998e+04	9.055016e+03
45	86.249567	3.982283e-12	7.888000e-01	2.279511e-12	2.290000e+03	2.646200e+04
45	10309.984812	5.843629e-16	8.614000e-01	1.451802e-21	4.287000e+04	5.298900e+04
45	850.455535	8.652536e-07	8.415199e-01	4.952397e-13	4.576900e+04	5.204800e+04
45	23233.660741	2.337252e-15	8.086000e-01	3.582284e-35	3.952600e+04	4.890400e+04
45	211.502779	6.541173e-16	7.844000e-01	4.800086e-18	2.311800e+04	5.882500e+04
45	166.390709	2.824079e-07	8.094848e-01	8.372440e-10	5.396800e+04	9.336938e+03
45	1237.246769	1.954943e-07	8.306003e-01	6.992623e-16	4.520000e+04	4.267900e+04
45	1050.129039	3.932804e-15	9.780000e-01	3.240364e-15	7.753000e+03	1.966000e+04
45	1030.272617	7.228093e-12	8.548000e-01	2.056818e-31	2.285000e+03	3.575400e+04
45	1051.985077	4.477495e-15	9.032000e-01	3.804530e-28	2.101500e+04	2.012200e+04
45	93.103996	9.940368e-06	8.068575e-01	5.834683e-13	4.924087e+04	2.710244e+04
45	94.471163	1.000000e-05	8.073163e-01	1.207164e-12	5.729700e+04	2.532999e+04
45	285.106844	7.641075e-13	9.384000e-01	8.044024e-33	2.594900e+04	3.195200e+04
45	1059.963600	4.775128e-16	8.482000e-01	8.342649e-33	2.502800e+04	3.814600e+04
45	111.347646	1.000000e-05	8.086459e-01	1.700696e-11	4.670069e+04	1.887117e+04
45	149.811631	4.149948e-10	9.628558e-01	2.526697e-13	1.151500e+04	6.728135e+03
45	33033.102500	2.604389e-08	9.648000e-01	8.553944e-17	5.696800e+04	4.748000e+04
45	180.674235	1.000000e-05	8.094818e-01	1.803953e-09	3.936693e+04	7.457038e+03
45	5078.516160	3.305031e-06	8.878040e-01	2.435607e-12	3.371600e+04	2.277600e+04
45	579.215103	1.550034e-09	8.504000e-01	2.241226e-17	3.317900e+04	3.334200e+04
45	487.479598	1.207245e-09	9.934000e-01	1.033248e-14	2.547800e+04	1.673700e+04
45	1059.503169	4.831728e-16	8.350000e-01	9.154477e-33	2.476600e+04	4.103500e+04
45	29536.915642	2.930434e-08	9.736000e-01	9.984973e-16	5.132600e+04	4.156800e+04
45	1122.903665	4.200005e-16	9.912000e-01	1.581977e-21	1.268800e+04	5.288300e+04
45	138.000400	5.300825e-16	9.780000e-01	5.300825e-16	4.505900e+04	2.172000e+04
45	1039.152005	2.676682e-13	9.692000e-01	8.495397e-30	1.455200e+04	2.296400e+04
45	359.779218	1.000000e-05	7.831484e-01	9.779511e-09	3.122700e+04	8.788998e+03
45	132.066861	1.000000e-05	8.091967e-01	9.776543e-11	5.805000e+04	1.459400e+04
45	1039.843364	7.354303e-14	8.350000e-01	7.354303e-14	1.289600e+04	4.277000e+03
45	1033.699279	9.124634e-13	8.438000e-01	2.425920e-33	7.062001e+03	3.670800e+04
45	1109.331824	1.599999e-16	9.846000e-01	2.142526e-20	2.240100e+04	4.704300e+04
45	1048.050294	5.090412e-15	7.800000e-01	1.363831e-15	1.840100e+04	3.289300e+04
45	885.574514	8.892425e-06	7.943434e-01	9.582670e-15	3.643100e+04	5.855500e+04
45	183.210356	1.000000e-05	8.094758e-01	2.057476e-09	4.669201e+04	7.134988e+03
45	1032.528386	1.514584e-12	8.328000e-01	6.582973e-30	5.648000e+03	2.407700e+04
45	676.660475	1.144274e-12	8.812000e-01	1.144274e-12	7.842000e+03	5.072900e+04
45	1029.052326	6.830500e-11	9.890000e-01	2.784032e-29	5.569000e+03	2.023900e+04
45	219.802594	1.822056e-12	7.910000e-01	1.822056e-12	5.418000e+03	2.585300e+04
45	657.297363	3.321723e-12	7.976000e-01	1.532754e-13	3.149000e+03	5.200200e+04
45	1122.195356	2.340216e-18	9.186000e-01	2.897849e-22	3.588400e+04	5.733200e+04
45	215.638426	1.000000e-05	8.092913e-01	1.000000e-08	5.170594e+04	3.260622e+03
45	188.191045	2.425591e-09	9.555575e-01	2.425591e-09	6.728050e+03	4.468493e+04
45	1099.426007	2.799964e-16	9.560000e-01	1.440968e-19	1.986500e+04	4.298600e+04
45	711.995878	2.959608e-06	7.976416e-01	5.536105e-10	4.385100e+04	3.114800e+04
45	282.423763	3.368596e-07	8.095835e-01	9.907641e-09	2.546900e+04	2.576992e+03
45	209.929165	1.599036e-06	8.002823e-01	8.566166e-10	2.883000e+04	1.001200e+04
45	156.612062	2.296636e-10	9.955996e-01	5.819051e-17	1.828200e+04	2.880100e+04
45	1030.623680	3.385297e-12	8.746000e-01	3.385297e-12	3.044000e+03	2.713000e+03
45	1035.924943	4.337087e-13	8.724000e-01	7.710797e-31	9.414000e+03	2.757200e+04
45	599.376782	4.988645e-11	9.494000e-01	9.512467e-16	3.887200e+04	2.279800e+04
45	466.377435	9.394648e-10	9.956000e-01	3.004861e-12	2.502100e+04	3.158000e+03
45	516.348947	3.167045e-10	9.890000e-01	3.940196e-13	3.019600e+04	8.109000e+03
45	640.922560	4.302533e-06	7.878631e-01	8.145612e-09	5.675932e+04	2.233791e+04
45	1046.908240	1.364861e-14	8.812000e-01	2.959568e-32	1.783300e+04	3.529900e+04
45	172.949388	1.000000e-05	8.094904e-01	1.198760e-09	4.960802e+04	8.457967e+03
45	1614.427090	3.808841e-07	8.394012e-01	4.427183e-15	4.111700e+04	3.818700e+04
45	137.988780	1.000000e-05	8.092860e-01	1.480187e-10	3.858200e+04	1.357901e+04
45	748.629823	1.674890e-16	9.406102e-01	2.529912e-37	4.620200e+04	5.709700e+04
45	1039.067811	9.652962e-14	8.284000e-01	4.868420e-36	1.216300e+04	5.564000e+04
45	100.101225	1.000000e-05	8.080024e-01	4.143457e-12	3.112294e+04	2.232033e+04
45	1058.693552	2.597122e-16	9.714000e-01	5.109404e-35	3.141400e+04	4.763200e+04
45	529.095267	8.076095e-10	9.846000e-01	3.164420e-16	2.869500e+04	2.500600e+04
45	272.155042	2.534923e-09	9.757997e-01	2.534923e-09	8.058000e+03	5.401300e+04
45	291.676517	2.008400e-15	9.934000e-01	2.008400e-15	4.498600e+04	1.863000e+03
45	429.258229	2.185851e-11	9.296000e-01	6.199659e-28	1.771700e+04	4.637000e+03
45	81.046083	9.185392e-13	9.648000e-01	2.051420e-17	2.639200e+04	2.949400e+04
45	1031.096516	3.768136e-12	8.438000e-01	8.478067e-26	3.649000e+03	7.692000e+03
45	147.269263	3.739027e-11	9.978000e-01	3.204829e-15	2.459600e+04	1.943800e+04
45	735.091771	4.849252e-06	9.099820e-01	1.061649e-09	5.174500e+04	3.422800e+04
45	150.776473	2.816939e-08	8.108001e-01	1.512232e-14	4.895800e+04	3.565900e+04
45	1044.823933	1.708273e-14	8.350000e-01	9.412146e-35	1.638700e+04	4.892600e+04
45	13894.851984	5.254314e-08	9.472001e-01	1.608751e-12	5.037400e+04	2.372100e+04
45	1240.423044	6.200000e-16	9.318000e-01	2.639617e-35	2.850700e+04	4.624700e+04
45	1029.384863	1.680532e-11	8.680000e-01	4.521223e-29	5.130000e+02	2.248000e+04
45	128.430160	1.000000e-05	8.091299e-01	7.470927e-11	3.866171e+04	1.525205e+04
45	1042.526989	5.343312e-14	8.944000e-01	5.838102e-33	1.492200e+04	3.675900e+04
45	1037.061183	3.885527e-13	9.076000e-01	7.108919e-30	1.055800e+04	2.334900e+04
45	866.927217	8.828675e-06	9.538022e-01	3.900162e-13	5.514200e+04	5.499300e+04
45	705.656675	8.156542e-14	8.702000e-01	8.156542e-14	1.372400e+04	5.732200e+04
45	1061.358261	7.070427e-16	9.208000e-01	1.383171e-20	2.583800e+04	4.103900e+04
45	11623.866316	4.835244e-08	9.142001e-01	1.328364e-14	5.063900e+04	3.536200e+04
45	1057.638269	1.290688e-15	9.142000e-01	6.976641e-33	2.426000e+04	3.770300e+04
45	952.267643	1.000001e-08	7.954009e-01	1.000000e-08	5.488900e+04	1.130000e+02
45	1036.610003	2.099939e-13	8.108000e-01	1.945019e-25	1.002300e+04	1.060400e+04
45	164.251197	1.000000e-05	8.094802e-01	7.427965e-10	5.035895e+04	9.630043e+03
45	172.120811	1.041769e-09	9.555229e-01	1.041769e-09	8.797997e+03	4.674799e+04
45	1121.351011	8.200001e-16	9.406000e-01	3.381610e-22	2.009600e+04	5.664800e+04
45	176.798176	1.467787e-09	9.553853e-01	1.467787e-09	7.962014e+03	5.465103e+04
45	434.066665	9.510736e-09	9.956000e-01	5.945830e-15	1.919400e+04	1.801900e+04
45	243.662675	5.192424e-09	9.592855e-01	5.192424e-09	4.781983e+03	3.497099e+04
45	1072.183421	4.891682e-16	9.978000e-01	2.647405e-17	7.429000e+03	3.069400e+04
45	2797.832437	3.000000e-17	9.032000e-01	1.733394e-37	3.683200e+04	5.640200e+04
45	117.669612	7.094480e-16	9.736000e-01	1.393199e-16	4.394400e+04	2.568200e+04
45	730.818083	1.289580e-09	9.142131e-01	1.289580e-09	3.263600e+04	3.776300e+04
45	1083.457608	2.746377e-17	8.130000e-01	3.752169e-20	3.010000e+04	4.749900e+04
45	3648.823109	1.200000e-16	8.944000e-01	1.725205e-37	3.375000e+04	5.714800e+04
45	655.708897	7.826476e-12	7.822000e-01	6.323791e-15	8.490000e+02	5.460600e+04
45	186.111892	1.000000e-05	8.094670e-01	2.387176e-09	4.445702e+04	6.770964e+03
45	535.732083	2.509188e-09	8.746000e-01	2.758375e-14	3.144500e+04	1.605500e+04
45	167.718776	1.000000e-05	8.094868e-01	9.012400e-10	5.169900e+04	9.156579e+03
45	8605.434598	7.000000e-16	9.494000e-01	1.737675e-38	3.546100e+04	5.698200e+04
45	101.778556	8.905710e-06	8.081383e-01	5.395552e-12	5.970400e+04	2.167597e+04
45	96.307362	4.386435e-06	8.076184e-01	2.020156e-12	5.572701e+04	2.407398e+04
45	753.205547	2.807767e-06	8.790351e-01	3.094444e-10	5.635500e+04	3.675400e+04
45	740.940083	9.838730e-06	8.637179e-01	5.240725e-10	5.784300e+04	3.503500e+04
45	1049.958127	4.028949e-15	8.218000e-01	5.988641e-29	1.957500e+04	2.321900e+04
45	731.059452	1.068318e-10	9.934000e-01	1.068318e-10	3.206600e+04	4.561000e+04
45	714.946562	6.240697e-13	9.626000e-01	3.210217e-20	4.921600e+04	4.633900e+04
45	200.838769	1.000000e-05	8.093935e-01	4.958432e-09	4.019282e+04	4.980614e+03
45	1034.743055	5.581203e-13	8.416000e-01	1.769481e-28	8.201000e+03	1.613500e+04
45	653.787421	6.075966e-12	8.548000e-01	1.323365e-15	4.718300e+04	2.372900e+04
45	1034.004550	3.158563e-12	9.714000e-01	3.899552e-32	8.850000e+03	3.596200e+04
45	111.057545	2.135901e-09	8.012427e-01	2.213995e-15	3.686821e+04	4.051277e+04
45	1032.212634	2.907351e-12	8.900000e-01	1.065671e-28	5.257000e+03	1.781800e+04
45	857.915603	8.324674e-06	9.384073e-01	6.830259e-13	5.940300e+04	5.336500e+04
45	1086.553013	5.300000e-16	9.868000e-01	5.088707e-22	2.933200e+04	5.394700e+04
45	837.956479	3.318064e-12	9.252005e-01	3.318064e-12	4.900700e+04	5.054900e+04
45	1043.058108	2.493308e-14	8.152000e-01	3.753262e-27	1.516400e+04	1.626600e+04
45	618.944667	1.116308e-11	9.648000e-01	7.450950e-16	4.171400e+04	2.320400e+04
45	12665.593124	2.900000e-16	8.592000e-01	1.884317e-36	4.507700e+04	5.504500e+04
45	1029.303451	1.188325e-11	8.130000e-01	4.607205e-26	3.440000e+02	1.067000e+04
45	488.761757	5.571915e-10	9.934000e-01	5.473496e-12	2.743300e+04	1.730000e+03
45	562.852795	5.484021e-10	9.252000e-01	1.473606e-15	3.384500e+04	2.207300e+04
45	169.439149	7.009517e-06	8.094889e-01	9.906983e-10	5.163700e+04	8.924816e+03
45	198.110980	1.000000e-05	8.094100e-01	4.339752e-09	3.587694e+04	5.306980e+03
45	128.541806	1.000000e-05	8.091306e-01	7.522878e-11	3.391802e+04	1.523499e+04
45	106.281528	1.000000e-05	8.084117e-01	9.722178e-12	3.470854e+04	2.023761e+04
45	771.224692	6.071275e-15	9.912000e-01	1.641576e-21	5.723800e+04	5.278100e+04
45	49496.280818	5.455367e-17	7.822000e-01	5.976373e-18	4.851700e+04	5.779800e+04
45	785.909382	1.187507e-12	8.196000e-01	1.187507e-12	6.467000e+03	2.485600e+04
45	1075.078370	2.122726e-17	8.394000e-01	6.953204e-33	3.209400e+04	4.080400e+04
45	114.853796	1.000000e-05	8.020227e-01	9.741688e-15	4.885000e+04	3.718000e+04
45	675.105320	7.343094e-06	8.276052e-01	9.401021e-09	5.270084e+04	2.640464e+04
45	161.497255	6.940483e-10	9.580001e-01	3.605543e-13	9.948000e+03	3.464000e+03
45	135.735693	9.849504e-06	8.019418e-01	1.327117e-15	4.673391e+04	4.188691e+04
45	117.450301	1.000000e-05	8.088482e-01	3.010965e-11	2.947902e+04	1.747399e+04
45	1031.862974	1.854844e-12	8.086000e-01	1.152237e-27	4.762000e+03	1.476000e+04
45	174.084724	1.000000e-05	8.174157e-01	1.999718e-12	2.687200e+04	2.372000e+04
45	1044.146381	1.980112e-14	8.284000e-01	8.180268e-30	1.592500e+04	2.212300e+04
45	1052.068661	3.205023e-15	8.636000e-01	2.045520e-20	2.086700e+04	1.953800e+04
45	93.042471	1.000000e-05	8.064719e-01	3.296821e-13	3.559146e+04	2.849320e+04
45	5027.112032	2.790543e-07	8.944003e-01	1.843290e-09	4.625200e+04	6.631000e+03
45	178.280024	1.208938e-09	9.558104e-01	1.208938e-09	8.426018e+03	4.367900e+04
45	94.495933	7.489234e-12	9.736000e-01	1.545316e-12	2.207900e+04	3.912000e+03
45	633.224520	2.686774e-07	7.800000e-01	9.393386e-09	2.133117e+04	3.320802e+04
45	577.024527	9.942890e-12	9.956000e-01	4.643052e-16	3.651000e+04	2.401700e+04
45	106.192393	9.996988e-06	8.084086e-01	9.633979e-12	5.159531e+04	2.025996e+04
45	1065.412607	2.976179e-16	8.724000e-01	8.049556e-21	2.645500e+04	4.534600e+04
45	104.155478	1.000000e-05	8.082816e-01	7.390948e-12	2.969337e+04	2.090677e+04
45	1066.286514	4.300003e-16	8.900000e-01	2.575086e-36	2.649200e+04	5.583000e+04
45	10016.310243	1.736763e-06	9.142027e-01	1.174510e-13	3.519300e+04	3.009200e+04
45	613.939494	3.305630e-11	8.988000e-01	4.497069e-15	4.182200e+04	1.986400e+04
45	25562.541015	2.477641e-15	8.020000e-01	3.536242e-34	3.938100e+04	4.845800e+04
45	561.499830	9.983865e-11	9.780000e-01	1.243302e-14	3.491800e+04	1.644600e+04
45	628.845960	2.696869e-07	8.129958e-01	1.000000e-08	2.080900e+04	4.500800e+04
45	337.667211	1.632127e-13	7.888000e-01	1.632127e-13	1.142800e+04	3.159600e+04
45	613.273452	1.506185e-11	9.714000e-01	3.607306e-16	4.040500e+04	2.483200e+04
45	1050.703002	3.938748e-15	8.460000e-01	1.208102e-28	2.004400e+04	2.125200e+04
45	97.828836	2.662545e-10	8.047061e-01	5.020705e-14	4.529594e+04	3.303691e+04
45	141.408442	6.484368e-15	7.822000e-01	2.112671e-17	1.777300e+04	5.772000e+04
45	174.355863	1.226433e-09	9.554574e-01	1.226433e-09	8.400045e+03	4.783220e+04
45	1032.689527	1.642259e-12	8.548000e-01	3.962297e-27	5.858000e+03	9.662000e+03
45	786.059997	4.620244e-11	8.922013e-01	4.620244e-11	4.124300e+04	4.990900e+04
45	525.375506	8.065528e-11	9.934000e-01	8.068824e-12	3.232100e+04	7.930000e+02
45	1034.888187	1.581879e-12	9.472000e-01	6.170969e-32	8.706000e+03	3.472400e+04
45	262.578547	9.757176e-09	9.600989e-01	9.757176e-09	3.218996e+03	3.305199e+04
45	1052.156346	3.505192e-15	8.790000e-01	3.505192e-15	2.098400e+04	3.797000e+03
45	114.456923	4.224787e-11	9.648000e-01	1.505373e-14	1.719700e+04	1.394200e+04
45	52921.541067	9.084651e-17	8.460000e-01	5.914401e-19	4.734800e+04	5.932500e+04
45	161.962954	8.587290e-16	9.604000e-01	1.687944e-16	4.269400e+04	2.015500e+04
45	113.524264	1.000000e-05	8.087279e-01	2.109932e-11	3.531696e+04	1.834405e+04
45	111.930178	1.000000e-05	8.086690e-01	1.804171e-11	4.183359e+04	1.872680e+04
45	105.153113	1.477344e-11	9.604000e-01	3.316707e-14	1.945500e+04	1.076700e+04
45	9460.125517	2.153155e-08	9.186001e-01	1.149072e-12	5.630500e+04	2.456000e+04
45	176.103295	1.000000e-05	8.094863e-01	1.415353e-09	3.259097e+04	8.050974e+03
45	1031.103366	1.433173e-12	9.956000e-01	1.433173e-12	5.839500e+04	4.992000e+03
45	132.745146	1.000000e-05	8.091577e-01	9.817878e-11	2.562498e+04	1.458001e+04
45	1049.425483	5.590644e-15	8.504000e-01	2.291531e-30	1.930100e+04	2.811700e+04
45	218.455516	1.140291e-08	9.557133e-01	1.000000e-08	2.941002e+03	5.813700e+04
45	664.570476	1.229260e-11	8.130000e-01	1.558673e-13	2.220000e+02	5.352000e+04
45	1029.985808	7.025326e-12	8.218000e-01	1.207890e-28	1.760000e+03	1.831100e+04
45	112.969914	7.417139e-06	8.087087e-01	2.001003e-11	5.451318e+04	1.847370e+04
45	1039.875682	1.326052e-13	9.010000e-01	2.826262e-32	1.293600e+04	3.618000e+04
45	124.596781	8.871966e-06	8.084292e-01	2.426516e-11	1.876000e+04	1.791500e+04
45	819.829501	2.472496e-07	9.471998e-01	9.100584e-12	4.483400e+04	4.686900e+04
45	1043.777219	4.220469e-15	7.910000e-01	4.220469e-15	1.293800e+04	2.642700e+04
45	689.252711	1.712769e-08	7.865972e-01	1.000000e-08	2.818100e+04	5.746300e+04
45	103.666189	1.000000e-05	8.081289e-01	6.218648e-12	2.377102e+04	2.132198e+04
45	1036.172514	9.249817e-13	9.494000e-01	1.292585e-32	1.011000e+04	3.501300e+04
45	189.057378	6.628989e-16	9.582000e-01	8.533211e-21	4.322500e+04	1.754100e+04
45	1029.549322	2.263367e-11	9.098000e-01	1.546340e-30	8.430000e+02	3.134500e+04
45	807.365391	9.999999e-06	8.438021e-01	8.546995e-12	4.512700e+04	4.486800e+04
45	670.804915	6.837996e-13	9.648000e-01	1.308341e-16	4.882800e+04	2.726500e+04
45	1033.092179	5.092818e-12	9.758000e-01	6.677474e-32	8.283000e+03	3.211200e+04
45	-1.000000	-1.000000e+00	-1.000000e+00	-1.000000e+00	-1.000000e+00	-1.000000e+00
45	131.767259	1.356385e-10	9.780000e-01	8.660426e-15	1.553300e+04	1.666700e+04
45	587.024002	7.074921e-11	9.560000e-01	2.328627e-15	3.761200e+04	2.062300e+04
45	633.213253	3.462124e-13	7.866000e-01	3.462124e-13	8.427000e+03	4.743000e+04
45	83.931218	3.652937e-13	7.976000e-01	4.915456e-14	7.048000e+03	3.393600e+04
45	191.788435	1.000000e-05	8.094442e-01	3.178198e-09	5.691002e+04	6.069990e+03
45	12945.889687	2.358207e-07	9.164003e-01	5.057112e-15	4.493200e+04	3.769100e+04
45	1040.712010	1.410512e-13	9.692000e-01	3.149314e-34	1.609100e+04	4.237200e+04
45	1033.935073	8.734979e-13	8.526000e-01	1.491499e-30	7.332000e+03	2.984500e+04
45	226.919760	1.000000e-05	8.110233e-01	1.000000e-08	2.803201e+04	2.986982e+03
45	711.121031	8.342651e-09	7.994506e-01	8.342651e-09	5.514993e+04	1.558801e+03
45	72098.226637	3.200000e-16	8.548000e-01	7.302257e-36	4.066200e+04	5.489700e+04
45	722.870329	1.622403e-09	8.965989e-01	1.622403e-09	3.214100e+04	3.998500e+04
45	103.696773	3.208910e-06	8.044982e-01	2.488463e-14	5.779037e+04	3.477818e+04
45	1077.353736	9.499999e-16	9.846000e-01	1.965462e-20	2.769900e+04	4.562500e+04
45	598.100848	1.488056e-11	9.538000e-01	5.756257e-13	4.170900e+04	7.563000e+03
45	1034.181139	9.546682e-13	8.768000e-01	2.622811e-30	7.621000e+03	2.184600e+04
45	625.846859	3.469134e-12	7.932000e-01	9.337548e-13	2.976000e+03	4.666800e+04
45	159.324899	2.447151e-16	9.824000e-01	3.063002e-19	4.734100e+04	4.053300e+04
45	1031.940807	2.983448e-12	8.768000e-01	8.020791e-31	4.882000e+03	3.178400e+04
45	1705.433905	1.281653e-06	8.438020e-01	2.041847e-14	3.736000e+04	3.448100e+04
45	200.824785	1.000000e-05	8.093937e-01	4.955668e-09	4.859301e+04	4.981992e+03
45	125.830089	1.000000e-05	8.090764e-01	6.120033e-11	4.729601e+04	1.573999e+04
45	18568.207757	6.542122e-15	8.394000e-01	1.971329e-20	3.700400e+04	5.390400e+04
45	496.692343	3.943276e-09	9.692000e-01	1.979071e-14	2.648800e+04	1.542700e+04
45	698.993890	2.652581e-06	8.834500e-01	5.786522e-09	5.475400e+04	2.942900e+04
45	1034.228554	4.890681e-13	7.866000e-01	5.462754e-28	7.637000e+03	1.881600e+04
45	669.480500	3.519728e-13	9.846000e-01	7.763776e-17	4.835100e+04	2.828600e+04
45	192.002570	3.210773e-09	9.554443e-01	3.210773e-09	6.044998e+03	5.722297e+04
45	141.981286	1.000000e-05	8.093352e-01	1.932856e-10	5.024400e+04	1.292597e+04
45	603.305077	1.000003e-08	8.041994e-01	1.000000e-08	5.705500e+04	1.500000e+03
45	1104.509869	8.999999e-16	9.758000e-01	1.788506e-20	2.221300e+04	4.734300e+04
45	644.096720	6.753551e-12	9.406000e-01	1.379351e-16	4.439000e+04	2.741000e+04
45	528.206437	1.434017e-09	9.604000e-01	3.252631e-15	2.970400e+04	1.978500e+04
45	642.900417	2.673092e-12	8.306000e-01	2.673092e-12	8.510000e+02	2.282000e+04
45	851.228510	1.026342e-12	8.878000e-01	1.026342e-12	5.143900e+04	5.594600e+04
45	507.581514	6.129946e-09	8.812000e-01	1.203555e-12	2.903000e+04	6.901000e+03
45	1037.931921	1.397242e-13	8.240000e-01	3.665151e-30	1.120800e+04	2.403400e+04
45	211.154087	4.052269e-06	8.093164e-01	8.113986e-09	5.198499e+04	3.774383e+03
45	1106.293786	2.101701e-16	8.944000e-01	6.588185e-20	7.377000e+03	4.565600e+04
45	746.202517	4.495041e-14	8.306000e-01	4.495041e-14	1.063000e+03	3.267400e+04
45	1086.325959	5.100005e-16	8.922000e-01	3.338111e-22	2.399200e+04	5.579000e+04
45	133.833553	1.246533e-13	8.042000e-01	1.803855e-15	5.279000e+03	4.104100e+04
45	1029.649702	1.353762e-11	8.702000e-01	4.694602e-24	1.084000e+03	1.649000e+03
45	662.088203	2.099877e-13	8.306000e-01	2.099877e-13	3.406000e+03	2.896000e+04
45	1039.375316	6.698508e-14	8.416000e-01	6.698508e-14	1.273400e+04	1.105700e+04
45	693.752792	3.909095e-13	8.592000e-01	6.507478e-14	9.353000e+03	5.785100e+04
45	1071.251694	3.308180e-17	7.888000e-01	6.318143e-31	3.028200e+04	3.494900e+04
45	1044.475181	3.255592e-14	9.032000e-01	9.605521e-35	1.633200e+04	4.623600e+04
45	868.918905	2.748955e-07	8.371997e-01	1.265708e-13	4.721400e+04	5.536200e+04
45	828.435383	2.132620e-10	9.164000e-01	5.916432e-29	1.206800e+04	1.022000e+04
45	133.424692	2.884246e-16	9.758000e-01	5.721076e-19	4.621100e+04	3.867500e+04
45	1051.540718	3.299633e-15	8.504000e-01	3.299633e-15	2.054100e+04	2.485000e+03
45	110.543183	3.352622e-06	8.086078e-01	1.560135e-11	3.551809e+04	1.908193e+04
45	828.492096	2.477073e-10	9.164000e-01	8.815628e-28	1.170300e+04	2.547000e+03
45	1038.294742	1.924558e-13	9.032000e-01	1.924558e-13	1.200800e+04	3.270000e+03
45	129.205332	3.530016e-06	8.091451e-01	7.921172e-11	4.819820e+04	1.510890e+04
45	1036.853039	5.896324e-13	9.362000e-01	3.346122e-33	1.055700e+04	3.568200e+04
45	528.184174	1.320293e-09	9.274000e-01	3.998853e-13	3.154000e+04	8.760000e+03
45	778.115564	2.469084e-06	9.010307e-01	8.879792e-11	5.744600e+04	4.037300e+04
45	699.131379	1.031794e-08	7.927474e-01	1.000000e-08	2.938592e+04	3.389190e+04
45	226.406146	1.467787e-08	9.559495e-01	1.000000e-08	2.312018e+03	4.037299e+04
45	268.500178	4.256967e-16	9.978000e-01	4.256967e-16	5.235900e+04	1.902400e+04
45	710.249299	1.788905e-14	8.152000e-01	1.554157e-14	1.591900e+04	5.957300e+04
45	1030.144634	1.028494e-11	8.834000e-01	3.627127e-29	2.048000e+03	1.988700e+04
45	706.977311	7.219696e-09	7.800000e-01	6.214094e-09	3.046506e+04	4.349816e+04
45	93.363504	3.826317e-07	8.064046e-01	2.459924e-13	4.440800e+04	2.919800e+04
45	1120.694676	8.300000e-16	9.890000e-01	2.138067e-21	1.858300e+04	5.220700e+04
45	255.400166	1.000000e-05	7.910154e-01	9.685620e-11	5.770000e+04	1.686400e+04
45	1030.687362	3.397569e-12	8.284000e-01	3.397569e-12	3.282000e+03	1.193000e+03
45	1031.796985	2.107293e-12	9.208000e-01	2.107293e-12	5.950000e+03	2.212000e+03
45	1037.045682	3.648446e-13	9.010000e-01	6.736759e-34	1.052200e+04	4.567300e+04
