9	3921.846013	1.803201e-10	7.846664e-01	5.643340e-12	4.700600e+04	2.379100e+04
9	536.432514	1.000000e-05	8.177638e-01	7.001430e-11	4.082595e+04	1.306602e+04
9	2059.268279	2.532996e-12	8.592000e-01	5.473281e-27	7.837000e+03	7.486000e+03
9	2031.551034	4.627243e-12	9.428000e-01	1.917356e-32	9.661000e+03	3.322100e+04
9	2508.491847	7.127449e-16	8.482000e-01	4.147275e-34	2.705300e+04	4.335800e+04
9	2321.165698	8.752761e-15	7.800000e-01	8.640441e-15	1.996300e+04	4.953800e+04
9	4842.968828	1.188951e-10	9.538018e-01	1.188951e-10	3.800100e+04	4.641900e+04
9	-1.000000	-1.000000e+00	-1.000000e+00	-1.000000e+00	-1.000000e+00	-1.000000e+00
9	525.920335	1.000000e-05	8.181005e-01	1.404202e-10	3.298099e+04	1.137300e+04
9	1331.094638	2.205150e-13	9.340000e-01	2.554643e-18	2.722800e+04	3.042300e+04
9	2056.359479	8.827639e-13	9.406000e-01	1.364916e-35	1.349800e+04	4.324700e+04
9	5052.822480	4.918479e-07	9.361617e-01	4.450296e-13	4.751100e+04	5.552800e+04
9	553.559528	1.000000e-05	8.189720e-01	7.525843e-09	5.005786e+04	1.682374e+03
9	8693.287051	1.609459e-07	8.482002e-01	1.575725e-15	4.804600e+04	3.924400e+04
9	13303.910405	4.071424e-07	8.680005e-01	2.999376e-14	4.407700e+04	3.217100e+04
9	2041.172434	4.119030e-12	8.042000e-01	5.162674e-26	5.651000e+03	6.674000e+03
9	2171.380232	1.109260e-13	8.438000e-01	1.109260e-13	1.487200e+04	9.402000e+03
9	1785.368105	2.841698e-13	7.822000e-01	2.841698e-13	1.173300e+04	2.744700e+04
9	1473.986526	4.000340e-13	8.218000e-01	4.705984e-14	1.151900e+04	5.834800e+04
9	1269.397474	2.203836e-12	7.904959e-01	2.165622e-12	6.917998e+03	4.520700e+04
9	5378.404830	6.174363e-11	8.944000e-01	1.647293e-27	1.367700e+04	4.085000e+03
9	1846.681947	2.388558e-16	9.802000e-01	2.388558e-16	4.119300e+04	2.256200e+04
9	1259.927762	7.735587e-11	8.086000e-01	1.056867e-16	4.642200e+04	4.541400e+04
9	539.884839	8.502313e-06	8.189673e-01	4.241496e-09	5.350702e+04	3.078563e+03
9	2667.885325	5.097602e-15	8.284000e-01	5.097602e-15	9.352000e+03	3.636000e+04
9	1056.885389	5.945377e-10	9.934000e-01	1.525537e-12	2.865800e+04	7.701000e+03
9	563.711438	1.072378e-08	9.425253e-01	1.000000e-08	8.200175e+02	5.286500e+04
9	-1.000000	-1.000000e+00	-1.000000e+00	-1.000000e+00	-1.000000e+00	-1.000000e+00
9	1165.422290	2.031085e-09	9.252000e-01	3.146847e-13	3.186000e+04	1.227400e+04
9	2851.664956	2.669430e-18	7.932000e-01	2.359120e-19	3.748800e+04	5.032600e+04
9	680.746652	8.847627e-09	8.150599e-01	8.847627e-09	5.349277e+04	8.285331e+02
9	2322.130686	9.455102e-15	8.262000e-01	1.545923e-36	2.052400e+04	5.720900e+04
9	1553.710856	1.011930e-12	8.834000e-01	1.011930e-12	1.091700e+04	5.179100e+04
9	1341.900220	1.703185e-11	9.406000e-01	1.674548e-13	4.329900e+04	1.357000e+04
9	2333.836176	4.634399e-15	8.922000e-01	2.687577e-35	2.378200e+04	4.607500e+04
9	1547.533705	1.717444e-11	7.963120e-01	1.110562e-11	4.911069e+04	1.103296e+04
9	4779.089596	1.000000e-05	8.372826e-01	6.867719e-10	4.914300e+04	3.467800e+04
9	65882.461909	7.042870e-09	9.472000e-01	1.020773e-14	5.971600e+04	3.481100e+04
9	2257.505621	8.142378e-11	9.318000e-01	7.738927e-19	3.967400e+04	4.247000e+04
9	943.793818	6.127126e-15	8.042000e-01	9.957408e-18	1.904100e+04	5.163300e+04
9	3306.696812	9.731797e-11	9.054000e-01	3.825718e-28	1.254400e+04	5.928000e+03
9	2034.430299	6.550241e-12	9.318000e-01	6.684149e-29	8.024000e+03	1.503800e+04
9	2314.915522	1.064189e-14	9.384000e-01	9.652109e-15	1.545700e+04	2.028900e+04
9	-1.000000	-1.000000e+00	-1.000000e+00	-1.000000e+00	-1.000000e+00	-1.000000e+00
9	2420.339181	1.931154e-15	8.658000e-01	1.931154e-15	2.509000e+04	1.360700e+04
9	620.954843	1.000000e-05	8.158803e-01	4.072355e-12	3.785894e+04	1.997806e+04
9	86558.536216	8.680910e-09	9.912000e-01	1.899243e-13	5.495900e+04	2.776900e+04
9	1101.907402	7.405936e-10	9.428000e-01	6.493644e-12	3.368200e+04	4.761000e+03
9	4696.084312	1.968737e-08	7.800000e-01	9.525593e-09	2.917804e+04	4.299303e+04
9	1498.747826	1.032645e-11	9.868000e-01	5.738244e-15	4.062400e+04	2.105300e+04
9	2060.039343	1.925775e-12	8.460000e-01	1.925775e-12	8.027000e+03	3.264000e+03
9	2171.157893	8.326197e-15	9.406000e-01	5.314430e-35	2.474200e+04	4.845200e+04
9	2021.065555	2.672620e-11	8.878000e-01	8.203484e-31	2.852000e+03	2.982500e+04
9	881.445626	1.704770e-09	9.521691e-01	1.704770e-09	4.905998e+03	3.575700e+04
9	1773.531168	7.506897e-14	7.822000e-01	7.506897e-14	1.493900e+04	3.110700e+04
9	2119.188120	3.637989e-13	8.174000e-01	3.581035e-28	1.169300e+04	1.635800e+04
9	2533.591763	1.134460e-16	8.504000e-01	1.134460e-16	1.487500e+04	3.304300e+04
9	47373.025799	3.068596e-08	9.296001e-01	3.826722e-14	5.309100e+04	3.162100e+04
9	531.341170	1.000000e-05	8.179157e-01	9.482162e-11	3.372038e+04	1.232816e+04
9	2142.315675	2.290741e-13	8.548000e-01	2.290741e-13	1.348800e+04	2.461000e+03
9	2040.602352	6.543914e-12	8.922000e-01	2.140445e-28	6.383000e+03	1.827800e+04
9	1006.770031	9.945313e-11	8.064440e-01	1.720269e-15	4.496197e+04	3.852079e+04
9	1987.909677	4.772211e-16	9.956000e-01	1.239163e-20	4.722300e+04	5.104500e+04
9	5524.801618	4.397759e-09	8.900190e-01	2.545174e-09	3.332000e+03	4.876400e+04
9	482.080130	4.176290e-12	9.714000e-01	8.221908e-15	2.132700e+04	1.958700e+04
9	1582.813948	4.964740e-09	9.560000e-01	2.311897e-16	2.818000e+04	2.891200e+04
9	4203.827980	7.340573e-14	8.416000e-01	7.340573e-14	8.810000e+02	2.996000e+04
9	2014.875232	4.835823e-11	9.384000e-01	5.600223e-30	3.614000e+03	2.129900e+04
9	3622.210007	8.400000e-16	9.890000e-01	7.081593e-21	2.203900e+04	5.242700e+04
9	2014.277338	2.104069e-11	9.516000e-01	2.598765e-30	6.830000e+03	2.106100e+04
9	1104.351856	1.037713e-07	8.966001e-01	7.387325e-14	2.288700e+04	1.622000e+04
9	562.156556	1.000000e-05	8.171100e-01	2.287131e-11	3.558895e+04	1.578604e+04
9	2020.703232	1.958705e-11	8.306000e-01	3.354279e-26	2.332000e+03	1.038700e+04
9	2340.829007	1.779535e-15	8.438000e-01	1.779535e-15	1.175400e+04	2.679100e+04
9	2080.364323	8.917688e-13	7.932000e-01	8.917688e-13	9.134000e+03	4.047000e+03
9	4868.963211	6.017347e-11	9.384187e-01	6.017347e-11	4.030600e+04	4.939400e+04
9	4802.978605	1.149707e-09	7.825730e-01	1.149707e-09	3.629700e+04	3.919800e+04
9	518.214594	7.559642e-06	8.185196e-01	4.032286e-10	5.991132e+04	8.806699e+03
9	3812.387911	9.400000e-16	9.956000e-01	1.049893e-21	2.186300e+04	5.668400e+04
9	3175.999867	1.656594e-18	8.240000e-01	9.133122e-20	3.941200e+04	4.781700e+04
9	891.985168	2.730909e-09	8.089593e-01	1.635390e-14	3.748803e+04	3.315787e+04
9	2363.023907	5.247778e-15	8.284000e-01	1.233709e-36	2.195500e+04	5.678600e+04
9	688.978577	3.287039e-08	8.145859e-01	8.964355e-13	4.176502e+04	2.364802e+04
9	538.904782	3.743580e-09	9.425941e-01	3.743580e-09	3.379005e+03	4.604906e+04
9	2053.949660	2.691687e-12	9.208000e-01	1.488037e-33	9.589000e+03	3.734500e+04
9	554.375430	5.800219e-11	9.472000e-01	5.800219e-11	1.346600e+04	5.708400e+04
9	527.378335	1.000000e-05	8.188133e-01	1.871865e-09	2.627196e+04	5.065139e+03
9	5089.938044	9.452817e-06	9.911962e-01	1.547240e-13	5.309900e+04	5.884200e+04
9	1346.064166	3.252219e-12	8.306000e-01	6.349905e-13	6.643000e+03	5.219000e+04
9	2119.094874	2.618907e-13	9.142000e-01	3.131812e-30	1.492400e+04	2.303700e+04
9	3616.520213	6.999953e-17	9.956000e-01	9.020420e-21	1.083600e+04	5.184100e+04
9	1314.108923	2.710057e-14	9.846000e-01	2.711538e-19	3.454900e+04	4.393600e+04
9	2516.055470	7.244495e-16	8.174000e-01	4.436739e-36	2.641600e+04	5.649300e+04
9	538.303660	1.000000e-05	8.177101e-01	6.338521e-11	3.655304e+04	1.330786e+04
9	2896.095384	8.260515e-16	9.604000e-01	1.121962e-17	1.276900e+04	3.592300e+04
9	2446.495882	1.705325e-15	8.284000e-01	1.768628e-30	2.460400e+04	2.876700e+04
9	537.449243	1.000000e-05	8.189605e-01	3.760430e-09	3.821509e+04	3.371625e+03
9	4922.162656	3.798155e-11	8.306005e-01	3.798155e-11	4.473300e+04	4.557900e+04
9	4734.815072	4.724269e-06	8.526266e-01	2.777137e-09	5.920800e+04	3.171400e+04
9	1300.399118	5.032558e-17	9.604000e-01	8.073045e-21	4.723100e+04	2.124800e+04
9	518.540783	1.000000e-05	8.186956e-01	7.289093e-10	4.143667e+04	7.365801e+03
9	2026.720059	6.966497e-13	9.384000e-01	4.378717e-17	5.147300e+04	3.303200e+04
9	2249.408203	2.930086e-14	8.240000e-01	2.387489e-29	1.780600e+04	2.030300e+04
9	2061.855612	1.918927e-12	8.944000e-01	1.918927e-12	9.091000e+03	2.988000e+03
9	522.215906	2.674944e-10	9.433844e-01	2.591099e-10	9.800000e+03	5.119100e+04
9	2193.251661	8.072260e-14	8.636000e-01	2.354610e-30	1.619200e+04	2.294500e+04
9	1759.338348	2.922947e-11	9.142000e-01	2.714129e-16	4.291400e+04	2.915200e+04
9	948.294620	1.053675e-15	9.824000e-01	6.217477e-18	4.178700e+04	3.664400e+04
9	2018.852600	3.772495e-11	9.010000e-01	3.667065e-29	2.419000e+03	1.889900e+04
9	518.162619	1.000000e-05	8.185597e-01	4.729138e-10	3.079599e+04	8.418017e+03
9	2381.968377	1.362366e-15	9.032000e-01	1.529563e-30	2.709500e+04	2.558000e+04
9	1271.544813	9.800551e-06	8.053362e-01	7.308319e-17	4.677515e+04	4.631524e+04
9	2086.873179	1.231848e-14	9.736000e-01	1.264999e-38	2.814800e+04	5.632600e+04
9	518.130911	4.452936e-06	8.185327e-01	4.195760e-10	5.683301e+04	8.709987e+03
9	1119.743441	1.571658e-08	9.406000e-01	1.328065e-13	2.610300e+04	1.411600e+04
9	2791.851972	1.442193e-18	8.438000e-01	1.442193e-18	1.963500e+04	4.369300e+04
9	4964.578029	9.602526e-06	8.526093e-01	4.061856e-12	5.914600e+04	4.820100e+04
9	2082.704551	3.309541e-13	9.934000e-01	3.309541e-13	5.680800e+04	1.138300e+04
9	521.041158	1.000000e-05	8.187867e-01	1.114795e-09	3.128196e+04	6.331017e+03
9	1359.148524	4.487822e-12	7.844000e-01	4.487822e-12	5.184000e+03	2.130000e+04
9	4535.290263	1.159464e-06	7.800000e-01	9.898688e-09	1.898905e+04	3.215233e+04
9	1466.724035	1.006582e-08	9.428000e-01	7.769692e-16	2.710500e+04	2.624200e+04
9	2591.034115	2.742481e-16	8.394000e-01	1.651401e-32	2.911000e+04	3.781200e+04
9	1217.337370	4.945452e-11	9.296000e-01	2.815330e-12	4.106900e+04	6.957000e+03
9	2025.938068	1.730901e-11	9.186000e-01	1.934034e-29	4.979000e+03	1.734200e+04
9	1099.347761	1.421891e-12	9.780000e-01	3.365717e-19	2.421100e+04	4.327700e+04
9	533.040259	1.000000e-05	8.189433e-01	2.965971e-09	4.353105e+04	3.949473e+03
9	4925.333279	1.152889e-11	9.273971e-01	1.152889e-11	4.481100e+04	5.543000e+04
9	44168.581760	1.506552e-08	9.362000e-01	4.443091e-13	5.770100e+04	2.570200e+04
9	1269.245986	1.658576e-11	8.020000e-01	1.646788e-12	2.224000e+03	4.774700e+04
9	49088.527117	1.990107e-08	9.450000e-01	5.506911e-13	5.544000e+04	2.518600e+04
9	2229.634798	1.006539e-15	9.560000e-01	7.291503e-36	3.104400e+04	4.738100e+04
9	973.145404	2.351935e-06	8.152037e-01	2.350715e-14	3.329700e+04	3.254000e+04
9	2065.061685	2.076452e-12	8.636000e-01	7.213830e-31	8.413000e+03	2.766900e+04
9	549.861721	1.391681e-10	9.824000e-01	1.095707e-13	1.420400e+04	1.385100e+04
9	1117.044069	3.611801e-10	9.670000e-01	3.392577e-12	3.404000e+04	6.042000e+03
9	559.878510	1.000000e-05	8.189624e-01	9.438399e-09	4.442700e+04	1.131000e+03
9	502.754184	1.526116e-09	9.648000e-01	4.039116e-12	6.760000e+03	4.488000e+03
9	3593.957768	8.900001e-16	9.978000e-01	1.142441e-20	9.120000e+03	5.128400e+04
9	2483.392586	3.660791e-16	8.966000e-01	5.393815e-19	2.997500e+04	4.655000e+03
9	4713.083427	5.024923e-09	9.515999e-01	5.024923e-09	2.890200e+04	3.600600e+04
9	1025.244350	3.154378e-09	7.932000e-01	3.327008e-10	3.389900e+04	5.907000e+03
9	1194.156054	4.397916e-13	9.912000e-01	1.339153e-17	2.954900e+04	3.506900e+04
9	61369.826990	4.691184e-08	9.780001e-01	1.073428e-11	5.086600e+04	1.800900e+04
9	1704.711414	3.139154e-10	8.460000e-01	3.466102e-17	3.859400e+04	3.603200e+04
9	5022.363429	1.439023e-12	8.592000e-01	1.439023e-12	5.239300e+04	5.529500e+04
9	921.739077	6.651829e-10	9.274000e-01	1.245511e-30	7.766000e+03	7.333000e+03
9	4631.044624	1.038580e-07	7.800000e-01	9.958768e-09	2.501084e+04	3.086004e+04
9	2572.009209	4.067245e-12	9.362000e-01	7.983827e-20	4.706700e+04	4.761600e+04
9	1277.285557	2.274004e-09	9.529034e-01	2.274004e-09	4.319005e+03	3.423101e+04
9	58178.531500	2.125968e-08	9.362001e-01	8.009922e-15	5.437200e+04	3.539200e+04
9	2459.198819	1.426356e-15	7.866000e-01	8.449623e-30	2.432900e+04	2.535200e+04
9	2038.926855	7.200008e-12	9.054000e-01	5.747087e-30	6.580000e+03	2.297600e+04
9	453.637090	8.098501e-14	9.582000e-01	1.258979e-17	2.993700e+04	3.375400e+04
9	541.743154	1.000000e-05	8.189707e-01	4.626532e-09	4.790400e+04	2.867004e+03
9	1143.524547	6.665744e-09	9.472000e-01	1.384668e-13	2.794000e+04	1.393300e+04
9	2197.483131	5.276012e-14	8.988000e-01	6.589922e-36	1.818900e+04	4.587800e+04
9	2015.510515	7.877238e-11	8.988000e-01	1.631117e-31	5.610000e+02	2.951100e+04
9	540.137512	1.136009e-09	9.846000e-01	6.379121e-13	9.498000e+03	9.686000e+03
9	2554.513623	6.950492e-14	8.328000e-01	6.950492e-14	5.189000e+03	3.006500e+04
9	2002.978691	2.453645e-10	9.560000e-01	4.226561e-27	1.368000e+03	1.024100e+04
9	1105.055748	5.940759e-10	9.230000e-01	4.438734e-11	3.504200e+04	3.840000e+02
9	2123.758233	3.061892e-11	9.076000e-01	3.918106e-18	4.298800e+04	3.916500e+04
9	548.615857	6.917248e-12	9.736000e-01	2.959765e-15	2.029100e+04	2.210200e+04
9	2077.785404	1.263473e-12	8.460000e-01	9.041953e-25	9.234000e+03	7.624000e+03
9	1954.040949	4.449693e-12	9.934000e-01	2.558551e-17	4.094800e+04	3.363700e+04
9	1302.029560	8.571839e-11	9.186000e-01	1.731063e-13	4.006900e+04	1.380600e+04
9	2085.823813	7.090367e-13	9.186000e-01	1.561018e-32	1.271400e+04	3.679700e+04
9	521.837227	2.840726e-10	9.433929e-01	2.840726e-10	9.653045e+03	5.100200e+04
9	4934.185495	1.451258e-07	7.866075e-01	9.837561e-13	5.465900e+04	4.591500e+04
9	2032.090181	6.712340e-12	8.042000e-01	1.492430e-26	4.473000e+03	9.591000e+03
9	1656.255527	5.804472e-16	9.736000e-01	5.804472e-16	4.005800e+04	1.430800e+04
9	139011.066863	9.236116e-09	9.670000e-01	7.589832e-18	5.912000e+04	5.204400e+04
9	2212.176974	5.605931e-14	8.284000e-01	1.913265e-26	1.634400e+04	1.404700e+04
9	3547.172227	2.300000e-16	9.560000e-01	5.867170e-21	2.648200e+04	5.303800e+04
9	2130.745274	1.980605e-13	9.120000e-01	2.893266e-35	1.550500e+04	4.843400e+04
9	605.571731	1.000000e-05	8.161831e-01	6.049480e-12	3.578583e+04	1.901708e+04
9	2306.136748	8.029711e-12	9.428000e-01	1.024924e-18	4.505800e+04	4.165600e+04
9	1283.549119	8.609253e-12	7.911139e-01	8.609253e-12	4.882600e+04	1.391900e+04
9	2114.627463	4.674058e-13	8.658000e-01	1.826575e-32	1.204400e+04	3.714900e+04
9	753.702917	1.413143e-13	8.152000e-01	1.413143e-13	9.711000e+03	2.840700e+04
9	2007.661586	4.222171e-11	9.604000e-01	4.379982e-30	6.130000e+03	2.376600e+04
9	4743.046733	2.344510e-06	9.010227e-01	3.525799e-09	5.986800e+04	3.225900e+04
9	1495.532959	2.269890e-13	7.844000e-01	2.269890e-13	1.229000e+04	2.801300e+04
9	2102.549532	4.673895e-13	7.800000e-01	2.549912e-14	1.051100e+04	1.130000e+03
9	-1.000000	-1.000000e+00	-1.000000e+00	-1.000000e+00	-1.000000e+00	-1.000000e+00
9	2630.698807	9.726356e-17	8.768000e-01	5.107161e-34	3.246200e+04	3.715700e+04
9	2398.066609	4.386617e-16	9.164000e-01	7.799537e-36	3.037300e+04	4.625300e+04
9	4726.267424	6.465004e-09	8.658032e-01	6.465004e-09	3.070600e+04	3.603600e+04
9	526.711208	8.692733e-06	8.188955e-01	1.958753e-09	5.176509e+04	4.959559e+03
9	566.843116	7.839841e-11	9.458877e-01	7.839841e-11	1.270215e+04	4.751600e+04
9	53171.625839	4.387720e-08	9.076000e-01	9.522635e-17	5.827100e+04	4.601600e+04
9	2653.514129	1.470120e-16	8.152000e-01	2.250801e-31	3.010800e+04	3.288100e+04
9	1331.500377	4.555769e-12	8.614000e-01	1.442975e-12	6.445000e+03	5.122000e+04
9	2623.160495	2.772450e-16	8.526000e-01	3.545441e-17	3.748000e+03	3.570400e+04
9	2163.031740	1.313366e-13	8.020000e-01	7.058724e-29	1.387300e+04	1.871800e+04
9	2388.827637	2.777519e-17	8.108000e-01	2.777519e-17	2.284400e+04	3.927800e+04
9	4202.177114	1.000000e-05	7.804636e-01	9.196288e-09	3.631600e+04	1.324600e+04
9	2602.220601	1.919603e-16	8.614000e-01	4.195693e-32	3.044400e+04	3.471000e+04
9	2411.950268	2.673553e-15	8.042000e-01	5.264099e-30	2.312700e+04	2.601400e+04
9	919.955560	2.261887e-11	8.087383e-01	1.003032e-14	4.944383e+04	3.436108e+04
9	2493.484921	1.644325e-11	9.164000e-01	1.000137e-19	4.427000e+04	4.745800e+04
9	1872.847444	1.509072e-13	9.098000e-01	4.431779e-16	5.642200e+04	2.808600e+04
9	2017.929081	2.430069e-11	7.954000e-01	6.718382e-23	1.222000e+03	1.552000e+03
9	2466.380046	1.226124e-15	8.482045e-01	6.944752e-37	2.577600e+04	5.600100e+04
9	526.423652	9.668923e-06	8.180837e-01	1.340317e-10	5.435836e+04	1.148657e+04
9	4733.334020	6.924722e-09	7.954099e-01	6.924722e-09	3.158300e+04	3.908600e+04
9	2001.834237	2.426327e-12	9.758000e-01	3.658076e-31	1.555500e+04	2.590600e+04
9	122222.922546	9.100000e-16	8.680000e-01	6.699995e-37	3.548600e+04	5.877000e+04
9	1847.661496	1.342834e-11	7.866000e-01	1.342834e-11	1.564000e+03	1.468300e+04
9	536.011284	7.526870e-06	8.177760e-01	7.164636e-11	5.280127e+04	1.300999e+04
9	2995.242171	7.999981e-16	9.362000e-01	6.340900e-19	2.546500e+04	4.208700e+04
9	533.822725	1.000000e-05	8.189243e-01	3.035169e-09	2.941711e+04	3.891977e+03
9	2266.825670	1.585420e-14	8.900000e-01	7.780566e-33	2.077800e+04	3.682100e+04
9	132371.236647	2.045271e-08	9.824000e-01	1.185025e-16	5.219900e+04	4.550900e+04
9	2022.957620	8.465212e-12	9.472000e-01	2.463969e-31	8.591000e+03	2.869400e+04
9	1037.625703	1.408854e-15	9.780000e-01	3.183866e-20	4.024900e+04	4.852000e+04
9	523.792433	1.000000e-05	8.181857e-01	1.685570e-10	5.207000e+04	1.092900e+04
9	2291.913070	1.375683e-14	8.658000e-01	3.851885e-36	2.045600e+04	5.551800e+04
9	-1.000000	-1.000000e+00	-1.000000e+00	-1.000000e+00	-1.000000e+00	-1.000000e+00
9	1254.786849	1.077426e-08	8.922000e-01	2.129870e-14	2.867200e+04	1.927300e+04
9	618.996076	4.678136e-09	9.464913e-01	4.678136e-09	2.655994e+03	3.597197e+04
9	2164.359080	8.582035e-15	9.428000e-01	1.951836e-36	2.483100e+04	5.246200e+04
9	1658.492320	1.313252e-09	9.296000e-01	1.943743e-16	3.277100e+04	2.967700e+04
9	2197.226351	6.899381e-14	8.746000e-01	6.899381e-14	1.680900e+04	5.473000e+03
9	1046.099587	2.834953e-09	9.384000e-01	1.691373e-11	3.050500e+04	2.503000e+03
9	1370.171411	1.922618e-12	9.846000e-01	1.357698e-13	4.528500e+04	1.357800e+04
9	4869.611354	6.199481e-07	8.064076e-01	2.660640e-11	5.909200e+04	4.102100e+04
9	555.084167	1.005096e-06	8.172778e-01	2.984846e-11	5.879302e+04	1.513897e+04
9	2691.280176	7.027641e-17	8.570000e-01	9.201754e-35	3.269400e+04	4.682000e+04
9	1369.409842	1.489029e-13	9.890000e-01	1.061305e-18	3.151200e+04	4.088800e+04
9	519.533582	6.219326e-06	8.187509e-01	9.099002e-10	5.713101e+04	6.825983e+03
9	1856.332703	3.442179e-11	9.098000e-01	7.875915e-17	4.263500e+04	3.212900e+04
9	1353.331632	1.865051e-11	8.768000e-01	3.734668e-13	3.404000e+03	5.505600e+04
9	4785.446124	5.066049e-06	8.394435e-01	5.988114e-10	5.539600e+04	3.511000e+04
9	2238.809068	3.564933e-14	8.460000e-01	4.309909e-28	1.775700e+04	1.812300e+04
9	41705.934140	3.140682e-16	8.724000e-01	9.832524e-21	4.288700e+04	5.504600e+04
9	2081.903950	1.200604e-12	8.723999e-01	4.354473e-29	9.937000e+03	1.745100e+04
9	1533.451485	1.195917e-13	9.934000e-01	1.842184e-14	5.013200e+04	1.824000e+04
9	518.191115	1.000000e-05	8.185270e-01	4.150896e-10	3.483099e+04	8.736006e+03
9	1702.303586	1.216286e-08	9.200626e-01	3.262775e-09	6.890099e+02	3.709400e+04
9	2367.786198	4.631693e-15	8.526000e-01	3.245048e-37	2.273400e+04	5.791700e+04
9	1129.012573	4.503681e-08	9.868000e-01	1.503137e-16	9.250000e+02	2.943600e+04
9	4820.160933	1.187303e-06	7.954148e-01	6.311875e-11	5.187100e+04	3.751400e+04
9	25437.587968	1.090717e-06	8.856017e-01	3.774194e-15	3.806500e+04	3.718200e+04
9	2108.941065	1.752385e-13	7.822000e-01	1.752385e-13	1.248800e+04	2.222000e+04
9	2319.327282	5.290983e-12	9.846000e-01	7.571632e-19	4.267700e+04	4.183700e+04
9	4879.440190	1.319855e-10	8.174002e-01	1.319855e-10	4.154900e+04	4.298800e+04
9	518.450324	7.067032e-06	8.186887e-01	7.097219e-10	5.149504e+04	7.430738e+03
9	530.946587	1.000000e-05	8.179299e-01	9.696371e-11	4.442795e+04	1.227404e+04
9	76807.360966	1.477977e-18	8.218000e-01	7.085236e-19	4.642000e+04	5.856400e+04
9	-1.000000	-1.000000e+00	-1.000000e+00	-1.000000e+00	-1.000000e+00	-1.000000e+00
9	501.032279	1.370371e-15	9.736000e-01	8.944752e-16	4.042400e+04	2.471500e+04
9	38167.605712	1.851770e-08	9.406000e-01	2.037575e-11	5.647000e+04	1.644500e+04
9	19330.592001	1.802390e-06	8.878022e-01	2.134311e-13	3.690000e+04	2.744900e+04
9	89878.592857	6.460325e-09	9.802000e-01	2.092886e-14	5.762700e+04	3.308800e+04
9	523.191962	7.979897e-06	8.188473e-01	1.448719e-09	5.730603e+04	5.693839e+03
9	599.906343	9.955392e-06	8.162990e-01	7.049240e-12	5.461963e+04	1.864574e+04
9	4609.512992	1.790189e-07	7.800000e-01	9.510973e-09	2.364935e+04	3.229696e+04
9	1426.083680	1.077997e-12	8.350000e-01	1.085215e-13	9.380000e+03	5.688100e+04
9	5048.134983	4.134523e-13	9.406000e-01	4.134523e-13	5.358400e+04	5.869000e+04
9	2077.428233	1.177400e-12	8.944000e-01	1.177400e-12	1.042900e+04	2.501000e+03
9	3340.366467	7.989657e-18	8.592000e-01	6.719570e-21	3.393700e+04	5.454400e+04
9	1316.148366	2.755532e-10	9.472000e-01	4.244639e-14	3.594800e+04	1.674900e+04
9	540.912145	4.028624e-09	9.426171e-01	4.028624e-09	3.199056e+03	4.512699e+04
9	3734.426494	1.600001e-16	9.560000e-01	1.956543e-21	2.153700e+04	5.575000e+04
9	64831.218853	3.814890e-08	8.768000e-01	1.000000e-08	5.568100e+04	2.389200e+04
9	1647.676272	7.250340e-13	9.274000e-01	7.900916e-28	2.436000e+04	5.066000e+03
9	4852.880059	9.999996e-06	8.901242e-01	1.622268e-10	5.232800e+04	3.981200e+04
9	2519.387127	6.991712e-15	9.890000e-01	6.395427e-19	5.863500e+04	4.218500e+04
9	2289.822108	2.324469e-16	9.582000e-01	4.337120e-36	3.475100e+04	5.118300e+04
9	1009.737885	6.062699e-09	9.934000e-01	4.789106e-13	2.284300e+04	1.047700e+04
9	2273.682124	1.398757e-14	8.900000e-01	1.896684e-32	2.107700e+04	3.182900e+04
9	2280.694492	3.678960e-15	9.185979e-01	1.197810e-34	2.539000e+04	4.626700e+04
9	63251.075463	3.154248e-08	9.538001e-01	5.804043e-14	5.241600e+04	3.062300e+04
9	2451.699204	5.703582e-20	8.019999e-01	5.703582e-20	2.353000e+04	5.651700e+04
9	32502.396094	6.900000e-16	9.098000e-01	2.865295e-37	3.834500e+04	5.981700e+04
9	3704.508526	7.200010e-16	9.538000e-01	2.904038e-21	1.379700e+04	5.490600e+04
9	1947.923764	2.670949e-09	7.866000e-01	4.404524e-13	3.421600e+04	2.108500e+04
9	520.154349	1.000000e-05	8.187735e-01	1.006225e-09	3.851799e+04	6.581018e+03
9	2594.859283	2.452953e-16	8.482000e-01	5.175514e-33	2.955900e+04	3.562500e+04
9	2956.324324	5.778300e-19	8.570000e-01	5.778300e-19	2.627900e+04	4.520300e+04
9	3504.184012	2.499997e-16	9.340000e-01	1.770612e-20	2.034100e+04	5.108800e+04
9	1238.441690	1.482806e-06	8.196018e-01	2.017087e-14	3.755200e+04	3.296700e+04
9	94494.193037	1.000000e-05	9.427988e-01	3.875036e-17	5.753300e+04	4.816900e+04
9	2216.292928	1.129003e-14	9.912000e-01	4.384819e-19	3.202600e+04	4.227500e+04
9	553.934558	1.045633e-11	8.086000e-01	4.115725e-13	1.023000e+03	2.610600e+04
9	2917.422219	1.556599e-17	9.010000e-01	4.330641e-22	3.709500e+04	5.614500e+04
9	3881.041836	4.000000e-16	9.670000e-01	4.751854e-22	1.204800e+04	5.881100e+04
9	1341.016016	3.978014e-11	9.340000e-01	1.060946e-13	4.143600e+04	1.474600e+04
9	1161.724519	1.405048e-16	9.802000e-01	1.147975e-20	4.582700e+04	5.088700e+04
9	3712.965845	7.215410e-11	9.032000e-01	7.348919e-30	1.327700e+04	1.625600e+04
9	4983.056664	3.988064e-12	8.458979e-01	3.988064e-12	4.957700e+04	5.926600e+04
9	432.272449	1.930881e-12	7.888000e-01	9.048927e-14	7.003000e+03	3.218300e+04
9	1730.377450	1.980052e-13	9.912000e-01	1.093284e-15	4.958700e+04	2.491200e+04
9	3655.352850	7.600006e-16	9.890000e-01	5.923004e-21	1.074300e+04	5.286100e+04
9	4930.171925	8.239265e-06	8.680214e-01	1.390431e-11	5.687300e+04	4.552400e+04
9	573.949074	4.394290e-06	8.168455e-01	1.525476e-11	5.619656e+04	1.677036e+04
9	3839.706014	3.283263e-12	9.076000e-01	5.378663e-30	2.076600e+04	1.720100e+04
9	1610.374440	1.000000e-05	7.976227e-01	3.397954e-16	5.717400e+04	4.163400e+04
9	4454.361855	1.820561e-12	9.054000e-01	2.148488e-30	2.220200e+04	1.827300e+04
9	689.941726	1.823388e-09	8.145406e-01	8.781243e-13	4.724731e+04	2.369596e+04
9	2589.791390	7.836679e-18	8.328000e-01	7.836679e-18	2.263000e+04	4.035000e+04
9	5052.798713	1.023688e-06	7.976002e-01	5.853594e-14	5.915100e+04	5.554100e+04
9	521.865574	2.102928e-10	9.434286e-01	2.102928e-10	1.039036e+04	5.829018e+04
9	1234.565244	6.914174e-10	9.054000e-01	1.913218e-13	3.521700e+04	1.378800e+04
9	890.011290	2.145370e-07	7.954002e-01	1.564400e-12	2.341600e+04	1.956400e+04
9	599.490990	1.000000e-05	8.163074e-01	7.130153e-12	4.688929e+04	1.861802e+04
9	1585.083903	1.996305e-16	9.890000e-01	6.875265e-20	4.685900e+04	4.711300e+04
9	835.233514	2.445408e-16	9.560000e-01	1.295156e-21	4.374800e+04	5.472100e+04
9	3597.709438	2.000000e-17	9.978000e-01	1.091764e-20	2.802200e+04	5.138500e+04
9	551.192783	1.000000e-05	8.173706e-01	3.498036e-11	3.371804e+04	1.475307e+04
9	1110.799959	5.222299e-10	9.340000e-01	1.263559e-11	3.494700e+04	3.270000e+03
9	519.433996	4.243589e-10	9.431505e-01	4.243589e-10	8.679016e+03	5.143500e+04
9	3593.549093	2.300000e-16	9.978000e-01	1.144240e-20	1.913300e+04	5.128000e+04
9	2222.931954	3.386555e-14	8.944000e-01	1.227627e-35	1.910400e+04	5.025900e+04
9	816.077757	4.797664e-12	9.362000e-01	5.668085e-29	1.970500e+04	1.482900e+04
9	4655.010322	1.080497e-08	9.703921e-01	1.000000e-08	2.541202e+04	3.581901e+04
9	562.341704	6.180017e-14	7.910000e-01	2.983139e-18	1.495600e+04	5.571200e+04
9	2214.042112	1.886892e-15	7.954000e-01	1.886892e-15	1.996700e+04	3.156400e+04
9	433.259335	2.059416e-11	9.604000e-01	7.445959e-15	1.679600e+04	1.909400e+04
9	1082.057534	1.075690e-13	9.780000e-01	1.335959e-19	3.021300e+04	4.534600e+04
9	1165.349307	9.982733e-11	9.428000e-01	8.737752e-12	3.873600e+04	4.046000e+03
9	5032.049419	8.008168e-06	9.208021e-01	8.248004e-13	5.886700e+04	5.373700e+04
9	783.410520	9.337055e-09	8.128483e-01	9.337055e-09	5.414888e+04	4.992798e+02
9	2411.865180	1.865356e-15	8.768000e-01	1.865356e-15	2.545200e+04	1.421100e+04
9	600.921439	9.686063e-06	8.160504e-01	7.200591e-12	2.289900e+04	1.857500e+04
9	2008.796504	3.588286e-11	9.604000e-01	8.777083e-29	6.522000e+03	1.763600e+04
9	2128.340022	3.201743e-13	8.438000e-01	1.439408e-32	1.248000e+04	3.593300e+04
9	2382.616978	9.478505e-17	8.130000e-01	9.478505e-17	2.666100e+04	3.547300e+04
9	557.655707	1.000000e-05	8.172164e-01	2.701993e-11	4.884801e+04	1.538097e+04
9	2016.628617	4.823640e-11	8.592000e-01	3.544915e-24	7.150000e+02	6.580000e+02
9	2034.394786	9.304563e-12	8.900000e-01	3.736484e-28	5.468000e+03	1.483000e+04
9	2143.548018	2.309528e-13	8.658000e-01	1.128276e-34	1.373200e+04	4.805200e+04
9	2530.898262	3.015796e-16	8.834000e-01	7.859264e-33	2.999000e+04	3.448100e+04
9	2377.777867	2.947226e-16	9.296000e-01	5.462184e-21	3.196000e+04	4.533500e+04
9	2620.737219	1.474921e-16	8.636000e-01	1.912506e-35	3.111900e+04	4.670700e+04
9	2025.752119	1.702447e-11	8.878000e-01	6.867789e-25	3.944000e+03	2.592000e+03
9	3736.230421	4.700014e-16	9.978000e-01	2.602718e-21	3.413000e+03	5.462800e+04
9	2050.416269	3.697112e-12	8.636000e-01	9.231319e-29	7.024000e+03	1.686300e+04
9	36436.235242	1.564240e-07	8.966002e-01	8.406908e-16	4.754400e+04	4.079700e+04
9	998.127782	3.594395e-09	9.868000e-01	3.725315e-12	2.591400e+04	5.613000e+03
9	518.926535	3.427750e-09	9.780000e-01	8.554939e-12	5.960000e+03	3.301000e+03
9	2918.407459	4.722090e-17	8.636000e-01	2.540813e-20	3.308500e+04	4.826200e+04
9	4525.939819	7.441066e-06	7.814345e-01	8.470523e-09	5.646835e+04	1.924121e+04
9	2860.459206	2.186177e-10	9.076000e-01	1.400675e-28	1.057100e+04	6.818000e+03
9	4500.700575	2.215810e-07	9.780330e-01	1.000000e-08	1.681200e+04	4.900800e+04
9	410.863370	1.298108e-12	9.670000e-01	8.015126e-13	2.389100e+04	8.402000e+03
9	2145.405419	5.696861e-12	9.340000e-01	6.175329e-18	4.632100e+04	3.764200e+04
9	16962.238576	3.200000e-16	9.142000e-01	4.309578e-37	4.131400e+04	5.902500e+04
9	2951.870177	4.029455e-10	9.604009e-01	4.029455e-10	9.259000e+03	3.768900e+04
9	519.445271	1.000000e-05	8.187470e-01	8.950523e-10	4.247400e+04	6.866024e+03
9	532.245780	1.000000e-05	8.178865e-01	8.966767e-11	3.287699e+04	1.246400e+04
9	536.794092	1.000000e-05	8.189590e-01	3.638911e-09	5.354356e+04	3.451639e+03
9	957.575171	5.946085e-06	8.101704e-01	9.294331e-15	5.393081e+04	3.469950e+04
9	2293.413892	4.356254e-15	9.120000e-01	3.022545e-32	2.467900e+04	3.198900e+04
9	71641.070623	4.175831e-08	9.582001e-01	1.973766e-14	5.028700e+04	3.322500e+04
9	606.506282	8.611951e-16	9.714000e-01	1.896673e-18	4.116900e+04	3.887100e+04
9	507.628609	3.789826e-10	9.457064e-01	5.453408e-13	9.063254e+03	4.692000e+03
9	2041.420031	5.550808e-12	8.614000e-01	5.222854e-30	5.995000e+03	2.161600e+04
9	3523.771934	7.500000e-16	9.670000e-01	9.117852e-21	2.382100e+04	5.195500e+04
9	2453.533956	2.950399e-16	9.230000e-01	1.911339e-21	3.150200e+04	4.994900e+04
9	826.825744	7.804918e-09	9.528576e-01	5.576814e-09	1.205034e+03	3.317399e+04
9	1018.946752	2.136086e-09	7.954000e-01	1.266341e-12	3.499800e+04	2.013300e+04
9	2329.651418	4.907026e-16	9.296000e-01	2.280379e-33	3.080600e+04	3.907000e+04
9	53972.401682	5.100830e-08	9.604001e-01	2.913523e-12	5.031800e+04	2.116100e+04
9	427.129281	1.480619e-13	7.954000e-01	7.239468e-14	1.284600e+04	3.139200e+04
9	3277.092549	8.499962e-16	8.988000e-01	5.699804e-20	2.120100e+04	4.892400e+04
9	638.551173	1.000000e-05	8.155415e-01	2.668507e-12	3.464035e+04	2.100401e+04
9	1519.468463	1.046141e-11	9.692000e-01	1.046141e-11	4.502500e+04	3.176000e+03
9	582.344088	5.215330e-06	8.166641e-01	1.170960e-11	4.670401e+04	1.741298e+04
9	3281.856510	4.999947e-16	9.362000e-01	1.623596e-19	2.055700e+04	4.595600e+04
9	593.324170	1.000000e-05	8.164338e-01	8.472761e-12	5.881101e+04	1.819898e+04
9	2451.105893	4.342777e-16	9.032000e-01	1.927356e-32	2.982000e+04	3.421200e+04
9	5030.860112	1.254662e-06	8.372105e-01	3.833584e-13	5.752000e+04	5.363700e+04
9	610.441408	4.712987e-11	9.824000e-01	1.688658e-14	1.677600e+04	1.828500e+04
9	2224.500592	9.114900e-06	8.350112e-01	6.573793e-13	3.004300e+04	2.462100e+04
9	4886.522261	4.170874e-08	7.844010e-01	2.600232e-12	5.746600e+04	4.242300e+04
9	1187.568465	6.716462e-11	9.032000e-01	2.801629e-11	4.117700e+04	1.832000e+03
9	39459.875354	6.887352e-08	9.164002e-01	2.835781e-14	4.946100e+04	3.233900e+04
9	677.273507	4.420381e-10	9.492621e-01	4.420381e-10	8.300983e+03	4.036398e+04
9	97919.401059	1.200000e-16	8.768000e-01	1.072218e-35	4.047900e+04	5.147300e+04
9	1204.969719	3.915504e-11	9.428000e-01	4.916564e-12	4.110000e+04	5.435000e+03
9	2876.198513	2.011375e-17	8.812000e-01	2.432989e-22	3.602600e+04	5.669900e+04
9	439.608091	1.934625e-12	9.538000e-01	7.735689e-16	2.223100e+04	2.371000e+04
9	520.248864	1.729264e-08	8.187740e-01	1.013241e-09	5.017799e+04	6.563999e+03
9	2741.238176	8.416756e-07	9.538005e-01	5.673883e-17	5.063300e+04	3.224600e+04
9	2117.576100	4.179730e-13	8.460000e-01	2.708073e-25	1.188600e+04	9.500000e+03
9	2038.472991	1.735059e-12	9.516000e-01	1.069010e-30	1.284400e+04	2.417100e+04
9	726.701328	1.436685e-07	8.087062e-01	1.000000e-08	2.602097e+04	1.370254e+02
9	2082.835095	8.456158e-13	8.020000e-01	8.456158e-13	9.377000e+03	4.403000e+03
9	1302.746244	4.486336e-10	9.098000e-01	6.051570e-14	3.617200e+04	1.645500e+04
9	4086.306194	1.000000e-05	7.822460e-01	1.098251e-15	4.939100e+04	4.581100e+04
9	722.778652	6.414631e-10	8.136223e-01	4.503956e-13	4.515369e+04	2.528874e+04
9	2468.499733	1.360594e-11	9.785888e-01	1.360594e-11	1.656601e+04	4.655500e+04
9	4968.430174	1.000000e-05	8.922206e-01	5.319585e-12	5.409600e+04	4.850600e+04
9	5011.107832	9.596896e-07	8.658015e-01	1.069074e-12	4.592600e+04	5.197500e+04
9	2016.425556	5.852213e-11	9.010000e-01	1.416000e-28	1.354000e+03	1.937400e+04
9	2264.478058	3.719015e-15	9.230000e-01	3.762208e-34	2.558800e+04	4.154900e+04
9	3289.822699	1.599404e-16	9.274000e-01	1.688001e-19	1.358500e+04	4.607500e+04
9	3329.069784	3.499936e-16	8.636000e-01	9.594263e-21	1.719100e+04	5.444500e+04
9	51022.384676	4.815980e-08	8.966000e-01	1.343459e-17	5.235200e+04	5.067500e+04
9	550.770123	1.000000e-05	8.188999e-01	6.434617e-09	2.636900e+04	2.059004e+03
9	1994.514290	3.355096e-12	9.208000e-01	2.297441e-28	2.066900e+04	9.407000e+03
9	6478.133242	1.752392e-10	8.880242e-01	3.347480e-11	1.116000e+04	5.730600e+04
9	1873.235417	2.284699e-12	9.120000e-01	1.736262e-16	4.944200e+04	3.024100e+04
9	2078.251924	1.968693e-13	9.450000e-01	1.051692e-34	1.747800e+04	4.687700e+04
9	518.677540	3.703578e-10	9.431502e-01	3.703578e-10	9.013052e+03	5.609499e+04
9	29960.022247	2.500000e-16	9.120000e-01	6.101126e-38	3.736000e+04	5.930200e+04
9	438.563357	4.451280e-11	9.604000e-01	7.101776e-13	1.501400e+04	8.260000e+03
9	2166.366111	9.775648e-14	9.032000e-01	4.123622e-31	1.686400e+04	2.768700e+04
9	1385.291671	1.024961e-12	8.306000e-01	4.725579e-13	9.419000e+03	5.293800e+04
9	842.777392	2.869232e-12	8.130000e-01	2.696598e-14	2.452000e+03	3.242700e+04
9	2369.372864	1.245609e-10	9.120000e-01	1.598103e-28	1.192200e+04	1.061200e+04
9	1831.157654	1.068441e-16	9.472000e-01	8.983303e-21	4.557800e+04	1.474800e+04
9	1327.301774	3.077564e-11	7.932000e-01	1.183797e-13	5.900000e+02	5.316500e+04
9	1296.496102	7.011122e-09	9.648000e-01	7.124436e-15	2.674300e+04	2.076300e+04
9	2385.305697	2.515745e-16	9.252000e-01	9.791897e-33	3.215100e+04	3.668800e+04
9	6855.067001	1.116536e-06	8.482014e-01	1.502863e-14	3.921000e+04	3.380900e+04
9	2070.321035	1.794314e-12	8.856000e-01	1.275742e-28	9.314000e+03	1.642600e+04
9	61831.029940	8.510372e-09	9.736000e-01	3.543155e-12	5.815400e+04	2.069100e+04
9	1339.931779	1.151521e-11	8.086000e-01	2.020049e-13	3.215000e+03	5.372300e+04
9	1161.301968	2.563060e-09	9.120000e-01	3.433568e-13	3.172000e+04	1.227400e+04
9	455.488288	1.483587e-10	9.736000e-01	2.821004e-11	1.310100e+04	2.420000e+02
9	2311.423835	1.110585e-14	8.328000e-01	3.046035e-30	2.026500e+04	2.451200e+04
9	2372.963982	1.927034e-15	8.988000e-01	3.343570e-30	2.610200e+04	2.457400e+04
9	4847.849151	1.695620e-10	8.767982e-01	1.695620e-10	3.940500e+04	5.319700e+04
9	517.979624	1.000000e-05	8.186058e-01	5.326874e-10	3.528503e+04	8.128980e+03
9	534.399549	1.000000e-05	8.187943e-01	2.803898e-09	2.473702e+04	4.077044e+03
9	420.591478	8.199444e-12	9.604000e-01	9.460391e-15	1.902200e+04	1.851600e+04
9	558.135637	8.881713e-09	9.425083e-01	8.881713e-09	1.279017e+03	5.832300e+04
9	-1.000000	-1.000000e+00	-1.000000e+00	-1.000000e+00	-1.000000e+00	-1.000000e+00
9	572.573532	7.664024e-06	8.181046e-01	1.000000e-08	3.840300e+04	8.689993e+02
9	533.123795	1.014870e-10	9.440391e-01	1.014870e-10	1.215434e+04	5.256612e+04
9	522.254391	1.000000e-05	8.188293e-01	1.314746e-09	4.245398e+04	5.930047e+03
9	2672.222845	1.854073e-16	7.866000e-01	5.172067e-20	2.881500e+04	5.122500e+04
9	2247.169447	2.741250e-14	8.196000e-01	2.741250e-14	1.773900e+04	1.399800e+04
9	579.663352	1.000000e-05	8.167215e-01	1.271878e-11	4.435202e+04	1.721212e+04
9	62027.041641	9.060903e-09	9.384000e-01	4.997483e-15	5.835400e+04	3.652800e+04
9	92292.349819	5.100480e-08	9.736001e-01	5.522517e-15	4.969900e+04	3.629500e+04
9	2992.854719	5.931515e-18	9.010000e-01	9.653311e-22	3.933800e+04	5.440900e+04
9	2020.745225	2.739347e-11	8.856000e-01	7.227297e-31	2.731000e+03	2.946300e+04
9	1427.812260	4.598272e-13	8.064000e-01	1.293725e-13	1.092800e+04	5.465100e+04
9	1755.214300	7.814946e-16	9.758000e-01	7.814946e-16	3.843400e+04	1.034200e+04
9	2008.441937	4.459656e-11	9.560000e-01	2.074590e-30	5.495000e+03	2.258600e+04
9	5002.623832	3.077249e-12	8.789777e-01	3.077249e-12	5.089200e+04	5.179700e+04
9	2940.046655	2.788912e-16	9.956000e-01	6.112767e-21	4.051000e+04	5.233600e+04
9	2282.249071	1.157104e-10	9.582000e-01	5.175229e-19	3.747800e+04	4.301200e+04
9	629.070035	9.868455e-06	8.134477e-01	5.718254e-12	1.733302e+04	1.894793e+04
9	1925.148764	4.740951e-12	9.208000e-01	4.043207e-28	1.982900e+04	4.651000e+03
9	2191.033104	8.103365e-14	8.746000e-01	2.816782e-26	1.645000e+04	1.143800e+04
9	1006.073262	2.446246e-10	9.911999e-01	2.100517e-16	1.454800e+04	2.868800e+04
9	1969.128367	3.385983e-07	8.284004e-01	5.103980e-14	4.543700e+04	3.078400e+04
9	932.795610	6.430501e-07	8.105565e-01	1.360768e-14	3.971101e+04	3.377997e+04
9	2568.915998	5.657744e-20	8.042000e-01	5.657744e-20	2.670500e+04	5.584400e+04
9	4989.101121	6.480296e-06	9.669994e-01	4.252528e-12	5.839000e+04	5.016600e+04
9	672.511125	5.425078e-07	8.149139e-01	1.260458e-12	5.559522e+04	2.282389e+04
9	553.557547	1.000000e-05	8.168907e-01	4.118867e-11	2.108400e+04	1.431600e+04
9	1247.581788	9.421556e-13	9.318000e-01	1.017832e-30	2.369900e+04	2.455800e+04
9	100447.168948	1.000000e-05	9.427860e-01	1.693835e-17	4.644000e+04	5.013700e+04
9	2304.756113	1.301037e-06	9.318028e-01	1.226549e-14	4.914600e+04	1.992700e+04
9	2334.415242	5.816156e-15	8.812000e-01	6.921864e-31	2.290500e+04	2.463600e+04
9	4574.628203	1.000000e-05	7.841321e-01	9.854367e-09	3.653767e+04	2.156217e+04
9	588.825425	1.000000e-05	8.165191e-01	9.670684e-12	3.080496e+04	1.787704e+04
9	2377.648736	6.105287e-17	8.196000e-01	6.105287e-17	1.658900e+04	3.651700e+04
9	2952.939939	3.738132e-07	9.186012e-01	5.026260e-18	5.512200e+04	3.840300e+04
9	129301.313463	8.000000e-16	8.152000e-01	9.489416e-36	4.208100e+04	5.161400e+04
9	551.549661	1.000000e-05	8.166394e-01	1.290257e-09	1.816799e+04	5.830037e+03
9	2402.434110	1.620901e-15	8.900000e-01	1.366732e-35	2.621100e+04	4.784300e+04
9	1005.471548	1.318225e-09	9.912000e-01	8.595879e-12	2.739700e+04	3.554000e+03
9	2457.832373	1.770010e-15	9.912004e-01	9.969418e-22	3.586400e+04	5.598500e+04
9	5759.603251	8.900000e-16	9.428000e-01	0.000000e+00	1.618400e+04	2.889600e+04
9	1610.045015	3.312411e-10	7.888000e-01	8.247510e-16	3.949000e+04	3.643100e+04
9	4602.942668	2.112925e-07	7.800000e-01	9.493051e-09	2.323516e+04	3.350217e+04
9	2341.559408	6.272627e-15	8.658000e-01	4.711741e-20	2.232000e+04	1.849600e+04
9	2633.991378	2.041838e-16	9.802000e-01	1.861522e-16	1.316500e+04	2.918100e+04
9	1500.216530	7.490602e-13	9.956000e-01	1.033141e-14	4.442000e+04	1.958500e+04
9	16541.769039	8.421645e-07	8.944010e-01	2.826377e-11	4.113100e+04	1.562400e+04
9	1675.149505	1.705105e-14	9.956000e-01	1.705105e-14	5.510000e+04	1.829100e+04
9	531.462417	8.978483e-09	8.188802e-01	2.478821e-09	4.406832e+04	4.382948e+03
9	1031.932055	1.185306e-09	8.047006e-01	1.185306e-09	5.245201e+04	5.410999e+03
9	3321.757790	9.099931e-16	9.956000e-01	1.731571e-19	1.503300e+04	4.512500e+04
9	2035.857555	2.523906e-10	9.142000e-01	5.657076e-28	1.019700e+04	3.196000e+03
9	2088.740934	8.892398e-13	9.010000e-01	2.031688e-33	1.147600e+04	3.788000e+04
9	2018.067215	1.107300e-14	9.868000e-01	1.097043e-16	5.795900e+04	3.032700e+04
9	4784.029911	3.993612e-06	8.284373e-01	5.136184e-10	5.505400e+04	3.501400e+04
9	552.660228	6.451487e-09	9.426583e-01	6.451487e-09	2.050092e+03	4.300613e+04
9	5220.870702	2.367543e-12	9.010000e-01	3.086917e-28	2.157500e+04	6.909000e+03
9	2256.540638	2.546512e-14	8.614000e-01	4.642906e-35	1.888900e+04	4.182400e+04
9	2081.488743	1.224897e-10	9.472000e-01	4.222135e-18	3.796100e+04	3.832600e+04
9	1376.738754	1.131112e-08	8.592000e-01	1.948157e-15	2.931200e+04	2.587600e+04
9	1387.850226	2.105307e-12	8.878000e-01	4.855777e-13	8.964000e+03	5.462500e+04
9	538.575983	1.000000e-05	8.189513e-01	3.935592e-09	3.075200e+04	3.260020e+03
9	1999.947369	2.814118e-10	9.604000e-01	1.079068e-27	1.544000e+03	9.747000e+03
9	2166.168620	1.203228e-13	7.954000e-01	1.230196e-27	1.397900e+04	1.798200e+04
9	531.684589	1.000000e-05	8.179065e-01	9.248479e-11	5.107478e+04	1.238907e+04
9	205282.330055	8.200000e-16	8.350000e-01	0.000000e+00	3.523200e+04	4.734600e+04
9	2111.456322	3.953611e-13	7.954000e-01	3.953611e-13	1.113300e+04	2.652000e+03
9	566.149956	1.093355e-08	9.426270e-01	1.000000e-08	7.680041e+02	4.322201e+04
9	540.758551	7.950953e-06	8.189690e-01	4.420360e-09	5.665206e+04	2.977996e+03
9	1777.294403	5.125932e-12	9.846000e-01	5.125932e-12	4.702400e+04	4.809000e+03
9	1833.249615	1.058633e-15	9.934000e-01	3.076794e-20	4.434900e+04	4.898300e+04
9	727.424956	9.823103e-09	9.538002e-01	1.213574e-12	6.330000e+02	5.768300e+04
9	1495.590241	1.328903e-10	7.932000e-01	1.328903e-10	4.384900e+04	5.682000e+03
9	2151.644891	1.927142e-13	8.614000e-01	3.277586e-32	1.406400e+04	3.430900e+04
9	2035.024843	2.614459e-12	9.472000e-01	1.292590e-33	1.143200e+04	3.862500e+04
9	573.400038	1.450757e-08	9.425648e-01	1.000000e-08	8.401212e+01	5.077204e+04
9	4667.667696	4.088310e-08	7.800000e-01	8.183910e-09	2.734543e+04	3.055766e+04
9	517.943712	9.892435e-06	8.186056e-01	5.290748e-10	5.753907e+04	8.145659e+03
9	518.165509	6.135303e-10	9.429316e-01	6.135303e-10	7.785055e+03	5.799299e+04
9	4972.650400	9.999990e-06	9.010065e-01	4.975621e-12	5.451600e+04	4.884200e+04
9	4978.897540	5.525228e-12	9.604000e-01	5.525228e-12	4.735000e+04	5.067400e+04
9	549.895277	4.840430e-12	9.450000e-01	4.130335e-16	1.981100e+04	2.366000e+04
9	4873.201649	6.306591e-06	9.144588e-01	1.079785e-10	5.331500e+04	4.127700e+04
9	2012.648684	2.823864e-11	7.822000e-01	2.823864e-11	3.080000e+02	8.851000e+03
9	5054.270501	1.404555e-14	9.142000e-01	1.155269e-33	3.395700e+04	4.005400e+04
9	2052.507607	2.744082e-12	9.230000e-01	8.807829e-33	9.649000e+03	3.702800e+04
9	3442.283147	2.999976e-16	9.032000e-01	1.928276e-20	1.953900e+04	5.152300e+04
9	69954.516368	4.503853e-08	9.802001e-01	1.230530e-12	4.915800e+04	2.325100e+04
9	1971.127869	1.192567e-11	9.362000e-01	3.181547e-17	4.436400e+04	3.380400e+04
9	72420.830291	7.154841e-08	9.340002e-01	2.957002e-16	4.792500e+04	4.331400e+04
9	4825.557758	6.390207e-09	8.394001e-01	7.751227e-15	5.877400e+04	3.538600e+04
9	2269.593582	2.133442e-14	8.372000e-01	1.426021e-34	1.880200e+04	4.744200e+04
9	2198.535096	2.436822e-15	9.472000e-01	9.303854e-35	2.817600e+04	4.055300e+04
9	4952.968342	6.875291e-06	9.142116e-01	1.004037e-11	5.939600e+04	4.728700e+04
9	844.314732	5.653807e-09	8.101720e-01	4.136018e-14	3.622712e+04	3.095474e+04
9	2213.759276	5.301872e-14	8.702000e-01	2.443353e-35	1.735200e+04	5.080500e+04
9	518.203323	1.867380e-06	8.186640e-01	6.477969e-10	5.995102e+04	7.652943e+03
9	2718.532705	3.210220e-18	8.416000e-01	3.210220e-18	2.413500e+04	4.192500e+04
9	717.588971	5.027524e-10	8.137685e-01	4.998804e-13	4.611423e+04	2.504037e+04
9	2644.123371	8.197358e-17	8.768000e-01	1.643369e-32	3.286500e+04	3.490800e+04
9	2141.375964	3.188945e-14	9.362000e-01	1.572158e-35	2.120500e+04	4.921600e+04
9	550.311720	6.626631e-09	9.424996e-01	6.626631e-09	1.992051e+03	5.240832e+04
9	1287.204417	2.502006e-06	8.050947e-01	5.643654e-17	5.363299e+04	4.692996e+04
9	2927.253976	4.500000e-16	9.274000e-01	6.149784e-22	2.875000e+04	5.596200e+04
9	2099.344592	6.877524e-13	8.900000e-01	3.489036e-33	1.174700e+04	3.673900e+04
9	2998.934379	1.891290e-16	9.538000e-01	3.867961e-18	1.428300e+04	3.846800e+04
9	2054.438143	2.073120e-12	7.822000e-01	2.073120e-12	6.967000e+03	5.920000e+02
9	2237.600518	9.657272e-16	7.998000e-01	9.657272e-16	1.907500e+04	3.261200e+04
9	2229.249336	1.085245e-15	9.472000e-01	4.503287e-34	3.010100e+04	4.152300e+04
9	2186.766269	7.407179e-13	9.076000e-01	6.701692e-18	5.242700e+04	3.792200e+04
9	2049.869349	2.383276e-12	7.910000e-01	2.523799e-13	5.680000e+03	1.755000e+04
9	3353.391902	6.582417e-10	9.032503e-01	1.980571e-10	7.908000e+03	5.577900e+04
9	2017.489725	1.575330e-13	8.416000e-01	5.793757e-18	5.794400e+04	4.050700e+04
9	5051.459055	4.408590e-06	9.493948e-01	4.987966e-13	5.667000e+04	5.540900e+04
9	1200.210963	1.434772e-09	9.472000e-01	1.326961e-13	3.179700e+04	1.403600e+04
9	1236.705226	1.882038e-11	9.406000e-01	3.451442e-12	4.305400e+04	6.317000e+03
9	3385.633064	7.698873e-16	9.978000e-01	9.272802e-20	7.763000e+03	4.652800e+04
9	1988.981948	2.999502e-10	9.714000e-01	2.236956e-29	2.816000e+03	2.016100e+04
9	43152.041534	1.837211e-08	9.494000e-01	1.818416e-11	5.614800e+04	1.672400e+04
9	572.402127	3.099244e-14	7.888000e-01	7.424406e-16	1.682800e+04	4.336800e+04
9	4965.471804	3.982071e-06	8.438048e-01	3.506990e-12	5.507400e+04	4.827200e+04
9	1730.539914	3.997379e-12	9.868000e-01	4.239249e-16	4.301400e+04	2.716900e+04
9	2406.438461	1.476474e-12	9.934000e-01	3.560544e-19	4.372000e+04	4.347600e+04
9	2378.077673	3.994543e-15	8.526018e-01	1.341372e-36	2.308400e+04	5.157600e+04
9	4578.930562	3.868163e-07	7.800000e-01	9.751622e-09	2.172525e+04	3.284295e+04
9	524.008755	3.644980e-12	9.494000e-01	1.249805e-13	2.059200e+04	1.073800e+04
9	4787.261375	1.290905e-09	8.316140e-01	1.290905e-09	3.520300e+04	4.756000e+04
9	745.792149	4.835567e-15	7.866000e-01	1.361463e-17	2.125800e+04	5.329900e+04
9	1203.161630	1.956179e-13	9.362000e-01	5.770382e-29	2.749100e+04	8.563000e+03
9	-1.000000	-1.000000e+00	-1.000000e+00	-1.000000e+00	-1.000000e+00	-1.000000e+00
9	3589.447175	8.300005e-16	8.988000e-01	1.887291e-21	2.033800e+04	5.681000e+04
9	525.485917	3.453242e-06	8.188813e-01	1.778451e-09	5.228205e+04	5.194640e+03
9	4749.680475	4.098378e-09	8.152290e-01	4.098378e-09	3.260800e+04	3.969000e+04
9	2391.581302	2.666042e-15	8.746000e-01	1.841773e-34	2.457400e+04	4.203400e+04
9	-1.000000	-1.000000e+00	-1.000000e+00	-1.000000e+00	-1.000000e+00	-1.000000e+00
9	501.516046	1.253040e-13	8.042000e-01	1.340586e-14	1.232800e+04	3.454900e+04
9	2215.063655	3.421503e-14	9.010000e-01	1.091127e-32	1.930400e+04	2.738200e+04
9	672.801594	1.000000e-05	8.149004e-01	1.252820e-12	3.109697e+04	2.283801e+04
9	2025.372391	4.000244e-10	7.866000e-01	1.779923e-13	3.900400e+04	2.329700e+04
9	579.112184	8.806351e-09	9.436882e-01	8.806351e-09	1.246008e+03	3.742902e+04
9	2241.080310	2.972072e-14	7.800000e-01	2.673897e-16	1.707200e+04	2.734200e+04
9	5022.036857	9.999906e-06	9.516100e-01	1.357804e-12	5.514100e+04	5.288900e+04
9	1260.347163	8.798222e-09	8.614000e-01	1.937560e-14	2.990100e+04	2.032100e+04
9	2439.994922	1.461860e-19	8.020000e-01	1.461860e-19	2.131400e+04	5.418300e+04
9	520.698406	3.131227e-06	8.187914e-01	1.089662e-09	5.550019e+04	6.387140e+03
9	519.340216	1.000000e-05	8.184138e-01	2.981293e-10	4.867385e+04	9.541535e+03
9	2195.479881	7.408048e-14	8.196000e-01	7.408048e-14	1.552400e+04	1.256000e+03
9	1837.086455	1.590626e-14	9.978000e-01	3.208008e-16	5.222900e+04	2.771900e+04
9	2268.424259	1.548581e-14	8.878000e-01	1.548581e-14	2.071600e+04	1.025700e+04
9	54104.283936	4.163905e-08	9.472001e-01	1.826934e-13	5.156300e+04	2.785300e+04
9	4961.149731	9.331490e-12	8.834001e-01	9.331490e-12	4.718700e+04	5.079400e+04
9	1103.039561	9.309461e-06	8.079152e-01	1.018771e-15	5.105652e+04	4.001720e+04
9	4515.474617	1.910743e-06	7.800000e-01	9.386891e-09	1.774609e+04	2.894291e+04
9	2051.882575	2.921037e-12	8.284000e-01	2.999775e-26	6.887000e+03	8.409000e+03
9	2072.883702	6.444034e-14	9.736002e-01	1.429698e-33	2.391500e+04	3.879800e+04
9	2030.516182	5.859242e-12	9.406000e-01	3.926439e-32	8.909000e+03	3.518200e+04
9	3396.978703	7.899876e-16	9.296000e-01	5.352746e-20	1.617900e+04	4.865200e+04
9	-1.000000	-1.000000e+00	-1.000000e+00	-1.000000e+00	-1.000000e+00	-1.000000e+00
9	2172.184971	1.098406e-13	8.504000e-01	1.098406e-13	1.502900e+04	9.193000e+03
9	534.243881	2.887332e-09	9.426265e-01	2.887332e-09	4.011026e+03	4.648700e+04
9	1446.519378	7.694597e-13	9.296000e-01	2.371353e-29	2.420400e+04	1.498300e+04
9	1494.621129	4.188173e-13	9.934000e-01	4.188173e-13	4.833900e+04	1.067900e+04
9	3116.644211	5.800000e-16	9.296000e-01	7.865400e-22	2.751800e+04	5.627900e+04
9	2283.647846	2.598700e-16	9.560000e-01	5.656138e-36	3.425600e+04	5.198400e+04
9	1531.376916	1.447617e-09	9.846000e-01	2.664334e-13	1.475000e+03	5.758500e+04
9	92578.150064	5.148849e-09	9.714000e-01	3.857013e-15	5.963500e+04	3.715800e+04
9	2274.210291	1.444810e-14	8.877998e-01	1.632606e-36	2.093200e+04	5.590600e+04
9	4724.337472	1.997951e-06	7.866494e-01	3.541060e-10	4.067900e+04	3.107800e+04
9	2238.280578	2.735085e-16	9.692000e-01	2.194586e-37	3.622900e+04	4.932100e+04
9	2018.726709	1.255670e-10	8.812000e-01	4.818551e-18	4.013500e+04	3.933000e+04
9	75482.121031	3.908484e-16	8.218000e-01	1.664636e-36	4.264700e+04	5.765000e+04
9	2007.690319	4.549418e-11	9.582000e-01	1.231067e-29	5.696000e+03	2.016200e+04
9	16941.159562	2.950589e-07	8.882151e-01	7.608565e-09	4.664498e+04	1.274015e+03
9	519.146531	8.363627e-10	9.428218e-01	8.363627e-10	7.031001e+03	5.828401e+04
9	3724.590478	3.100000e-16	9.802000e-01	1.241493e-21	2.671100e+04	5.633000e+04
9	4297.269337	3.666796e-14	8.174000e-01	3.666796e-14	1.715500e+04	3.136200e+04
9	546.974638	5.769760e-09	9.425035e-01	5.769760e-09	2.328996e+03	5.070300e+04
9	2016.135459	6.203412e-11	8.834000e-01	4.710155e-30	6.890000e+02	2.611000e+04
9	19445.315924	2.028611e-08	8.658000e-01	2.337397e-16	5.607300e+04	4.384600e+04
9	4757.832002	8.364071e-07	7.844201e-01	9.426232e-11	4.170100e+04	3.337800e+04
9	1586.693146	4.062410e-13	8.240000e-01	4.062410e-13	1.178600e+04	5.208700e+04
9	518.579034	3.628856e-10	9.431506e-01	3.628856e-10	9.063061e+03	5.918300e+04
9	784.892535	6.388090e-06	8.129627e-01	1.508990e-13	5.654821e+04	2.796675e+04
9	518.474237	1.388991e-14	7.932000e-01	1.223575e-16	1.845200e+04	4.664400e+04
9	4803.528799	3.158613e-10	9.456305e-01	3.158613e-10	3.575000e+04	4.574700e+04
9	2717.524810	6.043429e-16	8.504000e-01	7.803826e-18	1.332000e+03	3.938400e+04
9	4669.877285	9.999999e-06	8.266411e-01	9.903974e-09	5.373809e+04	2.748826e+04
9	566.359005	1.000000e-05	8.170146e-01	1.969185e-11	3.890509e+04	1.614990e+04
9	2168.106568	5.951135e-14	9.164000e-01	8.666987e-32	1.859300e+04	3.079600e+04
9	1409.369146	5.729157e-09	9.533247e-01	5.729157e-09	2.092998e+03	3.178199e+04
9	19756.538713	3.474884e-07	8.724005e-01	1.535027e-15	4.361500e+04	3.933600e+04
9	1258.209670	6.667752e-11	9.626000e-01	2.736290e-13	3.862200e+04	1.213100e+04
9	1108.217320	6.439358e-08	9.494001e-01	5.252767e-14	2.215000e+04	1.621000e+04
9	521.868073	1.000000e-05	8.188209e-01	1.259272e-09	4.130497e+04	6.034983e+03
9	2365.744264	9.394705e-16	9.142000e-01	1.468873e-37	2.845000e+04	5.734400e+04
9	77846.810580	1.791614e-15	8.130000e-01	1.290379e-35	3.899700e+04	5.709700e+04
9	1013.254687	7.814960e-09	9.692000e-01	2.339737e-12	2.613800e+04	6.910000e+03
9	836.158988	9.705453e-10	8.105343e-01	4.896453e-14	4.084015e+04	3.056693e+04
9	4814.663130	9.405591e-06	8.284859e-01	2.229403e-10	4.981600e+04	3.712000e+04
9	1439.507189	1.778301e-12	8.614000e-01	5.911565e-14	8.713000e+03	5.935000e+04
9	29990.221950	7.262193e-07	8.922011e-01	2.996545e-15	3.987000e+04	3.774100e+04
9	3011.280910	4.398977e-16	9.758000e-01	3.310867e-18	2.231900e+04	3.853000e+04
9	2138.855779	4.905767e-12	9.890000e-01	2.189123e-13	1.525100e+04	5.806300e+04
9	5051.053069	1.134192e-07	8.899478e-01	3.501627e-13	5.003900e+04	5.537400e+04
9	1074.441367	5.917884e-10	9.692000e-01	1.783861e-11	3.262000e+04	2.008000e+03
9	585.761238	1.000000e-05	8.165573e-01	1.066958e-11	2.733800e+04	1.763600e+04
9	2634.668783	9.699998e-16	9.428000e-01	1.082351e-19	2.805000e+04	4.389900e+04
9	1287.870221	4.141486e-11	8.658000e-01	2.854876e-12	1.205000e+03	4.961200e+04
9	2779.320398	7.406145e-08	9.472002e-01	3.716646e-17	5.584000e+04	3.331500e+04
9	2144.489057	8.128704e-14	9.230000e-01	1.573619e-31	1.816100e+04	2.880200e+04
9	2117.424792	4.195477e-13	8.460000e-01	4.814608e-34	1.187700e+04	4.206400e+04
9	523.588254	3.152347e-10	9.434609e-01	2.933001e-10	9.393992e+03	4.921499e+04
9	2016.166122	3.782271e-11	9.384000e-01	6.619888e-29	4.211000e+03	1.863900e+04
9	2265.267915	6.776985e-11	8.746000e-01	2.557346e-19	4.184200e+04	4.639400e+04
9	2548.463169	4.850232e-16	8.240000e-01	1.381037e-35	2.747500e+04	5.341400e+04
9	5768.330427	8.034229e-14	8.482000e-01	8.034229e-14	1.621000e+03	2.975900e+04
9	24865.758568	6.535008e-08	9.010001e-01	3.519455e-13	5.285300e+04	2.624900e+04
9	2844.815459	2.948937e-12	9.142000e-01	3.450822e-28	2.100700e+04	6.189000e+03
9	547.298243	1.000000e-05	8.174699e-01	4.125650e-11	3.649097e+04	1.435202e+04
9	5074.153398	1.246440e-06	9.427991e-01	2.196255e-13	5.811900e+04	5.741400e+04
9	1546.220651	5.227366e-12	9.846000e-01	4.305164e-15	4.274100e+04	2.175200e+04
9	1044.352145	9.570039e-09	9.450000e-01	1.376242e-12	2.714600e+04	8.466000e+03
9	923.523841	1.243892e-09	8.082228e-01	8.849714e-15	3.917761e+04	3.461898e+04
9	2391.432382	1.412122e-16	9.516000e-01	2.836439e-21	3.505300e+04	4.962600e+04
9	3148.197896	2.000000e-16	9.758000e-01	2.236124e-21	3.266200e+04	5.398100e+04
9	4708.604372	2.467398e-07	8.591990e-01	1.000000e-08	5.316900e+04	2.834100e+04
9	2067.316736	4.195337e-13	8.174000e-01	3.466975e-13	8.220000e+02	1.602300e+04
9	520.379021	1.000000e-05	8.183481e-01	2.505051e-10	4.747294e+04	9.965035e+03
9	2035.097274	7.509207e-12	8.548000e-01	1.871092e-33	5.123000e+03	4.076600e+04
9	112037.361025	6.435392e-09	9.890000e-01	2.811254e-15	5.586800e+04	3.792100e+04
9	2055.626327	3.136278e-12	8.790000e-01	2.246585e-29	7.792000e+03	1.922400e+04
9	150700.027237	7.600000e-16	7.910000e-01	3.753642e-35	4.001200e+04	5.661100e+04
9	889.601039	9.742197e-11	8.093508e-01	1.773782e-14	4.602201e+04	3.299500e+04
9	2716.828149	6.137522e-17	9.186000e-01	6.700992e-23	3.476200e+04	5.986200e+04
9	1442.049580	4.940419e-09	8.548000e-01	9.115198e-16	3.148200e+04	2.785600e+04
9	811.457138	5.199788e-12	8.086000e-01	4.309994e-15	2.220000e+03	3.701600e+04
9	2040.055928	6.623007e-12	8.856000e-01	3.662626e-30	6.165000e+03	2.249800e+04
9	4884.110165	5.200962e-06	8.658648e-01	5.313488e-11	5.523200e+04	4.207400e+04
9	10555.844685	1.420203e-07	8.812003e-01	4.369913e-10	4.922600e+04	8.968000e+03
9	2468.691856	9.694878e-17	8.372000e-01	9.694878e-17	1.673300e+04	3.411300e+04
9	2151.009596	1.703852e-13	8.900000e-01	1.703852e-13	1.508300e+04	1.482000e+03
9	2067.131325	4.783840e-13	9.406000e-01	1.649518e-34	1.498100e+04	4.149700e+04
9	3700.415149	4.500002e-16	9.164000e-01	8.058090e-22	2.234200e+04	5.829700e+04
9	537.323830	1.955090e-10	9.443357e-01	1.955090e-10	1.052698e+04	4.720199e+04
9	2185.032287	3.410136e-14	9.186000e-01	1.964409e-34	2.003700e+04	4.079600e+04
9	1306.476635	3.806498e-11	9.846000e-01	7.193626e-14	3.773400e+04	1.508700e+04
9	-1.000000	-1.000000e+00	-1.000000e+00	-1.000000e+00	-1.000000e+00	-1.000000e+00
9	5092.098151	1.534736e-08	8.922000e-01	8.449259e-14	5.812200e+04	5.904000e+04
9	1621.869799	3.847536e-09	9.142000e-01	1.960141e-16	3.060900e+04	2.990900e+04
9	2349.326918	4.197823e-15	8.856000e-01	4.197823e-15	2.380900e+04	3.682000e+03
9	1398.481461	4.538237e-12	7.888000e-01	1.065758e-14	5.157000e+03	5.826900e+04
9	44658.786356	3.332319e-08	9.186001e-01	8.737843e-15	5.273600e+04	3.517700e+04
9	519.488163	4.736930e-06	8.184035e-01	2.898909e-10	5.428668e+04	9.609722e+03
9	2016.894073	4.666651e-11	8.702000e-01	5.476116e-33	1.046000e+03	3.709800e+04
9	1055.112574	3.600165e-09	9.384000e-01	4.672717e-12	2.990300e+04	5.611000e+03
9	4990.523581	2.259965e-12	9.010000e-01	2.259965e-12	4.985700e+04	5.806100e+04
9	3713.851819	5.299999e-16	9.978000e-01	3.292869e-21	1.405200e+04	5.409700e+04
9	3610.561139	7.999937e-17	9.362000e-01	6.763871e-21	1.639100e+04	5.326900e+04
9	4656.141399	7.673401e-07	8.110766e-01	9.548407e-09	5.459038e+04	2.661001e+04
9	618.358360	1.000000e-05	8.159294e-01	4.346464e-12	3.433728e+04	1.981979e+04
9	4484.564798	4.240461e-06	7.809426e-01	9.930682e-09	5.301555e+04	1.769245e+04
9	614.219547	7.690730e-06	8.160127e-01	4.825831e-12	5.700900e+04	1.956594e+04
9	547.367007	1.000000e-05	8.174122e-01	4.275509e-11	2.595600e+04	1.426000e+04
9	521.387423	1.000000e-05	8.188098e-01	1.190352e-09	4.415100e+04	6.172000e+03
9	929.841707	2.960992e-08	7.998000e-01	2.418368e-13	2.883700e+04	2.529700e+04
9	1577.553757	1.025341e-11	9.230000e-01	1.022415e-27	1.794400e+04	6.302000e+03
9	6236.114253	1.600000e-16	9.538000e-01	4.110223e-38	3.953900e+04	5.568100e+04
9	518.221634	6.072310e-10	9.429393e-01	6.072310e-10	7.809998e+03	5.622100e+04
9	2034.616010	8.776655e-12	8.790000e-01	4.043374e-29	5.309000e+03	2.035300e+04
9	1220.609503	3.102611e-11	9.252000e-01	5.586757e-12	4.241500e+04	5.370000e+03
9	1102.455942	9.885071e-09	8.658000e-01	7.647278e-13	2.952100e+04	1.137600e+04
9	4737.196414	6.738508e-09	7.800000e-01	6.606904e-09	3.187103e+04	3.335099e+04
9	616.038286	7.824244e-15	9.714000e-01	2.733446e-18	3.593900e+04	3.807900e+04
9	2656.293065	1.209420e-16	8.460000e-01	3.738460e-35	3.116800e+04	4.774000e+04
9	1192.927413	1.036485e-09	9.758000e-01	6.678000e-13	3.955000e+03	5.549800e+04
9	412.992601	2.151268e-12	7.932000e-01	9.759641e-14	6.564000e+03	3.107400e+04
9	669.733898	9.527238e-06	8.149643e-01	1.336606e-12	5.816504e+04	2.268162e+04
9	445.800098	9.212992e-12	9.846000e-01	1.411188e-12	2.103500e+04	7.765000e+03
9	2406.841428	2.753164e-15	8.460000e-01	1.128533e-37	2.382200e+04	5.932200e+04
9	4847.186499	3.440352e-06	8.636415e-01	1.491375e-10	5.802700e+04	3.940600e+04
9	476.515426	5.705188e-12	9.824000e-01	2.521010e-13	2.183400e+04	1.184700e+04
9	518.919175	1.000000e-05	8.186977e-01	7.667141e-10	3.086499e+04	7.242011e+03
9	2275.780895	1.219951e-14	8.944000e-01	2.628950e-31	2.154500e+04	2.746900e+04
9	1486.813199	2.107381e-13	8.636000e-01	1.760003e-13	1.387600e+04	5.662500e+04
9	551.827336	1.000000e-05	8.189736e-01	7.048280e-09	5.378400e+04	1.842003e+03
9	1935.829273	5.539743e-10	9.296000e-01	1.184803e-17	3.493400e+04	3.619500e+04
9	2064.178829	1.994478e-12	8.460000e-01	5.474881e-33	8.137000e+03	3.646500e+04
9	2228.564600	9.929652e-16	9.692000e-01	8.562901e-23	3.279200e+04	5.315100e+04
9	547.408124	2.511976e-06	8.189751e-01	5.914527e-09	5.749100e+04	2.269008e+03
9	1418.044328	2.928595e-09	9.538000e-01	2.346265e-15	2.964000e+04	2.350800e+04
9	523.685611	1.000000e-05	8.181901e-01	1.702984e-10	5.449301e+04	1.090400e+04
9	2809.429458	2.325410e-19	8.306000e-01	2.325410e-19	2.615400e+04	4.875700e+04
9	2319.609753	7.888778e-15	8.768000e-01	1.374931e-32	2.205800e+04	3.648100e+04
9	1037.379212	3.929315e-10	9.934000e-01	8.759242e-12	2.970000e+04	3.489000e+03
9	2490.077395	8.017732e-16	8.614000e-01	4.969466e-35	2.707800e+04	4.792800e+04
9	1475.530501	3.503953e-10	9.010000e-01	4.112996e-15	3.704700e+04	2.299500e+04
9	526.913790	1.000000e-05	8.184788e-01	1.252476e-09	2.259598e+04	6.026028e+03
9	980.908492	8.931400e-06	8.196140e-01	1.283367e-13	2.914800e+04	2.847200e+04
9	2017.470933	3.115151e-11	8.218000e-01	2.831445e-25	1.051000e+03	5.530000e+03
9	1552.907228	1.000000e-05	7.976631e-01	5.298176e-13	4.476800e+04	2.330800e+04
9	4807.675372	1.016073e-09	7.800000e-01	9.841871e-10	3.663444e+04	5.281995e+04
9	2121.856020	3.558010e-13	8.284000e-01	2.508822e-27	1.193800e+04	1.286900e+04
9	1355.530395	1.729105e-11	7.932000e-01	4.540922e-14	1.989000e+03	5.560200e+04
9	2017.848060	4.288308e-11	9.230000e-01	2.876450e-27	2.983000e+03	1.121300e+04
9	553.413337	1.000000e-05	8.189707e-01	7.475830e-09	3.591186e+04	1.698512e+03
9	2139.087803	2.125430e-13	8.086000e-01	2.125430e-13	1.279300e+04	6.681000e+03
9	2443.923212	9.492506e-18	8.108000e-01	9.492506e-18	2.141600e+04	4.184800e+04
9	2637.654851	6.026700e-13	9.868000e-01	5.682046e-20	4.777100e+04	4.773200e+04
9	1151.364779	4.203316e-10	9.868000e-01	3.031681e-13	3.129400e+04	1.163500e+04
9	2011.258339	6.847414e-11	9.450000e-01	1.796999e-28	3.316000e+03	1.741000e+04
9	1343.873098	4.764108e-10	9.120000e-01	2.713188e-14	3.595000e+04	1.832400e+04
9	683.350174	1.234990e-12	8.152000e-01	5.010994e-13	4.117000e+03	2.531000e+04
9	892.014357	2.291639e-08	8.086809e-01	1.589878e-14	3.204184e+04	3.319903e+04
9	527.974345	1.077977e-09	9.431426e-01	1.077977e-09	6.395059e+03	4.506098e+04
9	2152.199043	4.007349e-15	9.714000e-01	1.205224e-35	3.017400e+04	4.458100e+04
9	2016.524904	4.718669e-11	8.218000e-01	6.719257e-24	4.300000e+01	2.535000e+03
9	165717.964591	5.924400e-17	7.998000e-01	3.725856e-18	4.718000e+04	5.361100e+04
9	2276.817170	1.766340e-14	8.658000e-01	8.551308e-30	1.986200e+04	2.375700e+04
9	2167.860926	1.356465e-13	8.504000e-01	9.256597e-28	1.466500e+04	1.517800e+04
9	129488.269433	1.000000e-05	9.779994e-01	9.107623e-17	5.410200e+04	4.613700e+04
9	2354.984579	2.081622e-09	9.541680e-01	2.081622e-09	4.941042e+03	3.371204e+04
9	2270.147415	2.039995e-14	8.592000e-01	2.861037e-35	1.936600e+04	4.768000e+04
9	4793.652227	7.461283e-06	8.636861e-01	6.560794e-10	5.676700e+04	3.567000e+04
9	1341.176848	8.562594e-16	9.802000e-01	1.074183e-21	4.143100e+04	5.625300e+04
9	2675.342330	1.110464e-16	8.262000e-01	4.312968e-33	3.096400e+04	4.023800e+04
9	520.982672	3.001443e-06	8.183151e-01	2.302796e-10	5.608900e+04	1.016987e+04
9	1594.001600	2.720646e-11	9.450000e-01	2.026318e-15	4.189300e+04	2.396800e+04
9	738.905665	7.040257e-15	7.866000e-01	1.806046e-18	2.035100e+04	5.796900e+04
9	1744.691638	4.730456e-11	9.340000e-01	2.597602e-16	4.097800e+04	2.893700e+04
9	75234.196818	1.934760e-08	9.604001e-01	1.393072e-14	5.379200e+04	3.406500e+04
9	2659.071191	1.405920e-16	8.042000e-01	4.500100e-36	3.002400e+04	5.652700e+04
9	2076.887446	6.914611e-13	9.824000e-01	6.912704e-13	5.985700e+04	9.733000e+03
9	2134.952673	2.668805e-13	8.394000e-01	2.668805e-13	1.282200e+04	5.720000e+02
9	2028.935044	1.227134e-11	8.724000e-01	4.285858e-29	4.334000e+03	2.059300e+04
9	16521.678289	9.700000e-16	9.362000e-01	1.207555e-37	3.630800e+04	5.730100e+04
9	439.915475	5.118283e-11	9.780000e-01	4.313858e-12	1.608400e+04	4.934000e+03
9	1065.891852	7.958287e-09	8.076711e-01	7.958287e-09	4.728975e+04	3.940455e+02
9	4850.462226	3.088799e-10	8.151423e-01	3.088799e-10	3.961900e+04	3.972500e+04
9	4797.622858	9.328045e-08	8.567559e-01	1.000000e-08	5.253300e+04	2.790900e+04
9	2110.130031	3.241298e-13	9.163675e-01	1.040233e-35	1.450400e+04	4.959600e+04
9	4864.711393	8.788680e-06	8.967096e-01	1.219095e-10	5.421100e+04	4.066200e+04
9	2227.587787	4.129144e-14	8.130000e-01	1.120018e-29	1.680300e+04	2.105200e+04
9	530.594521	1.000000e-05	8.188713e-01	2.419621e-09	2.723596e+04	4.441847e+03
9	2031.695736	1.115365e-11	9.142000e-01	2.180367e-27	5.856000e+03	1.023300e+04
9	3820.545561	3.600000e-16	9.560000e-01	5.621807e-22	2.244000e+04	5.851300e+04
9	1112.283172	2.443769e-12	9.318000e-01	7.615512e-29	2.138100e+04	1.227400e+04
9	1031.736341	8.788742e-07	9.494004e-01	3.697515e-14	1.564200e+04	1.704100e+04
9	2016.104195	6.175872e-11	9.164000e-01	9.687965e-28	1.798000e+03	1.201700e+04
9	1100.453013	2.203138e-10	9.758000e-01	1.652524e-11	3.448300e+04	2.125000e+03
9	4732.659288	1.000000e-08	7.806948e-01	1.000000e-08	5.427800e+04	8.507998e+03
9	583.654826	1.000000e-05	8.161616e-01	1.306256e-11	2.099604e+04	1.710602e+04
9	529.083396	1.000000e-05	8.179888e-01	1.104051e-10	3.312898e+04	1.195800e+04
9	2240.383237	2.274756e-14	8.966000e-01	1.375826e-33	2.012900e+04	3.484700e+04
9	2420.098277	4.483758e-08	8.306004e-01	3.207172e-14	5.018900e+04	3.192100e+04
9	520.162461	1.964218e-09	9.956000e-01	1.477578e-12	1.125200e+04	7.733000e+03
9	558.927810	1.000000e-05	8.171864e-01	2.574994e-11	5.437800e+04	1.549800e+04
9	490.399491	6.397201e-13	7.844000e-01	6.204318e-14	9.733000e+03	3.469800e+04
9	1250.238334	1.254702e-11	9.714000e-01	1.164793e-12	4.214600e+04	8.569000e+03
9	2373.481392	2.854037e-15	8.856000e-01	2.854037e-15	2.472600e+04	5.778000e+03
9	-1.000000	-1.000000e+00	-1.000000e+00	-1.000000e+00	-1.000000e+00	-1.000000e+00
9	2557.711176	4.444919e-16	8.042000e-01	9.978199e-35	2.733600e+04	4.966300e+04
9	4777.239934	1.756471e-09	8.306743e-01	1.756471e-09	3.446500e+04	4.335400e+04
9	2143.341965	1.977786e-13	8.020000e-01	2.290193e-27	1.289700e+04	1.579500e+04
9	2046.696155	3.065549e-12	9.296000e-01	2.041139e-30	9.735000e+03	2.231400e+04
9	1207.091686	6.630460e-06	8.261921e-01	7.032407e-13	2.757800e+04	2.440000e+04
9	966.836497	5.453423e-10	9.978000e-01	1.105973e-11	2.599400e+04	2.883000e+03
9	543.058375	1.000000e-05	8.175687e-01	5.056829e-11	2.945499e+04	1.385600e+04
9	102934.473091	1.288140e-08	9.714000e-01	8.812575e-16	5.454500e+04	4.070400e+04
9	2285.460304	1.644362e-14	8.460000e-01	6.204998e-35	1.959400e+04	4.652800e+04
9	574.819104	1.000000e-05	8.148342e-01	4.802543e-11	1.744501e+04	1.378793e+04
9	2618.686069	7.817859e-17	8.878000e-01	1.436952e-34	3.332500e+04	4.482700e+04
9	732.889695	1.163756e-07	8.132487e-01	3.678433e-13	3.152069e+04	2.576363e+04
9	3921.039067	6.480156e-13	8.438000e-01	6.480156e-13	1.190700e+04	5.043700e+04
9	4888.095280	3.943978e-11	9.317758e-01	3.943978e-11	4.167600e+04	5.011400e+04
9	692.219208	1.027078e-09	8.144752e-01	8.377608e-13	4.779371e+04	2.380819e+04
9	3368.393458	7.070237e-11	9.054000e-01	5.482262e-29	1.332000e+04	7.802000e+03
9	529.309626	1.000000e-05	8.179833e-01	1.081994e-10	5.510306e+04	1.200737e+04
9	1565.921136	3.584634e-11	8.306000e-01	3.584634e-11	1.257000e+03	4.084400e+04
9	3096.357162	4.299981e-16	9.340000e-01	3.354629e-19	2.618000e+04	4.377800e+04
9	677.005041	3.112049e-06	8.148322e-01	1.147310e-12	4.893898e+04	2.305200e+04
9	2025.828707	1.483304e-11	9.296000e-01	8.795736e-29	5.909000e+03	1.411600e+04
9	543.763685	1.000000e-05	8.172499e-01	1.299641e-09	1.893397e+04	5.854003e+03
9	8370.397885	4.364679e-08	8.548004e-01	3.137497e-14	5.003100e+04	3.204400e+04
9	542.946824	1.000000e-05	8.175838e-01	5.028155e-11	4.467687e+04	1.387108e+04
9	1128.734065	2.381614e-10	9.384000e-01	3.015368e-11	3.674200e+04	1.104000e+03
9	4930.858909	1.320253e-11	9.054001e-01	1.320253e-11	4.521800e+04	5.429700e+04
9	3130.505446	3.832869e-17	8.482000e-01	1.137924e-21	3.279900e+04	5.694100e+04
9	584.786838	2.657699e-11	9.406000e-01	9.231352e-16	1.555900e+04	1.915900e+04
9	3693.787291	8.100007e-16	9.714000e-01	3.542841e-21	1.621900e+04	5.421800e+04
9	2646.464403	4.745975e-14	9.318000e-01	1.345901e-19	5.856200e+04	4.649800e+04
9	501.194746	1.263526e-09	9.516000e-01	1.874505e-13	6.445000e+03	1.022100e+04
9	180774.449610	2.700000e-16	8.152000e-01	3.372914e-36	4.136000e+04	5.753500e+04
9	3241.760337	7.500000e-16	9.846000e-01	9.756034e-22	3.049300e+04	5.604500e+04
9	526.006618	1.426481e-10	9.436618e-01	1.426481e-10	1.133404e+04	5.713700e+04
9	1116.956043	5.683464e-08	8.152001e-01	6.704066e-15	4.787400e+04	3.558700e+04
9	2190.556124	3.353168e-15	8.152000e-01	3.353168e-15	1.507900e+04	2.727800e+04
9	2017.019858	1.441345e-11	9.626000e-01	7.406834e-29	8.976000e+03	1.858000e+04
9	10585.918233	1.570408e-15	9.010000e-01	1.912450e-35	3.926000e+04	4.921500e+04
9	2581.105490	2.572080e-16	8.592000e-01	1.427869e-36	2.970200e+04	5.598100e+04
9	2116.377231	5.887785e-11	9.142000e-01	3.571121e-18	4.112800e+04	3.924800e+04
9	4973.639713	5.560584e-13	9.054000e-01	1.366075e-30	2.507700e+04	2.078300e+04
9	1533.585979	3.606676e-10	9.472000e-01	1.430190e-15	3.525900e+04	2.475600e+04
9	530.071062	9.918674e-10	9.433143e-01	9.918674e-10	6.590918e+03	4.449300e+04
9	892.730817	1.465120e-09	8.090097e-01	1.623179e-14	3.907098e+04	3.318199e+04
9	520.948257	9.457634e-10	9.428434e-01	9.457634e-10	6.729024e+03	4.990899e+04
9	554.788125	1.850155e-16	9.714000e-01	2.678405e-17	4.491400e+04	3.271500e+04
9	2147.486989	5.519054e-14	9.274000e-01	2.305147e-32	1.933400e+04	3.374500e+04
9	1589.737134	3.098211e-09	9.670000e-01	2.300535e-16	2.861200e+04	2.879600e+04
9	4577.549883	2.030322e-08	9.872366e-01	1.000000e-08	2.142000e+04	4.103800e+04
9	2213.439237	5.202167e-14	8.746000e-01	4.940630e-32	1.750800e+04	3.231500e+04
9	4903.927282	1.574843e-11	9.472010e-01	1.574843e-11	4.316300e+04	5.485800e+04
9	530.509629	1.000000e-05	8.178383e-01	1.179497e-10	2.390100e+04	1.178500e+04
9	1802.833794	3.243475e-15	9.384000e-01	2.697579e-19	3.748900e+04	4.030600e+04
9	35476.676089	1.794664e-07	8.878000e-01	1.328141e-16	5.032300e+04	4.521300e+04
9	519.357181	8.632226e-10	9.428144e-01	8.632226e-10	6.953933e+03	5.627289e+04
9	4646.149228	1.000000e-05	8.046494e-01	9.846097e-09	3.565700e+04	2.597300e+04
9	1973.094316	2.919202e-16	7.866000e-01	2.919202e-16	2.705700e+04	3.966600e+04
9	1814.032790	7.014820e-10	9.736000e-01	3.097950e-17	3.175700e+04	3.339000e+04
9	1053.329935	9.736880e-10	8.047606e-01	5.592827e-16	3.877405e+04	4.111095e+04
9	1443.442781	1.521996e-12	8.328000e-01	3.529853e-14	8.512000e+03	5.964700e+04
9	411.585266	1.166977e-11	7.910000e-01	1.310764e-13	2.586000e+03	3.081100e+04
9	2017.849913	1.382913e-11	9.648000e-01	4.902254e-29	9.345000e+03	1.529400e+04
9	2107.339992	1.643256e-06	9.560044e-01	4.707175e-13	5.570200e+04	1.093800e+04
9	2826.388206	2.294699e-17	8.108000e-01	8.025872e-35	3.435200e+04	4.912300e+04
9	2017.089690	3.746741e-11	8.372000e-01	3.825121e-26	8.820000e+02	7.801000e+03
9	1408.947705	1.419732e-12	7.866000e-01	1.441070e-14	7.921000e+03	5.676700e+04
9	819.142905	1.386358e-09	8.109625e-01	6.796806e-14	4.020519e+04	2.978600e+04
9	519.447504	1.000000e-05	8.184082e-01	3.029781e-10	3.071099e+04	9.501514e+03
9	2140.606836	2.013734e-13	8.064000e-01	2.013734e-13	1.286600e+04	8.015000e+03
9	2017.256399	3.887182e-11	8.526000e-01	3.032962e-30	1.098000e+03	2.773800e+04
9	518.002769	1.000000e-05	8.185604e-01	4.571992e-10	4.360100e+04	8.500998e+03
9	1238.002781	8.607401e-10	9.142000e-01	1.368870e-13	3.439400e+04	1.443500e+04
9	1435.019537	1.675745e-10	9.340000e-01	9.187746e-15	3.779600e+04	2.055000e+04
9	4802.748183	3.004125e-06	8.482460e-01	4.251264e-10	5.719600e+04	3.629500e+04
9	3332.229058	6.999763e-17	9.230000e-01	9.309458e-20	2.358800e+04	4.748300e+04
9	4789.447136	8.389314e-10	9.116491e-01	8.389314e-10	3.470700e+04	4.171000e+04
9	2038.822973	4.626322e-12	8.042000e-01	2.710298e-26	5.371000e+03	9.164000e+03
9	5048.934389	6.025383e-13	8.701999e-01	6.025383e-13	5.458500e+04	5.703500e+04
9	737.114127	9.225004e-06	8.137727e-01	3.543400e-13	3.539600e+04	2.589973e+04
9	975.646896	7.937544e-12	9.318000e-01	1.582432e-30	1.851400e+04	2.036600e+04
9	4750.437127	3.566579e-09	8.257428e-01	3.566579e-09	3.274300e+04	4.866100e+04
9	1224.849885	1.093869e-12	9.318000e-01	2.444581e-30	2.333600e+04	1.677700e+04
9	9376.399575	2.318844e-06	8.746028e-01	6.277107e-11	3.666400e+04	1.366600e+04
9	2049.756381	4.037710e-12	8.790008e-01	6.343348e-34	7.183000e+03	4.178300e+04
9	2686.190658	5.503361e-13	9.912000e-01	3.126944e-20	4.695300e+04	4.904400e+04
9	2552.583225	4.678622e-16	8.086000e-01	4.678622e-16	2.728500e+04	1.597900e+04
9	1216.027523	6.562055e-11	9.318000e-01	1.947655e-12	4.026700e+04	7.812000e+03
9	1186.428484	1.689622e-07	8.548003e-01	8.877264e-15	2.263500e+04	2.242200e+04
9	2208.378017	5.359147e-15	9.340000e-01	7.432031e-36	2.535100e+04	4.663400e+04
9	762.319257	4.821874e-06	8.132536e-01	9.928813e-09	5.704322e+04	3.917366e+02
9	824.933820	1.661892e-10	8.109405e-01	6.128985e-14	4.550704e+04	3.004299e+04
9	3183.844154	3.098157e-16	9.032000e-01	3.411135e-19	1.529600e+04	4.494100e+04
9	87763.115335	8.275425e-08	9.560001e-01	8.293563e-16	4.818700e+04	4.084700e+04
9	575.555492	1.000000e-05	8.168011e-01	1.453545e-11	3.040809e+04	1.688689e+04
9	4771.500261	1.509716e-09	9.250878e-01	1.509716e-09	3.307200e+04	3.876900e+04
9	2015.120527	1.010492e-10	9.010000e-01	1.296699e-27	2.800000e+01	1.449800e+04
9	2082.824219	1.169207e-12	8.746000e-01	2.680984e-33	1.005500e+04	3.750200e+04
9	2488.413413	8.300000e-16	9.692000e-01	1.674312e-21	3.149100e+04	5.208300e+04
9	3041.504900	5.191734e-16	9.516000e-01	2.485123e-18	1.281400e+04	3.951700e+04
9	2639.464626	5.041155e-13	9.758000e-01	6.943202e-20	4.979500e+04	4.739700e+04
9	2197.134412	6.209280e-14	8.900000e-01	1.402278e-30	1.751500e+04	2.522200e+04
9	2118.193838	3.562008e-13	8.064000e-01	6.476435e-29	1.156200e+04	2.009200e+04
9	1372.323463	2.655080e-12	8.482000e-01	4.134815e-13	7.468000e+03	5.398600e+04
9	2265.801444	1.469106e-14	8.944000e-01	3.983391e-34	2.110100e+04	4.294300e+04
9	2028.129104	1.461165e-11	8.966000e-01	1.337987e-30	4.575000e+03	2.671900e+04
9	531.093687	1.000000e-05	8.189321e-01	2.640768e-09	4.756101e+04	4.232218e+03
9	870.734189	1.965400e-10	8.103079e-01	2.593054e-14	4.462512e+04	3.208658e+04
9	886.894908	3.015389e-10	8.019999e-01	6.013082e-11	4.063300e+04	1.212400e+04
9	2316.954221	2.030361e-16	8.086000e-01	2.030361e-16	2.433100e+04	3.433400e+04
9	1175.218230	8.207119e-10	9.406000e-01	4.192499e-13	3.351900e+04	1.137400e+04
9	444.239641	2.908232e-11	9.538000e-01	5.356626e-14	1.570700e+04	1.365400e+04
9	695.210398	2.889573e-09	9.978000e-01	2.951194e-14	1.205900e+04	1.706000e+04
9	2035.586824	4.847452e-12	8.174000e-01	4.847452e-12	5.057000e+03	4.142000e+03
9	-1.000000	-1.000000e+00	-1.000000e+00	-1.000000e+00	-1.000000e+00	-1.000000e+00
9	1335.333484	2.302646e-12	9.186000e-01	1.406163e-12	4.923600e+04	8.794000e+03
9	1668.288793	1.088251e-11	9.604000e-01	9.738864e-16	4.333600e+04	2.550100e+04
9	64213.464786	6.866150e-08	9.318002e-01	9.655025e-16	4.842600e+04	4.047700e+04
9	2778.724602	1.160947e-13	8.350000e-01	1.160947e-13	5.381000e+03	2.883600e+04
9	414.832646	2.557383e-13	7.976000e-01	5.394759e-14	1.137200e+04	3.181700e+04
9	2081.460974	1.217711e-12	8.724000e-01	8.784437e-31	9.903000e+03	2.366200e+04
9	5015.253577	5.721286e-06	9.647911e-01	1.803939e-12	5.439600e+04	5.232000e+04
9	2497.839559	5.073039e-16	8.812000e-01	8.203223e-21	2.869200e+04	1.163400e+04
9	1093.675589	3.958004e-10	9.714000e-01	8.040677e-12	3.343900e+04	3.913000e+03
9	2196.904668	7.596477e-14	8.438000e-01	1.103407e-35	1.591300e+04	5.246200e+04
9	1311.710523	4.175654e-12	7.910986e-01	8.263086e-13	5.058400e+04	1.972900e+04
9	2020.081888	2.356579e-11	8.482000e-01	1.579787e-25	2.221000e+03	5.687000e+03
9	-1.000000	-1.000000e+00	-1.000000e+00	-1.000000e+00	-1.000000e+00	-1.000000e+00
9	5034.910900	4.067702e-06	9.736008e-01	9.744666e-13	5.809700e+04	5.398100e+04
9	4714.284377	2.056605e-07	7.888039e-01	6.142505e-10	5.683900e+04	3.039500e+04
9	2644.000100	3.377327e-18	8.328000e-01	3.377327e-18	2.312700e+04	4.233700e+04
9	2634.078271	1.860053e-16	7.910000e-01	2.733504e-32	2.916000e+04	3.958900e+04
9	1838.147361	2.926494e-15	9.978000e-01	2.926494e-15	5.794700e+04	2.242000e+04
9	2159.784890	1.390374e-14	9.670000e-01	2.384623e-34	2.618300e+04	4.114900e+04
9	4895.245193	2.535456e-15	8.372000e-01	2.535456e-15	8.772000e+03	3.807500e+04
9	53552.403862	1.183805e-08	9.010000e-01	2.031976e-17	5.894300e+04	4.969400e+04
9	2909.386080	2.260375e-19	8.416000e-01	2.260375e-19	2.290200e+04	4.815500e+04
9	2018.621364	3.274878e-11	8.680000e-01	9.869652e-25	1.853000e+03	2.000000e+03
9	1087.297790	5.155781e-09	9.494000e-01	6.462548e-13	2.847500e+04	1.022500e+04
9	1133.026391	1.894548e-09	9.714000e-01	2.693772e-13	2.949600e+04	1.207000e+04
9	97560.781138	1.874469e-08	9.384000e-01	1.205134e-17	5.600200e+04	5.094400e+04
9	2036.214141	6.302638e-12	8.350000e-01	7.916384e-28	5.154000e+03	8.068000e+03
9	1901.535446	7.666929e-11	9.560000e-01	3.254900e-17	3.866700e+04	3.348200e+04
9	4959.247862	1.048897e-11	8.372001e-01	1.048897e-11	4.746700e+04	5.167900e+04
9	1022.519340	5.128945e-12	9.318000e-01	1.926006e-28	1.957700e+04	9.044000e+03
9	2403.194559	2.862097e-15	7.800000e-01	2.847848e-15	2.259600e+04	2.274800e+04
9	4795.463432	5.967991e-10	9.119222e-01	5.967991e-10	3.540100e+04	4.451400e+04
9	709.005974	1.253919e-13	9.472000e-01	5.710798e-16	2.871900e+04	2.338200e+04
9	2791.025553	5.129098e-20	8.152000e-01	5.129098e-20	2.385900e+04	5.358300e+04
9	1241.961218	1.373286e-11	8.108000e-01	6.028451e-12	2.822000e+03	4.528200e+04
9	617.641248	1.000000e-05	8.159454e-01	4.424197e-12	5.175008e+04	1.977691e+04
9	5962.982732	7.152854e-07	8.592009e-01	1.234234e-11	4.253100e+04	1.758400e+04
9	2973.287391	2.995066e-16	9.670000e-01	5.159915e-18	1.705000e+04	3.763800e+04
9	2326.481657	8.845483e-15	8.218000e-01	6.478502e-36	2.060300e+04	5.433800e+04
9	1410.584107	3.820979e-12	8.108000e-01	2.867107e-14	5.916000e+03	5.887400e+04
9	1657.580769	5.456633e-10	9.208000e-01	2.892439e-16	3.530400e+04	2.888700e+04
9	3586.156807	2.200000e-16	9.934000e-01	1.208263e-20	2.052600e+04	5.119900e+04
9	2060.105929	6.023074e-13	9.428000e-01	6.349001e-36	1.459800e+04	5.065700e+04
9	2087.066831	9.358365e-13	8.416000e-01	3.129577e-29	9.868000e+03	2.013100e+04
9	1376.431232	1.908607e-11	8.504000e-01	1.100563e-13	2.752000e+03	5.743500e+04
9	1076.518394	5.282195e-10	7.941228e-01	3.721282e-14	3.839897e+04	2.791703e+04
9	1982.723952	4.863844e-12	9.868000e-01	3.729064e-19	1.706800e+04	4.195000e+04
9	1237.961163	6.485063e-10	9.780000e-01	5.445941e-13	4.660000e+03	5.591600e+04
9	2265.687174	2.269516e-14	8.438000e-01	9.146938e-37	1.878500e+04	5.718000e+04
9	-1.000000	-1.000000e+00	-1.000000e+00	-1.000000e+00	-1.000000e+00	-1.000000e+00
9	3779.460644	9.100000e-16	9.538000e-01	1.020967e-21	1.884500e+04	5.723100e+04
9	2522.444559	5.103758e-16	8.636000e-01	1.170975e-30	2.819700e+04	2.638900e+04
9	808.192707	7.627508e-08	8.109715e-01	8.278522e-14	3.018807e+04	2.929302e+04
9	2197.582626	3.141755e-14	9.142000e-01	5.464736e-35	2.003200e+04	4.677400e+04
9	114058.207628	1.000000e-05	9.603997e-01	4.593204e-17	5.369800e+04	4.776700e+04
9	1096.721528	8.240006e-10	9.956000e-01	2.174774e-13	2.679600e+04	1.234500e+04
9	2218.520896	4.940524e-14	8.658000e-01	1.526316e-34	1.741400e+04	4.238500e+04
9	1331.457486	4.429026e-10	9.164000e-01	3.405329e-14	3.599300e+04	1.771100e+04
9	2451.887513	9.703972e-15	9.978000e-01	5.628179e-19	5.344800e+04	4.238800e+04
9	99814.197839	2.674564e-08	9.670000e-01	7.254386e-16	5.296900e+04	4.117000e+04
9	530.793339	2.590485e-09	9.425555e-01	2.590485e-09	4.279005e+03	5.997127e+04
9	4566.539711	5.282685e-07	7.800000e-01	9.098940e-09	2.094780e+04	3.396206e+04
9	520.974102	1.343382e-06	8.183155e-01	2.305415e-10	5.659683e+04	1.016710e+04
9	4977.830363	7.954659e-07	7.865993e-01	2.537157e-13	4.661400e+04	4.934800e+04
9	1067.506246	3.333164e-08	9.516000e-01	1.856697e-13	2.368100e+04	1.317800e+04
9	601.547840	4.080198e-13	8.108000e-01	1.404859e-13	8.437000e+03	2.858300e+04
9	855.344999	9.999983e-06	8.086936e-01	1.000000e-08	4.928600e+04	3.440000e+02
9	4803.132259	5.193186e-10	9.075309e-01	5.193186e-10	3.590200e+04	4.450600e+04
9	4935.266463	9.999996e-06	8.262111e-01	6.569500e-12	5.167900e+04	4.591600e+04
9	4606.496011	1.931798e-07	7.800000e-01	9.453735e-09	2.345910e+04	3.088426e+04
9	1531.174248	9.741759e-12	7.888000e-01	9.741759e-12	2.872000e+03	1.723700e+04
9	3786.705655	4.824269e-13	9.120000e-01	6.840861e-28	2.540500e+04	7.950000e+03
9	2071.547109	1.664563e-12	8.658000e-01	1.347383e-31	8.995000e+03	3.017700e+04
9	4397.534676	2.663098e-14	8.394000e-01	2.663098e-14	1.186900e+04	3.242900e+04
9	2167.022818	1.295649e-13	8.812000e-01	5.775944e-32	1.550200e+04	3.407700e+04
9	2708.768235	8.823971e-18	8.504000e-01	8.823971e-18	1.964300e+04	3.909200e+04
9	2018.242777	3.813151e-11	9.274000e-01	1.921368e-30	3.494000e+03	2.384000e+04
9	2070.699562	3.643503e-13	9.714000e-01	1.111367e-33	1.908800e+04	3.269200e+04
9	547.869151	7.672006e-06	8.189751e-01	6.027319e-09	5.896501e+04	2.223013e+03
9	54121.239612	3.338046e-15	8.328000e-01	6.688446e-21	3.749600e+04	5.154600e+04
9	2398.727357	8.974018e-12	9.802000e-01	3.077889e-19	4.198600e+04	4.394500e+04
9	2525.131348	6.517352e-16	7.998000e-01	4.008373e-31	2.636900e+04	3.470400e+04
9	207201.275251	4.104837e-17	7.822000e-01	4.061500e-17	4.766900e+04	5.544700e+04
9	29284.856880	4.633179e-07	8.988006e-01	2.153039e-14	4.286400e+04	3.299500e+04
9	2481.788558	1.097971e-15	8.130000e-01	1.097971e-15	2.536100e+04	1.313200e+04
9	2087.263055	9.700000e-16	9.406000e-01	6.187085e-23	3.990000e+04	5.932200e+04
9	3162.952200	5.499427e-16	9.648000e-01	7.410260e-19	1.829900e+04	4.212200e+04
9	802.919640	1.236384e-08	8.112651e-01	9.247865e-14	3.493501e+04	2.904302e+04
9	4821.943372	9.999940e-06	9.057945e-01	4.329068e-10	5.120800e+04	3.762600e+04
9	51058.082850	2.166678e-08	9.384000e-01	7.698824e-14	5.552900e+04	2.993700e+04
9	1637.600788	1.380693e-10	7.954002e-01	1.380693e-10	5.075000e+04	9.020000e+03
9	752.876415	1.000000e-05	7.988318e-01	5.236636e-11	1.369291e+04	1.180007e+04
9	2293.398375	1.070898e-14	8.856000e-01	5.754665e-36	2.158000e+04	5.270000e+04
9	1682.984573	2.783382e-10	8.636000e-01	1.458320e-16	3.853800e+04	3.187400e+04
9	561.214049	1.000000e-05	8.184693e-01	7.572591e-09	2.176398e+04	1.635013e+03
