3	272.209578	1.221857e-12	9.450000e-01	1.587402e-31	2.264400e+04	2.684200e+04
3	187.671670	2.455511e-07	8.127289e-01	2.225596e-09	5.198087e+04	4.523966e+03
3	1049.774386	9.483815e-06	8.837969e-01	2.648466e-10	5.165300e+04	3.873600e+04
3	51693.577889	1.821406e-16	8.086000e-01	4.195023e-18	4.375500e+04	5.201400e+04
3	652.153359	1.104713e-10	9.582000e-01	2.533799e-29	2.950000e+03	1.848500e+04
3	1112.518940	6.713902e-06	9.582048e-01	1.435274e-12	5.601300e+04	5.310700e+04
3	673.770176	6.805992e-13	9.076000e-01	1.336033e-30	1.191200e+04	2.520300e+04
3	5931.068388	4.532877e-08	8.658005e-01	1.992009e-15	4.848700e+04	3.802000e+04
3	32201.694554	5.743829e-19	9.142000e-01	4.111972e-19	4.559600e+04	5.776600e+04
3	61203.265138	5.906203e-17	8.548000e-01	9.927464e-20	4.686700e+04	5.904200e+04
3	408.467104	3.791693e-11	8.746000e-01	1.190120e-11	1.250000e+03	4.649300e+04
3	830.638088	5.999964e-16	9.428000e-01	8.382046e-19	2.684200e+04	4.053900e+04
3	221.521563	2.232825e-14	7.954000e-01	4.090390e-18	1.606800e+04	5.347100e+04
3	181.913659	1.000000e-05	8.124780e-01	6.955339e-10	5.021910e+04	7.331113e+03
3	744.319519	2.642951e-18	8.020000e-01	2.642951e-18	1.545000e+04	4.590600e+04
3	406.389538	2.571037e-10	9.076000e-01	8.299275e-14	3.793900e+04	1.532500e+04
3	327.158412	2.158183e-08	9.670000e-01	4.241967e-13	2.411000e+04	1.063500e+04
3	354.008644	3.973549e-10	9.340000e-01	6.131363e-29	8.741000e+03	9.664000e+03
3	-1.000000	-1.000000e+00	-1.000000e+00	-1.000000e+00	-1.000000e+00	-1.000000e+00
3	222.280392	7.143985e-06	8.069438e-01	5.583267e-14	4.785301e+04	3.002098e+04
3	717.417856	8.884112e-15	8.592000e-01	4.337598e-32	2.091500e+04	3.353800e+04
3	672.571883	5.600068e-07	9.428015e-01	6.215551e-13	5.378300e+04	1.006500e+04
3	184.575108	8.325137e-06	8.104502e-01	7.885521e-12	5.254303e+04	1.812798e+04
3	12526.439021	3.800000e-16	9.076000e-01	4.175296e-38	3.795100e+04	5.935100e+04
3	655.588088	3.765378e-11	8.944000e-01	1.058949e-26	1.838000e+03	8.802000e+03
3	300.059012	3.344013e-16	9.582318e-01	3.181088e-18	4.236600e+04	3.438600e+04
3	678.603741	8.577356e-13	9.736000e-01	6.326731e-20	4.895700e+04	4.710300e+04
3	996.608385	3.566501e-08	7.800000e-01	9.716056e-09	2.800869e+04	3.532977e+04
3	1192.441152	9.400000e-16	9.648000e-01	0.000000e+00	2.509700e+04	5.057900e+04
3	206.750586	3.040725e-15	9.714000e-01	5.943771e-20	3.748300e+04	4.583800e+04
3	475.886077	7.650474e-11	8.900000e-01	9.225362e-16	4.147200e+04	2.628800e+04
3	188.823983	3.049027e-09	9.956000e-01	2.514885e-12	9.601000e+03	6.064000e+03
3	437.196230	1.179675e-11	8.394000e-01	4.852531e-13	3.329000e+03	5.353600e+04
3	22384.932986	5.600000e-16	8.724000e-01	1.384612e-36	3.858600e+04	5.735100e+04
3	345.327699	4.409424e-09	9.560000e-01	7.724698e-13	2.881900e+04	9.329000e+03
3	743.166124	9.119650e-16	8.922000e-01	2.285465e-34	2.715600e+04	4.283400e+04
3	7174.210409	1.218767e-06	8.878015e-01	3.746536e-13	3.889700e+04	2.552100e+04
3	422.630152	1.188912e-12	9.868000e-01	6.338932e-13	4.639400e+04	9.495000e+03
3	228.728709	6.605778e-10	8.026035e-01	2.771997e-15	4.024100e+04	3.693100e+04
3	687.041216	1.100267e-07	8.900003e-01	1.360236e-13	5.539800e+04	1.453600e+04
3	668.310252	1.150905e-12	9.318000e-01	7.072147e-31	1.171600e+04	2.368800e+04
3	655.485392	1.727547e-11	8.570000e-01	1.727547e-11	1.666000e+03	1.192000e+03
3	188.013860	1.061641e-07	8.093830e-01	3.590070e-12	3.186199e+04	1.997102e+04
3	172.719471	1.254645e-10	9.714000e-01	3.385586e-12	1.268700e+04	4.534000e+03
3	798.522517	5.428629e-07	8.306006e-01	5.536898e-13	4.343400e+04	2.456500e+04
3	944.176776	1.900000e-16	9.912000e-01	2.111829e-22	3.404500e+04	5.914700e+04
3	195.315168	1.000000e-05	8.127698e-01	6.085183e-09	2.652299e+04	2.090008e+03
3	727.552877	3.223269e-14	9.406000e-01	3.313537e-20	5.944700e+04	4.899200e+04
3	217.061832	5.831362e-09	8.041160e-01	2.000182e-14	3.526295e+04	3.224008e+04
3	178.723328	2.439063e-10	9.516000e-01	1.058347e-14	9.901000e+03	1.141700e+04
3	263.591865	3.509831e-14	8.086000e-01	6.046963e-15	9.401000e+03	3.539900e+04
3	223.562123	1.024055e-08	8.030179e-01	6.533499e-15	3.352496e+04	3.486584e+04
3	667.237136	1.293800e-12	8.504000e-01	1.293800e-12	8.663000e+03	4.155000e+03
3	781.981774	1.610171e-15	8.218000e-01	1.610171e-15	3.456000e+03	3.851800e+04
3	731.217146	7.307206e-16	8.372000e-01	7.307206e-16	1.053800e+04	2.874200e+04
3	410.129023	2.497958e-11	8.394000e-01	6.822136e-12	1.515000e+03	4.682800e+04
3	299.546106	1.380084e-10	9.602253e-01	1.380084e-10	1.098300e+04	4.218200e+04
3	876.214001	9.300000e-16	9.846000e-01	1.963284e-21	2.969300e+04	5.387000e+04
3	329.063048	1.113450e-07	9.736002e-01	3.267228e-14	1.946100e+04	1.665100e+04
3	272.233266	9.394411e-09	9.823990e-01	3.896491e-16	3.490000e+03	2.660000e+04
3	182.109964	1.000000e-05	8.124919e-01	7.325489e-10	4.948900e+04	7.206001e+03
3	775.614051	1.275129e-17	8.350000e-01	1.275129e-17	1.629300e+04	3.849200e+04
3	413.617946	3.877830e-12	9.626000e-01	2.820309e-12	4.610700e+04	6.166000e+03
3	677.055313	3.588568e-13	8.966000e-01	3.588568e-13	1.281100e+04	6.346000e+03
3	988.857197	5.038301e-06	8.058375e-01	9.534963e-09	5.188304e+04	2.649401e+04
3	638.535135	1.988792e-15	9.846000e-01	1.988792e-15	3.941300e+04	7.383000e+03
3	844.723844	4.351827e-06	7.804845e-01	8.518683e-14	5.996599e+04	3.949501e+04
3	784.168984	9.435562e-17	8.658000e-01	5.657587e-34	3.174200e+04	4.143200e+04
3	660.351331	5.202685e-12	9.010000e-01	5.202685e-12	6.238000e+03	1.515000e+03
3	719.018670	7.043930e-15	8.812000e-01	2.463056e-35	2.199800e+04	4.885700e+04
3	659.989886	2.523713e-12	9.538001e-01	7.945801e-33	1.155300e+04	3.426300e+04
3	677.066931	4.459149e-13	8.768000e-01	1.277592e-26	1.202300e+04	1.100900e+04
3	721.497851	2.230677e-15	9.164000e-01	2.230677e-15	2.594200e+04	4.580000e+03
3	669.301115	1.404936e-12	8.922000e-01	1.405667e-29	9.686000e+03	2.164500e+04
3	410.853260	6.165563e-11	8.900000e-01	1.012770e-11	4.720000e+02	4.724000e+04
3	703.400759	1.852965e-06	9.076038e-01	2.795555e-14	5.308800e+04	1.795600e+04
3	533.864884	2.879536e-09	7.931994e-01	2.879536e-09	4.438600e+04	1.860000e+03
3	748.593397	1.007561e-15	8.306000e-01	6.481074e-37	2.545900e+04	5.514700e+04
3	715.738127	8.393218e-15	8.900000e-01	2.131016e-35	2.183200e+04	4.964500e+04
3	979.805435	5.531008e-06	7.929598e-01	9.853883e-09	5.770961e+04	2.473201e+04
3	378.768890	7.826695e-17	8.086000e-01	7.826695e-17	1.459900e+04	4.568500e+04
3	863.422946	7.500064e-16	8.218000e-01	2.861814e-21	1.626100e+04	5.895900e+04
3	676.148316	4.865708e-13	9.054000e-01	1.753832e-30	1.264000e+04	2.549600e+04
3	734.970318	2.193038e-15	8.746000e-01	6.259115e-30	2.458100e+04	2.540200e+04
3	203.812786	3.842216e-08	9.956000e-01	1.546973e-12	3.528000e+03	7.230000e+03
3	185.223064	1.000000e-05	8.126391e-01	1.437206e-09	3.100197e+04	5.578795e+03
3	757.947547	3.676596e-16	8.856000e-01	1.721838e-29	2.909500e+04	2.314700e+04
3	660.383859	7.944687e-12	9.340000e-01	2.184603e-29	7.178000e+03	1.468300e+04
3	941.994249	2.716795e-06	7.800000e-01	9.329803e-09	1.724302e+04	3.212304e+04
3	350.097017	4.694771e-09	9.296000e-01	8.989306e-13	2.990800e+04	9.302000e+03
3	178.945377	9.672066e-06	8.114930e-01	5.265202e-11	5.927801e+04	1.355498e+04
3	191.520353	8.424808e-09	8.085928e-01	1.703851e-12	3.691098e+04	2.173506e+04
3	184.931663	1.000000e-05	8.126248e-01	1.355959e-09	3.050100e+04	5.719061e+03
3	23812.727665	7.726315e-09	9.648000e-01	2.144575e-13	5.880100e+04	2.686200e+04
3	32608.837281	1.487389e-07	9.538000e-01	1.582621e-16	5.096900e+04	4.402200e+04
3	656.898550	2.504153e-11	9.076000e-01	5.721075e-29	3.240000e+03	1.851900e+04
3	431.899708	7.834044e-13	7.953459e-01	7.736902e-13	9.097000e+03	4.904400e+04
3	189.696410	3.765535e-09	9.560000e-01	5.688972e-12	3.526000e+03	6.430000e+02
3	193.403492	2.928243e-14	9.604000e-01	1.365567e-18	3.179500e+04	3.738400e+04
3	16652.578005	1.378422e-08	9.516000e-01	1.000000e-08	5.983100e+04	3.790000e+02
3	368.227570	1.000000e-05	7.976631e-01	1.221358e-12	4.662800e+04	2.232900e+04
3	251.483513	4.366557e-12	8.022973e-01	1.083818e-16	5.263294e+04	4.469996e+04
3	181.355177	4.601850e-11	8.109064e-01	1.812994e-11	5.800500e+04	1.612100e+04
3	871.584418	4.600000e-16	9.076000e-01	6.841520e-22	2.692300e+04	5.633600e+04
3	944.567204	2.200991e-06	7.800000e-01	8.811440e-09	1.776328e+04	3.658097e+04
3	448.931247	2.082353e-12	8.988000e-01	2.099833e-13	5.037400e+04	1.328500e+04
3	1042.833003	6.986311e-06	9.056682e-01	5.567291e-10	5.475300e+04	3.728500e+04
3	700.920018	3.117921e-14	8.636000e-01	3.117921e-14	1.791500e+04	1.126500e+04
3	927.628665	1.991693e-06	9.427019e-01	1.000000e-08	1.422900e+04	4.537900e+04
3	687.117978	1.267158e-13	8.416000e-01	2.225377e-33	1.426100e+04	4.100300e+04
3	1095.243249	1.000000e-05	9.054072e-01	5.665331e-12	5.044700e+04	4.887300e+04
3	207.816059	1.234601e-13	7.844000e-01	5.600968e-14	1.323400e+04	3.412800e+04
3	183.022957	6.763733e-11	9.498080e-01	1.569725e-11	1.296200e+04	5.923100e+04
3	671.099213	9.498465e-13	8.614000e-01	4.522872e-28	9.860000e+03	1.420400e+04
3	734.072906	2.587833e-15	8.570000e-01	1.174905e-33	2.377400e+04	4.021700e+04
3	396.266783	1.017408e-10	9.626000e-01	2.033163e-13	3.785000e+04	1.244500e+04
3	192.558165	1.000000e-05	8.128171e-01	4.503998e-09	4.473730e+04	2.821959e+03
3	178.624952	1.453445e-10	9.520037e-01	1.453445e-10	1.110602e+04	5.669500e+04
3	1000.316578	3.565290e-06	8.306268e-01	7.382397e-09	5.819400e+04	2.873700e+04
3	413.801574	2.946952e-09	9.318000e-01	2.942415e-15	3.097600e+04	2.282900e+04
3	550.839111	7.298917e-11	9.164000e-01	8.863439e-18	4.080800e+04	3.658900e+04
3	184.732284	4.043760e-10	8.100957e-01	7.203939e-12	4.697879e+04	1.832000e+04
3	403.820951	1.990678e-16	9.538000e-01	7.731003e-28	4.347600e+04	7.016000e+03
3	666.423126	1.671575e-12	9.010000e-01	1.671575e-12	9.149000e+03	3.362000e+03
3	384.834998	2.195848e-11	7.932000e-01	1.772553e-11	1.048000e+03	4.075200e+04
3	682.844108	1.537424e-13	7.888000e-01	1.537424e-13	1.290000e+04	8.780000e+03
3	179.560459	1.000000e-05	8.122286e-01	3.087971e-10	4.171997e+04	9.290016e+03
3	670.528222	7.203732e-13	7.932000e-01	2.637536e-26	9.308000e+03	1.043700e+04
3	1001.951114	1.000000e-05	8.462615e-01	8.341039e-09	5.147600e+04	2.905800e+04
3	463.213756	4.526502e-11	8.856000e-01	3.580112e-15	4.291300e+04	2.319700e+04
3	955.701935	9.988488e-09	9.966168e-01	9.988488e-09	2.016397e+04	4.383800e+04
3	654.612993	8.000000e-17	9.780000e-01	5.173078e-37	4.022900e+04	5.729000e+04
3	258.918290	1.615893e-09	9.647998e-01	8.402503e-12	4.721000e+03	5.120400e+04
3	654.966008	5.715292e-11	9.054000e-01	1.523253e-30	1.173000e+03	2.491800e+04
3	11953.767264	9.900000e-16	9.010000e-01	0.000000e+00	3.416700e+04	4.978300e+04
3	383.105868	9.270669e-10	7.888001e-01	5.461860e-11	3.722300e+04	9.517000e+03
3	777.068570	8.386911e-17	8.922000e-01	5.881739e-21	3.278500e+04	3.476700e+04
3	832.965608	9.627663e-16	9.846000e-01	8.410907e-18	1.049100e+04	3.587400e+04
3	948.595973	1.265547e-06	8.163225e-01	1.000000e-08	1.857300e+04	5.833900e+04
3	334.951906	4.636329e-09	9.714000e-01	1.537869e-12	2.757800e+04	7.513000e+03
3	681.863355	2.158526e-13	8.438000e-01	2.158526e-13	1.301400e+04	3.197000e+03
3	183.993662	5.747914e-06	8.125994e-01	1.135647e-09	5.943601e+04	6.147992e+03
3	178.474342	1.000000e-05	8.117985e-01	1.023022e-10	4.432900e+04	1.195400e+04
3	664.875195	6.276699e-13	9.516000e-01	2.375060e-34	1.467600e+04	4.366900e+04
3	659.795815	4.887172e-12	8.438000e-01	4.887172e-12	5.185000e+03	2.402000e+03
3	191.785507	4.880985e-11	8.085815e-01	1.511271e-12	4.957407e+04	2.202991e+04
3	-1.000000	-1.000000e+00	-1.000000e+00	-1.000000e+00	-1.000000e+00	-1.000000e+00
3	871.503353	6.739629e-18	8.482000e-01	2.548108e-21	3.676200e+04	5.346700e+04
3	442.807759	3.797524e-12	8.504018e-01	3.836656e-13	4.998300e+04	1.311400e+04
3	228.301004	5.918546e-12	8.031955e-01	3.372349e-15	5.218998e+04	3.653011e+04
3	190.088492	4.374751e-06	8.103250e-01	1.087262e-11	1.995300e+04	1.720100e+04
3	17696.098639	1.300000e-16	8.482000e-01	1.887464e-36	4.420600e+04	5.785700e+04
3	720.665710	1.126391e-16	8.086000e-01	1.126391e-16	2.474400e+04	3.524000e+04
3	704.694203	2.066570e-14	8.966000e-01	1.291079e-32	1.989400e+04	3.211500e+04
3	657.307371	9.696968e-12	9.516000e-01	1.935221e-28	8.078000e+03	1.546100e+04
3	430.287510	3.066320e-10	9.318000e-01	5.866531e-15	3.665800e+04	2.121200e+04
3	525.052159	1.447843e-11	8.328000e-01	9.446792e-18	4.690700e+04	3.927700e+04
3	195.898541	6.087776e-09	9.509359e-01	6.087776e-09	2.085057e+03	4.293368e+04
3	20077.924036	1.261525e-07	9.296001e-01	3.241721e-15	4.806800e+04	3.686500e+04
3	372.558499	1.902097e-10	9.516000e-01	5.294849e-12	3.695900e+04	4.772000e+03
3	696.380738	4.698636e-14	8.966000e-01	7.466986e-37	1.793800e+04	5.683100e+04
3	779.443277	4.842997e-18	7.888000e-01	4.842997e-18	3.573000e+04	4.496200e+04
3	1096.552951	9.999995e-06	8.372024e-01	2.470114e-12	5.664500e+04	4.918600e+04
3	665.217098	2.136390e-12	8.394000e-01	5.381699e-31	7.477000e+03	2.551100e+04
3	24830.826662	2.674202e-08	9.890001e-01	1.151149e-11	5.058500e+04	1.731500e+04
3	355.031810	1.027739e-12	9.406000e-01	1.314382e-29	2.306700e+04	1.158400e+04
3	-1.000000	-1.000000e+00	-1.000000e+00	-1.000000e+00	-1.000000e+00	-1.000000e+00
3	976.368874	7.607227e-06	7.897995e-01	9.771324e-09	5.937419e+04	2.406656e+04
3	811.906047	6.200000e-16	9.802000e-01	5.226644e-22	3.194900e+04	5.578800e+04
3	489.317420	7.520756e-07	8.174009e-01	5.262239e-15	3.979300e+04	3.569400e+04
3	198.128785	2.067656e-06	8.128548e-01	8.743196e-09	5.871102e+04	1.220053e+03
3	718.088330	3.852266e-15	9.120000e-01	3.299747e-27	2.445100e+04	1.262800e+04
3	743.050905	9.756354e-17	8.262000e-01	9.756354e-17	2.412000e+04	3.404200e+04
3	501.382900	2.306734e-10	9.846000e-01	2.442044e-17	3.347600e+04	3.336700e+04
3	670.912327	3.639305e-07	9.780000e-01	6.850746e-13	4.914200e+04	9.439000e+03
3	1092.552839	3.181465e-12	9.493999e-01	3.181465e-12	4.751400e+04	5.717100e+04
3	701.017542	3.360500e-14	8.812000e-01	3.585783e-29	1.829300e+04	2.000900e+04
3	712.689108	1.082480e-14	8.900000e-01	1.082480e-14	2.122400e+04	5.001000e+03
3	767.250458	3.080293e-16	7.954000e-01	1.419503e-33	2.763500e+04	4.547900e+04
3	520.409391	4.359626e-11	8.152000e-01	5.789422e-16	5.824800e+04	4.094500e+04
3	408.961836	3.289093e-11	8.790000e-01	1.216294e-11	1.701000e+03	4.654000e+04
3	698.631841	3.918389e-14	8.922000e-01	4.002748e-31	1.823600e+04	3.021800e+04
3	667.548015	1.389145e-12	8.658000e-01	1.389145e-12	8.894000e+03	2.584000e+03
3	1107.494594	9.082503e-07	9.405892e-01	2.161815e-12	4.474300e+04	5.184900e+04
3	974.092146	9.322676e-06	7.872457e-01	8.624451e-09	4.996249e+04	2.363302e+04
3	976.422711	8.449373e-06	7.892296e-01	9.163447e-09	5.451103e+04	2.407893e+04
3	1046.777338	7.170142e-06	8.991010e-01	3.834501e-10	5.413000e+04	3.810700e+04
3	454.314354	4.394240e-12	9.054000e-01	4.958783e-14	4.828600e+04	1.659300e+04
3	178.645846	1.000000e-05	8.119525e-01	1.535906e-10	2.984098e+04	1.097302e+04
3	702.744763	9.280756e-15	9.252000e-01	9.827057e-31	2.295500e+04	2.611000e+04
3	725.643074	4.169729e-15	8.746000e-01	4.169729e-15	2.300800e+04	1.375700e+04
3	11147.746341	4.000000e-16	8.834000e-01	6.739987e-36	4.049000e+04	5.255900e+04
3	901.958918	6.699996e-16	9.648000e-01	7.027938e-20	2.514300e+04	4.666600e+04
3	997.300739	3.336489e-08	8.063996e-01	1.000000e-08	2.788400e+04	3.415000e+04
3	928.840467	6.799678e-16	9.142000e-01	4.524811e-20	1.520500e+04	4.875400e+04
3	198.299215	1.671124e-09	9.512566e-01	9.085008e-10	5.151003e+03	4.162900e+04
3	468.030810	4.086245e-13	8.922000e-01	1.442172e-13	5.469000e+04	1.431100e+04
3	1128.494619	2.336153e-06	8.460029e-01	1.171471e-13	5.876900e+04	5.727200e+04
3	189.266821	1.000000e-05	8.127619e-01	2.843339e-09	3.388305e+04	3.932354e+03
3	695.128586	8.236193e-18	7.976000e-01	8.236193e-18	2.149900e+04	4.519200e+04
3	26555.276572	3.698547e-15	8.218000e-01	8.354362e-20	3.652600e+04	5.102400e+04
3	31378.277921	5.681921e-09	9.560000e-01	4.440833e-16	5.933100e+04	4.158300e+04
3	587.000113	2.970484e-10	9.252000e-01	1.231343e-27	9.456000e+03	2.956000e+03
3	1356.070695	3.862656e-08	8.636126e-01	1.000000e-08	5.955600e+04	2.740700e+04
3	433.822575	2.667985e-12	8.350000e-01	1.195198e-12	6.820000e+03	5.106000e+04
3	358.441504	1.378619e-14	9.890000e-01	7.367341e-19	3.627600e+04	4.114600e+04
3	723.694310	1.412716e-16	9.428000e-01	9.880010e-36	3.401700e+04	4.945200e+04
3	781.375442	1.332790e-16	8.416000e-01	5.098174e-33	3.039300e+04	3.891200e+04
3	527.287850	1.901286e-10	8.350000e-01	1.257722e-18	4.035400e+04	4.388100e+04
3	637.091102	6.959420e-10	7.888001e-01	6.959420e-10	4.622400e+04	3.460000e+03
3	1084.702236	5.512895e-06	8.570042e-01	9.725196e-12	5.882700e+04	4.640700e+04
3	233.949164	3.904065e-15	7.954000e-01	5.924666e-19	2.006600e+04	5.793500e+04
3	325.769418	6.945536e-09	9.538000e-01	3.271957e-11	2.781500e+04	3.480000e+02
3	762.876591	7.355437e-20	8.020000e-01	7.355437e-20	2.619800e+04	5.525500e+04
3	184.434966	1.196912e-09	9.511089e-01	1.196912e-09	6.019015e+03	5.037200e+04
3	185.549902	1.039561e-08	8.099500e-01	6.068938e-12	3.878500e+04	1.872900e+04
3	183.148835	1.000000e-05	8.125562e-01	9.436281e-10	5.472600e+04	6.595001e+03
3	192.494170	1.000000e-05	8.128164e-01	4.466752e-09	5.077900e+04	2.842013e+03
3	184.713536	1.000000e-05	8.126303e-01	1.313791e-09	3.705004e+04	5.796246e+03
3	417.902481	8.940763e-16	8.130000e-01	8.940763e-16	9.451000e+03	3.991300e+04
3	178.702755	9.774935e-06	8.120199e-01	1.748457e-10	5.559327e+04	1.066175e+04
3	675.628436	3.693812e-13	7.954000e-01	3.693812e-13	1.093200e+04	6.440000e+02
3	682.325812	1.980938e-13	8.262000e-01	3.189261e-28	1.291800e+04	1.609900e+04
3	267.710543	3.688807e-09	9.889981e-01	9.097768e-16	6.909000e+03	2.477400e+04
3	778.320038	1.697278e-16	8.900000e-01	9.118132e-21	3.089100e+04	4.650000e+04
3	-1.000000	-1.000000e+00	-1.000000e+00	-1.000000e+00	-1.000000e+00	-1.000000e+00
3	627.699391	6.176582e-13	8.240000e-01	6.176582e-13	6.412000e+03	2.436500e+04
3	18603.158016	2.658833e-07	9.296003e-01	1.079275e-14	4.469100e+04	3.400100e+04
3	705.287514	2.113561e-14	8.680000e-01	2.113561e-14	1.892800e+04	1.221100e+04
3	192.286665	1.182091e-14	9.626000e-01	3.515847e-19	3.399600e+04	4.084400e+04
3	685.737912	1.228549e-13	8.086000e-01	1.228549e-13	1.373600e+04	6.604000e+03
3	509.908345	6.456813e-13	9.736000e-01	8.890150e-16	4.971400e+04	2.514600e+04
3	194.166809	1.240251e-11	9.890000e-01	1.583694e-13	2.044500e+04	1.260700e+04
3	659.332508	6.163409e-12	8.152000e-01	5.870922e-25	4.508000e+03	6.659000e+03
3	404.427333	3.413527e-11	9.494000e-01	5.323660e-13	4.140300e+04	1.030500e+04
3	525.989189	6.365051e-16	9.472000e-01	3.612241e-27	4.072100e+04	3.224000e+03
3	686.523795	1.373112e-13	8.966000e-01	1.990889e-33	1.538000e+04	4.178900e+04
3	29498.514375	5.232364e-16	8.372000e-01	4.021237e-20	4.161500e+04	5.459200e+04
3	832.098525	1.000000e-05	7.822128e-01	3.377806e-13	5.949400e+04	3.164600e+04
3	453.222631	2.370730e-11	8.460000e-01	7.212963e-14	1.775000e+03	5.863900e+04
3	661.309124	6.822301e-12	9.032000e-01	3.752500e-26	6.226000e+03	5.559000e+03
3	715.687517	9.892630e-15	8.702000e-01	1.602119e-33	2.091400e+04	4.146200e+04
3	756.359036	3.269530e-16	8.944000e-01	3.401281e-33	2.965200e+04	3.773200e+04
3	358.604893	1.307428e-10	9.956000e-01	6.052840e-13	3.173500e+04	9.514000e+03
3	688.620577	9.335874e-14	8.042000e-01	2.786772e-17	1.434200e+04	1.315700e+04
3	1066.007226	3.418026e-06	9.758106e-01	1.139053e-10	5.868000e+04	4.221600e+04
3	14592.491893	2.259048e-07	9.010003e-01	4.534352e-16	4.499900e+04	4.153300e+04
3	186.184674	1.255022e-06	8.102421e-01	5.629801e-12	5.942201e+04	1.893898e+04
3	408.663288	5.545987e-10	9.670000e-01	8.936126e-15	3.325300e+04	1.979000e+04
3	197.683880	2.703538e-14	8.042000e-01	2.158221e-14	1.433700e+04	3.264600e+04
3	306.079363	9.203085e-14	9.824000e-01	4.194517e-19	3.062100e+04	4.223500e+04
3	783.407371	4.564025e-17	8.570000e-01	4.564025e-17	1.945800e+04	3.436700e+04
3	675.003639	5.731804e-13	8.702000e-01	5.260234e-33	1.126500e+04	3.579200e+04
3	814.079980	2.205374e-17	7.822000e-01	2.171706e-17	3.348300e+04	3.532300e+04
3	672.956421	5.212217e-13	8.240000e-01	5.212217e-13	1.039900e+04	6.826000e+03
3	218.521603	1.421120e-08	8.037787e-01	1.558354e-14	3.293898e+04	3.281499e+04
3	217.169913	3.767128e-09	9.554739e-01	2.783215e-09	3.044070e+03	3.711496e+04
3	541.138120	4.609008e-11	9.164000e-01	2.031513e-17	4.197100e+04	3.467300e+04
3	389.348307	9.412406e-09	8.152000e-01	8.735667e-15	5.684400e+04	3.448200e+04
3	421.783391	9.282616e-10	8.944000e-01	6.668285e-15	3.507600e+04	2.153500e+04
3	176.799548	1.904224e-10	9.648000e-01	3.737933e-14	1.116700e+04	1.458300e+04
3	479.436957	7.608447e-14	8.196000e-01	7.608447e-14	9.671000e+03	2.935800e+04
3	219.927457	9.047200e-06	8.071268e-01	7.084897e-14	4.293598e+04	2.945001e+04
3	1049.925013	3.699754e-10	8.482022e-01	3.699754e-10	3.847400e+04	4.420300e+04
3	1023.737840	3.700000e-16	9.912000e-01	3.190549e-22	2.115600e+04	5.884000e+04
3	1062.000886	1.441303e-10	8.129995e-01	1.441303e-10	4.134000e+04	5.749100e+04
3	408.867604	2.440396e-12	9.978000e-01	7.200228e-14	3.988800e+04	1.456600e+04
3	790.972009	1.409682e-13	8.284000e-01	1.409682e-13	2.023000e+03	2.784500e+04
3	297.570825	3.737319e-08	9.977468e-01	3.284298e-16	5.251000e+03	2.718788e+04
3	667.570048	1.356017e-12	8.284000e-01	1.385659e-27	8.366000e+03	9.396000e+03
3	437.519493	1.464487e-09	9.010000e-01	1.322387e-15	3.374600e+04	2.521100e+04
3	335.476918	5.681715e-09	9.978047e-01	2.300172e-17	9.830000e+03	3.334000e+04
3	21872.060515	1.559420e-08	9.164000e-01	4.100208e-17	5.949600e+04	4.720300e+04
3	12062.067179	5.954320e-08	9.076001e-01	4.715322e-14	5.134600e+04	3.048100e+04
3	941.697884	2.300000e-16	9.846000e-01	1.873482e-20	2.747400e+04	4.964400e+04
3	178.498748	1.000000e-05	8.117453e-01	9.063272e-11	4.769201e+04	1.224597e+04
3	358.681521	3.965616e-09	9.274000e-01	3.762421e-13	3.041200e+04	1.141300e+04
3	475.979155	7.694655e-12	9.934000e-01	7.694655e-12	4.184300e+04	3.179000e+03
3	655.881263	4.282018e-11	9.230000e-01	5.165532e-28	2.547000e+03	1.551300e+04
3	191.770816	4.057696e-09	9.507993e-01	4.057696e-09	3.073904e+03	5.791034e+04
3	197.719301	1.387670e-09	9.534706e-01	1.387670e-09	5.538029e+03	4.012315e+04
3	178.491461	1.000000e-05	8.118781e-01	1.232955e-10	4.156401e+04	1.150400e+04
3	172.617097	8.751319e-11	9.560000e-01	3.259696e-15	1.255100e+04	1.829200e+04
3	680.589131	1.382830e-13	9.296000e-01	7.845163e-31	1.670000e+04	2.496300e+04
3	655.360244	4.662169e-11	9.054000e-01	1.902412e-26	1.665000e+03	8.704000e+03
3	384.727019	8.489617e-11	9.164000e-01	1.707142e-11	4.046600e+04	2.436000e+03
3	661.350794	5.579019e-12	9.362000e-01	7.514110e-28	8.166000e+03	1.316200e+04
3	217.187032	2.692068e-12	8.042000e-01	1.032117e-14	2.860000e+03	3.437600e+04
3	760.191701	4.730510e-16	7.998000e-01	3.526188e-34	2.670400e+04	4.801200e+04
3	311.120479	5.873729e-16	9.736000e-01	5.873729e-16	4.124500e+04	2.034100e+04
3	178.803664	1.000000e-05	8.120556e-01	1.921587e-10	3.707600e+04	1.043401e+04
3	708.117095	2.278247e-15	9.340000e-01	1.803026e-35	2.681600e+04	5.038800e+04
3	657.351014	9.579012e-12	8.526000e-01	9.579012e-12	3.669000e+03	8.510000e+02
3	203.544386	1.000000e-08	9.515997e-01	1.000000e-08	8.510000e+02	3.809000e+04
3	657.022340	1.532832e-11	8.526000e-01	6.073612e-31	2.998000e+03	2.873700e+04
3	807.873224	1.000000e-05	7.844126e-01	3.173347e-10	3.269600e+04	1.384700e+04
3	856.441493	4.838949e-07	8.768006e-01	1.180323e-18	5.556900e+04	4.222100e+04
3	1007.531431	3.000017e-17	9.362000e-01	7.605460e-22	1.919900e+04	5.758700e+04
3	697.400807	4.854186e-14	8.592000e-01	3.457934e-31	1.689600e+04	2.415700e+04
3	185.856308	1.000000e-05	8.126746e-01	1.631882e-09	4.478601e+04	5.272988e+03
3	759.984037	4.846670e-16	8.416000e-01	4.982412e-34	2.738100e+04	2.852700e+04
3	1046.231789	5.502359e-06	8.790687e-01	3.413288e-10	5.747800e+04	3.799300e+04
3	156246.575360	7.300774e-08	8.877998e-01	1.000000e-08	5.029700e+04	2.211800e+04
3	787.852593	9.221026e-17	7.800000e-01	9.002393e-17	3.020600e+04	5.525200e+04
3	171.705983	2.538728e-11	9.780000e-01	2.184887e-12	1.710100e+04	5.986000e+03
3	450.994244	2.918871e-10	8.350000e-01	5.784433e-16	3.928500e+04	2.936300e+04
3	679.982793	4.290585e-14	8.108000e-01	4.290585e-14	1.204400e+04	2.049500e+04
3	7173.540507	1.381236e-06	8.768021e-01	8.306963e-15	3.725200e+04	3.462200e+04
3	1014.717423	3.400549e-06	8.526397e-01	3.310912e-09	5.962800e+04	3.158200e+04
3	341.991004	1.886330e-09	9.802000e-01	1.262999e-12	2.888300e+04	7.897000e+03
3	1096.451631	3.935291e-06	8.064031e-01	1.193359e-12	5.497900e+04	4.916500e+04
3	193.853587	5.277006e-09	9.507766e-01	5.277006e-09	2.439000e+03	5.051299e+04
3	186.522101	5.211895e-08	8.097378e-01	4.927911e-12	3.434750e+04	1.922283e+04
3	1068.671319	8.509395e-11	8.217699e-01	8.509395e-11	4.262000e+04	4.772300e+04
3	192.685816	3.055923e-10	8.083914e-01	1.298032e-12	4.486324e+04	2.238709e+04
3	369.505191	5.211241e-11	7.911095e-01	1.540236e-11	4.457800e+04	1.338800e+04
3	703.721308	2.510603e-14	8.174000e-01	1.318559e-28	1.766600e+04	1.879600e+04
3	666.585719	2.108095e-12	8.790000e-01	8.498637e-33	8.360000e+03	3.578400e+04
3	699.687378	3.570835e-14	8.196000e-01	1.767344e-29	1.687000e+04	2.216700e+04
3	644.021260	3.409658e-14	9.934000e-01	3.409658e-14	5.854800e+04	1.631700e+04
3	419.068777	8.157450e-09	9.758000e-01	3.768864e-16	2.572200e+04	2.710500e+04
3	676.735804	3.343244e-13	9.230000e-01	1.930087e-35	1.424200e+04	4.724300e+04
3	343.339936	6.785271e-08	9.318001e-01	4.807200e-14	2.315500e+04	1.623500e+04
3	680.833342	2.433913e-13	8.350000e-01	3.753438e-34	1.258500e+04	4.248600e+04
3	1051.256933	1.000000e-05	8.394603e-01	1.410716e-10	4.467700e+04	3.904900e+04
3	436.987521	2.554496e-10	9.120000e-01	5.288023e-15	3.781300e+04	2.176000e+04
3	719.274561	7.713830e-15	8.394000e-01	7.713830e-15	2.084300e+04	2.500000e+02
3	698.442411	3.307932e-14	9.054000e-01	4.375034e-35	1.906900e+04	4.925100e+04
3	670.143572	5.464427e-13	9.384000e-01	1.228776e-29	1.392300e+04	1.992700e+04
3	185.182418	1.040560e-09	9.514746e-01	1.040560e-09	6.340017e+03	4.542100e+04
3	190.110722	1.000000e-05	8.114135e-01	1.463646e-09	1.954700e+04	5.437999e+03
3	1250.308623	9.721526e-09	8.284000e-01	1.380025e-15	5.939500e+04	3.888700e+04
3	195.271314	2.791985e-06	8.128418e-01	6.309738e-09	5.441222e+04	2.007836e+03
3	190.048917	2.232058e-07	8.089016e-01	2.379624e-12	2.928413e+04	2.094022e+04
3	683.626215	2.014772e-13	8.834000e-01	4.766213e-30	1.408800e+04	2.242300e+04
3	665.618765	2.581986e-12	8.856000e-01	4.882391e-28	8.044000e+03	1.354000e+04
3	1103.619134	2.658217e-12	9.714000e-01	2.658217e-12	4.828000e+04	5.318600e+04
3	667.437886	1.511148e-12	8.438000e-01	8.177577e-27	8.390000e+03	1.067600e+04
3	1003.935802	8.380187e-06	8.784781e-01	9.934733e-09	2.291507e+04	2.956594e+04
3	182.139660	7.297256e-10	9.512424e-01	7.297256e-10	7.214769e+03	5.492000e+04
3	656.476177	6.347261e-12	9.604000e-01	2.508080e-30	1.008900e+04	2.392200e+04
3	180.373750	1.000000e-05	8.123393e-01	4.325668e-10	4.474996e+04	8.476982e+03
3	1068.656347	7.088184e-11	8.459998e-01	7.088184e-11	4.261200e+04	5.006200e+04
3	342.731569	8.405391e-09	8.944000e-01	2.879908e-12	2.956300e+04	7.095000e+03
3	657.352074	2.299897e-11	9.186000e-01	7.813350e-25	3.859000e+03	1.978000e+03
3	861.236949	6.598186e-16	9.076000e-01	1.224891e-18	1.960300e+04	4.127300e+04
3	748.887800	9.625578e-16	8.504000e-01	2.890416e-32	2.595500e+04	3.477300e+04
3	209.193689	2.801843e-09	9.956000e-01	1.435095e-13	9.801000e+03	1.290000e+04
3	205.770062	5.676900e-09	9.529407e-01	5.676900e-09	2.151018e+03	3.707600e+04
3	293.149102	2.011309e-08	7.932000e-01	1.509776e-12	2.973500e+04	1.972200e+04
3	191.985605	5.567138e-09	8.084996e-01	1.546596e-12	3.782806e+04	2.196509e+04
3	256.765244	9.168637e-09	9.889988e-01	3.044365e-15	4.730000e+03	2.195000e+04
3	374.192849	6.833529e-14	8.174000e-01	6.833529e-14	4.758000e+03	2.957200e+04
3	167.775477	5.556634e-12	9.736000e-01	1.951767e-12	2.026200e+04	5.941000e+03
3	469.648263	2.131112e-13	9.934000e-01	1.224590e-14	4.895200e+04	1.880100e+04
3	1111.521868	3.292532e-13	9.912000e-01	3.292532e-13	4.961500e+04	5.978300e+04
3	401.034429	1.818854e-09	9.890000e-01	2.050357e-15	2.746700e+04	2.302300e+04
3	664.040886	1.425708e-12	9.626000e-01	1.260777e-19	4.858400e+04	4.566500e+04
3	21391.733050	1.019762e-08	9.692000e-01	4.266844e-12	5.760400e+04	1.969600e+04
3	180.740560	1.000000e-05	8.110497e-01	2.227996e-11	5.293000e+04	1.562699e+04
3	1082.101505	6.399827e-08	8.944011e-01	1.000000e-08	5.853600e+04	2.885700e+04
3	206.548611	1.401672e-08	9.514962e-01	1.000000e-08	3.698500e+01	3.833698e+04
3	1124.415431	7.700091e-08	8.196000e-01	1.111765e-13	5.293100e+04	5.618500e+04
3	677.357865	4.166479e-13	8.658000e-01	9.007793e-33	1.192600e+04	3.407500e+04
3	8049.697908	2.662391e-08	8.834010e-01	1.506626e-14	4.842100e+04	3.320300e+04
3	194.381179	5.820114e-13	9.560000e-01	2.243675e-14	2.454700e+04	1.291000e+04
3	696.965565	4.821822e-14	8.372000e-01	9.406243e-36	1.647100e+04	4.486200e+04
3	721.151654	5.715844e-15	7.800000e-01	7.879164e-16	2.057700e+04	4.393700e+04
3	198.728038	9.424532e-09	8.071691e-01	4.465650e-13	3.545298e+04	2.490102e+04
3	178.873480	7.970212e-06	8.120797e-01	2.042599e-10	5.866600e+04	1.028680e+04
3	368.864523	4.115107e-09	7.888000e-01	2.570604e-13	3.348200e+04	2.257700e+04
3	316.409316	1.180894e-08	9.824001e-01	2.025881e-12	2.400800e+04	6.740000e+03
3	198.871428	1.000000e-05	8.128563e-01	9.478415e-09	4.828292e+04	1.025033e+03
3	183.302777	1.000000e-05	8.123523e-01	8.324754e-10	2.421598e+04	6.884008e+03
3	777.483354	1.484997e-16	8.614000e-01	2.197885e-35	3.057500e+04	4.794200e+04
3	824.718919	5.601387e-16	8.262000e-01	8.609907e-20	1.414900e+04	5.078700e+04
3	511.340909	6.031184e-12	9.318000e-01	4.019328e-28	1.882600e+04	8.451000e+03
3	368.768727	4.528846e-09	9.274000e-01	9.744306e-14	3.007700e+04	1.462700e+04
3	294.113789	2.981742e-08	9.934128e-01	4.356593e-16	3.153046e+03	2.653200e+04
3	20245.570379	1.026539e-08	9.670000e-01	8.646254e-12	5.783700e+04	1.800100e+04
3	802.242163	7.728790e-18	7.888000e-01	1.353176e-18	3.493100e+04	4.633200e+04
3	483.493419	1.117260e-10	8.658000e-01	3.524805e-16	4.108700e+04	2.918800e+04
3	436.576042	9.037641e-09	8.416000e-01	1.134806e-16	3.053500e+04	3.285400e+04
3	1092.112848	9.999995e-06	9.010365e-01	7.359543e-12	5.230800e+04	4.813200e+04
3	-1.000000	-1.000000e+00	-1.000000e+00	-1.000000e+00	-1.000000e+00	-1.000000e+00
3	703.448852	2.790983e-14	8.702000e-01	1.059043e-34	1.845800e+04	4.803000e+04
3	736.901145	2.135500e-15	8.548000e-01	2.172242e-30	2.417800e+04	2.581700e+04
3	657.714286	1.068758e-11	9.186000e-01	1.068758e-11	4.923000e+03	5.000000e+01
3	760.450327	4.753573e-16	8.130000e-01	1.992506e-34	2.690600e+04	4.105000e+04
3	333.489123	2.050172e-07	8.218003e-01	2.952086e-14	2.311000e+04	2.087900e+04
3	757.253862	5.644450e-16	8.020000e-01	5.644450e-16	2.632400e+04	1.484400e+04
3	187.691487	2.241923e-09	9.509798e-01	3.437179e-16	4.510025e+03	1.404800e+04
3	1133.844321	4.483049e-06	9.917494e-01	1.810535e-13	3.320600e+04	5.872800e+04
3	13488.493811	1.164258e-07	9.472003e-01	2.277207e-09	4.796000e+04	4.600000e+03
3	664.935423	3.132372e-12	9.054000e-01	3.386021e-33	8.171000e+03	3.761500e+04
3	174.070280	7.377391e-13	7.976000e-01	5.769045e-14	7.975000e+03	3.091800e+04
3	469.430001	3.638886e-13	9.230000e-01	1.914756e-13	1.398800e+04	5.788900e+04
3	658.399487	1.613691e-11	9.186000e-01	1.710581e-30	4.714000e+03	2.367300e+04
3	372.646623	1.310517e-08	9.692000e-01	7.920102e-15	2.516700e+04	2.004400e+04
3	837.410787	1.681180e-16	8.196000e-01	1.681180e-16	1.464300e+04	4.387800e+04
3	1113.122029	3.278729e-07	8.613998e-01	6.866646e-13	5.214000e+04	5.326000e+04
3	656.003564	1.574146e-11	8.020000e-01	1.092988e-25	2.037000e+03	8.985000e+03
3	484.536278	2.538997e-10	7.866000e-01	8.819996e-13	4.046700e+04	1.944300e+04
3	714.750980	1.032906e-14	8.768000e-01	3.113473e-29	2.097600e+04	2.121000e+04
3	483.277609	4.031027e-10	9.054000e-01	1.632692e-16	3.685500e+04	3.002400e+04
3	198.374914	9.999992e-06	8.128554e-01	8.981780e-09	4.781294e+04	1.155026e+03
3	182.594434	1.330340e-07	8.107218e-01	1.270824e-11	4.075728e+04	1.697807e+04
3	894.774684	7.274248e-19	8.130000e-01	2.348761e-20	4.057300e+04	5.135300e+04
3	700.252286	1.461908e-15	8.042000e-01	1.461908e-15	2.022800e+04	2.937800e+04
3	535.176002	1.538895e-11	9.384000e-01	4.796018e-17	4.391300e+04	3.234900e+04
3	753.087376	5.786077e-16	8.790000e-01	9.818114e-33	2.783700e+04	3.575300e+04
3	726.522960	4.526152e-15	8.460000e-01	2.610371e-29	2.222800e+04	2.009500e+04
3	668.198295	1.400025e-12	8.966000e-01	1.400025e-12	9.663000e+03	1.866000e+03
3	465.867181	1.588755e-09	9.296000e-01	1.549835e-16	3.260100e+04	2.974100e+04
3	1124.302577	1.321686e-07	8.372003e-01	1.591462e-13	5.204600e+04	5.615400e+04
3	1036.333941	1.000000e-05	7.822166e-01	1.000000e-08	4.660900e+04	4.915000e+03
3	490.929871	2.815518e-10	9.956000e-01	1.598729e-17	2.978600e+04	3.423600e+04
3	814.946989	2.431749e-19	8.240000e-01	2.431749e-19	3.818200e+04	4.830000e+04
3	677.950158	2.635596e-13	7.822000e-01	1.978608e-24	1.154500e+04	1.126500e+04
3	192.917792	3.472301e-09	8.083153e-01	1.282689e-12	3.880500e+04	2.240912e+04
3	276.116315	2.124440e-08	9.824000e-01	4.855446e-16	1.530000e+03	2.608781e+04
3	678.008399	2.739318e-13	9.230000e-01	2.899819e-30	1.472100e+04	2.522700e+04
3	346.210737	3.179807e-09	8.878000e-01	4.275158e-11	3.217100e+04	7.350000e+02
3	622.109551	1.151100e-11	9.758000e-01	1.151100e-11	4.873100e+04	2.623000e+03
3	191.252284	1.000000e-05	8.128000e-01	3.784367e-09	4.816148e+04	3.242319e+03
3	19097.856241	3.342595e-08	9.670001e-01	3.576912e-11	5.227400e+04	1.459100e+04
3	178.702975	8.199465e-06	8.115957e-01	6.530727e-11	5.015252e+04	1.303587e+04
3	396.406191	6.255727e-11	9.736000e-01	2.275635e-13	3.816900e+04	1.206100e+04
3	440.826014	7.273425e-12	8.416003e-01	1.992056e-13	4.850500e+04	1.505200e+04
3	460.464400	5.016918e-13	8.196000e-01	1.355458e-13	1.055200e+04	5.580200e+04
3	733.352433	2.550695e-15	7.954000e-01	2.550695e-15	2.269200e+04	1.382100e+04
3	4950.278889	3.962428e-07	8.548004e-01	2.278703e-16	4.379000e+04	4.316000e+04
3	1111.428743	1.891862e-12	7.800000e-01	1.792852e-13	5.283200e+04	2.098000e+03
3	192.683012	2.137331e-06	8.082527e-01	1.462708e-12	2.300011e+04	2.207899e+04
3	1728.565696	2.302482e-08	8.416001e-01	1.127619e-13	5.450900e+04	2.838500e+04
3	199.325012	7.796535e-09	8.070667e-01	4.007519e-13	3.585700e+04	2.515798e+04
3	708.342204	1.804097e-14	8.350000e-01	2.245220e-27	1.875600e+04	1.701700e+04
3	447.536923	6.037640e-09	8.856000e-01	2.296701e-16	3.059700e+04	2.963800e+04
3	667.937248	1.268836e-12	8.834000e-01	1.268836e-12	9.377000e+03	3.979000e+03
3	594.173281	1.695883e-11	9.494000e-01	1.568939e-18	4.312800e+04	4.007700e+04
3	220.112667	1.573662e-13	9.538000e-01	8.196720e-17	2.763300e+04	2.548900e+04
3	726.308425	3.511536e-15	8.878000e-01	3.511536e-15	2.379800e+04	1.255800e+04
3	803.826134	3.873245e-17	7.954000e-01	3.873245e-17	3.242400e+04	2.651500e+04
3	-1.000000	-1.000000e+00	-1.000000e+00	-1.000000e+00	-1.000000e+00	-1.000000e+00
3	352.325526	5.406076e-09	8.152000e-01	2.227101e-14	5.994500e+04	3.224500e+04
3	197.867958	5.642610e-15	9.714000e-01	9.797755e-19	3.608400e+04	3.946700e+04
3	728.134414	2.036067e-15	9.054000e-01	2.036067e-15	2.570900e+04	2.742000e+03
3	359.471896	1.195619e-08	8.922000e-01	1.498144e-13	2.873500e+04	1.420100e+04
3	712.467705	3.157803e-07	9.846009e-01	1.128207e-14	5.888400e+04	1.911700e+04
3	827.653711	7.600000e-16	9.670000e-01	7.734624e-37	3.719200e+04	5.458900e+04
3	783.404497	6.432441e-16	8.834000e-01	9.407185e-17	7.600000e+02	3.184400e+04
3	864.996936	1.949370e-18	7.866000e-01	5.168584e-20	3.902400e+04	4.868700e+04
3	178.777435	9.727779e-06	8.120483e-01	1.881625e-10	5.445234e+04	1.048475e+04
3	680.653197	4.399596e-15	9.736000e-01	1.470214e-35	2.963100e+04	4.817500e+04
3	683.347348	1.955065e-13	8.504000e-01	1.932438e-29	1.340200e+04	2.051700e+04
3	692.312164	7.699538e-14	8.482000e-01	1.218054e-27	1.557300e+04	1.542300e+04
3	666.753223	1.546056e-12	8.284000e-01	1.278453e-34	8.052000e+03	4.558200e+04
3	358.637860	2.228573e-11	7.934403e-01	2.228573e-11	4.735000e+04	1.313000e+04
3	583.972814	3.804528e-13	7.822000e-01	3.804528e-13	1.066900e+04	2.580200e+04
3	1070.419425	1.055521e-06	7.998038e-01	9.548723e-12	5.833400e+04	4.319200e+04
3	595.360867	1.019448e-11	9.450000e-01	2.044434e-18	4.463800e+04	3.953000e+04
3	679.860936	3.307819e-14	9.472000e-01	2.910221e-32	2.134700e+04	3.054900e+04
3	713.195166	1.201851e-14	8.724000e-01	1.430170e-36	2.050700e+04	5.634600e+04
3	664.758280	1.475512e-12	9.427999e-01	5.319784e-31	1.184200e+04	2.702400e+04
3	1081.775865	4.664400e-06	9.274579e-01	2.243107e-11	5.419200e+04	4.573600e+04
3	1084.185110	1.968284e-11	8.636001e-01	1.968284e-11	4.577400e+04	4.997200e+04
3	204.685266	1.426254e-08	9.510902e-01	1.000000e-08	1.802456e+01	4.018202e+04
3	482.528105	1.373209e-13	8.042000e-01	2.043842e-14	1.339000e+04	5.941100e+04
3	182.311513	9.758701e-06	8.125056e-01	7.714745e-10	5.378321e+04	7.081073e+03
3	-1.000000	-1.000000e+00	-1.000000e+00	-1.000000e+00	-1.000000e+00	-1.000000e+00
3	186.452522	6.882307e-13	9.714000e-01	1.169018e-16	2.486200e+04	2.863100e+04
3	695.049338	1.438451e-13	9.846000e-01	5.007433e-20	5.208800e+04	4.751900e+04
3	413.033911	1.616396e-11	8.460000e-01	6.240704e-12	2.692000e+03	4.730000e+04
3	178.475016	4.823317e-06	8.118417e-01	1.131052e-10	5.475601e+04	1.171199e+04
3	281.543236	2.027992e-06	8.152025e-01	2.028119e-13	3.612800e+04	2.695200e+04
3	455.814400	6.444179e-12	8.416000e-01	7.624553e-14	4.829000e+03	5.833200e+04
3	266.058816	4.549736e-08	8.108000e-01	1.964644e-14	3.708300e+04	3.252800e+04
3	424.902777	6.300871e-10	9.428000e-01	4.002678e-15	3.437500e+04	2.196200e+04
3	463.971392	5.208081e-11	9.296000e-01	2.099423e-15	4.120800e+04	2.366100e+04
3	988.657305	4.400005e-16	8.988000e-01	4.677175e-22	2.190800e+04	5.921100e+04
3	654.886021	1.319166e-11	9.604000e-01	1.429823e-29	8.335000e+03	2.281000e+04
3	1012.960205	4.805385e-06	7.976819e-01	9.880124e-10	4.642800e+04	3.123800e+04
3	296.765269	1.000000e-05	7.998627e-01	5.728359e-14	5.044600e+04	2.989200e+04
3	535.725730	3.352093e-15	7.822000e-01	3.352093e-15	2.205700e+04	3.892800e+04
3	198.822678	3.489665e-10	8.072697e-01	4.201151e-13	4.367224e+04	2.506221e+04
3	849.216130	9.995046e-17	9.406000e-01	3.351922e-18	2.189300e+04	3.848100e+04
3	683.902396	1.932439e-13	8.680000e-01	1.781129e-28	1.380800e+04	1.662700e+04
3	492.104698	1.813381e-16	9.802000e-01	1.813381e-16	4.366900e+04	1.227200e+04
3	764.827329	2.737161e-16	8.768000e-01	7.605109e-24	2.953000e+04	5.179000e+04
3	1031.110835	2.076112e-09	8.108212e-01	2.076112e-09	3.473900e+04	3.937100e+04
3	178.839281	1.220460e-10	9.522164e-01	1.220460e-10	1.152099e+04	5.284799e+04
3	179.254023	1.000000e-05	8.121727e-01	2.631301e-10	4.320197e+04	9.676015e+03
3	748.085786	1.020937e-15	8.482000e-01	2.902188e-20	2.577100e+04	1.479100e+04
3	960.885487	9.997715e-09	9.990956e-01	9.997715e-09	1.763200e+04	3.376700e+04
3	179.322881	7.295053e-10	8.113711e-01	4.128966e-11	5.798610e+04	1.414060e+04
3	1038.849240	5.529070e-10	9.119991e-01	5.529070e-10	3.594900e+04	4.405100e+04
3	1135.174407	7.026393e-06	9.406022e-01	1.254171e-13	5.945500e+04	5.909400e+04
3	188.061917	1.059550e-07	8.093714e-01	3.553699e-12	3.184496e+04	1.999505e+04
3	688.289183	6.692695e-14	7.822000e-01	6.692695e-14	1.452100e+04	2.187200e+04
3	684.162362	2.336022e-16	8.174000e-01	2.336022e-16	1.640300e+04	4.310100e+04
3	671.976637	5.654648e-13	8.020000e-01	5.654648e-13	9.904000e+03	7.297000e+03
3	196.367989	1.000000e-05	8.127592e-01	6.826764e-09	2.600898e+04	1.811011e+03
3	413.653461	8.389744e-09	8.658000e-01	1.788762e-15	3.023600e+04	2.534600e+04
3	221.636341	1.230375e-13	7.976000e-01	3.655515e-17	1.170700e+04	4.815300e+04
3	460.191733	6.090681e-12	9.120000e-01	1.100325e-13	6.760000e+03	5.913300e+04
3	24957.029523	2.574506e-16	8.438000e-01	2.590347e-21	4.350500e+04	5.893200e+04
3	558.934181	1.224112e-15	9.978000e-01	2.171569e-16	5.906400e+04	2.820300e+04
3	623.552561	1.256571e-11	9.274000e-01	4.451187e-19	4.485400e+04	4.327700e+04
3	696.494713	1.704804e-14	9.274000e-01	8.603312e-37	2.161200e+04	5.210400e+04
3	385.724542	5.632533e-11	9.868000e-01	3.577814e-13	3.665300e+04	1.085300e+04
3	204.945112	7.750607e-14	9.714000e-01	3.503690e-19	2.987600e+04	4.189900e+04
3	192.085687	4.336711e-10	8.105781e-01	3.955132e-10	4.285000e+04	8.563987e+03
3	1078.860303	2.580937e-11	8.988042e-01	2.580937e-11	4.430700e+04	4.961800e+04
3	983.699757	9.810641e-08	7.800000e-01	8.976223e-09	2.548407e+04	3.375716e+04
3	109656.426733	1.650025e-17	8.086000e-01	7.318872e-18	4.838700e+04	5.567700e+04
3	806.454657	3.407239e-17	7.822000e-01	1.222985e-17	3.249300e+04	3.590700e+04
3	2214.779852	2.480743e-15	9.164000e-01	5.928754e-36	3.749500e+04	4.799000e+04
3	53560.459327	1.518022e-08	9.868000e-01	7.135811e-18	5.372600e+04	5.129600e+04
3	704.599565	7.702545e-13	9.802000e-01	1.392746e-20	4.847700e+04	5.045100e+04
3	747.758391	7.511464e-16	8.856000e-01	9.434464e-30	2.741100e+04	2.173300e+04
3	657.899774	7.381041e-12	9.516000e-01	4.831441e-29	8.737000e+03	1.866500e+04
3	759.269349	5.335425e-18	8.196000e-01	5.335425e-18	2.265100e+04	4.166300e+04
3	282.637944	5.415470e-16	9.582000e-01	1.287139e-19	4.122400e+04	4.217600e+04
3	559.527981	4.101061e-11	8.284000e-01	4.101061e-11	8.170000e+02	4.060000e+04
3	649.872338	4.474916e-10	9.626000e-01	1.822192e-29	1.200000e+02	2.361300e+04
3	188.425304	4.580216e-11	9.846000e-01	2.229291e-13	1.654900e+04	1.170400e+04
3	677.717532	3.514146e-13	9.142000e-01	2.888413e-33	1.374400e+04	3.839800e+04
3	24874.688759	1.684194e-08	9.384000e-01	6.795806e-16	5.491800e+04	4.057500e+04
3	758.479898	3.708906e-16	8.834000e-01	2.135759e-34	2.900900e+04	4.267100e+04
3	980.379006	3.200001e-16	9.494000e-01	3.517446e-21	1.805400e+04	5.394600e+04
3	1038.768186	3.831981e-06	8.328360e-01	3.554056e-10	5.689000e+04	3.644500e+04
3	518.829100	1.115541e-12	9.670000e-01	4.161509e-16	4.890800e+04	2.698600e+04
3	1105.915405	1.882720e-12	9.010004e-01	1.882720e-12	5.077700e+04	5.695100e+04
3	1135.004584	8.307927e-06	9.493892e-01	1.334936e-13	5.896700e+04	5.904700e+04
3	1012.797453	5.100002e-16	9.956000e-01	6.520828e-22	1.705900e+04	5.720700e+04
3	8161.456976	3.865390e-08	8.768005e-01	1.376985e-15	4.906300e+04	3.889800e+04
3	178.840721	5.697487e-11	9.525548e-01	1.469282e-16	1.336500e+04	8.803001e+03
3	731.833926	3.637790e-16	8.064000e-01	3.637790e-16	2.511000e+04	3.132000e+04
3	473.391169	4.098232e-11	8.966000e-01	1.723413e-15	4.287500e+04	2.468300e+04
3	406.791684	2.613194e-13	9.406000e-01	1.472661e-32	2.635400e+04	2.959200e+04
3	362.316840	1.204223e-08	9.054000e-01	8.798139e-14	2.835300e+04	1.521700e+04
3	178.809675	1.000000e-05	8.115464e-01	5.884506e-11	4.533501e+04	1.328698e+04
3	3128.768839	1.100000e-16	9.340000e-01	0.000000e+00	4.288600e+04	5.568700e+04
3	756.693843	7.538299e-17	7.932000e-01	7.538299e-17	2.959600e+04	3.601700e+04
3	216.539410	1.190273e-08	9.537641e-01	1.000000e-08	2.990034e+02	3.504996e+04
3	654.048489	6.665364e-11	9.516000e-01	2.928951e-28	3.417000e+03	1.448400e+04
3	670.264789	9.690952e-13	8.416000e-01	6.465471e-32	9.411000e+03	3.598200e+04
3	193.771706	1.000000e-05	8.128297e-01	5.255854e-09	4.027195e+04	2.449154e+03
3	1103.325398	1.376953e-06	9.626010e-01	3.599157e-12	5.139700e+04	5.082200e+04
3	698.623623	3.551999e-14	8.966000e-01	3.551999e-14	1.855700e+04	7.701000e+03
3	202.722663	1.234739e-08	9.509859e-01	1.000000e-08	3.720033e+02	4.097901e+04
3	698.838336	4.144840e-14	8.438000e-01	2.514987e-35	1.695500e+04	5.109900e+04
3	364.748555	1.929874e-14	9.472000e-01	4.349417e-33	3.258800e+04	3.798700e+04
3	522.199198	5.779436e-16	9.978000e-01	3.320145e-21	4.761900e+04	5.342300e+04
3	661.930928	2.821450e-12	8.130000e-01	2.821450e-12	5.969000e+03	5.212000e+03
3	780.863224	1.384005e-16	8.394000e-01	2.140995e-33	3.026100e+04	4.133600e+04
3	190.398887	4.913160e-07	8.088163e-01	2.239396e-12	2.724800e+04	2.108199e+04
3	667.678366	1.418475e-12	8.394000e-01	3.387045e-31	8.458000e+03	3.183500e+04
3	843.212298	9.708728e-06	7.804998e-01	1.956619e-13	5.858998e+04	3.734402e+04
3	669.587564	1.346374e-12	8.944000e-01	3.524739e-33	9.852000e+03	3.362300e+04
3	51574.911031	9.503318e-17	7.844000e-01	1.839006e-18	4.527600e+04	4.972400e+04
3	220.616923	8.241632e-14	7.998000e-01	1.925735e-16	1.232000e+04	4.407000e+04
3	168.690475	2.792889e-11	9.660956e-01	9.647871e-13	1.585700e+04	6.939020e+03
3	675.804705	3.516104e-13	7.910000e-01	3.516104e-13	1.097900e+04	3.663000e+03
3	3447.963089	5.304784e-08	8.724001e-01	3.038971e-10	5.406500e+04	9.432000e+03
3	6519.775101	6.300000e-16	9.274000e-01	5.655309e-37	3.625800e+04	5.501900e+04
3	308.500834	2.563894e-06	8.416007e-01	5.383263e-14	1.649800e+04	1.815700e+04
3	186.115002	4.532516e-12	7.822000e-01	1.114432e-13	4.649000e+03	3.417300e+04
3	1102.817850	5.411278e-06	9.758225e-01	3.998065e-12	5.716800e+04	5.069800e+04
3	409.813812	1.534959e-11	9.626000e-01	4.880178e-13	4.262300e+04	1.036200e+04
3	212.269260	9.362725e-09	8.048345e-01	4.460889e-14	3.433897e+04	3.034202e+04
3	389.063597	2.043447e-10	8.988000e-01	1.225560e-12	3.877700e+04	9.065000e+03
3	337.525294	7.024396e-09	8.068258e-01	7.024396e-09	4.929343e+04	6.878388e+02
3	363.050859	3.986358e-17	7.822000e-01	2.668825e-18	3.206800e+04	5.880300e+04
3	468.184826	4.284217e-13	7.976000e-01	2.634139e-14	1.057800e+04	5.797700e+04
3	1087.616142	1.510117e-11	8.569999e-01	1.510117e-11	4.659900e+04	5.035800e+04
3	681.488931	9.021626e-14	9.340000e-01	2.885468e-30	1.798300e+04	2.320900e+04
3	680.536889	2.492876e-13	8.328000e-01	4.280308e-28	1.248800e+04	1.645400e+04
3	1091.632959	1.196858e-11	9.339973e-01	1.196858e-11	4.702600e+04	4.867300e+04
3	736.693573	2.209675e-15	8.438000e-01	2.073806e-36	2.387000e+04	5.554900e+04
3	481.818974	3.211530e-12	8.570009e-01	3.211530e-12	5.162600e+04	7.514000e+03
3	484.984345	1.734588e-10	8.262000e-01	1.328487e-17	4.075100e+04	3.892000e+04
3	180.293880	4.117829e-10	9.514768e-01	4.103246e-10	8.595000e+03	5.551400e+04
3	964.067825	5.200002e-16	9.428000e-01	2.709347e-21	2.336800e+04	5.441400e+04
3	58498.158642	1.095247e-17	7.822000e-01	7.004054e-18	5.028700e+04	5.182800e+04
3	654.916148	7.468002e-11	9.318000e-01	1.807566e-30	1.637000e+03	2.819100e+04
3	664.752883	2.089497e-12	8.218000e-01	1.487409e-26	7.216000e+03	1.124500e+04
3	439.759063	6.717948e-11	9.010000e-01	5.168155e-13	5.940000e+02	5.500700e+04
3	994.014549	1.000000e-05	8.195118e-01	9.575705e-09	4.663003e+04	2.750154e+04
3	831.627118	6.938635e-18	8.570000e-01	3.904123e-35	3.759400e+04	5.005500e+04
3	786.891603	1.693784e-07	9.780005e-01	9.980849e-17	5.762600e+04	3.023000e+04
3	12214.734118	1.734173e-15	8.592000e-01	1.635859e-21	3.834600e+04	5.442500e+04
3	1020.684724	9.464581e-06	9.035721e-01	3.305099e-09	5.151800e+04	3.277300e+04
3	232.818285	9.237461e-13	8.042000e-01	2.796167e-15	5.208000e+03	3.745700e+04
3	1087.398789	8.439853e-06	8.856187e-01	1.009340e-11	5.092500e+04	4.703000e+04
3	670.933717	8.798451e-13	8.416000e-01	8.925067e-26	9.642000e+03	9.274000e+03
3	1031.625381	2.205807e-09	7.800000e-01	2.127041e-09	3.498169e+04	4.746185e+04
3	178.596781	1.000000e-05	8.116569e-01	7.454399e-11	4.129399e+04	1.271702e+04
3	798.371036	2.680587e-16	8.614000e-01	1.934388e-17	2.507100e+04	3.555500e+04
3	674.683966	3.980227e-13	8.064000e-01	3.980227e-13	1.077900e+04	8.273000e+03
3	839.503553	1.261950e-12	9.252000e-01	1.631035e-30	2.259000e+04	2.009100e+04
3	456.047809	1.626465e-12	8.966000e-01	3.252964e-13	9.421000e+03	5.609600e+04
3	683.205839	2.118175e-13	8.812000e-01	2.830579e-30	1.391100e+04	2.452800e+04
3	179.835523	1.000000e-05	8.111989e-01	3.330893e-11	2.634800e+04	1.465297e+04
3	313.385681	2.732503e-13	9.450000e-01	1.120588e-27	2.624100e+04	2.446000e+03
3	4181.754384	1.495342e-08	8.680000e-01	5.926192e-13	5.936800e+04	2.441900e+04
3	936.623814	8.299999e-16	9.912000e-01	3.629928e-20	2.245600e+04	4.818600e+04
3	279.228305	2.915231e-13	8.064000e-01	7.903772e-16	5.449000e+03	4.028500e+04
3	661.080238	6.044722e-12	8.745972e-01	8.767814e-34	5.723000e+03	4.405500e+04
3	184.654583	2.656036e-06	8.104395e-01	7.748490e-12	5.325873e+04	1.817018e+04
3	181.707063	1.000000e-05	8.124626e-01	6.574471e-10	4.346101e+04	7.466990e+03
3	1005.600784	1.000000e-05	8.042582e-01	2.408190e-09	3.985300e+04	2.977900e+04
3	27267.955328	2.573790e-08	9.736001e-01	9.551147e-14	5.181600e+04	2.879700e+04
3	718.848325	5.000211e-12	8.790000e-01	5.000211e-12	7.257000e+03	4.729400e+04
3	669.912151	1.253284e-12	8.856000e-01	1.455580e-32	9.777000e+03	3.277200e+04
3	666.106611	2.057592e-12	8.592000e-01	6.164580e-32	7.962000e+03	3.374600e+04
3	1027.594495	6.300014e-16	9.560000e-01	2.440131e-22	1.465900e+04	5.984100e+04
3	834.678315	1.000000e-05	7.844104e-01	1.000000e-08	5.625100e+04	5.207000e+03
3	1077.760003	4.223410e-11	8.437994e-01	4.223410e-11	4.446300e+04	4.629700e+04
3	719.787782	3.629989e-15	8.438000e-01	3.629989e-15	1.635700e+04	2.433800e+04
3	748.670167	1.000000e-05	7.866280e-01	9.601011e-16	4.557800e+04	4.243200e+04
3	654.245974	1.078888e-10	9.428000e-01	1.150035e-26	1.456000e+03	7.736000e+03
3	666.809141	1.325803e-12	9.362000e-01	6.960194e-33	1.163800e+04	3.523000e+04
3	663.851768	2.846500e-12	8.460000e-01	7.398596e-26	6.915000e+03	6.681000e+03
3	537.560164	1.019933e-14	9.978000e-01	2.621432e-16	5.369100e+04	2.776200e+04
3	690.990507	8.858851e-14	8.658000e-01	8.858851e-14	1.560200e+04	3.097000e+03
3	486.200402	7.585525e-11	9.802000e-01	1.431810e-16	3.692000e+04	2.932100e+04
3	659.624423	7.001815e-12	8.460000e-01	1.100816e-32	4.753000e+03	3.888600e+04
3	685.267130	1.431109e-13	8.240000e-01	4.055996e-35	1.365300e+04	4.941000e+04
3	95418.047724	2.121065e-17	8.130000e-01	2.836690e-18	4.797600e+04	5.723000e+04
3	665.620640	1.720543e-12	8.240000e-01	1.720543e-12	7.684000e+03	1.630000e+02
3	417.103183	3.245289e-13	9.912000e-01	5.464239e-20	2.948700e+04	4.709800e+04
3	352.695821	2.391223e-08	9.318000e-01	6.319383e-14	2.575200e+04	1.558900e+04
3	645.989550	1.031244e-10	9.758000e-01	2.096776e-30	5.610000e+03	2.504200e+04
3	711.034228	1.371826e-14	8.812000e-01	1.061982e-34	2.041900e+04	4.515100e+04
3	772.226161	2.335651e-16	8.042000e-01	1.929566e-36	2.841700e+04	5.578800e+04
3	977.865289	4.900000e-16	9.802000e-01	1.482727e-21	2.593000e+04	5.532700e+04
3	458.986364	1.693537e-12	9.428000e-01	4.227521e-14	4.932500e+04	1.641400e+04
3	961.395883	5.685879e-07	7.800000e-01	9.315585e-09	2.111503e+04	4.142900e+04
3	2876.157944	2.019254e-08	8.438002e-01	1.027319e-15	5.274700e+04	3.959100e+04
3	535.887240	4.675736e-11	9.054000e-01	2.800995e-17	4.227900e+04	3.412900e+04
3	1015.347458	8.133851e-09	7.800000e-01	7.960105e-09	3.170705e+04	3.927289e+04
3	594.048691	1.183138e-10	9.032000e-01	5.999320e-19	3.998800e+04	4.303800e+04
3	681.680331	1.809212e-13	8.042000e-01	1.809212e-13	1.271400e+04	8.089000e+03
3	700.668311	3.580221e-14	8.680000e-01	3.580221e-14	1.781400e+04	4.550000e+02
3	548.208347	6.801424e-12	9.780000e-01	1.969891e-17	4.326500e+04	3.393700e+04
3	240.788293	4.349380e-13	9.494000e-01	1.040976e-27	2.511700e+04	5.008000e+03
3	184.774835	3.226096e-06	8.126329e-01	1.329810e-09	4.001914e+04	5.767001e+03
3	717.249098	7.346728e-15	8.878000e-01	7.346728e-15	2.205400e+04	1.048900e+04
3	1127.528187	6.850351e-06	8.812050e-01	1.909898e-13	5.952800e+04	5.701200e+04
3	200.508074	9.081293e-09	9.511306e-01	9.081293e-09	1.108081e+03	4.007300e+04
3	985.910977	1.000000e-05	7.975579e-01	8.237682e-09	4.759594e+04	2.592087e+04
3	26867.901261	1.402190e-08	9.472000e-01	1.094466e-15	5.555200e+04	3.944500e+04
3	176.542761	3.099035e-10	9.560000e-01	1.035861e-13	9.522000e+03	1.010000e+04
3	192.008823	3.185588e-08	8.127880e-01	4.065169e-09	4.215301e+04	3.066984e+03
3	429.971326	1.288608e-09	9.318000e-01	1.826840e-15	3.304800e+04	2.394900e+04
3	714.339093	1.093769e-14	8.724000e-01	3.781238e-30	2.073000e+04	2.420200e+04
3	201.961708	1.306380e-08	9.507325e-01	1.000000e-08	2.500540e+02	5.783700e+04
3	189.882536	6.501427e-06	8.127774e-01	3.121030e-09	5.777854e+04	3.707627e+03
3	4736.439436	6.442625e-07	8.592008e-01	2.683341e-15	4.147000e+04	3.731100e+04
3	394.200998	5.112073e-11	8.834000e-01	5.112073e-11	7.930000e+02	4.290000e+04
3	177.673976	4.296049e-10	9.564926e-01	2.214886e-14	8.755002e+03	1.398800e+04
3	700.675343	3.577430e-14	8.526000e-01	2.179484e-35	1.748000e+04	5.021500e+04
3	674.375990	5.825149e-14	8.108000e-01	5.825149e-14	8.141000e+03	2.036400e+04
3	179.277408	1.894583e-10	9.519984e-01	1.894583e-10	1.045934e+04	5.140000e+04
3	74153.861509	7.800000e-16	8.284000e-01	5.114204e-36	4.231700e+04	5.624500e+04
3	-1.000000	-1.000000e+00	-1.000000e+00	-1.000000e+00	-1.000000e+00	-1.000000e+00
3	978.867910	4.400002e-16	9.252000e-01	6.968036e-22	2.356600e+04	5.767300e+04
3	676.684913	4.464205e-13	8.614000e-01	3.528334e-27	1.166400e+04	1.231700e+04
3	6913.314517	4.639182e-16	8.856000e-01	9.838986e-37	4.147800e+04	5.744100e+04
3	17351.074260	1.428532e-08	9.384000e-01	2.408576e-13	5.766700e+04	2.658300e+04
3	737.116835	1.742235e-15	8.812000e-01	3.230430e-30	2.530000e+04	2.491500e+04
3	382.122115	1.127805e-09	8.944000e-01	2.465062e-13	3.459500e+04	1.297600e+04
3	301.297603	1.158038e-15	9.802000e-01	8.901845e-21	4.037600e+04	5.075700e+04
3	760.170868	4.756146e-16	8.020000e-01	6.231304e-33	2.672600e+04	3.932600e+04
3	334.879254	1.103796e-10	9.978000e-01	1.412903e-11	3.034300e+04	1.929000e+03
3	236.010926	1.061859e-15	9.802000e-01	1.726559e-17	4.077800e+04	3.351000e+04
3	744.004225	1.174913e-15	8.724000e-01	2.078120e-30	2.599500e+04	2.489400e+04
3	218.068494	4.935895e-09	9.955995e-01	7.175585e-14	8.448000e+03	1.454500e+04
3	686.849263	1.333050e-13	8.482000e-01	6.364140e-34	1.426900e+04	4.495900e+04
3	702.974283	2.935850e-14	8.592000e-01	3.149957e-30	1.808800e+04	1.691400e+04
3	5895.685318	1.453143e-16	8.944000e-01	1.486799e-36	4.422300e+04	5.904700e+04
3	49267.966474	1.000000e-05	9.779954e-01	7.865340e-18	5.734900e+04	5.106900e+04
3	-1.000000	-1.000000e+00	-1.000000e+00	-1.000000e+00	-1.000000e+00	-1.000000e+00
3	230.288056	1.231719e-09	8.022812e-01	2.050793e-15	3.860187e+04	3.762953e+04
3	611.739611	1.002589e-11	9.538000e-01	7.867780e-19	4.421200e+04	4.160000e+04
3	686.900911	1.161962e-13	9.076000e-01	6.471308e-27	1.614600e+04	1.114700e+04
3	263.401486	9.205695e-13	9.868000e-01	1.656376e-16	2.606900e+04	2.866900e+04
3	675.558087	4.037966e-13	9.230000e-01	2.075040e-33	1.378800e+04	3.906600e+04
3	1085.961534	6.050337e-06	9.735986e-01	1.919398e-11	5.704400e+04	4.669700e+04
3	828.490734	1.000000e-05	7.822128e-01	1.939804e-12	5.331600e+04	2.755800e+04
3	677.226661	4.368601e-13	8.768000e-01	2.322173e-28	1.207200e+04	1.635600e+04
3	315.279865	2.612647e-09	9.912000e-01	4.572796e-17	8.279116e+03	3.174200e+04
3	659.835502	1.789887e-12	9.604000e-01	8.942592e-30	1.311700e+04	2.305200e+04
3	749.113555	5.648989e-18	8.130000e-01	5.648989e-18	2.381800e+04	4.215500e+04
3	485.974096	1.415836e-12	9.978000e-01	3.264095e-16	4.123900e+04	2.724300e+04
3	182.680653	8.246479e-10	9.512119e-01	8.246479e-10	6.918999e+03	5.264399e+04
3	1052.550812	9.576043e-11	9.538002e-01	9.576043e-11	3.864400e+04	4.885200e+04
3	657.353720	1.399186e-11	8.548000e-01	1.692256e-29	3.263000e+03	2.341300e+04
3	1098.472630	9.999999e-06	8.438014e-01	2.280188e-12	5.238000e+04	4.964600e+04
3	654.923584	3.992074e-11	8.636000e-01	4.312945e-24	9.210000e+02	1.057000e+03
3	257.330471	3.303402e-10	7.976000e-01	1.099104e-15	4.086400e+04	3.869900e+04
3	357.704840	1.762943e-08	9.054000e-01	8.948442e-14	2.740100e+04	1.517600e+04
3	359.042478	1.000000e-05	7.976630e-01	2.580354e-13	5.545900e+04	2.615200e+04
3	1110.389151	2.530693e-06	9.010005e-01	1.279770e-12	5.796000e+04	5.257100e+04
3	688.129764	9.037746e-14	7.866000e-01	9.037746e-14	1.415200e+04	2.883000e+03
3	1089.747579	9.999999e-06	9.032096e-01	9.303309e-12	4.946400e+04	4.757700e+04
3	655.411584	2.862781e-11	8.526000e-01	9.621110e-26	1.491000e+03	6.849000e+03
3	237.807402	3.154033e-08	9.889970e-01	3.154626e-14	1.763000e+03	1.644800e+04
3	206.061562	8.747449e-09	8.058721e-01	1.260301e-13	3.493687e+04	2.789089e+04
3	723.688595	3.630232e-15	8.988000e-01	9.333033e-31	2.410000e+04	2.641500e+04
3	684.369228	1.428363e-13	9.032000e-01	1.428363e-13	1.522400e+04	8.361000e+03
3	414.930518	1.899585e-14	9.450000e-01	2.075918e-34	3.262800e+04	3.614000e+04
3	658.516655	7.118108e-12	8.042000e-01	9.497989e-25	3.984000e+03	4.354000e+03
3	201.994066	1.207258e-08	9.508856e-01	1.000000e-08	4.319911e+02	4.218799e+04
3	519.005419	1.495210e-13	8.196000e-01	1.495210e-13	1.380700e+04	5.471300e+04
3	670.395146	8.170718e-13	9.296000e-01	1.640569e-29	1.242100e+04	2.072000e+04
3	423.882955	2.042626e-11	8.790000e-01	2.960873e-12	2.853000e+03	5.012200e+04
3	694.600622	4.649080e-15	7.954000e-01	4.649080e-15	1.830700e+04	2.798700e+04
3	742.890828	7.736594e-16	8.988000e-01	4.799725e-28	2.776600e+04	1.759000e+04
3	949.965660	3.999984e-17	9.824000e-01	1.776062e-20	2.860600e+04	4.987600e+04
3	756.811342	2.031714e-16	9.054000e-01	1.257092e-36	3.117900e+04	5.226400e+04
3	356.675462	3.402146e-10	9.978000e-01	5.551637e-14	2.752700e+04	1.517300e+04
3	978.824641	1.437912e-07	7.800000e-01	8.794624e-09	2.453181e+04	3.266706e+04
3	1446.901543	4.902125e-08	8.284000e-01	3.034142e-16	5.334200e+04	4.248100e+04
3	650.942339	1.242686e-10	9.626000e-01	1.773920e-30	3.215000e+03	2.310200e+04
3	964.905176	2.076636e-16	8.218000e-01	2.076636e-16	1.169300e+04	4.337800e+04
3	676.410851	4.929393e-13	8.878000e-01	4.267198e-33	1.207000e+04	3.578000e+04
3	692.937577	7.205022e-14	8.460000e-01	7.894719e-29	1.568700e+04	2.030900e+04
3	342.034368	6.989229e-12	9.802200e-01	1.438382e-20	2.012700e+04	4.982300e+04
3	183.570980	6.249165e-06	8.125786e-01	1.037169e-09	5.077614e+04	6.366903e+03
3	528.068757	3.377346e-13	9.582000e-01	5.596096e-16	5.256500e+04	2.639600e+04
3	820.569911	9.435774e-18	8.746000e-01	1.851631e-36	3.734900e+04	5.428800e+04
3	188.942598	1.000000e-05	8.123973e-01	2.182281e-09	2.273305e+04	4.546073e+03
3	185.970417	1.000000e-05	8.126785e-01	1.665886e-09	4.955205e+04	5.223210e+03
3	295.051999	1.000000e-05	7.998227e-01	9.531664e-16	4.411300e+04	3.973600e+04
3	55002.893111	4.376136e-17	7.888000e-01	5.653545e-19	4.703900e+04	5.772000e+04
3	654.404281	1.044316e-10	9.318000e-01	7.946268e-28	8.260000e+02	1.243500e+04
3	659.746468	6.695369e-12	8.438000e-01	9.824911e-33	4.818000e+03	3.933000e+04
3	187.617856	1.000000e-05	8.125557e-01	1.974611e-09	2.455899e+04	4.801004e+03
3	441.767856	6.288521e-10	9.560000e-01	9.658476e-16	3.368200e+04	2.513200e+04
3	349.650873	5.294961e-12	9.384000e-01	2.321715e-29	1.913000e+04	1.178500e+04
3	180.665803	9.594302e-06	8.110642e-01	2.287996e-11	5.358901e+04	1.556298e+04
3	803.853654	4.840555e-20	8.108000e-01	4.840555e-20	2.636800e+04	5.354000e+04
3	790.349901	5.500285e-08	9.340002e-01	8.284465e-17	5.560100e+04	3.118900e+04
3	184.509450	9.123883e-10	9.515032e-01	9.123883e-10	6.657946e+03	4.583000e+04
3	714.405007	3.457584e-15	9.208000e-01	2.739137e-32	2.510000e+04	2.939800e+04
3	218.569706	1.781183e-10	8.042297e-01	1.574874e-14	4.398802e+04	3.284697e+04
3	418.722422	1.519383e-11	9.340000e-01	3.108403e-31	1.660100e+04	1.475900e+04
3	420.761507	4.715859e-12	8.130000e-01	2.073501e-12	5.071000e+03	4.843500e+04
3	668.438305	1.316988e-12	8.724000e-01	1.316988e-12	9.238000e+03	1.244000e+03
3	190.632884	1.000000e-05	8.127886e-01	3.468767e-09	3.560407e+04	3.452451e+03
3	51390.418632	3.275889e-16	8.130000e-01	7.748115e-19	4.246000e+04	5.511500e+04
3	730.334990	1.962727e-15	9.010000e-01	1.883303e-35	2.563600e+04	4.934400e+04
3	598.237351	3.638942e-12	9.890000e-01	1.254010e-18	4.305100e+04	4.014800e+04
3	450.908970	2.894490e-12	9.780000e-01	2.022166e-14	4.545000e+04	1.776100e+04
3	186.934640	1.501869e-09	9.513371e-01	1.501869e-09	5.456005e+03	4.475695e+04
3	720.794910	4.644291e-15	8.988000e-01	4.601307e-33	2.351500e+04	3.975800e+04
3	662.765513	4.819776e-12	9.230000e-01	1.102847e-30	7.818000e+03	2.702500e+04
3	751.956679	7.876444e-16	8.504000e-01	7.876444e-16	2.642500e+04	2.020000e+03
3	189.446712	1.000000e-05	8.127691e-01	2.928078e-09	4.494305e+04	3.861702e+03
3	450.725817	5.576984e-10	9.296000e-01	1.123089e-28	7.932000e+03	8.370000e+03
3	507.483527	2.030641e-10	9.637791e-01	2.030641e-10	1.041900e+04	4.038999e+04
3	672.938700	6.012384e-13	8.218000e-01	9.577072e-27	1.019600e+04	1.128600e+04
3	648.221686	9.153997e-12	9.978000e-01	9.153997e-12	4.678100e+04	3.017000e+03
3	1071.847971	7.241838e-06	8.372172e-01	2.330971e-11	5.525700e+04	4.350300e+04
3	651.261020	3.723270e-11	9.692000e-01	2.811584e-29	6.990000e+03	1.462900e+04
3	260.589041	1.637048e-07	7.954002e-01	1.327950e-12	2.472500e+04	2.063900e+04
3	185.213073	1.122972e-09	9.513750e-01	1.122972e-09	6.160042e+03	4.580799e+04
3	354.905650	2.735621e-07	9.076001e-01	6.443242e-15	2.050900e+04	2.135500e+04
3	612.830265	7.103030e-11	9.208000e-01	2.983905e-19	4.071600e+04	4.429700e+04
3	827.340971	7.431824e-16	9.846000e-01	1.126502e-17	1.167700e+04	3.520200e+04
3	678.192753	3.865709e-13	8.944000e-01	5.261816e-33	1.284000e+04	3.644200e+04
3	793.224351	5.577028e-18	8.108000e-01	7.985421e-19	3.342000e+04	4.573900e+04
3	169.324089	1.886349e-11	9.802000e-01	1.268652e-11	1.806600e+04	1.852000e+03
3	665.150162	3.713075e-13	9.604000e-01	1.150697e-30	1.686800e+04	2.724300e+04
3	830.383170	1.726226e-16	8.526000e-01	1.594951e-18	3.623000e+03	4.245000e+04
3	934.697397	8.999097e-17	9.978000e-01	4.687780e-20	1.043200e+04	4.757600e+04
3	180.766420	1.000000e-05	8.123805e-01	4.951423e-10	3.883802e+04	8.151008e+03
3	342.092104	4.293660e-10	7.999162e-01	4.293660e-10	5.532400e+04	8.128998e+03
3	669.640691	8.725173e-13	9.318000e-01	1.234428e-35	1.238400e+04	4.858700e+04
3	199.701102	4.585388e-08	8.069143e-01	3.844205e-13	3.138698e+04	2.524501e+04
3	1081.597692	1.004524e-06	7.888034e-01	1.577265e-12	4.732300e+04	4.572800e+04
3	666.785650	1.745009e-12	8.504000e-01	1.504136e-29	8.175000e+03	1.951700e+04
3	189.853386	4.391243e-09	8.089515e-01	2.361533e-12	3.893575e+04	2.096374e+04
3	738.877367	6.778721e-16	9.098000e-01	8.851854e-34	2.849700e+04	4.043500e+04
3	705.696934	1.750750e-14	8.988000e-01	1.750750e-14	2.032600e+04	8.490000e+03
3	811.899347	9.459225e-09	7.845318e-01	1.497937e-09	5.486400e+04	1.008900e+04
3	669.360391	1.107830e-12	8.416000e-01	3.159183e-33	9.091000e+03	4.110400e+04
3	679.734487	2.706149e-13	8.306000e-01	7.631686e-33	1.225300e+04	3.939900e+04
3	657.051422	6.746775e-12	7.976000e-01	2.002178e-12	8.860000e+02	1.309600e+04
3	688.949144	9.658012e-14	8.196000e-01	1.314490e-30	1.451200e+04	2.871500e+04
3	753.366961	7.387773e-16	8.174000e-01	9.460276e-31	2.595100e+04	2.769500e+04
3	1126.403528	9.253229e-06	9.890203e-01	3.955567e-13	5.017900e+04	5.671100e+04
3	449.155361	2.717395e-12	9.824000e-01	2.007422e-14	4.503300e+04	1.773500e+04
3	707.784175	1.135702e-14	9.098000e-01	3.393351e-36	2.178400e+04	4.791200e+04
3	656.458882	2.177291e-11	8.724000e-01	2.357841e-26	2.585000e+03	8.728000e+03
3	1025.337373	3.377175e-09	8.351410e-01	3.377175e-09	3.337700e+04	3.593700e+04
3	310.337269	2.725821e-11	9.384000e-01	7.189611e-30	1.518700e+04	1.432300e+04
3	695.142017	5.566623e-14	8.922000e-01	3.464882e-36	1.740000e+04	5.138200e+04
3	504.488341	8.456863e-16	9.802000e-01	8.456863e-16	3.972600e+04	7.977000e+03
3	179.420683	1.000000e-05	8.122046e-01	2.880230e-10	4.307196e+04	9.458000e+03
3	1101.458421	7.772588e-06	9.582008e-01	4.221297e-12	5.362200e+04	5.036700e+04
3	19166.994528	1.133176e-07	9.802001e-01	6.261400e-09	4.767800e+04	2.168000e+03
3	442.315798	3.036379e-12	8.768000e-01	8.522337e-13	7.387000e+03	5.323100e+04
3	376.960411	3.331993e-10	9.758000e-01	2.176891e-13	3.373800e+04	1.214100e+04
3	670.641205	8.754954e-13	8.328000e-01	9.807854e-33	9.491000e+03	3.905000e+04
3	1085.725283	1.000000e-05	7.887993e-01	1.084121e-12	5.034600e+04	4.667600e+04
3	1107.574807	9.999999e-06	8.833922e-01	1.470307e-12	5.348300e+04	5.186900e+04
3	716.742744	2.720551e-15	9.208000e-01	2.281968e-34	2.567300e+04	4.354200e+04
3	756.219898	5.933619e-16	7.932000e-01	5.753048e-31	2.607400e+04	3.349300e+04
3	448.444355	1.335500e-12	8.724000e-01	6.708725e-13	9.251000e+03	5.373200e+04
3	1059.991813	1.000000e-05	9.296310e-01	1.532065e-10	5.181300e+04	4.091100e+04
3	196.805308	5.115334e-06	8.128502e-01	7.541577e-09	5.883255e+04	1.577133e+03
3	1108.689165	4.239515e-06	9.186031e-01	1.699666e-12	5.470600e+04	5.214600e+04
3	818.482274	8.845326e-16	9.714000e-01	1.797750e-17	1.235200e+04	3.426000e+04
3	358.166639	1.264865e-08	8.526000e-01	2.587071e-13	2.949100e+04	1.395900e+04
3	1131.908075	3.242270e-11	9.142000e-01	4.510580e-28	1.479800e+04	6.264000e+03
3	2786.510329	3.400000e-16	9.538000e-01	1.315724e-22	4.439100e+04	5.969200e+04
3	1053.688451	1.645720e-10	8.899908e-01	1.645720e-10	3.946300e+04	5.168200e+04
3	678.250939	1.178167e-13	7.954000e-01	1.178167e-13	1.231500e+04	1.806500e+04
3	211.086049	6.057854e-15	7.932000e-01	6.347512e-18	1.955800e+04	5.271000e+04
3	677.305825	3.431976e-13	9.186001e-01	1.829310e-32	1.398200e+04	3.330700e+04
3	757.285824	4.348442e-16	8.790000e-01	7.194619e-36	2.850900e+04	5.169600e+04
3	1058.479345	1.000000e-05	8.747246e-01	1.172448e-10	5.062100e+04	4.058600e+04
3	203.231730	9.964058e-06	8.085100e-01	4.465607e-13	4.653903e+04	2.503210e+04
3	659.202816	8.147343e-12	8.526000e-01	2.715056e-28	4.520000e+03	1.134900e+04
3	845.978833	2.625386e-17	8.152000e-01	1.725609e-21	3.310700e+04	5.562700e+04
3	206.316523	1.000000e-05	8.122622e-01	1.000000e-08	3.771798e+04	7.049998e+02
3	750.253204	1.345551e-17	9.406000e-01	5.100006e-21	3.942100e+04	3.713400e+04
3	208.175526	6.293566e-12	8.045212e-01	4.269434e-12	5.252225e+04	1.933100e+04
3	202.791625	1.415500e-08	9.507388e-01	1.000000e-08	5.604075e+01	5.103258e+04
3	31280.531400	1.507937e-08	9.538000e-01	3.145552e-16	5.467300e+04	4.239900e+04
3	352.094447	3.213941e-09	9.582000e-01	4.512527e-13	2.947500e+04	1.058800e+04
3	996.372232	1.000000e-05	8.294810e-01	9.848661e-09	4.988938e+04	2.796305e+04
3	395.535278	1.281569e-10	9.802000e-01	7.089340e-14	3.562000e+04	1.476400e+04
3	221.039939	5.058365e-11	8.039884e-01	1.063138e-14	4.705340e+04	3.379006e+04
3	180.721003	1.000000e-05	8.106655e-01	4.771091e-11	2.040899e+04	1.372800e+04
3	974.722375	1.999999e-16	8.768000e-01	1.353692e-21	1.938600e+04	5.771700e+04
3	659.699504	9.951708e-12	8.988000e-01	2.258870e-30	5.178000e+03	2.662900e+04
3	964.744048	3.550802e-06	7.837323e-01	9.060241e-09	5.580302e+04	2.186695e+04
3	790.860708	2.873407e-18	8.328000e-01	2.873407e-18	2.142500e+04	4.214500e+04
3	1015.819262	7.834578e-09	7.800000e-01	6.838204e-09	3.180100e+04	3.490500e+04
3	244.395213	7.444568e-14	8.020000e-01	1.792014e-16	1.184900e+04	4.407100e+04
3	1008.669765	1.188348e-08	8.139880e-01	1.000000e-08	3.026420e+04	3.690708e+04
3	418.568294	1.211054e-09	9.428000e-01	3.687899e-15	3.273500e+04	2.215300e+04
3	18553.248413	2.642474e-08	9.428001e-01	1.999235e-13	5.391600e+04	2.702900e+04
3	679.100199	3.409037e-13	8.966000e-01	1.898950e-32	1.320700e+04	3.653100e+04
3	690.592198	7.998651e-14	8.548000e-01	7.998651e-14	1.546700e+04	9.687000e+03
3	676.786331	4.090400e-13	8.438000e-01	1.256303e-32	1.151300e+04	3.723000e+04
3	444.502238	5.525694e-11	9.340000e-01	8.070930e-15	4.088800e+04	2.043400e+04
3	661.444735	4.295006e-12	8.350000e-01	9.299139e-27	5.720000e+03	1.116100e+04
3	738.096728	4.166653e-16	9.186000e-01	3.236282e-33	3.004400e+04	3.667900e+04
3	952.351133	1.171597e-06	7.800000e-01	8.229329e-09	1.932317e+04	3.560116e+04
3	191.392151	6.564539e-06	8.128020e-01	3.857256e-09	5.269940e+04	3.196255e+03
3	352.308929	5.148354e-10	9.736000e-01	8.108971e-12	3.287600e+04	3.501000e+03
3	397.421729	5.800330e-11	8.878000e-01	3.737967e-11	5.570000e+02	4.388900e+04
3	667.478536	5.435863e-13	8.152000e-01	5.435863e-13	4.219000e+03	1.428800e+04
3	178.931951	1.000000e-05	8.120967e-01	2.136900e-10	5.221502e+04	1.017795e+04
3	990.902092	3.100000e-16	9.648000e-01	6.620605e-22	2.551600e+04	5.730700e+04
3	1085.240117	9.791451e-06	8.504113e-01	8.533221e-12	5.801300e+04	4.653100e+04
3	439.205039	1.121213e-08	8.658000e-01	2.082553e-16	2.950600e+04	3.041500e+04
3	208.005542	8.533194e-11	8.059346e-01	8.533194e-11	4.839705e+04	1.222000e+04
3	950.247050	1.000000e-05	7.815074e-01	9.653303e-09	3.962101e+04	1.942700e+04
3	1017.459370	6.876408e-09	7.800000e-01	4.670965e-09	3.212799e+04	4.166421e+04
3	214.712014	2.428357e-12	8.050888e-01	2.974666e-14	5.501427e+04	3.137633e+04
3	334.202351	3.187548e-15	9.824000e-01	1.184990e-20	3.834200e+04	5.025700e+04
3	821.070261	2.073870e-14	8.262000e-01	2.073870e-14	2.962000e+03	3.242700e+04
3	680.240403	3.252186e-13	9.714000e-01	1.003596e-19	5.162800e+04	4.608400e+04
3	698.706792	4.283310e-14	8.548000e-01	5.134032e-35	1.709900e+04	4.855500e+04
3	307.715629	7.561620e-09	8.071772e-01	7.561620e-09	5.663135e+04	6.588013e+02
3	1054.400191	8.844403e-11	9.428000e-01	8.844403e-11	3.931800e+04	5.044000e+04
3	693.143621	6.005048e-14	8.372000e-01	6.005048e-14	1.580300e+04	1.096800e+04
3	959.834141	3.177170e-07	8.811407e-01	1.000000e-08	2.073800e+04	4.320900e+04
3	405.756288	2.009358e-12	7.844000e-01	2.009358e-12	6.759000e+03	4.328200e+04
3	218.645955	5.854858e-10	8.041093e-01	1.546675e-14	4.098225e+04	3.287638e+04
3	5007.523968	4.110884e-08	8.856001e-01	1.566035e-10	5.512900e+04	1.103100e+04
3	313.018007	4.691104e-09	9.956022e-01	7.998731e-17	8.575000e+03	3.046800e+04
3	657.398809	1.097513e-11	8.218000e-01	2.676723e-27	3.230000e+03	1.497500e+04
3	4083.879660	1.500000e-16	9.384000e-01	1.972584e-38	4.065600e+04	5.691000e+04
3	1017.052933	5.006436e-09	8.352211e-01	5.006436e-09	3.203100e+04	4.643600e+04
3	710.265150	5.334700e-15	9.208000e-01	5.798221e-36	2.406300e+04	5.269300e+04
3	210.994724	1.315006e-08	9.525035e-01	1.000000e-08	1.330179e+02	3.631702e+04
3	1087.786157	9.999999e-06	8.768216e-01	9.019339e-12	4.823000e+04	4.712000e+04
3	455.592362	1.443716e-10	9.560000e-01	1.158464e-15	3.738100e+04	2.471000e+04
3	361.530383	1.704076e-10	9.912000e-01	9.597297e-13	3.284000e+04	8.453000e+03
3	187.535311	5.648089e-06	8.095586e-01	4.110979e-12	2.270797e+04	1.965301e+04
3	439.866227	2.893098e-11	7.954000e-01	7.559691e-14	4.240000e+02	5.497000e+04
3	178.500741	1.000000e-05	8.117822e-01	1.006311e-10	3.115502e+04	1.199297e+04
3	173.536954	1.840763e-11	9.560000e-01	1.966436e-14	1.629400e+04	1.386200e+04
3	474.161312	1.824145e-10	9.582000e-01	2.841476e-16	3.665300e+04	2.796300e+04
3	1121.273550	4.270092e-17	8.218000e-01	4.270092e-17	1.363900e+04	4.711100e+04
3	971.724906	1.000000e-05	7.850845e-01	7.228201e-09	5.234204e+04	2.319591e+04
3	377.469069	1.988088e-10	9.120000e-01	1.046897e-11	3.846100e+04	3.684000e+03
3	1050.188113	1.595043e-10	9.450042e-01	1.595043e-10	3.793600e+04	4.638300e+04
3	1122.808546	1.402399e-06	8.129993e-01	1.102764e-13	5.442600e+04	5.576200e+04
3	185.018658	3.399120e-15	9.736000e-01	2.513063e-15	3.757100e+04	2.144100e+04
3	189.156332	1.000000e-05	8.127633e-01	2.804261e-09	4.641801e+04	3.966016e+03
3	711.935681	2.400000e-16	9.604000e-01	4.781986e-36	3.391000e+04	5.567700e+04
3	287.492092	3.362397e-15	7.822000e-01	9.781416e-18	2.175300e+04	5.581400e+04
3	197.197019	7.174684e-06	8.128518e-01	7.883234e-09	5.455334e+04	1.470123e+03
3	446.942759	6.795710e-13	7.954000e-01	1.745493e-13	9.440000e+03	5.283300e+04
3	697.643974	1.042527e-14	9.318000e-01	7.974665e-31	2.303900e+04	2.559200e+04
3	177.916709	1.610186e-09	9.956000e-01	2.972359e-11	1.112700e+04	1.160000e+02
3	727.765602	2.997369e-15	8.922000e-01	2.208357e-34	2.434000e+04	4.421300e+04
3	949.207234	1.412141e-09	9.990022e-01	1.679857e-10	2.171296e+04	5.009500e+04
3	180.492243	4.422023e-10	9.514454e-01	4.422023e-10	8.423034e+03	5.520499e+04
3	1106.650693	6.735016e-06	8.856066e-01	1.639385e-12	5.602600e+04	5.164000e+04
3	1044.010793	2.396951e-14	8.284000e-01	2.396951e-14	1.312300e+04	3.211300e+04
3	718.491785	8.134348e-15	8.614000e-01	2.547592e-37	2.117200e+04	5.966400e+04
3	267.986962	1.000000e-05	8.020628e-01	7.593148e-12	4.937800e+04	1.810200e+04
3	1085.318282	4.583588e-07	7.910025e-01	1.410324e-12	5.574700e+04	4.657000e+04
3	196.900429	1.000000e-05	8.128507e-01	7.623468e-09	5.016501e+04	1.551049e+03
3	1044.491340	3.371774e-06	7.998464e-01	8.661219e-11	4.877800e+04	3.763500e+04
3	690.339079	9.068956e-14	8.416000e-01	9.068956e-14	1.505200e+04	1.051000e+03
3	355.834612	2.150210e-10	7.910000e-01	2.383613e-12	4.098600e+04	1.782900e+04
3	671.018587	8.763115e-13	9.230000e-01	1.099294e-31	1.192400e+04	2.899500e+04
3	348.036094	3.502563e-10	7.910000e-01	5.716324e-16	3.978700e+04	3.820400e+04
3	692.667484	2.720863e-15	9.516000e-01	2.419278e-34	2.768100e+04	4.284300e+04
3	354.924783	8.640646e-10	9.890000e-01	2.558433e-13	2.933800e+04	1.162600e+04
3	224.327186	7.342243e-09	9.581999e-01	5.082156e-12	1.500000e+03	5.613300e+04
3	204.140839	4.155557e-09	9.531183e-01	4.155557e-09	2.896999e+03	3.766099e+04
3	714.524959	8.039806e-15	8.988000e-01	3.019445e-28	2.221100e+04	1.677900e+04
3	659.193033	5.129626e-12	7.932000e-01	5.129626e-12	3.775000e+03	8.045000e+03
3	423.956501	6.400556e-13	9.956000e-01	2.254158e-13	4.512400e+04	1.187900e+04
3	229.581043	1.513414e-10	8.042000e-01	3.588317e-15	4.437100e+04	3.640100e+04
3	208.348692	4.703479e-06	8.113821e-01	1.000000e-08	2.225899e+04	6.630044e+02
3	425.659297	2.832523e-11	9.296000e-01	8.914080e-14	4.275700e+04	1.481700e+04
3	1107.858530	3.605500e-06	8.416055e-01	8.942009e-13	5.227800e+04	5.194000e+04
3	7024.014011	1.410593e-07	8.944003e-01	6.500214e-12	4.839100e+04	1.867900e+04
3	411.136364	3.490825e-09	9.626000e-01	1.752616e-15	2.896600e+04	2.365900e+04
3	985.502535	8.518003e-08	7.800000e-01	9.701981e-09	2.583621e+04	3.325702e+04
3	330.060002	1.285382e-08	9.758000e-01	3.810964e-13	2.460500e+04	1.080000e+04
3	7624.698474	8.300000e-16	8.240000e-01	2.678512e-37	3.042200e+04	5.732900e+04
3	249.114174	2.428244e-10	9.406000e-01	9.991588e-29	9.913000e+03	1.040300e+04
3	677.630028	2.232385e-13	9.296000e-01	2.573647e-35	1.554700e+04	4.745900e+04
3	835.727539	3.477433e-11	9.987552e-01	3.477433e-11	2.321597e+04	4.910900e+04
3	717.051118	9.084128e-15	8.350000e-01	2.217763e-19	2.037500e+04	1.651300e+04
3	556.309629	7.500050e-15	9.956000e-01	1.964905e-16	5.637500e+04	2.845500e+04
3	690.848095	6.869973e-14	8.042000e-01	6.869973e-14	1.492600e+04	1.258500e+04
3	670.561639	3.460573e-13	8.130000e-01	3.460573e-13	7.414000e+03	1.508100e+04
3	660.851432	7.950264e-12	9.186000e-01	1.774952e-29	6.421000e+03	1.831100e+04
3	657.656170	1.986862e-11	9.120000e-01	1.368448e-30	3.955000e+03	2.632800e+04
3	484.278257	4.882213e-11	9.142000e-01	6.384830e-16	4.190900e+04	2.668800e+04
3	227.071027	5.304630e-09	8.066717e-01	5.304630e-09	3.857200e+04	2.239998e+03
3	186.064803	1.377039e-09	9.512732e-01	1.377039e-09	5.670000e+03	4.570400e+04
3	22066.165495	3.734703e-08	9.516001e-01	6.297018e-14	5.134600e+04	2.979200e+04
3	191.406149	3.151516e-06	8.064038e-01	2.310276e-11	2.010200e+04	1.523400e+04
3	1048.024220	1.000000e-05	8.131157e-01	1.061952e-10	4.202400e+04	3.837000e+04
3	646.915724	3.854304e-10	9.713999e-01	8.364896e-31	1.679000e+03	2.784800e+04
3	427.302874	7.302077e-12	8.878000e-01	3.190591e-12	5.559000e+03	5.012100e+04
3	706.747454	1.702562e-14	8.966000e-01	1.471792e-35	2.035500e+04	4.657500e+04
3	671.540616	9.433460e-13	8.746000e-01	2.872612e-34	1.017800e+04	4.504200e+04
3	678.953527	2.046194e-14	9.626000e-01	8.805248e-36	2.400600e+04	4.893700e+04
3	658.145459	9.599080e-12	8.350000e-01	3.451715e-32	3.786000e+03	3.325000e+04
3	710.737139	7.833048e-15	9.120000e-01	1.348977e-30	2.275800e+04	2.649100e+04
3	28446.721733	9.733662e-09	9.516000e-01	9.875249e-16	5.710100e+04	3.968900e+04
3	655.494035	4.100064e-11	8.988000e-01	1.135761e-31	1.764000e+03	2.976100e+04
3	340.846326	6.508329e-09	9.362000e-01	1.760786e-12	2.882800e+04	7.602000e+03
3	181.351651	1.000000e-05	8.123256e-01	5.405898e-10	2.600130e+04	7.932827e+03
3	3806.858360	1.528633e-07	8.724003e-01	2.729028e-11	4.872600e+04	1.522800e+04
3	659.060448	5.364894e-12	7.800000e-01	4.070056e-12	4.301000e+03	4.955800e+04
3	747.317726	1.602320e-07	9.780004e-01	1.032453e-15	5.727700e+04	2.479200e+04
3	751.092811	8.595126e-11	8.724000e-01	8.595126e-11	3.240000e+02	3.990700e+04
3	939.942660	5.899999e-16	9.956000e-01	2.396634e-20	2.741600e+04	4.902600e+04
3	1115.454243	2.102566e-12	9.186000e-01	1.052367e-27	2.136900e+04	1.917000e+03
3	762.826822	3.213215e-16	8.746000e-01	1.673419e-32	2.910000e+04	3.546900e+04
3	798.885149	3.899891e-16	8.064000e-01	3.082192e-20	2.133200e+04	5.486600e+04
3	769.385167	2.791757e-16	8.174000e-01	1.815601e-32	2.822100e+04	3.784600e+04
3	1028.902699	1.320037e-09	8.899962e-01	1.320037e-09	3.425000e+04	4.462600e+04
3	224.371314	2.439748e-10	9.575865e-01	2.439748e-10	9.578023e+03	4.197801e+04
3	683.444367	1.510297e-13	9.164000e-01	7.097686e-32	1.585900e+04	2.858400e+04
3	354.546917	6.702580e-14	9.912000e-01	2.343756e-18	3.317000e+04	3.854800e+04
3	193.444680	1.447866e-12	7.998000e-01	6.588473e-15	5.771000e+03	3.579400e+04
3	412.539546	2.254115e-15	7.866000e-01	2.254115e-15	2.288700e+04	3.852400e+04
3	17639.307953	7.354046e-17	8.680000e-01	3.535878e-21	4.654900e+04	5.719000e+04
3	316.877647	2.952763e-09	9.934000e-01	4.490120e-12	2.498200e+04	4.727000e+03
3	676.144877	1.699151e-12	9.648000e-01	5.809621e-20	4.797700e+04	4.739500e+04
3	183.117363	6.353863e-06	8.106552e-01	1.110922e-11	5.583281e+04	1.730286e+04
3	659.393247	5.060642e-12	7.844000e-01	1.808583e-24	4.505000e+03	5.125000e+03
3	945.989758	6.499999e-16	9.648000e-01	9.301781e-21	2.392800e+04	5.137200e+04
3	1004.549419	1.102097e-08	8.649489e-01	1.000000e-08	2.948412e+04	4.103904e+04
3	221.133088	6.790786e-15	9.758000e-01	1.948265e-18	3.595900e+04	3.827100e+04
3	1008.611438	1.000000e-05	8.725258e-01	6.683759e-09	5.285600e+04	3.037100e+04
3	24030.330014	1.959331e-08	9.604001e-01	7.950722e-14	5.404700e+04	2.923500e+04
3	657.731903	1.374452e-11	8.680000e-01	1.243687e-31	3.592000e+03	3.394500e+04
3	751.527779	8.061127e-16	8.020000e-01	8.061127e-16	2.549400e+04	1.143800e+04
3	196.599775	1.000000e-05	8.128493e-01	7.366590e-09	4.446683e+04	1.633830e+03
3	180.612511	1.000000e-05	8.123634e-01	4.695381e-10	3.585900e+04	8.279027e+03
3	192.737051	2.818056e-09	8.083544e-01	1.324341e-12	3.935602e+04	2.233401e+04
3	678.625878	2.578890e-13	8.064000e-01	2.578890e-13	1.190700e+04	6.959000e+03
3	391.405263	1.171066e-08	8.416000e-01	5.377711e-15	2.989200e+04	2.367300e+04
3	655.484003	4.489130e-11	9.076000e-01	6.862696e-26	1.831000e+03	5.453000e+03
3	12203.363270	5.103011e-16	8.614000e-01	1.386627e-35	4.125300e+04	5.280300e+04
3	1009.350779	1.308055e-08	7.800000e-01	9.616137e-09	3.051705e+04	5.313503e+04
3	708.580499	6.459616e-11	9.230000e-01	4.013247e-30	1.313200e+04	1.577400e+04
3	-1.000000	-1.000000e+00	-1.000000e+00	-1.000000e+00	-1.000000e+00	-1.000000e+00
3	654.328735	1.097827e-10	9.384000e-01	5.978842e-25	1.101000e+03	9.160000e+02
3	844.154072	9.991500e-06	7.804896e-01	1.166958e-13	5.372500e+04	3.868500e+04
3	383.007462	1.854679e-11	9.956000e-01	4.354043e-13	3.663600e+04	1.030400e+04
