14	2561.529466	7.399482e-16	9.800000e-01	2.462850e-18	2.040300e+04	3.915200e+04
14	350.432429	7.944148e-11	9.139156e-01	7.944148e-11	1.356203e+04	5.427991e+04
14	947.544258	9.116657e-13	8.125000e-01	9.116657e-13	7.399000e+03	2.466200e+04
14	371.330676	1.000000e-05	8.032513e-01	3.360341e-11	1.664701e+04	1.553199e+04
14	47551.236440	9.235278e-09	9.500000e-01	2.703065e-17	5.850900e+04	4.969400e+04
14	375.739545	8.172756e-11	9.475000e-01	5.215749e-15	1.465300e+04	2.057800e+04
14	1134.672142	6.560176e-12	8.850000e-01	1.325094e-30	1.970100e+04	2.094900e+04
14	787.405758	1.812207e-09	9.550000e-01	3.387723e-11	2.884000e+04	5.420000e+02
14	420.439024	2.664809e-08	8.016807e-01	4.018024e-12	3.218095e+04	2.075403e+04
14	1662.552657	1.698510e-16	9.700000e-01	1.698510e-16	4.293900e+04	1.124200e+04
14	1105.158845	1.010187e-10	9.625000e-01	9.523976e-15	3.563700e+04	2.007700e+04
14	1889.973301	1.755317e-12	9.175000e-01	1.366303e-29	1.111500e+04	1.720000e+04
14	2725.042793	1.213340e-06	7.500000e-01	9.516675e-09	1.737410e+04	4.918495e+04
14	2605.418865	9.999538e-17	9.250000e-01	9.994888e-19	2.355200e+04	4.180900e+04
14	-1.000000	-1.000000e+00	-1.000000e+00	-1.000000e+00	-1.000000e+00	-1.000000e+00
14	347.254943	1.000000e-05	8.072831e-01	9.685647e-11	3.707693e+04	1.308196e+04
14	2043.845305	3.483086e-12	8.300000e-01	3.483086e-12	4.766000e+03	2.135600e+04
14	2465.947668	8.800000e-16	9.000000e-01	1.136996e-21	2.661300e+04	5.466500e+04
14	793.719392	7.559165e-09	8.975000e-01	5.057841e-12	2.747300e+04	5.834000e+03
14	386.188208	3.646374e-09	9.650000e-01	7.242006e-13	6.603000e+03	9.353000e+03
14	1813.895421	6.311252e-12	9.350000e-01	2.760745e-19	4.412000e+04	4.463900e+04
14	523.804396	5.976803e-06	7.995466e-01	3.605467e-13	5.937294e+04	2.669312e+04
14	1862.492676	1.558884e-11	9.575000e-01	4.292652e-31	8.953000e+03	2.663800e+04
14	337.726832	1.000000e-05	8.081264e-01	3.108454e-10	2.355701e+04	1.023200e+04
14	1099.132692	2.557211e-11	7.575000e-01	3.454388e-14	9.520000e+02	5.316200e+04
14	3192.455413	3.617887e-06	8.525036e-01	1.010977e-12	5.737800e+04	5.088100e+04
14	17326.338274	1.122588e-08	9.575000e-01	1.425057e-11	5.779000e+04	1.786100e+04
14	551.439355	7.539055e-08	7.975000e-01	1.141354e-13	2.802600e+04	2.935700e+04
14	86099.069685	7.400000e-16	8.350000e-01	2.052366e-36	3.617200e+04	5.546900e+04
14	2621.286528	9.886233e-19	7.725000e-01	7.834943e-35	4.142900e+04	4.973900e+04
14	2136.225051	2.497775e-13	8.350000e-01	2.497775e-13	5.463000e+03	2.766000e+04
14	522.293426	9.626076e-09	7.972263e-01	9.626076e-09	3.209202e+04	1.110248e+03
14	2072.831934	2.162458e-15	7.775000e-01	2.162458e-15	2.173200e+04	2.744600e+04
14	765.239504	9.951735e-12	7.777539e-01	8.564480e-12	4.738500e+04	1.747400e+04
14	2426.848081	4.466906e-18	7.550000e-01	2.455577e-19	3.699300e+04	5.236900e+04
14	488.300798	1.606542e-09	8.950000e-01	1.606542e-09	6.282000e+03	4.831700e+04
14	3113.249115	1.027541e-06	7.725068e-01	2.798330e-12	4.711300e+04	4.467300e+04
14	1041.183883	6.756015e-11	8.475000e-01	2.909090e-12	7.100000e+01	4.814100e+04
14	314.232881	8.596981e-12	9.500000e-01	3.115545e-12	2.024400e+04	5.370000e+03
14	2166.861417	1.801205e-15	8.050003e-01	4.030535e-36	2.453700e+04	5.685700e+04
14	1641.349000	1.874556e-12	9.700000e-01	6.217679e-18	4.514900e+04	3.711100e+04
14	1115.597044	1.802000e-11	9.900000e-01	8.565569e-15	3.654500e+04	2.009200e+04
14	1120.619886	3.460676e-13	9.750000e-01	2.210801e-20	2.934200e+04	4.966900e+04
14	348.621442	1.000000e-05	8.066504e-01	8.227389e-10	1.740201e+04	7.769996e+03
14	3271.624829	1.441091e-13	8.250000e-01	1.441091e-13	5.718000e+04	5.912300e+04
14	2381.670270	9.619805e-16	9.825000e-01	4.505823e-17	1.369900e+04	3.244700e+04
14	1976.413392	1.085866e-14	9.275000e-01	1.338573e-33	2.398700e+04	3.574000e+04
14	724.037391	1.552828e-09	9.950000e-01	3.236902e-12	2.347700e+04	5.886000e+03
14	1931.571522	5.299321e-13	8.400000e-01	1.042229e-27	1.166800e+04	1.148300e+04
14	338.077909	1.000000e-05	8.091239e-01	1.164490e-09	3.321598e+04	7.018035e+03
14	1092.249484	2.378893e-15	9.800000e-01	4.944325e-19	4.152100e+04	4.262100e+04
14	3034.980543	2.000717e-10	7.977337e-01	2.000717e-10	3.867000e+04	4.473900e+04
14	2104.178700	4.394219e-15	8.625000e-01	2.522436e-31	2.362200e+04	2.841400e+04
14	1883.590052	4.241142e-12	8.700000e-01	2.115428e-29	7.325000e+03	1.872100e+04
14	592.875003	1.521597e-10	7.851729e-01	4.203769e-13	4.121300e+04	2.566500e+04
14	1839.849683	2.028032e-12	9.050000e-01	3.220913e-19	4.806000e+04	4.473600e+04
14	1116.998362	2.116747e-12	7.650000e-01	1.384674e-13	7.086000e+03	5.138300e+04
14	4032.993278	2.071904e-06	8.450032e-01	2.111599e-14	3.491600e+04	3.363800e+04
14	1444.686539	8.790981e-17	9.650000e-01	8.790981e-17	4.656700e+04	1.785100e+04
14	1737.476808	2.700000e-16	9.550000e-01	8.184914e-23	4.173500e+04	5.792000e+04
14	1904.161289	3.048035e-13	7.800000e-01	2.210894e-13	7.437000e+03	1.778100e+04
14	2489.953809	4.897744e-16	8.400000e-01	8.331928e-19	2.311500e+04	4.373500e+04
14	2029.549028	2.861753e-14	7.500000e-01	1.337276e-15	1.719000e+04	5.244000e+03
14	1878.035378	5.639774e-12	8.600000e-01	1.140478e-28	6.396000e+03	1.881900e+04
14	10126.332063	2.907654e-15	8.425000e-01	1.988768e-36	3.843700e+04	5.337400e+04
14	3066.912548	8.200000e-16	9.900000e-01	2.294934e-22	2.591400e+04	5.993900e+04
14	718.131339	1.035598e-08	9.825000e-01	3.265524e-12	2.200900e+04	5.964000e+03
14	2490.669773	7.299490e-16	8.375000e-01	7.276243e-19	2.079600e+04	4.437200e+04
14	353.240009	1.000000e-05	8.068734e-01	6.467523e-11	4.568874e+04	1.406626e+04
14	3221.296632	7.642994e-13	9.550000e-01	7.642994e-13	5.163200e+04	5.394800e+04
14	426.759482	2.830632e-06	8.003561e-01	3.144964e-12	1.974087e+04	2.130197e+04
14	1856.556422	2.494650e-11	8.500000e-01	1.111204e-27	2.573000e+03	1.154000e+04
14	354.800791	1.995185e-09	9.123917e-01	1.995185e-09	5.661027e+03	3.986807e+04
14	1864.930884	1.012542e-11	8.125000e-01	1.107859e-27	4.054000e+03	1.407100e+04
14	502.271516	1.728859e-08	7.953314e-01	2.931059e-13	3.096798e+04	2.698601e+04
14	1937.599368	5.765614e-12	8.075000e-01	1.346247e-16	5.439800e+04	4.580300e+04
14	2878.826085	6.999990e-17	9.425000e-01	1.253478e-20	2.295400e+04	5.157800e+04
14	402.240075	5.345829e-13	7.900000e-01	1.852644e-13	8.607000e+03	2.885100e+04
14	482.336626	3.925164e-10	7.975900e-01	5.741256e-13	4.107799e+04	2.542201e+04
14	2517.348425	7.094166e-20	8.150000e-01	7.094166e-20	2.780500e+04	5.107000e+04
14	336.700658	1.000000e-05	8.089741e-01	8.818108e-10	3.079200e+04	7.696006e+03
14	1397.011608	4.661785e-13	9.850000e-01	5.196444e-16	4.688000e+04	2.671600e+04
14	994.912441	3.430178e-10	8.725000e-01	1.828647e-13	3.589600e+04	1.423500e+04
14	341.518719	5.971211e-06	8.093192e-01	1.796277e-09	5.945998e+04	5.960950e+03
14	2192.419487	4.471254e-16	8.750000e-01	1.560954e-37	2.941000e+04	5.863100e+04
14	2829.630426	6.886772e-08	7.500000e-01	8.494556e-09	2.455200e+04	3.158012e+04
14	2370.170823	7.582340e-17	7.950000e-01	2.833394e-22	3.169300e+04	5.584500e+04
14	1947.118459	3.015782e-13	8.200000e-01	3.015782e-13	1.263600e+04	9.000000e+01
14	713.680567	4.537153e-16	9.650000e-01	3.913917e-18	4.390500e+04	3.753100e+04
14	501.614494	1.544616e-15	9.525000e-01	3.470951e-16	4.058700e+04	2.671700e+04
14	697.543756	1.121556e-08	7.967458e-01	1.000000e-08	3.623398e+04	8.509207e+02
14	352.368979	1.000000e-05	8.095393e-01	4.034277e-09	2.809398e+04	3.986099e+03
14	1900.258449	1.678921e-12	8.250000e-01	8.245126e-27	8.611000e+03	9.717000e+03
14	2773.139553	5.699974e-16	8.575000e-01	1.268706e-20	1.786600e+04	5.329800e+04
14	905.840869	1.548409e-10	9.200000e-01	1.181958e-11	3.660000e+04	3.482000e+03
14	1984.344082	6.690205e-14	8.875000e-01	2.207321e-31	1.782600e+04	2.934700e+04
14	2493.051854	4.676011e-16	9.850000e-01	7.682220e-18	1.168400e+04	3.651200e+04
14	372.339612	1.000000e-05	8.083279e-01	7.426105e-09	1.881198e+04	2.445001e+03
14	1857.064008	3.033758e-11	9.174999e-01	7.665994e-30	4.176000e+03	1.662200e+04
14	408.497207	1.265938e-10	9.031363e-01	4.419029e-11	1.245800e+04	5.345000e+04
14	3001.454760	6.000002e-16	9.575000e-01	1.561300e-21	1.744700e+04	5.609600e+04
14	-1.000000	-1.000000e+00	-1.000000e+00	-1.000000e+00	-1.000000e+00	-1.000000e+00
14	1717.278788	2.484479e-11	8.075000e-01	3.114604e-16	5.158500e+04	4.378700e+04
14	343.126243	1.000000e-05	8.093777e-01	2.096031e-09	5.545102e+04	5.584498e+03
14	3322.139137	6.114447e-08	8.250001e-01	5.264605e-16	4.919100e+04	4.254500e+04
14	345.242165	1.000000e-05	8.094075e-01	2.467057e-09	2.829026e+04	5.185874e+03
14	2686.339360	1.967436e-06	8.474512e-01	1.000000e-08	1.463600e+04	5.847200e+04
14	93694.226303	1.725399e-17	7.600000e-01	1.359261e-17	5.019700e+04	5.549500e+04
14	13214.154822	3.173504e-08	9.250001e-01	2.163416e-12	5.365500e+04	2.243500e+04
14	2975.324099	9.495282e-07	8.400352e-01	5.529859e-10	5.775600e+04	3.457300e+04
14	9444.871386	5.029217e-08	8.775001e-01	1.483963e-14	5.321300e+04	3.450000e+04
14	2203.660275	9.019974e-16	7.525000e-01	1.674845e-30	2.536500e+04	3.210800e+04
14	3186.617091	8.268952e-06	8.725031e-01	1.422163e-12	5.618000e+04	5.040600e+04
14	2154.493788	1.806692e-15	8.475000e-01	8.391782e-34	2.536600e+04	4.150500e+04
14	1602.203580	1.609594e-11	9.000000e-01	5.662587e-18	4.294000e+04	3.820700e+04
14	955.805323	4.896117e-09	8.575000e-01	4.207161e-14	2.950600e+04	1.806100e+04
14	340.261398	1.000000e-05	8.078467e-01	5.747211e-10	1.966099e+04	8.704017e+03
14	353.923978	1.425823e-11	9.550000e-01	6.166955e-14	1.924700e+04	1.496200e+04
14	2047.047397	4.432289e-10	8.600000e-01	1.428384e-29	9.468000e+03	1.158400e+04
14	1090.883088	3.785850e-12	7.775000e-01	4.353195e-13	5.861000e+03	4.997200e+04
14	1741.141452	1.000000e-05	7.650311e-01	4.457217e-17	4.683200e+04	4.466600e+04
14	551.718662	3.833778e-12	9.050000e-01	4.750021e-28	2.098100e+04	1.006200e+04
14	2340.721005	4.999598e-16	7.950000e-01	3.594249e-19	2.167700e+04	4.817900e+04
14	1917.896667	7.508092e-13	8.900000e-01	3.420060e-32	1.207500e+04	3.034000e+04
14	1545.582172	3.982599e-12	8.675000e-01	2.526811e-17	4.730700e+04	3.538100e+04
14	353.278796	4.318668e-09	9.106402e-01	4.318668e-09	3.821083e+03	5.877103e+04
14	25041.822876	7.784794e-09	9.275000e-01	1.918606e-15	5.856400e+04	3.944600e+04
14	1903.663156	1.193588e-12	7.925000e-01	1.193588e-12	8.835000e+03	2.725000e+03
14	1955.050048	2.430377e-13	8.275000e-01	2.222016e-34	1.329600e+04	4.523700e+04
14	1893.396922	8.982621e-13	9.525000e-01	1.152300e-31	1.527900e+04	2.779700e+04
14	356.413740	1.868896e-10	9.075000e-01	1.440668e-27	1.149800e+04	7.798000e+03
14	2380.760645	3.499942e-16	7.925000e-01	1.113869e-19	2.291100e+04	5.102300e+04
14	1570.579436	3.635835e-11	9.550000e-01	4.954160e-18	3.869200e+04	3.778100e+04
14	341.263584	1.000000e-05	8.077758e-01	1.642157e-10	4.182496e+04	1.179502e+04
14	426.609702	1.142479e-08	9.775000e-01	4.121000e-13	4.944000e+03	1.082900e+04
14	358.936548	9.902868e-06	8.096351e-01	5.883194e-09	5.976184e+04	3.066952e+03
14	1997.153842	2.284576e-14	9.050000e-01	1.361655e-32	2.106400e+04	3.228700e+04
14	1902.545755	1.602664e-12	8.400000e-01	5.756045e-29	9.007000e+03	1.825600e+04
14	1103.943263	4.042506e-11	9.525000e-01	2.416347e-14	3.858400e+04	1.797100e+04
14	2172.535710	1.000000e-05	7.625413e-01	6.035686e-11	4.527700e+04	1.753000e+04
14	1910.851892	1.116290e-12	8.800000e-01	8.309952e-30	1.081600e+04	1.961400e+04
14	109461.697106	3.387254e-18	7.700000e-01	1.571719e-18	5.431400e+04	5.979200e+04
14	335.715229	1.000000e-05	8.087400e-01	5.869668e-10	3.334497e+04	8.688909e+03
14	342.881233	1.000000e-05	8.093654e-01	2.044572e-09	3.346100e+04	5.645003e+03
14	10880.618398	8.322378e-09	8.800000e-01	6.179018e-15	5.942300e+04	3.661800e+04
14	3193.466285	6.066751e-06	9.353806e-01	1.614406e-12	4.073900e+04	5.096200e+04
14	763.818123	1.362387e-08	8.600000e-01	3.249281e-11	2.688400e+04	1.989000e+03
14	1102.276164	4.805724e-09	9.175000e-01	1.209562e-15	2.800000e+04	2.542800e+04
14	2839.533073	9.979234e-11	8.525000e-01	1.401165e-28	1.310300e+04	8.516000e+03
14	335.698352	1.000000e-05	8.086290e-01	4.924144e-10	4.753124e+04	9.117402e+03
14	2502.625806	1.880751e-12	8.675000e-01	2.987219e-30	2.275200e+04	1.984700e+04
14	1467.780423	1.595172e-13	8.250000e-01	1.595172e-13	4.028000e+03	2.873300e+04
14	3255.633627	1.430696e-08	8.825000e-01	1.583223e-13	5.219200e+04	5.618500e+04
14	341.914692	1.000000e-05	8.073976e-01	5.008977e-10	1.883228e+04	9.024179e+03
14	2064.019736	5.828590e-15	7.600000e-01	5.828590e-15	2.036900e+04	2.588400e+04
14	3046.428386	5.700000e-16	9.875000e-01	7.920338e-22	1.762700e+04	5.731700e+04
14	2923.953808	1.300000e-16	9.925000e-01	6.306266e-21	2.819800e+04	5.258000e+04
14	2007.666593	3.170440e-07	9.750009e-01	5.024858e-14	5.596300e+04	1.605400e+04
14	1882.906914	2.702646e-12	7.600000e-01	2.702646e-12	6.438000e+03	8.290000e+02
14	1903.967170	1.066096e-12	7.550000e-01	1.066096e-12	8.618000e+03	2.353000e+03
14	622.924515	4.005856e-10	9.399999e-01	2.521191e-13	8.882000e+03	5.776600e+04
14	2697.740363	8.899904e-16	9.175000e-01	1.381233e-19	2.104400e+04	4.633800e+04
14	2264.412107	2.948494e-16	8.100000e-01	1.877326e-32	2.887200e+04	3.664200e+04
14	1564.182529	5.398380e-11	9.225000e-01	5.482589e-18	3.915800e+04	3.793700e+04
14	1898.455148	3.826888e-13	9.374994e-01	1.045912e-33	1.605500e+04	3.977100e+04
14	23402.369627	1.856753e-08	9.800001e-01	3.932801e-12	5.330100e+04	2.099000e+04
14	16924.418505	3.024716e-08	9.450001e-01	2.299921e-12	5.320000e+04	2.228900e+04
14	335.664720	3.153434e-06	8.086851e-01	5.361251e-10	5.935500e+04	8.909996e+03
14	1075.188516	1.030329e-10	9.675000e-01	1.607334e-14	3.521200e+04	1.879400e+04
14	2651.574944	2.799992e-16	9.775000e-01	6.204001e-19	1.849400e+04	4.234600e+04
14	344.287059	1.000000e-05	8.075122e-01	1.229344e-10	4.207393e+04	1.250083e+04
14	396.905376	1.702203e-08	9.119633e-01	1.000000e-08	4.300171e+02	3.618401e+04
14	408.643609	8.313384e-06	8.021402e-01	5.990129e-12	1.810605e+04	1.977804e+04
14	336.346660	1.000000e-05	8.089366e-01	8.124923e-10	3.584997e+04	7.896018e+03
14	1617.523791	2.064079e-11	9.025000e-01	3.837972e-18	4.223600e+04	3.906500e+04
14	3158.708445	4.142907e-06	8.000034e-01	1.516706e-12	5.074500e+04	4.817800e+04
14	2071.096681	9.579438e-15	8.625000e-01	8.038799e-35	2.176600e+04	4.701100e+04
14	1935.953222	4.492069e-13	8.300000e-01	1.246837e-34	1.187100e+04	4.647900e+04
14	3151.511512	3.914528e-12	9.399867e-01	3.914528e-12	4.597300e+04	5.186400e+04
14	2044.172045	4.718230e-16	9.450000e-01	1.308253e-32	3.261100e+04	3.524500e+04
14	2051.663947	3.281231e-15	9.075000e-01	1.456622e-33	2.584600e+04	3.833400e+04
14	2080.810444	1.050430e-08	8.575000e-01	8.941596e-27	1.762000e+03	7.010000e+02
14	429.724774	6.915929e-09	8.010504e-01	2.948015e-12	3.520097e+04	2.149800e+04
14	32707.335870	9.958212e-09	9.750000e-01	2.345925e-14	5.555300e+04	3.340200e+04
14	1103.247914	7.651624e-09	8.749998e-01	7.651624e-09	2.514000e+03	4.888400e+04
14	1899.559915	4.828871e-13	9.500036e-01	7.304081e-32	1.652400e+04	3.163300e+04
14	437.293009	1.377742e-11	9.075000e-01	4.811472e-17	1.786300e+04	2.024800e+04
14	12106.131617	1.571112e-15	8.450000e-01	1.525611e-19	3.981000e+04	4.644600e+04
14	2177.806839	4.024226e-16	9.050000e-01	9.034801e-23	3.069700e+04	5.687700e+04
14	-1.000000	-1.000000e+00	-1.000000e+00	-1.000000e+00	-1.000000e+00	-1.000000e+00
14	1861.851506	9.123186e-12	9.850000e-01	9.123186e-12	5.947500e+04	3.493000e+03
14	404.394022	8.814041e-12	8.022286e-01	7.590833e-12	5.304998e+04	1.923099e+04
14	2626.054868	2.406311e-18	7.750000e-01	8.869638e-21	3.874400e+04	5.367400e+04
14	3200.422779	9.407507e-06	9.375037e-01	1.303581e-12	5.612700e+04	5.153100e+04
14	513.993787	4.445834e-08	8.039807e-01	1.000000e-08	3.878398e+04	1.239913e+03
14	1214.916261	9.913447e-13	8.075000e-01	3.680314e-14	9.554000e+03	5.807300e+04
14	347.623113	1.000000e-05	8.072132e-01	9.554209e-11	2.618912e+04	1.311288e+04
14	346.212206	1.000000e-05	8.073563e-01	1.051285e-10	3.127000e+04	1.288193e+04
14	2096.895001	1.872945e-15	7.825000e-01	1.872945e-15	2.213700e+04	2.719200e+04
14	14185.379483	5.000000e-17	8.825000e-01	1.005997e-37	3.985700e+04	4.964200e+04
14	564.127913	2.968922e-12	7.975000e-01	6.742169e-14	2.695000e+03	3.098900e+04
14	736.809090	1.264898e-11	7.625000e-01	1.264898e-11	2.931000e+03	1.989400e+04
14	2000.499868	5.755714e-14	7.525000e-01	1.306857e-14	1.555700e+04	1.561000e+04
14	1898.285477	1.522502e-12	9.050000e-01	2.969466e-31	1.089900e+04	2.467100e+04
14	1884.216111	1.489335e-12	9.500000e-01	5.071017e-34	1.383200e+04	4.292800e+04
14	2473.669678	7.015227e-17	8.100000e-01	2.445202e-20	3.149700e+04	4.948000e+04
14	757.474973	1.146200e-11	9.950000e-01	2.258911e-16	2.525900e+04	2.854900e+04
14	7263.320416	3.805663e-08	9.100000e-01	9.279134e-09	5.457700e+04	2.093000e+03
14	1231.085444	8.000895e-13	8.900000e-01	1.209655e-31	2.481200e+04	2.665300e+04
14	1898.256999	1.739557e-12	8.125000e-01	3.452544e-27	8.307000e+03	1.218400e+04
14	341.877963	1.000000e-05	8.087633e-01	1.372136e-09	2.138799e+04	6.600002e+03
14	2183.816330	9.581473e-16	8.500000e-01	2.432937e-35	2.692500e+04	4.901700e+04
14	45005.283740	7.800000e-16	7.825000e-01	8.893540e-36	4.240600e+04	5.709500e+04
14	344.069211	1.000000e-05	8.075095e-01	1.265958e-10	2.776196e+04	1.242802e+04
14	3232.998044	2.063618e-07	8.649998e-01	2.991643e-13	4.892000e+04	5.424700e+04
14	525.921456	3.476035e-13	7.675000e-01	2.941360e-16	1.093400e+04	4.557100e+04
14	2093.839660	5.583237e-15	8.625000e-01	2.561544e-35	2.305200e+04	4.809100e+04
14	330.257010	3.336670e-12	9.350000e-01	3.147351e-13	2.188800e+04	9.995000e+03
14	1696.839813	7.823952e-12	8.750000e-01	1.303426e-18	4.541200e+04	4.211500e+04
14	1907.599358	2.142875e-13	9.450000e-01	1.446472e-30	1.803000e+04	2.632000e+04
14	1064.681019	1.186283e-16	7.675000e-01	1.186283e-16	3.014400e+04	4.602900e+04
14	708.865652	1.229962e-12	9.025000e-01	1.950778e-30	2.375200e+04	1.855100e+04
14	1865.841470	1.062022e-11	8.325000e-01	3.454515e-25	4.295000e+03	4.813000e+03
14	2076.303312	1.080110e-14	8.325000e-01	3.216154e-35	2.081000e+04	4.987300e+04
14	3170.374122	2.896850e-12	9.074165e-01	2.896850e-12	4.789500e+04	5.234200e+04
14	2237.491302	5.052357e-16	7.825000e-01	9.757801e-37	2.715400e+04	5.978100e+04
14	1407.060151	1.730997e-14	9.925000e-01	1.730997e-14	5.455100e+04	1.816600e+04
14	2323.772387	8.853291e-17	8.300000e-01	3.224547e-35	3.207900e+04	4.867900e+04
14	617.356000	2.580112e-16	9.499972e-01	1.610348e-19	4.459400e+04	4.428300e+04
14	3218.863430	9.999993e-06	8.224997e-01	3.154946e-13	5.854000e+04	5.306100e+04
14	2782.102854	2.699988e-16	9.800000e-01	7.512652e-20	2.072400e+04	4.712400e+04
14	561.905490	1.100056e-12	9.100000e-01	3.721931e-28	2.401100e+04	9.858000e+03
14	335.734206	4.806202e-10	9.118720e-01	4.806202e-10	9.176467e+03	5.959903e+04
14	1881.952045	4.418771e-12	8.525000e-01	9.074305e-30	6.819000e+03	2.506700e+04
14	13699.944535	8.093950e-08	8.975003e-01	1.321704e-14	4.829500e+04	3.478300e+04
14	2696.201595	1.587940e-13	9.987853e-01	1.587940e-13	4.010399e+04	5.880899e+04
14	3277.343426	8.532166e-14	9.825000e-01	8.532166e-14	5.450000e+04	5.991200e+04
14	411.379450	2.491897e-11	9.075000e-01	2.243710e-27	1.641400e+04	2.110000e+03
14	353.880937	1.000000e-05	8.095896e-01	4.473669e-09	4.907779e+04	3.735075e+03
14	1050.818578	2.775891e-11	9.250000e-01	2.238469e-13	4.077500e+04	1.297000e+04
14	457.827501	2.821109e-11	7.996733e-01	1.255736e-12	4.846727e+04	2.356697e+04
14	16344.987847	1.496251e-08	9.450000e-01	3.826711e-12	5.675200e+04	2.105300e+04
14	3274.099473	1.333873e-13	9.575000e-01	1.333873e-13	5.635100e+04	5.828700e+04
14	1964.293701	1.430576e-13	8.825000e-01	1.629271e-30	1.584100e+04	2.449100e+04
14	1904.773761	1.198063e-12	7.875000e-01	1.867165e-28	8.805000e+03	1.646700e+04
14	394.810164	1.376642e-08	9.123977e-01	1.000000e-08	9.330053e+02	3.549805e+04
14	2937.471764	2.652782e-09	8.375506e-01	2.652782e-09	3.156400e+04	3.730600e+04
14	374.193350	1.000000e-05	8.025120e-01	4.888493e-11	4.242300e+04	1.472600e+04
14	904.891859	1.596525e-07	8.750000e-01	6.916384e-15	2.037600e+04	2.198300e+04
14	21544.159903	1.786625e-08	9.625001e-01	1.100684e-12	5.476400e+04	2.407900e+04
14	545.928403	1.406812e-11	7.901798e-01	2.126858e-13	4.800000e+04	2.765200e+04
14	371.386439	4.957080e-08	9.925001e-01	1.365762e-11	4.121000e+03	2.401000e+03
14	18282.681413	1.000000e-05	8.724969e-01	1.255251e-17	5.150300e+04	5.152500e+04
14	327.487728	6.163758e-12	9.300000e-01	7.254484e-14	2.025600e+04	1.312300e+04
14	2878.916359	1.000000e-05	8.450195e-01	8.144787e-09	5.316800e+04	2.790900e+04
14	1261.536645	2.116138e-13	8.000000e-01	2.960789e-14	1.313300e+04	5.829300e+04
14	1928.837823	5.503263e-13	8.150000e-01	5.670559e-28	1.111500e+04	1.552900e+04
14	31371.340473	3.130408e-08	9.375001e-01	5.910918e-16	5.121200e+04	4.228400e+04
14	339.057496	1.000000e-05	8.091969e-01	1.349229e-09	4.101999e+04	6.659004e+03
14	2992.350825	1.000000e-17	9.550000e-01	1.798545e-21	2.839500e+04	5.579700e+04
14	2181.302093	1.361136e-15	8.075000e-01	2.256797e-36	2.523900e+04	5.613600e+04
14	3074.832885	7.005412e-11	7.999999e-01	7.005412e-11	4.148000e+04	4.439200e+04
14	600.751006	9.936260e-06	7.968841e-01	7.675012e-14	4.741283e+04	3.044736e+04
14	333.719658	1.495524e-10	9.175000e-01	5.995675e-12	1.220000e+04	2.470000e+02
14	343.807037	2.224553e-09	9.108734e-01	2.224553e-09	5.439310e+03	5.805744e+04
14	1107.761390	4.942789e-11	8.125000e-01	2.136962e-13	1.800000e+02	5.377700e+04
14	952.518986	5.145120e-11	9.350000e-01	3.706050e-12	3.882300e+04	6.114000e+03
14	398.226201	2.915639e-07	8.076477e-01	9.946846e-09	2.882002e+04	1.565103e+03
14	974.799207	3.566334e-12	9.975000e-01	1.784433e-14	3.621100e+04	1.829300e+04
14	456.028222	2.781001e-09	9.274998e-01	2.781001e-09	4.482000e+03	3.485500e+04
14	2023.423029	2.210251e-14	8.200000e-01	2.210251e-14	1.629200e+04	3.361300e+04
14	2847.716961	3.399993e-16	9.025000e-01	1.347418e-20	1.929900e+04	5.202400e+04
14	33235.406699	1.649044e-08	9.475001e-01	9.937981e-16	5.407300e+04	4.103300e+04
14	-1.000000	-1.000000e+00	-1.000000e+00	-1.000000e+00	-1.000000e+00	-1.000000e+00
14	2000.878795	3.281915e-13	8.350000e-01	3.281915e-13	5.390000e+02	2.698600e+04
14	3183.186124	1.480526e-12	8.825000e-01	1.480526e-12	4.962900e+04	5.712600e+04
14	3061.368423	7.030142e-07	7.574915e-01	3.959666e-12	4.183800e+04	4.102200e+04
14	360.487063	5.759554e-11	9.155483e-01	5.759554e-11	1.430721e+04	4.864790e+04
14	2704.515541	6.900000e-16	9.800000e-01	3.898266e-22	3.031300e+04	5.797300e+04
14	1855.394163	1.000000e-05	7.625226e-01	1.679890e-16	5.965000e+04	4.094700e+04
14	1052.812491	2.946747e-11	9.325000e-01	1.743077e-13	4.033500e+04	1.348100e+04
14	1874.833942	4.341138e-12	7.675000e-01	5.019958e-26	5.412000e+03	8.756000e+03
14	74003.298386	1.373378e-16	8.250000e-01	7.768074e-19	4.585400e+04	5.806300e+04
14	743.402093	1.140003e-08	9.575000e-01	4.574687e-12	2.406500e+04	5.371000e+03
14	1408.908479	5.685848e-10	9.100000e-01	1.971987e-17	3.361500e+04	3.514900e+04
14	828.240300	3.121029e-07	7.943624e-01	1.000000e-08	5.966700e+04	6.880102e+02
14	638.442491	2.124239e-15	9.550000e-01	6.376841e-20	3.969200e+04	4.664700e+04
14	915.166342	1.023605e-09	8.875000e-01	6.258241e-13	3.277400e+04	1.102200e+04
14	1941.786764	3.630613e-13	8.200000e-01	1.302484e-16	1.219900e+04	9.695000e+03
14	20664.183419	1.876223e-08	9.500001e-01	3.312335e-13	5.495500e+04	2.699000e+04
14	373.010761	4.222302e-11	9.100000e-01	9.045895e-16	1.515900e+04	1.830500e+04
14	3043.551150	8.700002e-16	9.850000e-01	8.467547e-22	1.303300e+04	5.719300e+04
14	343.226262	1.000000e-05	8.069820e-01	2.198387e-10	1.919998e+04	1.104001e+04
14	630.374113	7.528115e-15	9.625000e-01	1.299377e-17	3.725300e+04	3.478800e+04
14	2061.761153	1.430046e-14	7.575000e-01	2.776397e-30	1.893300e+04	2.758900e+04
14	2052.976434	3.965741e-16	9.525000e-01	9.703879e-35	3.367900e+04	4.220800e+04
14	335.903368	5.708615e-10	9.117561e-01	5.708615e-10	8.756006e+03	5.247200e+04
14	3077.988656	6.304753e-11	8.574999e-01	6.304753e-11	4.134000e+04	4.357600e+04
14	1308.568784	3.211825e-16	9.975000e-01	6.819887e-20	5.324500e+04	4.713700e+04
14	2420.664251	9.146122e-06	7.512071e-01	3.941651e-13	4.692999e+04	3.632502e+04
14	355.160474	1.000000e-05	8.047457e-01	4.911764e-10	1.614299e+04	8.958008e+03
14	392.775923	5.916129e-09	8.043253e-01	1.095885e-11	3.926274e+04	1.837147e+04
14	402.671617	6.018168e-06	8.028649e-01	7.475489e-12	1.953897e+04	1.925900e+04
14	2230.911127	4.973848e-16	8.250000e-01	1.294382e-36	2.792900e+04	5.787300e+04
14	1878.932801	1.970961e-12	7.775000e-01	1.970961e-12	5.197000e+03	1.137400e+04
14	-1.000000	-1.000000e+00	-1.000000e+00	-1.000000e+00	-1.000000e+00	-1.000000e+00
14	1601.101444	4.280967e-12	8.775000e-01	1.988175e-27	2.074600e+04	3.333000e+03
14	38245.224800	1.000000e-05	9.324999e-01	4.040966e-17	5.942300e+04	4.873000e+04
14	344.994273	1.000000e-05	8.094323e-01	2.457867e-09	3.888896e+04	5.196028e+03
14	337.476211	1.000000e-05	8.090781e-01	1.055019e-09	4.390621e+04	7.258971e+03
14	355.423084	1.000000e-05	8.043417e-01	3.075706e-10	1.607400e+04	1.009500e+04
14	2904.774366	1.000000e-05	9.470002e-01	1.000000e-08	1.083000e+04	2.896800e+04
14	3163.975676	3.235064e-12	8.525000e-01	3.235064e-12	4.824700e+04	5.542500e+04
14	2826.018634	3.585023e-06	7.950774e-01	1.000000e-08	1.770500e+04	2.618500e+04
14	371.370035	1.000000e-05	8.056711e-01	2.578123e-11	2.351999e+04	1.629997e+04
14	2745.493736	4.099997e-16	8.525000e-01	1.108577e-20	2.207400e+04	5.356600e+04
14	335.764523	1.673757e-10	9.125000e-01	4.130835e-15	1.183500e+04	1.625600e+04
14	2586.795247	1.188437e-16	9.750000e-01	1.742306e-18	1.138000e+04	4.001000e+04
14	3252.924086	1.692755e-08	7.900000e-01	5.820355e-14	5.812900e+04	5.596300e+04
14	1989.755920	4.134721e-14	8.975000e-01	1.411297e-30	1.933400e+04	2.483000e+04
14	2901.306396	3.999999e-17	9.325000e-01	7.939708e-21	2.403100e+04	5.274300e+04
14	385.903415	3.132803e-08	9.675000e-01	1.569112e-11	1.575000e+03	1.968000e+03
14	2409.152928	5.405516e-06	7.516306e-01	3.932048e-11	2.761604e+04	2.397197e+04
14	1858.954599	1.649620e-11	9.500000e-01	2.820040e-31	8.062000e+03	2.745400e+04
14	392.400330	1.000000e-05	8.016361e-01	3.022577e-09	1.465600e+04	4.350997e+03
14	504.685225	2.403378e-10	7.962162e-01	2.991003e-13	4.195716e+04	2.698534e+04
14	1315.581278	4.778006e-10	9.350000e-01	9.582288e-17	3.316600e+04	3.114300e+04
14	346.949929	1.000000e-05	8.073058e-01	9.910627e-11	3.807000e+04	1.302600e+04
14	346.987316	2.839075e-09	9.107858e-01	2.839075e-09	4.843943e+03	5.060102e+04
14	343.400098	1.000000e-05	8.075122e-01	1.626470e-09	3.393600e+04	6.193000e+03
14	962.273320	3.718852e-10	8.800000e-01	2.549775e-27	9.875000e+03	1.704000e+03
14	2445.739106	3.298387e-16	8.350000e-01	1.788217e-18	1.456300e+04	4.263000e+04
14	836.778736	3.468492e-10	9.950000e-01	2.749483e-13	2.722700e+04	1.181000e+04
14	2016.267769	1.369328e-14	9.024995e-01	5.805508e-34	2.219400e+04	4.144900e+04
14	1340.980658	1.035267e-16	9.250000e-01	1.035267e-16	4.647700e+04	2.426100e+04
14	163804.247525	7.800000e-16	7.925000e-01	2.420794e-35	3.620500e+04	5.389700e+04
14	3065.084572	4.130871e-12	9.874989e-01	4.130871e-12	4.088700e+04	5.794100e+04
14	826.096206	3.258600e-12	8.950000e-01	5.301728e-30	2.139200e+04	1.763500e+04
14	374.239708	2.083014e-10	9.900000e-01	8.696311e-13	1.659500e+04	9.053000e+03
14	2441.470869	1.776389e-13	7.525000e-01	2.194674e-15	5.915500e+04	4.528800e+04
14	1701.919242	1.825396e-15	9.725000e-01	1.825396e-15	3.608100e+04	3.533000e+03
14	445.651327	1.896261e-12	9.219168e-01	9.528069e-13	2.259400e+04	5.767060e+04
14	20942.934678	1.607170e-08	9.850000e-01	7.076710e-11	5.375800e+04	1.396900e+04
14	14782.891580	1.179952e-08	9.200000e-01	2.226197e-13	5.818900e+04	2.795000e+04
14	313.140940	2.009273e-11	9.525000e-01	2.480680e-12	1.834200e+04	6.038000e+03
14	823.598872	2.020921e-09	9.475000e-01	2.623905e-12	2.897200e+04	6.812000e+03
14	336.948129	1.000000e-05	8.082884e-01	3.059583e-10	5.495722e+04	1.027784e+04
14	330.151673	1.170225e-09	9.375000e-01	7.507848e-12	7.902000e+03	2.769000e+03
14	36701.080910	1.865562e-16	7.975000e-01	3.911872e-21	4.503800e+04	5.878100e+04
14	2686.216874	2.999393e-16	9.550000e-01	3.435150e-19	1.143000e+04	4.392600e+04
14	1582.621265	3.593266e-11	9.475000e-01	4.408895e-18	3.913300e+04	3.813100e+04
14	781.720910	1.320686e-08	9.400000e-01	1.122016e-12	2.460700e+04	8.933000e+03
14	2825.852571	7.629315e-08	7.500000e-01	9.209907e-09	2.429504e+04	3.026613e+04
14	1094.916241	1.980458e-11	7.550000e-01	2.371701e-14	1.539000e+03	5.305300e+04
14	1020.586632	1.041978e-09	8.775000e-01	4.315765e-29	7.368000e+03	7.357000e+03
14	2140.301770	2.128742e-15	8.574998e-01	1.441922e-35	2.521700e+04	5.053500e+04
14	319.284752	3.041281e-10	9.800000e-01	2.079313e-11	1.399000e+04	1.376000e+03
14	668.703647	1.186328e-11	9.025000e-01	1.186328e-11	1.816100e+04	4.868200e+04
14	359.886631	1.000000e-05	8.064573e-01	4.444450e-11	3.047998e+04	1.497997e+04
14	3011.500796	4.000012e-17	9.150000e-01	8.957690e-22	2.373200e+04	5.793500e+04
14	-1.000000	-1.000000e+00	-1.000000e+00	-1.000000e+00	-1.000000e+00	-1.000000e+00
14	1224.755886	2.386094e-13	8.275000e-01	1.539212e-13	1.331700e+04	5.511100e+04
14	2068.988806	3.350910e-15	8.025000e-01	3.350910e-15	1.932000e+04	2.545300e+04
14	969.584640	1.381866e-09	8.725000e-01	9.263323e-14	3.237300e+04	1.586000e+04
14	1023.769160	2.941751e-11	7.975000e-01	2.914946e-12	1.195000e+03	4.645800e+04
14	982.432694	5.188374e-16	9.250000e-01	1.523416e-22	4.264500e+04	5.916000e+04
14	2923.222488	7.623895e-06	8.304144e-01	2.099293e-09	5.276500e+04	3.094800e+04
14	2207.413098	7.400000e-16	8.700000e-01	4.111139e-35	2.839200e+04	4.704100e+04
14	2973.161397	2.999979e-17	9.925000e-01	3.131803e-21	1.797000e+04	5.419200e+04
14	1855.041581	3.597582e-11	8.825000e-01	1.241146e-30	2.473000e+03	2.729800e+04
14	1066.818616	2.876098e-11	7.975000e-01	7.253215e-13	1.251000e+03	5.000300e+04
14	2032.040273	7.191311e-16	9.450000e-01	1.277907e-34	3.161000e+04	4.047000e+04
14	587.340403	1.562088e-14	7.700000e-01	5.032023e-17	1.813500e+04	4.933300e+04
14	770955.260110	1.700000e-16	7.750000e-01	4.132622e-23	4.914600e+04	5.767500e+04
14	18736.476842	6.453594e-16	8.200000e-01	3.577428e-22	4.205900e+04	5.533200e+04
14	1188.938099	2.169865e-13	9.950000e-01	1.495978e-14	4.582000e+04	1.873800e+04
14	694.997933	1.492774e-06	9.599979e-01	6.385372e-14	1.174200e+04	1.558200e+04
14	1974.153978	1.121156e-09	9.899995e-01	2.309227e-16	3.100000e+03	2.740700e+04
14	3285.472630	8.439710e-06	9.724896e-01	8.649922e-14	5.917100e+04	5.881000e+04
14	909.617577	1.005507e-10	9.475000e-01	7.599200e-12	3.655100e+04	4.246000e+03
14	619.348842	9.092683e-16	9.575000e-01	1.517587e-18	4.187500e+04	3.947700e+04
14	316.771605	3.858515e-11	9.250000e-01	5.491044e-14	1.569500e+04	1.332700e+04
14	876.899406	1.192050e-10	9.775000e-01	5.234334e-12	3.389200e+04	4.870000e+03
14	353.554470	4.388475e-09	9.106363e-01	4.388475e-09	3.781964e+03	5.784634e+04
14	508.727749	1.015688e-08	9.849995e-01	3.506917e-14	6.237000e+03	1.672100e+04
14	2035.733064	1.897949e-17	8.025000e-01	1.897949e-17	1.350600e+04	5.051600e+04
14	2205.223417	8.889692e-16	7.975000e-01	1.260988e-34	2.607000e+04	4.536300e+04
14	961.324895	1.158901e-16	7.575000e-01	8.542924e-17	3.008800e+04	5.033300e+04
14	435.617919	2.590634e-12	9.210682e-01	1.300233e-12	2.184399e+04	5.726597e+04
14	2236.929081	2.883141e-16	8.575000e-01	4.963086e-35	2.995100e+04	4.869900e+04
14	2256.249755	3.900001e-16	7.975000e-01	5.102690e-37	2.810100e+04	5.741500e+04
14	1055.233331	1.787646e-12	7.525000e-01	5.558902e-14	7.320000e+03	4.889000e+04
14	1848.154457	1.143570e-10	9.075000e-01	4.596570e-28	4.960000e+02	1.326600e+04
14	1568.973846	2.139904e-12	9.450000e-01	2.563680e-17	4.642800e+04	3.409600e+04
14	1871.853963	4.441256e-12	7.509535e-01	3.964232e-12	4.996000e+03	1.372000e+04
14	765.005871	5.835552e-09	7.653994e-01	3.146608e-14	3.070700e+04	2.830299e+04
14	424.246025	2.043884e-11	9.150000e-01	2.043884e-11	1.676900e+04	4.784600e+04
14	400.022485	7.167489e-11	9.050000e-01	7.167489e-11	1.384300e+04	5.828100e+04
14	1946.033763	3.213574e-13	8.575000e-01	4.897933e-31	1.324300e+04	2.744100e+04
14	1180.262803	5.018201e-12	8.300000e-01	5.392243e-14	6.039000e+03	5.787300e+04
14	3414.211394	6.878280e-15	8.350000e-01	6.878280e-15	1.346400e+04	3.635500e+04
14	2735.469039	1.895523e-08	8.625000e-01	2.691971e-10	5.918900e+04	1.068800e+04
14	438.282591	4.446671e-12	8.023752e-01	2.441816e-12	5.454666e+04	2.199160e+04
14	383.104580	3.250100e-11	8.046612e-01	1.642207e-11	5.081623e+04	1.737501e+04
14	24929.753832	4.821918e-16	8.050000e-01	6.414602e-36	4.277300e+04	5.054600e+04
14	1229.754939	1.400334e-13	7.700000e-01	5.458945e-14	1.366700e+04	5.447700e+04
14	356.686324	1.000000e-05	8.066479e-01	5.291184e-11	3.017499e+04	1.455499e+04
14	3088.101906	1.000067e-17	9.925000e-01	3.711671e-22	1.843600e+04	5.897000e+04
14	1921.269692	6.490424e-13	8.900000e-01	2.150664e-32	1.242700e+04	3.139200e+04
14	2437.597925	8.693026e-21	7.825000e-01	8.693026e-21	2.965900e+04	5.914000e+04
14	1857.620837	1.873975e-11	8.200000e-01	7.632508e-29	2.691000e+03	1.746300e+04
14	862.832637	5.420139e-10	9.325000e-01	7.008517e-12	3.296700e+04	4.600000e+03
14	314.684161	2.972945e-11	9.375000e-01	4.010129e-14	1.670400e+04	1.522000e+04
14	357.643731	1.000000e-05	8.065991e-01	5.009344e-11	5.655618e+04	1.468884e+04
14	309.586642	7.369286e-11	9.425000e-01	4.931643e-12	1.477300e+04	3.996000e+03
14	2144.881781	7.675287e-07	9.000016e-01	2.679205e-15	5.441900e+04	2.383500e+04
14	731.910133	8.859388e-11	7.775001e-01	4.139812e-11	4.177400e+04	1.349400e+04
14	368.790617	1.000000e-05	8.050316e-01	3.050454e-11	1.915668e+04	1.585333e+04
14	2772.347692	3.274940e-07	7.500000e-01	8.083926e-09	2.064505e+04	2.856378e+04
14	1869.906994	4.183759e-12	9.450000e-01	5.822249e-30	1.090000e+04	2.213500e+04
14	346.134179	1.000000e-05	8.094612e-01	2.688693e-09	5.237320e+04	4.977086e+03
14	1147.344850	1.544279e-12	8.100000e-01	2.844745e-13	8.528000e+03	5.294500e+04
14	1823.624836	6.548765e-13	7.550000e-01	6.548765e-13	8.923000e+03	2.097500e+04
14	3109.436802	9.552350e-08	7.625006e-01	1.710663e-12	5.852000e+04	4.445500e+04
14	20802.092897	5.056659e-09	9.900000e-01	2.535999e-10	5.863400e+04	1.086600e+04
14	359.806150	1.354014e-06	8.075017e-01	4.693456e-11	4.202900e+04	1.485200e+04
14	504.454836	2.802993e-08	9.824796e-01	6.153915e-14	3.386000e+03	1.538300e+04
14	358.935210	4.420762e-06	8.096351e-01	5.882789e-09	5.597987e+04	3.067120e+03
14	2240.605983	1.680481e-07	9.225005e-01	4.657991e-16	5.375900e+04	2.763400e+04
14	2000.186401	4.308830e-14	8.850000e-01	1.061926e-34	1.880400e+04	4.488000e+04
14	1862.444397	1.504483e-11	8.500000e-01	2.071035e-31	3.800000e+03	3.221300e+04
14	15563.613982	1.102954e-07	8.900003e-01	1.107798e-15	4.634600e+04	4.076700e+04
14	12684.821842	2.571199e-08	9.150001e-01	5.939783e-13	5.470600e+04	2.557000e+04
14	1878.280857	3.112359e-12	9.250005e-01	8.155801e-33	1.013300e+04	3.582200e+04
14	372.123035	1.453727e-10	9.171345e-01	1.453727e-10	1.196694e+04	4.364598e+04
14	2899.725637	1.388850e-06	8.550644e-01	5.057546e-09	5.725600e+04	2.933200e+04
14	342.186432	1.000000e-05	8.093450e-01	1.919610e-09	4.893423e+04	5.798968e+03
14	1865.995588	8.443556e-12	7.925000e-01	2.206283e-26	4.171000e+03	7.485000e+03
14	4258.949407	1.700171e-07	8.250005e-01	1.000000e-08	5.023400e+04	2.499200e+04
14	575.028557	1.132912e-12	7.975000e-01	5.184513e-14	5.114000e+03	3.162700e+04
14	362.945664	7.138452e-09	9.105519e-01	7.138452e-09	2.595010e+03	5.027903e+04
14	2919.293931	3.224913e-09	8.550067e-01	3.224913e-09	3.057800e+04	4.210800e+04
14	335.700496	1.000000e-05	8.086271e-01	4.909821e-10	4.862401e+04	9.124506e+03
14	336.972348	1.000000e-05	8.090258e-01	9.541637e-10	4.830221e+04	7.504047e+03
14	342.782319	1.000000e-05	8.076384e-01	1.409060e-10	5.033384e+04	1.216823e+04
14	376.714333	1.275417e-08	9.105389e-01	1.000000e-08	1.179076e+03	4.762603e+04
14	952.908994	5.305812e-10	9.700000e-01	7.274720e-14	3.086600e+04	1.518800e+04
14	2988.815008	8.526068e-07	8.450298e-01	3.983668e-10	5.846700e+04	3.552400e+04
14	1959.745626	2.363608e-14	9.550000e-01	7.535758e-36	2.419800e+04	4.821400e+04
14	330.484377	6.746413e-10	9.170452e-01	1.235581e-12	8.510200e+03	3.886000e+03
14	361.884968	1.000000e-05	8.096523e-01	6.807802e-09	5.358385e+04	2.710877e+03
14	2174.219662	3.064032e-17	8.000000e-01	3.064032e-17	2.034500e+04	3.772900e+04
14	2894.773754	1.488387e-13	8.400000e-01	1.488387e-13	9.184000e+03	2.893400e+04
14	922.925603	2.867888e-11	7.675000e-01	2.867888e-11	8.990000e+02	3.801400e+04
14	2326.473911	1.093063e-16	7.850000e-01	9.107214e-31	3.076500e+04	3.106100e+04
14	2166.283745	1.110173e-15	8.625000e-01	6.300617e-33	2.689100e+04	3.709000e+04
14	336.230461	1.000000e-05	8.084311e-01	3.709626e-10	3.714995e+04	9.808038e+03
14	2844.490022	1.000000e-16	9.325000e-01	1.809284e-21	2.998600e+04	5.536500e+04
14	734.159686	1.262446e-08	9.424995e-01	1.282728e-13	2.750000e+02	5.932700e+04
14	336.664083	9.735268e-06	8.083390e-01	3.271354e-10	4.973600e+04	1.011465e+04
14	899.992990	3.975161e-10	7.776202e-01	3.249592e-10	3.723600e+04	1.260001e+03
14	998.889188	3.834773e-11	9.450000e-01	5.749386e-13	3.911500e+04	1.049100e+04
14	366.062316	7.731272e-09	9.106938e-01	7.731272e-09	2.396002e+03	4.210199e+04
14	360.256476	1.000000e-05	8.064441e-01	4.354813e-11	5.667994e+04	1.503002e+04
14	76030.868336	5.200000e-16	9.025000e-01	5.069147e-22	4.632000e+04	5.805800e+04
14	675.257057	4.616489e-16	9.375000e-01	5.958802e-19	4.305500e+04	4.072800e+04
14	1406.322598	5.973529e-10	8.700000e-01	5.973529e-10	8.732000e+03	5.497300e+04
14	43748.582721	8.775363e-08	9.600000e-01	1.868239e-16	5.056700e+04	4.505600e+04
14	3067.288677	6.993388e-11	8.749995e-01	6.993388e-11	4.037900e+04	4.460600e+04
14	-1.000000	-1.000000e+00	-1.000000e+00	-1.000000e+00	-1.000000e+00	-1.000000e+00
14	1136.639653	2.367617e-12	9.050000e-01	2.433300e-13	4.769200e+04	1.302900e+04
14	814.391918	4.955621e-11	9.975000e-01	7.242196e-17	2.384900e+04	3.117800e+04
14	481.497116	3.438334e-08	7.966560e-01	5.465183e-13	2.954621e+04	2.549488e+04
14	782.424721	9.779090e-07	7.911462e-01	3.061603e-15	5.138632e+04	3.824570e+04
14	1845.285333	1.334840e-10	9.475000e-01	9.077640e-29	2.769000e+03	1.693200e+04
14	391.874687	6.674231e-06	8.048156e-01	1.150102e-11	5.707559e+04	1.827294e+04
14	335.700826	1.000000e-05	8.087503e-01	5.935972e-10	5.161400e+04	8.661647e+03
14	2610.471804	3.768436e-17	8.000000e-01	1.434907e-21	3.206400e+04	5.803300e+04
14	605.637069	1.350413e-06	8.125016e-01	1.237466e-12	3.811900e+04	2.373000e+04
14	456.129260	2.080582e-13	7.850000e-01	2.080582e-13	1.210700e+04	2.864500e+04
14	2116.879420	3.289226e-15	8.625000e-01	1.706956e-35	2.431100e+04	4.781000e+04
14	1454.625156	1.345924e-12	9.275000e-01	2.657895e-16	4.836600e+04	2.886000e+04
14	342.288191	1.000000e-05	8.075966e-01	1.558451e-10	2.416997e+04	1.191701e+04
14	14477.461576	2.069258e-08	9.500001e-01	8.960583e-11	5.544100e+04	1.339100e+04
14	1605.899748	1.540223e-13	9.875000e-01	2.378696e-17	4.921200e+04	3.386200e+04
14	1945.154837	6.485319e-14	9.625000e-01	2.667794e-36	2.273200e+04	5.289500e+04
14	344.405398	4.035401e-11	9.425000e-01	5.481491e-15	1.612600e+04	2.021800e+04
14	1446.872704	2.045901e-12	9.075000e-01	2.659093e-16	4.797600e+04	2.912700e+04
14	2224.692059	7.612449e-10	7.604788e-01	2.943118e-11	3.929700e+04	1.923600e+04
14	1651.772842	1.273586e-10	9.625000e-01	6.019372e-19	3.503200e+04	4.253700e+04
14	41072.623098	1.130376e-08	9.575000e-01	2.886347e-16	5.579300e+04	4.401000e+04
14	1880.676506	1.715570e-12	9.475000e-01	8.368954e-30	1.326400e+04	2.203000e+04
14	378.502367	5.014709e-12	7.800000e-01	1.185062e-13	4.063000e+03	3.046100e+04
14	357.340681	6.215208e-11	9.150232e-01	6.215208e-11	1.413516e+04	4.942798e+04
14	1852.028841	5.153469e-11	8.825000e-01	5.966259e-27	1.599000e+03	1.075200e+04
14	357.398787	1.000000e-05	8.066017e-01	5.086458e-11	2.954797e+04	1.465101e+04
14	1851.511632	6.004576e-11	9.275000e-01	1.734481e-26	3.075000e+03	8.357000e+03
14	341.998493	1.882929e-09	9.109510e-01	1.882929e-09	5.846002e+03	5.803300e+04
14	2727.931955	9.098862e-16	9.725000e-01	1.838099e-19	1.162700e+04	4.517000e+04
14	2295.713370	2.888977e-16	8.350000e-01	5.055430e-23	2.932800e+04	5.926100e+04
14	1087.111606	6.387285e-12	7.750000e-01	3.345461e-13	4.561000e+03	5.040900e+04
14	455.075569	2.841605e-11	9.800000e-01	4.171617e-14	1.963100e+04	1.628900e+04
14	408.721137	7.024834e-10	7.975464e-01	6.265505e-11	3.940400e+04	1.389500e+04
14	536.284284	1.851808e-09	7.900001e-01	1.851808e-09	3.550000e+04	5.148000e+03
14	2447.899796	2.500000e-16	9.250000e-01	5.944456e-38	3.422000e+04	5.792900e+04
14	336.233025	1.000000e-05	8.084366e-01	3.807492e-10	2.971898e+04	9.743991e+03
14	455.770869	5.045881e-06	8.020986e-01	1.745814e-12	4.858077e+04	2.286009e+04
14	426.789696	3.252446e-09	8.013857e-01	3.271315e-12	3.730002e+04	2.125398e+04
14	2958.148190	5.605721e-11	8.525000e-01	5.605721e-11	1.450600e+04	5.475900e+04
14	337.149882	1.000000e-05	8.083590e-01	4.952967e-10	2.248497e+04	9.091903e+03
14	353.938038	4.236681e-06	8.095902e-01	4.488443e-09	5.780004e+04	3.727032e+03
14	1871.197784	8.727962e-12	8.650000e-01	1.249197e-30	5.456000e+03	2.780400e+04
14	1874.581603	6.482260e-12	8.450000e-01	3.533947e-29	5.735000e+03	1.967500e+04
14	340.438853	1.813298e-10	9.128366e-01	1.813298e-10	1.155301e+04	5.775002e+04
14	2278.709250	2.476911e-16	7.625000e-01	2.126461e-35	2.852200e+04	4.901300e+04
14	358.690570	1.000000e-05	8.094405e-01	5.416988e-09	2.361000e+04	3.261019e+03
14	664.673098	2.496234e-15	7.650000e-01	1.367769e-16	2.274000e+04	4.759500e+04
14	388.598475	2.950684e-13	9.300000e-01	4.398117e-17	2.749800e+04	3.052200e+04
14	382.684817	1.200481e-10	9.750000e-01	3.080008e-13	1.565200e+04	1.150000e+04
14	1922.558439	7.269837e-13	8.675000e-01	1.196688e-28	1.151900e+04	1.884000e+04
14	2285.028505	1.453012e-16	8.450000e-01	2.049749e-34	3.125400e+04	4.605700e+04
14	-1.000000	-1.000000e+00	-1.000000e+00	-1.000000e+00	-1.000000e+00	-1.000000e+00
14	1449.542489	2.096008e-10	9.675000e-01	1.122121e-17	3.340300e+04	3.576900e+04
14	1847.973943	9.737975e-11	8.825000e-01	1.818811e-26	5.000000e+01	8.872000e+03
14	1316.278176	1.307294e-09	9.200000e-01	5.680854e-17	3.119000e+04	3.254700e+04
14	611.716849	1.370082e-11	7.849999e-01	7.529654e-13	4.731100e+04	2.423900e+04
14	338.964972	1.000000e-05	8.091863e-01	1.327747e-09	3.329396e+04	6.698023e+03
14	3182.381427	6.851526e-07	8.150124e-01	9.227357e-13	4.419000e+04	5.006700e+04
14	14186.558716	7.047688e-08	9.050002e-01	3.123432e-14	4.902400e+04	3.270400e+04
14	2252.879561	3.852222e-16	7.625000e-01	9.975953e-34	2.749200e+04	4.306900e+04
14	397.652150	8.714871e-10	8.039671e-01	9.169274e-12	4.333392e+04	1.880004e+04
14	779.280866	7.177851e-09	9.175000e-01	7.556084e-12	2.700200e+04	4.593000e+03
14	485.730001	1.909340e-08	7.964943e-01	4.843523e-13	3.098600e+04	2.578924e+04
14	2832.489403	1.030440e-08	9.535930e-01	1.000000e-08	2.453209e+04	3.901600e+04
14	1943.503564	3.528785e-13	8.350000e-01	5.975935e-34	1.254500e+04	4.636700e+04
14	532.813937	8.298478e-10	7.941425e-01	1.286064e-13	3.838498e+04	2.898957e+04
14	1873.563381	6.399620e-12	8.300000e-01	1.069088e-26	5.474000e+03	9.764000e+03
14	349.522652	1.000000e-05	8.095289e-01	3.418985e-09	5.772097e+04	4.390937e+03
14	353.704929	1.000000e-05	8.068431e-01	6.287458e-11	3.781794e+04	1.413505e+04
14	394.325401	4.820144e-07	8.039715e-01	1.027165e-11	2.733398e+04	1.851700e+04
14	1917.129051	8.534674e-13	8.800000e-01	1.930250e-30	1.146400e+04	2.167000e+04
14	2025.461179	3.329821e-14	7.750000e-01	3.329821e-14	1.716800e+04	8.278000e+03
14	344.498297	1.000000e-05	8.074890e-01	1.211039e-10	3.064498e+04	1.253701e+04
14	1860.007533	1.485961e-11	8.150000e-01	1.459323e-28	3.167000e+03	1.813800e+04
14	2264.848430	7.799821e-16	7.775000e-01	4.309884e-19	2.227500e+04	4.909600e+04
14	1634.456080	4.666432e-12	9.925000e-01	1.746994e-18	3.917700e+04	3.982400e+04
14	336.658436	1.000000e-05	8.089866e-01	8.870811e-10	4.921725e+04	7.681849e+03
14	-1.000000	-1.000000e+00	-1.000000e+00	-1.000000e+00	-1.000000e+00	-1.000000e+00
14	3258.153802	1.000000e-05	8.274936e-01	9.056520e-14	5.889700e+04	5.640600e+04
14	347.452744	1.000000e-05	8.094484e-01	2.904957e-09	2.753696e+04	4.786917e+03
14	1711.571989	1.000000e-05	7.650404e-01	1.775628e-11	5.337300e+04	1.354200e+04
14	357.631098	1.000000e-05	8.060581e-01	5.404455e-11	2.034401e+04	1.447701e+04
14	361.518791	1.000000e-05	8.063691e-01	4.081186e-11	3.419684e+04	1.518805e+04
14	2903.974105	8.227526e-06	8.750397e-01	5.240182e-09	5.645800e+04	2.962300e+04
14	2535.436907	2.899938e-16	8.150000e-01	4.726434e-20	1.694200e+04	5.198900e+04
14	440.274536	5.573102e-11	9.025000e-01	6.358660e-29	1.446300e+04	9.728000e+03
14	1891.865060	1.967543e-12	9.100000e-01	1.925357e-30	1.048500e+04	2.305000e+04
14	1880.771285	4.232431e-12	8.275000e-01	7.233114e-28	6.427000e+03	1.227000e+04
14	696.806729	9.198784e-09	7.725000e-01	1.468109e-11	2.977700e+04	1.535100e+04
14	1227.635041	2.115281e-13	8.225000e-01	1.486391e-13	1.351400e+04	5.504500e+04
14	1985.122408	8.893903e-14	8.675000e-01	5.372271e-34	1.656700e+04	3.828400e+04
14	1878.225379	3.323811e-12	7.500000e-01	2.298329e-12	5.818000e+03	2.618000e+04
14	408.598199	1.385474e-08	8.028103e-01	6.116620e-12	3.473155e+04	1.975745e+04
14	1357.754398	7.747878e-12	8.800000e-01	3.726951e-30	1.930100e+04	1.762800e+04
14	2257.890923	2.681101e-16	8.375000e-01	4.027320e-34	2.964200e+04	4.516000e+04
14	1895.940165	1.821652e-12	9.025000e-01	7.535642e-32	1.036600e+04	3.026200e+04
14	25290.017512	7.100000e-16	7.675000e-01	0.000000e+00	3.089900e+04	4.007000e+04
14	338.657176	1.000000e-05	8.079351e-01	3.781721e-10	2.095800e+04	9.739999e+03
14	1219.828050	2.394628e-13	9.025000e-01	1.859992e-13	1.525200e+04	5.613800e+04
14	534.857176	3.655952e-09	7.935961e-01	1.161628e-13	3.454298e+04	2.921297e+04
14	3085.136610	1.798918e-08	8.375002e-01	2.471331e-14	5.295600e+04	3.325400e+04
14	2479.773011	2.097629e-16	8.975000e-01	5.937338e-18	2.314500e+04	3.806300e+04
14	2425.220451	1.012783e-16	8.225000e-01	1.029733e-18	3.057200e+04	4.102400e+04
14	1050.928849	5.070147e-10	8.775000e-01	2.401952e-30	9.123000e+03	1.510700e+04
14	1942.239766	3.600822e-13	8.625000e-01	1.059791e-31	1.308700e+04	3.089000e+04
14	350.098310	1.000000e-05	8.095298e-01	3.535436e-09	3.137797e+04	4.308932e+03
14	2561.322079	8.279168e-16	8.200000e-01	8.279168e-16	1.241100e+04	4.145200e+04
14	401.692335	3.160276e-06	8.030360e-01	7.762261e-12	2.132295e+04	1.917300e+04
14	340.599518	1.000000e-05	8.091775e-01	1.533322e-09	2.566597e+04	6.343936e+03
14	387.873362	1.066250e-08	9.900000e-01	1.573072e-12	7.129000e+03	7.630000e+03
14	1865.154884	7.727405e-12	8.025000e-01	7.727405e-12	4.295000e+03	1.244000e+03
14	1001.692213	7.867960e-12	8.875000e-01	4.166997e-31	1.925600e+04	2.531900e+04
14	1542.493885	2.206283e-11	9.825000e-01	2.206283e-11	4.159500e+04	1.174000e+03
14	3179.775168	3.190919e-06	8.125034e-01	9.661965e-13	5.122700e+04	4.985700e+04
14	541.405874	1.041993e-10	9.800000e-01	4.918536e-15	1.652900e+04	2.134700e+04
14	2436.518718	6.623006e-17	7.925000e-01	3.073127e-20	3.157700e+04	4.883100e+04
14	2129.152077	2.380558e-15	8.650000e-01	4.975545e-37	2.514600e+04	5.658200e+04
14	1109.861273	1.515818e-12	8.300000e-01	1.515818e-12	8.983000e+03	4.921300e+04
14	351.974406	1.000000e-05	8.094903e-01	3.868270e-09	2.598298e+04	4.087008e+03
14	2963.213917	9.443426e-10	8.575177e-01	9.443426e-10	3.362600e+04	4.533300e+04
14	1014.324950	4.577282e-09	9.025000e-01	8.563454e-15	2.858800e+04	2.102000e+04
14	1056.766228	9.248752e-10	9.700002e-01	8.917934e-14	4.449000e+03	5.901000e+04
14	3071.197193	6.369587e-11	8.750000e-01	6.369587e-11	4.065500e+04	4.469500e+04
14	336.441341	1.000000e-05	8.089544e-01	8.371933e-10	4.061598e+04	7.823015e+03
14	2503.905594	7.297692e-20	8.125000e-01	7.297692e-20	3.396500e+04	5.112600e+04
14	2374.342228	8.667963e-16	9.900000e-01	5.089588e-17	1.057800e+04	3.210300e+04
14	1869.205958	1.006947e-11	8.675000e-01	1.400598e-30	5.170000e+03	2.767000e+04
14	1947.515272	2.565511e-14	9.475000e-01	1.106017e-35	2.330300e+04	5.094000e+04
14	614.462274	3.944468e-11	9.800000e-01	9.922275e-16	1.883700e+04	2.510300e+04
14	338.587860	1.000000e-05	8.080585e-01	2.288410e-10	4.499623e+04	1.098597e+04
14	15463.273063	1.317678e-08	9.100000e-01	2.760990e-14	5.707000e+04	3.300300e+04
14	3113.172638	4.683516e-07	7.825082e-01	4.029119e-12	5.173300e+04	4.465000e+04
14	2016.177539	1.373326e-14	9.025000e-01	1.515507e-32	2.218700e+04	3.365700e+04
14	350.630283	7.860255e-10	9.825000e-01	2.831378e-12	1.203600e+04	6.213000e+03
14	1558.400935	4.839035e-12	9.750000e-01	4.839035e-12	4.615600e+04	4.912000e+03
14	2731.244045	2.800000e-16	9.650000e-01	7.501474e-22	3.060800e+04	5.654000e+04
14	1270.569816	3.980926e-12	9.800000e-01	1.852873e-15	4.218400e+04	2.377900e+04
14	1849.104755	6.425556e-11	9.450000e-01	6.135111e-29	4.304000e+03	1.831400e+04
14	3028.225651	2.848675e-10	7.924933e-01	2.848675e-10	3.814700e+04	3.960100e+04
14	939.153619	1.000014e-08	7.909136e-01	1.000000e-08	4.328599e+04	4.949511e+02
14	390.230909	4.788154e-07	8.044119e-01	1.201461e-11	2.835198e+04	1.814601e+04
14	2883.359345	6.899944e-16	9.450000e-01	1.255479e-20	1.310900e+04	5.155900e+04
14	446.422551	9.162582e-10	8.000082e-01	1.730602e-12	3.979199e+04	2.278001e+04
14	1855.191996	3.538868e-11	8.825000e-01	4.760068e-28	2.513000e+03	1.230600e+04
14	574.212874	1.353846e-14	9.275000e-01	6.445469e-19	3.485200e+04	4.008100e+04
14	641.404784	8.428762e-11	7.824999e-01	1.171126e-12	4.237900e+04	2.290500e+04
14	2030.332353	3.071579e-14	7.825000e-01	3.041910e-29	1.747900e+04	2.122700e+04
14	390.027281	1.060943e-12	7.700000e-01	7.917311e-14	8.321000e+03	3.226000e+04
14	2333.972896	2.581850e-17	8.725000e-01	1.124166e-33	3.608500e+04	4.102900e+04
14	1338.053430	2.700604e-12	9.950000e-01	1.893955e-16	3.943200e+04	2.898500e+04
14	1907.901668	1.271539e-12	8.800152e-01	2.785146e-36	1.050200e+04	5.376000e+04
14	1972.456464	2.070937e-14	9.925000e-01	1.145613e-19	5.293200e+04	4.604300e+04
14	1487.188273	1.251001e-16	9.200000e-01	1.265878e-20	4.606000e+04	4.849600e+04
14	735.894089	8.859496e-08	7.971566e-01	1.000000e-08	5.571191e+04	8.419185e+02
14	42728.809268	1.509796e-08	9.825000e-01	2.168940e-15	5.216000e+04	3.915300e+04
14	2813.212149	1.074983e-07	7.500000e-01	9.651917e-09	2.343495e+04	2.866503e+04
14	1902.275528	1.670954e-12	8.750000e-01	4.075590e-32	9.705000e+03	3.212400e+04
14	1976.119910	1.311826e-13	8.325000e-01	2.502179e-32	1.486500e+04	3.559300e+04
14	372.614638	1.000000e-05	8.057148e-01	2.434021e-11	2.635100e+04	1.644500e+04
14	7233.696877	3.105875e-08	8.800000e-01	3.390900e-13	5.489100e+04	2.692300e+04
14	360.991784	5.780514e-06	8.096476e-01	6.519265e-09	5.626160e+04	2.816520e+03
14	1772.278848	6.015292e-13	9.575000e-01	1.579532e-18	4.896300e+04	4.038600e+04
14	1856.131636	2.286271e-11	8.300000e-01	1.288855e-27	2.389000e+03	9.475000e+03
14	3722.963107	7.142110e-09	8.250000e-01	2.298061e-16	5.879200e+04	4.454100e+04
14	505.261511	5.311971e-08	7.947805e-01	2.611834e-13	2.802897e+04	2.724408e+04
14	497.866696	1.323680e-08	7.957167e-01	3.367521e-13	3.172500e+04	2.665900e+04
14	2816.661551	3.052012e-08	9.061536e-01	1.000000e-08	2.366200e+04	4.725600e+04
14	1140.907755	1.194644e-12	9.925000e-01	2.575643e-14	4.265000e+04	1.747100e+04
14	-1.000000	-1.000000e+00	-1.000000e+00	-1.000000e+00	-1.000000e+00	-1.000000e+00
14	1860.846059	2.063890e-11	8.850000e-01	1.095135e-27	3.895000e+03	1.095900e+04
14	350.356820	1.000000e-05	8.095425e-01	3.610271e-09	4.856818e+04	4.258140e+03
14	343.468990	1.000000e-05	8.093828e-01	2.153789e-09	3.252800e+04	5.518002e+03
14	2240.987833	3.572777e-16	8.400000e-01	3.017126e-35	2.902200e+04	5.205600e+04
14	343.821812	2.424585e-10	8.075305e-01	1.315212e-10	5.275959e+04	1.233435e+04
14	61036.396628	2.816561e-16	7.725000e-01	6.862605e-20	4.433400e+04	5.883200e+04
14	29316.141901	1.349488e-08	9.625000e-01	2.186954e-14	5.498800e+04	3.357100e+04
14	812.569306	9.025270e-10	9.925000e-01	4.731921e-13	2.593000e+04	1.053000e+04
14	1997.125138	7.342307e-14	8.150000e-01	1.092928e-29	1.593000e+04	2.284900e+04
14	355.360848	6.113250e-06	8.067390e-01	5.699187e-11	5.813397e+04	1.437445e+04
14	3111.353120	1.092094e-11	8.975000e-01	1.092094e-11	4.408800e+04	5.318900e+04
14	3271.535441	8.847100e-06	9.674974e-01	1.377977e-13	5.917500e+04	5.757300e+04
14	335.895274	1.000000e-05	8.088296e-01	6.783752e-10	3.362300e+04	8.335944e+03
14	1065.285946	6.343655e-12	7.750000e-01	6.881109e-13	4.577000e+03	4.857000e+04
14	1880.556621	4.380307e-12	8.325000e-01	7.430980e-30	6.437000e+03	1.758100e+04
14	2436.274493	9.265281e-08	8.975003e-01	1.426239e-17	5.679600e+04	3.613400e+04
14	1848.488312	1.071322e-10	9.075000e-01	5.979344e-27	6.550000e+02	1.022900e+04
14	3100.459867	2.921580e-11	8.074981e-01	2.921580e-11	4.344200e+04	4.887100e+04
14	2229.023880	1.126403e-16	8.875000e-01	2.022419e-36	3.310600e+04	5.450100e+04
14	1902.768475	2.040686e-14	9.925000e-01	3.598875e-19	5.297200e+04	4.343900e+04
14	2838.715609	5.384159e-08	7.500000e-01	6.834352e-09	2.516991e+04	3.241601e+04
14	2848.350158	6.471792e-08	8.225001e-01	7.901588e-16	4.888000e+04	4.156500e+04
14	22472.422317	5.338879e-09	9.750000e-01	3.591475e-12	5.995800e+04	2.121000e+04
14	1856.528023	1.641147e-11	7.800000e-01	6.208791e-27	2.372000e+03	8.982000e+03
14	341.899615	7.800940e-13	9.425000e-01	2.790897e-14	2.558000e+04	1.621300e+04
14	370.163773	1.000000e-05	8.058816e-01	2.707829e-11	2.974700e+04	1.618701e+04
14	1212.260582	1.945052e-11	9.125000e-01	6.211278e-15	4.209800e+04	2.164500e+04
14	1157.106601	1.030904e-11	7.975000e-01	4.700727e-14	3.743000e+03	5.699300e+04
14	1875.482993	5.794352e-12	8.325000e-01	1.700525e-29	5.761000e+03	2.090500e+04
14	2165.663140	2.358240e-17	7.950000e-01	2.358240e-17	1.883300e+04	3.871700e+04
14	24622.081117	3.516898e-08	9.575001e-01	9.861600e-14	5.126400e+04	2.992600e+04
14	16580.322968	8.640889e-08	8.950001e-01	1.322218e-15	4.974100e+04	4.034100e+04
14	343.799361	1.309752e-10	9.132423e-01	1.309752e-10	1.234501e+04	5.499801e+04
14	2793.202712	6.699781e-16	8.825000e-01	2.561863e-20	1.469200e+04	5.101700e+04
14	17012.658296	5.365238e-08	8.950002e-01	1.026602e-15	4.972200e+04	4.095100e+04
14	1881.740036	3.660878e-12	8.075000e-01	7.866175e-29	6.430000e+03	1.872000e+04
14	495.532575	4.588831e-12	7.525000e-01	1.854637e-15	5.029000e+03	4.618500e+04
14	54059.038747	5.500000e-16	8.525000e-01	3.736918e-39	3.598300e+04	5.861500e+04
14	2417.401686	9.862857e-06	7.512345e-01	1.330587e-12	3.985600e+04	3.324400e+04
14	341.829978	1.501192e-11	9.375000e-01	1.501192e-11	1.836700e+04	3.580000e+02
14	2506.019399	9.717944e-18	7.700000e-01	8.045034e-22	3.600300e+04	5.603700e+04
14	1727.626617	1.766568e-11	9.025000e-01	6.553347e-19	4.262800e+04	4.314400e+04
14	1223.313306	5.728744e-13	8.350000e-01	7.111320e-14	1.136000e+04	5.730100e+04
14	2290.604717	8.576711e-13	9.975000e-01	2.534016e-17	2.092300e+04	3.343900e+04
14	1149.648521	5.983121e-13	9.875000e-01	6.539563e-14	4.577500e+04	1.530000e+04
14	1854.865937	3.697024e-11	9.250000e-01	5.242118e-29	4.103000e+03	1.958600e+04
14	873.013070	2.772500e-09	9.875000e-01	5.128584e-14	2.444200e+04	1.587000e+04
14	364.559523	1.000000e-05	8.091082e-01	6.475618e-09	2.098904e+04	2.811270e+03
14	365.254931	9.912613e-06	8.096662e-01	7.965735e-09	5.736180e+04	2.327706e+03
14	6595.720103	2.522107e-06	8.750030e-01	2.905907e-13	3.491000e+04	2.729600e+04
14	3287.017915	2.863359e-06	8.999119e-01	5.965409e-14	4.551500e+04	5.894900e+04
14	830.903015	1.939667e-13	7.775820e-01	9.906384e-14	5.756100e+04	2.872500e+04
14	366.150574	1.000000e-05	8.096660e-01	8.284263e-09	3.437521e+04	2.231970e+03
14	8590.925816	1.856557e-08	8.800000e-01	5.999804e-14	5.700600e+04	3.112000e+04
14	948.530370	1.761463e-16	9.775000e-01	5.458031e-18	4.721300e+04	3.705200e+04
14	2830.192705	1.649481e-15	8.250000e-01	1.649481e-15	4.978000e+03	3.979100e+04
14	2895.468397	1.003488e-08	7.771505e-01	1.000000e-08	2.901918e+04	3.993717e+04
14	5887.557715	3.558261e-07	8.700004e-01	2.884008e-13	4.449200e+04	2.731300e+04
14	346.810348	1.000000e-05	8.073161e-01	1.001673e-10	3.790895e+04	1.300004e+04
14	880.396427	7.651682e-12	7.726235e-01	5.321401e-13	4.780000e+04	2.368700e+04
14	511.711219	4.890528e-14	7.800000e-01	9.897451e-16	1.490100e+04	4.168300e+04
14	1985.928397	6.724306e-14	8.850000e-01	1.218564e-33	1.773400e+04	4.204600e+04
14	312.201600	2.138722e-11	9.475000e-01	1.158480e-12	1.794300e+04	7.688000e+03
14	1088.055848	2.202064e-09	8.775000e-01	3.385403e-15	3.107700e+04	2.363200e+04
14	328.847261	8.366055e-12	9.250000e-01	2.042569e-15	1.937100e+04	2.112400e+04
14	393.279272	5.009720e-11	8.044613e-01	1.083117e-11	5.203619e+04	1.840679e+04
14	565.834100	1.693492e-09	7.850000e-01	2.618484e-12	3.496600e+04	2.104400e+04
14	1290.637377	1.513223e-10	9.350000e-01	2.981678e-16	3.607500e+04	2.849700e+04
14	1621.064011	4.557824e-11	7.676701e-01	4.557824e-11	5.943200e+04	1.197800e+04
14	373.828667	9.799556e-09	9.109443e-01	9.799556e-09	1.809954e+03	3.910401e+04
14	2471.549116	2.618688e-12	8.400000e-01	2.618688e-12	4.393000e+03	2.201200e+04
14	1246.400580	3.132701e-09	8.950000e-01	1.202774e-16	2.974400e+04	3.117100e+04
14	17221.426572	9.685323e-09	9.725000e-01	5.328756e-10	5.799700e+04	9.058000e+03
14	1855.893416	2.376497e-11	9.675000e-01	4.541813e-28	9.160000e+03	9.444000e+03
14	11644.277870	1.678011e-07	8.775005e-01	2.081002e-15	4.459800e+04	3.924500e+04
14	1096.366800	1.614247e-14	7.950000e-01	1.477634e-16	1.502800e+04	4.571500e+04
14	966.788975	4.888913e-10	9.050000e-01	2.046633e-13	3.416300e+04	1.343800e+04
14	1122.700608	1.116442e-14	7.925000e-01	5.033501e-17	1.633000e+04	4.832900e+04
14	3179.085817	9.205658e-06	9.200092e-01	2.376624e-12	5.296600e+04	4.979700e+04
14	1847.797682	1.264930e-10	9.125000e-01	7.177648e-27	4.620000e+02	8.421000e+03
14	633.717890	9.791916e-06	7.957938e-01	4.139223e-14	5.978001e+04	3.194416e+04
14	374.039419	9.530844e-09	8.025000e-01	3.441875e-11	3.532700e+04	1.552400e+04
14	1430.364701	4.602814e-12	9.925000e-01	4.602814e-12	4.228700e+04	4.815000e+03
14	3265.655848	1.636909e-13	9.775000e-01	1.636909e-13	5.438800e+04	5.787100e+04
14	3083.871881	2.300000e-16	9.675000e-01	3.062594e-22	2.247200e+04	5.961500e+04
14	2059.165969	1.182076e-06	9.550032e-01	1.586412e-14	5.200200e+04	1.897000e+04
14	324.588655	6.558701e-10	9.300000e-01	5.985054e-13	9.007000e+03	8.267000e+03
14	346.015799	1.000000e-05	8.073764e-01	1.065397e-10	5.195917e+04	1.284973e+04
14	1904.016639	6.360809e-13	7.800000e-01	6.360809e-13	8.159000e+03	1.354600e+04
14	3178.992799	1.290841e-12	9.525000e-01	1.290841e-12	4.806600e+04	5.508800e+04
14	342.992204	4.150999e-12	9.250000e-01	2.451992e-15	2.106600e+04	2.065800e+04
14	1897.484280	1.944507e-12	8.325000e-01	3.326358e-30	8.396000e+03	2.384400e+04
14	362.521470	7.016865e-09	9.105481e-01	7.016865e-09	2.637085e+03	5.780103e+04
14	1767.561702	2.418728e-12	9.475000e-01	9.154064e-19	4.598400e+04	4.174500e+04
14	358.290260	1.000000e-05	8.096056e-01	5.633058e-09	2.864000e+04	3.171999e+03
14	32234.638422	1.372193e-08	9.800000e-01	4.780926e-14	5.360600e+04	3.168000e+04
14	545.612724	8.597098e-09	8.059681e-01	8.597098e-09	4.191705e+04	1.553279e+03
14	2365.946236	4.463700e-11	8.600000e-01	4.384681e-27	1.505600e+04	2.050000e+03
14	371.041620	1.021039e-08	9.105262e-01	1.000000e-08	1.721992e+03	5.050500e+04
14	1520.064295	2.346985e-11	7.701029e-01	2.346985e-11	5.627800e+04	1.412700e+04
14	1856.641858	2.555690e-11	8.550000e-01	2.350700e-28	2.622000e+03	1.715000e+04
14	3073.445053	4.142005e-11	9.350029e-01	4.142005e-11	4.013100e+04	4.595600e+04
14	1358.681563	2.009880e-09	9.050000e-01	2.196184e-17	3.057900e+04	3.497400e+04
14	336.390864	1.000000e-05	8.089467e-01	8.254867e-10	5.499138e+04	7.857367e+03
14	1632.432537	1.779708e-14	8.200000e-01	1.779708e-14	8.726000e+03	3.404300e+04
14	3239.959407	1.000000e-05	9.767891e-01	4.147769e-13	4.749400e+04	5.483700e+04
14	1022.776399	2.476093e-13	7.975000e-01	5.032623e-16	5.929500e+04	4.256100e+04
14	1107.685653	2.500325e-11	7.850000e-01	1.392054e-13	1.400000e+03	5.347700e+04
14	600.296948	9.478575e-15	9.775000e-01	5.601034e-15	3.811800e+04	2.096400e+04
14	411.822937	4.162757e-09	8.026259e-01	5.478481e-12	3.759595e+04	2.002404e+04
14	371.082720	1.933887e-06	8.058451e-01	2.598887e-11	5.810983e+04	1.628759e+04
14	2840.267223	3.341078e-11	8.550000e-01	2.437359e-27	1.576400e+04	1.503000e+03
14	2625.121198	7.499675e-16	9.350000e-01	7.893715e-19	1.727100e+04	4.224100e+04
14	36527.991072	4.024462e-15	7.675000e-01	9.688671e-33	3.766100e+04	4.317800e+04
14	1947.853779	3.472593e-12	9.450000e-01	3.858811e-20	4.518300e+04	4.899400e+04
14	2165.790360	1.862323e-15	7.825000e-01	8.545474e-30	2.409600e+04	2.513700e+04
14	335.746797	1.000000e-05	8.086005e-01	4.732830e-10	3.459197e+04	9.213962e+03
14	453.326490	3.205256e-11	7.999646e-01	1.441200e-12	4.826781e+04	2.323637e+04
14	2254.457220	4.661769e-16	9.425000e-01	3.734650e-16	1.056100e+04	2.791400e+04
14	1896.990776	1.062926e-12	9.650000e-01	1.553012e-35	1.634100e+04	4.886400e+04
14	342.954911	1.000000e-05	8.080265e-01	1.001463e-09	1.933597e+04	7.344019e+03
14	963.572204	7.111854e-11	7.625001e-01	9.055437e-14	4.185500e+04	2.526800e+04
14	3296.038071	6.392464e-07	9.174448e-01	4.760133e-14	4.603600e+04	5.976100e+04
14	365.922226	1.790071e-06	8.061232e-01	3.287522e-11	5.568600e+04	1.571500e+04
14	1838.608413	1.362022e-12	9.000000e-01	3.931757e-19	4.922000e+04	4.436700e+04
14	2420.487242	4.800000e-16	9.625000e-01	1.775869e-22	3.126800e+04	5.846700e+04
14	1187.006687	9.640151e-10	9.800000e-01	2.766336e-16	2.830000e+04	2.822200e+04
14	381.832573	2.008783e-08	9.625000e-01	1.011441e-11	2.296000e+03	2.958000e+03
14	413.726233	1.358546e-08	8.023510e-01	5.097877e-12	3.437001e+04	2.019100e+04
14	2918.651523	6.145640e-09	7.500000e-01	5.829666e-09	3.063119e+04	4.087822e+04
14	13159.463750	3.909105e-07	8.774205e-01	6.562756e-16	3.807000e+04	4.202701e+04
14	1854.327739	3.707373e-11	8.750000e-01	3.996829e-29	2.196000e+03	1.731500e+04
14	1923.745404	6.968316e-13	8.375000e-01	3.360310e-29	1.096100e+04	1.844000e+04
14	385.988322	1.761542e-08	9.106142e-01	1.000000e-08	3.899630e+02	4.398038e+04
14	338.399642	1.000000e-05	8.091535e-01	1.229247e-09	5.031619e+04	6.886172e+03
14	2428.602348	8.539531e-06	7.511869e-01	2.950385e-14	4.800802e+04	4.277800e+04
14	2078.229186	9.678582e-15	8.450000e-01	1.343457e-33	2.133000e+04	4.015400e+04
14	1228.211226	6.002225e-14	9.950000e-01	3.525836e-19	3.766100e+04	4.342400e+04
14	1941.041284	1.394873e-13	9.125000e-01	4.915981e-31	1.702200e+04	2.682500e+04
14	105774.601869	3.263099e-17	8.100000e-01	2.296769e-18	4.868800e+04	5.780700e+04
14	352.343633	3.458482e-08	9.950000e-01	3.348402e-11	6.030000e+03	2.110000e+02
14	3127.890309	7.253016e-11	8.500000e-01	3.868422e-28	1.388100e+04	5.990000e+03
14	874.986107	9.146691e-09	9.549994e-01	6.157215e-13	2.510000e+02	5.447700e+04
14	1992.697944	5.702090e-18	7.675000e-01	5.702090e-18	3.353900e+04	4.725500e+04
14	349.308365	3.296219e-09	9.107549e-01	3.296219e-09	4.479109e+03	4.782397e+04
14	613.066389	2.047396e-10	9.825000e-01	1.348355e-15	1.524500e+04	2.439600e+04
14	3150.226401	3.173236e-12	8.950000e-01	3.173236e-12	4.724300e+04	5.776700e+04
14	1860.596871	1.025470e-11	8.450000e-01	1.025470e-11	3.639000e+03	2.222000e+03
14	649.107184	3.671480e-14	9.950000e-01	8.637874e-15	3.880900e+04	2.001100e+04
14	623.402876	8.904210e-15	7.650000e-01	1.868230e-16	1.974900e+04	4.690000e+04
14	10629.014565	4.608941e-09	8.675001e-01	7.550035e-16	5.842900e+04	4.168800e+04
14	456.958693	1.526461e-09	9.213495e-01	1.526461e-09	6.058015e+03	3.573902e+04
14	331.496013	9.875871e-11	9.925000e-01	8.251922e-12	1.909200e+04	3.621000e+03
14	693.767008	6.052942e-10	7.852139e-01	1.399396e-15	3.800391e+04	3.978528e+04
14	381.548644	7.544938e-13	7.700000e-01	1.728171e-13	9.160000e+03	3.042600e+04
14	712.138213	2.889316e-09	9.925000e-01	7.889543e-12	2.301600e+04	3.752000e+03
14	342.158715	1.000000e-05	8.076933e-01	1.497391e-10	3.970300e+04	1.202000e+04
14	553.055427	2.687256e-13	7.625000e-01	4.341127e-16	1.174100e+04	4.542400e+04
14	2079.201108	5.470708e-15	8.800000e-01	1.961364e-36	2.359500e+04	5.426400e+04
14	671.270965	2.554937e-15	9.675000e-01	4.567563e-17	4.014500e+04	3.199000e+04
14	16977.414178	2.254402e-08	9.625001e-01	5.734080e-11	5.427800e+04	1.447800e+04
14	1233.636979	6.781581e-10	9.250000e-01	3.551575e-16	3.267300e+04	2.820700e+04
14	348.491146	5.285701e-10	9.135233e-01	5.285701e-10	8.892025e+03	4.264410e+04
14	2108.295210	4.839415e-15	8.475000e-01	2.039972e-35	2.303100e+04	5.121700e+04
14	348.212348	1.000000e-05	8.072141e-01	9.025176e-11	5.103274e+04	1.325413e+04
14	385.781596	1.784665e-08	9.105583e-01	1.000000e-08	3.600019e+02	5.482100e+04
14	419.391841	1.686109e-09	9.700000e-01	1.355706e-13	8.847000e+03	1.342300e+04
14	-1.000000	-1.000000e+00	-1.000000e+00	-1.000000e+00	-1.000000e+00	-1.000000e+00
14	915.824071	6.542600e-11	9.600000e-01	1.607309e-13	1.201900e+04	5.772400e+04
14	1082.545775	7.116606e-10	9.000000e-01	8.163498e-15	3.335300e+04	2.117200e+04
14	1396.500840	1.016862e-11	9.950000e-01	3.435034e-17	3.608300e+04	3.294500e+04
14	1834.949548	6.154683e-10	9.650000e-01	2.919077e-26	9.040000e+02	3.957000e+03
14	1287.594325	1.764538e-13	8.150000e-01	1.764538e-13	1.139200e+04	2.861800e+04
14	409.706126	2.496553e-11	9.500000e-01	9.085757e-16	1.757200e+04	2.474700e+04
14	362.616457	5.954296e-12	9.225000e-01	2.159210e-13	2.014900e+04	9.452000e+03
14	2757.390208	4.940137e-07	7.500000e-01	9.843564e-09	1.961725e+04	3.309610e+04
14	312.694773	1.357341e-11	9.425000e-01	3.157659e-12	1.882300e+04	5.007000e+03
14	370.404377	9.843144e-06	8.018991e-01	4.716038e-10	1.493086e+04	8.927000e+03
14	1399.863110	8.476865e-07	8.125013e-01	5.342285e-15	3.729000e+04	3.694200e+04
14	1364.855598	1.846747e-12	8.250000e-01	1.846747e-12	8.902000e+03	4.775300e+04
14	3004.148257	2.900022e-16	9.525000e-01	1.561449e-21	1.360000e+04	5.616500e+04
14	5166.810031	6.400000e-16	9.275000e-01	4.728316e-37	3.932700e+04	5.481400e+04
14	6275.796003	2.358745e-07	8.500007e-01	1.912752e-15	4.307300e+04	3.944300e+04
14	2990.947347	6.572236e-06	8.226056e-01	2.944161e-10	4.784400e+04	3.567600e+04
14	574.612961	3.011347e-15	9.350000e-01	3.405013e-19	3.853000e+04	4.197400e+04
14	1950.380334	2.807142e-13	8.275000e-01	2.857823e-34	1.295100e+04	4.071000e+04
14	335.671012	8.132698e-06	8.087154e-01	5.618846e-10	5.922700e+04	8.795547e+03
14	2628.354912	6.099769e-16	9.250000e-01	6.807284e-19	1.867100e+04	4.270000e+04
14	3052.173795	6.800000e-16	9.625000e-01	6.733644e-22	9.657000e+03	5.793600e+04
14	864.682142	2.590897e-10	7.650000e-01	4.611442e-13	3.858900e+04	2.188500e+04
14	341.207706	1.000000e-05	8.077534e-01	1.688673e-10	2.669997e+04	1.172496e+04
14	335.917145	9.526631e-06	8.088458e-01	6.935798e-10	5.486600e+04	8.282002e+03
14	3237.211044	1.130212e-06	9.825030e-01	4.632829e-13	5.961800e+04	5.460300e+04
14	488.785524	1.156615e-09	8.950000e-01	2.385831e-28	7.084000e+03	2.703000e+03
14	2978.956572	5.370309e-06	8.582098e-01	5.881434e-10	4.900700e+04	3.482800e+04
14	1179.016534	4.370629e-13	9.825000e-01	5.552584e-14	4.745900e+04	1.573000e+04
14	1406.736036	5.507411e-11	9.200000e-01	7.822067e-17	3.920000e+04	3.180600e+04
14	1263.061437	4.694378e-10	9.450000e-01	2.197719e-16	3.276300e+04	2.909600e+04
14	1900.117187	1.295592e-12	9.075000e-01	7.615818e-32	1.139300e+04	3.130400e+04
14	3272.757199	6.132388e-06	9.249970e-01	1.111723e-13	5.996300e+04	5.768100e+04
14	458.379267	6.191810e-08	8.050001e-01	2.009943e-12	3.574500e+04	2.252200e+04
14	17386.732683	4.321905e-08	9.125000e-01	1.161511e-14	5.534000e+04	3.509700e+04
14	362.858525	1.000000e-05	8.091816e-01	6.108493e-09	2.137797e+04	2.956874e+03
14	2077.109191	7.714859e-11	8.628717e-01	2.989105e-11	1.372296e+04	5.361100e+04
14	351.767058	1.000000e-05	8.095632e-01	3.944820e-09	5.336108e+04	4.041962e+03
14	3084.259893	9.999998e-06	9.325301e-01	4.511875e-11	5.196800e+04	4.245100e+04
14	1923.656763	2.245571e-13	9.600000e-01	2.090629e-35	1.940300e+04	4.630200e+04
14	341.087397	9.347998e-06	8.093011e-01	1.717324e-09	5.972303e+04	6.070591e+03
14	341.315934	1.000000e-05	8.093108e-01	1.759087e-09	5.009966e+04	6.011982e+03
14	337.466527	1.000000e-05	8.085166e-01	6.556973e-10	2.231995e+04	8.406887e+03
14	611.539781	9.996077e-12	7.946289e-01	2.403294e-14	4.961800e+04	3.311098e+04
14	349.973971	1.000000e-05	8.095361e-01	3.521849e-09	4.651140e+04	4.318626e+03
14	2286.024266	2.916277e-16	9.400000e-01	2.154323e-16	1.319700e+04	2.922600e+04
14	1849.893220	6.344590e-11	9.575001e-01	7.425166e-32	5.569000e+03	3.000100e+04
14	1754.980321	2.726166e-12	9.600000e-01	9.398461e-19	4.495300e+04	4.154800e+04
14	1859.649531	2.244911e-11	8.800000e-01	4.295606e-29	3.549000e+03	1.941000e+04
14	3059.673791	7.114376e-11	8.475080e-01	7.114376e-11	4.042000e+04	4.910800e+04
14	844.278253	9.460010e-10	9.750000e-01	9.338079e-13	2.893800e+04	9.043000e+03
14	347.551936	1.000000e-05	8.094856e-01	2.975031e-09	3.207499e+04	4.729998e+03
14	1871.116685	5.337973e-12	9.275000e-01	2.682558e-29	8.973000e+03	1.873500e+04
14	1313.017738	7.245146e-14	8.100000e-01	2.188693e-14	1.585500e+04	5.950000e+04
14	1688.937646	1.083219e-16	9.725000e-01	1.083219e-16	4.335200e+04	2.189500e+04
14	1856.085597	3.117035e-11	9.250000e-01	1.876344e-30	4.519000e+03	2.184300e+04
14	1995.686718	7.133643e-14	7.825000e-01	1.127366e-27	1.547700e+04	1.562200e+04
14	2266.738666	3.031110e-16	7.825000e-01	1.395984e-32	2.834800e+04	3.542000e+04
14	3186.038910	2.046508e-12	9.325287e-01	2.046508e-12	4.873900e+04	5.217700e+04
14	1034.606394	8.423926e-10	8.025000e-01	2.244912e-15	4.105700e+04	3.899200e+04
14	394.787048	1.654883e-12	7.700000e-01	4.907450e-14	7.237000e+03	3.338500e+04
14	2433.681689	5.472602e-17	8.175000e-01	4.803605e-20	3.248700e+04	4.656700e+04
14	2217.793081	6.453781e-16	8.225000e-01	1.541266e-34	2.726800e+04	4.599500e+04
14	1866.046671	1.228872e-11	8.625000e-01	1.133122e-28	4.568000e+03	1.447400e+04
14	372.446864	7.692944e-12	9.225000e-01	7.054209e-12	1.951400e+04	7.600000e+02
14	774.119187	2.021999e-12	9.475000e-01	2.021999e-12	2.290400e+04	1.748000e+03
14	496.356369	6.173536e-08	7.953832e-01	3.417376e-13	2.777694e+04	2.660302e+04
14	377.005706	1.000000e-05	8.055391e-01	2.022484e-11	4.630775e+04	1.689836e+04
14	354.208904	8.992220e-06	8.068114e-01	6.099168e-11	5.963135e+04	1.420916e+04
14	2900.141451	1.000000e-05	8.074454e-01	2.892246e-09	4.956700e+04	2.936300e+04
14	910.460957	1.011635e-08	9.650001e-01	1.875556e-14	2.385100e+04	1.844700e+04
14	1241.980004	1.351700e-11	9.275000e-01	3.737769e-15	4.250200e+04	2.265400e+04
14	1238.979350	1.545055e-12	8.875000e-01	3.960652e-30	2.321500e+04	2.085400e+04
14	3198.893955	8.680222e-06	8.350078e-01	6.962423e-13	5.642900e+04	5.140800e+04
14	360.047287	1.000000e-05	8.061865e-01	4.529907e-11	2.208901e+04	1.492100e+04
14	5898.428554	2.188988e-06	8.900027e-01	5.900461e-11	3.620500e+04	1.439400e+04
14	339.320338	1.000000e-05	8.078956e-01	4.767160e-10	2.016997e+04	9.167015e+03
14	2426.216335	2.680266e-11	7.525000e-01	3.481532e-15	4.638200e+04	4.407200e+04
14	624.582742	2.061776e-10	9.450000e-01	8.984372e-11	1.016600e+04	4.223500e+04
14	338.741065	1.000000e-05	8.090721e-01	1.203982e-09	2.581197e+04	6.933923e+03
14	447.462714	2.272292e-08	9.775015e-01	3.096636e-13	3.273000e+03	1.151300e+04
14	2950.285339	9.100001e-16	9.375000e-01	1.359356e-21	2.192500e+04	5.648200e+04
14	340.726514	1.000000e-05	8.078275e-01	1.741773e-10	4.439726e+04	1.165145e+04
14	3135.976767	3.022262e-06	8.050095e-01	3.339560e-12	5.105700e+04	4.639500e+04
14	2638.219764	8.699980e-16	9.400000e-01	3.027426e-19	2.346600e+04	4.410200e+04
14	491.574583	9.480401e-09	7.989206e-01	9.480401e-09	3.200809e+04	1.259172e+03
14	338.935915	1.000000e-05	8.091895e-01	1.327344e-09	4.598721e+04	6.698898e+03
14	2872.160745	4.599999e-16	9.050000e-01	7.633906e-21	2.040100e+04	5.322300e+04
14	2803.351504	4.607371e-07	8.549893e-01	1.000000e-08	1.914300e+04	3.013700e+04
14	663.454650	1.000000e-08	7.975029e-01	1.000000e-08	3.553100e+04	8.870000e+02
14	3166.855784	6.214395e-07	7.825007e-01	7.785172e-13	5.778800e+04	4.883500e+04
14	3066.308619	6.000014e-16	9.650000e-01	5.199872e-22	1.007500e+04	5.848700e+04
14	2868.210591	1.000000e-05	8.363338e-01	9.994497e-09	4.685400e+04	2.717900e+04
14	1731.823628	1.198812e-15	9.750000e-01	1.198812e-15	3.670500e+04	1.557300e+04
14	2640.863645	2.099738e-16	9.350000e-01	6.503829e-19	1.567100e+04	4.270100e+04
14	343.509094	1.000000e-05	8.093900e-01	2.168965e-09	5.887009e+04	5.501063e+03
14	82827.184673	4.045181e-08	8.450002e-01	1.000000e-08	5.394800e+04	2.184300e+04
14	929.994779	1.214007e-11	7.701064e-01	3.263700e-14	4.652500e+04	3.007800e+04
14	392.343571	1.000000e-05	8.084241e-01	1.000000e-08	4.386101e+04	1.582067e+03
14	413.274081	1.199579e-08	9.149897e-01	1.000000e-08	1.182936e+03	3.342299e+04
14	469.619341	1.110159e-08	9.774998e-01	9.564582e-14	5.010000e+03	1.431600e+04
14	1863.917513	1.068473e-11	9.525000e-01	2.462931e-28	9.350000e+03	1.544200e+04
14	2320.815881	6.041337e-17	8.550000e-01	1.252330e-36	3.357000e+04	5.645100e+04
14	1833.099027	6.596670e-10	9.675000e-01	3.263039e-29	1.064000e+03	1.609800e+04
14	345.600055	1.000000e-05	8.094275e-01	2.552113e-09	2.933107e+04	5.103560e+03
14	381.874072	5.742162e-08	9.825001e-01	3.337793e-11	1.648000e+03	2.390000e+02
14	1953.699934	5.891895e-14	9.175000e-01	1.866166e-30	1.935500e+04	2.386200e+04
14	355.936097	9.387840e-06	8.096109e-01	5.021141e-09	5.389289e+04	3.453453e+03
14	1075.912386	1.644339e-11	7.800000e-01	1.644339e-11	2.688000e+03	4.029600e+04
14	-1.000000	-1.000000e+00	-1.000000e+00	-1.000000e+00	-1.000000e+00	-1.000000e+00
14	1320.664782	1.689789e-11	8.900000e-01	8.390710e-16	4.309700e+04	2.670400e+04
14	341.918452	1.000000e-05	8.077151e-01	1.533789e-10	5.239205e+04	1.196146e+04
14	1994.629749	1.837876e-07	9.300005e-01	7.563282e-14	5.422900e+04	1.552700e+04
14	3082.414000	3.857988e-12	9.925002e-01	3.857988e-12	4.028200e+04	5.309000e+04
14	1837.292247	1.968908e-12	9.950000e-01	1.968908e-12	4.910100e+04	7.086000e+03
14	336.140304	3.865924e-10	9.120666e-01	3.865924e-10	9.707306e+03	5.828800e+04
14	434.883900	2.497643e-09	8.007634e-01	2.499540e-12	3.761798e+04	2.189693e+04
14	892.066136	5.354539e-17	9.675000e-01	5.116617e-20	4.887500e+04	4.743500e+04
14	1859.065106	1.756272e-11	8.300000e-01	1.243974e-23	3.029000e+03	2.413000e+03
14	3150.222518	3.817384e-12	9.325000e-01	3.817384e-12	4.614000e+04	5.245500e+04
14	341.821919	1.877431e-10	9.130963e-01	1.877431e-10	1.145902e+04	4.935106e+04
14	391.094928	1.221278e-08	8.044574e-01	1.166833e-11	3.779422e+04	1.822098e+04
14	1850.837109	5.098393e-11	9.525000e-01	1.882567e-28	5.587000e+03	1.219900e+04
14	377.916850	1.342224e-08	9.105288e-01	1.000000e-08	1.054954e+03	5.721498e+04
14	1436.995618	1.153017e-10	8.875000e-01	3.019909e-17	3.828200e+04	3.453600e+04
14	2999.180421	7.759821e-06	8.050698e-01	1.809918e-10	4.577600e+04	3.626200e+04
14	2603.019029	6.396480e-16	9.500000e-01	1.268689e-18	1.236900e+04	4.099100e+04
14	1915.183925	7.110306e-13	7.800000e-01	7.110306e-13	9.817000e+03	6.806000e+03
14	1170.099816	5.747561e-12	7.700000e-01	1.584737e-14	4.747000e+03	5.764700e+04
14	1848.535747	1.089415e-10	9.125000e-01	9.242680e-25	8.260000e+02	1.072000e+03
14	336.698060	6.686431e-06	8.083327e-01	3.244007e-10	4.495398e+04	1.013512e+04
14	2302.955496	1.565262e-16	8.000000e-01	1.998373e-36	3.017600e+04	5.124800e+04
14	2999.109377	7.100000e-16	9.800000e-01	5.344438e-22	2.573500e+04	5.806100e+04
14	353.696939	1.000000e-05	8.068179e-01	6.320901e-11	2.762826e+04	1.412081e+04
14	921.788552	6.868145e-09	8.875000e-01	6.455072e-14	2.797200e+04	1.645400e+04
14	629.295504	2.907825e-11	7.896296e-01	1.022115e-14	4.616600e+04	3.509000e+04
14	337.824086	6.976812e-09	8.081592e-01	2.599497e-10	5.012300e+04	1.067501e+04
14	353.689627	8.653899e-06	8.095876e-01	4.424422e-09	5.368212e+04	3.762077e+03
14	641.503848	9.123122e-06	7.955396e-01	3.587939e-14	5.182282e+04	3.229050e+04
14	2166.262201	9.904053e-16	8.675000e-01	4.189648e-37	2.729900e+04	5.757600e+04
14	1036.714708	2.961010e-10	9.575000e-01	2.140234e-14	3.325000e+04	1.820800e+04
14	19919.748115	5.876939e-16	8.225000e-01	7.347328e-22	4.220800e+04	5.959500e+04
14	812.690294	1.300807e-09	7.656205e-01	7.999548e-14	3.450600e+04	2.622700e+04
14	2784.596298	8.743199e-06	7.577099e-01	8.964608e-09	5.213693e+04	2.162578e+04
14	1759.144699	2.449315e-13	8.300000e-01	2.449315e-13	5.748000e+03	2.770800e+04
14	21023.394725	7.306953e-08	9.325001e-01	2.472633e-14	4.978300e+04	3.327200e+04
14	941.282648	1.049193e-10	7.627808e-01	5.614372e-14	4.086700e+04	2.645500e+04
14	865.821576	1.466102e-09	7.624998e-01	9.339148e-14	3.418700e+04	2.516500e+04
14	344.802180	1.000000e-05	8.074708e-01	1.176445e-10	4.114594e+04	1.260804e+04
14	995.409042	3.082530e-15	9.725000e-01	1.261600e-19	4.001800e+04	4.562600e+04
14	368.105055	2.407177e-08	8.096473e-01	8.907744e-09	4.305998e+04	2.054001e+03
14	3000.940014	1.549096e-12	8.625000e-01	5.540552e-31	2.322600e+04	2.238000e+04
14	2063.147364	2.372776e-16	7.750000e-01	2.372776e-16	1.751100e+04	3.567800e+04
14	336.187843	1.000000e-05	8.084423e-01	3.774047e-10	3.462800e+04	9.766005e+03
14	12058.299011	2.006831e-07	8.975004e-01	4.916682e-14	4.507000e+04	3.160500e+04
14	519.014461	2.184790e-09	7.950000e-01	2.184790e-09	4.102100e+04	5.288000e+03
14	1671.841130	1.287367e-11	9.775000e-01	1.287367e-11	4.493600e+04	2.603000e+03
14	2960.771622	1.000006e-17	8.875000e-01	1.490348e-21	2.438100e+04	5.738100e+04
14	2468.118673	2.779848e-16	9.600000e-01	1.110362e-17	1.316500e+04	3.589500e+04
14	340.653013	1.000000e-05	8.092818e-01	1.638239e-09	4.650503e+04	6.185589e+03
14	1894.858248	2.331107e-12	8.825000e-01	9.264594e-29	9.108000e+03	1.537500e+04
14	341.365569	1.732844e-09	9.110129e-01	1.732844e-09	6.048017e+03	5.060517e+04
14	355.599211	9.701541e-06	8.067241e-01	5.621116e-11	4.752902e+04	1.440806e+04
14	2369.077361	2.013290e-13	8.275000e-01	2.013290e-13	1.160000e+04	2.826400e+04
14	18447.972822	4.560647e-08	9.525001e-01	2.247280e-12	5.084200e+04	2.234600e+04
14	521.061441	3.217439e-13	7.800000e-01	1.049435e-15	1.037000e+04	4.156900e+04
14	1887.956105	2.779341e-12	9.050000e-01	6.264952e-29	9.438000e+03	1.707000e+04
14	2284.014603	1.352745e-16	8.500000e-01	7.101942e-37	3.154400e+04	5.644000e+04
14	2506.729703	5.899987e-16	9.450000e-01	7.317440e-19	2.740700e+04	4.136000e+04
14	1337.376246	2.822207e-11	8.975000e-01	4.371650e-16	4.159200e+04	2.811200e+04
14	1371.177133	4.690118e-11	9.750000e-01	8.249863e-17	3.650700e+04	3.108400e+04
14	1373.621263	2.928691e-12	7.575000e-01	2.928691e-12	6.247000e+03	2.212500e+04
14	526.817134	1.297774e-10	7.949706e-01	1.605994e-13	4.323876e+04	2.847897e+04
14	392.863246	7.436383e-07	8.041086e-01	1.085498e-11	2.651490e+04	1.838544e+04
14	2770.903228	1.099967e-16	9.350000e-01	7.834064e-20	1.757700e+04	4.753400e+04
14	1242.442176	7.494769e-14	7.625000e-01	7.494769e-14	1.517100e+04	5.219700e+04
14	1758.441640	2.729412e-12	9.450000e-01	1.015030e-18	4.580200e+04	4.153700e+04
14	2217.846623	3.537067e-16	8.650000e-01	1.063713e-33	2.967100e+04	4.074500e+04
14	1191.463762	1.797428e-13	9.700000e-01	1.797428e-13	2.185800e+04	5.697900e+04
14	2352.014228	3.766987e-19	7.975000e-01	3.766987e-19	2.348800e+04	4.823500e+04
14	2038.221742	3.095074e-13	8.800000e-01	1.654435e-28	2.712600e+04	9.081000e+03
14	343.028596	4.475233e-08	8.076172e-01	1.376698e-10	5.994096e+04	1.222487e+04
14	2039.384247	1.742727e-14	8.750000e-01	2.561593e-31	2.067400e+04	3.060500e+04
14	1538.009722	2.904691e-14	9.925000e-01	1.125629e-16	5.208600e+04	3.022000e+04
14	342.551018	1.000000e-05	8.093581e-01	1.987594e-09	4.563496e+04	5.714073e+03
14	1792.482763	8.198167e-13	8.800000e-01	4.490186e-29	2.476100e+04	1.374100e+04
14	556.162143	7.396178e-12	7.975000e-01	8.424139e-14	3.820000e+02	3.044600e+04
14	1367.048356	2.858729e-10	9.450000e-01	4.937504e-17	3.401300e+04	3.257100e+04
14	3090.551564	1.118115e-06	8.700407e-01	2.641071e-11	5.698100e+04	4.292300e+04
14	2058.547122	5.145039e-15	8.150000e-01	5.145039e-15	1.672900e+04	2.421200e+04
14	2796.542235	3.052786e-08	9.450000e-01	5.502312e-20	5.765300e+04	4.821300e+04
14	325.491810	7.802586e-11	9.825000e-01	9.222324e-12	1.756900e+04	3.354000e+03
14	921.882264	1.374944e-10	9.750000e-01	6.342860e-13	3.380300e+04	9.973000e+03
14	3281.900068	1.759480e-07	8.249999e-01	3.886507e-14	5.367600e+04	5.849500e+04
