28	923.203736	1.000000e-05	7.804304e-01	9.363184e-09	1.409229e+04	3.795798e+04
28	818.308982	1.832302e-14	8.086000e-01	2.548090e-35	1.676700e+04	5.386900e+04
28	785.217386	1.951125e-12	8.746000e-01	1.826546e-30	6.870000e+03	2.773700e+04
28	273.270967	1.793047e-09	7.960795e-01	2.127173e-13	3.782001e+04	2.714697e+04
28	238.053261	3.500361e-10	8.017152e-01	3.500361e-10	5.353899e+04	9.637867e+03
28	829.295990	7.494036e-15	8.218000e-01	1.906335e-32	1.908500e+04	3.706100e+04
28	1068.351309	7.832954e-11	8.614001e-01	7.832954e-11	4.297600e+04	4.379000e+04
28	240.388876	6.542567e-09	9.653741e-01	6.542567e-09	2.585005e+03	4.357700e+04
28	826.343470	8.536656e-07	9.538005e-01	9.039743e-15	5.718000e+04	1.846500e+04
28	399.748449	4.487231e-10	9.516000e-01	1.073642e-11	3.469200e+04	1.554000e+03
28	289.594231	7.322445e-13	7.915809e-01	7.163925e-13	7.199000e+03	2.530300e+04
28	265.617902	1.201465e-11	7.972736e-01	6.997329e-13	5.073752e+04	2.438266e+04
28	456.601335	8.813618e-12	9.252000e-01	3.950158e-12	4.571900e+04	4.310000e+03
28	999.093866	1.178111e-18	8.152000e-01	1.972958e-20	3.654900e+04	5.146700e+04
28	1011.258864	1.000000e-05	7.955486e-01	5.562323e-10	3.942600e+04	3.231900e+04
28	9025.626769	2.619585e-07	8.614005e-01	1.234716e-11	4.519700e+04	1.770800e+04
28	708.642132	3.456082e-09	7.865999e-01	3.456082e-09	4.659700e+04	1.004000e+03
28	997.295167	7.046942e-06	8.350564e-01	5.498343e-09	5.509200e+04	2.964300e+04
28	985.618271	4.552501e-08	7.800000e-01	9.957112e-09	2.738598e+04	3.485200e+04
28	780.041135	5.067679e-12	8.240000e-01	3.757551e-32	3.600000e+03	3.569700e+04
28	873.846136	3.827301e-16	8.878000e-01	5.054296e-21	2.737000e+04	2.989900e+04
28	1108.869684	7.036522e-06	9.779318e-01	2.832991e-12	5.774700e+04	5.145900e+04
28	236.718297	9.224806e-10	9.659784e-01	9.224806e-10	7.307144e+03	5.354700e+04
28	469918.879119	4.624657e-08	8.899998e-01	1.000000e-08	5.127000e+04	2.108400e+04
28	855.254003	1.111805e-15	8.372000e-01	1.027644e-30	2.382200e+04	2.819800e+04
28	808.982251	2.591321e-15	9.802000e-01	2.908488e-36	2.903900e+04	5.118500e+04
28	777.629195	3.747742e-11	9.604000e-01	1.138964e-31	3.136000e+03	3.152900e+04
28	799.614055	2.253279e-13	8.878000e-01	1.022516e-29	1.234100e+04	2.020800e+04
28	785.273565	9.287673e-11	7.845940e-01	9.287673e-11	4.733001e+04	1.593800e+04
28	851.054763	1.449429e-15	8.306000e-01	1.449429e-15	2.308700e+04	4.415000e+03
28	869.011634	4.693182e-16	8.548000e-01	7.312099e-37	2.616200e+04	5.464800e+04
28	60446.830848	1.065532e-08	9.296000e-01	1.671758e-15	5.654200e+04	3.900700e+04
28	791.340545	5.312537e-13	8.460000e-01	1.354786e-31	9.401000e+03	3.324400e+04
28	839.438123	2.908558e-15	8.020000e-01	2.908558e-15	2.098800e+04	1.288600e+04
28	253.192716	1.536499e-11	7.986859e-01	5.683748e-12	5.085748e+04	1.939909e+04
28	974170.090857	3.001411e-08	8.922000e-01	1.000000e-08	5.255300e+04	2.025200e+04
28	27855.772388	7.300000e-16	8.746000e-01	3.676623e-36	4.099300e+04	5.658300e+04
28	792.307516	4.192266e-13	8.328000e-01	8.549941e-28	9.729000e+03	1.659100e+04
28	773.936511	1.378822e-10	9.802000e-01	8.690776e-28	3.081000e+03	1.214400e+04
28	101844.002458	1.341601e-08	9.736000e-01	8.153506e-16	5.310700e+04	4.071300e+04
28	236.677093	1.000000e-05	8.020749e-01	1.031993e-09	4.502698e+04	7.038009e+03
28	810.437766	1.838117e-14	9.626000e-01	1.038872e-33	2.172800e+04	3.781700e+04
28	1111.187599	2.096589e-12	8.614003e-01	2.096589e-12	5.142200e+04	5.509600e+04
28	261.944117	4.971123e-12	7.988393e-01	4.971123e-12	5.765398e+04	1.983500e+04
28	394.510479	4.045733e-09	9.296000e-01	2.455345e-13	3.020000e+04	1.089600e+04
28	63694.555068	9.418342e-09	9.340000e-01	1.723822e-15	5.700400e+04	3.893400e+04
28	503.949834	6.616814e-11	9.340000e-01	8.785769e-16	4.029900e+04	2.413500e+04
28	834.015780	7.506050e-15	8.944000e-01	2.349443e-36	2.056700e+04	5.605900e+04
28	1100.643233	9.805659e-06	8.812188e-01	3.164279e-12	5.669900e+04	4.974700e+04
28	584.029053	1.293689e-11	9.582000e-01	1.100950e-17	4.317900e+04	3.399900e+04
28	1029.865662	7.083523e-06	8.924786e-01	8.723445e-10	5.404200e+04	3.585000e+04
28	1096.299206	5.532518e-12	8.811999e-01	5.532518e-12	4.835100e+04	5.441300e+04
28	447.594185	2.438252e-10	9.670000e-01	9.427533e-15	3.521300e+04	1.818400e+04
28	48273.721862	6.512591e-09	9.582000e-01	9.033157e-12	5.962100e+04	1.846000e+04
28	402.999297	6.922193e-10	9.230000e-01	4.429552e-12	3.484500e+04	4.060000e+03
28	777.239684	3.478699e-11	8.966000e-01	4.003523e-27	4.690000e+02	1.260400e+04
28	21573.275978	6.273991e-07	8.746010e-01	6.969906e-15	4.010100e+04	3.560800e+04
28	445.617294	1.335572e-11	9.516000e-01	3.904099e-12	4.350500e+04	3.999000e+03
28	1080.746994	4.503948e-08	7.822002e-01	2.937243e-13	5.598300e+04	4.632200e+04
28	1105.844045	3.466517e-12	9.010000e-01	3.466517e-12	4.992300e+04	5.246100e+04
28	864.093454	6.970815e-16	8.680000e-01	1.283773e-33	2.551000e+04	4.226400e+04
28	1048.720693	6.000000e-16	9.890000e-01	1.775109e-21	2.632300e+04	5.330000e+04
28	819.230431	2.587928e-14	8.834000e-01	2.587928e-14	1.736300e+04	2.534000e+03
28	794.232571	3.667795e-13	8.548000e-01	1.154285e-32	1.045400e+04	3.834600e+04
28	237.389444	1.000000e-05	8.023216e-01	2.555695e-09	3.999803e+04	4.855262e+03
28	570.787355	4.461103e-12	9.648000e-01	4.663713e-17	4.541200e+04	3.060200e+04
28	805.235501	1.338562e-13	9.142000e-01	9.814257e-36	1.433000e+04	4.981500e+04
28	776.969903	5.340422e-11	9.626000e-01	4.417237e-29	2.482000e+03	1.774600e+04
28	923.177192	7.325105e-17	9.098000e-01	3.880526e-23	3.159000e+04	5.902300e+04
28	1139.804933	3.068448e-07	9.053999e-01	1.363816e-13	5.117100e+04	5.818700e+04
28	839.357264	4.657609e-15	9.164000e-01	4.657609e-15	2.232400e+04	1.006300e+04
28	603.939372	1.305893e-11	9.604000e-01	3.197420e-18	4.301100e+04	3.681300e+04
28	779.516173	4.989718e-12	9.230000e-01	4.989718e-12	4.183000e+03	2.188000e+03
28	786.742054	1.527869e-12	9.626000e-01	4.753189e-31	1.107600e+04	2.735900e+04
28	248.632105	1.000000e-05	7.978813e-01	3.934495e-10	1.625899e+04	8.864011e+03
28	935.501136	1.885205e-06	8.521681e-01	1.000000e-08	1.700400e+04	5.856800e+04
28	1079.994416	2.333324e-11	8.371998e-01	2.333324e-11	4.544600e+04	5.390900e+04
28	899.934509	6.355027e-17	8.504000e-01	2.338275e-31	3.072000e+04	3.378800e+04
28	858.697551	8.820219e-16	8.394000e-01	2.495019e-30	2.440200e+04	2.696100e+04
28	801.994465	1.146615e-06	9.164024e-01	1.211886e-13	5.262600e+04	1.280900e+04
28	794.217341	3.932326e-13	9.318000e-01	3.932326e-13	1.198400e+04	5.241000e+03
28	901.523451	5.681940e-17	9.142000e-01	1.753888e-32	3.259900e+04	3.446300e+04
28	882.881967	2.048550e-16	8.768000e-01	2.927016e-36	2.855900e+04	5.215400e+04
28	110218.111867	2.766409e-15	7.844000e-01	1.958680e-33	3.780800e+04	4.946800e+04
28	801.148313	1.443442e-14	9.824000e-01	9.985424e-36	2.549900e+04	4.859600e+04
28	453.204668	1.668909e-10	8.966000e-01	5.293588e-14	3.921300e+04	1.506400e+04
28	22725.635920	1.553251e-06	8.856019e-01	8.082598e-14	3.661500e+04	2.975600e+04
28	851.643787	1.384407e-15	9.362000e-01	1.446177e-31	2.603300e+04	2.955100e+04
28	794.145199	3.112714e-13	8.284000e-01	4.144912e-33	1.036400e+04	4.158800e+04
28	18750.501976	1.650593e-07	8.614002e-01	6.635288e-16	4.672400e+04	4.120500e+04
28	795.870258	2.581219e-13	8.922000e-01	2.581219e-13	1.177500e+04	6.587000e+03
28	777.062928	5.057810e-11	9.252000e-01	2.989771e-27	4.720000e+02	1.153000e+04
28	260.814982	6.353471e-12	7.998571e-01	6.353471e-12	5.967102e+04	1.928103e+04
28	245.109940	6.358860e-10	7.997835e-01	3.304720e-11	4.251858e+04	1.520141e+04
28	788.857434	8.618449e-13	8.570000e-01	3.292563e-33	8.456000e+03	3.990700e+04
28	968.522060	6.067604e-18	9.318000e-01	6.273804e-23	3.794200e+04	5.854100e+04
28	72872.165359	1.095867e-08	9.362000e-01	3.886117e-16	5.591200e+04	4.247200e+04
28	621.143684	4.342925e-12	9.384000e-01	3.791126e-18	4.695500e+04	3.668000e+04
28	831.015593	5.246825e-15	9.493999e-01	3.618749e-34	2.363200e+04	4.161900e+04
28	259.390189	5.332311e-07	7.995972e-01	1.000000e-08	2.447798e+04	1.115176e+03
28	839.758415	3.829609e-15	8.525983e-01	2.737459e-36	2.120900e+04	5.282600e+04
28	835.263728	4.170430e-15	8.041958e-01	1.144009e-36	2.018600e+04	5.945500e+04
28	796.387701	1.744100e-13	8.790000e-01	1.744100e-13	1.146400e+04	1.046000e+04
28	405.596316	2.598515e-09	9.648000e-01	3.589741e-14	2.948300e+04	1.504500e+04
28	852.875692	1.479027e-15	8.592000e-01	5.470879e-33	2.356900e+04	3.752200e+04
28	828.866821	8.068205e-15	8.284000e-01	2.336520e-36	1.902100e+04	5.385900e+04
28	262.092488	5.357153e-11	7.975502e-01	1.211902e-12	4.713000e+04	2.306194e+04
28	240.212918	1.265042e-10	9.676950e-01	3.113962e-12	1.203399e+04	5.725097e+04
28	436.409819	7.964591e-12	9.978000e-01	3.040051e-14	3.680000e+04	1.512900e+04
28	795.169308	4.014683e-13	8.856000e-01	1.756073e-28	1.091000e+04	1.762200e+04
28	807.703477	1.014049e-13	9.340000e-01	4.243204e-28	1.574300e+04	1.495700e+04
28	487.821732	8.275994e-09	7.949035e-01	8.275994e-09	5.532504e+04	5.387187e+02
28	1043.964128	2.986757e-10	9.164009e-01	2.986757e-10	3.759300e+04	4.327200e+04
28	792.138868	5.404611e-13	8.658000e-01	4.127522e-28	9.752000e+03	1.596200e+04
28	247.153613	2.792831e-09	9.678385e-01	2.792831e-09	4.474006e+03	3.805800e+04
28	474.412472	5.312405e-10	9.230000e-01	1.420643e-15	3.549800e+04	2.315800e+04
28	1048.415257	1.434667e-10	9.252040e-01	1.434667e-10	3.882700e+04	4.747000e+04
28	834.598777	6.744019e-15	8.812000e-01	3.729984e-20	2.048800e+04	1.852000e+04
28	245.162691	1.624440e-08	9.652345e-01	1.000000e-08	3.910273e+02	4.159801e+04
28	431.268591	1.171263e-09	8.020000e-01	2.846745e-14	4.399700e+04	3.223800e+04
28	1066.462095	4.824231e-06	8.922599e-01	5.257862e-11	5.616400e+04	4.289100e+04
28	783.206888	3.044211e-12	8.746000e-01	3.521677e-34	5.802000e+03	4.364300e+04
28	508.627729	3.601478e-12	9.604000e-01	5.159075e-15	4.626900e+04	1.967900e+04
28	320.198352	1.071634e-08	9.743204e-01	9.716925e-09	8.780048e+02	3.195602e+04
28	863.210621	7.689344e-16	9.164000e-01	7.689344e-16	2.658900e+04	7.397000e+03
28	1036.661415	1.091456e-10	9.757994e-01	1.091456e-10	3.651200e+04	4.931000e+04
28	236.673605	8.852556e-06	8.020818e-01	1.056725e-09	3.986895e+04	6.980987e+03
28	271.136299	5.681298e-11	7.965932e-01	2.963891e-13	4.659206e+04	2.640850e+04
28	786.057425	2.654519e-12	9.340000e-01	3.490913e-27	7.933000e+03	9.959000e+03
28	776.625949	7.904517e-11	9.538000e-01	3.218760e-27	8.180000e+02	1.136800e+04
28	238.875558	1.000000e-05	8.024573e-01	4.699269e-09	4.792201e+04	3.389020e+03
28	1033.236027	8.586746e-10	8.834260e-01	8.586746e-10	3.581500e+04	4.031100e+04
28	250.855836	1.702638e-08	9.663833e-01	1.000000e-08	1.890229e+02	3.646400e+04
28	799.246211	2.183796e-13	8.768000e-01	2.287760e-27	1.215400e+04	1.296100e+04
28	1030.464860	8.999765e-17	9.736000e-01	2.753523e-20	1.848800e+04	4.752100e+04
28	18359.929191	4.962303e-07	8.636008e-01	1.782564e-15	4.111500e+04	3.885600e+04
28	434.811067	1.266236e-10	7.899040e-01	1.036621e-10	4.202310e+04	4.659635e+03
28	307.662432	1.295143e-06	7.975346e-01	1.156772e-13	5.565488e+04	2.889886e+04
28	795.906660	3.681366e-13	8.878000e-01	3.684021e-31	1.117100e+04	2.793800e+04
28	815.753775	3.915465e-14	8.944000e-01	8.783388e-31	1.666600e+04	2.905900e+04
28	74590.831762	5.366292e-09	9.450000e-01	1.140492e-15	5.923000e+04	3.991600e+04
28	236.814278	1.000000e-05	8.022057e-01	1.629177e-09	4.117199e+04	5.939060e+03
28	944.886880	3.331356e-06	7.815871e-01	9.796921e-09	5.535053e+04	1.956802e+04
28	247.407921	5.009554e-11	7.994596e-01	1.855102e-11	4.849827e+04	1.658236e+04
28	824.030984	1.789550e-14	9.318000e-01	2.087649e-30	1.977000e+04	2.479200e+04
28	74130.635047	9.163740e-09	9.802000e-01	2.113433e-13	5.560800e+04	2.745700e+04
28	827.650406	1.328725e-14	9.010000e-01	3.322799e-36	1.940200e+04	5.113700e+04
28	895.439300	6.407116e-17	8.284000e-01	5.733143e-17	2.310700e+04	3.309500e+04
28	963.627986	8.130967e-07	7.954431e-01	1.000000e-08	2.092808e+04	2.797092e+04
28	822.272474	2.168811e-14	9.296000e-01	1.598410e-35	1.922000e+04	4.946600e+04
28	433.962760	4.117554e-11	9.758000e-01	3.373065e-13	3.887000e+04	9.611000e+03
28	791.511818	6.572215e-13	8.790000e-01	6.578467e-33	9.576000e+03	3.580500e+04
28	802.930658	1.146639e-13	8.482000e-01	2.188757e-33	1.309600e+04	3.973400e+04
28	441.966719	3.646055e-14	9.934000e-01	3.557395e-19	3.481200e+04	4.135600e+04
28	870.583833	4.335147e-16	9.208000e-01	1.470814e-31	2.809600e+04	3.034500e+04
28	-1.000000	-1.000000e+00	-1.000000e+00	-1.000000e+00	-1.000000e+00	-1.000000e+00
28	411.881750	1.419780e-10	9.670000e-01	3.266483e-12	3.657100e+04	4.255000e+03
28	802.793809	1.000000e-05	7.844128e-01	1.081561e-12	5.008300e+04	2.673000e+04
28	273.962553	3.163651e-11	7.963646e-01	1.965942e-13	4.797157e+04	2.739169e+04
28	444.447858	5.315460e-10	9.406000e-01	1.163871e-14	3.480400e+04	1.798500e+04
28	820.986613	1.347545e-14	7.976000e-01	5.676713e-29	1.732600e+04	2.035600e+04
28	561.942157	2.524098e-11	9.538000e-01	2.817487e-17	4.176400e+04	3.188200e+04
28	991.739549	9.399995e-16	8.834000e-01	5.191845e-21	2.166400e+04	5.181800e+04
28	-1.000000	-1.000000e+00	-1.000000e+00	-1.000000e+00	-1.000000e+00	-1.000000e+00
28	243.740638	1.842978e-12	9.758000e-01	2.060844e-15	2.276500e+04	1.961200e+04
28	789.662535	5.300574e-13	8.086000e-01	5.300574e-13	8.754000e+03	7.180000e+02
28	237.151648	1.000000e-05	8.021059e-01	1.730484e-09	2.452498e+04	5.780927e+03
28	247.810974	2.229625e-10	7.993488e-01	1.729963e-11	4.469901e+04	1.673997e+04
28	31561.344428	2.165173e-08	8.790000e-01	1.790825e-16	5.961300e+04	4.430900e+04
28	790.465134	7.146461e-13	8.680000e-01	2.001548e-27	9.131000e+03	1.251900e+04
28	573.951517	1.679505e-11	8.548000e-01	1.679505e-11	1.860000e+03	4.395200e+04
28	995.149024	7.202201e-16	8.372000e-01	1.560698e-19	6.557000e+03	4.643200e+04
28	778.358799	2.714177e-11	9.560000e-01	4.015707e-26	3.561000e+03	4.557000e+03
28	1040.857341	4.855645e-06	8.834606e-01	3.508754e-10	5.842900e+04	3.794600e+04
28	265.615420	9.152654e-08	7.965829e-01	7.693365e-13	2.826097e+04	2.403702e+04
28	792.026736	4.075634e-13	8.218000e-01	1.665728e-32	9.610000e+03	3.755000e+04
28	795.163361	4.018050e-13	8.856000e-01	1.234099e-28	1.090800e+04	1.760900e+04
28	754.965658	1.153278e-13	9.560000e-01	1.866264e-31	2.890600e+04	2.123700e+04
28	816.524922	3.145749e-14	8.702000e-01	1.291418e-36	1.660600e+04	5.575500e+04
28	1128.642908	2.379696e-06	8.284022e-01	1.530992e-13	5.806500e+04	5.570300e+04
28	969.489690	1.133779e-18	8.636000e-01	1.587606e-37	4.024400e+04	5.895100e+04
28	754.151714	4.724949e-15	9.934000e-01	2.588428e-20	5.839300e+04	4.745900e+04
28	815.459354	3.488986e-14	8.702000e-01	2.146649e-32	1.636100e+04	3.604900e+04
28	-1.000000	-1.000000e+00	-1.000000e+00	-1.000000e+00	-1.000000e+00	-1.000000e+00
28	868.312707	4.561632e-16	8.394000e-01	5.372911e-21	2.594000e+04	2.713300e+04
28	236.744668	9.507408e-06	8.021777e-01	1.470946e-09	5.396201e+04	6.184991e+03
28	813.357818	5.505826e-14	9.186000e-01	2.492648e-33	1.659000e+04	3.750800e+04
28	814.331996	2.361473e-14	7.932000e-01	2.361473e-14	1.590100e+04	1.185100e+04
28	270.652833	3.045741e-10	7.965043e-01	3.154304e-13	4.237617e+04	2.623897e+04
28	237.089946	9.672453e-06	8.019014e-01	5.976964e-10	5.282342e+04	8.352419e+03
28	878.270742	2.770038e-16	8.768000e-01	2.480357e-34	2.785700e+04	4.343700e+04
28	78677.419924	1.000000e-05	9.229699e-01	1.334059e-17	4.677300e+04	5.042700e+04
28	911.137453	4.771718e-06	9.642440e-01	1.000000e-08	1.096900e+04	5.982600e+04
28	249.210080	9.974492e-06	8.006933e-01	3.189837e-11	5.326443e+04	1.540200e+04
28	446.352873	3.650868e-10	8.416000e-01	1.077809e-13	3.847900e+04	1.480500e+04
28	510.031789	2.080108e-12	8.328000e-01	1.004570e-13	5.863000e+03	5.705000e+04
28	502.851735	8.077729e-10	9.274000e-01	1.268005e-16	3.428800e+04	2.872400e+04
28	861.070374	7.268559e-16	8.988000e-01	7.268559e-16	2.589200e+04	1.977900e+04
28	1027.858679	6.899958e-16	9.692000e-01	3.075689e-20	1.601200e+04	4.730800e+04
28	815.400605	2.475236e-14	8.130000e-01	2.198391e-30	1.612500e+04	2.352700e+04
28	868.456648	4.529476e-16	9.120000e-01	4.529476e-16	2.749000e+04	1.973900e+04
28	951.285611	1.801273e-07	9.142005e-01	3.010166e-18	5.416700e+04	3.757700e+04
28	43402.408638	1.543633e-07	9.450001e-01	4.344938e-12	4.826300e+04	2.021500e+04
28	694.726103	2.891994e-13	9.978000e-01	1.605254e-20	4.506200e+04	4.849100e+04
28	-1.000000	-1.000000e+00	-1.000000e+00	-1.000000e+00	-1.000000e+00	-1.000000e+00
28	239.791646	2.783637e-08	8.009890e-01	1.694630e-10	3.529800e+04	1.133279e+04
28	822.203770	8.820400e-07	9.142010e-01	1.556686e-14	5.549700e+04	1.770300e+04
28	865.580832	4.454635e-16	7.998000e-01	4.454635e-16	2.535100e+04	1.312800e+04
28	781.880141	6.939602e-12	9.296000e-01	1.593622e-30	5.438000e+03	2.368400e+04
28	799.276269	2.730635e-13	9.098000e-01	3.817869e-32	1.249200e+04	3.402200e+04
28	934.734699	8.562472e-18	8.790000e-01	3.816448e-36	3.595600e+04	5.421200e+04
28	997.192964	1.140372e-08	8.811980e-01	1.000000e-08	2.916700e+04	3.609700e+04
28	283.366974	1.448141e-07	7.998002e-01	7.909157e-13	2.970000e+04	2.420600e+04
28	1131.990834	1.169272e-06	8.592008e-01	1.806430e-13	5.707800e+04	5.644000e+04
28	495.615011	1.909156e-09	9.384000e-01	8.478246e-17	3.170300e+04	2.951100e+04
28	813.944835	4.374272e-14	9.428000e-01	4.741244e-34	1.817900e+04	3.981900e+04
28	1059.909722	5.367446e-06	9.078021e-01	9.777562e-11	5.260200e+04	4.161400e+04
28	974.976286	1.057736e-07	7.800000e-01	8.714724e-09	2.529699e+04	2.762603e+04
28	789.125149	5.311295e-13	7.888000e-01	4.200252e-24	8.468000e+03	8.456000e+03
28	1042.907602	9.299992e-16	9.582000e-01	1.187133e-20	1.641300e+04	4.956000e+04
28	786.684861	2.021484e-12	9.142000e-01	1.407018e-29	7.845000e+03	2.076400e+04
28	807.117607	8.262431e-14	8.702000e-01	1.105441e-32	1.431800e+04	3.427300e+04
28	790.620898	1.012610e-12	9.164000e-01	2.409136e-27	9.574000e+03	1.211600e+04
28	320.468945	1.465108e-14	7.844000e-01	1.654428e-16	1.666200e+04	4.710000e+04
28	792.331748	8.415942e-13	9.384000e-01	1.272509e-29	1.088900e+04	1.999200e+04
28	805.476961	8.921115e-14	8.570000e-01	8.921115e-14	1.385600e+04	5.480000e+02
28	238.929484	9.629473e-06	8.015981e-01	2.564228e-10	5.201819e+04	1.038870e+04
28	793.204128	5.559905e-13	9.252000e-01	5.559905e-13	1.116800e+04	2.184000e+03
28	511.333299	4.079093e-11	9.516000e-01	5.524493e-16	4.068700e+04	2.500400e+04
28	800.291718	1.914763e-13	8.768004e-01	1.672923e-34	1.246700e+04	4.618600e+04
28	918.244742	2.038328e-17	8.416000e-01	3.280309e-37	3.318200e+04	5.869900e+04
28	1627.577655	8.472028e-08	8.108002e-01	6.249775e-16	4.737400e+04	4.135700e+04
28	777.251706	3.681112e-11	9.670000e-01	9.673155e-30	3.862000e+03	2.280400e+04
28	242.637196	3.637065e-09	8.002575e-01	6.589933e-11	3.880696e+04	1.356304e+04
28	819.857298	1.702225e-07	9.560005e-01	1.591884e-14	5.104700e+04	1.710600e+04
28	1078.807171	2.340382e-11	8.613918e-01	2.340382e-11	4.503900e+04	5.200000e+04
28	777.600135	2.750514e-11	9.009999e-01	4.190635e-32	1.159000e+03	3.502100e+04
28	479.043816	6.329374e-12	8.922000e-01	2.593182e-12	4.432000e+03	5.055000e+04
28	74178.333504	2.314212e-15	8.196000e-01	1.076068e-20	3.821000e+04	5.420900e+04
28	629.664509	4.155844e-11	9.076000e-01	6.968460e-19	4.237000e+04	4.099200e+04
28	122038.607578	2.930869e-08	9.758000e-01	8.381993e-17	5.181900e+04	4.610100e+04
28	261.676369	8.746907e-14	7.932000e-01	8.746907e-14	1.115600e+04	3.023800e+04
28	812.593118	4.405389e-14	8.658000e-01	4.405389e-14	1.570600e+04	2.861000e+03
28	874.601613	1.104460e-17	8.042000e-01	1.104460e-17	2.376300e+04	3.938200e+04
28	988.868411	9.986569e-18	9.912000e-01	2.866170e-19	1.731100e+04	4.205200e+04
28	634.533714	1.716033e-13	7.844000e-01	1.716033e-13	1.081200e+04	2.706000e+04
28	921.364212	1.821587e-17	8.614000e-01	3.796464e-34	3.382500e+04	4.255200e+04
28	802.778310	1.134226e-13	8.438000e-01	2.092988e-28	1.304000e+04	1.746600e+04
28	967.606769	7.576909e-06	7.883034e-01	9.100179e-09	5.447803e+04	2.384593e+04
28	777.534362	3.956096e-11	9.384000e-01	1.187410e-28	1.622000e+03	1.610900e+04
28	-1.000000	-1.000000e+00	-1.000000e+00	-1.000000e+00	-1.000000e+00	-1.000000e+00
28	639.346536	1.045009e-11	8.218000e-01	4.696257e-19	4.775700e+04	4.487500e+04
28	779.332511	1.216510e-11	9.032000e-01	2.942114e-26	3.192000e+03	7.337000e+03
28	15308.631599	8.192766e-09	8.526000e-01	3.524297e-16	5.949000e+04	4.270700e+04
28	792.825259	3.824765e-13	8.306000e-01	1.445145e-31	9.910000e+03	3.284800e+04
28	815.484334	3.432951e-14	8.680000e-01	2.158449e-33	1.635200e+04	3.657600e+04
28	240.282427	4.251504e-06	8.025316e-01	6.975080e-09	5.183581e+04	2.438196e+03
28	258.520084	2.457544e-11	7.980071e-01	2.199146e-12	4.929520e+04	2.165271e+04
28	2578.482295	1.089512e-15	9.450000e-01	5.530970e-34	4.003300e+04	4.013200e+04
28	418.917691	8.459099e-11	9.626000e-01	4.688663e-12	3.819300e+04	3.432000e+03
28	497.199179	2.448136e-13	9.934000e-01	3.197894e-14	4.843200e+04	1.505500e+04
28	775.025924	4.867649e-11	9.802000e-01	5.744419e-31	5.590000e+03	2.886900e+04
28	454.964553	1.749259e-11	9.076000e-01	1.631264e-12	4.457200e+04	6.703000e+03
28	508.506748	8.735841e-10	9.164000e-01	9.737970e-17	3.447400e+04	2.949400e+04
28	246.813962	1.476773e-07	8.008697e-01	4.628240e-11	5.872201e+04	1.450695e+04
28	994.761363	2.209418e-08	8.328002e-01	1.000000e-08	2.863200e+04	3.342700e+04
28	237.908772	1.182179e-08	8.017407e-01	3.776628e-10	5.196401e+04	9.456998e+03
28	240.056925	6.706644e-09	8.008920e-01	1.497830e-10	3.848599e+04	1.162403e+04
28	254.302006	4.386299e-09	7.982627e-01	4.960246e-12	3.656295e+04	1.967605e+04
28	12930.062246	1.422400e-06	8.548022e-01	6.173181e-15	3.641300e+04	3.589800e+04
28	912.327935	1.010302e-15	9.802000e-01	2.308952e-17	7.371000e+03	3.210500e+04
28	923.688616	1.332932e-17	8.174000e-01	1.047744e-37	3.374800e+04	5.283300e+04
28	237.135034	4.638954e-06	8.022823e-01	2.179388e-09	5.152885e+04	5.238695e+03
28	241.179163	3.260013e-10	8.005961e-01	9.695690e-11	4.526702e+04	1.265594e+04
28	908.648727	2.662018e-06	9.846466e-01	1.000000e-08	1.028100e+04	5.543900e+04
28	475.694617	7.012744e-10	9.362000e-01	7.879679e-16	3.429800e+04	2.435700e+04
28	836.933617	4.399366e-15	9.406000e-01	5.431961e-30	2.352300e+04	2.355500e+04
28	238.842499	1.000000e-05	8.024550e-01	4.648762e-09	4.107496e+04	3.415022e+03
28	242.992233	6.445506e-12	9.736000e-01	3.533109e-14	1.966200e+04	1.236300e+04
28	987.778566	7.199842e-16	9.890000e-01	2.906125e-19	1.848800e+04	4.203000e+04
28	648.926299	4.878461e-16	9.890000e-01	4.878461e-16	4.285500e+04	1.286500e+04
28	798.311203	3.296581e-13	9.208000e-01	2.651935e-35	1.240800e+04	4.727800e+04
28	-1.000000	-1.000000e+00	-1.000000e+00	-1.000000e+00	-1.000000e+00	-1.000000e+00
28	781.190203	3.404117e-12	8.174000e-01	6.585369e-31	4.449000e+03	3.167100e+04
28	998.479793	1.000000e-05	8.701952e-01	7.889857e-09	5.425000e+04	2.987000e+04
28	398.800086	1.249678e-10	7.933932e-01	1.249678e-10	5.785200e+04	1.200600e+04
28	275.518405	7.438775e-09	9.707031e-01	7.438775e-09	1.899993e+03	3.368500e+04
28	858.191123	1.121953e-15	8.834000e-01	9.711490e-35	2.474900e+04	4.599800e+04
28	396.354889	3.462533e-10	9.846000e-01	8.384088e-13	3.239300e+04	7.345000e+03
28	631.823366	8.142554e-11	9.010000e-01	4.058131e-19	4.087100e+04	4.233600e+04
28	521.798288	7.075064e-10	9.340000e-01	3.785147e-17	3.436100e+04	3.143400e+04
28	779.093765	9.845186e-12	8.680000e-01	3.077403e-33	2.831000e+03	4.216900e+04
28	1045.371764	4.669462e-10	7.800000e-01	4.245428e-10	3.881005e+04	4.733897e+04
28	554.856639	4.738251e-12	9.208000e-01	2.873599e-16	4.742600e+04	2.692500e+04
28	804.873507	1.317956e-13	9.032000e-01	7.940120e-30	1.402900e+04	1.950600e+04
28	262.957223	2.052093e-12	9.846000e-01	3.635464e-15	2.348300e+04	1.956700e+04
28	788.993424	9.601862e-13	8.746000e-01	9.895463e-28	8.569000e+03	1.400600e+04
28	810.673974	6.831711e-14	9.010000e-01	2.531266e-36	1.552700e+04	5.213300e+04
28	417.189129	4.390619e-09	9.120000e-01	2.455129e-14	3.059700e+04	1.661800e+04
28	933.151050	3.817634e-06	7.800000e-01	8.454602e-09	1.646602e+04	3.585404e+04
28	542.623247	3.554159e-09	8.658000e-01	6.748929e-18	3.229100e+04	3.666600e+04
28	415.536625	1.913985e-09	8.702000e-01	2.224812e-13	3.375400e+04	1.220500e+04
28	786.133152	1.567379e-12	8.702000e-01	1.344897e-26	7.298000e+03	8.697000e+03
28	237.512601	2.729299e-09	9.655380e-01	2.729299e-09	4.696997e+03	5.659996e+04
28	873.251900	2.571757e-16	7.910000e-01	9.879154e-36	2.650300e+04	5.481100e+04
28	10541.454542	1.801518e-14	9.032000e-01	2.737695e-33	3.334300e+04	3.695400e+04
28	833.463868	5.289637e-15	8.218000e-01	5.289637e-15	1.990300e+04	5.192000e+03
28	780.277966	5.369161e-12	8.438000e-01	6.209673e-31	3.810000e+03	3.022100e+04
28	386.542093	2.549288e-09	9.120000e-01	1.033873e-11	3.195500e+04	2.181000e+03
28	76154.300863	1.567594e-08	9.516000e-01	2.326004e-15	5.393700e+04	3.822100e+04
28	837.787887	5.675578e-15	9.076000e-01	4.056361e-29	2.160300e+04	1.972700e+04
28	998.710578	1.435368e-08	8.261999e-01	1.000000e-08	2.965100e+04	3.513100e+04
28	516.291078	8.780945e-13	8.834000e-01	1.815898e-13	8.957000e+03	5.710200e+04
28	1140.420750	7.326254e-06	9.934063e-01	2.002679e-13	5.619700e+04	5.832600e+04
28	801.619685	9.570458e-14	9.604000e-01	8.206144e-31	1.754300e+04	2.628500e+04
28	239.159678	5.708030e-10	9.802000e-01	5.006321e-13	9.720000e+03	7.594000e+03
28	1052.994275	5.859363e-06	8.240093e-01	6.316525e-11	5.591400e+04	4.027700e+04
28	61752.089207	9.188059e-09	9.912000e-01	3.382016e-11	5.443000e+04	1.529300e+04
28	452.700027	4.069509e-11	9.230000e-01	2.491101e-13	4.194500e+04	1.096000e+04
28	927.168560	9.280081e-18	9.229999e-01	5.455440e-36	3.715500e+04	4.985800e+04
28	295.977696	2.522439e-09	7.938633e-01	7.219233e-15	3.634800e+04	3.515085e+04
28	404.851883	3.708176e-09	9.670000e-01	2.267946e-14	2.843300e+04	1.610800e+04
28	752.002695	2.179493e-12	9.516000e-01	2.104870e-28	2.186200e+04	6.280000e+02
28	787.653087	1.903655e-12	9.318000e-01	2.517854e-27	8.637000e+03	8.518000e+03
28	246.573249	2.809357e-09	7.994886e-01	2.409864e-11	3.856167e+04	1.594108e+04
28	384.564987	1.058770e-09	7.865999e-01	1.800961e-11	3.688700e+04	1.341800e+04
28	641.629184	1.000000e-08	8.020003e-01	1.000000e-08	4.639300e+04	1.630000e+02
28	789.475821	6.113188e-13	8.218000e-01	2.920977e-27	8.641000e+03	1.407600e+04
28	781.793107	2.659262e-12	9.714000e-01	2.138833e-33	1.084600e+04	3.955800e+04
28	237.180858	6.676841e-06	8.018794e-01	5.598075e-10	4.667600e+04	8.510015e+03
28	787.339850	7.354353e-13	7.910000e-01	1.746911e-27	7.721000e+03	1.418900e+04
28	871.555169	1.939808e-07	8.416019e-01	4.303318e-16	5.662500e+04	2.787400e+04
28	1003.919117	1.040507e-08	8.174061e-01	1.000000e-08	3.069000e+04	3.339300e+04
28	1071.505118	5.949462e-11	8.041877e-01	5.949462e-11	4.374700e+04	4.648400e+04
28	1048.106430	1.000000e-05	8.989247e-01	2.277603e-10	5.028200e+04	3.933500e+04
28	906.440897	8.989663e-18	7.976000e-01	7.303027e-18	3.249500e+04	3.940200e+04
28	255.822930	9.708833e-10	7.981335e-01	3.631354e-12	4.022289e+04	2.042907e+04
28	417.097668	1.486414e-09	9.868000e-01	6.529824e-15	2.837400e+04	1.885300e+04
28	1105.560082	9.395331e-06	8.812082e-01	2.113463e-12	5.718200e+04	5.076700e+04
28	1041.135339	4.774876e-18	8.526000e-01	5.910374e-22	3.354900e+04	5.715600e+04
28	787.248884	1.711367e-12	9.582000e-01	6.204495e-33	1.040400e+04	3.203500e+04
28	779.340386	7.006136e-12	8.350000e-01	4.580778e-29	3.009000e+03	2.030800e+04
28	528.414715	2.099369e-12	9.538000e-01	2.083207e-15	4.803500e+04	2.188100e+04
28	38052.149988	9.946871e-08	9.142003e-01	5.766742e-14	4.688100e+04	3.056300e+04
28	696.838759	1.869772e-13	8.306000e-01	4.341024e-19	5.778200e+04	4.442700e+04
28	784.661848	2.047315e-12	8.658021e-01	1.488039e-34	6.563000e+03	4.697400e+04
28	800.347864	1.815577e-13	8.702000e-01	4.673789e-29	1.244700e+04	1.947400e+04
28	698.447659	5.282229e-14	9.978000e-01	5.282229e-14	5.341600e+04	1.363300e+04
28	634.176849	1.276557e-11	9.516000e-01	7.539156e-29	1.761900e+04	8.276000e+03
28	479.770863	9.860032e-12	8.306000e-01	9.645117e-13	2.074000e+03	5.121900e+04
28	803.492029	1.525439e-13	9.450000e-01	6.118287e-36	1.531800e+04	5.012200e+04
28	780.013014	1.014903e-11	9.098000e-01	5.992241e-33	3.826000e+03	3.918300e+04
28	973.030532	7.203540e-06	7.931041e-01	9.250664e-09	5.766809e+04	2.491945e+04
28	783.801343	1.443860e-12	7.844000e-01	7.990573e-26	6.008000e+03	1.118000e+04
28	284.160460	3.162870e-09	7.949389e-01	4.186861e-14	3.606214e+04	3.098696e+04
28	1068.161801	2.596140e-11	9.471930e-01	2.596140e-11	4.231200e+04	5.087200e+04
28	959.017695	3.896703e-07	7.800000e-01	9.546914e-09	2.207520e+04	3.208699e+04
28	435.259306	5.449658e-10	9.186000e-01	4.703760e-14	3.559000e+04	1.498200e+04
28	974.861140	1.067534e-07	7.800000e-01	9.829155e-09	2.527417e+04	3.965715e+04
28	786.644542	5.152376e-13	7.954000e-01	5.152376e-13	5.164000e+03	1.438600e+04
28	841.478992	2.894375e-15	8.262000e-01	4.467252e-37	2.139300e+04	5.886300e+04
28	61617.001034	2.089020e-16	8.372000e-01	1.491019e-35	4.394300e+04	5.495200e+04
28	805.974246	6.131462e-15	9.868000e-01	1.522846e-21	5.952100e+04	5.389800e+04
28	239.583835	1.587317e-10	9.674649e-01	1.628801e-12	1.149597e+04	5.921797e+04
28	-1.000000	-1.000000e+00	-1.000000e+00	-1.000000e+00	-1.000000e+00	-1.000000e+00
28	869.893364	4.534411e-16	9.208000e-01	4.534411e-16	2.798900e+04	8.485000e+03
28	778.310128	1.181325e-11	8.460000e-01	3.002965e-30	1.949000e+03	2.447800e+04
28	455.086465	2.391700e-10	9.692000e-01	4.608094e-15	3.508200e+04	1.984600e+04
28	960.189860	6.171794e-18	8.570000e-01	1.058495e-22	3.587000e+04	5.788500e+04
28	785.249395	1.407603e-12	8.306003e-01	8.160845e-34	6.792000e+03	4.075800e+04
28	127891.018610	2.869602e-16	8.130000e-01	2.972531e-20	4.348300e+04	5.855800e+04
28	669.491741	1.415847e-13	9.714000e-01	1.195055e-18	5.357700e+04	3.895700e+04
28	813.864146	5.136687e-14	9.120000e-01	2.624614e-36	1.653400e+04	5.230400e+04
28	858.064766	9.437712e-16	8.570000e-01	9.437712e-16	2.454000e+04	1.548700e+04
28	775.066658	3.886634e-12	9.978000e-01	3.886634e-12	5.078300e+04	3.573000e+03
28	791.323390	7.831541e-14	9.758000e-01	4.117368e-32	2.008100e+04	2.885600e+04
28	780.712659	1.094512e-11	9.450000e-01	1.594761e-31	5.058000e+03	3.056700e+04
28	252.825127	2.984397e-10	7.985958e-01	6.229076e-12	4.342302e+04	1.915997e+04
28	1106.546792	2.626307e-06	8.723137e-01	1.795040e-12	4.632900e+04	5.097300e+04
28	785.604636	1.834230e-12	8.768000e-01	1.343040e-29	7.068000e+03	2.168500e+04
28	237.323071	7.075847e-10	9.665369e-01	7.075847e-10	7.911998e+03	4.520700e+04
28	765.551881	1.020857e-13	9.560000e-01	3.799785e-28	2.919800e+04	3.561000e+03
28	365.500383	3.291729e-16	7.844000e-01	5.853029e-19	2.547800e+04	5.997000e+04
28	777.229378	3.510464e-11	8.966000e-01	2.082731e-25	4.470000e+02	3.102000e+03
28	249.709564	2.044520e-11	9.824000e-01	1.111319e-14	1.780700e+04	1.679100e+04
28	509.903878	5.814686e-11	9.648000e-01	3.223928e-16	3.896300e+04	2.611400e+04
28	457.832115	1.448231e-09	9.560000e-01	9.799510e-16	3.151100e+04	2.361100e+04
28	95392.973567	5.254708e-09	9.824000e-01	6.291347e-15	5.704900e+04	3.585100e+04
28	245.031025	6.155990e-11	8.009931e-01	6.155990e-11	5.872435e+04	1.381914e+04
28	798.363866	2.037882e-10	7.822000e-01	2.037882e-10	4.172300e+04	3.749000e+03
28	830.399174	7.890074e-15	8.614000e-01	7.890074e-15	1.963800e+04	1.096000e+04
28	856.704423	1.026598e-15	8.416000e-01	2.390855e-32	2.408700e+04	3.597700e+04
28	254.303901	4.027102e-09	7.982666e-01	4.947992e-12	3.677652e+04	1.968274e+04
28	869.509551	3.805051e-16	8.196000e-01	3.805051e-16	2.602600e+04	5.008000e+03
28	288.210634	5.358476e-09	7.944898e-01	2.286713e-14	3.463155e+04	3.240608e+04
28	433.559891	6.069195e-11	9.164000e-01	5.975165e-12	4.116800e+04	3.440000e+03
28	237.480908	2.472717e-09	9.656353e-01	2.472717e-09	4.930022e+03	4.699498e+04
28	830.908665	9.283133e-15	9.142000e-01	9.283133e-15	2.059900e+04	9.775000e+03
28	255.758457	1.544322e-09	9.695038e-01	1.544322e-09	5.798024e+03	3.827900e+04
28	454.829337	2.343108e-11	8.504000e-01	1.008660e-11	3.410000e+02	4.606600e+04
28	241.964811	8.118652e-06	8.012741e-01	1.148023e-10	5.481401e+04	1.232199e+04
28	475.508948	7.378163e-12	8.504000e-01	2.059479e-12	3.135000e+03	5.007600e+04
28	239.144928	6.052148e-10	9.648000e-01	2.822648e-27	8.326000e+03	4.329000e+03
28	236.804912	9.995417e-06	8.019908e-01	7.864547e-10	4.911224e+04	7.691937e+03
28	281.255987	4.551663e-14	7.866000e-01	1.379681e-14	1.383700e+04	3.599000e+04
28	482.432603	8.194485e-11	9.274000e-01	4.285879e-15	4.002200e+04	2.051100e+04
28	879.482887	2.641593e-16	8.944000e-01	1.208489e-31	2.840800e+04	3.171200e+04
28	811.929954	4.845550e-14	9.010000e-01	4.845550e-14	1.619800e+04	8.353000e+03
28	916.146918	2.533189e-17	8.988000e-01	8.741748e-37	3.397700e+04	5.297600e+04
28	832.508510	5.284755e-15	8.086000e-01	5.284755e-15	1.969300e+04	8.421000e+03
28	863.643912	5.461520e-16	8.130000e-01	3.483669e-36	2.507900e+04	5.339800e+04
28	256.450273	1.056493e-11	8.000673e-01	1.056493e-11	5.843201e+04	1.804799e+04
28	1070.625186	3.539746e-11	9.186010e-01	3.539746e-11	4.280800e+04	4.900600e+04
28	283.914345	5.800851e-11	7.953829e-01	4.626860e-14	4.614694e+04	3.082207e+04
28	237.227503	5.389900e-10	9.663253e-01	5.389900e-10	8.593020e+03	4.935100e+04
28	246.178805	5.049982e-07	8.009184e-01	5.141687e-11	5.864306e+04	1.425395e+04
28	598.195754	1.389665e-12	9.516000e-01	2.680952e-17	4.919100e+04	3.202600e+04
28	240.015666	1.903671e-06	8.025196e-01	6.517467e-09	5.848127e+04	2.601571e+03
28	787.780134	8.674827e-13	8.306000e-01	1.123553e-26	7.952000e+03	1.051800e+04
28	783.178692	4.766609e-12	9.252000e-01	5.646398e-28	6.170000e+03	1.470900e+04
28	435.311382	4.502333e-10	9.538000e-01	2.337124e-14	3.455700e+04	1.618300e+04
28	53225.715203	8.100000e-16	9.010000e-01	2.551145e-36	3.532500e+04	4.916000e+04
28	240.362612	9.520818e-11	9.689082e-01	2.198046e-13	1.289200e+04	5.085000e+03
28	48517.489186	2.933415e-08	9.450001e-01	6.417705e-13	5.253700e+04	2.479800e+04
28	903.538678	4.582855e-17	8.262000e-01	1.008580e-35	3.104400e+04	5.068700e+04
28	785.577510	1.055406e-12	8.130000e-01	1.055406e-12	7.091000e+03	3.044000e+03
28	24266.055675	3.781888e-08	8.702026e-01	1.000000e-08	5.567000e+04	2.407800e+04
28	1005.785660	8.003241e-08	9.032001e-01	1.400640e-19	5.386600e+04	4.475200e+04
28	242.453837	1.790654e-10	8.003200e-01	6.528678e-11	4.630464e+04	1.359382e+04
28	967.905946	4.019582e-17	8.196000e-01	4.054330e-22	3.029300e+04	5.858800e+04
28	842.723112	3.553225e-15	9.252000e-01	1.042186e-20	2.332000e+04	1.473300e+04
28	1047.226559	1.214067e-10	9.493024e-01	1.214067e-10	3.830200e+04	4.723500e+04
28	238.896855	2.291383e-10	9.673842e-01	2.291383e-10	1.060299e+04	4.672797e+04
28	245.791424	1.355073e-09	7.996442e-01	2.846546e-11	4.050895e+04	1.555104e+04
28	432.792902	6.992994e-11	9.208000e-01	3.363076e-12	4.066400e+04	4.758000e+03
28	1035.364148	1.002041e-09	7.800000e-01	8.696335e-10	3.689713e+04	4.244332e+04
28	272.124158	9.705305e-10	7.976000e-01	3.786192e-13	4.001300e+04	2.586300e+04
28	517.194116	3.794177e-12	9.670000e-01	1.988464e-15	4.565900e+04	2.184700e+04
28	78789.631418	2.862252e-08	9.736000e-01	3.289661e-14	5.177500e+04	3.190400e+04
28	791.082910	8.348852e-13	9.010000e-01	9.696486e-29	9.564000e+03	1.715200e+04
28	1083.835105	1.436155e-11	8.636016e-01	1.436155e-11	4.616000e+04	5.520300e+04
28	1056.530732	1.000000e-05	9.121266e-01	1.305739e-10	5.122300e+04	4.095900e+04
28	239.593124	9.461714e-06	8.015179e-01	2.085345e-10	4.236293e+04	1.088605e+04
28	792.245424	7.303789e-13	9.076000e-01	1.081056e-31	1.007600e+04	2.937400e+04
28	268.291584	4.451347e-12	7.932000e-01	1.219219e-13	1.607000e+03	2.948100e+04
28	904.980009	4.201040e-17	8.262000e-01	5.448042e-36	3.124500e+04	5.490100e+04
28	242.985761	1.000000e-05	8.025274e-01	1.000000e-08	3.141298e+04	1.500009e+03
28	807.616480	1.009883e-13	9.362000e-01	3.953334e-37	1.585300e+04	5.297800e+04
28	583.132360	7.264746e-11	9.846000e-01	1.432690e-18	3.627200e+04	3.840600e+04
28	533.249334	1.713649e-13	7.954000e-01	1.142878e-14	1.123700e+04	5.955300e+04
28	241.741505	9.382937e-06	8.025856e-01	9.728774e-09	5.305102e+04	1.637056e+03
28	257.264466	8.274488e-12	7.982171e-01	2.738306e-12	5.212301e+04	2.114003e+04
28	2943.013371	2.877388e-08	8.284002e-01	5.259069e-13	5.174200e+04	2.527300e+04
28	1095.410212	9.999996e-06	8.767521e-01	4.652564e-12	5.438800e+04	4.867200e+04
28	239.534553	1.000000e-05	8.024957e-01	5.723835e-09	4.256998e+04	2.914178e+03
28	870.544393	3.972022e-16	8.416000e-01	1.182491e-30	2.630200e+04	2.818400e+04
28	881.582838	2.296366e-16	8.966000e-01	4.515889e-34	2.879500e+04	3.482300e+04
28	276.633966	1.387214e-12	7.963815e-01	1.458288e-13	5.580075e+04	2.813812e+04
28	504.530075	4.325356e-12	9.010000e-01	2.312452e-14	4.828200e+04	1.695100e+04
28	1362.470370	3.638136e-09	9.340007e-01	1.597033e-09	4.042000e+03	5.873500e+04
28	781.534227	5.528675e-12	8.944000e-01	2.937076e-31	4.849000e+03	2.818900e+04
28	1012.437603	3.099993e-16	9.912000e-01	7.391079e-20	1.858500e+04	4.512400e+04
28	1042.066868	1.999975e-17	9.494000e-01	1.484657e-20	2.106200e+04	4.917200e+04
28	884.216143	1.594346e-16	9.472000e-01	1.039771e-23	3.162900e+04	5.992500e+04
28	290.492603	1.718297e-11	9.912000e-01	3.434108e-15	1.987300e+04	2.012500e+04
28	463.359505	7.337400e-10	9.340000e-01	1.982311e-15	3.427700e+04	2.222800e+04
28	800.392189	1.260924e-13	8.152000e-01	1.160130e-34	1.229900e+04	4.573000e+04
28	393.539289	4.547463e-10	9.912000e-01	2.240560e-13	3.029900e+04	1.043800e+04
28	784.170549	1.111431e-12	9.846000e-01	1.974820e-34	1.576400e+04	4.490700e+04
28	799.715645	1.606796e-13	8.614000e-01	1.606796e-13	1.246400e+04	5.260000e+03
28	850.269245	2.089440e-15	9.120000e-01	9.694844e-34	2.409400e+04	4.105900e+04
28	994.307698	1.374618e-20	8.152000e-01	1.374618e-20	3.737200e+04	5.373300e+04
28	245.796531	8.521762e-06	8.009482e-01	5.486305e-11	5.812002e+04	1.409793e+04
28	783.825874	2.059552e-12	8.416000e-01	2.955377e-29	6.074000e+03	1.875600e+04
28	778.116721	3.043849e-11	9.472000e-01	9.362427e-29	2.712000e+03	1.170500e+04
28	790.340110	4.353542e-13	8.548000e-01	4.353542e-13	9.395000e+03	7.555000e+03
28	1105.877231	6.067021e-06	9.362805e-01	2.992457e-12	4.112400e+04	5.083300e+04
28	291.268350	3.863844e-11	7.947774e-01	1.658454e-14	4.699465e+04	3.326576e+04
28	425.341702	1.306697e-10	9.604000e-01	3.978335e-13	3.725100e+04	9.375000e+03
28	388.865941	3.647218e-16	9.890000e-01	7.523208e-20	4.404500e+04	4.460800e+04
28	395.208216	4.788382e-10	9.626000e-01	1.290674e-11	3.385700e+04	9.850000e+02
28	945.050616	6.213207e-17	8.812000e-01	1.036775e-21	3.068400e+04	5.374900e+04
28	236.684922	9.264701e-06	8.021368e-01	1.273552e-09	5.787026e+04	6.531814e+03
28	240.704590	7.725943e-09	9.652311e-01	7.725943e-09	2.192029e+03	5.919498e+04
28	389.149450	3.510779e-09	8.526000e-01	2.308777e-11	3.261100e+04	1.555000e+03
28	808.804024	8.743235e-14	9.098000e-01	2.286420e-35	1.520200e+04	4.913300e+04
28	240.029742	3.237772e-06	8.025202e-01	6.540767e-09	4.563334e+04	2.592973e+03
28	867.311548	4.561816e-16	8.262000e-01	1.304998e-30	2.571200e+04	2.952100e+04
28	857.110250	9.911222e-16	9.318000e-01	9.911222e-16	2.661000e+04	6.323000e+03
28	777.690751	2.450027e-11	8.944000e-01	4.973680e-30	1.258000e+03	2.458500e+04
28	869.536319	4.245020e-16	8.416000e-01	4.245020e-16	2.614700e+04	5.650000e+03
28	799.772454	2.626203e-13	9.142000e-01	3.615188e-31	1.272500e+04	2.527100e+04
28	278.308174	2.785148e-10	9.718506e-01	2.785148e-10	9.842065e+03	4.135242e+04
28	457.877177	7.732637e-10	9.890000e-01	2.910323e-21	1.028600e+04	5.212500e+04
28	-1.000000	-1.000000e+00	-1.000000e+00	-1.000000e+00	-1.000000e+00	-1.000000e+00
28	859.038245	8.811331e-16	8.438000e-01	1.118666e-36	2.448400e+04	5.451900e+04
28	795.861839	2.671118e-13	8.416000e-01	1.022333e-35	1.096100e+04	5.284900e+04
28	39731.749660	4.939055e-07	8.988008e-01	1.135125e-15	4.051600e+04	3.992800e+04
28	237.560657	5.269618e-10	9.669999e-01	8.505718e-11	8.626000e+03	5.092100e+04
28	-1.000000	-1.000000e+00	-1.000000e+00	-1.000000e+00	-1.000000e+00	-1.000000e+00
28	829.321799	6.059739e-15	7.844000e-01	6.059739e-15	1.901600e+04	1.158200e+04
28	985.266477	3.695245e-09	9.781726e-01	3.695245e-09	2.732200e+04	5.450700e+04
28	1147.420163	3.140094e-06	9.977945e-01	1.084505e-13	4.908700e+04	5.992500e+04
28	991.652959	2.066606e-06	8.086243e-01	4.567896e-09	5.772600e+04	2.855800e+04
28	931.905912	2.010742e-17	8.504000e-01	3.425120e-21	3.308400e+04	4.970600e+04
28	240.018430	1.000000e-05	8.025196e-01	6.521677e-09	4.308798e+04	2.600011e+03
28	788.247293	7.359277e-13	8.548000e-01	7.359277e-13	8.574000e+03	3.858000e+03
28	880.674859	2.759333e-08	9.560001e-01	1.742076e-16	5.656700e+04	2.767600e+04
28	787.592006	7.290018e-13	8.526000e-01	7.290018e-13	8.321000e+03	5.589000e+03
28	1113.840535	2.079955e-06	8.042007e-01	2.775491e-13	5.939900e+04	5.251400e+04
28	247.610134	6.972473e-13	9.758000e-01	1.154743e-17	2.500500e+04	3.170500e+04
28	817.720900	1.693264e-14	7.954000e-01	1.693264e-14	1.668500e+04	1.387400e+04
28	23858.738167	2.080504e-07	8.790002e-01	6.652586e-15	4.587900e+04	3.571900e+04
28	251.833451	8.481486e-10	7.986897e-01	7.681049e-12	4.089499e+04	1.865515e+04
28	241.454631	2.252681e-09	7.997995e-01	2.552915e-10	3.945000e+04	1.026500e+04
28	867.031812	4.596182e-16	8.240000e-01	7.860275e-22	2.565800e+04	2.540000e+04
28	287826.394112	5.000000e-17	7.954000e-01	2.994476e-37	4.429600e+04	5.915500e+04
28	279.476171	3.365670e-10	7.955308e-01	8.478709e-14	4.180100e+04	2.934900e+04
28	788.858826	2.923438e-13	9.956000e-01	2.923438e-13	5.944800e+04	9.800000e+03
28	787.183719	1.706379e-12	9.054000e-01	7.909235e-29	7.979000e+03	1.680500e+04
28	247.005693	3.363677e-12	9.780000e-01	8.905039e-17	2.148100e+04	2.744300e+04
28	793.866978	3.022151e-13	8.174000e-01	1.631426e-33	1.025200e+04	4.261700e+04
28	65849.846705	2.304878e-08	9.736001e-01	5.453406e-13	5.198600e+04	2.518800e+04
28	810.285344	5.680132e-14	9.362000e-01	5.680132e-14	1.695800e+04	8.650000e+03
28	780.806061	6.201909e-12	8.834000e-01	6.301913e-30	4.295000e+03	2.199900e+04
28	476.089466	4.501774e-12	9.076000e-01	4.315455e-12	5.681000e+03	4.954400e+04
28	237.708903	1.131014e-07	8.023608e-01	3.011864e-09	5.602901e+04	4.459929e+03
28	878.554427	2.792231e-16	8.878000e-01	1.603873e-35	2.810500e+04	4.074400e+04
28	1098.410771	9.999977e-06	8.966121e-01	4.298377e-12	5.822900e+04	4.928700e+04
28	-1.000000	-1.000000e+00	-1.000000e+00	-1.000000e+00	-1.000000e+00	-1.000000e+00
28	237.317505	4.876702e-06	8.018493e-01	5.124295e-10	5.106900e+04	8.722815e+03
28	847.364993	1.750069e-15	8.152000e-01	1.630196e-31	2.239300e+04	3.269700e+04
28	424.219785	8.509948e-11	9.692000e-01	6.646389e-13	3.767300e+04	8.055000e+03
28	903.615357	4.286551e-17	8.130000e-01	1.695757e-37	3.098500e+04	5.906000e+04
28	238.091006	1.000000e-05	8.023982e-01	3.553243e-09	5.201509e+04	4.062000e+03
28	829.338362	8.263077e-15	8.394000e-01	7.813364e-32	1.915600e+04	3.271200e+04
28	787.438950	6.783420e-13	7.800000e-01	5.772546e-13	7.757000e+03	4.751600e+04
28	780.491769	1.146616e-11	9.406000e-01	3.033486e-28	4.718000e+03	1.478400e+04
28	250.672673	1.641735e-09	7.988349e-01	9.817116e-12	3.935999e+04	1.806901e+04
28	700.883574	3.693424e-12	8.504000e-01	3.693424e-12	5.622000e+03	4.734200e+04
28	236.683261	7.508309e-06	8.020662e-01	1.002732e-09	5.640422e+04	7.107238e+03
28	851.899118	1.439408e-15	9.340000e-01	2.043880e-31	2.583400e+04	2.943900e+04
28	801.982011	1.069724e-13	8.196000e-01	3.872413e-33	1.276100e+04	3.945200e+04
28	352.950562	4.733501e-08	9.802001e-01	1.318903e-13	2.083900e+04	1.179700e+04
28	485.991104	4.143265e-12	7.998000e-01	2.600334e-13	3.667000e+03	5.225600e+04
28	247.145836	1.371130e-09	7.997999e-01	1.371130e-09	4.361100e+04	6.296000e+03
28	1109.327670	2.758799e-12	8.460000e-01	2.758799e-12	5.115500e+04	5.334700e+04
28	801.921851	1.008553e-13	8.086000e-01	1.691077e-28	1.272600e+04	1.868800e+04
28	402.042871	7.526850e-10	9.450000e-01	1.235113e-12	3.373600e+04	6.838000e+03
28	885.661508	3.730005e-17	7.910000e-01	3.730005e-17	2.981400e+04	3.592800e+04
28	1020.421887	2.747607e-17	9.142000e-01	1.056564e-22	3.259900e+04	5.985100e+04
28	780.914525	7.777925e-12	9.120000e-01	3.049633e-26	4.536000e+03	5.396000e+03
28	777.928715	3.375208e-11	9.494000e-01	3.401336e-29	2.592000e+03	1.739900e+04
28	1097.280983	3.754011e-12	9.230001e-01	3.754011e-12	4.822900e+04	5.523800e+04
28	1022.351567	1.973639e-06	7.888365e-01	1.357873e-10	4.149800e+04	3.444700e+04
28	283.013881	2.083976e-08	7.948308e-01	4.999288e-14	3.135229e+04	3.052389e+04
28	44096.323213	3.173138e-08	8.944000e-01	1.045493e-16	5.762000e+04	4.558100e+04
28	281.702308	4.164995e-15	9.802000e-01	2.762159e-19	3.730400e+04	4.078500e+04
28	779.268819	1.384478e-11	9.142000e-01	1.805948e-31	3.217000e+03	2.836500e+04
28	585.271077	1.966822e-12	9.846000e-01	1.742380e-17	4.533700e+04	3.268100e+04
28	866.515401	4.599630e-16	8.174000e-01	2.160864e-35	2.554900e+04	4.839000e+04
28	1137.481190	2.464657e-13	8.790000e-01	2.464657e-13	5.703300e+04	5.901900e+04
28	828.324583	1.063517e-14	8.680000e-01	1.905853e-35	1.911900e+04	4.604400e+04
28	550.079891	5.232681e-10	9.054000e-01	1.251886e-17	3.609000e+04	3.440700e+04
28	888.338797	1.294358e-16	8.482000e-01	1.753917e-33	2.903000e+04	3.944800e+04
28	236.917572	1.058806e-09	9.758000e-01	1.465073e-12	7.785000e+03	4.378000e+03
28	813.341633	4.147575e-14	9.471999e-01	4.539247e-35	1.855900e+04	4.527800e+04
28	436.910451	2.052610e-09	9.494000e-01	4.224906e-15	3.101000e+04	2.026200e+04
28	777.663500	1.357845e-11	8.108000e-01	5.050259e-26	1.005000e+03	8.734000e+03
28	388.187241	1.053696e-08	7.948204e-01	1.000000e-08	3.479600e+04	1.949944e+02
28	266.384209	5.502187e-12	9.824000e-01	2.082314e-16	2.082000e+04	2.607400e+04
28	237.473037	8.931848e-06	8.023330e-01	2.676823e-09	5.536803e+04	4.743814e+03
28	627.125771	2.211600e-12	9.868000e-01	1.195100e-18	4.464100e+04	3.880600e+04
28	10297.942399	4.817552e-07	8.482006e-01	7.171272e-15	4.212500e+04	3.554100e+04
28	880.084926	1.949613e-16	8.240000e-01	7.502370e-35	2.765300e+04	5.087700e+04
28	863.919527	3.212023e-16	7.888000e-01	3.212023e-16	2.523300e+04	3.020100e+04
28	386.429894	4.809438e-09	9.648000e-01	1.405387e-13	2.795500e+04	1.180400e+04
28	1044.851443	8.603201e-11	9.581972e-01	8.603201e-11	3.843400e+04	5.190100e+04
28	242.439285	4.581392e-06	8.012303e-01	1.035999e-10	5.068200e+04	1.256897e+04
28	252.099147	7.005203e-12	7.988894e-01	7.005203e-12	5.298902e+04	1.890995e+04
28	1024.189603	2.942191e-17	8.658000e-01	1.265930e-21	3.050200e+04	5.564400e+04
28	236.801888	1.334215e-06	8.022015e-01	1.603732e-09	5.099323e+04	5.976962e+03
28	1086.317638	9.999999e-06	8.284186e-01	5.114497e-12	4.849500e+04	4.682900e+04
28	898.319931	5.847151e-17	8.108000e-01	4.305331e-37	3.023300e+04	5.660000e+04
28	247.050543	1.627336e-12	9.824000e-01	1.344003e-13	2.376400e+04	1.077400e+04
28	784.114426	4.078552e-12	9.340000e-01	3.067488e-29	6.901000e+03	2.041100e+04
28	810.402614	6.329276e-14	8.834000e-01	6.406985e-34	1.525100e+04	4.274900e+04
28	448.518501	6.831032e-10	9.164000e-01	1.028290e-14	3.509600e+04	1.860700e+04
28	239.731379	6.041738e-09	9.652938e-01	6.041738e-09	2.784026e+03	5.754501e+04
28	19068.255025	1.883946e-16	9.010000e-01	2.695011e-21	4.402400e+04	5.448800e+04
28	31473.619266	1.100000e-16	8.680000e-01	1.527620e-37	3.683900e+04	5.575600e+04
28	864.915715	6.523303e-16	8.658000e-01	7.041534e-32	2.561800e+04	3.354000e+04
28	18435.255092	1.357290e-08	8.657999e-01	1.000000e-08	5.564100e+04	4.200000e+01
28	811.636735	2.065092e-15	9.736000e-01	6.256925e-36	2.838100e+04	5.113700e+04
28	849.050115	2.111605e-15	9.032000e-01	2.111605e-15	2.374400e+04	1.334000e+04
28	340.570768	2.388431e-14	7.932000e-01	1.754356e-16	1.344400e+04	4.478200e+04
28	248.922634	9.998867e-06	8.007139e-01	3.329469e-11	5.936802e+04	1.529898e+04
28	677.925486	9.438191e-14	8.394000e-01	3.118654e-18	5.935800e+04	3.939700e+04
28	241.325339	2.154085e-10	9.912000e-01	6.319565e-12	1.397000e+04	2.237000e+03
28	182400.805080	7.033609e-18	8.042000e-01	2.787392e-19	5.188600e+04	5.994400e+04
28	842.102411	3.843653e-10	7.822639e-01	3.843653e-10	4.595400e+04	1.459700e+04
28	291.297749	1.488189e-09	7.943580e-01	1.470668e-14	3.778278e+04	3.348040e+04
28	838.993447	1.714078e-11	9.472000e-01	2.122663e-32	1.691300e+04	2.194500e+04
28	790.502817	7.590737e-13	8.768000e-01	3.417210e-31	9.181000e+03	2.880200e+04
28	520.691457	1.193322e-10	9.208000e-01	2.066933e-16	3.931000e+04	2.768600e+04
28	789.151513	9.036926e-13	8.702000e-01	1.083037e-31	8.617000e+03	3.177900e+04
28	431.511541	5.874603e-10	9.626000e-01	1.810759e-14	3.334200e+04	1.668900e+04
28	887.151177	1.449502e-16	8.570000e-01	5.438248e-35	2.893800e+04	4.767600e+04
28	577.188766	3.862573e-14	9.472000e-01	1.772222e-15	5.850700e+04	2.234100e+04
28	787.309393	1.466356e-12	8.900000e-01	2.532058e-27	7.922000e+03	1.128300e+04
28	812.670743	3.949488e-14	8.460000e-01	4.082369e-34	1.558300e+04	4.399900e+04
28	241.638693	8.310660e-11	9.683493e-01	8.310660e-11	1.301199e+04	4.811897e+04
28	501.972769	3.854942e-13	9.670000e-01	1.086153e-13	5.143900e+04	1.240700e+04
28	237.107861	1.000000e-05	8.022773e-01	2.137366e-09	4.546135e+04	5.285560e+03
28	595.584262	3.187976e-11	9.230000e-01	5.176333e-18	4.254000e+04	3.616900e+04
28	777.602359	1.186156e-11	8.306000e-01	1.186156e-11	9.950000e+02	5.100000e+02
28	782.964621	2.025368e-12	8.086000e-01	5.495937e-27	5.557000e+03	1.387700e+04
28	291.283392	2.057904e-12	7.844000e-01	2.057904e-12	5.276000e+03	2.479100e+04
28	1031.337750	1.361491e-09	7.800000e-01	1.323951e-09	3.613005e+04	4.505281e+04
28	432.566958	4.890884e-10	9.230000e-01	6.606031e-14	3.571000e+04	1.411300e+04
28	340.813396	1.145864e-11	7.911349e-01	5.065284e-13	4.896800e+04	2.433600e+04
28	239.335383	3.817999e-09	9.736000e-01	4.286715e-12	4.528000e+03	1.375000e+03
28	944.164415	6.585327e-16	9.582000e-01	3.846142e-18	1.333600e+04	3.644300e+04
28	254.981323	1.387444e-12	9.758000e-01	1.387444e-12	2.345400e+04	3.715000e+03
28	879.689928	2.334882e-16	9.186012e-01	1.206298e-35	2.946200e+04	4.756500e+04
28	241.569699	3.910017e-09	8.013110e-01	1.254296e-10	5.814801e+04	1.210899e+04
28	387.030443	3.360344e-10	8.020000e-01	8.325815e-14	4.665400e+04	2.966500e+04
28	242.429301	6.670423e-09	9.658889e-01	6.670423e-09	2.501011e+03	3.915000e+04
28	773.744404	3.633614e-10	9.780000e-01	1.431136e-29	2.310000e+02	2.313900e+04
28	497.241398	9.179470e-12	7.998000e-01	8.085569e-14	1.749000e+03	5.521600e+04
28	430.144077	1.072313e-12	9.604000e-01	9.108483e-31	2.356100e+04	1.778300e+04
28	839.685024	3.367773e-16	7.866000e-01	3.367773e-16	2.422800e+04	3.348600e+04
28	240.160529	1.000000e-05	8.023866e-01	6.011955e-09	2.456498e+04	2.782996e+03
28	437.318381	1.176317e-09	9.670000e-01	4.264823e-15	3.128600e+04	2.004800e+04
28	543.411225	2.323473e-10	9.450000e-01	1.938831e-17	3.665800e+04	3.284200e+04
28	731.433029	4.700088e-14	9.604000e-01	8.555948e-20	5.722100e+04	4.507000e+04
28	820.142047	9.550398e-15	7.932000e-01	9.550398e-15	1.669000e+04	2.251100e+04
28	1078.533658	1.000000e-05	9.054110e-01	2.248874e-11	4.775100e+04	4.527100e+04
28	777.584544	2.122832e-11	8.680000e-01	4.759771e-30	9.750000e+02	2.755100e+04
28	302.366466	1.174483e-10	7.936985e-01	3.178709e-15	4.395263e+04	3.716342e+04
28	508.085915	1.223705e-11	9.934000e-01	2.797426e-16	3.858700e+04	2.617200e+04
28	236.817461	1.631873e-09	9.657285e-01	1.631873e-09	5.934995e+03	5.744099e+04
28	825.771986	6.633769e-07	9.890010e-01	8.332936e-15	5.748000e+04	1.830300e+04
28	784.717402	1.484231e-12	8.218000e-01	1.221888e-30	6.516000e+03	2.850600e+04
28	830.746031	6.558360e-15	8.196000e-01	7.289087e-30	1.936300e+04	2.650500e+04
28	1067.127164	7.182327e-11	8.260695e-01	7.182327e-11	4.285400e+04	4.885700e+04
28	236.688198	1.000000e-05	8.021403e-01	1.288890e-09	5.221402e+04	6.503001e+03
28	967.517291	1.932103e-07	7.800000e-01	8.351537e-09	2.380700e+04	2.871803e+04
28	253.178217	5.155854e-11	7.986300e-01	5.724199e-12	4.780722e+04	1.937376e+04
28	1115.732483	2.807323e-06	9.911958e-01	1.681027e-12	5.383700e+04	5.291000e+04
28	284.128298	2.334941e-08	7.971075e-01	9.943767e-09	3.090896e+04	7.590336e+02
28	253.949888	6.763510e-08	7.981801e-01	5.774424e-12	2.976524e+04	1.928833e+04
28	814.654587	4.807258e-14	9.185992e-01	7.935432e-36	1.691200e+04	4.975200e+04
28	853.537803	1.428215e-15	8.812000e-01	1.428215e-15	2.408300e+04	1.460700e+04
28	236.683338	4.116317e-06	8.020661e-01	1.002421e-09	5.986601e+04	7.107985e+03
28	514.258666	7.722324e-12	8.834000e-01	9.277515e-14	3.737000e+03	5.881000e+04
28	1003.545602	5.536805e-09	9.251968e-01	5.536805e-09	2.992000e+04	3.650100e+04
28	826.547820	1.240063e-14	8.680000e-01	3.567047e-36	1.875700e+04	4.665800e+04
28	780.105844	4.959484e-12	8.240000e-01	1.623862e-33	3.652000e+03	4.000900e+04
28	784.105409	1.945265e-12	8.988000e-01	1.945265e-12	7.093000e+03	1.774000e+03
28	296.737626	2.224413e-14	7.888000e-01	9.879485e-17	1.498500e+04	4.678500e+04
28	577.642394	2.556089e-11	8.988000e-01	2.431397e-17	4.385300e+04	3.299700e+04
28	273.107250	3.837135e-10	7.962341e-01	2.175114e-13	4.170597e+04	2.711801e+04
28	884.375762	1.245735e-16	7.888000e-01	1.956791e-29	2.815500e+04	2.888900e+04
28	784.454106	5.488074e-13	9.758000e-01	2.412527e-34	1.542000e+04	4.294200e+04
28	773.853324	2.818733e-10	9.780000e-01	3.173478e-31	8.460000e+02	2.958200e+04
28	1039.109214	2.633316e-10	9.295909e-01	2.633316e-10	3.710800e+04	4.647500e+04
28	868.127004	3.964710e-16	9.340000e-01	5.168255e-31	2.887400e+04	2.462300e+04
28	245.526056	3.374374e-11	9.802000e-01	5.934201e-15	1.634800e+04	1.803700e+04
28	777.388893	2.198511e-11	8.526000e-01	1.731331e-29	5.740000e+02	2.054100e+04
28	803.181600	9.340279e-14	8.284000e-01	9.340279e-14	1.320300e+04	4.896000e+03
28	247.179117	8.063382e-06	8.008420e-01	4.362565e-11	4.928271e+04	1.464912e+04
28	433.315675	7.304713e-06	7.966376e-01	8.904007e-09	5.180314e+04	6.286841e+02
28	789.054853	6.124780e-13	8.108000e-01	1.354769e-32	8.459000e+03	3.974700e+04
28	1129.392365	5.406153e-13	7.800000e-01	5.361014e-13	5.586600e+04	5.880300e+04
28	394.883844	9.160059e-12	7.888000e-01	1.277537e-12	4.908300e+04	2.119900e+04
28	441.152934	1.000000e-08	7.932004e-01	1.000000e-08	4.483700e+04	9.940000e+02
28	237.230078	2.320262e-09	9.655950e-01	2.320262e-09	5.087861e+03	5.774725e+04
28	788.058463	9.601227e-13	8.526000e-01	1.152029e-32	8.111000e+03	3.382200e+04
28	75023.944003	4.594302e-09	9.450000e-01	1.052415e-15	5.996000e+04	4.010700e+04
28	808.908544	2.624323e-15	9.802000e-01	5.065195e-36	2.900900e+04	4.913200e+04
28	1027.278750	1.599041e-09	8.914041e-01	1.599041e-09	3.454400e+04	3.727100e+04
28	1052.559600	1.879812e-10	8.614022e-01	1.879812e-10	3.984400e+04	4.596200e+04
28	55061.867822	8.625451e-09	9.340000e-01	1.321160e-14	5.781800e+04	3.408200e+04
28	1042.425729	3.766904e-06	8.791619e-01	2.998084e-10	5.640400e+04	3.824600e+04
28	237.720919	5.619565e-07	8.017362e-01	4.110775e-10	3.417694e+04	9.249027e+03
28	575.960270	4.405185e-15	9.912000e-01	2.083546e-15	5.934300e+04	2.151400e+04
28	1064.842163	2.074847e-11	9.823884e-01	2.074847e-11	4.043100e+04	4.994000e+04
28	390.260475	7.504411e-09	8.592000e-01	1.025373e-12	3.058400e+04	8.846000e+03
28	801.860304	9.178037e-14	7.910000e-01	9.538845e-26	1.268600e+04	1.268300e+04
28	985.736470	1.626572e-08	9.625023e-01	1.000000e-08	2.561400e+04	3.452600e+04
28	777.378186	2.479787e-11	8.680000e-01	1.688937e-27	5.990000e+02	1.292100e+04
28	5713.741015	2.510690e-07	8.306008e-01	1.442709e-15	4.274600e+04	3.936200e+04
28	856.796992	1.198438e-15	8.746000e-01	1.621441e-30	2.438900e+04	2.495700e+04
28	240.249868	8.355603e-06	8.025301e-01	6.918547e-09	5.902704e+04	2.457789e+03
28	834.611789	4.608669e-15	8.130000e-01	4.608669e-15	2.008700e+04	6.130000e+02
28	1421.652896	1.000000e-05	7.800070e-01	1.000000e-08	5.047000e+04	5.941000e+03
28	1559.147069	2.933580e-07	8.130003e-01	5.354645e-15	4.389000e+04	3.624200e+04
28	790.697282	1.059644e-12	9.251650e-01	8.299697e-35	9.777000e+03	4.461600e+04
28	981.906372	5.708155e-16	8.790000e-01	5.613666e-19	4.046000e+03	4.207700e+04
28	237.967372	9.999999e-06	8.023870e-01	3.377622e-09	5.634302e+04	4.184025e+03
28	1305.852916	1.750682e-13	8.152000e-01	1.750682e-13	2.032000e+03	2.791100e+04
28	237.930739	3.047622e-09	9.655742e-01	3.047622e-09	4.426025e+03	4.611701e+04
28	252.041892	1.444422e-08	7.985398e-01	7.911846e-12	3.379093e+04	1.856105e+04
28	837.226495	4.618448e-15	8.504000e-01	3.779066e-35	2.072700e+04	4.955800e+04
28	778.717691	1.561248e-11	9.032000e-01	3.529196e-31	2.590000e+03	3.014400e+04
28	419.123810	4.475758e-09	9.746560e-01	4.475758e-09	3.229003e+03	3.319801e+04
28	1226.844465	1.896450e-17	8.042000e-01	1.896450e-17	1.343200e+04	4.963200e+04
28	892.500120	6.843358e-18	8.086000e-01	6.843358e-18	2.157500e+04	3.995500e+04
28	239.953123	7.813049e-09	8.009228e-01	1.558681e-10	3.819198e+04	1.153002e+04
28	811.908054	6.445855e-14	9.208089e-01	2.545077e-35	1.629400e+04	4.104000e+04
28	243.163843	1.465192e-09	8.001509e-01	5.572717e-11	4.089400e+04	1.396201e+04
28	807.278677	6.287406e-14	8.394000e-01	6.287406e-14	1.433200e+04	5.576000e+03
28	957.628170	3.474299e-07	8.171090e-01	1.000000e-08	2.178800e+04	5.951200e+04
28	239.499374	1.000000e-05	8.024933e-01	5.664533e-09	3.788898e+04	2.939207e+03
28	629.471959	1.002391e-11	9.780000e-01	5.342491e-19	4.214800e+04	4.072200e+04
28	298.257580	1.699154e-15	9.780000e-01	9.272636e-17	3.935800e+04	2.680200e+04
28	795.654305	2.872466e-13	8.482000e-01	2.268570e-25	1.091000e+04	1.047300e+04
28	240.314242	1.160101e-09	8.008092e-01	1.322262e-10	4.257099e+04	1.192003e+04
28	809.094376	6.712982e-14	9.296000e-01	6.712982e-14	1.630400e+04	8.098000e+03
28	779.243800	7.162397e-12	8.328000e-01	7.195809e-32	2.917000e+03	3.437900e+04
28	462.084573	3.319219e-10	9.889997e-01	5.521285e-13	6.594000e+03	5.596600e+04
28	1008.254251	4.338702e-09	8.855133e-01	4.338702e-09	3.140700e+04	3.938400e+04
28	760.830793	1.485151e-13	9.978000e-01	1.485151e-13	5.378500e+04	1.132900e+04
28	778.826015	7.156507e-12	8.064000e-01	1.754880e-24	2.483000e+03	3.147000e+03
28	247.224085	1.000000e-05	7.985834e-01	3.215891e-11	1.739198e+04	1.510801e+04
28	970.160578	1.000000e-05	7.901967e-01	9.086123e-09	5.661687e+04	2.435204e+04
28	579.881999	1.401748e-13	8.064000e-01	1.401748e-13	4.154000e+03	2.845600e+04
28	844.386233	2.377004e-15	8.306000e-01	2.284976e-37	2.192900e+04	5.863900e+04
28	845.340797	2.133898e-15	8.240000e-01	2.086529e-34	2.207100e+04	4.527500e+04
28	824.410340	1.724380e-14	9.318001e-01	4.273109e-33	1.985800e+04	3.721500e+04
28	898.739619	2.191678e-18	8.064000e-01	2.191678e-18	2.102400e+04	4.292700e+04
28	241.346314	9.995941e-06	8.025726e-01	8.938594e-09	4.503001e+04	1.841010e+03
28	1045.519437	9.999931e-06	8.416227e-01	1.536179e-10	5.583200e+04	3.883900e+04
28	242.700499	1.809418e-10	8.002689e-01	6.086431e-11	4.620703e+04	1.375994e+04
28	1093.547536	7.575883e-12	8.613997e-01	7.575883e-12	4.793400e+04	5.397000e+04
28	364.014197	2.340936e-06	7.950830e-01	2.012320e-15	5.306097e+04	3.859834e+04
28	238.931921	4.238039e-09	9.655144e-01	4.238039e-09	3.628991e+03	4.419398e+04
28	792.478681	3.604339e-13	8.130000e-01	7.627764e-33	9.761000e+03	4.054900e+04
28	485.728512	1.201974e-09	9.032000e-01	4.135569e-16	3.408200e+04	2.634500e+04
28	245.515064	7.900096e-09	9.663732e-01	7.900096e-09	2.056029e+03	3.727899e+04
28	36624.899512	7.062105e-08	8.834004e-01	8.225519e-17	4.616300e+04	4.614800e+04
28	410.252836	1.398851e-09	9.744484e-01	1.398851e-09	6.060018e+03	3.610900e+04
28	241.089743	2.102907e-09	8.006158e-01	1.034532e-10	4.072891e+04	1.249904e+04
28	244.443265	8.359641e-07	7.998658e-01	4.847041e-11	2.502699e+04	1.426898e+04
28	869.823953	3.831924e-16	8.284000e-01	3.831924e-16	2.614800e+04	1.488200e+04
28	918.102478	7.900001e-16	8.680000e-01	2.045075e-22	2.404100e+04	5.706900e+04
28	260.684250	1.784545e-11	7.973616e-01	1.633465e-12	4.978300e+04	2.233500e+04
28	800.295594	1.441458e-13	8.416000e-01	1.441458e-13	1.240900e+04	2.729000e+03
28	240.433712	1.282008e-06	8.014255e-01	1.654401e-10	5.806001e+04	1.144299e+04
28	789.660287	7.895073e-13	8.636000e-01	1.329074e-30	8.800000e+03	2.795800e+04
28	776.936721	6.031763e-11	9.362000e-01	6.152283e-27	5.000000e+02	1.238100e+04
28	1138.466640	5.185503e-06	9.669959e-01	2.144649e-13	5.734800e+04	5.788500e+04
28	310.951549	2.093505e-11	7.932094e-01	1.013087e-15	4.815400e+04	3.990699e+04
28	981.955148	4.187256e-08	8.372118e-01	1.000000e-08	2.667100e+04	5.793700e+04
28	779.398184	6.012246e-12	8.152000e-01	8.137102e-29	3.043000e+03	2.194500e+04
28	238.842353	1.000000e-05	8.024550e-01	4.648908e-09	4.254415e+04	3.414953e+03
28	785.792258	1.621050e-12	8.658000e-01	6.206293e-27	7.123000e+03	1.073500e+04
28	774.860066	5.571445e-11	9.802000e-01	1.127962e-28	5.265000e+03	1.528700e+04
28	1079.889784	2.834300e-11	8.503974e-01	2.834300e-11	4.509300e+04	4.806500e+04
28	1033.181107	4.706608e-11	9.890165e-01	4.706608e-11	3.646100e+04	5.823800e+04
28	270.475405	2.239661e-10	7.954000e-01	9.790120e-12	4.257000e+04	1.777200e+04
28	928.488381	2.512263e-06	9.426752e-01	1.000000e-08	1.391800e+04	3.672000e+04
28	463.457049	3.811775e-09	7.899583e-01	3.811775e-09	3.628124e+04	1.500041e+03
28	1078.462782	1.000003e-17	9.230000e-01	1.363235e-21	2.687900e+04	5.484800e+04
28	787.981314	7.376428e-13	8.108000e-01	5.071781e-29	8.014000e+03	1.901500e+04
28	277147.922003	1.000000e-08	8.635889e-01	1.000000e-08	5.996100e+04	2.111100e+04
28	466.222932	4.102125e-11	7.847279e-01	5.526474e-13	4.496400e+04	2.073300e+04
28	829.439156	8.795355e-07	9.494024e-01	7.078850e-15	5.903900e+04	1.909100e+04
28	239.561676	5.683764e-09	9.653251e-01	5.683764e-09	2.930005e+03	4.853202e+04
28	778.689307	6.836697e-12	7.888000e-01	1.370014e-24	2.328000e+03	6.421000e+03
28	244.777479	2.236416e-09	9.676143e-01	2.236416e-09	5.029997e+03	3.891399e+04
28	236.679889	1.000000e-05	8.020824e-01	1.076925e-09	3.194932e+04	6.934852e+03
28	799.165454	2.694199e-13	9.054000e-01	3.922530e-29	1.239100e+04	1.918500e+04
28	779.282162	1.817583e-11	9.560000e-01	8.119312e-28	4.530000e+03	1.212100e+04
28	1133.961756	1.720257e-06	9.075804e-01	2.318989e-13	5.074800e+04	5.687700e+04
28	421.608998	4.091321e-11	9.934000e-01	1.628390e-13	3.557600e+04	1.118200e+04
28	514.856368	2.497908e-13	7.822000e-01	4.984197e-15	1.014600e+04	5.668700e+04
28	842.003201	2.466122e-15	8.042000e-01	3.603108e-36	2.141900e+04	5.337300e+04
28	784.277261	1.754226e-12	8.328000e-01	3.943059e-26	6.302000e+03	7.502000e+03
28	818.308203	1.594325e-14	7.866000e-01	1.594325e-14	1.675500e+04	1.232200e+04
28	1134.429278	1.814695e-07	9.669999e-01	3.062126e-13	4.816600e+04	5.698100e+04
28	814.230998	3.013254e-14	8.438000e-01	3.013254e-14	1.611800e+04	9.083000e+03
28	54677.066321	1.739229e-15	8.350000e-01	9.673612e-36	3.891300e+04	5.073200e+04
28	36958.944326	3.456392e-16	8.636000e-01	5.945364e-37	4.275100e+04	5.875600e+04
28	810.514934	1.202835e-14	8.020000e-01	1.202835e-14	1.057900e+04	2.292400e+04
28	28757.696841	2.611355e-16	8.768000e-01	8.277795e-37	4.341600e+04	5.375700e+04
28	904.702419	3.614271e-17	7.910000e-01	5.649441e-30	3.105000e+04	3.263000e+04
28	241.695733	8.398856e-06	8.000872e-01	1.219390e-10	1.917100e+04	1.202892e+04
28	814.951536	3.025886e-14	8.394000e-01	1.418448e-35	1.609300e+04	4.797800e+04
28	782.677494	2.168835e-12	9.120000e-01	2.168835e-12	6.535000e+03	3.438000e+03
28	806.516319	6.854738e-14	9.208000e-01	6.854738e-14	1.546300e+04	1.063500e+04
28	460.935906	2.253107e-11	8.350000e-01	4.783785e-12	1.510000e+02	4.737100e+04
28	800.568750	1.739886e-13	8.680000e-01	4.291560e-31	1.250100e+04	2.532700e+04
28	816.209892	4.058035e-14	9.274000e-01	3.089110e-31	1.764300e+04	2.898300e+04
28	800.858246	5.700000e-16	9.912000e-01	4.964261e-23	3.576600e+04	5.769900e+04
28	1045.577516	2.251375e-10	8.987999e-01	2.251375e-10	3.846800e+04	4.682000e+04
28	1056.387285	3.899991e-16	9.670000e-01	6.038740e-21	1.429200e+04	5.100900e+04
28	245.694136	4.103787e-09	9.671893e-01	4.103787e-09	3.586007e+03	3.776700e+04
28	239.538354	4.996323e-09	9.654899e-01	4.996323e-09	3.231026e+03	4.336601e+04
28	785.436283	1.865233e-12	8.746000e-01	6.724342e-34	6.978000e+03	4.193500e+04
28	951.081639	2.257618e-18	8.284000e-01	1.607033e-18	3.250200e+04	4.126000e+04
28	593.034312	1.000000e-05	7.888129e-01	5.706196e-13	5.373800e+04	2.418800e+04
28	820.688098	2.288514e-14	9.384000e-01	3.129593e-32	1.949300e+04	3.230200e+04
28	777.735571	3.754789e-11	9.516000e-01	1.338770e-31	2.472048e+03	3.232000e+04
28	797.546776	2.637310e-13	8.724000e-01	4.073030e-30	1.160600e+04	2.254000e+04
28	478.715975	1.941136e-12	9.538000e-01	3.884817e-13	4.824100e+04	9.511000e+03
28	399.672542	1.299533e-13	9.648000e-01	1.439223e-30	2.862000e+04	2.495100e+04
28	491.869067	4.522175e-13	7.976000e-01	3.214244e-13	8.950000e+03	5.142600e+04
28	791.810969	4.723153e-13	8.394000e-01	3.653079e-31	9.561000e+03	2.931600e+04
28	891.256233	8.341832e-17	7.954000e-01	8.341832e-17	2.917800e+04	1.717900e+04
28	798.779369	2.080152e-13	8.614000e-01	4.821924e-27	1.193800e+04	1.288800e+04
28	238.914880	2.410771e-10	8.014917e-01	2.410771e-10	5.090772e+04	1.052751e+04
28	777.488907	2.130358e-11	8.592000e-01	3.449826e-30	7.820000e+02	2.527500e+04
28	788.587196	9.176394e-13	8.592000e-01	3.192458e-32	8.350000e+03	3.490100e+04
28	243.057304	3.548296e-09	8.001666e-01	5.858283e-11	3.874183e+04	1.384106e+04
28	101987.921895	5.042942e-16	7.998000e-01	2.306845e-20	4.184400e+04	4.873300e+04
28	784.672656	3.634292e-12	9.362000e-01	9.179356e-29	7.276000e+03	1.304700e+04
28	915.639001	9.600000e-16	9.890000e-01	1.560463e-20	2.997700e+04	4.728900e+04
28	782.772884	3.504736e-12	8.790000e-01	1.568871e-31	5.564000e+03	3.023900e+04
28	236.863990	1.000000e-05	8.022132e-01	1.704988e-09	3.215500e+04	5.829052e+03
28	299.782722	3.386123e-12	7.934917e-01	9.363696e-13	5.262800e+04	2.333500e+04
28	427.723491	7.512966e-11	9.956000e-01	1.762522e-14	3.302400e+04	1.643600e+04
28	387.796230	1.050368e-09	9.780000e-01	7.641841e-13	3.053500e+04	7.629000e+03
28	886.247063	1.534956e-16	8.570000e-01	1.534956e-16	2.880500e+04	3.492000e+03
28	237.086856	1.000000e-05	8.018715e-01	6.161303e-10	2.701800e+04	8.274808e+03
28	1093.397314	8.446558e-06	9.406057e-01	8.471472e-12	5.829200e+04	4.826100e+04
28	829.756013	9.970601e-15	8.790000e-01	9.970601e-15	1.951500e+04	3.020000e+02
28	794.584870	3.235707e-13	8.438000e-01	1.352729e-32	1.054400e+04	3.724700e+04
28	53967.309297	1.176832e-08	9.560000e-01	8.172975e-13	5.648600e+04	2.421900e+04
28	861.737668	7.717111e-16	8.548000e-01	1.195332e-32	2.500200e+04	3.560100e+04
28	371.704296	3.988871e-11	7.954000e-01	1.403530e-16	4.713400e+04	4.475100e+04
28	13136.890576	8.828593e-08	8.570011e-01	1.148139e-14	4.477800e+04	3.441800e+04
28	781.905549	5.331431e-12	9.648000e-01	9.132188e-29	8.285000e+03	1.633800e+04
28	863.010785	6.763488e-16	8.460000e-01	1.173965e-31	2.514200e+04	3.226400e+04
28	447.906027	4.416414e-12	7.932000e-01	4.416414e-12	3.449000e+03	4.402800e+04
28	239.744161	1.000000e-05	8.025064e-01	6.064352e-09	4.233795e+04	2.775048e+03
28	251.053406	5.202208e-10	9.912000e-01	3.968305e-13	1.188300e+04	8.890000e+03
28	777.850381	3.154926e-11	9.626000e-01	2.727324e-30	3.756000e+03	2.678500e+04
28	100902.775386	6.538535e-09	9.846000e-01	3.676325e-15	5.558000e+04	3.713100e+04
28	1002.771578	4.204180e-06	8.042519e-01	1.647388e-09	5.055700e+04	3.069500e+04
28	699.744934	1.000000e-05	7.866129e-01	7.339672e-14	5.075100e+04	2.745900e+04
28	44605.946658	6.330803e-08	9.494002e-01	6.609870e-12	4.898800e+04	1.920900e+04
28	1062.944771	7.200086e-06	8.372235e-01	3.752154e-11	5.675600e+04	4.220500e+04
28	338.497838	9.158760e-09	7.995170e-01	9.158760e-09	4.250497e+04	9.900879e+02
28	804.355649	7.323731e-14	8.020000e-01	1.004782e-29	1.338500e+04	2.095500e+04
28	601.580125	1.836682e-11	9.186000e-01	5.724495e-18	4.407900e+04	3.600300e+04
28	506.001726	2.162349e-10	8.768000e-01	6.257042e-16	3.905200e+04	2.590100e+04
28	798.888481	2.671640e-13	8.988000e-01	2.570243e-27	1.222300e+04	1.199100e+04
28	421.834194	8.288737e-09	8.328000e-01	2.548211e-14	3.083900e+04	1.859900e+04
28	413.448378	9.227532e-09	7.972827e-01	9.227532e-09	4.511094e+04	6.301340e+02
28	1110.871010	1.000000e-05	8.041868e-01	3.555181e-13	5.449200e+04	5.188600e+04
28	795.278490	4.708742e-13	9.494000e-01	1.572650e-31	1.287900e+04	2.716900e+04
28	802.672298	9.741340e-14	8.614000e-01	9.741340e-14	1.347900e+04	8.974000e+03
28	868.023356	5.265315e-16	8.790000e-01	5.265315e-16	2.638600e+04	1.551600e+04
28	803.576190	1.647402e-13	9.163997e-01	5.600148e-36	1.390900e+04	5.203000e+04
28	901.833546	1.151913e-16	8.306000e-01	6.834360e-18	2.792500e+04	3.551200e+04
28	826.476384	8.687608e-16	7.888000e-01	8.687608e-16	2.158700e+04	3.078400e+04
28	847.148372	1.886967e-15	8.284000e-01	1.886967e-15	2.242800e+04	1.007400e+04
28	819.340148	3.944566e-17	7.888000e-01	3.944566e-17	2.394300e+04	4.098100e+04
28	454.354803	4.851325e-11	9.406000e-01	8.934250e-14	4.080300e+04	1.316500e+04
28	873.048459	4.495505e-12	7.803794e-01	4.495505e-12	5.870100e+04	3.048000e+04
28	2596.446781	5.878349e-07	8.196007e-01	5.809359e-15	4.103600e+04	3.604600e+04
28	790.661702	9.897350e-13	9.142000e-01	1.748285e-32	9.556000e+03	3.165600e+04
28	1032.604465	6.250541e-10	8.770486e-01	6.250541e-10	3.633600e+04	5.094700e+04
28	1068.941311	3.100004e-16	8.768000e-01	2.768665e-22	2.215800e+04	5.899500e+04
28	55631.972594	2.944278e-08	9.274000e-01	1.000000e-08	5.171800e+04	2.300000e+01
28	239.205189	1.723696e-07	8.012120e-01	2.173465e-10	3.170101e+04	1.074900e+04
28	371.349588	1.995311e-09	9.824000e-01	2.854052e-12	2.837400e+04	4.422000e+03
28	1106.088728	3.587469e-06	9.648157e-01	3.374931e-12	5.963200e+04	5.087700e+04
28	1104.908257	1.854667e-12	9.912093e-01	1.854667e-12	4.628200e+04	5.396700e+04
28	237.980170	3.271478e-10	9.667895e-01	2.740231e-12	9.777996e+03	5.952696e+04
28	777.877830	1.364334e-11	8.328000e-01	2.781504e-31	1.361000e+03	3.518600e+04
28	797.345924	1.787464e-13	8.152000e-01	1.787464e-13	1.144900e+04	3.315000e+03
28	92962.455907	2.037374e-08	9.516000e-01	1.442248e-16	5.354100e+04	4.481900e+04
28	1141.397434	1.085314e-08	8.570000e-01	7.674992e-14	5.734600e+04	5.854800e+04
28	239.893930	1.000000e-05	8.019947e-01	4.041831e-09	2.144401e+04	3.703996e+03
28	236.741106	7.382986e-10	9.758000e-01	3.657449e-13	8.634000e+03	7.692000e+03
28	452.571624	2.862929e-11	9.032000e-01	2.040150e-11	1.088000e+03	4.554900e+04
28	779.686187	5.986646e-12	8.305995e-01	2.714398e-30	3.311001e+03	3.007900e+04
28	847.090660	2.415232e-15	9.274000e-01	5.171236e-32	2.432000e+04	3.192800e+04
28	55977.073727	4.493062e-08	9.274001e-01	3.273273e-15	4.983500e+04	3.740800e+04
28	1029.393714	1.578565e-09	7.800000e-01	1.519727e-09	3.576005e+04	5.168803e+04
28	780.766994	7.336725e-12	9.010000e-01	6.627560e-33	4.348000e+03	3.837600e+04
28	1027.946899	1.000000e-05	8.768195e-01	8.844250e-10	5.109000e+04	3.548500e+04
28	832.556574	4.266218e-10	7.822000e-01	5.789018e-12	4.169600e+04	2.406100e+04
28	783.713003	1.823182e-12	8.196000e-01	2.667309e-28	5.986000e+03	1.371900e+04
28	813.302860	3.511006e-14	8.372000e-01	2.981917e-31	1.570200e+04	2.968800e+04
28	247.095348	1.604368e-09	7.994110e-01	2.109456e-11	3.987291e+04	1.625909e+04
28	237.351328	5.952789e-06	8.023166e-01	2.501318e-09	4.969303e+04	4.907052e+03
28	801.935831	2.079730e-13	9.340000e-01	2.656143e-35	1.403000e+04	4.904300e+04
28	44498.429060	6.329579e-08	9.604002e-01	8.165246e-11	4.876400e+04	1.317700e+04
28	951.102934	6.123003e-07	8.169962e-01	1.000000e-08	2.039700e+04	4.352800e+04
28	75510.227518	1.231575e-08	9.428000e-01	6.835577e-16	5.522800e+04	4.113200e+04
28	787.656366	4.280331e-13	7.866000e-01	1.239448e-13	7.350000e+03	1.948500e+04
28	1091.327823	1.097745e-11	8.900001e-01	1.097745e-11	4.702900e+04	4.991400e+04
28	236.791097	1.000000e-05	8.021975e-01	1.580557e-09	5.741201e+04	6.012000e+03
28	114448.316309	2.420399e-15	7.822000e-01	1.776040e-33	3.812600e+04	4.550400e+04
28	245.811666	1.878701e-09	7.996339e-01	2.854299e-11	3.969299e+04	1.554298e+04
28	4453.801743	2.783388e-07	8.416003e-01	1.257270e-11	4.621100e+04	1.766300e+04
28	554.596351	2.417919e-13	8.569989e-01	2.393371e-13	5.750500e+04	1.216100e+04
28	572.141684	3.069828e-12	8.724000e-01	3.069828e-12	6.253000e+03	4.878700e+04
28	254.559961	1.906059e-12	9.714000e-01	5.881546e-16	2.240600e+04	2.125100e+04
28	851.484008	1.542026e-15	8.966000e-01	1.542026e-15	2.416900e+04	1.705900e+04
28	422.800018	9.565314e-11	9.406000e-01	6.627967e-12	3.910300e+04	2.854000e+03
28	407.203603	4.850279e-09	9.340000e-01	3.635146e-14	2.957500e+04	1.537500e+04
28	566.097489	7.593563e-10	8.680000e-01	5.118212e-18	3.609600e+04	3.724600e+04
28	1037.592431	8.455794e-10	7.800000e-01	7.687952e-10	3.732218e+04	4.861618e+04
28	827.782245	1.299126e-14	9.274000e-01	6.997592e-34	2.034400e+04	4.074200e+04
28	1099.553950	7.513097e-06	8.394133e-01	2.130558e-12	5.076100e+04	4.952300e+04
28	519.894790	3.968116e-13	8.064000e-01	4.195937e-14	9.399000e+03	5.758600e+04
28	842.757575	1.081365e-15	9.538000e-01	2.928967e-34	2.771700e+04	4.023100e+04
28	781.096126	5.194155e-12	8.724000e-01	1.576590e-30	4.468000e+03	2.641000e+04
28	1043.691210	4.599998e-16	9.846000e-01	1.219198e-20	1.659700e+04	4.925500e+04
28	-1.000000	-1.000000e+00	-1.000000e+00	-1.000000e+00	-1.000000e+00	-1.000000e+00
28	1066.705399	8.649824e-11	8.345856e-01	8.649824e-11	4.264100e+04	4.437700e+04
28	809.346864	4.661043e-14	8.174000e-01	2.129161e-31	1.469700e+04	3.253400e+04
28	238.125122	3.058033e-10	9.668578e-01	9.127150e-12	9.937761e+03	5.634883e+04
28	1062.814827	6.100000e-16	9.626000e-01	1.287316e-22	2.440200e+04	5.925100e+04
28	273.329752	3.958734e-08	7.957717e-01	2.211089e-13	3.004497e+04	2.699702e+04
28	1092.805262	1.358983e-06	8.020023e-01	1.423630e-12	5.770800e+04	4.814700e+04
28	729.162671	7.077448e-12	9.868000e-01	7.077448e-12	4.798900e+04	2.136000e+03
28	624.739879	4.414104e-10	9.778822e-01	4.235363e-10	9.457979e+03	3.867999e+04
28	439.459866	1.416595e-11	9.956000e-01	4.370888e-14	3.719100e+04	1.428900e+04
28	499.273858	2.238890e-11	8.966000e-01	3.435391e-13	1.503000e+03	5.575500e+04
28	824.015755	1.883682e-14	9.076000e-01	1.572174e-29	1.877200e+04	2.175500e+04
28	247.080352	4.524210e-09	7.993881e-01	2.171992e-11	3.729597e+04	1.618402e+04
28	1090.001619	3.464809e-06	8.482081e-01	5.241838e-12	4.513800e+04	4.757200e+04
28	1043.491083	4.825340e-06	8.680600e-01	2.485680e-10	5.747200e+04	3.845000e+04
28	272.365565	1.387210e-10	7.963962e-01	2.444392e-13	4.429593e+04	2.685504e+04
28	236.750963	1.485015e-09	9.657653e-01	1.485015e-09	6.162038e+03	5.985700e+04
28	801.782632	1.434689e-13	8.614000e-01	8.560514e-35	1.282200e+04	4.596200e+04
28	65677.165194	5.290255e-17	8.394000e-01	1.317011e-37	4.718800e+04	5.962400e+04
28	506.525360	2.289565e-09	8.966000e-01	6.687141e-17	3.265400e+04	3.069100e+04
28	1073.590926	3.837037e-06	8.262048e-01	1.338735e-11	5.833500e+04	4.429300e+04
28	838.742391	3.566482e-15	8.284000e-01	3.566482e-15	2.093400e+04	9.218000e+03
28	430.585477	9.292196e-09	7.967898e-01	9.292196e-09	4.807507e+04	5.380291e+02
28	236.769420	1.000000e-05	8.020062e-01	8.290813e-10	3.534995e+04	7.564765e+03
28	824.387498	1.216897e-14	8.328000e-01	6.210088e-35	1.812800e+04	4.856400e+04
28	467.038192	2.126544e-12	7.866000e-01	5.212850e-13	5.075000e+03	4.775700e+04
28	817.589142	3.379778e-14	9.010000e-01	3.277251e-30	1.719500e+04	2.654200e+04
28	236.993531	1.928894e-09	9.656706e-01	1.928894e-09	5.531995e+03	5.261499e+04
28	330.179969	8.405134e-12	9.890000e-01	3.410874e-17	2.096000e+04	3.077100e+04
28	912.838899	1.000000e-05	7.804876e-01	9.018136e-09	5.160308e+04	1.644624e+04
28	1111.568305	2.460167e-12	7.800010e-01	2.460167e-12	5.202700e+04	5.978100e+04
28	369.023033	1.743151e-15	9.890000e-01	7.777677e-19	4.050300e+04	3.932300e+04
28	802.244115	1.958679e-13	9.186000e-01	2.576046e-33	1.357200e+04	3.885900e+04
28	477.075837	1.696214e-11	8.856000e-01	2.336406e-12	1.888000e+03	5.068000e+04
28	779.176352	7.244878e-12	8.306000e-01	1.380762e-32	2.851000e+03	3.623500e+04
28	826.774153	1.125473e-14	8.548000e-01	3.237711e-28	1.871600e+04	1.834400e+04
28	1158.846705	1.065388e-13	8.812000e-01	1.065388e-13	1.524300e+04	5.652500e+04
28	240.810380	1.000000e-05	8.025532e-01	7.920962e-09	5.101401e+04	2.132019e+03
28	27750.084277	3.244130e-08	9.120001e-01	4.886393e-12	5.397800e+04	1.993300e+04
28	778.619654	6.877284e-12	7.844000e-01	5.820654e-25	2.250000e+03	6.290000e+03
28	286.900939	5.581230e-09	8.020000e-01	3.146813e-12	4.184000e+04	2.096100e+04
28	1077.129270	1.000039e-17	9.802000e-01	1.680107e-21	1.513100e+04	5.375900e+04
28	302.353567	2.979536e-15	7.932000e-01	1.087826e-15	1.874100e+04	4.050100e+04
28	849.238808	1.694036e-15	9.362000e-01	2.904726e-30	2.555600e+04	2.223700e+04
28	417.409735	2.255484e-10	7.859178e-01	2.255484e-10	4.076246e+04	5.982115e+03
28	782.898931	5.651299e-12	9.384000e-01	2.594497e-32	6.316000e+03	3.472300e+04
28	1115.751861	9.220738e-13	9.582000e-01	9.220738e-13	5.094400e+04	5.662100e+04
28	281.541813	3.937907e-10	9.956000e-01	1.616578e-14	1.419400e+04	1.658100e+04
28	777.137301	3.014136e-11	8.636000e-01	2.648830e-30	3.300000e+01	2.803100e+04
28	777.554668	1.507362e-11	8.152000e-01	1.379854e-28	8.230000e+02	2.037200e+04
28	796.983672	2.051429e-13	8.240000e-01	1.366519e-34	1.128400e+04	4.541700e+04
28	1084.868475	4.318414e-12	9.714057e-01	4.318414e-12	4.528800e+04	5.522000e+04
28	192736.175325	2.090004e-16	8.812000e-01	6.054143e-20	4.487500e+04	5.894000e+04
28	793.753405	8.263897e-14	9.846000e-01	2.204320e-33	2.199000e+04	3.808100e+04
28	555.521702	1.239748e-10	8.680000e-01	3.936399e-17	4.064100e+04	3.254400e+04
28	256.672006	3.336372e-11	7.982098e-01	3.026956e-12	4.864182e+04	2.089079e+04
28	289.535943	3.589244e-09	7.944139e-01	1.883447e-14	3.560767e+04	3.287457e+04
28	778.445553	1.123437e-11	8.482000e-01	5.951373e-31	2.112000e+03	3.007000e+04
28	237.117910	4.614326e-06	8.022792e-01	2.153012e-09	5.219300e+04	5.268005e+03
28	984.687188	1.003498e-08	9.558091e-01	1.000000e-08	2.675500e+04	3.844500e+04
28	1115.910596	1.133543e-12	9.912006e-01	1.133543e-12	4.858600e+04	5.468900e+04
28	248.963286	6.805958e-10	7.998510e-01	6.322848e-10	4.067301e+04	7.989976e+03
28	4077.486504	1.000000e-05	8.437835e-01	1.000000e-08	5.485700e+04	1.148000e+03
28	836.082799	4.684519e-15	9.098000e-01	4.684519e-15	2.174800e+04	1.588200e+04
28	1082.123247	8.098008e-06	8.526335e-01	1.041006e-11	5.410000e+04	4.598700e+04
28	242.014836	7.830733e-10	8.004021e-01	7.626207e-11	4.279201e+04	1.322200e+04
28	791.690484	6.610045e-13	8.834000e-01	6.200967e-34	9.666000e+03	3.389600e+04
28	503.884073	2.897740e-12	9.032000e-01	4.128246e-13	6.613000e+03	5.540800e+04
28	780.929145	9.978365e-12	9.405999e-01	7.655034e-32	5.053000e+03	3.075500e+04
28	1108.212575	1.000000e-05	8.151953e-01	6.373685e-13	5.546700e+04	5.132400e+04
28	778.777758	1.014234e-11	8.548000e-01	1.957350e-32	2.487000e+03	3.830000e+04
28	878.542291	4.190589e-07	9.230009e-01	2.265890e-16	5.763200e+04	2.747800e+04
28	248.469384	2.310128e-07	7.990496e-01	1.824207e-11	2.734899e+04	1.656901e+04
28	819.939818	1.636788e-14	8.152000e-01	3.848675e-29	1.713700e+04	2.220400e+04
28	253.409718	7.764183e-06	8.004060e-01	1.781483e-11	5.711003e+04	1.680258e+04
28	1136.542560	6.596851e-06	9.450003e-01	2.295608e-13	5.550000e+04	5.745300e+04
28	855.216196	8.681298e-16	7.932000e-01	8.681298e-16	2.368800e+04	1.704600e+04
28	1102.518915	1.810983e-12	9.252000e-01	1.810983e-12	4.975400e+04	5.986800e+04
28	456.566087	1.318157e-08	8.020001e-01	1.667178e-14	3.971300e+04	3.352600e+04
28	1023.442945	6.002165e-08	9.164001e-01	4.932750e-20	5.968500e+04	4.690200e+04
28	283.755757	1.710063e-11	7.955173e-01	4.915729e-14	4.923788e+04	3.069588e+04
28	1048.002245	1.000000e-05	8.947989e-01	2.226406e-10	4.985300e+04	3.931500e+04
28	381.889490	3.166101e-08	8.064002e-01	3.801333e-13	2.795500e+04	1.409700e+04
28	236.955412	1.000000e-05	8.022452e-01	1.889536e-09	3.895997e+04	5.582185e+03
28	240.877239	2.062694e-09	8.006682e-01	1.107415e-10	4.087493e+04	1.233824e+04
28	236.669460	4.912339e-07	8.021073e-01	1.150639e-09	5.195076e+04	6.776088e+03
