15	243.368249	1.000000e-05	7.997089e-01	1.104623e-09	3.254697e+04	6.735933e+03
15	2099.441034	9.108914e-06	8.413647e-01	3.317626e-09	5.556800e+04	3.155300e+04
15	11553.234105	2.598777e-07	8.689005e-01	4.991148e-10	4.642300e+04	8.720000e+03
15	1450.127646	3.132635e-14	8.827000e-01	4.965113e-35	1.800200e+04	4.684900e+04
15	240.155784	1.000000e-05	7.996596e-01	8.595854e-10	4.987172e+04	7.347288e+03
15	505.964090	2.190048e-13	9.494000e-01	4.644167e-28	2.743100e+04	4.032000e+03
15	1461.643875	2.100000e-16	9.816000e-01	3.275464e-24	3.672500e+04	5.811600e+04
15	1504.661814	2.641812e-15	8.597000e-01	1.199266e-30	2.335800e+04	2.662300e+04
15	1107.237945	4.998024e-12	9.287000e-01	2.667076e-17	4.718900e+04	3.335200e+04
15	1451.745707	2.351008e-14	8.183000e-01	3.731856e-34	1.738800e+04	4.359900e+04
15	1469.707929	7.895390e-15	9.172000e-01	7.895390e-15	2.235900e+04	7.722000e+03
15	973.139467	8.626631e-12	9.241000e-01	1.374580e-15	4.598100e+04	2.415600e+04
15	1413.113021	2.934591e-13	8.505000e-01	1.952602e-30	1.192500e+04	2.682400e+04
15	1444.660281	3.661204e-14	9.126000e-01	4.581517e-32	1.852200e+04	3.124200e+04
15	1478.690236	7.702306e-15	8.574000e-01	4.681584e-31	2.076800e+04	2.944600e+04
15	895.875221	5.933528e-12	9.563000e-01	3.067039e-14	4.544800e+04	1.639900e+04
15	234.163296	1.000000e-05	7.995144e-01	4.847906e-10	3.889799e+04	8.742001e+03
15	871.169774	1.752670e-09	9.494000e-01	1.981337e-16	3.140600e+04	2.839900e+04
15	1454.541777	2.480499e-14	8.827000e-01	1.905469e-34	1.856000e+04	4.706300e+04
15	1527.317532	1.119160e-15	8.459000e-01	1.263998e-34	2.511000e+04	4.728100e+04
15	1975.281146	2.000013e-16	8.827000e-01	2.281367e-21	2.276600e+04	5.559400e+04
15	850.393204	2.636471e-11	8.965000e-01	3.212231e-13	4.401500e+04	1.156700e+04
15	1374.715830	4.387102e-10	9.746999e-01	6.089208e-31	8.680000e+02	3.057200e+04
15	2372.608657	2.507569e-07	8.367001e-01	1.231722e-13	5.091500e+04	5.734700e+04
15	1979.440331	3.844138e-07	7.700000e-01	9.614364e-09	2.211506e+04	2.993394e+04
15	100503.127730	5.468409e-08	9.678002e-01	2.478330e-15	4.790800e+04	3.818000e+04
15	944.810817	5.972587e-12	8.344000e-01	1.606147e-13	4.316000e+03	5.668500e+04
15	929.120599	2.081282e-11	8.505000e-01	3.800858e-13	1.586000e+03	5.500300e+04
15	225.629757	3.684502e-10	9.908000e-01	1.853162e-13	1.330500e+04	1.163800e+04
15	788.264053	3.730657e-07	8.022004e-01	7.011138e-15	4.362800e+04	3.572200e+04
15	85473.101631	5.166359e-16	8.252000e-01	2.007888e-19	4.181700e+04	4.939200e+04
15	1397.487273	8.889847e-13	8.781000e-01	8.889847e-13	8.912000e+03	6.636000e+03
15	1925.751153	1.996542e-06	7.700000e-01	9.054664e-09	1.799903e+04	5.138300e+04
15	247.188619	1.000000e-05	7.970343e-01	2.624121e-12	3.801494e+04	2.142710e+04
15	-1.000000	-1.000000e+00	-1.000000e+00	-1.000000e+00	-1.000000e+00	-1.000000e+00
15	1414.113415	2.903902e-13	9.126000e-01	2.903902e-13	1.347500e+04	2.497000e+03
15	2215.572500	6.145126e-06	8.022660e-01	3.117336e-11	4.807200e+04	4.148100e+04
15	2320.652217	3.057892e-07	7.976001e-01	4.900885e-13	4.959100e+04	5.167800e+04
15	1868.423228	8.796789e-07	9.791176e-01	1.000000e-08	1.348100e+04	4.432700e+04
15	225.117365	1.000000e-05	7.988693e-01	7.809154e-11	3.556621e+04	1.318513e+04
15	1439.275166	4.788142e-14	8.298000e-01	2.837372e-33	1.588600e+04	4.011700e+04
15	232.671249	2.269448e-11	9.540000e-01	3.897497e-15	1.622600e+04	1.314900e+04
15	809.718144	9.996246e-11	7.941347e-01	9.996246e-11	4.269500e+04	2.391999e+03
15	2253.589870	3.361184e-11	8.596841e-01	3.361184e-11	4.449600e+04	4.922500e+04
15	281.678834	4.148887e-16	9.839000e-01	3.195106e-16	4.413400e+04	2.640900e+04
15	1401.539075	9.335871e-13	8.712000e-01	6.823260e-27	9.576000e+03	1.013900e+04
15	176.743149	1.201402e-12	9.701000e-01	8.785890e-17	2.405100e+04	2.863500e+04
15	859.920401	9.645145e-12	7.838000e-01	1.414872e-12	2.332000e+03	4.734500e+04
15	226.992570	1.000000e-05	7.983460e-01	2.536228e-11	5.656770e+04	1.591935e+04
15	1417.861878	1.503245e-14	9.885000e-01	8.402600e-20	5.717900e+04	4.600600e+04
15	939.295486	6.641278e-10	8.988000e-01	1.166873e-16	3.574700e+04	3.034000e+04
15	1617.125449	8.599961e-16	7.884000e-01	1.183766e-20	2.050600e+04	5.771600e+04
15	-1.000000	-1.000000e+00	-1.000000e+00	-1.000000e+00	-1.000000e+00	-1.000000e+00
15	1408.346787	2.819172e-13	7.700000e-01	1.808569e-13	1.071400e+04	1.706600e+04
15	1385.358358	6.172598e-11	9.103000e-01	7.388475e-14	2.780000e+02	8.558000e+03
15	139901.707604	5.377783e-16	8.068000e-01	4.450630e-20	4.225100e+04	5.792300e+04
15	1384.732109	3.333299e-11	9.356000e-01	2.565815e-28	3.015000e+03	1.748600e+04
15	2199.737223	1.000000e-05	9.332951e-01	2.376429e-10	4.907900e+04	4.005700e+04
15	1386.218624	1.567212e-11	8.896000e-01	2.663705e-26	3.199000e+03	1.005500e+04
15	1325.468443	1.516208e-14	9.862000e-01	9.115405e-19	5.764000e+04	4.055900e+04
15	1385.740175	2.834107e-11	8.436000e-01	1.320148e-19	6.870000e+02	3.851100e+04
15	286.827353	1.073163e-08	9.537493e-01	1.000000e-08	1.188006e+03	4.283901e+04
15	1390.186819	5.285076e-12	8.988000e-01	3.061401e-28	6.092000e+03	1.414800e+04
15	1939.216522	9.899981e-16	9.563000e-01	1.679212e-20	1.588200e+04	5.000900e+04
15	1422.397120	1.569690e-13	8.620000e-01	8.481038e-31	1.366300e+04	2.508100e+04
15	1427.606877	1.149485e-13	8.712000e-01	4.672984e-32	1.461300e+04	3.316600e+04
15	1509.006869	1.543570e-15	9.080000e-01	1.543570e-15	2.593800e+04	1.604000e+03
15	269.877435	1.000000e-05	7.999293e-01	5.468867e-09	4.834074e+04	2.838500e+03
15	854.469211	6.885087e-16	9.540000e-01	1.003224e-20	4.132900e+04	4.600400e+04
15	30493.193325	2.283112e-06	9.034028e-01	1.422626e-12	3.561200e+04	2.290000e+04
15	1434.873932	6.695216e-14	8.482000e-01	2.571990e-32	1.542400e+04	3.423500e+04
15	1531.438212	9.670854e-16	8.620000e-01	1.986176e-33	2.578800e+04	3.902100e+04
15	1386.497219	1.021969e-11	8.367000e-01	1.184820e-28	3.085000e+03	2.044000e+04
15	1146.747817	8.897671e-14	8.413000e-01	1.500890e-16	5.979700e+04	3.120700e+04
15	1992.889494	1.000000e-05	7.762837e-01	8.792366e-09	4.863630e+04	2.319087e+04
15	652.714922	1.514793e-09	9.885000e-01	2.314234e-12	2.794900e+04	5.686000e+03
15	2381.320147	5.472214e-06	9.976946e-01	2.385166e-13	5.572700e+04	5.834900e+04
15	673.865766	9.632046e-09	7.919649e-01	9.632046e-09	4.382310e+04	2.399701e+02
15	1407.036017	5.707362e-13	8.804000e-01	4.539611e-33	1.097900e+04	3.949200e+04
15	61470.782723	9.863312e-08	8.965000e-01	1.477965e-17	5.350600e+04	5.038200e+04
15	1392.852478	5.862085e-13	9.586000e-01	2.703496e-31	1.457700e+04	3.000600e+04
15	1171.854269	1.509508e-11	9.471000e-01	1.741709e-18	4.355700e+04	3.945600e+04
15	24192.870530	4.055938e-08	8.735000e-01	9.585762e-15	5.490500e+04	3.494100e+04
15	2080.361002	1.008588e-08	8.635293e-01	1.000000e-08	2.974400e+04	3.762201e+04
15	296.127486	7.756385e-11	7.947214e-01	1.633316e-13	4.992899e+04	2.811498e+04
15	1727.947890	6.739017e-18	7.953000e-01	1.552152e-19	3.535800e+04	4.663800e+04
15	534.634957	8.289974e-17	9.678000e-01	2.698811e-21	4.639400e+04	2.861900e+04
15	1459.904471	1.719030e-14	8.896000e-01	1.719030e-14	1.956100e+04	9.452000e+03
15	1437.811728	4.952145e-14	8.206000e-01	4.952145e-14	1.564600e+04	6.800000e+02
15	1430.261180	9.623301e-14	8.689000e-01	1.079811e-35	1.498700e+04	5.188900e+04
15	294.259807	8.620189e-09	9.954000e-01	3.317753e-14	7.407000e+03	1.579200e+04
15	1537.365877	6.887141e-16	8.873000e-01	3.913186e-31	2.721300e+04	2.719800e+04
15	864.177917	1.110536e-10	9.241000e-01	7.913070e-15	3.948900e+04	2.000400e+04
15	1390.795844	4.145563e-12	9.402000e-01	1.002468e-32	8.334000e+03	3.500500e+04
15	226.584655	1.000000e-05	7.991294e-01	1.493923e-10	3.693297e+04	1.160715e+04
15	1404.136758	7.684351e-13	9.241000e-01	4.934727e-35	1.163000e+04	4.190800e+04
15	2165.885207	4.838693e-06	8.944085e-01	6.068913e-10	5.914300e+04	3.709800e+04
15	271.875979	9.329693e-06	7.999349e-01	6.028498e-09	5.642300e+04	2.601004e+03
15	227.467631	1.000000e-05	7.982915e-01	2.283764e-11	3.608994e+04	1.617405e+04
15	46375.073630	5.739381e-08	9.103002e-01	1.123688e-14	5.027100e+04	3.455700e+04
15	1628.758639	9.599393e-16	8.022000e-01	1.792428e-19	1.847200e+04	4.948500e+04
15	14676.272026	8.462167e-16	8.942000e-01	4.546291e-36	4.076100e+04	5.276700e+04
15	193.262413	8.516212e-11	9.678000e-01	8.085870e-15	1.375800e+04	1.781000e+04
15	877.442402	8.641451e-12	8.965000e-01	3.475716e-13	4.685600e+04	1.137900e+04
15	1391.684816	3.486402e-12	8.758000e-01	2.546262e-34	6.499000e+03	4.382700e+04
15	60511.386764	9.325251e-08	9.517002e-01	5.981466e-13	4.753600e+04	2.499000e+04
15	18200.513522	4.456735e-06	8.712054e-01	2.247414e-13	3.270100e+04	2.735200e+04
15	-1.000000	-1.000000e+00	-1.000000e+00	-1.000000e+00	-1.000000e+00	-1.000000e+00
15	759.349908	4.830224e-14	9.471000e-01	1.206789e-31	3.107500e+04	2.662100e+04
15	74378.742721	7.590864e-09	9.586000e-01	6.190614e-14	5.904300e+04	3.045400e+04
15	62142.070816	1.585425e-16	8.344000e-01	8.860617e-36	4.475000e+04	5.206400e+04
15	239.972005	5.302557e-10	9.544821e-01	5.302557e-10	8.510050e+03	4.777800e+04
15	670.994309	8.780220e-09	8.781000e-01	4.304659e-11	2.977300e+04	4.200000e+01
15	1427.394799	9.329594e-14	9.011000e-01	9.329594e-14	1.557800e+04	9.207000e+03
15	1454.634968	1.835170e-14	7.953000e-01	4.214271e-35	1.761600e+04	5.032100e+04
15	258.249843	1.000000e-05	7.998738e-01	2.955459e-09	4.399308e+04	4.338489e+03
15	1414.447317	2.834579e-13	8.643000e-01	7.102752e-33	1.229300e+04	3.753900e+04
15	2300.593204	2.883918e-12	9.379000e-01	2.883918e-12	4.856700e+04	5.613100e+04
15	242.645801	7.216077e-15	7.792000e-01	1.105561e-15	1.911000e+04	4.205000e+04
15	1469.739505	3.278916e-15	9.356003e-01	4.044209e-33	2.535400e+04	3.737500e+04
15	2248.530538	5.503804e-12	9.884883e-01	5.503804e-12	4.261000e+04	5.441600e+04
15	2272.671284	1.276643e-11	8.804004e-01	1.276643e-11	4.637800e+04	5.329300e+04
15	2251.243032	4.245414e-11	9.011000e-01	4.245414e-11	4.381200e+04	4.640500e+04
15	219.249217	2.204791e-10	9.563000e-01	1.997164e-14	1.081000e+04	1.240700e+04
15	2335.986366	4.236790e-13	9.793000e-01	4.236790e-13	5.099300e+04	5.986900e+04
15	1524.600706	1.241767e-15	8.528000e-01	1.242832e-36	2.500200e+04	5.644800e+04
15	2041.007355	5.400000e-16	9.885000e-01	9.818516e-22	2.422200e+04	5.605800e+04
15	2304.601504	5.352219e-12	8.711970e-01	5.352219e-12	4.932600e+04	5.227500e+04
15	91625.729352	1.159049e-08	9.402000e-01	1.759608e-16	5.631300e+04	4.450000e+04
15	1797.735251	5.899999e-16	9.241000e-01	1.255110e-20	2.549000e+04	5.009000e+04
15	1415.082319	2.280317e-06	9.172049e-01	2.231289e-13	4.963200e+04	1.215900e+04
15	1386.672321	1.261460e-11	9.379000e-01	8.583438e-31	5.500000e+03	2.572000e+04
15	247.181221	5.092741e-06	7.970350e-01	2.625020e-12	4.837843e+04	2.142631e+04
15	48803.021101	7.651188e-08	9.264000e-01	1.473573e-13	5.262000e+04	2.836700e+04
15	2156.703600	2.268329e-10	9.585985e-01	2.268329e-10	3.603100e+04	4.976600e+04
15	302.889310	1.000000e-05	7.991191e-01	1.000000e-08	2.231798e+04	1.155907e+03
15	2348.929644	6.653569e-13	9.172000e-01	6.653569e-13	5.349900e+04	5.812700e+04
15	2293.135082	9.834124e-12	7.837999e-01	9.834124e-12	4.885100e+04	4.893800e+04
15	828.801650	6.226754e-12	7.839703e-01	6.226754e-12	5.704500e+04	1.853200e+04
15	789.826842	1.360834e-09	9.356000e-01	7.366022e-15	3.269800e+04	2.002300e+04
15	201.246334	1.464582e-12	9.609000e-01	2.010745e-15	2.312200e+04	1.962600e+04
15	1548.649684	4.391398e-18	7.999000e-01	4.391398e-18	1.876800e+04	4.245900e+04
15	1742.504681	1.256906e-18	8.827000e-01	9.822657e-37	4.192700e+04	5.301500e+04
15	630.038124	4.300031e-08	9.655001e-01	4.286406e-14	2.236600e+04	1.549100e+04
15	725.839879	6.623646e-09	8.620000e-01	9.045393e-14	3.083800e+04	1.530800e+04
15	1604.984710	1.613986e-16	8.574000e-01	2.680967e-22	2.979300e+04	5.466500e+04
15	1623.156250	1.556363e-07	9.356001e-01	5.187894e-17	5.211100e+04	3.174200e+04
15	1355.310485	6.811246e-11	9.839000e-01	2.962912e-31	7.725000e+03	2.795900e+04
15	251.782656	1.973550e-09	9.538285e-01	1.973550e-09	5.322005e+03	5.257601e+04
15	199.933890	2.207454e-11	9.586000e-01	5.206364e-15	1.649200e+04	1.679300e+04
15	229.038588	1.000000e-05	7.981346e-01	1.689121e-11	5.119702e+04	1.690697e+04
15	1463.373731	1.571041e-14	8.850000e-01	1.571041e-14	1.970800e+04	1.976000e+03
15	59480.312872	7.700000e-16	8.988000e-01	4.094030e-36	3.665600e+04	5.410000e+04
15	38484.760950	3.132521e-16	8.574000e-01	1.016320e-35	4.312900e+04	5.118000e+04
15	777.029934	1.155407e-11	9.379000e-01	2.143045e-30	1.783500e+04	1.708100e+04
15	37863.396374	1.181440e-08	9.310000e-01	7.361364e-11	5.914700e+04	1.336000e+04
15	1381.986192	1.933429e-15	9.816000e-01	1.691925e-35	3.300100e+04	4.665300e+04
15	225.058506	8.075459e-06	7.988495e-01	7.431525e-11	5.939025e+04	1.330580e+04
15	1430.698006	8.173972e-14	8.873000e-01	8.173972e-14	1.566800e+04	8.170000e+03
15	2139.290478	1.000000e-05	8.621314e-01	1.137342e-09	5.129900e+04	3.484100e+04
15	225.229724	1.000000e-05	7.989233e-01	8.849788e-11	5.519001e+04	1.288099e+04
15	227.992841	1.000000e-05	7.982353e-01	2.047018e-11	3.708498e+04	1.644001e+04
15	294.496627	7.009516e-09	9.546215e-01	5.644823e-09	2.182996e+03	3.881909e+04
15	-1.000000	-1.000000e+00	-1.000000e+00	-1.000000e+00	-1.000000e+00	-1.000000e+00
15	1479.269094	5.863695e-15	7.884000e-01	5.945330e-28	2.022700e+04	2.164900e+04
15	386.179447	4.572706e-09	7.901703e-01	1.904090e-15	3.611190e+04	3.869223e+04
15	1378.734154	4.087680e-12	7.792000e-01	4.087680e-12	1.468000e+03	1.292100e+04
15	2326.498607	2.309443e-12	8.804001e-01	2.309443e-12	5.155100e+04	5.387300e+04
15	1234.860978	2.229537e-11	8.965000e-01	3.947136e-19	4.440900e+04	4.362800e+04
15	1441.267028	3.848790e-14	8.068000e-01	7.830221e-36	1.602600e+04	5.493600e+04
15	2328.661903	1.793705e-06	7.999022e-01	3.808219e-13	5.870200e+04	5.252000e+04
15	226.838417	1.000000e-05	7.991362e-01	1.548678e-10	3.151099e+04	1.151899e+04
15	1403.533084	4.585463e-14	7.884000e-01	4.585463e-14	1.017400e+04	2.174500e+04
15	1992.027164	2.610793e-07	7.700000e-01	9.648482e-09	2.308401e+04	2.920119e+04
15	2323.637514	2.522148e-12	8.228999e-01	2.522148e-12	5.170100e+04	5.560300e+04
15	67935.103920	1.050383e-15	8.206000e-01	1.991915e-38	4.023600e+04	5.992600e+04
15	226.014941	1.000000e-05	7.984825e-01	3.337652e-11	4.699500e+04	1.525199e+04
15	1513.265000	1.629341e-15	8.942000e-01	7.951237e-37	2.536500e+04	5.695500e+04
15	1385.236859	3.867848e-11	9.080000e-01	4.955419e-28	1.541000e+03	1.990600e+04
15	2203.193475	1.793439e-10	8.597008e-01	1.793439e-10	4.005700e+04	4.714300e+04
15	1387.161724	1.111026e-11	8.965000e-01	7.903255e-32	4.224000e+03	3.562000e+04
15	1388.239353	8.628814e-12	9.310000e-01	5.116709e-28	6.074000e+03	1.227300e+04
15	1398.867470	1.187783e-12	8.620000e-01	2.934169e-30	8.793000e+03	2.537100e+04
15	2055.033339	8.400001e-16	9.724000e-01	6.431439e-22	2.110000e+04	5.716400e+04
15	1471.726341	1.000000e-05	7.746128e-01	2.139625e-12	4.686200e+04	2.597600e+04
15	1492.670578	4.670014e-17	9.517000e-01	4.918494e-23	4.772400e+04	5.796800e+04
15	2363.974268	5.198536e-13	9.310000e-01	5.198536e-13	5.611700e+04	5.646300e+04
15	240.080999	1.000000e-05	7.996555e-01	8.511965e-10	3.497398e+04	7.371013e+03
15	1409.697494	3.460800e-13	8.298000e-01	6.344046e-33	1.114400e+04	3.915000e+04
15	1413.470145	2.492619e-13	8.252000e-01	2.556437e-29	1.185300e+04	1.793300e+04
15	887.106427	3.095812e-10	9.770000e-01	2.620143e-16	3.372000e+04	2.746400e+04
15	201.795425	3.343516e-12	7.746000e-01	9.593120e-15	4.648000e+03	3.867600e+04
15	2200.757290	8.583638e-06	8.690064e-01	1.492918e-10	5.493000e+04	4.014800e+04
15	574.074632	6.145309e-12	9.425000e-01	2.172176e-30	1.936400e+04	1.694800e+04
15	269.764760	7.205932e-06	7.999289e-01	5.438616e-09	5.207892e+04	2.852022e+03
15	2149.764070	1.251717e-09	8.435993e-01	1.251717e-09	3.545200e+04	4.183700e+04
15	263.526980	1.000000e-05	7.999042e-01	3.952164e-09	4.259603e+04	3.630214e+03
15	280.421105	9.271213e-08	7.954343e-01	3.612668e-13	3.384291e+04	2.620805e+04
15	301.475021	2.934745e-09	9.560063e-01	2.934745e-09	4.241000e+03	3.850900e+04
15	1445.808073	2.700618e-14	8.321000e-01	2.700618e-14	1.696200e+04	1.405400e+04
15	719.877381	2.446472e-10	9.908000e-01	2.114892e-13	3.197100e+04	1.143900e+04
15	934.222442	2.848083e-12	8.091000e-01	1.824000e-13	5.681000e+03	5.515900e+04
15	1338.200346	1.080250e-13	9.977000e-01	1.080250e-13	5.408900e+04	1.296100e+04
15	1454.291288	2.272249e-14	9.057000e-01	4.807788e-35	1.943000e+04	4.743000e+04
15	2335.313881	1.658327e-12	9.517000e-01	1.658327e-12	5.181500e+04	5.390000e+04
15	795.381760	1.100307e-10	9.816000e-01	2.655799e-14	3.576900e+04	1.649000e+04
15	1455.563388	1.848852e-14	8.068000e-01	7.548084e-36	1.777500e+04	5.429900e+04
15	292.496854	9.940442e-06	7.952647e-01	2.101563e-13	3.164299e+04	2.754300e+04
15	1426.977885	9.070296e-14	8.206000e-01	9.070296e-14	1.417300e+04	5.722000e+03
15	763.354071	5.633363e-09	9.655000e-01	1.601214e-15	2.746200e+04	2.330600e+04
15	1390.034762	5.096182e-12	8.873000e-01	2.409254e-31	5.864000e+03	3.105300e+04
15	881.426397	1.618656e-10	8.390000e-01	6.254712e-15	4.068700e+04	2.240300e+04
15	1601.650657	4.700000e-16	9.724000e-01	6.373390e-23	3.142200e+04	5.941800e+04
15	1551.714850	4.570859e-16	8.160000e-01	1.635005e-32	2.668600e+04	3.528400e+04
15	1757.341323	1.214912e-18	7.769000e-01	5.432248e-21	3.934800e+04	5.729000e+04
15	1074.441108	1.805120e-10	8.988000e-01	6.391284e-18	3.904000e+04	3.713000e+04
15	1968.919289	1.000000e-05	7.733561e-01	9.454281e-09	5.128463e+04	2.143976e+04
15	783.201959	4.000000e-16	9.770000e-01	1.100941e-22	4.118700e+04	5.864800e+04
15	1394.012094	1.340841e-12	7.815000e-01	1.340841e-12	7.094000e+03	2.245000e+03
15	865.470954	2.452926e-11	9.356000e-01	4.711430e-28	1.601100e+04	3.270000e+03
15	51104.581986	8.709641e-08	9.333002e-01	2.890009e-13	4.849500e+04	2.674400e+04
15	978.579573	9.381170e-13	8.505000e-01	6.625003e-14	9.098000e+03	5.947500e+04
15	1857.144879	2.999998e-16	9.586000e-01	5.401296e-20	2.552000e+04	4.710400e+04
15	1763.556511	9.179889e-18	8.114000e-01	5.742420e-21	3.492500e+04	5.308100e+04
15	2272.023489	7.213390e-06	9.425190e-01	1.772669e-11	5.948400e+04	4.677300e+04
15	1434.100463	7.746298e-14	8.758000e-01	4.499122e-30	1.566600e+04	2.476600e+04
15	894.344185	5.528625e-12	9.517000e-01	4.368220e-14	4.589600e+04	1.560400e+04
15	-1.000000	-1.000000e+00	-1.000000e+00	-1.000000e+00	-1.000000e+00	-1.000000e+00
15	256.642697	4.733192e-09	9.839000e-01	8.916249e-13	5.785000e+03	7.710000e+03
15	1986.330903	3.110677e-07	7.700000e-01	6.657299e-09	2.264516e+04	3.096707e+04
15	1980.015955	8.999999e-17	9.632000e-01	6.079943e-21	2.299300e+04	5.223200e+04
15	1482.432394	5.358438e-15	8.275000e-01	5.358438e-15	2.095300e+04	1.553400e+04
15	2099.711004	5.151378e-06	8.367406e-01	3.092712e-09	5.264600e+04	3.157500e+04
15	2079.429305	4.104022e-13	8.183000e-01	4.104022e-13	2.090000e+03	2.591400e+04
15	890.522009	6.030028e-12	9.218000e-01	1.230045e-13	4.698600e+04	1.349000e+04
15	739.430212	6.350667e-11	9.908000e-01	1.953069e-12	3.538200e+04	6.081000e+03
15	307.407310	1.963437e-10	7.941251e-01	9.270726e-14	4.666734e+04	2.946499e+04
15	2162.141002	6.712400e-06	8.597894e-01	5.172121e-10	5.636900e+04	3.677700e+04
15	1431.045150	9.458189e-14	9.011000e-01	1.636665e-33	1.586400e+04	3.869100e+04
15	1387.827273	6.157427e-12	8.344000e-01	3.693381e-28	4.273000e+03	1.709500e+04
15	244.332076	1.000000e-05	7.997306e-01	1.198362e-09	4.837430e+04	6.537960e+03
15	58114.519086	3.383568e-08	9.103001e-01	5.090334e-16	5.221600e+04	4.196800e+04
15	2108.344888	1.010048e-12	9.264000e-01	4.459218e-28	2.373100e+04	5.459000e+03
15	874.215893	1.092068e-12	9.954000e-01	3.169136e-14	4.388500e+04	1.595300e+04
15	19943.127661	2.253979e-07	8.850004e-01	7.250340e-12	4.626000e+04	1.896600e+04
15	1418.947306	1.584792e-13	8.160000e-01	2.801396e-33	1.278600e+04	3.920300e+04
15	1539.783950	4.743895e-16	7.723000e-01	4.743895e-16	2.577700e+04	3.053800e+04
15	1385.549614	1.847224e-11	9.402000e-01	1.033257e-27	4.702000e+03	1.338700e+04
15	914.093469	9.393913e-12	9.333000e-01	1.273652e-14	4.541500e+04	1.875700e+04
15	981.487263	4.691548e-11	9.862000e-01	4.590635e-17	3.717100e+04	3.146100e+04
15	1787.900892	6.270847e-19	8.482000e-01	1.201995e-35	4.266100e+04	5.164400e+04
15	968.255321	1.200023e-11	8.826999e-01	2.067156e-15	4.636700e+04	2.386400e+04
15	276.778734	2.306133e-08	9.885000e-01	1.715163e-11	2.773000e+03	6.570000e+02
15	996.235760	2.509948e-13	8.781000e-01	2.509948e-13	1.306000e+04	5.625600e+04
15	1844.350817	3.605047e-18	8.574000e-01	6.066304e-20	3.375400e+04	4.865700e+04
15	5722.246442	3.369573e-07	8.275004e-01	4.256716e-15	4.489100e+04	3.689800e+04
15	1450.832367	2.712710e-14	8.459000e-01	2.712710e-14	1.753000e+04	4.945000e+03
15	1457.097566	1.663942e-14	7.999000e-01	1.626134e-31	1.791900e+04	3.198400e+04
15	2353.776865	8.094803e-13	8.666000e-01	8.094803e-13	5.506400e+04	5.543900e+04
15	812.746978	2.429263e-15	9.793000e-01	2.429263e-15	3.862100e+04	3.634000e+03
15	236.426281	1.000000e-05	7.976057e-01	6.608633e-12	5.062913e+04	1.918588e+04
15	282.803906	1.000000e-05	7.999475e-01	9.914080e-09	3.457098e+04	1.388011e+03
15	282.469665	3.400360e-08	7.953292e-01	3.244802e-13	3.600021e+04	2.646513e+04
15	947.324207	6.012615e-13	9.885000e-01	6.528480e-15	4.778600e+04	1.977600e+04
15	274.760797	1.000000e-05	7.999413e-01	6.914028e-09	4.713889e+04	2.266889e+03
15	229.151223	1.000000e-05	7.981245e-01	1.657429e-11	4.926101e+04	1.695299e+04
15	-1.000000	-1.000000e+00	-1.000000e+00	-1.000000e+00	-1.000000e+00	-1.000000e+00
15	241.945116	2.704904e-11	9.568111e-01	2.704904e-11	1.571201e+04	5.170503e+04
15	2047.463472	8.200003e-16	9.287000e-01	6.266160e-22	1.938300e+04	5.773000e+04
15	239.185950	2.610443e-06	7.996402e-01	7.906940e-10	5.891976e+04	7.550753e+03
15	1467.766310	1.288931e-14	8.735000e-01	2.736240e-31	1.989800e+04	2.761000e+04
15	711.925872	1.369481e-09	9.793000e-01	6.085693e-14	2.970600e+04	1.452600e+04
15	812.353348	3.359804e-09	9.448000e-01	8.402699e-16	3.000000e+04	2.505100e+04
15	240.190038	1.000000e-05	7.973904e-01	4.622558e-12	4.707448e+04	2.005342e+04
15	2169.451031	4.015501e-06	8.759645e-01	4.675624e-10	5.694000e+04	3.740500e+04
15	272.852043	5.760130e-10	9.560635e-01	5.760130e-10	8.226998e+03	4.281198e+04
15	1405.751523	4.884408e-13	8.298000e-01	9.852980e-34	1.031500e+04	4.135700e+04
15	2002.713534	2.360276e-06	7.789893e-01	9.342337e-09	5.826741e+04	2.392939e+04
15	1480.932118	6.846703e-15	8.482000e-01	4.292646e-35	2.086200e+04	4.879000e+04
15	301.452084	3.010429e-09	9.559814e-01	3.010429e-09	4.179961e+03	3.847098e+04
15	253.111476	1.000000e-05	7.967616e-01	1.731631e-12	3.485992e+04	2.243507e+04
15	247.094627	1.000000e-05	7.970391e-01	2.642107e-12	4.163636e+04	2.141056e+04
15	244.611027	1.000000e-05	7.971603e-01	3.195730e-12	3.961221e+04	2.094907e+04
15	921.112510	8.562472e-11	8.252000e-01	1.527587e-15	4.255500e+04	2.638400e+04
15	1649.445673	6.528767e-18	8.160000e-01	5.135213e-18	3.285900e+04	3.987100e+04
15	38194.212863	7.646611e-08	8.804001e-01	1.783572e-16	5.086300e+04	4.447200e+04
15	1498.649319	3.953117e-16	7.884000e-01	3.953117e-16	2.461600e+04	3.132100e+04
15	1478.238776	7.024877e-15	8.988000e-01	7.024877e-15	2.200900e+04	7.480000e+03
15	170.190435	3.589080e-13	9.701000e-01	7.258483e-15	2.698000e+04	1.812000e+04
15	1383.058910	2.662031e-12	9.678000e-01	6.367393e-31	1.212000e+04	2.710200e+04
15	1386.028929	1.209388e-11	8.068000e-01	1.059769e-26	2.167000e+03	1.412500e+04
15	1409.095193	4.058613e-13	9.310000e-01	3.172016e-33	1.348200e+04	3.925100e+04
15	2281.358094	1.000000e-05	9.287056e-01	1.156265e-11	5.365300e+04	4.768700e+04
15	24175.670695	1.802302e-16	8.804000e-01	9.338020e-36	4.445000e+04	5.361500e+04
15	45397.222969	2.512652e-07	8.942004e-01	4.843176e-16	4.450400e+04	4.208800e+04
15	2154.241107	1.000000e-05	8.830989e-01	8.277443e-10	5.152000e+04	3.610300e+04
15	560.217979	6.898819e-11	9.402000e-01	1.113011e-29	1.350100e+04	1.377600e+04
15	39475.573878	1.847644e-08	9.172000e-01	6.217809e-13	5.727300e+04	2.489700e+04
15	1374.338678	1.295410e-12	9.816000e-01	1.082075e-31	1.652500e+04	2.724800e+04
15	1885.691459	3.209196e-06	8.777979e-01	1.000000e-08	1.491700e+04	5.521900e+04
15	183.200673	5.464959e-14	7.861000e-01	5.464959e-14	1.380000e+04	3.170800e+04
15	122586.517439	5.600000e-16	7.838000e-01	1.746288e-35	4.152900e+04	5.903100e+04
15	2128.290002	2.622526e-13	9.287000e-01	3.160866e-28	2.698700e+04	7.720000e+03
15	234.313697	1.000000e-05	7.995174e-01	4.917941e-10	3.590590e+04	8.707000e+03
15	1121.027453	5.541954e-11	9.356000e-01	3.114043e-18	4.078500e+04	3.825000e+04
15	1433.521264	7.618379e-14	9.103000e-01	3.140844e-31	1.668100e+04	2.950000e+04
15	225.415883	1.000000e-05	7.989364e-01	9.287377e-11	3.167400e+04	1.276300e+04
15	193.240222	6.464790e-11	9.632000e-01	8.256724e-14	1.414300e+04	1.146900e+04
15	-1.000000	-1.000000e+00	-1.000000e+00	-1.000000e+00	-1.000000e+00	-1.000000e+00
15	2160.251244	1.214341e-09	7.700000e-01	1.132018e-09	3.661506e+04	4.932390e+04
15	23790.302465	2.184194e-16	8.804000e-01	1.651784e-35	4.399200e+04	5.344400e+04
15	277.613740	1.000000e-05	7.987848e-01	3.420636e-09	1.964699e+04	3.887960e+03
15	2045.852573	5.900012e-16	9.563000e-01	1.311503e-21	1.317700e+04	5.579600e+04
15	1643.235518	2.871512e-17	7.976000e-01	2.434973e-33	3.287600e+04	4.275600e+04
15	291.837026	1.326509e-09	9.562473e-01	1.326509e-09	6.172974e+03	4.031598e+04
15	1385.815096	2.148243e-11	8.321000e-01	7.698242e-17	1.162000e+03	2.283500e+04
15	697.168560	1.833518e-08	8.459000e-01	1.076293e-13	2.859800e+04	1.534400e+04
15	1081.146796	5.081142e-11	9.218000e-01	1.132057e-17	4.154000e+04	3.543900e+04
15	-1.000000	-1.000000e+00	-1.000000e+00	-1.000000e+00	-1.000000e+00	-1.000000e+00
15	1554.467113	4.380189e-16	8.551000e-01	1.395735e-34	2.751100e+04	4.458700e+04
15	1487.878838	5.188882e-15	8.781000e-01	1.121935e-34	2.217600e+04	4.502300e+04
15	756.381659	2.065706e-09	9.333000e-01	2.194167e-14	3.174100e+04	1.745300e+04
15	1623.920458	4.988193e-17	8.551000e-01	7.829920e-35	3.262000e+04	4.644800e+04
15	227.946800	1.970531e-10	9.546639e-01	1.970531e-10	1.093299e+04	5.854598e+04
15	2272.714545	1.000000e-05	7.883979e-01	2.192710e-12	4.937300e+04	4.684900e+04
15	897.576761	8.874237e-12	9.494000e-01	2.048481e-14	4.481400e+04	1.743600e+04
15	242.670373	1.000000e-05	7.996958e-01	1.044122e-09	3.200099e+04	6.873032e+03
15	267.210512	9.563046e-06	7.999201e-01	4.785861e-09	4.684944e+04	3.163688e+03
15	888.934603	1.908067e-11	8.436000e-01	9.435714e-14	4.604200e+04	1.574600e+04
15	72205.019132	4.938738e-09	9.816000e-01	5.475105e-12	5.995900e+04	1.964500e+04
15	258.369485	2.923805e-09	9.537562e-01	2.923805e-09	4.364000e+03	5.082694e+04
15	1536.063714	7.767012e-16	8.183000e-01	1.099749e-30	2.547500e+04	2.866300e+04
15	796.065064	3.639664e-11	9.540000e-01	1.326844e-11	4.098000e+04	1.791000e+03
15	2073.354179	1.639102e-07	8.666001e-01	1.000000e-08	5.879300e+04	2.937100e+04
15	1463.874975	1.248426e-14	8.068000e-01	1.315852e-35	1.871000e+04	5.247800e+04
15	1386.479452	1.222921e-11	8.666000e-01	5.602125e-32	3.247000e+03	3.202000e+04
15	1460.079110	2.715380e-15	8.068000e-01	2.715380e-15	1.092000e+04	2.630900e+04
15	1657.840536	1.984907e-17	8.367000e-01	1.983295e-36	3.440300e+04	5.627700e+04
15	1562.719926	3.261165e-16	8.643000e-01	3.261165e-16	2.840700e+04	2.161000e+03
15	2333.159836	9.999993e-06	8.137004e-01	4.542009e-13	5.477100e+04	5.299600e+04
15	825.478485	1.563665e-11	9.448000e-01	3.960955e-12	4.361500e+04	4.831000e+03
15	2069.152900	9.446736e-06	8.160398e-01	5.800110e-09	5.223400e+04	2.911700e+04
15	258.592230	1.000000e-05	7.965265e-01	1.220063e-12	3.498936e+04	2.328397e+04
15	1549.423961	9.117223e-15	9.954000e-01	2.340596e-21	5.604200e+04	5.407800e+04
15	241.708209	9.067025e-10	9.540735e-01	9.067025e-10	7.214962e+03	5.079898e+04
15	1425.120002	1.051224e-13	9.149000e-01	1.051224e-13	1.573200e+04	8.746000e+03
15	276.881638	7.154429e-09	9.930984e-01	1.110763e-13	6.862000e+03	1.289200e+04
15	620.520746	9.332870e-08	8.574001e-01	8.225048e-13	2.428100e+04	1.011500e+04
15	1145.805023	6.208517e-14	9.908000e-01	3.627193e-17	5.298800e+04	3.198000e+04
15	364.550377	6.024795e-06	7.931047e-01	1.296892e-14	5.296500e+04	3.427200e+04
15	2296.876725	8.150638e-12	7.907000e-01	8.150638e-12	4.912500e+04	5.218900e+04
15	2010.284129	1.487033e-07	7.700000e-01	9.985277e-09	2.449517e+04	3.439804e+04
15	1385.590458	2.351168e-11	9.149000e-01	3.993261e-25	2.986000e+03	2.812000e+03
15	1385.725560	2.943828e-11	8.551000e-01	3.020377e-16	7.920000e+02	2.076300e+04
15	892.750852	1.133232e-11	9.977000e-01	3.217247e-16	3.606900e+04	2.680100e+04
15	1575.405218	1.864289e-16	7.700000e-01	1.113093e-16	2.810300e+04	3.022300e+04
15	1501.580658	2.466083e-15	8.528000e-01	2.466083e-15	2.313900e+04	1.832900e+04
15	2118.314355	3.182365e-06	8.183249e-01	1.252496e-09	5.817800e+04	3.309800e+04
15	2305.815594	5.517206e-12	8.183000e-01	5.517206e-12	4.986300e+04	5.257700e+04
15	1397.815941	1.589287e-12	8.919000e-01	7.200321e-29	8.805000e+03	1.884500e+04
15	1582.300697	1.097104e-17	8.114000e-01	1.097104e-17	2.794000e+04	3.899200e+04
15	1515.271595	1.756818e-15	8.597000e-01	5.292809e-35	2.432500e+04	4.660400e+04
15	225.233808	1.000000e-05	7.986531e-01	4.781679e-11	5.727701e+04	1.437801e+04
15	1426.841479	1.266030e-13	8.919000e-01	1.434659e-31	1.489800e+04	2.659300e+04
15	847.326665	7.518664e-12	9.609002e-01	5.451621e-13	4.455500e+04	9.449000e+03
15	801.157875	2.880639e-10	9.954000e-01	9.074320e-16	2.976800e+04	2.437600e+04
15	2113.812514	8.637769e-06	8.482786e-01	2.266958e-09	5.457100e+04	3.272700e+04
15	606.634130	1.430840e-07	8.022007e-01	3.276185e-12	2.419800e+04	9.533000e+03
15	2364.555104	2.507572e-06	8.321032e-01	1.646936e-13	5.764400e+04	5.643400e+04
15	209.296764	2.490251e-10	9.701000e-01	2.778933e-14	1.135900e+04	1.515500e+04
15	312.251739	4.499502e-12	9.862000e-01	1.273238e-16	2.277500e+04	2.880600e+04
15	947.351895	4.676282e-12	7.723000e-01	4.133614e-15	3.931000e+03	5.765100e+04
15	225.963411	1.000000e-05	7.990591e-01	1.241729e-10	3.816594e+04	1.205704e+04
15	1391.801389	5.251900e-13	9.609000e-01	8.039186e-33	1.511000e+04	3.732500e+04
15	1404.389493	4.369585e-13	7.884000e-01	4.369585e-13	9.916000e+03	2.350000e+02
15	2037.132604	3.942842e-13	9.287000e-01	5.001767e-28	2.600300e+04	5.170000e+03
15	887.038522	1.836812e-11	8.850000e-01	3.333876e-12	2.658000e+03	5.026000e+04
15	2329.410945	2.264122e-12	8.436000e-01	2.264122e-12	5.242700e+04	5.293500e+04
15	1430.914900	6.916645e-14	8.137000e-01	6.916645e-14	1.471200e+04	6.344000e+03
15	1449.910887	3.043839e-14	8.597000e-01	1.235442e-30	1.754100e+04	2.624900e+04
15	259.432558	1.000000e-05	7.964928e-01	1.158811e-12	5.069902e+04	2.340896e+04
15	2074.803171	8.188997e-06	9.443905e-01	1.000000e-08	1.567300e+04	3.074000e+04
15	-1.000000	-1.000000e+00	-1.000000e+00	-1.000000e+00	-1.000000e+00	-1.000000e+00
15	1812.841312	5.999998e-16	9.517000e-01	5.580552e-20	2.533000e+04	4.681500e+04
15	347.908970	9.999988e-06	7.953505e-01	1.000000e-08	5.742900e+04	1.157000e+03
15	229.646005	1.000000e-05	7.993408e-01	2.724440e-10	4.636801e+04	1.014497e+04
15	2039.096305	1.009140e-08	9.807303e-01	1.000000e-08	2.493200e+04	3.512300e+04
15	808.002491	6.747892e-09	8.321000e-01	1.311235e-15	3.137000e+04	2.640800e+04
15	226.292053	1.000000e-05	7.991009e-01	1.382411e-10	5.686102e+04	1.179597e+04
15	688.124708	1.457086e-08	9.011000e-01	9.550640e-14	2.790100e+04	1.439200e+04
15	261.399873	1.000000e-05	7.964105e-01	1.030162e-12	3.467098e+04	2.369401e+04
15	1385.611251	3.490557e-13	9.954000e-01	3.490557e-13	5.645700e+04	1.022000e+04
15	1468.608001	1.226933e-14	8.689000e-01	1.226933e-14	1.990700e+04	3.144000e+03
15	1544.262317	6.185496e-16	8.574000e-01	3.209279e-21	2.674500e+04	2.706100e+04
15	1377.648070	4.428664e-11	8.620000e-01	4.428664e-11	5.552800e+04	3.770000e+02
15	1464.236428	1.433113e-14	8.482000e-01	1.433113e-14	1.910100e+04	4.250000e+03
15	1399.934821	9.575955e-13	8.459000e-01	8.861253e-30	8.988000e+03	2.089200e+04
15	1386.802737	1.274491e-11	8.988000e-01	3.866401e-32	3.957000e+03	3.665300e+04
15	225.875379	1.000000e-05	7.985062e-01	3.504616e-11	5.125390e+04	1.513334e+04
15	1403.408464	2.002735e-06	9.241037e-01	5.828189e-13	5.096700e+04	9.755000e+03
15	225.300492	3.175185e-06	7.989430e-01	9.282945e-11	5.862100e+04	1.276476e+04
15	238.591913	1.000000e-05	7.974791e-01	5.349239e-12	4.099093e+04	1.969906e+04
15	2169.893155	2.087763e-07	7.792040e-01	4.442409e-11	5.718700e+04	3.747100e+04
15	2324.718476	2.655144e-12	8.320991e-01	2.655144e-12	5.177800e+04	5.340000e+04
15	1592.101331	8.996527e-17	8.942000e-01	1.466269e-34	3.223600e+04	4.363600e+04
15	565.228892	5.500871e-16	9.862000e-01	9.883187e-21	4.369800e+04	5.052400e+04
15	1387.082931	6.776277e-12	8.091000e-01	1.850523e-26	3.611000e+03	1.163600e+04
15	-1.000000	-1.000000e+00	-1.000000e+00	-1.000000e+00	-1.000000e+00	-1.000000e+00
15	975.484098	1.069111e-12	8.091000e-01	3.400507e-14	8.052000e+03	5.946200e+04
15	1468.271467	1.257616e-14	8.781000e-01	7.501290e-36	2.006700e+04	5.059700e+04
15	1869.416249	2.998544e-17	9.885000e-01	9.674557e-20	1.192500e+04	4.570800e+04
15	956.322810	1.111887e-11	9.471000e-01	1.330685e-15	4.435300e+04	2.394900e+04
15	1400.822864	3.459040e-13	9.517000e-01	1.842620e-31	1.518400e+04	2.743100e+04
15	199.010854	7.521737e-13	7.769000e-01	1.116863e-14	8.164000e+03	3.737000e+04
15	1424.285819	1.476631e-13	8.804000e-01	6.003425e-34	1.423000e+04	4.312600e+04
15	247.382525	1.000000e-05	7.970254e-01	2.586098e-12	4.893541e+04	2.146254e+04
15	579.392591	2.614873e-07	8.459003e-01	4.912382e-12	2.192800e+04	6.126000e+03
15	2257.582614	1.000000e-05	8.896206e-01	2.248265e-11	5.036700e+04	4.538200e+04
15	783.153654	1.260674e-08	9.103000e-01	1.108995e-15	2.798700e+04	2.484800e+04
15	1424.779719	2.530541e-06	8.643030e-01	1.408186e-13	4.803200e+04	1.423500e+04
15	84489.593012	5.509951e-09	9.724000e-01	6.687471e-14	5.967200e+04	3.026800e+04
15	237.201955	1.000000e-05	7.994820e-01	5.773412e-10	2.584810e+04	8.309776e+03
15	269.516251	4.081251e-09	9.517002e-01	4.081251e-09	3.559000e+03	5.183100e+04
15	234.309254	1.000000e-05	7.977383e-01	8.288611e-12	4.464815e+04	1.863598e+04
15	689.807316	6.845979e-11	7.815000e-01	2.652613e-13	4.431100e+04	2.486300e+04
15	274.136510	1.000000e-05	7.999400e-01	6.713958e-09	4.428270e+04	2.338472e+03
15	10374.094361	8.139319e-06	8.528099e-01	5.085330e-13	3.016200e+04	2.538400e+04
15	2339.388516	9.999983e-06	9.631943e-01	1.307460e-12	5.580600e+04	5.366200e+04
15	1431.363719	7.075034e-14	8.666000e-01	7.075034e-14	1.544200e+04	9.900000e+03
15	1624.167869	1.558530e-16	8.527999e-01	1.945255e-21	2.962700e+04	5.187100e+04
15	609.036229	3.555811e-09	7.886312e-01	3.555811e-09	5.140096e+04	3.652991e+03
15	-1.000000	-1.000000e+00	-1.000000e+00	-1.000000e+00	-1.000000e+00	-1.000000e+00
15	1891.742507	5.703729e-06	7.700000e-01	8.817791e-09	1.538516e+04	3.409206e+04
15	1240.206663	8.787037e-13	9.977000e-01	1.580798e-19	4.251100e+04	4.447100e+04
15	228.018312	1.000000e-05	7.982323e-01	2.032845e-11	4.832322e+04	1.645695e+04
15	1753.159050	7.604843e-12	9.264000e-01	1.518770e-28	1.884900e+04	6.405000e+03
15	233.254849	1.000000e-05	7.994859e-01	4.380235e-10	4.030198e+04	8.989011e+03
15	1439.587346	4.605836e-14	8.252000e-01	7.446211e-29	1.589900e+04	1.989900e+04
15	725.351173	6.531255e-09	8.551000e-01	1.091492e-13	3.101700e+04	1.503900e+04
15	2265.336733	4.160765e-07	7.930062e-01	3.613940e-12	5.789600e+04	4.613100e+04
15	964.686811	2.857082e-11	9.885000e-01	9.683498e-17	3.796000e+04	2.969700e+04
15	249.723378	3.197378e-14	7.746000e-01	7.598277e-15	1.583400e+04	3.920200e+04
15	852.928591	5.164353e-10	9.563000e-01	1.042212e-15	3.410700e+04	2.441900e+04
15	787.566085	2.159121e-10	9.080000e-01	4.245557e-13	3.834200e+04	1.070800e+04
15	1409.738932	2.256497e-13	7.723000e-01	2.256497e-13	1.108800e+04	1.619900e+04
15	2342.802574	2.617409e-06	9.333026e-01	9.873325e-13	5.954500e+04	5.403100e+04
15	1526.528223	1.147876e-15	8.666000e-01	7.000221e-34	2.548500e+04	4.306800e+04
15	1448.043485	1.642143e-14	9.862000e-01	4.248650e-20	5.742600e+04	4.758300e+04
15	261.712482	3.765120e-12	9.540000e-01	5.087739e-27	2.055100e+04	1.125000e+03
15	-1.000000	-1.000000e+00	-1.000000e+00	-1.000000e+00	-1.000000e+00	-1.000000e+00
15	2219.450272	1.180110e-10	9.010976e-01	1.180110e-10	4.081900e+04	4.460200e+04
15	2015.098352	3.200000e-16	9.885000e-01	1.259375e-21	2.730500e+04	5.541900e+04
15	2261.478990	9.148833e-06	8.045142e-01	6.190264e-12	5.049600e+04	4.575700e+04
15	976.529277	2.152242e-13	8.528000e-01	1.612777e-13	1.268600e+04	5.725600e+04
15	1449.429767	2.837823e-14	8.344000e-01	1.547210e-30	1.721700e+04	2.830500e+04
15	233.358110	1.000000e-05	7.989354e-01	2.191397e-10	2.232399e+04	1.064598e+04
15	136343.649568	2.200000e-16	8.367000e-01	1.178949e-36	4.148500e+04	5.701500e+04
15	1394.398729	1.741764e-12	8.321000e-01	2.917300e-32	7.289000e+03	3.534500e+04
15	2270.078155	1.376322e-11	8.988009e-01	1.376322e-11	4.586200e+04	5.203200e+04
15	797.630307	5.101911e-10	8.022000e-01	5.122650e-14	3.841700e+04	1.965100e+04
15	971.256362	4.766335e-12	7.930000e-01	1.676600e-14	4.186000e+03	5.996900e+04
15	225.680506	1.000000e-05	7.990191e-01	1.120503e-10	4.374001e+04	1.230699e+04
15	603.617065	1.022026e-07	9.057001e-01	6.252344e-13	2.287900e+04	9.802000e+03
15	1728.907108	1.900000e-16	9.839000e-01	1.097811e-20	3.339000e+04	4.953100e+04
15	1586.991586	1.119198e-16	8.919000e-01	4.833221e-33	3.164900e+04	3.604500e+04
15	295.203338	1.660874e-08	9.536439e-01	1.000000e-08	1.300421e+02	5.692667e+04
15	369.343512	4.231877e-09	9.587321e-01	4.231877e-09	3.214023e+03	3.567899e+04
15	1103.537926	7.092168e-14	9.954000e-01	6.452329e-17	5.083300e+04	3.059500e+04
15	2118.006239	4.929539e-09	7.700000e-01	4.454973e-09	3.307166e+04	4.546588e+04
15	2317.108004	1.436003e-12	9.747231e-01	1.436003e-12	4.875000e+04	5.600200e+04
15	1370.144919	4.908778e-10	9.793000e-01	4.232047e-28	1.463000e+03	1.180700e+04
15	353.441406	1.133551e-09	9.450949e-01	2.599594e-10	6.695003e+03	5.374800e+04
15	1385.895989	1.947431e-11	9.010994e-01	7.536952e-32	2.995000e+03	3.490800e+04
15	2259.713731	1.000000e-05	8.413158e-01	1.308191e-11	5.196400e+04	4.558600e+04
15	1226.573968	1.764949e-12	9.816000e-01	8.250217e-19	4.623600e+04	4.082400e+04
15	933.614324	1.108426e-15	9.816000e-01	1.108426e-15	4.076900e+04	6.487000e+03
15	2078.651067	1.412798e-08	8.057221e-01	1.000000e-08	2.987501e+04	5.923898e+04
15	1076.029971	8.980624e-16	8.022000e-01	8.980624e-16	4.707000e+03	4.065000e+04
15	1390.894302	3.127736e-12	8.367000e-01	9.999946e-31	5.956000e+03	2.735100e+04
15	905.171224	3.864381e-11	9.356000e-01	3.570608e-15	4.171900e+04	2.174700e+04
15	279.183669	1.815233e-13	9.632000e-01	1.815233e-13	2.801200e+04	5.592000e+03
15	88992.209535	7.314687e-09	9.770000e-01	5.641836e-14	5.782300e+04	3.067700e+04
15	2004.704984	1.766582e-07	7.700000e-01	9.765186e-09	2.406311e+04	3.195728e+04
15	1523.735254	1.175449e-15	8.850000e-01	5.254048e-18	2.588200e+04	3.810000e+03
15	1513.102528	1.364220e-15	9.057000e-01	6.009433e-34	2.615300e+04	4.043400e+04
15	428.488120	7.745266e-09	9.884943e-01	1.153331e-16	5.396000e+03	2.911100e+04
15	1491.934488	4.210051e-15	8.873000e-01	7.504005e-38	2.291100e+04	5.423300e+04
15	1397.759976	1.297763e-12	8.551000e-01	1.584770e-29	8.436000e+03	2.079000e+04
15	284992.142577	1.300000e-16	8.114000e-01	5.947792e-36	4.084800e+04	5.861400e+04
15	1385.521085	5.044250e-11	8.965000e-01	5.936495e-14	3.270000e+02	9.567000e+03
15	253.974747	1.000000e-05	7.967241e-01	1.635221e-12	3.622801e+04	2.257403e+04
15	253.592443	3.207448e-06	7.966973e-01	1.704788e-12	2.866593e+04	2.246707e+04
15	325538.421204	1.115724e-17	7.930000e-01	5.932817e-18	5.033700e+04	5.699000e+04
15	237.287966	1.000000e-05	7.995446e-01	6.240507e-10	2.770258e+04	8.123966e+03
15	741.819966	1.474180e-10	9.931000e-01	6.442295e-14	3.251000e+04	1.427000e+04
15	241.920758	4.114718e-06	7.996919e-01	9.941371e-10	5.584012e+04	6.993076e+03
15	1614.044087	2.708389e-16	8.689000e-01	5.091698e-23	2.872300e+04	5.980000e+04
15	1457.078491	2.055551e-14	8.505000e-01	4.883388e-19	1.829000e+04	1.644500e+04
15	-1.000000	-1.000000e+00	-1.000000e+00	-1.000000e+00	-1.000000e+00	-1.000000e+00
15	1385.830406	2.562627e-11	8.436000e-01	5.405113e-23	9.780000e+02	3.790000e+03
15	1954.015188	8.385965e-07	7.700000e-01	8.575979e-09	2.016424e+04	3.248200e+04
15	268.609884	5.126588e-09	9.536684e-01	5.126588e-09	2.995972e+03	5.504192e+04
15	515.373034	1.813693e-11	9.425000e-01	8.149089e-30	1.674100e+04	1.580600e+04
15	571.127426	5.906544e-08	8.045003e-01	3.095390e-13	5.049000e+04	2.659400e+04
15	40370.833234	2.236679e-08	9.034000e-01	1.802014e-14	5.599500e+04	3.342300e+04
15	1467.188055	1.251744e-14	8.459000e-01	2.862203e-36	1.938200e+04	5.515100e+04
15	15957.198085	7.000000e-16	9.379000e-01	5.626888e-37	3.743700e+04	5.283400e+04
15	231.820853	4.326325e-10	9.552765e-01	1.116939e-12	9.071040e+03	2.400627e+01
15	423.871507	2.213273e-15	9.862000e-01	1.513428e-18	4.055000e+04	3.903000e+04
15	406.451659	3.355567e-10	7.884000e-01	4.350893e-13	4.188600e+04	2.532200e+04
15	227.773739	1.000000e-05	7.990075e-01	1.388570e-10	2.531168e+04	1.177686e+04
15	236.748072	1.000000e-05	7.975858e-01	6.406880e-12	3.497400e+04	1.926100e+04
15	1385.039930	4.320678e-11	9.172000e-01	1.440286e-28	1.589000e+03	2.341100e+04
15	382093.828402	6.000000e-17	7.884000e-01	2.574903e-36	4.276300e+04	5.933900e+04
15	1386.156031	1.294658e-11	8.436000e-01	9.231774e-27	2.639000e+03	9.759000e+03
15	798.499089	4.807352e-11	9.379000e-01	5.394481e-12	4.107800e+04	4.162000e+03
15	1729.850264	9.998198e-09	9.987944e-01	9.998198e-09	9.695998e+03	3.343800e+04
15	1886.632891	8.289546e-15	8.114000e-01	8.289546e-15	9.567000e+03	3.531200e+04
15	1010.459829	3.353741e-14	7.930000e-01	3.353741e-14	1.617800e+04	5.798800e+04
15	271.515940	5.839446e-09	9.536696e-01	5.839446e-09	2.677967e+03	4.926997e+04
15	2014.917909	1.100000e-16	9.632000e-01	1.597240e-21	2.626100e+04	5.517000e+04
15	1451.830681	2.606617e-14	9.057000e-01	2.547978e-34	1.910100e+04	4.637200e+04
15	246.632856	1.000000e-05	7.970557e-01	2.744837e-12	3.094599e+04	2.131729e+04
15	2325.846808	1.564969e-06	9.011008e-01	1.667649e-12	5.169700e+04	5.221900e+04
15	1435.531580	4.629536e-14	9.287000e-01	4.557925e-32	1.861600e+04	3.187000e+04
15	586.164192	2.535664e-15	9.770000e-01	2.535664e-15	3.876900e+04	1.617400e+04
15	61774.828471	3.598092e-08	9.655001e-01	6.310146e-12	5.174400e+04	1.930200e+04
15	934.426011	2.360192e-12	8.528000e-01	4.047436e-13	6.913000e+03	5.490400e+04
15	1437.665729	5.885890e-14	8.597000e-01	5.885890e-14	1.596000e+04	1.260000e+03
15	937.136374	1.236804e-12	8.275000e-01	2.972459e-13	8.004000e+03	5.483700e+04
15	1213.061770	1.780224e-12	9.494000e-01	2.316236e-18	4.888300e+04	3.877400e+04
15	94998.978243	1.794925e-08	9.770000e-01	2.006077e-14	5.325900e+04	3.316300e+04
15	1910.254908	6.599646e-16	9.747000e-01	3.659125e-20	1.172600e+04	4.805500e+04
15	2037.818153	7.000000e-16	9.264000e-01	1.385117e-21	1.534400e+04	5.605100e+04
15	1833.264114	1.087408e-12	9.287000e-01	1.585747e-29	2.355300e+04	1.041700e+04
15	2030.563090	5.131889e-19	8.827000e-01	1.933947e-21	3.398000e+04	5.646100e+04
15	1447.532881	1.952396e-15	7.976000e-01	1.952396e-15	1.700300e+04	2.785600e+04
15	25527.937679	4.535778e-08	8.620001e-01	1.743259e-16	5.210500e+04	4.452900e+04
15	1385.994461	1.713657e-11	7.769000e-01	1.713657e-11	6.380000e+02	2.893000e+03
15	230.989526	1.000000e-05	7.979724e-01	1.253256e-11	5.749201e+04	1.763197e+04
15	826.246288	2.173339e-12	9.931000e-01	1.010299e-12	4.320000e+04	7.659000e+03
15	1436.578824	6.120111e-14	8.505000e-01	3.880799e-34	1.568400e+04	4.377300e+04
15	2303.946241	9.999996e-06	9.056864e-01	4.174872e-12	5.786400e+04	4.995000e+04
15	756.520048	2.837031e-10	9.770000e-01	8.207115e-14	3.395200e+04	1.383400e+04
15	2217.507096	1.000000e-05	8.920246e-01	9.906010e-11	5.106300e+04	4.165400e+04
15	946.911013	4.963014e-12	8.781000e-01	2.502704e-13	5.667000e+03	5.674400e+04
15	1429.338470	1.071713e-13	8.919000e-01	8.192087e-28	1.529800e+04	1.435800e+04
15	1445.638088	3.319856e-14	8.252000e-01	1.107331e-35	1.668100e+04	5.103900e+04
15	1479.761896	6.129095e-15	9.057000e-01	8.948516e-33	2.256600e+04	3.597900e+04
15	2059.935701	4.599444e-08	7.930000e-01	1.000000e-08	2.836800e+04	2.840800e+04
15	886.083277	1.663593e-10	9.195000e-01	2.159561e-15	3.862300e+04	2.314600e+04
15	225.906574	1.000000e-05	7.990528e-01	1.220711e-10	4.283685e+04	1.209861e+04
15	1404.241921	6.004389e-13	8.413000e-01	9.535711e-27	1.002600e+04	1.049900e+04
15	265.300961	9.475429e-06	7.962559e-01	8.220557e-13	5.808007e+04	2.424100e+04
15	1400.731292	8.990482e-13	8.873000e-01	8.990482e-13	9.901000e+03	2.399000e+03
15	2101.432233	6.115739e-09	8.222134e-01	6.115739e-09	3.171200e+04	5.109700e+04
15	1386.308984	1.146503e-11	8.390000e-01	3.365594e-29	2.848000e+03	2.561000e+04
15	1498.388471	2.186826e-17	7.930000e-01	2.186826e-17	2.367800e+04	3.956300e+04
15	679.441581	1.938709e-09	9.609000e-01	2.249002e-11	3.048700e+04	4.270000e+02
15	1520.162540	1.335937e-15	8.137000e-01	5.974210e-31	2.411900e+04	2.976700e+04
15	1550.713248	4.326920e-16	7.884000e-01	3.660164e-37	2.638600e+04	5.738600e+04
15	203.451842	8.607576e-13	7.838000e-01	6.685658e-15	7.178000e+03	3.702400e+04
15	1442.773443	4.501948e-14	8.896000e-01	4.501948e-14	1.729200e+04	4.971000e+03
15	1411.064574	4.245506e-14	7.953000e-01	4.245506e-14	1.014100e+04	2.066500e+04
15	1526.316228	1.096930e-15	8.206000e-01	1.246460e-30	2.469900e+04	2.756200e+04
15	2117.337766	2.573771e-09	8.711998e-01	2.573771e-09	3.295200e+04	4.588100e+04
15	-1.000000	-1.000000e+00	-1.000000e+00	-1.000000e+00	-1.000000e+00	-1.000000e+00
15	323.167751	3.607579e-10	9.931009e-01	1.181056e-15	1.405000e+04	2.369600e+04
15	2321.445084	1.221013e-12	9.471000e-01	1.221013e-12	5.045500e+04	5.782900e+04
15	307.728590	1.859395e-15	7.769000e-01	2.061124e-16	2.246200e+04	4.658900e+04
15	1515.640640	1.713142e-15	8.459000e-01	2.519366e-34	2.410300e+04	4.636500e+04
15	146163.605707	2.185780e-08	9.839000e-01	8.647566e-17	5.149100e+04	4.618900e+04
15	1534.337065	5.693635e-16	9.057000e-01	2.223602e-32	2.823500e+04	3.286200e+04
15	259.776353	1.000000e-05	7.998837e-01	3.222047e-09	4.890901e+04	4.128019e+03
15	1410.220983	3.529182e-13	8.413000e-01	8.199305e-30	1.130500e+04	2.435300e+04
15	1514.323420	1.820352e-15	8.574000e-01	3.211869e-37	2.419200e+04	5.926200e+04
15	1558.685748	3.722809e-16	8.252000e-01	3.722809e-16	2.732500e+04	3.933000e+03
15	811.877805	1.046748e-09	9.885000e-01	4.742048e-16	2.886700e+04	2.596300e+04
15	1570.159844	2.616437e-16	8.344000e-01	1.173895e-32	2.831900e+04	3.843300e+04
15	258.078647	9.527061e-06	7.965492e-01	1.258960e-12	5.204892e+04	2.320804e+04
15	1541.262320	1.000000e-05	7.723128e-01	7.965089e-13	5.079700e+04	3.002000e+04
15	2321.192331	3.050326e-12	9.839000e-01	3.050326e-12	4.962500e+04	5.206000e+04
15	1385.543744	3.225629e-11	8.827000e-01	2.982571e-20	1.249000e+03	3.869700e+04
15	24748.583939	4.270132e-07	8.689007e-01	1.916722e-15	4.262100e+04	3.880100e+04
15	763.892158	3.079767e-09	9.103000e-01	1.446550e-14	3.154300e+04	1.875900e+04
15	927.853607	1.120026e-11	8.275000e-01	2.990554e-13	2.666000e+03	5.482500e+04
15	436.645507	2.887497e-09	9.866131e-01	3.269973e-17	7.393000e+03	3.201500e+04
15	1925.878869	9.599998e-16	9.057000e-01	9.369853e-21	1.968500e+04	5.190200e+04
15	290.998194	1.341205e-08	9.536905e-01	1.000000e-08	6.480312e+02	4.467701e+04
15	1808.501525	8.500000e-16	9.356000e-01	6.585470e-21	2.505300e+04	5.139900e+04
15	1385.700326	2.228520e-11	8.758000e-01	1.730449e-25	1.998000e+03	8.231000e+03
15	238.458600	9.477903e-06	7.996249e-01	7.412549e-10	5.225792e+04	7.708003e+03
15	1434.574413	6.126256e-14	8.252000e-01	7.505176e-34	1.521700e+04	4.427800e+04
15	1557.461218	3.935037e-16	8.597000e-01	2.341139e-34	2.786200e+04	4.573700e+04
15	276.730856	7.556975e-09	9.536416e-01	7.556975e-09	2.049996e+03	5.301690e+04
15	692.739889	4.403855e-09	8.712000e-01	1.953977e-11	3.167200e+04	2.114000e+03
15	256.090458	6.040131e-09	9.908000e-01	7.881196e-13	6.569000e+03	8.158000e+03
15	1556.985644	4.039545e-16	8.505000e-01	3.190673e-35	2.760700e+04	4.434400e+04
15	124267.450188	9.100000e-16	8.390000e-01	8.315761e-38	3.398500e+04	5.916200e+04
15	2316.330509	1.000000e-05	7.883949e-01	3.932253e-13	5.682900e+04	5.123300e+04
15	790.608039	8.758499e-11	9.379000e-01	1.105581e-12	3.955300e+04	7.997000e+03
15	-1.000000	-1.000000e+00	-1.000000e+00	-1.000000e+00	-1.000000e+00	-1.000000e+00
15	390.460745	1.225879e-08	9.885032e-01	6.838987e-16	4.290000e+03	2.493200e+04
15	226.414913	1.000000e-05	7.984217e-01	2.950020e-11	4.272495e+04	1.555205e+04
15	1397.478934	1.235047e-12	8.413000e-01	9.397232e-30	8.287000e+03	2.434900e+04
15	226.492771	1.000000e-05	7.991125e-01	1.438417e-10	3.339290e+04	1.169905e+04
15	912.101653	5.380239e-11	9.609000e-01	1.048663e-15	3.954100e+04	2.436000e+04
15	1532.886008	8.600535e-16	8.804000e-01	4.634936e-34	2.650200e+04	3.947200e+04
15	2355.589504	9.999946e-06	9.701029e-01	6.732115e-13	5.739100e+04	5.543200e+04
15	278.351102	7.556981e-16	9.839000e-01	2.998303e-16	4.274200e+04	2.657500e+04
15	66864.482488	1.826830e-07	9.264003e-01	1.438351e-15	4.551300e+04	3.948400e+04
15	190.585651	6.201417e-14	9.678000e-01	5.350862e-18	3.093700e+04	3.477700e+04
15	1388.404343	5.110265e-12	8.298000e-01	5.686441e-30	4.643000e+03	2.426800e+04
15	770.447527	4.105564e-10	9.540000e-01	6.860744e-14	3.483100e+04	1.449300e+04
15	1453.390563	1.882190e-14	8.551000e-01	1.882190e-14	1.814700e+04	1.484700e+04
15	1390.112637	4.395215e-12	8.666000e-01	1.271698e-27	5.729000e+03	1.357600e+04
15	2135.591268	2.661801e-09	7.837901e-01	2.661801e-09	3.446900e+04	3.856400e+04
15	291.667600	1.679747e-10	7.949316e-01	2.040016e-13	4.839014e+04	2.758206e+04
15	1393.561310	2.764069e-12	8.873000e-01	1.945157e-24	7.345000e+03	5.932000e+03
15	974.182243	3.769880e-13	7.999000e-01	4.328952e-14	1.042000e+04	5.818200e+04
15	1385.572758	3.951602e-11	8.873000e-01	3.854683e-24	8.890000e+02	4.894000e+03
15	319.170335	1.071349e-08	9.556364e-01	1.000000e-08	1.078005e+03	3.598101e+04
15	357.939631	7.036505e-14	7.976000e-01	7.036505e-14	1.161000e+03	3.018400e+04
15	1511.783100	1.992698e-15	8.505000e-01	3.706908e-31	2.383600e+04	2.963600e+04
15	688.991322	6.426142e-09	9.517000e-01	8.124182e-14	2.802000e+04	1.410900e+04
15	-1.000000	-1.000000e+00	-1.000000e+00	-1.000000e+00	-1.000000e+00	-1.000000e+00
15	266.704199	3.678614e-06	7.999182e-01	4.664115e-09	5.851798e+04	3.226499e+03
15	225.894242	9.985817e-06	7.985029e-01	3.480724e-11	5.791802e+04	1.514997e+04
15	892.774914	3.041471e-09	9.057000e-01	1.189402e-16	3.170400e+04	3.017800e+04
15	117564.788439	2.405432e-16	7.907000e-01	5.545989e-36	4.375400e+04	5.918600e+04
15	2247.328337	9.190290e-12	9.724014e-01	9.190290e-12	4.334300e+04	5.427400e+04
15	1385.623745	1.148930e-12	9.770000e-01	3.480309e-33	1.568900e+04	3.554500e+04
15	822.048917	1.560726e-10	9.241000e-01	4.214167e-14	3.862900e+04	1.601800e+04
15	910.398645	3.321615e-12	8.988000e-01	1.719735e-12	7.182000e+03	5.219900e+04
15	2307.153503	5.631392e-12	7.746000e-01	5.631392e-12	5.026200e+04	5.109100e+04
15	1423.522316	1.534105e-13	9.885000e-01	2.026777e-20	5.123400e+04	4.924400e+04
15	1433.569289	6.563608e-14	8.298000e-01	6.563608e-14	1.512700e+04	1.997000e+03
15	1429.702444	6.289805e-14	7.792000e-01	6.289805e-14	1.438700e+04	1.224200e+04
15	1398.984001	2.249158e-12	9.402000e-01	2.103534e-20	4.872400e+04	4.967300e+04
15	2099.472535	8.988626e-09	7.700000e-01	7.582376e-09	3.155515e+04	3.651991e+04
15	1485.383820	5.712559e-15	8.827000e-01	2.242433e-37	2.206300e+04	5.638100e+04
15	981.592372	4.923478e-13	7.769000e-01	5.762614e-15	9.440000e+03	5.966100e+04
15	-1.000000	-1.000000e+00	-1.000000e+00	-1.000000e+00	-1.000000e+00	-1.000000e+00
15	825.057812	4.685084e-11	9.149000e-01	4.594124e-13	4.200400e+04	1.041800e+04
15	251.193123	3.044067e-09	9.655000e-01	3.063138e-12	4.986000e+03	3.249000e+03
15	1433.118483	5.619262e-14	8.275001e-01	5.619262e-14	1.525400e+04	1.142400e+04
15	1973.334015	4.636734e-07	7.700000e-01	8.715809e-09	2.164589e+04	2.931093e+04
15	234.319058	4.128444e-10	9.543989e-01	4.128444e-10	9.128881e+03	5.122178e+04
15	284.038204	5.304530e-09	9.544677e-01	5.304530e-09	2.871997e+03	3.962289e+04
15	1866.160993	2.199967e-16	8.390000e-01	1.181796e-20	1.987100e+04	5.348300e+04
15	994.414935	9.292923e-14	8.068000e-01	9.292923e-14	8.891000e+03	2.954500e+04
15	399.068509	4.036811e-11	9.448000e-01	3.324828e-30	1.479900e+04	1.539100e+04
15	272.260539	5.663418e-09	9.537430e-01	5.663418e-09	2.749005e+03	4.495401e+04
15	738.707435	9.650127e-10	9.839000e-01	1.558697e-14	2.994000e+04	1.773600e+04
15	2131.881854	2.992411e-09	7.883991e-01	2.992411e-09	3.413100e+04	3.770800e+04
15	842.212659	8.204756e-15	7.792000e-01	8.204756e-15	1.918200e+04	3.500500e+04
15	268.974105	1.000000e-05	7.999264e-01	5.229528e-09	4.609981e+04	2.947584e+03
15	201.226454	1.019512e-13	7.769000e-01	7.828044e-14	1.299200e+04	3.281100e+04
15	1482.841991	6.148908e-15	8.390000e-01	2.699499e-31	2.094200e+04	3.098400e+04
15	1522.703275	1.260300e-15	8.804000e-01	6.078165e-36	2.559600e+04	5.127200e+04
15	1399.083930	8.496714e-13	8.091000e-01	2.399285e-29	8.635000e+03	2.006100e+04
15	86619.914014	1.450512e-08	9.816000e-01	1.725447e-13	5.414200e+04	2.798600e+04
15	1385.439218	5.440910e-11	9.034000e-01	6.015272e-14	3.720000e+02	9.106000e+03
15	1404.994835	7.486033e-13	9.034000e-01	1.894422e-33	1.095500e+04	3.519400e+04
15	1478.513412	7.711652e-15	8.551000e-01	7.711652e-15	2.071700e+04	1.157000e+03
15	1452.125444	2.816068e-14	8.804000e-01	1.925318e-28	1.819900e+04	1.805800e+04
15	749.135732	3.926357e-10	9.172000e-01	7.232348e-12	3.653700e+04	3.719000e+03
15	238.062453	1.000000e-05	7.996162e-01	7.151146e-10	5.423247e+04	7.795438e+03
15	1514.087472	1.815207e-15	8.458988e-01	2.671594e-36	2.396600e+04	5.558500e+04
15	226.043772	1.000000e-05	7.990687e-01	1.273790e-10	3.712200e+04	1.199500e+04
15	1409.842851	3.973909e-13	8.574000e-01	6.785192e-31	1.133500e+04	2.270500e+04
15	622.449749	3.522097e-08	9.264000e-01	1.066415e-12	2.487300e+04	8.220000e+03
15	46531.689330	2.208572e-08	9.241000e-01	1.952620e-13	5.598200e+04	2.768900e+04
15	229.299925	7.526065e-06	7.993230e-01	2.580609e-10	5.979301e+04	1.027699e+04
15	226.521458	1.000000e-05	7.984068e-01	2.862642e-11	4.494994e+04	1.562512e+04
15	257.241484	2.606909e-13	9.586000e-01	8.377251e-17	2.718100e+04	2.645200e+04
15	225.976264	1.000000e-05	7.984889e-01	3.381838e-11	4.841898e+04	1.522002e+04
15	1402.582048	8.378142e-13	8.712000e-01	2.799500e-36	9.837000e+03	5.414600e+04
15	796.295237	6.220336e-11	9.655000e-01	2.509647e-13	3.885400e+04	1.126600e+04
15	813.812690	4.075288e-11	9.057000e-01	3.279251e-11	4.265000e+04	2.170000e+02
15	2115.491592	2.288671e-09	9.126000e-01	2.288671e-09	3.232700e+04	4.065100e+04
15	225.982125	8.377001e-10	9.678000e-01	2.613611e-12	8.281000e+03	3.954000e+03
15	1953.921137	8.410185e-07	7.700000e-01	8.806410e-09	2.015703e+04	4.207700e+04
15	231.983693	1.997476e-06	7.994417e-01	3.762802e-10	5.792302e+04	9.358941e+03
15	767.572790	2.340743e-11	9.648635e-01	2.340743e-11	1.611799e+04	4.633904e+04
15	1502.189416	2.577937e-15	8.942000e-01	1.469078e-29	2.427300e+04	2.295100e+04
15	864.520306	7.963883e-12	8.367000e-01	5.473907e-12	3.655000e+03	4.774700e+04
15	84820.699918	3.320757e-08	9.356001e-01	2.488782e-16	5.144800e+04	4.367400e+04
15	1386.378024	9.598310e-12	8.137000e-01	5.661322e-27	2.840000e+03	1.349000e+04
15	2040.255114	1.129146e-08	9.477649e-01	1.000000e-08	2.674005e+04	4.319900e+04
15	1446.167756	3.531553e-14	9.080000e-01	1.816903e-34	1.844900e+04	4.190800e+04
15	225.830377	1.000000e-05	7.985167e-01	3.591013e-11	3.559296e+04	1.507403e+04
15	1780.466041	1.328833e-16	8.827000e-01	8.591472e-22	2.973900e+04	5.628900e+04
15	251.912756	1.000000e-05	7.968161e-01	1.876252e-12	4.069094e+04	2.224072e+04
15	75699.617824	3.825828e-06	9.954059e-01	2.802049e-11	2.567400e+04	1.569800e+04
15	1245.553508	8.489939e-09	8.091000e-01	3.683673e-14	5.818400e+04	3.172300e+04
15	1305.655134	8.260448e-12	9.195000e-01	1.135015e-19	4.622800e+04	4.610700e+04
15	1411.926592	3.935382e-13	9.011000e-01	7.157818e-35	1.243500e+04	4.608300e+04
15	1946.672116	8.640764e-06	7.719535e-01	9.816061e-09	4.942559e+04	1.997442e+04
15	1693.400853	1.786906e-16	9.517000e-01	7.564536e-18	1.245100e+04	3.603600e+04
15	1526.563441	9.871287e-16	8.919000e-01	6.508689e-30	2.648900e+04	2.358800e+04
15	-1.000000	-1.000000e+00	-1.000000e+00	-1.000000e+00	-1.000000e+00	-1.000000e+00
15	53043.353357	3.541797e-08	9.310001e-01	9.923209e-14	5.278100e+04	2.931900e+04
15	1154.210368	2.230609e-14	9.954000e-01	2.230609e-14	5.603300e+04	1.658800e+04
15	1417.974319	1.562798e-13	8.022000e-01	1.562798e-13	1.259500e+04	1.354000e+03
15	2289.929338	6.922592e-06	8.988074e-01	6.947919e-12	5.768500e+04	4.853700e+04
15	51218.468803	2.737778e-07	9.241002e-01	4.354866e-14	4.639900e+04	3.130100e+04
15	272.433387	7.617724e-06	7.999362e-01	6.192263e-09	5.818089e+04	2.535665e+03
15	1693.382266	1.066446e-16	8.459000e-01	5.828307e-21	2.987900e+04	5.167100e+04
15	1382.089723	8.280382e-12	9.632000e-01	9.963654e-31	8.710000e+03	2.871600e+04
15	1476.840625	1.000000e-05	7.746128e-01	8.379160e-12	3.895000e+04	2.275300e+04
15	235.668873	1.000000e-05	7.976520e-01	7.148747e-12	4.287706e+04	1.899516e+04
15	208360.574154	2.376137e-17	7.815000e-01	1.626363e-17	4.868800e+04	5.331600e+04
15	1238.555289	7.330284e-15	9.954000e-01	6.187703e-18	5.662500e+04	3.605400e+04
15	925.882476	5.232675e-11	9.149000e-01	7.162062e-13	1.004000e+03	5.469900e+04
15	227.767424	1.000000e-05	7.982584e-01	2.137431e-11	4.610493e+04	1.633505e+04
15	689.544548	1.292462e-09	7.792000e-01	4.610910e-12	3.660000e+04	1.666300e+04
15	248.513973	1.337117e-09	9.540525e-01	1.337117e-09	6.263983e+03	4.717598e+04
15	1493.935091	3.020168e-15	9.080000e-01	3.020168e-15	2.433500e+04	2.455000e+03
15	1395.371129	1.789572e-12	9.402000e-01	2.814885e-33	1.037400e+04	3.935100e+04
15	1422.992764	1.648263e-13	8.896000e-01	2.529831e-35	1.420200e+04	5.001700e+04
15	226.022414	1.000000e-05	7.985004e-01	3.560096e-11	2.994697e+04	1.509397e+04
15	315.840180	5.517944e-11	7.937645e-01	6.209659e-14	4.947075e+04	3.042660e+04
15	1386.914997	1.180472e-11	8.919000e-01	2.628808e-27	3.949000e+03	6.197000e+03
15	1390.553825	4.342592e-12	8.781000e-01	5.959029e-27	6.022000e+03	1.054700e+04
15	45947.243888	3.230428e-08	9.149001e-01	3.368416e-14	5.314800e+04	3.191900e+04
15	258.522877	1.000000e-05	7.998756e-01	3.001880e-09	4.423407e+04	4.300508e+03
15	810.610552	2.436033e-11	9.471000e-01	1.099274e-11	4.237400e+04	2.326000e+03
15	225.821674	1.000000e-05	7.985158e-01	3.574990e-11	4.882899e+04	1.508501e+04
15	70438.012908	8.730624e-09	9.264001e-01	7.012089e-16	5.505800e+04	4.120200e+04
15	1396.051620	1.510864e-13	7.884000e-01	1.510864e-13	8.104000e+03	1.863800e+04
15	1386.711232	9.265454e-12	9.471000e-01	5.364964e-28	6.824000e+03	1.503800e+04
15	701.321214	1.431463e-09	9.402000e-01	2.094484e-11	3.238000e+04	8.320000e+02
15	1430.811298	9.555512e-14	8.781000e-01	4.403711e-36	1.521800e+04	5.588200e+04
15	2202.017761	2.867116e-10	7.861000e-01	2.867116e-10	4.019800e+04	4.123100e+04
15	200.990751	3.675770e-11	9.862000e-01	1.364297e-13	1.782800e+04	1.227500e+04
15	1529.503466	1.039395e-15	8.505000e-01	3.958660e-35	2.537600e+04	4.770600e+04
15	231.233878	6.343045e-12	9.563000e-01	5.581012e-14	1.938400e+04	9.131000e+03
15	1384.284839	7.215709e-12	9.586000e-01	4.618808e-30	8.470000e+03	2.519900e+04
15	1482.706187	5.593793e-15	8.114000e-01	2.048134e-35	2.069100e+04	5.384600e+04
15	1385.849912	1.933401e-11	8.850000e-01	1.161627e-29	2.569000e+03	2.583400e+04
15	1447.550566	3.255842e-14	9.080000e-01	1.004477e-30	1.864400e+04	2.297500e+04
15	2344.976887	1.022065e-12	9.701000e-01	1.022065e-12	5.201100e+04	5.523400e+04
15	1423.374774	1.347091e-13	8.436000e-01	1.272117e-34	1.366100e+04	4.732900e+04
15	904.588535	3.804838e-12	9.056999e-01	1.527188e-13	4.868300e+04	1.320600e+04
15	1595.938418	2.806902e-16	8.045000e-01	2.806902e-16	4.569000e+03	4.342500e+04
15	684.768666	8.990253e-09	9.218000e-01	1.790035e-13	2.846900e+04	1.257900e+04
15	136549.452875	1.042206e-08	9.816000e-01	1.738708e-16	5.410700e+04	4.452700e+04
15	1140.645849	8.819624e-13	9.034000e-01	8.819624e-13	1.112100e+04	5.292700e+04
15	2234.517466	8.217933e-06	8.621018e-01	4.187758e-11	5.393600e+04	4.321400e+04
15	1896.221198	1.199843e-16	9.517000e-01	5.140603e-20	1.338500e+04	4.752500e+04
15	897.837421	2.560543e-11	9.540000e-01	4.897630e-15	4.186100e+04	2.078700e+04
15	649.479295	9.896352e-08	8.275001e-01	1.009983e-13	2.469900e+04	1.619800e+04
15	419.060728	1.337619e-14	7.769000e-01	1.337619e-14	1.823800e+04	3.596600e+04
15	2189.318898	1.922355e-07	8.643002e-01	1.000000e-08	5.343900e+04	2.855400e+04
15	1393.926284	2.116582e-12	8.528000e-01	1.446570e-29	7.208000e+03	2.277900e+04
15	1417.854894	2.400976e-13	8.896000e-01	1.161242e-34	1.329800e+04	4.443000e+04
15	561.230617	2.802370e-14	7.792000e-01	2.802370e-14	1.639700e+04	3.305800e+04
15	769.369520	1.719886e-10	9.264000e-01	5.028535e-12	3.830500e+04	4.476000e+03
15	1075.645119	9.949434e-13	9.862000e-01	5.626625e-17	4.696200e+04	3.099200e+04
15	1424.541854	1.370460e-13	8.643000e-01	8.938040e-33	1.403800e+04	3.483800e+04
15	1996.549197	3.300023e-16	8.942000e-01	1.469524e-21	2.171000e+04	5.634100e+04
15	225.216285	1.000000e-05	7.989188e-01	8.755683e-11	4.372800e+04	1.290699e+04
15	1454.708719	1.844386e-14	9.103000e-01	1.844386e-14	1.988000e+04	1.183700e+04
15	179.382133	1.044688e-11	9.885000e-01	9.336707e-13	2.126800e+04	7.694000e+03
15	17873.572625	2.980367e-07	8.804005e-01	1.000000e-08	4.623200e+04	7.750000e+02
15	1388.459510	3.426795e-12	7.723000e-01	3.426795e-12	4.537000e+03	9.289000e+03
15	294.675807	7.003092e-08	7.976004e-01	3.589717e-13	4.913200e+04	2.624400e+04
15	1503.270863	2.429788e-15	8.068000e-01	2.119927e-36	2.259400e+04	5.543600e+04
15	235.915851	4.733525e-06	7.995643e-01	5.826312e-10	5.996087e+04	8.294392e+03
15	231.984134	1.000000e-05	7.978979e-01	1.097205e-11	3.861071e+04	1.795490e+04
15	851.935290	2.342403e-11	8.758000e-01	2.342403e-11	1.996000e+03	4.475800e+04
15	1523.072865	1.152805e-15	8.022000e-01	1.152805e-15	2.428300e+04	1.042700e+04
15	1394.939248	2.337969e-12	9.310000e-01	4.389851e-30	9.242000e+03	2.380200e+04
15	2100.479284	8.701733e-09	7.700000e-01	7.423742e-09	3.163700e+04	3.515000e+04
15	767.540049	2.923670e-10	9.356000e-01	4.112451e-13	3.659400e+04	1.040700e+04
15	1403.863876	8.432536e-13	9.102996e-01	3.886327e-35	1.089000e+04	4.489000e+04
15	1470.218282	1.144535e-14	8.781000e-01	1.144535e-14	2.029100e+04	1.370000e+02
15	923.346721	3.123411e-12	8.850000e-01	8.752959e-13	6.957000e+03	5.367600e+04
15	237.328244	4.321968e-06	7.975521e-01	6.038224e-12	5.742800e+04	1.940500e+04
15	2281.764448	9.000832e-06	8.091087e-01	3.216755e-12	5.462600e+04	4.772900e+04
15	948.918052	4.761063e-13	8.160000e-01	2.002508e-13	1.011200e+04	5.531100e+04
15	776.993608	1.447991e-10	9.149000e-01	9.384037e-12	3.914200e+04	3.121000e+03
15	267.479843	1.000000e-05	7.999210e-01	4.850884e-09	4.146313e+04	3.130783e+03
15	1746.181167	5.928444e-17	8.413000e-01	1.882222e-20	3.057300e+04	5.014400e+04
15	1497.108894	1.867649e-15	9.195000e-01	8.406747e-33	2.592400e+04	3.540700e+04
15	227.174650	5.929946e-10	9.931000e-01	2.482917e-13	1.286400e+04	1.095900e+04
15	2347.352222	1.729796e-09	9.034000e-01	6.867848e-13	5.486600e+04	5.452600e+04
15	1308.696866	2.088678e-13	9.770000e-01	4.406432e-19	5.226100e+04	4.231300e+04
15	1644.952493	1.418013e-16	9.126000e-01	1.773643e-22	3.144700e+04	5.721400e+04
15	320.125816	3.539131e-10	7.934722e-01	4.949936e-14	4.447732e+04	3.096010e+04
15	279.797295	1.153212e-09	9.558022e-01	1.153212e-09	6.537986e+03	4.121393e+04
15	631.085536	3.262092e-10	7.838000e-01	3.262092e-10	4.092100e+04	7.836000e+03
15	447.412814	1.529255e-13	9.517000e-01	1.162328e-30	2.830000e+04	2.435600e+04
15	3980.206452	7.294492e-07	8.229009e-01	1.249893e-14	4.140000e+04	3.431400e+04
15	1930.357250	1.733039e-06	7.700000e-01	9.528365e-09	1.835201e+04	3.307400e+04
15	42736.042794	1.009794e-08	8.919001e-01	6.374429e-16	5.512800e+04	4.143200e+04
15	795.714648	1.895674e-09	8.666000e-01	1.268361e-14	3.389500e+04	1.989400e+04
15	458.230832	6.909604e-11	9.839000e-01	7.742260e-19	1.585400e+04	4.059700e+04
15	282.890911	2.034802e-14	7.930000e-01	2.034802e-14	1.427100e+04	3.346300e+04
15	1908.499885	3.396209e-06	7.700000e-01	9.828493e-09	1.667530e+04	3.793597e+04
15	910.604194	7.475777e-12	8.482000e-01	8.978210e-13	4.028000e+03	5.273500e+04
15	129931.712910	2.112124e-08	9.701000e-01	8.573043e-17	5.310800e+04	4.621000e+04
15	9279.222017	9.200000e-16	9.402000e-01	1.209233e-37	3.806700e+04	5.484900e+04
15	52134.848914	4.384123e-09	9.011000e-01	3.434286e-16	5.885500e+04	4.290800e+04
15	1430.083167	6.411335e-14	7.884000e-01	6.411335e-14	1.449300e+04	9.488000e+03
15	960.238513	1.595118e-10	9.632000e-01	7.592019e-17	3.662000e+04	3.050300e+04
15	1403.213364	6.922593e-13	9.356000e-01	6.986833e-30	1.242100e+04	1.978000e+04
15	289.972992	5.100435e-09	7.949397e-01	2.200256e-13	3.975500e+04	2.739399e+04
15	1320.773030	5.689273e-14	9.977000e-01	5.689273e-14	5.490000e+04	1.447100e+04
15	712.678217	1.178339e-10	7.861660e-01	1.178339e-10	5.248400e+04	1.182800e+04
15	1480.830219	5.629604e-15	7.976000e-01	5.629604e-15	2.045300e+04	1.080000e+04
15	236.970255	6.232328e-06	7.975732e-01	6.256032e-12	5.113801e+04	1.931898e+04
15	256.976904	7.506528e-09	9.862000e-01	5.485099e-12	5.050000e+03	3.378000e+03
15	1403.427019	6.327341e-13	8.367000e-01	1.403250e-31	9.815000e+03	3.414900e+04
15	225.767496	9.430229e-06	7.990330e-01	1.160348e-10	5.642400e+04	1.222199e+04
15	845.359396	4.370229e-12	9.724000e-01	1.166929e-12	4.502000e+04	7.499000e+03
15	2029.192411	2.299998e-16	9.816000e-01	1.762113e-21	2.259900e+04	5.484600e+04
15	-1.000000	-1.000000e+00	-1.000000e+00	-1.000000e+00	-1.000000e+00	-1.000000e+00
15	31206.051243	6.728776e-08	8.942001e-01	8.062861e-14	5.108000e+04	2.982000e+04
15	332.340321	5.043883e-17	9.770000e-01	3.464286e-20	4.815200e+04	4.701300e+04
15	229.442165	9.362568e-11	9.553048e-01	9.362568e-11	1.273100e+04	5.208800e+04
15	247.844526	1.534778e-09	9.538805e-01	1.534778e-09	5.935014e+03	5.605303e+04
15	1651.092822	2.398281e-17	8.344000e-01	4.261861e-34	3.391800e+04	4.448000e+04
15	-1.000000	-1.000000e+00	-1.000000e+00	-1.000000e+00	-1.000000e+00	-1.000000e+00
15	1429.020393	5.169466e-15	7.838000e-01	5.169466e-15	1.668200e+04	2.773800e+04
15	1504.558878	2.644607e-15	8.689000e-01	6.642374e-35	2.355900e+04	4.786100e+04
15	1005.872116	5.981179e-10	9.057000e-01	1.639657e-17	3.580900e+04	3.481600e+04
15	1426.765353	1.043096e-13	8.367000e-01	5.848320e-30	1.414600e+04	2.578400e+04
15	162571.118938	2.625968e-16	7.976000e-01	1.223479e-18	4.379800e+04	5.192300e+04
15	257.458025	1.000000e-05	7.965751e-01	1.308457e-12	3.940872e+04	2.311454e+04
15	276.575248	3.125441e-09	9.546610e-01	3.125441e-09	4.154933e+03	4.052340e+04
15	1390.748019	4.737465e-12	8.988000e-01	1.936511e-31	6.357000e+03	2.261600e+04
15	1912.455730	3.006132e-06	7.700000e-01	9.094984e-09	1.697915e+04	4.726406e+04
15	1394.829099	2.207322e-12	8.804000e-01	1.898904e-26	7.715000e+03	8.482000e+03
15	1390.782280	3.017468e-12	8.275000e-01	1.404412e-26	5.879000e+03	9.735000e+03
15	2305.658917	7.704836e-07	7.907018e-01	6.791639e-13	5.924600e+04	5.013200e+04
15	2354.249916	6.892729e-06	8.804079e-01	4.336491e-13	5.640400e+04	5.528400e+04
15	744.997231	1.725356e-09	9.517000e-01	2.938542e-14	3.133200e+04	1.654200e+04
15	1787.295279	1.032646e-17	8.551000e-01	2.384011e-21	3.532000e+04	5.378300e+04
15	261.380943	1.000000e-05	7.963596e-01	1.037068e-12	2.605200e+04	2.367231e+04
15	797.965285	1.083551e-10	8.942000e-01	1.964166e-12	4.048700e+04	7.239000e+03
15	1438.839442	1.467315e-09	7.746000e-01	2.176601e-14	3.893900e+04	3.627400e+04
15	1440.068677	4.678644e-14	8.344000e-01	4.693816e-31	1.602300e+04	2.988000e+04
15	1599.069020	1.034123e-16	8.091000e-01	2.794012e-34	3.006300e+04	4.545600e+04
15	1011.786720	4.836790e-10	9.310000e-01	5.793499e-28	8.779000e+03	4.765000e+03
15	1407.740796	5.123290e-13	8.712000e-01	1.771936e-34	1.102200e+04	4.453300e+04
15	2362.694419	4.387117e-06	8.298022e-01	1.725537e-13	5.935600e+04	5.622500e+04
15	1468.699900	1.093138e-14	8.275000e-01	2.050321e-32	1.936800e+04	3.540300e+04
15	1443.025547	3.135512e-06	9.218070e-01	3.791538e-14	5.492800e+04	1.634000e+04
15	2248.259742	3.884627e-06	8.781482e-01	2.914197e-11	5.915900e+04	4.449800e+04
15	993.625951	1.308803e-13	8.758000e-01	1.300719e-13	1.437900e+04	5.836600e+04
15	2299.330227	2.150754e-12	9.493991e-01	2.150754e-12	4.862200e+04	5.796600e+04
15	1385.978789	1.333286e-11	8.160000e-01	8.296521e-26	2.079000e+03	1.013100e+04
15	1762.373550	4.019423e-16	9.080000e-01	1.277833e-18	4.316000e+03	4.074600e+04
15	1374.471387	7.304759e-11	9.747000e-01	1.943034e-29	5.228000e+03	1.722500e+04
15	225.204566	1.000000e-05	7.989154e-01	8.683789e-11	5.135712e+04	1.292705e+04
15	1577.411397	1.992540e-16	9.057000e-01	2.330198e-21	3.061600e+04	4.839000e+04
15	588.455933	6.473976e-09	9.954000e-01	5.204546e-13	2.196400e+04	9.227000e+03
15	1082.947668	7.496961e-12	9.126000e-01	4.782612e-17	4.672100e+04	3.221500e+04
15	258.977554	5.413105e-09	9.747000e-01	6.451368e-12	4.351000e+03	2.457000e+03
15	1487.144958	4.337835e-15	8.390000e-01	4.337835e-15	2.157100e+04	1.700700e+04
15	1387.839817	8.562697e-12	8.873000e-01	5.776822e-31	4.606000e+03	3.042400e+04
15	1771.773610	6.496850e-16	9.632000e-01	1.023648e-18	1.416200e+04	4.053500e+04
15	126716.204066	1.076878e-15	7.838000e-01	8.096986e-21	4.018200e+04	5.954000e+04
15	1489.335795	1.996632e-15	9.264000e-01	6.583790e-35	2.607100e+04	4.092600e+04
15	1388.563779	4.516952e-12	8.160000e-01	1.254941e-27	4.707000e+03	1.618200e+04
15	1833.270839	1.433524e-18	8.298000e-01	2.747977e-20	3.847700e+04	5.003500e+04
15	1624.368683	5.047843e-17	8.459000e-01	6.340217e-37	3.240100e+04	5.660500e+04
15	271.567189	1.000000e-05	7.999338e-01	5.937396e-09	4.004099e+04	2.638103e+03
15	1386.857768	8.830513e-12	9.471000e-01	2.190424e-28	6.941000e+03	1.824000e+04
15	1469.788251	1.086336e-14	8.390000e-01	2.370162e-33	1.958900e+04	3.768300e+04
15	1385.917087	1.777942e-11	7.999000e-01	6.916741e-13	9.500000e+02	6.407000e+03
15	2379.061748	2.249962e-13	9.103000e-01	2.249962e-13	5.697600e+04	5.985400e+04
15	823.422415	4.144419e-10	8.873000e-01	1.985498e-14	3.725700e+04	1.839200e+04
15	234.069613	1.000000e-05	7.976939e-01	1.061545e-11	2.345497e+04	1.801798e+04
15	2300.533602	4.351898e-06	8.114074e-01	1.627772e-12	5.571800e+04	4.960500e+04
15	280.614603	1.000000e-05	7.999428e-01	8.976230e-09	3.240598e+04	1.630016e+03
15	273.841944	2.729773e-09	9.977000e-01	2.661630e-14	1.190500e+04	1.631500e+04
15	260.473990	1.000000e-05	7.998879e-01	3.349429e-09	4.503407e+04	4.033520e+03
15	267.024968	8.222484e-14	9.609000e-01	1.481366e-15	3.001800e+04	1.998900e+04
15	879.015299	7.804229e-10	9.356000e-01	4.357841e-16	3.409700e+04	2.671000e+04
15	44480.467368	1.843336e-07	8.942003e-01	6.323435e-16	4.605200e+04	4.145100e+04
15	2378.008063	7.258347e-08	7.746000e-01	6.693809e-15	5.982100e+04	5.813600e+04
15	1001.950050	9.677366e-10	8.804000e-01	1.423975e-17	3.526500e+04	3.561900e+04
15	1469.525823	1.116560e-14	8.436000e-01	5.700682e-33	1.961000e+04	3.628100e+04
15	1506.019958	1.664157e-15	9.103000e-01	3.826185e-34	2.584100e+04	3.458300e+04
15	1443.778039	3.664764e-14	8.252000e-01	1.994459e-32	1.644500e+04	3.276300e+04
15	883.900854	9.060163e-12	7.815000e-01	9.060163e-12	2.773000e+03	4.149400e+04
15	1542.479990	6.539560e-16	8.620000e-01	1.319859e-29	2.671300e+04	2.558100e+04
15	1635.948213	6.196806e-17	9.379000e-01	6.129898e-23	3.453500e+04	5.953100e+04
15	2308.861897	4.670708e-12	8.044995e-01	4.670708e-12	5.031000e+04	5.538100e+04
15	801.472771	6.325821e-12	9.931000e-01	6.663036e-13	4.048500e+04	8.662000e+03
15	237.999521	1.000000e-05	7.995616e-01	6.675117e-10	2.769298e+04	7.959996e+03
15	766.328891	1.553252e-10	9.885000e-01	3.517336e-14	3.368800e+04	1.575700e+04
15	2015.420718	9.467053e-21	8.666000e-01	9.467053e-21	3.668300e+04	5.367500e+04
15	36927.605309	1.113321e-08	9.034000e-01	6.573862e-14	5.874800e+04	3.031100e+04
15	2177.658419	4.450554e-06	7.908181e-01	7.668666e-11	4.452700e+04	3.812100e+04
15	1379.397646	2.041663e-12	9.931000e-01	2.041663e-12	5.447500e+04	5.985000e+03
15	297.314092	4.152350e-10	7.946140e-01	1.526793e-13	4.547997e+04	2.827181e+04
15	844.736663	1.029199e-11	9.241000e-01	4.341061e-12	4.554700e+04	4.867000e+03
15	1145.922761	1.162635e-11	8.367000e-01	2.990802e-18	4.741600e+04	4.065600e+04
15	1389.682648	4.531153e-12	9.448000e-01	5.317054e-30	8.405000e+03	1.950800e+04
15	894.011366	2.408275e-12	8.321000e-01	1.792770e-12	6.472000e+03	5.042600e+04
15	1471.612782	1.011913e-14	8.482000e-01	1.011913e-14	1.992500e+04	7.103000e+03
15	1223.123769	4.279993e-12	9.563000e-01	9.298651e-19	4.625200e+04	4.080200e+04
15	1252.218036	8.299644e-14	8.413000e-01	4.309004e-18	5.996700e+04	3.960300e+04
15	1514.748162	1.778570e-15	8.620000e-01	1.778570e-15	2.434300e+04	8.165000e+03
15	877.203491	2.245771e-11	9.471000e-01	1.840134e-14	4.257100e+04	1.771600e+04
15	935.543703	5.365536e-12	9.862000e-01	1.372277e-15	4.268200e+04	2.348700e+04
15	13045.848911	1.130588e-06	8.551014e-01	6.244309e-14	3.934600e+04	3.043800e+04
15	1385.867865	1.656840e-11	8.275000e-01	1.593507e-26	1.746000e+03	1.114800e+04
15	719.850720	1.462508e-09	8.896000e-01	2.617101e-11	3.401500e+04	1.034000e+03
15	1476.444458	6.024341e-15	9.149000e-01	4.383051e-30	2.293500e+04	2.167000e+04
15	1400.025078	9.340886e-13	8.804000e-01	9.340886e-13	9.628000e+03	2.554000e+03
15	2254.847086	3.261686e-11	9.466537e-01	3.261686e-11	4.332300e+04	4.703000e+04
15	37850.806763	1.271955e-06	8.965020e-01	9.180268e-15	3.717700e+04	3.504300e+04
15	1385.927223	1.563407e-11	8.413000e-01	1.563407e-11	2.790000e+02	1.889000e+03
15	380.365973	1.262749e-07	7.977781e-01	1.000000e-08	5.609783e+04	8.570481e+02
15	854.560699	1.393116e-11	8.965000e-01	1.087646e-12	4.564100e+04	8.630000e+03
15	1675.097712	9.231027e-18	8.942000e-01	1.490779e-21	3.750600e+04	4.898500e+04
15	1478.857840	5.700305e-15	7.792000e-01	5.700305e-15	2.015900e+04	1.108000e+04
15	225.831969	1.000000e-05	7.990426e-01	1.188858e-10	5.025838e+04	1.216294e+04
15	226.427882	9.624706e-06	7.984198e-01	2.938149e-11	5.549673e+04	1.556185e+04
15	395.514810	2.146966e-10	7.901236e-01	1.397321e-15	4.380894e+04	3.946280e+04
15	185.163000	6.743300e-11	9.862000e-01	7.369926e-12	1.639400e+04	2.643000e+03
15	1130.678476	5.233816e-13	8.367000e-01	5.233816e-13	1.074600e+04	5.267600e+04
15	1386.065287	1.558440e-11	8.689000e-01	5.354872e-33	2.709000e+03	3.828000e+04
15	956.389626	3.384576e-12	8.390000e-01	1.098223e-13	5.777000e+03	5.782100e+04
15	253.803028	1.000000e-05	7.998111e-01	2.206150e-09	2.883700e+04	5.049000e+03
15	2144.781095	2.438260e-06	7.815707e-01	1.303340e-10	4.327100e+04	3.531900e+04
15	1425.005686	4.133721e-14	7.884000e-01	4.133721e-14	1.376600e+04	1.985400e+04
15	1228.101548	3.347983e-13	9.862000e-01	1.836332e-18	4.972900e+04	3.894000e+04
15	15212.181897	1.803019e-08	8.459000e-01	3.541748e-16	5.685500e+04	4.284200e+04
15	781.340841	8.294879e-09	7.903649e-01	8.294879e-09	5.515234e+04	3.560551e+02
15	20024.196190	9.300000e-16	9.103000e-01	8.736482e-37	3.322600e+04	5.215000e+04
15	128588.286386	3.753134e-09	9.770000e-01	2.346330e-16	5.965300e+04	4.381300e+04
15	256.238851	1.000000e-05	7.998400e-01	2.578245e-09	2.974359e+04	4.669830e+03
15	230.202838	1.000000e-05	7.980341e-01	1.444229e-11	2.941101e+04	1.728600e+04
15	1489.376735	3.851781e-15	8.229000e-01	3.851781e-15	2.159300e+04	1.757800e+04
15	1385.705976	2.202798e-11	9.103000e-01	2.748487e-25	2.986000e+03	4.813000e+03
15	945.449668	6.232111e-12	8.436000e-01	1.764562e-13	4.383000e+03	5.675800e+04
15	205.562860	6.557758e-13	7.746000e-01	1.722228e-14	8.589000e+03	3.730700e+04
15	1508.447266	7.599961e-16	9.264000e-01	7.599961e-16	2.838800e+04	1.964000e+03
15	279.965890	1.000000e-05	7.980159e-01	2.175871e-09	1.844899e+04	4.926980e+03
15	916.968733	1.549983e-09	7.837999e-01	1.549983e-09	4.422800e+04	4.551000e+03
15	2101.733791	8.356767e-09	7.700000e-01	6.459870e-09	3.173907e+04	4.018005e+04
15	2016.514726	6.385338e-07	7.835772e-01	9.202299e-09	5.985843e+04	2.498795e+04
15	723.982181	3.476696e-10	9.701000e-01	3.198252e-12	3.412400e+04	5.076000e+03
15	917.496459	4.408864e-12	9.770000e-01	6.257063e-15	4.451100e+04	1.997800e+04
15	2262.180862	2.658478e-11	8.712004e-01	2.658478e-11	4.513400e+04	4.854600e+04
15	2185.785747	2.624678e-10	8.689007e-01	2.624678e-10	3.877700e+04	5.252300e+04
15	1519.723940	1.085057e-15	9.034000e-01	1.980612e-31	2.662100e+04	3.009700e+04
15	974.224071	4.725253e-14	9.977000e-01	2.626161e-15	4.996200e+04	2.185700e+04
15	1712.957214	8.896105e-16	9.655000e-01	4.142620e-18	1.833100e+04	3.726100e+04
15	243.005143	7.104988e-11	9.517000e-01	4.530855e-30	1.342000e+04	1.914300e+04
15	1477.935504	6.839680e-15	8.436000e-01	6.839680e-15	2.067600e+04	1.416700e+04
15	1399.868518	1.205954e-12	8.850000e-01	7.121197e-33	9.290000e+03	3.622700e+04
15	1917.375371	3.699997e-16	9.954000e-01	2.993076e-20	2.105400e+04	4.831900e+04
15	186.627532	7.813410e-13	7.769000e-01	5.571624e-14	8.089000e+03	3.361700e+04
15	273.327346	4.637789e-09	9.539398e-01	4.292364e-09	3.222999e+03	4.211000e+04
15	304.315729	9.267132e-10	7.942236e-01	1.069389e-13	4.286643e+04	2.911885e+04
15	1385.561815	2.956072e-11	8.827000e-01	2.520696e-19	1.476000e+03	2.872500e+04
15	321.998034	1.154114e-07	7.999007e-01	6.241816e-13	4.748500e+04	2.490300e+04
15	1386.097547	1.207414e-11	8.206000e-01	1.269679e-32	2.397000e+03	3.622800e+04
15	1488.536957	4.943250e-15	8.459000e-01	1.316257e-30	2.159100e+04	2.787400e+04
15	230.931160	1.000000e-05	7.993999e-01	3.280206e-10	5.390310e+04	9.693084e+03
15	1526.526456	2.474888e-13	8.137000e-01	2.474888e-13	3.209000e+03	2.713800e+04
15	1566.433977	2.760300e-16	8.735000e-01	1.016899e-36	2.901700e+04	5.327300e+04
15	175.547268	1.059691e-11	9.724000e-01	1.855922e-12	1.914400e+04	5.173000e+03
15	225.231942	1.000000e-05	7.988988e-01	8.422726e-11	3.309601e+04	1.300096e+04
15	2213.266892	1.758291e-10	9.264482e-01	1.758291e-10	4.010600e+04	4.231100e+04
15	-1.000000	-1.000000e+00	-1.000000e+00	-1.000000e+00	-1.000000e+00	-1.000000e+00
15	1765.628238	7.599973e-16	9.586000e-01	4.922063e-19	2.386900e+04	4.199100e+04
15	1547.509123	5.551382e-16	8.482000e-01	9.211882e-21	2.681100e+04	2.375100e+04
15	1415.326202	2.155756e-13	8.321000e-01	2.155756e-13	1.230100e+04	2.572000e+03
15	384.738159	8.293901e-16	9.885000e-01	3.383036e-17	4.331100e+04	3.189100e+04
15	1476.854544	1.437636e-06	9.678039e-01	6.545212e-15	5.896400e+04	1.999300e+04
15	1513.819925	1.756415e-15	8.275000e-01	5.610095e-31	2.370500e+04	2.829100e+04
15	836.674361	4.164359e-10	9.563000e-01	2.446194e-15	3.465300e+04	2.240300e+04
15	1396.003230	1.145335e-12	9.471000e-01	2.000611e-31	1.190900e+04	2.944000e+04
15	260.900660	3.515176e-06	7.998904e-01	3.429411e-09	5.868001e+04	3.976009e+03
15	1388.603137	6.415659e-12	8.735000e-01	3.541739e-33	4.968000e+03	4.130800e+04
15	2047.142966	1.104893e-08	9.374952e-01	1.000000e-08	2.727506e+04	4.281300e+04
15	329.363963	8.924690e-12	9.954000e-01	4.639232e-16	2.384400e+04	2.590400e+04
15	1393.395589	1.646068e-12	7.976000e-01	1.314486e-25	6.859000e+03	8.665000e+03
15	242.510646	1.000000e-05	7.972670e-01	3.787410e-12	4.032998e+04	2.053694e+04
15	1635.883544	4.726989e-08	9.333000e-01	3.633210e-17	5.360300e+04	3.260300e+04
15	317.010303	2.726407e-11	9.885000e-01	3.188255e-16	1.895900e+04	2.671500e+04
15	963.897186	1.065264e-09	9.402000e-01	2.243269e-17	3.310400e+04	3.360100e+04
15	1413.395286	3.180720e-13	8.712000e-01	6.843433e-28	1.216900e+04	1.448800e+04
15	811.112287	8.656801e-12	7.769000e-01	4.848275e-12	2.493000e+03	4.246200e+04
15	1237.600960	5.478331e-12	9.678000e-01	4.465816e-19	4.481300e+04	4.236800e+04
15	236.299135	1.000000e-05	7.976131e-01	6.700991e-12	3.654275e+04	1.915212e+04
15	1467.439829	1.124031e-14	8.413000e-01	1.124031e-14	1.949500e+04	1.169100e+04
15	47102.092095	4.380186e-07	8.988007e-01	8.096364e-16	4.182800e+04	4.086000e+04
15	861.102758	5.333899e-12	7.838000e-01	1.397946e-12	3.771000e+03	4.737500e+04
15	243.182920	8.934402e-06	7.972325e-01	3.582944e-12	5.990043e+04	2.067161e+04
15	1057.007172	8.735230e-12	9.333000e-01	7.309861e-17	4.558700e+04	3.093600e+04
15	2268.803775	5.162999e-06	8.137058e-01	5.876692e-12	5.772100e+04	4.646200e+04
