53	668.481463	1.456749e-07	8.025003e-01	1.004419e-15	4.756400e+04	4.227500e+04
53	391.094955	5.737451e-09	8.350001e-01	5.737451e-09	3.009800e+04	4.445200e+04
53	340.609305	8.323232e-10	9.025000e-01	4.048695e-13	3.346700e+04	7.915000e+03
53	75.446611	1.000000e-05	7.743013e-01	3.011968e-13	4.058005e+04	2.925498e+04
53	110.294355	1.000000e-05	7.755365e-01	3.384061e-11	4.810440e+04	1.762363e+04
53	156.435195	1.000000e-05	7.752673e-01	2.264869e-09	4.641690e+04	7.272915e+03
53	412.573406	2.204563e-12	8.700000e-01	2.366159e-13	4.863000e+03	5.562200e+04
53	464.305514	2.520934e-12	8.074997e-01	2.520934e-12	5.083000e+04	5.183400e+04
53	457.943318	9.212488e-06	9.599902e-01	4.872162e-12	5.268900e+04	4.905500e+04
53	617.530795	5.394464e-11	9.650000e-01	2.251228e-29	7.430000e+02	1.570100e+04
53	160.702682	9.268529e-06	7.751871e-01	3.231438e-09	5.960824e+04	6.398950e+03
53	134.541015	1.000000e-05	7.755425e-01	3.403185e-10	3.137001e+04	1.193693e+04
53	617.105054	1.691414e-11	8.800000e-01	9.083468e-30	2.310000e+02	1.933500e+04
53	458.178245	1.399234e-12	9.350000e-01	1.399234e-12	4.869500e+04	5.991600e+04
53	213.618603	5.301675e-08	7.783765e-01	9.999999e-09	3.591113e+04	2.825879e+03
53	640.700713	4.393220e-16	9.075000e-01	7.460006e-21	2.585300e+04	2.672000e+04
53	80.582232	8.258517e-14	7.775000e-01	8.258517e-14	6.194000e+03	3.220600e+04
53	633.657327	4.046438e-15	8.600000e-01	3.880300e-33	1.959800e+04	3.770800e+04
53	161.751067	3.122762e-07	7.850020e-01	3.379407e-15	4.165000e+04	3.962000e+04
53	637.479069	1.402446e-15	9.050000e-01	5.379305e-33	2.310100e+04	3.735600e+04
53	103.521952	3.250818e-12	9.500000e-01	1.865071e-32	2.306800e+04	2.767900e+04
53	161.483563	1.000000e-05	7.751715e-01	3.447300e-09	4.652401e+04	6.239972e+03
53	90.490431	9.496321e-07	7.751432e-01	3.485346e-12	5.911003e+04	2.322497e+04
53	665.819182	6.000085e-16	8.925000e-01	1.155663e-20	7.823000e+03	4.787800e+04
53	631.068145	7.060924e-15	7.925000e-01	3.133733e-32	1.718000e+04	3.149300e+04
53	13151.955132	6.348517e-15	7.850000e-01	3.742397e-35	3.748600e+04	4.633100e+04
53	363.140811	2.606553e-11	9.400000e-01	4.695824e-12	4.092700e+04	1.616000e+03
53	98.192030	1.000000e-05	7.650226e-01	3.475026e-13	4.028200e+04	2.997300e+04
53	319.860139	1.346502e-11	9.975000e-01	6.222706e-12	3.386500e+04	4.310000e+02
53	622.397550	5.368701e-13	8.600000e-01	3.438950e-31	8.079000e+03	2.883100e+04
53	642.221434	2.869859e-16	9.225000e-01	8.005199e-33	2.730300e+04	3.894800e+04
53	628.897358	2.316439e-14	8.575000e-01	2.316439e-14	1.539800e+04	7.076000e+03
53	638.954836	5.036582e-16	8.450000e-01	4.925691e-35	2.415000e+04	4.990300e+04
53	432.382083	1.109874e-10	7.500000e-01	8.502989e-11	4.143105e+04	4.498089e+04
53	122.263447	8.918339e-16	9.950000e-01	5.361467e-21	4.863900e+04	2.254800e+04
53	663.393739	8.900003e-16	9.300000e-01	1.177584e-22	2.087600e+04	5.677400e+04
53	154.389969	3.332059e-10	9.475000e-01	3.090099e-29	1.162200e+04	8.411000e+03
53	87.389752	1.000000e-05	7.750289e-01	2.287846e-12	3.744452e+04	2.426202e+04
53	452.671668	1.000000e-05	9.025037e-01	7.094146e-12	4.897300e+04	4.743800e+04
53	122.747552	1.000000e-05	7.755906e-01	1.155453e-10	4.790502e+04	1.459797e+04
53	634.768040	2.810281e-15	8.675000e-01	7.444427e-37	2.059700e+04	5.831900e+04
53	86.229111	1.000000e-05	7.749807e-01	1.941105e-12	3.970696e+04	2.466694e+04
53	8014.827312	8.562241e-07	9.075013e-01	3.567727e-14	3.928400e+04	3.329800e+04
53	406.631775	4.446150e-11	8.650000e-01	1.636951e-19	4.183300e+04	4.237800e+04
53	387.096116	3.231315e-11	9.150000e-01	1.405259e-16	4.132900e+04	2.641100e+04
53	397.645462	4.840251e-09	7.500000e-01	4.214064e-09	3.184689e+04	3.901095e+04
53	623.151161	3.314765e-13	8.475000e-01	1.409778e-28	8.987000e+03	1.762400e+04
53	634.686846	2.064593e-15	8.200000e-01	7.997795e-34	2.046200e+04	4.130900e+04
53	642.457043	8.038449e-17	7.500000e-01	5.880152e-18	2.698700e+04	5.559900e+04
53	136.374128	5.357418e-06	7.755325e-01	4.028441e-10	5.880286e+04	1.152210e+04
53	408.301583	7.370455e-13	9.625000e-01	4.340062e-16	4.874600e+04	2.334800e+04
53	623.039920	1.905500e-13	7.500000e-01	5.233528e-14	8.833000e+03	5.008800e+04
53	645.260104	1.849375e-16	9.000000e-01	1.969486e-20	2.732000e+04	4.285100e+04
53	429.390696	1.763775e-12	9.375000e-01	3.603504e-20	4.788600e+04	4.482200e+04
53	65.811628	6.641850e-14	7.650000e-01	8.372400e-15	1.023300e+04	3.898700e+04
53	623.998382	6.269445e-13	9.475000e-01	1.603050e-29	1.033700e+04	2.097100e+04
53	563.303163	1.000000e-08	7.674988e-01	1.000000e-08	4.329800e+04	6.790000e+02
53	133.975171	1.000000e-05	7.755504e-01	3.251068e-10	4.821800e+04	1.205002e+04
53	346.745355	5.457900e-07	8.062970e-01	1.000000e-08	1.908200e+04	5.860300e+04
53	669.449337	5.300002e-16	9.750000e-01	9.677089e-22	1.728500e+04	5.248800e+04
53	258.615714	2.173161e-12	9.300000e-01	2.842800e-28	2.366700e+04	1.856000e+03
53	629.651630	3.337620e-14	9.175000e-01	1.091133e-29	1.607800e+04	2.166600e+04
53	9044.589665	8.891162e-09	9.050000e-01	2.217740e-15	5.972600e+04	4.007200e+04
53	104.491023	1.000000e-05	7.754677e-01	1.831873e-11	4.498902e+04	1.913604e+04
53	149.197873	1.227877e-09	9.581753e-01	1.227877e-09	8.778922e+03	5.821794e+04
53	627.054496	5.382632e-14	8.475002e-01	8.065126e-36	1.329300e+04	5.346700e+04
53	384.390960	6.494866e-06	8.075558e-01	5.399198e-09	5.120800e+04	2.839300e+04
53	630.235259	9.435969e-15	7.850000e-01	7.029253e-30	1.639500e+04	2.343400e+04
53	9083.307206	5.573894e-08	9.325002e-01	4.368862e-12	5.125700e+04	2.151800e+04
53	967.836938	5.500000e-16	9.675000e-01	1.070395e-37	3.288800e+04	5.824700e+04
53	624.821182	1.279458e-13	8.275000e-01	6.004677e-34	1.089600e+04	4.317800e+04
53	646.910336	2.306594e-17	8.125000e-01	1.103071e-33	3.068500e+04	4.433800e+04
53	637.980764	1.058017e-15	8.950000e-01	1.058017e-15	2.348600e+04	5.285000e+03
53	80.968891	1.000000e-05	7.747142e-01	8.603649e-13	5.097301e+04	2.667100e+04
53	142.355379	1.000000e-05	7.754724e-01	6.802741e-10	3.335802e+04	1.023203e+04
53	227.985514	2.004909e-12	9.325000e-01	2.898747e-33	2.389600e+04	2.584000e+04
53	617.869411	1.160720e-10	9.875000e-01	5.581049e-27	2.727000e+03	6.468000e+03
53	378.091549	1.323946e-12	7.575000e-01	1.058032e-12	4.247000e+03	4.505400e+04
53	110.902897	3.235065e-11	9.581072e-01	3.235065e-11	1.773299e+04	5.593799e+04
53	87.157343	1.000000e-05	7.750197e-01	2.215690e-12	4.700901e+04	2.434102e+04
53	98.571509	4.194655e-12	9.525000e-01	2.120342e-30	2.252500e+04	1.882800e+04
53	398.409443	4.014312e-12	9.475000e-01	2.818553e-16	4.532300e+04	2.447600e+04
53	618.135284	6.527494e-12	8.575061e-01	1.303608e-32	2.047000e+03	3.620400e+04
53	628.593665	2.459454e-14	8.300000e-01	3.124609e-26	1.483100e+04	1.490500e+04
53	659.710464	3.100000e-16	9.550000e-01	2.026282e-21	2.494000e+04	5.020500e+04
53	-1.000000	-1.000000e+00	-1.000000e+00	-1.000000e+00	-1.000000e+00	-1.000000e+00
53	626.591923	4.443185e-14	7.875000e-01	9.779373e-29	1.278500e+04	1.974900e+04
53	285.185877	9.490319e-08	7.596643e-01	9.888193e-09	2.462801e+04	1.040008e+03
53	618.381598	5.092461e-12	8.475000e-01	1.403889e-27	2.452000e+03	9.107000e+03
53	398.217255	1.000000e-05	8.050920e-01	1.246546e-09	4.292500e+04	3.200100e+04
53	8843.135029	1.047733e-08	9.200000e-01	1.236000e-13	5.918300e+04	3.025300e+04
53	481.643137	2.002833e-13	9.450000e-01	2.002833e-13	5.470200e+04	5.900700e+04
53	646.039049	5.836559e-17	8.975000e-01	1.888314e-34	3.020900e+04	4.741100e+04
53	155.458232	2.120184e-09	9.592084e-01	4.363763e-14	7.490050e+03	5.245986e+03
53	95.154331	7.586232e-12	9.700000e-01	7.879478e-14	2.213300e+04	9.443000e+03
53	168.518343	1.000000e-05	7.750195e-01	6.145744e-09	4.969122e+04	4.818915e+03
53	422.404303	5.319321e-13	9.750000e-01	1.377979e-18	4.850400e+04	3.636300e+04
53	391.268088	5.264379e-11	9.350000e-01	1.848966e-18	3.934800e+04	3.604500e+04
53	157.018136	1.509709e-06	7.752570e-01	2.378037e-09	5.886301e+04	7.152992e+03
53	646.594823	2.843137e-17	8.275000e-01	7.115246e-33	3.044300e+04	3.920300e+04
53	373.980204	5.398338e-08	7.500000e-01	9.977939e-09	2.574509e+04	3.063714e+04
53	180.542605	1.611172e-08	9.592080e-01	1.000000e-08	2.451004e+03	4.744822e+04
53	465.687713	9.735647e-06	9.874825e-01	2.074458e-12	5.672800e+04	5.147700e+04
53	667.249040	8.400000e-16	9.725000e-01	3.774178e-21	1.349400e+04	4.953500e+04
53	167.392213	5.161314e-14	7.875000e-01	5.161314e-14	5.091000e+03	3.295200e+04
53	639.761253	7.817879e-18	7.550000e-01	7.817879e-18	2.903000e+04	4.215300e+04
53	399.907815	3.818672e-09	7.649999e-01	3.818672e-09	3.243500e+04	3.260000e+04
53	618.620127	2.368594e-12	8.925000e-01	2.368594e-12	3.262000e+03	2.505000e+03
53	461.425038	1.632739e-12	8.975000e-01	1.632739e-12	4.962900e+04	5.801400e+04
53	11949.231460	3.292554e-08	9.500001e-01	1.000000e-08	5.313400e+04	1.967000e+03
53	4754.732463	2.120943e-08	8.825000e-01	2.438808e-12	5.781800e+04	2.298900e+04
53	2645.563828	1.728416e-07	8.550003e-01	2.353729e-10	4.847000e+04	1.182600e+04
53	626.322449	8.187294e-14	8.600000e-01	8.113764e-32	1.254100e+04	2.583100e+04
53	135.412636	2.268557e-16	9.525000e-01	1.144256e-29	4.630800e+04	8.089000e+03
53	146.251982	1.000000e-05	7.754264e-01	9.551610e-10	5.386402e+04	9.396970e+03
53	651.795683	1.139190e-16	9.100000e-01	1.679009e-21	2.825800e+04	5.020600e+04
53	639.411317	3.548741e-16	8.175000e-01	8.204057e-35	2.450000e+04	5.074400e+04
53	623.094983	2.163277e-13	8.525000e-01	2.163277e-13	9.534000e+03	6.552000e+03
53	23881.482418	2.347056e-08	9.650001e-01	1.000000e-08	5.160900e+04	1.044000e+03
53	630.297550	1.578394e-14	8.650000e-01	2.965965e-32	1.651600e+04	3.449900e+04
53	617.279230	2.163359e-10	9.925000e-01	5.853086e-30	3.485000e+03	1.899800e+04
53	68.751890	1.000000e-05	7.727919e-01	1.687727e-14	5.091205e+04	3.633992e+04
53	335.895625	6.273216e-09	9.300000e-01	1.814209e-29	4.090000e+03	2.741000e+03
53	1754.920408	1.032487e-08	8.025001e-01	1.000000e-08	3.400000e+04	1.006000e+03
53	639.640000	5.105335e-16	8.800000e-01	5.105335e-16	2.481400e+04	4.064000e+03
53	367.412452	2.519455e-06	7.681944e-01	9.708654e-09	5.721413e+04	2.412457e+04
53	325.911065	9.631829e-07	9.424561e-01	1.000000e-08	1.420600e+04	5.313000e+04
53	535.105661	5.751545e-10	9.150000e-01	9.707983e-28	9.836000e+03	3.081000e+03
53	670.909287	1.746918e-18	7.925000e-01	2.696838e-22	3.355200e+04	5.898300e+04
53	350.023539	1.713054e-11	9.975000e-01	2.962879e-18	3.324900e+04	3.445700e+04
53	372.380569	3.429060e-12	9.875000e-01	8.886897e-14	4.195100e+04	1.068300e+04
53	363.361936	1.535798e-07	7.500000e-01	8.990618e-09	2.310490e+04	3.230792e+04
53	163.280515	1.735833e-06	7.751347e-01	3.998947e-09	5.266321e+04	5.875055e+03
53	448.365979	1.027723e-11	9.300000e-01	1.027723e-11	4.461600e+04	4.988600e+04
53	346.314379	8.457844e-10	8.950000e-01	3.357102e-14	3.363400e+04	1.391600e+04
53	168.107341	2.017718e-09	9.605753e-01	2.017718e-09	7.531998e+03	3.934700e+04
53	172.968722	1.000000e-05	7.749127e-01	8.824838e-09	3.937501e+04	3.930005e+03
53	152.935057	1.000000e-05	7.753268e-01	1.685877e-09	3.518131e+04	7.998955e+03
53	621.309986	2.353676e-12	9.400000e-01	1.080291e-30	6.826000e+03	2.536100e+04
53	668.471537	9.500001e-16	9.650000e-01	1.797356e-21	1.457100e+04	5.121300e+04
53	346.700023	7.605646e-07	7.500000e-01	7.722629e-09	1.907115e+04	2.973415e+04
53	69.723486	8.263476e-14	7.550000e-01	2.256865e-14	1.069000e+04	3.930400e+04
53	153.579264	2.769790e-06	7.753169e-01	1.781927e-09	5.403657e+04	7.862759e+03
53	176.939785	1.171803e-08	9.590819e-01	1.000000e-08	3.229987e+03	4.369589e+04
53	628.749376	2.344217e-14	8.325000e-01	5.447703e-37	1.498600e+04	5.917000e+04
53	19664.122466	1.409925e-15	7.700000e-01	4.832962e-19	4.110700e+04	4.727700e+04
53	-1.000000	-1.000000e+00	-1.000000e+00	-1.000000e+00	-1.000000e+00	-1.000000e+00
53	639.962178	5.021844e-16	8.925000e-01	5.021844e-16	2.514500e+04	6.196000e+03
53	628.787402	1.897649e-14	8.025072e-01	3.900097e-36	1.500700e+04	5.446100e+04
53	83.793903	3.013597e-06	7.748682e-01	1.352725e-12	5.875518e+04	2.555653e+04
53	148.136064	1.000000e-05	7.754005e-01	1.122346e-09	3.879002e+04	9.000035e+03
53	618.090921	9.501996e-11	9.850000e-01	1.410110e-28	2.293000e+03	1.700100e+04
53	255.532732	8.385236e-07	7.633116e-01	1.000000e-08	1.947800e+04	1.708000e+03
53	154.248611	2.252104e-09	9.750000e-01	7.118180e-14	8.583000e+03	1.023200e+04
53	71.590941	1.000000e-05	7.725765e-01	9.456791e-14	3.342500e+04	3.220200e+04
53	628.345629	4.953803e-14	9.025000e-01	1.613486e-36	1.470600e+04	5.481800e+04
53	391.837636	8.845277e-09	7.500000e-01	7.655701e-09	3.031994e+04	4.019213e+04
53	69.084432	1.000000e-05	7.724178e-01	9.326746e-15	4.445974e+04	3.779586e+04
53	642.015905	1.123434e-16	7.825000e-01	3.878591e-36	2.663800e+04	5.484300e+04
53	391.370604	7.545411e-09	7.899954e-01	7.545411e-09	3.016000e+04	4.055100e+04
53	617.792421	1.412487e-11	9.100000e-01	1.743017e-28	1.448000e+03	1.514100e+04
53	651.458177	1.382761e-16	9.500000e-01	3.615127e-18	9.921000e+03	3.443800e+04
53	637.502887	7.602242e-16	8.275000e-01	6.675743e-32	2.290000e+04	3.390400e+04
53	635.295158	1.846119e-15	8.375000e-01	9.266978e-21	2.101100e+04	1.958200e+04
53	2772.968242	2.319774e-15	8.750000e-01	3.535090e-23	4.005100e+04	5.994000e+04
53	128.059359	1.000000e-05	7.752502e-01	1.354942e-10	2.062800e+04	1.416900e+04
53	637.428894	1.104820e-15	8.750000e-01	6.441498e-35	2.292100e+04	4.765000e+04
53	619.854863	1.015415e-11	9.675000e-01	2.024281e-25	4.981000e+03	4.560000e+03
53	528.214167	6.455544e-14	7.650000e-01	6.455544e-14	1.332400e+04	5.300600e+04
53	639.158902	9.434217e-16	9.300000e-01	1.830668e-26	2.483700e+04	5.873600e+04
53	376.114144	4.344276e-10	9.225000e-01	7.426839e-19	3.447000e+04	3.822000e+04
53	392.769242	1.774044e-12	7.825000e-01	7.995727e-13	3.887000e+03	4.944200e+04
53	5158.679587	3.255741e-07	8.700004e-01	3.131866e-15	4.498700e+04	3.926900e+04
53	68.915857	1.000000e-05	7.725358e-01	1.120281e-14	5.432399e+04	3.734600e+04
53	1261.168764	4.010133e-07	8.600009e-01	1.000000e-08	4.661300e+04	2.582100e+04
53	1255.722543	1.470274e-15	9.025000e-01	9.604942e-37	4.125500e+04	5.349800e+04
53	426.505543	3.736869e-06	8.250086e-01	7.808107e-11	5.796700e+04	3.975300e+04
53	619.939405	2.190268e-12	8.650000e-01	6.982858e-28	4.821000e+03	1.018500e+04
53	624.035095	1.628866e-13	8.075000e-01	3.623188e-28	1.000400e+04	1.526200e+04
53	148.047122	5.677053e-10	9.950000e-01	5.887091e-17	1.606300e+04	2.762200e+04
53	622.982014	3.177668e-13	8.300000e-01	7.330553e-34	8.778000e+03	4.114500e+04
53	219.495179	9.957528e-09	9.958551e-01	9.957528e-09	9.484986e+03	3.954799e+04
53	501.335058	1.395511e-09	9.175000e-01	1.704418e-29	7.675000e+03	9.734000e+03
53	623.502166	5.385652e-13	9.175000e-01	8.120684e-32	9.502000e+03	3.144000e+04
53	387.901163	1.402187e-08	7.874997e-01	1.000000e-08	2.910300e+04	3.021900e+04
53	619.783932	3.195725e-12	8.950000e-01	1.254079e-30	4.605000e+03	2.732100e+04
53	110.616632	2.190603e-12	9.475000e-01	6.014134e-30	2.396300e+04	1.470900e+04
53	640.148490	3.975146e-16	8.875000e-01	3.975146e-16	2.550800e+04	1.574100e+04
53	627.514592	3.016466e-14	7.900000e-01	4.376502e-30	1.373400e+04	2.554300e+04
53	620.731442	2.620826e-12	9.250000e-01	3.519332e-30	5.979000e+03	2.417200e+04
53	5180.174897	4.605597e-08	8.725006e-01	6.075812e-15	4.896700e+04	3.765200e+04
53	664.406273	5.098652e-18	8.600000e-01	2.588371e-20	3.082900e+04	4.690100e+04
53	252.613034	5.712368e-08	7.690700e-01	9.777072e-09	2.713996e+04	2.284989e+03
53	4484.275463	3.027643e-08	8.550000e-01	3.379770e-16	5.689600e+04	4.470200e+04
53	619.710577	2.809804e-12	8.775000e-01	3.219870e-28	4.493000e+03	1.588500e+04
53	9863.234644	8.917505e-08	8.500002e-01	1.000000e-08	4.392500e+04	4.190000e+02
53	401.401860	1.000000e-05	8.200087e-01	1.113849e-09	5.181900e+04	3.284700e+04
53	311.292112	1.497712e-08	9.450000e-01	2.995523e-14	2.458700e+04	1.360700e+04
53	8300.536267	2.836753e-08	9.250001e-01	6.204768e-12	5.487800e+04	2.066300e+04
53	134.103888	7.569012e-06	7.755495e-01	3.288874e-10	5.180556e+04	1.202155e+04
53	382.601939	1.761060e-08	8.600032e-01	1.000000e-08	2.713000e+04	3.328900e+04
53	359.014700	1.938404e-11	9.900000e-01	1.133293e-14	3.696500e+04	1.552100e+04
53	-1.000000	-1.000000e+00	-1.000000e+00	-1.000000e+00	-1.000000e+00	-1.000000e+00
53	666.527468	4.900001e-16	9.925000e-01	2.628738e-21	2.374500e+04	5.008400e+04
53	1276.925295	5.400000e-16	9.775000e-01	3.253311e-37	3.723500e+04	5.702100e+04
53	132.775537	1.000000e-05	7.755583e-01	2.918169e-10	4.412700e+04	1.231603e+04
53	124.585789	1.449390e-10	9.675000e-01	2.024680e-14	1.468900e+04	1.216900e+04
53	485.842012	8.763964e-06	9.974881e-01	1.629382e-13	5.483500e+04	5.806400e+04
53	342.321856	1.390868e-10	9.675000e-01	3.809472e-12	3.504100e+04	1.860000e+03
53	155.880632	1.000000e-05	7.752771e-01	2.161230e-09	3.767194e+04	7.388060e+03
53	384.923642	9.034874e-11	9.475000e-01	1.391064e-18	3.739900e+04	3.656600e+04
53	8521.765333	2.669388e-08	9.225001e-01	7.637407e-13	5.504900e+04	2.579600e+04
53	480.429465	5.629218e-13	9.175000e-01	5.558877e-30	2.685200e+04	1.025600e+04
53	132.218536	1.000000e-05	7.755616e-01	2.774885e-10	4.312200e+04	1.244001e+04
53	369.339088	8.548077e-08	7.500000e-01	9.467615e-09	2.458409e+04	3.015516e+04
53	69.732080	1.000000e-05	7.734301e-01	5.069180e-14	5.369700e+04	3.363801e+04
53	74.252201	1.313173e-15	9.750000e-01	1.254227e-16	4.342200e+04	2.488900e+04
53	420.038857	7.106745e-13	8.175000e-01	6.220072e-14	6.608000e+03	5.772800e+04
53	104.253577	1.000000e-05	7.754643e-01	1.785208e-11	5.588980e+04	1.919963e+04
53	5513.578779	1.190609e-07	8.750004e-01	4.514661e-15	4.761100e+04	3.837200e+04
53	462.786569	2.466852e-12	8.375000e-01	2.466852e-12	5.007800e+04	5.431900e+04
53	637.434799	2.279693e-07	9.250006e-01	6.497182e-16	5.379200e+04	2.281900e+04
53	452.733649	3.964983e-06	8.375089e-01	4.352184e-12	5.689300e+04	4.745800e+04
53	129.554523	6.387015e-06	7.755752e-01	2.177618e-10	5.446239e+04	1.303694e+04
53	146.840091	9.995932e-06	7.742770e-01	3.452245e-10	1.751300e+04	1.176504e+04
53	444.646126	2.571608e-06	7.925170e-01	5.796367e-12	5.044700e+04	4.502800e+04
53	421.458117	1.103727e-14	9.925000e-01	2.750178e-15	5.522600e+04	1.882700e+04
53	384.065667	2.952145e-06	8.000036e-01	2.370700e-13	3.572000e+04	2.901200e+04
53	368.004031	1.451440e-08	9.899987e-01	1.000000e-08	2.107700e+04	3.289000e+04
53	111.939759	2.817726e-12	9.475000e-01	3.261249e-29	2.334700e+04	3.440000e+03
53	624.331901	3.284740e-13	9.100000e-01	4.823002e-34	1.044600e+04	4.142900e+04
53	628.196166	3.118850e-14	8.400000e-01	8.815159e-33	1.444400e+04	3.818300e+04
53	628.507791	2.348225e-14	8.375000e-01	2.348225e-14	1.499000e+04	7.761000e+03
53	168.686081	1.362312e-10	9.425000e-01	2.240851e-31	1.370800e+04	1.249800e+04
53	636.372799	2.131864e-06	9.400058e-01	9.020749e-16	5.774600e+04	2.190500e+04
53	627.107939	7.492194e-14	8.900000e-01	2.074572e-31	1.340800e+04	3.065500e+04
53	404.243297	6.765142e-13	7.925000e-01	3.041711e-13	6.341000e+03	5.256300e+04
53	421.753258	5.868391e-13	9.250000e-01	6.112951e-17	5.119900e+04	2.821400e+04
53	160.617939	1.000000e-05	7.751885e-01	3.207735e-09	3.811797e+04	6.417022e+03
53	73.665364	1.000000e-05	7.741149e-01	1.978734e-13	4.419604e+04	3.028887e+04
53	159.547244	1.000000e-05	7.752080e-01	2.929380e-09	3.324294e+04	6.640010e+03
53	617.191852	4.187548e-11	9.475000e-01	1.743284e-30	2.590000e+02	2.073900e+04
53	665.630835	2.872531e-19	8.400000e-01	9.538551e-22	3.917500e+04	5.362900e+04
53	625.904340	7.394479e-14	8.200000e-01	1.752556e-33	1.207100e+04	4.272700e+04
53	1166.286304	2.161446e-13	8.950000e-01	1.995350e-32	2.906600e+04	2.137600e+04
53	69.246962	1.000000e-05	7.723302e-01	8.152623e-15	3.646903e+04	3.812597e+04
53	177.596443	1.281949e-08	9.590792e-01	1.000000e-08	3.012955e+03	5.446097e+04
53	416.528498	5.376619e-13	8.375000e-01	1.377945e-13	7.609000e+03	5.629400e+04
53	583.187651	1.009280e-12	9.125000e-01	1.825208e-28	2.538800e+04	7.740000e+03
53	419.266848	1.062988e-11	9.000000e-01	3.070258e-20	4.461000e+04	4.558400e+04
53	388.297795	8.956522e-09	7.723051e-01	8.956522e-09	5.250101e+04	1.994026e+03
53	169.972240	6.918265e-09	9.587852e-01	6.918265e-09	4.527983e+03	5.859799e+04
53	348.623710	4.352899e-10	9.400000e-01	1.212445e-14	3.377400e+04	1.578900e+04
53	665.337530	7.699999e-16	9.675000e-01	8.570084e-21	1.606900e+04	4.774800e+04
53	381.363636	1.802008e-12	7.525000e-01	1.802008e-12	4.405000e+03	4.034200e+04
53	10872.212922	8.357792e-09	9.225000e-01	3.525669e-15	5.967300e+04	3.893100e+04
53	619.812297	1.500334e-12	8.025000e-01	5.794603e-27	4.632000e+03	1.052200e+04
53	636.864894	1.510042e-15	8.875001e-01	1.157015e-35	2.248000e+04	4.843500e+04
53	437.812896	7.488172e-06	8.350304e-01	2.432454e-11	5.106500e+04	4.300800e+04
53	-1.000000	-1.000000e+00	-1.000000e+00	-1.000000e+00	-1.000000e+00	-1.000000e+00
53	642.520402	1.802835e-16	8.800000e-01	3.930927e-35	2.720900e+04	4.310900e+04
53	646.439635	5.464123e-17	9.050000e-01	7.899358e-24	3.056100e+04	5.093600e+04
53	139.025453	1.000000e-05	7.754949e-01	5.009060e-10	2.822100e+04	1.098399e+04
53	619.896406	5.950825e-12	9.450000e-01	4.283800e-29	4.834000e+03	1.725800e+04
53	94.656953	5.067263e-16	9.575000e-01	2.559551e-31	4.453800e+04	2.714800e+04
53	401.130238	1.932122e-09	8.474843e-01	1.932122e-09	3.264700e+04	4.306800e+04
53	621.252656	9.697777e-13	8.575000e-01	7.600311e-27	6.619000e+03	1.075200e+04
53	408.059940	9.157528e-13	8.150000e-01	2.695449e-13	5.960000e+03	5.388700e+04
53	183.187227	6.047573e-06	7.773972e-01	1.000000e-08	5.096286e+04	3.242415e+03
53	69.496335	1.000000e-05	7.733533e-01	4.409902e-14	4.177286e+04	3.398044e+04
53	7259.448523	3.920588e-08	9.050001e-01	1.600300e-13	5.306400e+04	2.963300e+04
53	638.191822	3.756952e-16	7.500000e-01	7.787169e-17	2.343800e+04	3.131500e+04
53	376.175282	1.545189e-11	9.550000e-01	1.095455e-14	4.148100e+04	1.589000e+04
53	382.181336	9.895861e-11	9.325000e-01	8.144609e-18	3.784800e+04	3.271900e+04
53	628.939378	1.380916e-14	7.650000e-01	1.380916e-14	1.520100e+04	1.076100e+04
53	617.504008	1.166270e-11	8.725000e-01	5.692962e-27	9.600000e+02	5.914000e+03
53	131.656104	2.780653e-10	9.650000e-01	2.036374e-14	1.289500e+04	1.148500e+04
53	1916.910524	4.106752e-09	8.325001e-01	1.441526e-14	5.985100e+04	3.563300e+04
53	76.205735	3.605593e-09	7.702041e-01	7.438308e-16	3.842386e+04	4.394030e+04
53	477.397755	7.187260e-08	7.750001e-01	6.298054e-14	5.830300e+04	5.527300e+04
53	375.228132	4.767371e-08	7.500000e-01	9.577917e-09	2.605916e+04	3.713607e+04
53	129.763057	9.470404e-06	7.755744e-01	2.219569e-10	5.788609e+04	1.298994e+04
53	640.766524	3.849903e-16	8.950000e-01	9.028830e-21	2.582100e+04	8.827000e+03
53	623.434532	3.060068e-13	8.775000e-01	3.060068e-13	9.684000e+03	1.396000e+03
53	427.452295	1.053669e-13	8.150000e-01	3.593968e-14	1.111000e+04	5.904300e+04
53	164.880746	1.000000e-05	7.751005e-01	4.560514e-09	3.806894e+04	5.552030e+03
53	619.685894	2.302308e-12	8.525000e-01	1.264219e-31	4.453000e+03	2.643200e+04
53	351.174796	1.518208e-10	9.800000e-01	2.332234e-15	3.354700e+04	1.929400e+04
53	7510.934180	1.861657e-07	9.100005e-01	3.617568e-13	4.568400e+04	2.763400e+04
53	631.979840	1.767638e-14	9.574729e-01	1.761034e-34	1.936400e+04	4.220800e+04
53	190.754626	1.073822e-09	9.660842e-01	1.073822e-09	9.168018e+03	3.831901e+04
53	620.873407	1.301905e-12	8.675000e-01	3.583792e-33	6.118000e+03	4.133100e+04
53	394.762798	9.743642e-09	7.705491e-01	9.743642e-09	3.977494e+04	1.717769e+03
53	630.936700	1.543180e-14	8.925000e-01	5.779363e-33	1.718500e+04	3.548800e+04
53	481.379438	1.248799e-06	7.850003e-01	5.227374e-14	5.983600e+04	5.657900e+04
53	161.428820	3.570312e-09	9.600000e-01	5.348239e-13	6.248000e+03	4.070000e+02
53	618.957666	3.117634e-12	8.325000e-01	3.733080e-28	3.362000e+03	1.293300e+04
53	126.072599	1.621997e-10	9.700000e-01	1.634575e-14	1.461400e+04	1.312400e+04
53	632.881060	2.760166e-15	8.550000e-01	2.760166e-15	1.908000e+04	1.849000e+04
53	129.891135	1.666054e-10	9.850000e-01	2.046865e-15	1.630000e+04	1.922400e+04
53	626.016968	1.278169e-13	8.950000e-01	3.153800e-31	1.227100e+04	2.647200e+04
53	406.387856	1.925028e-09	7.500000e-01	1.855289e-09	3.418397e+04	4.926087e+04
53	625.224449	1.042815e-13	8.250000e-01	6.416098e-35	1.133900e+04	4.777300e+04
53	634.297572	2.644063e-15	8.350000e-01	2.234174e-32	2.013300e+04	3.660500e+04
53	225.853368	8.129771e-10	9.375000e-01	1.101554e-30	9.220000e+03	1.525000e+04
53	637.660931	7.293536e-16	8.300000e-01	6.460232e-21	2.303700e+04	2.305300e+04
53	320.256136	6.947066e-10	9.850000e-01	1.757880e-12	2.895300e+04	3.573000e+03
53	329.558061	5.352023e-09	8.725000e-01	6.997468e-14	2.951700e+04	1.252000e+04
53	622.406475	4.118358e-13	8.250000e-01	4.354946e-28	8.077000e+03	1.388300e+04
53	638.087333	1.025029e-15	8.950000e-01	1.474160e-29	2.356100e+04	2.491200e+04
53	627.809241	7.298151e-14	9.174999e-01	4.404224e-31	1.423600e+04	3.028400e+04
53	405.599644	8.088432e-10	9.225016e-01	8.088432e-10	3.317600e+04	4.129800e+04
53	164.922184	1.000000e-05	7.750998e-01	4.577628e-09	5.274287e+04	5.542856e+03
53	621.767678	1.569004e-12	9.300000e-01	8.634573e-28	7.388000e+03	1.404400e+04
53	340.905198	1.312499e-06	7.500000e-01	9.238401e-09	1.769716e+04	4.425606e+04
53	625.684822	6.571262e-14	7.850000e-01	4.967522e-30	1.182500e+04	2.614300e+04
53	649.275983	1.691861e-16	9.425000e-01	8.139861e-18	1.508900e+04	3.266500e+04
53	92.422394	1.000000e-05	7.752042e-01	4.469657e-12	3.637501e+04	2.261203e+04
53	398.019210	4.654848e-09	7.500000e-01	3.116171e-09	3.194584e+04	3.555270e+04
53	123.374590	1.000000e-05	7.755870e-01	1.220825e-10	3.188098e+04	1.446201e+04
53	79.549276	1.000000e-05	7.746243e-01	6.732004e-13	3.769697e+04	2.727504e+04
53	412.724061	1.146264e-11	9.250000e-01	1.175921e-19	4.361600e+04	4.231700e+04
53	632.576400	6.447959e-15	9.000000e-01	6.447959e-15	1.925300e+04	1.144900e+04
53	636.137595	1.132576e-15	8.325000e-01	1.132576e-15	2.197800e+04	1.520200e+04
53	67.561114	1.078339e-14	7.650000e-01	4.612088e-15	1.450800e+04	4.040400e+04
53	155.607058	1.155085e-09	9.593441e-01	1.155085e-09	8.915099e+03	4.225895e+04
53	487.552955	4.185441e-07	9.673960e-01	1.176752e-13	4.625800e+04	5.864400e+04
53	148.502242	1.060278e-09	9.583001e-01	1.060278e-09	9.137998e+03	4.734299e+04
53	623.624812	3.767266e-13	8.900000e-01	7.227480e-34	9.583000e+03	4.338600e+04
53	414.963547	3.614507e-12	7.625000e-01	1.564925e-14	1.906000e+03	5.711500e+04
53	123.542568	1.000000e-05	7.550411e-01	3.128047e-15	5.059500e+04	4.402600e+04
53	163.869430	1.000000e-05	7.751222e-01	4.197380e-09	4.103001e+04	5.756004e+03
53	113.415546	1.000000e-05	7.755578e-01	4.631220e-11	3.210165e+04	1.685018e+04
53	115.262608	5.714655e-11	9.650000e-01	3.768298e-15	1.678900e+04	1.549400e+04
53	158.021080	1.000000e-05	7.752385e-01	2.585679e-09	4.687402e+04	6.947131e+03
53	617.865648	3.208941e-11	9.575000e-01	1.480131e-29	1.467000e+03	1.690700e+04
53	471.454958	5.691767e-09	7.686707e-01	5.691767e-09	5.291487e+04	2.578889e+03
53	633.256038	4.134917e-15	8.425000e-01	4.134917e-15	1.922100e+04	1.045000e+03
53	413.659347	8.414117e-12	8.925000e-01	1.191381e-18	4.541300e+04	3.752500e+04
53	621.630273	4.292901e-13	7.650000e-01	4.569232e-29	7.093000e+03	1.848300e+04
53	634.288570	3.005492e-15	8.525000e-01	5.450976e-29	2.014700e+04	2.283200e+04
53	91.968548	1.000000e-05	7.751911e-01	4.221874e-12	4.729608e+04	2.275261e+04
53	821.286989	8.800000e-16	9.500000e-01	2.432054e-38	2.905500e+04	5.768000e+04
53	140.897421	5.971700e-10	9.580220e-01	5.971700e-10	1.055289e+04	5.599595e+04
53	96.319643	1.000000e-05	7.700356e-01	3.128635e-12	4.583900e+04	2.395500e+04
53	618.652128	7.551127e-12	9.075000e-01	1.244600e-32	2.882000e+03	3.627000e+04
53	622.103875	2.429170e-12	9.700000e-01	5.148615e-28	8.655000e+03	1.219400e+04
53	71.108008	1.000000e-05	7.737379e-01	9.141277e-14	3.130915e+04	3.218803e+04
53	623.786707	4.056054e-13	9.050000e-01	5.362732e-27	9.801000e+03	1.148100e+04
53	3003.068430	2.903268e-07	8.500004e-01	2.373854e-14	4.607800e+04	3.436900e+04
53	370.608750	2.789300e-06	7.758263e-01	9.999098e-09	5.622317e+04	2.491050e+04
53	193.638947	3.828316e-08	9.599676e-01	1.000000e-08	3.080063e+02	3.948700e+04
53	359.005934	1.381236e-10	9.675000e-01	1.029238e-15	3.505400e+04	2.129800e+04
53	13450.319922	2.146236e-15	8.050000e-01	1.834243e-21	4.003300e+04	5.915200e+04
53	812.607167	1.000000e-05	8.024989e-01	1.592684e-16	4.852300e+04	4.672800e+04
53	79.283230	1.000000e-05	7.746073e-01	6.423604e-13	4.383184e+04	2.739050e+04
53	634.886454	1.914883e-15	8.200000e-01	4.571491e-32	2.063700e+04	3.670200e+04
53	634.553207	2.875948e-15	8.600000e-01	4.643589e-35	2.039300e+04	5.056700e+04
53	425.414217	6.254280e-11	9.298529e-01	6.254280e-11	3.917600e+04	5.158200e+04
53	30466.880718	7.100000e-16	8.225000e-01	8.843628e-36	4.487500e+04	5.561800e+04
53	88.799563	6.356634e-17	9.950000e-01	1.603261e-18	5.503800e+04	3.579100e+04
53	632.001928	1.748191e-14	9.525001e-01	1.727563e-33	1.907800e+04	3.995800e+04
53	645.707435	3.349603e-17	8.025000e-01	9.751892e-35	2.968700e+04	4.539700e+04
53	-1.000000	-1.000000e+00	-1.000000e+00	-1.000000e+00	-1.000000e+00	-1.000000e+00
53	171.992775	1.000000e-05	7.749369e-01	8.154820e-09	5.075801e+04	4.123989e+03
53	-1.000000	-1.000000e+00	-1.000000e+00	-1.000000e+00	-1.000000e+00	-1.000000e+00
53	69.146516	1.000000e-05	7.732097e-01	3.416179e-14	4.725057e+04	3.460787e+04
53	85.322713	9.716856e-16	9.800000e-01	2.854038e-18	4.467800e+04	3.397300e+04
53	341.578805	1.213639e-09	9.475000e-01	2.205414e-15	3.081600e+04	1.970000e+04
53	634.455842	3.136641e-15	9.050000e-01	3.136641e-15	2.103800e+04	1.345600e+04
53	98.862865	3.658783e-16	9.925000e-01	2.928929e-19	4.962800e+04	3.957600e+04
53	403.375413	9.564006e-10	9.374938e-01	9.564006e-10	3.228800e+04	4.020300e+04
53	632.928836	3.500000e-16	9.900000e-01	4.969298e-37	3.409500e+04	5.613500e+04
53	128.245290	1.499030e-10	9.850000e-01	2.765718e-15	1.656000e+04	1.852300e+04
53	628.076267	1.933321e-14	7.850000e-01	1.933321e-14	1.444000e+04	1.307400e+04
53	430.787100	2.824116e-13	9.425000e-01	7.184593e-18	5.233900e+04	3.291400e+04
53	209.174268	1.947000e-11	9.350000e-01	3.503004e-29	1.835800e+04	9.969000e+03
53	618.927965	3.363292e-11	9.825000e-01	9.418000e-30	4.130000e+03	2.050500e+04
53	353.578611	3.722566e-12	9.950000e-01	3.052043e-12	3.929500e+04	2.175000e+03
53	5498.986322	4.636858e-07	8.775014e-01	9.762008e-15	4.099100e+04	3.649000e+04
53	146.738042	1.028258e-09	9.600000e-01	6.148107e-14	9.328000e+03	5.676000e+03
53	632.133657	4.571396e-15	7.900000e-01	1.411112e-31	1.816100e+04	3.169900e+04
53	627.742015	3.468658e-14	8.275000e-01	8.914733e-35	1.398000e+04	4.777500e+04
53	394.745619	4.471419e-13	9.775000e-01	1.141576e-13	4.867800e+04	1.017100e+04
53	403.715621	9.037178e-06	8.800284e-01	1.510692e-09	5.441800e+04	3.346500e+04
53	620.972114	1.008408e-12	8.425000e-01	1.088051e-32	6.243000e+03	3.351500e+04
53	78.119912	1.000000e-05	7.745237e-01	5.180491e-13	3.600800e+04	2.792001e+04
53	642.462220	9.175353e-17	7.750000e-01	1.058828e-31	2.700200e+04	3.684900e+04
53	73.053137	1.000000e-05	7.740406e-01	1.685209e-13	4.587012e+04	3.068391e+04
53	14725.336400	5.509391e-16	7.875000e-01	1.826009e-35	4.343600e+04	5.053800e+04
53	128.862898	4.156008e-10	9.875000e-01	4.668803e-13	1.451200e+04	6.499000e+03
53	580.731648	1.176867e-12	9.125000e-01	2.655996e-30	2.501200e+04	1.539800e+04
53	351.603081	5.815034e-10	9.450000e-01	8.071256e-16	3.280400e+04	2.206000e+04
53	631.093236	5.979116e-15	7.650000e-01	2.880835e-36	1.719400e+04	5.624700e+04
53	627.358334	1.334191e-13	9.675000e-01	1.787712e-31	1.536400e+04	2.975100e+04
53	619.364707	1.761554e-12	8.275000e-01	1.761554e-12	4.384000e+03	4.250000e+02
53	140.340505	1.000000e-05	7.754959e-01	5.717635e-10	4.543421e+04	1.065999e+04
53	490.295147	1.213251e-08	9.000000e-01	6.054213e-14	5.990200e+04	5.958100e+04
53	569.036939	9.999999e-06	7.550728e-01	1.000000e-08	5.917500e+04	1.193000e+03
53	150.813614	1.000000e-05	7.753482e-01	1.388356e-09	2.827998e+04	8.475010e+03
53	619.676049	4.045744e-12	9.100000e-01	5.819372e-32	4.454000e+03	3.164200e+04
53	78.291376	1.702533e-13	7.700000e-01	1.702533e-13	8.451000e+03	3.108100e+04
53	399.956319	7.730212e-12	9.400000e-01	3.101471e-17	4.401300e+04	2.960800e+04
53	360.271344	9.999894e-09	9.908250e-01	9.999894e-09	2.120099e+04	3.556900e+04
53	4925.980994	4.660148e-08	8.650006e-01	1.517972e-15	4.875800e+04	4.103800e+04
53	8939.677247	1.463663e-08	9.350000e-01	5.987824e-11	5.801100e+04	1.509900e+04
53	673.675206	6.000036e-16	9.400000e-01	9.246180e-23	1.209100e+04	5.792900e+04
53	120.656585	1.266882e-12	9.450000e-01	1.116362e-27	2.524000e+04	1.865000e+03
53	67.087818	1.413894e-12	7.550000e-01	6.680745e-14	3.921000e+03	3.669000e+04
53	637.226848	8.143556e-16	8.225000e-01	3.861258e-33	2.266000e+04	3.872000e+04
53	149.663991	1.000000e-05	7.753534e-01	1.241501e-09	2.663073e+04	8.748425e+03
53	131.990067	2.718552e-10	9.581696e-01	7.778702e-17	1.250700e+04	1.789900e+04
53	622.519947	3.406172e-13	8.050000e-01	7.192338e-34	8.212000e+03	4.281000e+04
53	101.394875	2.308172e-15	9.875000e-01	1.808067e-20	4.382700e+04	4.566000e+04
53	84.774136	2.967359e-16	9.950000e-01	1.070961e-17	5.130300e+04	3.149900e+04
53	405.092290	8.851720e-06	8.875343e-01	1.369252e-09	5.681400e+04	3.383500e+04
53	618.394852	5.954500e-12	8.675000e-01	6.719620e-32	2.472000e+03	3.235600e+04
53	636.878976	1.485646e-15	8.875000e-01	1.485646e-15	2.251500e+04	5.659000e+03
53	452.024369	1.117324e-11	8.100000e-01	1.117324e-11	4.702300e+04	4.801300e+04
53	78.658309	4.139173e-07	7.745637e-01	5.734500e-13	5.941705e+04	2.766993e+04
53	430.047285	3.043888e-14	7.925000e-01	2.332120e-14	1.370600e+04	5.913300e+04
53	899.709354	8.956367e-08	8.050001e-01	2.136588e-16	5.072600e+04	4.599800e+04
53	634.780282	1.961211e-15	8.175000e-01	1.035309e-34	2.054200e+04	4.856700e+04
53	654.798633	1.160405e-18	8.025000e-01	3.666509e-35	3.729700e+04	5.026100e+04
53	620.416949	2.519089e-12	9.075000e-01	3.274177e-28	5.516000e+03	1.464100e+04
53	364.495374	1.374994e-07	7.500000e-01	9.801281e-09	2.338404e+04	4.357294e+04
53	304.600707	2.150883e-08	9.800000e-01	9.541233e-16	2.102300e+04	2.136500e+04
53	342.490760	4.135669e-13	9.250000e-01	2.250921e-31	2.767100e+04	2.158600e+04
53	625.217542	1.352864e-13	8.600000e-01	7.454909e-34	1.135300e+04	3.825200e+04
53	625.194837	1.174256e-13	8.400000e-01	6.883390e-29	1.131400e+04	1.672100e+04
53	126.538802	9.637558e-06	7.755855e-01	1.648985e-10	5.623107e+04	1.372184e+04
53	640.365386	4.143479e-16	9.000000e-01	4.143479e-16	2.573500e+04	1.504000e+04
53	102.127916	1.000000e-05	7.754291e-01	1.410568e-11	3.486933e+04	1.977997e+04
53	392.998729	5.702470e-12	9.650000e-01	1.632147e-16	4.334800e+04	2.557900e+04
53	671.858369	4.200002e-16	9.375000e-01	6.416314e-23	1.939700e+04	5.861000e+04
53	617.934181	4.219201e-12	7.725000e-01	1.413713e-26	1.716000e+03	1.089200e+04
53	630.942889	9.101638e-15	8.250000e-01	1.054632e-31	1.708100e+04	3.073900e+04
53	627.177236	8.005442e-14	9.000000e-01	7.758062e-34	1.350700e+04	4.080100e+04
53	359.771861	7.240429e-06	7.589932e-01	9.999153e-09	5.632807e+04	2.229751e+04
53	638.478446	8.687025e-16	8.925000e-01	2.647906e-21	2.388100e+04	2.513800e+04
53	-1.000000	-1.000000e+00	-1.000000e+00	-1.000000e+00	-1.000000e+00	-1.000000e+00
53	669.692639	9.599999e-16	9.850000e-01	9.630413e-22	1.462400e+04	5.244200e+04
53	655.876664	2.000000e-16	9.300000e-01	7.981803e-22	2.602600e+04	5.163900e+04
53	9077.895417	4.639474e-07	8.975002e-01	4.616841e-16	4.560600e+04	4.389300e+04
53	374.622017	2.464231e-11	9.575000e-01	2.976103e-15	4.014100e+04	1.891600e+04
53	299.092023	5.610982e-15	7.925000e-01	5.610982e-15	1.128000e+04	3.823600e+04
53	625.541965	5.774648e-14	7.500000e-01	1.264653e-14	1.166500e+04	4.897800e+04
53	908.166375	6.804995e-21	8.275000e-01	6.804995e-21	3.014600e+04	5.401300e+04
53	87.713374	5.775668e-16	9.875000e-01	1.473786e-16	4.712700e+04	2.535700e+04
53	630.749824	1.171975e-14	8.500000e-01	7.734019e-34	1.692300e+04	4.345700e+04
53	334.492618	1.000000e-05	7.515036e-01	6.773056e-09	4.981103e+04	1.856500e+04
53	629.892294	2.942623e-14	9.150000e-01	1.438492e-29	1.629500e+04	1.988500e+04
53	406.724294	1.951692e-12	9.300000e-01	3.411561e-16	4.794300e+04	2.420900e+04
53	-1.000000	-1.000000e+00	-1.000000e+00	-1.000000e+00	-1.000000e+00	-1.000000e+00
53	642.317976	2.441076e-16	9.075000e-01	1.722813e-31	2.720500e+04	3.193800e+04
53	400.214786	2.645180e-09	8.599918e-01	2.645180e-09	3.191900e+04	3.682100e+04
53	622.050357	3.387221e-13	7.625000e-01	1.137106e-24	7.625000e+03	7.700000e+03
53	131.505004	1.000000e-05	7.755654e-01	2.600256e-10	3.789709e+04	1.260005e+04
53	77.522483	2.008870e-15	9.850000e-01	2.008870e-15	4.370500e+04	1.910000e+04
53	-1.000000	-1.000000e+00	-1.000000e+00	-1.000000e+00	-1.000000e+00	-1.000000e+00
53	624.724961	8.518524e-14	7.775000e-01	8.518524e-14	1.087900e+04	9.708000e+03
53	120.295192	9.551353e-16	9.925000e-01	9.551353e-16	4.733400e+04	1.356000e+04
53	442.357750	2.931089e-11	8.050001e-01	2.931089e-11	4.412200e+04	4.946800e+04
53	91.285473	1.000000e-05	7.751393e-01	3.739623e-12	2.708896e+04	2.304903e+04
53	186.913703	2.259205e-08	9.596379e-01	9.994658e-09	1.602999e+03	3.961700e+04
53	629.931347	9.003186e-15	8.250000e-01	9.003186e-15	1.639900e+04	1.525200e+04
53	371.911335	3.378310e-08	8.900013e-01	1.000000e-08	2.458400e+04	3.569700e+04
53	621.441515	8.744832e-13	8.575000e-01	6.328067e-32	6.866000e+03	3.207100e+04
53	180.803863	9.251625e-06	7.770663e-01	1.000000e-08	5.007406e+04	3.301760e+03
53	126.983231	2.331937e-10	9.700000e-01	3.358728e-12	1.373000e+04	4.720000e+02
53	636.436541	1.270925e-15	8.450000e-01	2.185852e-34	2.200900e+04	4.465600e+04
53	70.965138	7.773027e-14	7.700000e-01	7.773027e-14	9.798000e+03	3.298400e+04
53	7376.500725	8.700000e-16	9.400000e-01	4.715559e-36	3.509600e+04	4.795900e+04
53	421.735201	1.820537e-11	9.900370e-01	1.820537e-11	3.737700e+04	5.175700e+04
53	91.310952	1.000000e-05	7.750507e-01	3.415624e-12	2.368289e+04	2.326506e+04
53	447.152534	2.571292e-06	8.000258e-01	5.039622e-12	4.722500e+04	4.577500e+04
53	418.010734	1.112072e-13	7.975000e-01	8.953139e-14	1.071400e+04	5.595800e+04
53	643.219203	1.077871e-16	8.450000e-01	1.077871e-16	2.769500e+04	5.018000e+03
53	405.831390	1.963767e-09	7.675174e-01	1.963767e-09	3.395200e+04	3.753200e+04
53	621.610875	5.860054e-13	8.150000e-01	1.838324e-33	7.074000e+03	4.159200e+04
53	415.728144	3.375014e-13	7.675000e-01	3.297817e-14	7.654000e+03	5.605400e+04
53	4900.665892	5.115977e-07	8.275007e-01	1.000000e-08	3.478900e+04	6.830000e+02
53	546.114368	1.932685e-12	7.525000e-01	1.932685e-12	4.074000e+03	2.426400e+04
53	4222.204887	8.600000e-16	9.150000e-01	1.246534e-34	3.156300e+04	4.256200e+04
53	440.990898	4.013865e-11	7.750000e-01	4.013865e-11	4.381200e+04	4.619000e+04
53	638.161763	6.588325e-16	8.250000e-01	9.439126e-22	2.309800e+04	4.625700e+04
53	626.320242	4.176291e-14	7.575000e-01	4.176291e-14	1.251700e+04	7.066000e+03
53	121.322334	1.000000e-05	7.755884e-01	1.006808e-10	3.373202e+04	1.493704e+04
53	85.315297	1.000000e-05	7.749179e-01	1.657744e-12	2.796299e+04	2.505400e+04
53	154.641972	1.000000e-05	7.752989e-01	1.948532e-09	4.268702e+04	7.642903e+03
53	620.565030	7.398156e-13	7.600000e-01	7.398156e-13	5.714000e+03	9.700000e+01
53	634.666345	2.080638e-15	8.200000e-01	2.410899e-28	2.044400e+04	2.153200e+04
53	1168.748458	5.868847e-14	8.450000e-01	5.868847e-14	1.618900e+04	5.662500e+04
53	122.089343	1.000000e-05	7.755905e-01	1.085421e-10	4.390701e+04	1.475200e+04
53	619.555345	1.809793e-12	8.074998e-01	2.482899e-33	4.259000e+03	3.995300e+04
53	520.965916	4.243232e-06	7.619670e-01	9.199312e-09	4.817702e+04	9.130153e+02
53	627.601851	2.802119e-14	8.100000e-01	2.802119e-14	1.407900e+04	9.232000e+03
53	412.039686	3.638568e-10	9.425102e-01	3.638568e-10	3.454500e+04	4.253600e+04
53	162.096446	3.625652e-09	9.585199e-01	3.625652e-09	6.115958e+03	5.904398e+04
53	368.211712	1.554550e-11	9.675000e-01	1.001698e-13	4.060500e+04	1.055900e+04
53	618.360046	6.837197e-12	8.800000e-01	9.174140e-29	2.414000e+03	1.339700e+04
53	640.542085	3.405659e-16	8.700000e-01	1.890489e-33	2.553200e+04	4.081600e+04
53	624.558890	1.260712e-13	8.475000e-01	1.260712e-13	1.106400e+04	5.865000e+03
53	634.367289	2.407340e-15	8.250000e-01	8.829569e-32	2.018500e+04	3.451100e+04
53	80.082980	1.000000e-05	7.700207e-01	2.625689e-13	3.813900e+04	2.998100e+04
53	631.171997	1.342201e-14	8.875000e-01	6.035815e-33	1.739000e+04	3.774600e+04
53	398.598238	5.630134e-10	9.699646e-01	5.630134e-10	3.143800e+04	4.407400e+04
53	480.522924	4.890403e-06	8.600049e-01	1.683495e-13	5.955200e+04	5.628400e+04
53	430.365418	8.138591e-13	9.425000e-01	2.806236e-19	4.963400e+04	4.020800e+04
53	632.920897	5.814505e-15	8.700000e-01	4.134962e-36	1.895500e+04	5.011500e+04
53	205.275317	1.068125e-15	9.450000e-01	1.271610e-22	4.231100e+04	5.698200e+04
53	168.480324	1.000000e-05	7.740224e-01	2.594174e-09	1.771799e+04	6.808995e+03
53	399.584232	3.485792e-12	8.600000e-01	1.035529e-12	3.555000e+03	5.165500e+04
53	629.080422	5.135088e-14	9.350000e-01	5.022376e-34	1.569500e+04	4.106900e+04
53	131.733544	1.000000e-05	7.755644e-01	2.655781e-10	5.692725e+04	1.254806e+04
53	619.588798	1.773188e-12	8.075000e-01	1.675064e-32	4.308000e+03	3.603000e+04
53	621.044058	1.088539e-12	8.575000e-01	4.245163e-29	6.343000e+03	1.719100e+04
53	617.329012	1.928036e-11	9.075000e-01	1.569351e-30	6.240000e+02	2.178800e+04
53	636.233110	2.132600e-15	9.000000e-01	3.044048e-20	2.199300e+04	2.105800e+04
53	619.403035	1.815480e-12	8.850000e-01	1.815480e-12	4.968000e+03	1.450000e+03
53	163.516058	3.929754e-09	9.586227e-01	3.929754e-09	5.916965e+03	4.614497e+04
53	620.718855	6.537549e-13	7.500000e-01	6.537549e-13	5.893000e+03	3.589300e+04
53	632.750850	4.954377e-15	8.400000e-01	7.217939e-30	1.875600e+04	2.435600e+04
53	90.215419	3.900047e-12	9.625000e-01	3.208139e-14	2.320300e+04	9.603000e+03
53	467.540086	3.503690e-06	9.350059e-01	1.355851e-12	5.851000e+04	5.206500e+04
53	630.092631	1.239830e-14	8.200000e-01	2.624704e-29	1.627600e+04	2.082100e+04
53	625.002438	1.943297e-13	8.900000e-01	2.286103e-30	1.115400e+04	2.581300e+04
53	666.922797	3.117428e-18	8.950000e-01	8.758821e-22	3.424500e+04	5.356100e+04
53	183.118790	1.000000e-05	7.773868e-01	1.000000e-08	3.771801e+04	3.244045e+03
53	424.445242	1.031849e-11	7.825000e-01	1.031849e-11	7.700000e+02	1.994900e+04
53	14223.534338	5.103975e-09	9.825000e-01	5.311807e-12	5.990800e+04	2.101600e+04
53	455.005636	4.337786e-06	8.025074e-01	2.073427e-12	5.068900e+04	4.815500e+04
53	121.302843	1.346205e-10	9.700000e-01	2.142690e-12	1.508300e+04	1.558000e+03
53	411.260875	4.179208e-13	7.925000e-01	1.383422e-13	7.492000e+03	5.457700e+04
53	138.143551	1.000000e-05	7.755057e-01	4.647984e-10	2.873402e+04	1.116851e+04
53	121.696931	7.383917e-16	9.950000e-01	7.383917e-16	4.909800e+04	8.133000e+03
53	617.683885	1.406950e-10	9.825000e-01	2.192407e-27	6.460000e+02	9.885000e+03
53	17113.868838	1.248526e-08	9.675000e-01	2.527610e-15	5.562000e+04	3.971900e+04
53	164.816756	4.309080e-09	9.586894e-01	4.309080e-09	5.689983e+03	4.503315e+04
53	113.768643	1.000000e-05	7.755634e-01	4.818220e-11	5.027399e+04	1.675299e+04
53	157.576266	2.211763e-09	9.585786e-01	2.211763e-09	7.328059e+03	4.465816e+04
53	480.830031	4.397202e-06	8.322906e-01	1.249929e-13	4.414600e+04	5.638700e+04
53	442.187851	6.181232e-15	9.775000e-01	3.025144e-16	5.962100e+04	2.406500e+04
53	628.304002	4.086291e-14	8.800000e-01	1.469880e-31	1.460200e+04	2.847500e+04
53	147.837297	1.000000e-05	7.754048e-01	1.094313e-09	4.994849e+04	9.062300e+03
53	343.211270	1.445515e-11	9.950000e-01	9.923954e-13	3.585600e+04	4.871000e+03
53	166.118625	1.000000e-05	7.750736e-01	5.050097e-09	5.353745e+04	5.301444e+03
53	632.625841	4.693844e-15	8.250000e-01	1.389998e-29	1.862900e+04	2.350100e+04
53	178.691301	1.000000e-05	7.766750e-01	1.000000e-08	3.910753e+04	3.366340e+03
53	389.311271	1.000000e-05	8.325215e-01	4.546000e-09	4.929900e+04	2.966300e+04
53	365.713872	4.634955e-11	9.425000e-01	4.541388e-14	3.934600e+04	1.265800e+04
53	618.549929	2.226763e-11	9.625000e-01	9.150688e-30	2.689000e+03	1.545300e+04
53	661.703999	2.838440e-18	7.625000e-01	1.241376e-21	3.301800e+04	5.787200e+04
53	229.237388	9.999943e-09	7.763612e-01	9.999943e-09	3.484831e+04	2.662959e+03
53	157.578122	1.000000e-05	7.752468e-01	2.491871e-09	4.686300e+04	7.038002e+03
53	635.395549	3.204962e-15	9.100000e-01	3.421891e-32	2.132600e+04	3.475700e+04
53	89.147464	1.000000e-05	7.750869e-01	2.883776e-12	3.004397e+04	2.369104e+04
53	177.336038	3.047325e-12	9.375000e-01	4.625285e-32	2.294500e+04	2.433800e+04
53	124.377973	1.000000e-05	7.755795e-01	1.331456e-10	2.922149e+04	1.424759e+04
53	634.429228	2.984712e-15	8.600000e-01	2.984712e-15	2.030400e+04	4.329000e+03
53	633.197317	2.896633e-15	7.825000e-01	2.896633e-15	1.912100e+04	1.580000e+02
53	410.474026	5.663821e-10	8.724770e-01	5.663821e-10	3.521400e+04	4.837200e+04
53	633.732283	2.827587e-15	8.125000e-01	4.662720e-35	1.961300e+04	4.768100e+04
53	455.543994	9.999999e-06	9.225001e-01	5.564127e-12	5.753900e+04	4.831600e+04
53	625.811101	2.066442e-13	9.300000e-01	2.925591e-34	1.221000e+04	4.279300e+04
53	652.950928	2.534031e-18	8.150000e-01	7.095772e-35	3.572400e+04	4.769200e+04
53	365.777633	3.073125e-11	9.000000e-01	1.068787e-11	4.191900e+04	9.900000e+01
53	159.888563	6.295128e-12	9.400000e-01	3.088913e-28	2.121100e+04	3.709000e+03
53	440.307591	3.171876e-13	9.600000e-01	2.310426e-20	5.106400e+04	4.560800e+04
53	17491.676870	3.500000e-16	9.125000e-01	5.748035e-38	3.755800e+04	5.714900e+04
53	160.436224	3.120002e-09	9.581897e-01	1.784266e-09	6.471999e+03	5.254800e+04
53	120.393867	4.632491e-06	7.755888e-01	9.230607e-11	5.958071e+04	1.515118e+04
53	60371.343246	5.379493e-08	8.550003e-01	1.000000e-08	5.216100e+04	2.145600e+04
53	403.491876	9.259496e-12	9.800000e-01	5.513023e-20	4.064200e+04	4.351600e+04
53	640.236903	2.761126e-16	8.250000e-01	3.890521e-21	2.519700e+04	2.346600e+04
53	435.973528	6.897315e-13	9.525000e-01	1.867416e-20	4.954000e+04	4.614200e+04
53	618.648550	6.934338e-12	9.000000e-01	1.268159e-33	2.877000e+03	4.037100e+04
53	22228.203040	1.000705e-08	9.249997e-01	1.000000e-08	5.843600e+04	6.730000e+02
53	425.022625	6.047848e-12	9.150000e-01	8.312596e-21	4.559000e+04	4.829500e+04
53	632.684847	4.188973e-15	8.475000e-01	4.188973e-15	1.910800e+04	1.346900e+04
53	418.473369	7.748354e-13	9.925000e-01	8.060364e-21	4.437700e+04	4.768500e+04
53	653.784854	5.400000e-16	9.825000e-01	2.272137e-20	2.687100e+04	4.428400e+04
53	75.238068	1.000000e-05	7.742806e-01	2.873221e-13	3.636700e+04	2.937100e+04
53	411.341566	1.214906e-12	7.650000e-01	3.755119e-14	4.558000e+03	5.533500e+04
53	169.250081	4.000197e-09	9.595931e-01	4.000197e-09	5.858995e+03	3.950399e+04
53	159.450002	2.910712e-09	9.584402e-01	2.910712e-09	6.655954e+03	5.765800e+04
53	137.183759	1.000000e-05	7.755254e-01	4.327097e-10	3.793101e+04	1.134599e+04
53	508.334508	3.242209e-11	9.150000e-01	8.960411e-31	1.690000e+04	1.756400e+04
53	637.724971	6.462668e-16	8.149994e-01	3.751912e-36	2.307700e+04	5.638200e+04
53	332.306592	8.518406e-09	8.800000e-01	2.176504e-15	2.816400e+04	2.053500e+04
53	618.570916	2.428025e-12	7.975000e-01	2.428025e-12	2.868000e+03	2.314000e+03
53	177.636677	1.286719e-08	9.590806e-01	1.000000e-08	3.003876e+03	5.916104e+04
53	-1.000000	-1.000000e+00	-1.000000e+00	-1.000000e+00	-1.000000e+00	-1.000000e+00
53	667.276925	2.100104e-16	8.925000e-01	5.644940e-21	8.409000e+03	4.945800e+04
53	73.819321	1.000000e-05	7.741316e-01	2.054958e-13	3.644532e+04	3.019582e+04
53	10804.639371	2.245721e-07	8.474993e-01	1.000000e-08	3.544500e+04	2.430000e+02
53	109.110169	6.991464e-13	9.925000e-01	3.689908e-19	3.140300e+04	3.907000e+04
53	144.851582	1.000000e-05	7.754444e-01	8.465687e-10	4.774799e+04	9.693984e+03
53	401.300165	3.299184e-09	7.500000e-01	3.161665e-09	3.281815e+04	4.337617e+04
53	625.921154	1.848311e-13	9.250000e-01	2.910272e-30	1.229200e+04	2.076700e+04
53	150.938947	1.000000e-05	7.753592e-01	1.425371e-09	4.801399e+04	8.411991e+03
53	639.822441	4.777596e-16	8.800000e-01	4.777596e-16	2.496700e+04	4.152000e+03
53	435.354280	6.883443e-11	7.799965e-01	6.883443e-11	4.223900e+04	5.055600e+04
53	634.035420	2.134367e-15	7.850000e-01	1.979536e-27	1.986700e+04	2.042900e+04
53	407.483421	6.750441e-12	8.500000e-01	3.058680e-13	1.772000e+03	5.455900e+04
53	618.006953	5.990328e-12	8.350000e-01	1.896307e-27	1.835000e+03	1.022000e+04
53	653.761422	9.598840e-16	9.550000e-01	1.268281e-18	1.548900e+04	3.672100e+04
53	390.741938	5.920999e-11	9.325000e-01	1.751229e-18	3.915200e+04	3.619200e+04
53	617.017166	2.059109e-11	8.925000e-01	3.614912e-28	5.800000e+01	1.302900e+04
53	469.893912	3.493657e-07	7.700003e-01	1.308099e-13	5.093700e+04	5.284900e+04
53	87.440838	1.000000e-05	7.750264e-01	2.293167e-12	3.180001e+04	2.425600e+04
53	637.151949	5.721878e-16	7.575000e-01	1.768978e-33	2.255900e+04	4.541300e+04
53	623.817421	3.426908e-13	8.900000e-01	4.341036e-34	9.808000e+03	4.366900e+04
53	447.730400	1.287904e-06	7.750065e-01	2.415287e-12	5.012900e+04	4.596200e+04
53	44971.993585	3.600000e-16	8.700000e-01	2.042820e-36	3.906000e+04	5.545900e+04
53	314.914207	1.000000e-05	7.975156e-01	7.970822e-13	2.612700e+04	2.607900e+04
53	144.847040	1.000000e-05	7.754441e-01	8.458623e-10	3.749000e+04	9.695999e+03
53	662.061094	6.999998e-17	9.575000e-01	1.012986e-20	2.680700e+04	4.714300e+04
53	634.796750	1.577341e-15	7.825000e-01	2.668531e-31	2.053600e+04	2.934000e+04
53	631.515137	7.298180e-15	8.325000e-01	7.298180e-15	1.770400e+04	7.293000e+03
53	172.433597	7.996232e-06	7.749261e-01	8.451827e-09	5.699010e+04	4.036113e+03
53	669.397657	3.121754e-19	7.700000e-01	7.349575e-22	3.452400e+04	5.814400e+04
53	409.302232	1.323895e-06	8.025167e-01	3.685541e-10	5.724300e+04	3.497700e+04
53	134.335173	1.000000e-05	7.755478e-01	3.357502e-10	4.144950e+04	1.197069e+04
53	97.044296	1.000000e-05	7.753239e-01	7.843236e-12	3.183794e+04	2.122606e+04
53	617.635410	9.105306e-12	8.550000e-01	6.103194e-32	1.196000e+03	3.218500e+04
53	645.019801	7.618521e-17	8.850000e-01	3.861765e-34	2.929500e+04	4.195700e+04
53	437.836499	9.999999e-06	8.150109e-01	1.899391e-11	4.336000e+04	4.301600e+04
53	185.967079	2.503443e-08	9.594425e-01	1.000000e-08	1.370087e+03	5.209504e+04
53	375.428194	1.056659e-11	9.375000e-01	3.577053e-13	4.333400e+04	7.813000e+03
53	617.829001	9.009920e-12	8.700000e-01	1.492753e-27	1.528000e+03	1.165400e+04
53	621.691946	4.456772e-13	7.775000e-01	2.154471e-29	7.173000e+03	2.460700e+04
53	80.402818	1.000000e-05	7.746791e-01	7.810932e-13	3.732301e+04	2.690900e+04
53	629.751100	9.825543e-15	8.300000e-01	9.825543e-15	1.629900e+04	1.484400e+04
53	464.676748	6.713815e-06	8.425041e-01	1.072602e-12	5.621700e+04	5.115900e+04
53	407.265604	9.425505e-13	9.675000e-01	1.811360e-16	4.773900e+04	2.532100e+04
53	631.156942	1.801760e-14	9.175000e-01	1.519749e-33	1.752500e+04	3.834700e+04
53	172.002354	7.349197e-09	9.590321e-01	7.349197e-09	4.376020e+03	4.181705e+04
53	643.019587	1.795111e-16	9.050000e-01	1.795111e-16	2.783100e+04	1.318500e+04
53	325.135316	3.812777e-09	8.850000e-01	2.396257e-12	3.008000e+04	3.906000e+03
53	619.150609	2.968282e-12	8.425000e-01	6.621387e-27	3.657000e+03	9.406000e+03
53	625.700666	1.093055e-13	8.675000e-01	1.093055e-13	1.198900e+04	3.390000e+02
53	394.185283	1.175295e-12	9.750000e-01	5.915418e-15	4.648800e+04	1.716700e+04
53	399.308377	1.172923e-06	7.900386e-01	8.226249e-10	5.361500e+04	3.229300e+04
53	626.795846	5.296844e-14	8.325000e-01	5.296844e-14	1.305800e+04	5.170000e+02
53	492.969653	1.000001e-08	7.575012e-01	1.000000e-08	4.236200e+04	2.183000e+03
53	94.786554	1.000000e-05	7.752719e-01	6.006276e-12	4.572399e+04	2.188397e+04
53	470.393014	1.078118e-12	8.275001e-01	1.078118e-12	5.252400e+04	5.527200e+04
53	150.842027	9.812514e-06	7.753607e-01	1.413697e-09	4.833556e+04	8.432224e+03
53	80.384516	9.930258e-13	9.750000e-01	7.440432e-14	2.754000e+04	1.015700e+04
53	650.981092	7.925054e-17	9.175000e-01	1.035722e-21	2.950000e+04	5.057800e+04
53	622.200137	6.074109e-13	8.625000e-01	1.621589e-29	7.835000e+03	2.225900e+04
53	470.789058	9.872041e-13	7.924999e-01	9.872041e-13	5.294100e+04	5.829300e+04
53	8966.600549	7.893961e-08	9.300002e-01	2.438692e-12	4.955900e+04	2.294800e+04
53	372.646048	5.705659e-06	7.769391e-01	8.514684e-09	5.541105e+04	2.541946e+04
53	104.606099	2.948567e-15	9.825000e-01	2.948567e-15	4.237600e+04	1.138500e+04
53	649.973070	1.777822e-16	9.250000e-01	6.890178e-18	1.131300e+04	3.322200e+04
53	69.721024	1.000000e-05	7.721319e-01	6.042137e-15	3.851513e+04	3.886101e+04
53	117.528492	7.277717e-11	9.600000e-01	1.879440e-14	1.586500e+04	9.025000e+03
53	344.204696	5.591404e-10	9.700000e-01	1.437519e-15	3.130000e+04	2.049900e+04
53	174.976309	1.000000e-05	7.753397e-01	9.999998e-09	4.728905e+04	3.560746e+03
53	167.792651	5.791147e-09	9.587078e-01	5.791147e-09	4.964948e+03	5.934190e+04
53	638.845139	4.975560e-16	8.375000e-01	3.948532e-34	2.404700e+04	4.474900e+04
53	475.861268	4.600458e-09	9.525000e-01	5.099173e-13	4.940600e+04	5.474900e+04
53	636.933521	9.534105e-16	8.300000e-01	1.642957e-33	2.241700e+04	4.064900e+04
53	652.799663	3.437678e-18	8.525000e-01	1.672898e-34	3.565900e+04	4.344100e+04
53	5506.011103	5.014045e-08	8.900001e-01	9.283044e-13	5.332100e+04	2.534600e+04
53	478.475400	3.994340e-13	8.125000e-01	3.994340e-13	5.526000e+04	5.764200e+04
53	473.333018	6.421492e-08	7.549996e-01	1.751839e-14	5.742100e+04	5.444900e+04
53	426.016291	3.021659e-13	7.700000e-01	9.915414e-15	7.953000e+03	5.946600e+04
53	319.408132	7.875970e-09	8.525000e-01	8.775643e-12	2.896900e+04	1.358000e+03
53	337.275486	1.328946e-06	8.300564e-01	1.000000e-08	1.648900e+04	3.719003e+04
53	419.960538	3.724746e-10	8.150017e-01	3.724746e-10	3.758600e+04	4.189900e+04
53	625.782891	9.844929e-14	8.525000e-01	5.429268e-34	1.196000e+04	4.070100e+04
53	426.434651	2.160236e-10	7.925001e-01	2.160236e-10	3.964900e+04	4.009100e+04
53	644.777149	5.215183e-17	8.200000e-01	1.974146e-33	2.894000e+04	3.978200e+04
53	627.638827	3.232257e-14	8.100000e-01	2.081902e-27	1.386700e+04	1.604500e+04
53	414.038751	4.461970e-12	9.175000e-01	2.850032e-18	4.628500e+04	3.525700e+04
53	387.138315	2.405061e-12	9.525000e-01	1.419385e-13	4.636400e+04	9.868000e+03
53	630.345441	2.154508e-14	9.025000e-01	5.765420e-31	1.666300e+04	2.797300e+04
53	638.171509	6.360631e-16	8.375000e-01	3.323447e-22	2.346500e+04	4.123600e+04
53	140.331892	1.000000e-05	7.754958e-01	5.712752e-10	4.088369e+04	1.066209e+04
53	123.619000	1.000000e-05	7.537372e-01	3.796613e-15	4.792200e+04	4.436900e+04
53	157.839065	1.000000e-05	7.752382e-01	2.534923e-09	3.136198e+04	6.995394e+03
53	618.266412	1.675024e-11	9.425000e-01	1.065466e-30	2.228000e+03	2.519400e+04
53	1003.132438	1.000000e-08	7.875002e-01	1.000000e-08	5.715500e+04	9.780000e+02
53	633.980676	2.276684e-15	7.925000e-01	1.571663e-31	1.982200e+04	3.298200e+04
53	465.569191	4.804383e-06	8.900004e-01	1.376653e-12	5.686700e+04	5.144000e+04
53	637.387788	1.589164e-15	9.150000e-01	6.379923e-37	2.310600e+04	5.034000e+04
53	82.296856	4.321708e-16	9.725000e-01	1.723770e-20	4.579900e+04	4.460100e+04
53	218.493030	2.493127e-08	7.772318e-01	1.000000e-08	3.366604e+04	2.773445e+03
53	475.350861	5.449805e-13	9.000000e-01	5.449805e-13	5.347900e+04	5.631500e+04
53	618.939817	5.571920e-12	8.975000e-01	6.128552e-30	3.336000e+03	2.248200e+04
53	620.363798	8.398757e-12	9.750000e-01	3.752523e-30	6.223000e+03	2.035700e+04
53	3328.065244	2.285255e-06	8.575036e-01	9.190290e-14	3.547600e+04	3.104900e+04
53	638.961367	5.105972e-16	8.475000e-01	5.105972e-16	2.416300e+04	3.939000e+03
53	91.737613	8.211863e-15	7.575000e-01	6.408018e-17	1.597000e+04	5.222100e+04
53	157.527200	2.479950e-09	9.583848e-01	2.479950e-09	7.049786e+03	5.806332e+04
53	568.696514	1.746530e-12	8.025000e-01	1.746530e-12	6.232000e+03	4.750900e+04
53	622.537216	3.630548e-13	8.750000e-01	3.630548e-13	8.957000e+03	3.974000e+03
53	342.333786	4.405478e-09	8.500000e-01	1.721459e-15	3.048500e+04	2.161600e+04
53	76.506855	1.904713e-09	7.701477e-01	6.943994e-16	3.995956e+04	4.410799e+04
53	64.363976	4.411175e-12	7.600000e-01	2.316237e-14	8.830000e+02	3.752600e+04
53	108.715819	9.362618e-12	9.800000e-01	4.314033e-17	2.262400e+04	2.789400e+04
53	389.005057	3.064052e-11	9.300000e-01	3.777324e-17	4.092800e+04	2.925600e+04
53	624.265146	1.934528e-13	8.675000e-01	1.934528e-13	1.057700e+04	2.157000e+03
53	371.463228	7.088516e-06	7.769533e-01	9.578852e-09	5.560064e+04	2.512324e+04
53	154.928700	1.000000e-05	7.752939e-01	1.995619e-09	3.872445e+04	7.584155e+03
53	622.520785	3.514898e-13	8.100000e-01	6.006583e-33	8.214000e+03	3.600700e+04
53	625.960093	1.135143e-13	8.925000e-01	1.135143e-13	1.243500e+04	2.082000e+03
53	664.257330	4.599968e-16	9.525000e-01	1.794308e-20	1.316600e+04	4.626100e+04
53	17310.549640	1.100000e-16	8.575000e-01	5.607916e-37	4.501800e+04	5.967200e+04
53	87.340146	1.000000e-05	7.750171e-01	2.247598e-12	2.991496e+04	2.430504e+04
53	630.968866	8.814450e-15	8.300000e-01	8.814450e-15	1.721400e+04	7.610000e+03
53	156.191828	1.000000e-05	7.752719e-01	2.219212e-09	5.230199e+04	7.322989e+03
53	13483.368323	8.287494e-08	9.200000e-01	9.331052e-17	5.194600e+04	4.775500e+04
53	627.412185	4.299585e-14	8.600000e-01	4.299585e-14	1.396900e+04	6.210000e+03
53	471.552662	2.947617e-06	9.492826e-01	8.700667e-13	4.245900e+04	5.335000e+04
53	640.784336	2.092015e-16	8.125000e-01	4.941697e-36	2.564000e+04	5.399200e+04
53	432.483023	1.000000e-05	7.525362e-01	1.000000e-08	4.957300e+04	6.455000e+03
53	269.034323	5.952317e-10	9.325000e-01	5.346502e-27	9.916000e+03	9.400000e+01
53	78.367836	6.425115e-12	7.575000e-01	1.514470e-12	1.830000e+02	2.814300e+04
53	647.589755	4.023996e-17	9.100000e-01	6.641502e-22	3.136700e+04	4.543700e+04
53	361.185792	3.074356e-11	9.875000e-01	2.210766e-15	3.637600e+04	1.936300e+04
53	429.622676	6.239219e-14	8.250000e-01	3.612396e-14	1.251100e+04	5.936500e+04
53	644.628254	9.722624e-17	8.975000e-01	5.745798e-21	2.904300e+04	2.768400e+04
53	337.983675	6.072821e-11	9.250000e-01	4.633503e-28	1.544300e+04	5.887000e+03
53	440.367675	3.854666e-11	8.249963e-01	3.854666e-11	4.332800e+04	4.673100e+04
53	621.776840	6.377826e-13	8.400000e-01	2.682985e-27	7.292000e+03	1.254700e+04
53	454.053482	1.000000e-05	8.300084e-01	3.428211e-12	5.514400e+04	4.786100e+04
53	410.079871	7.187651e-10	8.526509e-01	7.187651e-10	3.505300e+04	4.559800e+04
53	450.851679	9.999962e-06	8.525048e-01	6.267893e-12	5.662400e+04	4.688600e+04
53	376.719022	6.562030e-11	9.225000e-01	2.407831e-29	1.522900e+04	1.266500e+04
53	661.748344	2.799998e-16	9.875000e-01	4.240061e-20	2.162300e+04	4.404900e+04
53	475.857504	6.649212e-06	9.250138e-01	4.540777e-13	5.269900e+04	5.474700e+04
53	624.863047	2.695328e-13	9.150000e-01	1.341125e-29	1.106700e+04	2.064000e+04
53	634.564025	1.605387e-15	7.700000e-01	6.303748e-33	2.032700e+04	3.663200e+04
53	624.208903	6.147383e-13	9.750000e-01	4.099463e-32	1.253300e+04	3.380100e+04
53	427.233849	1.936448e-10	8.200165e-01	1.936448e-10	3.967200e+04	4.084700e+04
53	617.308348	7.469864e-12	7.925000e-01	7.275432e-28	6.230000e+02	1.489600e+04
53	648.984751	7.934134e-16	9.950000e-01	7.745622e-18	7.160000e+03	3.235700e+04
53	639.107224	7.525653e-16	9.025000e-01	4.684533e-34	2.447200e+04	4.042300e+04
53	450.098907	4.420475e-13	8.025000e-01	4.420475e-13	8.778000e+03	5.151100e+04
53	139.710495	8.279768e-16	9.975000e-01	7.675951e-21	5.068100e+04	4.771200e+04
53	418.474609	1.286007e-06	7.975171e-01	1.241832e-10	5.609600e+04	3.750000e+04
53	88.821695	1.000000e-05	7.750843e-01	2.788576e-12	4.159160e+04	2.377447e+04
53	74.393372	1.000000e-05	7.741951e-01	2.365016e-13	3.697317e+04	2.985003e+04
53	127.438603	7.664723e-06	7.755832e-01	1.792388e-10	5.454237e+04	1.351643e+04
53	397.161354	1.191821e-11	9.125000e-01	9.290427e-17	4.394800e+04	2.739100e+04
53	364.692221	2.753734e-14	7.950000e-01	2.753734e-14	1.132700e+04	3.434200e+04
53	627.129303	5.209768e-14	8.475000e-01	5.177465e-35	1.337000e+04	4.874100e+04
53	619.515148	1.289096e-11	9.675000e-01	2.255720e-31	4.406000e+03	2.811800e+04
53	619.366445	5.059018e-12	9.125000e-01	1.784928e-30	3.993000e+03	2.219200e+04
53	650.483194	1.421728e-17	9.250000e-01	1.749742e-34	3.425300e+04	4.604100e+04
53	80.490600	1.000000e-05	7.746848e-01	7.932376e-13	3.969901e+04	2.687103e+04
53	618.620100	6.687752e-12	8.950000e-01	3.943646e-30	2.832000e+03	2.220300e+04
53	87.346286	1.000000e-05	7.650226e-01	3.273189e-15	5.244200e+04	4.115900e+04
53	620.684002	6.701761e-13	8.975000e-01	6.701761e-13	6.151000e+03	5.650000e+03
53	170.138531	1.000000e-05	7.749805e-01	7.002609e-09	3.405801e+04	4.498043e+03
53	412.168503	4.318690e-06	8.150330e-01	3.303356e-10	5.338400e+04	3.575800e+04
53	110.572158	1.000000e-05	7.755391e-01	3.482276e-11	5.059533e+04	1.755312e+04
53	91.393269	9.915390e-06	7.751729e-01	3.920717e-12	5.440502e+04	2.293495e+04
53	105.969965	1.000000e-05	7.754879e-01	2.147692e-11	3.757192e+04	1.874405e+04
53	128.986757	1.000000e-05	7.755750e-01	2.060318e-10	3.248597e+04	1.317301e+04
53	342.289357	5.818476e-10	9.350000e-01	9.519047e-14	3.325600e+04	1.097900e+04
53	620.818708	5.694130e-12	9.800000e-01	6.108510e-30	7.928000e+03	1.996400e+04
53	458.644561	5.406990e-06	9.650068e-01	4.558088e-12	5.775100e+04	4.927200e+04
53	668.314574	7.400032e-16	8.275000e-01	1.705583e-22	1.719600e+04	5.798700e+04
53	12572.646729	6.234724e-08	9.500002e-01	5.080799e-14	4.915300e+04	3.240800e+04
53	16558.295763	1.000000e-05	9.374988e-01	7.046038e-17	5.961900e+04	4.842600e+04
53	1316.418573	8.998278e-14	8.925000e-01	2.271167e-34	3.119700e+04	3.548800e+04
53	472.499491	3.912664e-06	8.850005e-01	5.608910e-13	5.989600e+04	5.365600e+04
53	299.301980	9.930292e-09	7.762260e-01	9.930292e-09	4.266900e+04	2.241152e+03
53	384.506695	1.000000e-05	8.650198e-01	9.962862e-09	5.253600e+04	2.842100e+04
53	635.548737	1.420672e-15	8.125000e-01	1.420672e-15	2.121300e+04	3.373000e+03
53	239.687586	3.923880e-11	9.325000e-01	8.054893e-31	1.660200e+04	1.824200e+04
53	457.267576	1.000000e-05	7.924888e-01	1.292240e-12	5.457200e+04	4.885300e+04
53	160.787431	3.744056e-06	7.751853e-01	3.254229e-09	5.862668e+04	6.381681e+03
53	622.907922	2.909416e-13	8.500000e-01	2.909416e-13	9.141000e+03	3.642000e+03
53	435.726875	6.915058e-06	8.000231e-01	1.894213e-11	5.352800e+04	4.240300e+04
53	98.794636	4.095465e-12	9.875000e-01	1.200667e-15	2.582400e+04	2.054600e+04
53	622.515007	6.144650e-13	8.825000e-01	8.711905e-31	8.240000e+03	2.579400e+04
53	114.866230	4.626228e-12	9.475000e-01	7.929993e-33	2.213300e+04	2.933900e+04
53	376.258464	4.301402e-08	7.500000e-01	9.911808e-09	2.631909e+04	3.154216e+04
53	70.672798	1.000000e-05	7.736614e-01	7.827349e-14	3.788101e+04	3.256997e+04
53	82.715929	1.094339e-15	9.825000e-01	9.177828e-17	4.474100e+04	2.622600e+04
53	419.336968	1.739808e-10	9.275283e-01	1.739808e-10	3.690000e+04	4.519000e+04
53	585.791160	1.360123e-13	8.675000e-01	1.360123e-13	1.346600e+04	5.587800e+04
53	142.345485	1.000000e-05	7.750194e-01	6.861062e-10	4.778600e+04	1.024400e+04
53	466.977820	1.546309e-12	8.100001e-01	1.546309e-12	5.160200e+04	5.618100e+04
53	169.241082	1.000000e-05	7.750027e-01	6.519101e-09	5.217200e+04	4.674002e+03
53	637.344107	1.958990e-15	9.375000e-01	1.426381e-34	2.344100e+04	4.110400e+04
53	444.603943	9.373841e-12	9.725058e-01	9.373841e-12	4.252400e+04	5.019100e+04
53	618.481295	3.805202e-11	9.750000e-01	2.265841e-30	2.568000e+03	2.422900e+04
53	164.680356	1.517672e-08	9.975000e-01	6.290320e-14	9.851000e+03	1.139500e+04
53	450.539769	2.558138e-12	9.600001e-01	2.558138e-12	4.596500e+04	5.692500e+04
53	151.653519	9.754279e-06	7.753481e-01	1.514391e-09	5.424302e+04	8.262951e+03
53	395.217657	1.624057e-13	7.525000e-01	3.195023e-14	9.194000e+03	5.102100e+04
53	122.749449	9.999999e-06	7.532188e-01	1.670507e-15	5.614401e+04	4.676600e+04
53	7147.149481	9.403934e-08	9.150003e-01	4.693855e-11	4.937200e+04	1.570900e+04
53	623.164201	1.803531e-13	7.800000e-01	1.803531e-13	9.079000e+03	8.206000e+03
53	664.143478	2.006191e-17	9.025000e-01	2.500650e-20	5.997000e+03	4.604800e+04
53	472.452038	4.572203e-07	8.025001e-01	2.415509e-13	4.815300e+04	5.364500e+04
53	393.186234	2.608960e-11	8.875000e-01	9.199429e-17	4.266400e+04	2.773500e+04
53	636.478798	1.483601e-16	7.600000e-01	1.483601e-16	2.086600e+04	3.338500e+04
53	466.715498	9.071026e-07	7.800014e-01	2.902823e-13	5.632300e+04	5.181700e+04
53	446.584973	4.753776e-06	8.775155e-01	1.254103e-11	5.764000e+04	4.560100e+04
53	401.383356	4.214104e-12	8.100000e-01	4.323657e-13	2.218000e+03	5.249100e+04
53	617.945500	4.246344e-12	7.750000e-01	5.293988e-27	1.735000e+03	1.051700e+04
53	98.331001	1.000000e-05	7.753568e-01	9.167196e-12	4.108602e+04	2.084204e+04
53	623.663345	2.116270e-13	8.200000e-01	1.037543e-29	9.579000e+03	2.116600e+04
53	206.514214	1.258995e-11	9.350000e-01	5.992859e-31	1.942800e+04	1.920900e+04
53	134.715001	6.223133e-17	9.875000e-01	6.223133e-17	5.238300e+04	1.132700e+04
53	162.930805	3.847044e-09	9.585608e-01	3.847044e-09	5.970021e+03	4.957001e+04
53	357.350342	9.019099e-06	7.572170e-01	9.999291e-09	5.381702e+04	2.174500e+04
53	88.549340	1.000000e-05	7.750739e-01	2.686868e-12	4.042933e+04	2.386601e+04
53	188.054975	2.946488e-08	9.595415e-01	1.000000e-08	9.700100e+02	4.905600e+04
53	161.312323	3.895243e-09	9.675000e-01	1.402059e-13	6.557000e+03	7.461000e+03
53	165.924249	4.761165e-09	9.587119e-01	4.761165e-09	5.445011e+03	4.524900e+04
53	640.143578	2.907516e-16	8.350000e-01	2.907516e-16	2.522400e+04	1.500400e+04
53	638.614342	5.506642e-16	8.400000e-01	4.607815e-38	2.385600e+04	5.984500e+04
53	421.970466	3.554498e-10	7.500000e-01	3.200909e-10	3.847199e+04	4.370591e+04
53	630.804426	6.895459e-15	7.700000e-01	1.953289e-33	1.692600e+04	4.504200e+04
53	618.988195	6.056806e-12	9.075000e-01	1.107092e-25	3.412000e+03	4.728000e+03
53	621.681604	4.555058e-13	8.225000e-01	4.555058e-13	7.543000e+03	3.753000e+03
53	620.343048	1.884760e-12	8.750000e-01	4.470314e-32	5.394000e+03	3.392500e+04
53	408.430782	1.481495e-12	9.100000e-01	1.108082e-15	4.934400e+04	2.170800e+04
53	656.890001	1.490983e-18	8.350000e-01	1.106133e-19	3.523200e+04	4.247000e+04
53	6903.225788	2.109720e-06	8.875009e-01	3.236325e-15	3.798300e+04	3.916800e+04
53	436.966965	1.087819e-06	8.175137e-01	2.172843e-11	5.879700e+04	4.276200e+04
53	625.606247	7.227039e-14	7.950000e-01	2.111183e-31	1.174300e+04	2.840300e+04
53	7106.365528	2.208351e-08	8.925009e-01	6.976919e-15	4.942400e+04	3.729200e+04
53	656.734172	6.399896e-16	9.600000e-01	3.187636e-19	1.853100e+04	3.973300e+04
53	635.781273	1.754965e-15	9.725000e-01	2.785653e-36	2.623600e+04	4.588400e+04
53	124.610518	1.000000e-05	7.550304e-01	3.136797e-14	4.376500e+04	3.849300e+04
53	181.544169	1.000000e-05	7.733787e-01	6.280802e-09	1.705798e+04	4.590014e+03
53	649.143163	1.108706e-17	8.250000e-01	4.246464e-36	3.254300e+04	5.070700e+04
53	2758.947574	5.129527e-10	8.575000e-01	5.129527e-10	9.911000e+03	5.665300e+04
53	401.520725	5.782029e-12	8.675000e-01	7.937534e-13	2.493000e+03	5.248100e+04
53	411.737991	9.211034e-10	7.825104e-01	9.211034e-10	3.560300e+04	4.550600e+04
53	367.738268	5.581673e-11	9.350000e-01	1.503590e-14	3.920500e+04	1.533700e+04
53	24463.832677	3.918129e-15	8.200000e-01	2.754070e-20	3.840500e+04	5.653100e+04
53	96.592407	8.346508e-06	7.753174e-01	7.469990e-12	5.360769e+04	2.134657e+04
53	623.876284	3.101859e-13	8.825000e-01	8.994643e-31	9.866000e+03	2.535800e+04
53	653.848634	6.599639e-16	9.775000e-01	1.018623e-18	1.971600e+04	3.699600e+04
53	309.087038	7.332266e-09	9.825000e-01	7.614441e-15	2.339400e+04	1.650300e+04
53	625.999669	4.738442e-14	8.950000e-01	4.738442e-14	1.255000e+04	1.187100e+04
53	622.282580	3.168906e-13	8.800000e-01	3.168906e-13	8.755000e+03	6.321000e+03
53	653.446179	6.639106e-18	8.050000e-01	1.026356e-18	3.051500e+04	3.893800e+04
53	440.120588	3.644945e-15	9.925000e-01	5.326852e-17	5.805600e+04	2.794300e+04
53	410.662230	7.007328e-13	8.875000e-01	4.530290e-13	7.998000e+03	5.425700e+04
53	113.612060	1.000000e-05	7.755622e-01	4.742979e-11	4.530735e+04	1.679178e+04
53	635.294517	2.776952e-15	8.900000e-01	8.750945e-36	2.112600e+04	5.242300e+04
53	621.545752	7.140696e-13	9.050000e-01	7.140696e-13	7.992000e+03	2.418000e+03
53	306.407728	5.894846e-09	9.825000e-01	7.100300e-14	2.394600e+04	1.124300e+04
53	301.509499	4.519345e-13	9.275000e-01	1.837955e-28	2.748000e+04	6.171000e+03
53	167.900087	9.993230e-06	7.750337e-01	5.843056e-09	5.606422e+04	4.943019e+03
53	82.631573	1.000000e-05	7.748076e-01	1.127514e-12	3.673901e+04	2.600500e+04
53	68.753269	1.000000e-05	7.727784e-01	1.650954e-14	5.962200e+04	3.639401e+04
53	636.230747	1.301678e-15	8.375000e-01	2.611021e-30	2.182200e+04	2.599900e+04
53	2393.839855	4.473038e-08	8.400006e-01	1.403572e-14	4.967900e+04	3.567500e+04
53	14630.049498	1.555801e-08	9.550000e-01	6.032951e-15	5.544900e+04	3.760500e+04
53	126.579719	6.967428e-06	7.755855e-01	1.655253e-10	5.135826e+04	1.371249e+04
53	414.991520	4.183336e-10	8.974800e-01	4.183336e-10	3.571800e+04	4.200500e+04
53	629.578690	2.778723e-14	9.750000e-01	2.327266e-33	1.998100e+04	3.777900e+04
53	476.040022	6.186410e-06	8.850067e-01	3.576200e-13	5.891900e+04	5.480700e+04
53	100.031901	1.000000e-05	7.752823e-01	9.918926e-12	2.371497e+04	2.063802e+04
53	620.897187	5.663888e-12	9.750000e-01	1.236364e-31	7.175000e+03	2.825600e+04
53	489.672968	3.574121e-07	8.824964e-01	5.926502e-14	4.813900e+04	5.936800e+04
53	116.088437	1.000000e-05	7.755760e-01	6.069733e-11	5.438001e+04	1.618403e+04
53	68.182627	1.017388e-13	7.700000e-01	2.933526e-15	7.485000e+03	4.083500e+04
53	646.155090	3.029606e-17	8.125000e-01	1.106659e-20	3.006400e+04	1.081900e+04
53	478.914484	1.283689e-06	9.274596e-01	3.101524e-13	4.415100e+04	5.575100e+04
53	633.988122	3.706312e-15	8.650000e-01	1.865003e-30	1.990200e+04	2.687200e+04
53	342.759364	8.338213e-06	7.524453e-01	9.798922e-09	5.279981e+04	1.900956e+04
53	454.665000	5.649420e-06	7.669041e-01	9.968687e-09	5.582002e+04	1.308089e+03
53	624.571907	3.283758e-13	9.200000e-01	1.896802e-31	1.075900e+04	2.717000e+04
53	109.543966	1.000000e-05	7.755292e-01	3.131210e-11	4.258899e+04	1.781499e+04
53	628.168703	6.081396e-14	9.150000e-01	1.510888e-36	1.458700e+04	5.210500e+04
53	385.693835	6.014954e-09	9.249997e-01	6.014954e-09	2.797700e+04	3.648200e+04
53	624.012936	4.308468e-13	9.200000e-01	1.805300e-29	1.011400e+04	1.866200e+04
53	7499.724683	2.947326e-08	9.150001e-01	3.029177e-12	5.491300e+04	2.242700e+04
53	641.767519	5.503483e-07	9.275015e-01	1.333583e-16	5.305500e+04	2.644200e+04
53	399.866761	4.950193e-07	7.851216e-01	6.843413e-10	5.719100e+04	3.244300e+04
53	637.887162	5.231838e-16	7.900000e-01	5.231838e-16	2.319800e+04	1.547000e+03
53	647.004228	3.369898e-17	8.725000e-01	7.679035e-34	3.088000e+04	4.150500e+04
53	89.927410	9.424203e-13	9.750000e-01	6.329834e-18	2.764500e+04	3.188100e+04
53	631.419546	8.194277e-15	8.550000e-01	8.194277e-15	1.778900e+04	9.493000e+03
53	434.308166	1.860638e-07	7.750049e-01	1.142813e-11	5.885400e+04	4.200400e+04
53	396.683063	4.153364e-09	8.750006e-01	4.153364e-09	3.075300e+04	3.453000e+04
53	171.647069	1.000000e-05	7.749454e-01	7.929034e-09	4.748323e+04	4.192960e+03
53	5870.501178	4.529875e-07	8.850005e-01	2.869673e-14	4.347600e+04	3.385100e+04
53	169.631589	8.840783e-06	7.749936e-01	6.729967e-09	5.543716e+04	4.595782e+03
53	635.733768	1.363173e-15	8.650000e-01	1.363173e-15	2.197500e+04	1.659900e+04
53	642.404006	1.305961e-16	8.300000e-01	2.009043e-34	2.699900e+04	4.410800e+04
53	386.980905	1.000870e-08	8.560104e-01	1.000000e-08	2.853004e+04	3.397902e+04
53	-1.000000	-1.000000e+00	-1.000000e+00	-1.000000e+00	-1.000000e+00	-1.000000e+00
53	639.030907	3.038013e-16	7.675000e-01	3.647425e-32	2.415000e+04	3.497200e+04
53	79.731813	1.000000e-05	7.746365e-01	6.956687e-13	5.275219e+04	2.719425e+04
53	438.290205	1.875028e-11	9.450057e-01	1.875028e-11	4.195500e+04	5.014200e+04
53	624.832413	1.651777e-13	8.625000e-01	2.571489e-31	1.093000e+04	2.912500e+04
53	365.744808	2.083596e-10	9.525000e-01	7.867176e-17	3.501300e+04	2.735800e+04
53	2083.477559	8.089894e-08	8.450002e-01	2.555786e-10	5.244800e+04	1.164600e+04
53	622.130080	3.273453e-13	7.750000e-01	3.273453e-13	7.823000e+03	3.241000e+03
53	82.902012	1.000000e-05	7.748226e-01	1.177595e-12	4.188452e+04	2.589800e+04
53	146.922672	1.101651e-15	7.825000e-01	1.101651e-15	2.888000e+03	4.239700e+04
53	664.665417	5.478401e-19	8.450000e-01	5.523195e-21	3.724100e+04	5.001000e+04
53	637.960101	6.995626e-16	8.400000e-01	6.132074e-21	2.330300e+04	2.271800e+04
53	631.785462	9.851703e-15	8.800000e-01	2.133066e-36	1.794000e+04	5.270700e+04
53	69.040668	1.000000e-05	7.724452e-01	9.725822e-15	4.517200e+04	3.769301e+04
53	626.585864	3.616439e-14	7.500000e-01	5.240217e-15	1.277100e+04	5.145900e+04
53	642.595122	1.282043e-16	8.375000e-01	5.631843e-37	2.716700e+04	5.351700e+04
53	167.623534	3.862073e-10	9.450000e-01	3.862073e-10	1.119500e+04	5.250500e+04
53	635.242476	1.916030e-15	8.400000e-01	2.570393e-35	2.096800e+04	4.860700e+04
53	452.056983	1.000000e-05	9.050054e-01	7.737702e-12	4.886500e+04	4.725100e+04
53	619.845668	2.049722e-12	8.500000e-01	1.498137e-27	4.684000e+03	1.324900e+04
53	101.599024	8.080445e-16	9.850000e-01	1.317458e-20	4.584300e+04	4.626200e+04
53	344.294277	9.545337e-07	7.500000e-01	6.941231e-09	1.849901e+04	4.291299e+04
53	360.137217	2.101067e-07	7.500000e-01	8.917048e-09	2.231413e+04	3.654732e+04
53	381.780296	2.237394e-08	7.875123e-01	1.000000e-08	2.751600e+04	3.451300e+04
53	540.410467	9.784170e-14	7.625000e-01	9.784170e-14	1.207800e+04	3.052100e+04
53	663.490871	4.949185e-19	7.775000e-01	1.885665e-20	3.495000e+04	4.976200e+04
53	163.957640	8.887822e-07	7.751204e-01	4.228431e-09	5.969410e+04	5.737893e+03
53	330.488317	1.616047e-09	9.625000e-01	1.643901e-14	2.920000e+04	1.486300e+04
53	141.519831	1.000000e-05	7.754834e-01	6.339133e-10	4.968399e+04	1.040599e+04
53	620.250564	1.711909e-12	8.575000e-01	6.826412e-33	5.260000e+03	3.748900e+04
53	660.514351	1.000000e-16	9.000000e-01	8.180596e-22	2.578000e+04	5.261200e+04
53	103.296197	1.292380e-15	9.900000e-01	3.027537e-20	4.580300e+04	4.458200e+04
53	427.677228	1.224359e-13	9.850000e-01	3.038449e-18	5.091400e+04	3.450600e+04
53	170.036737	6.955076e-09	9.587875e-01	6.955076e-09	4.514945e+03	5.964197e+04
53	366.259815	7.016102e-11	9.650000e-01	9.165926e-16	3.696800e+04	2.158900e+04
53	466.709145	2.465305e-12	8.100000e-01	2.465305e-12	5.034000e+03	4.729100e+04
53	15013.069648	4.900000e-16	8.575000e-01	5.557505e-36	4.152600e+04	5.051100e+04
53	641.871406	1.556070e-16	8.275000e-01	1.527090e-19	2.655600e+04	6.151000e+03
53	145.455033	1.000000e-05	7.754364e-01	8.913694e-10	3.718295e+04	9.567028e+03
53	628.699533	2.495833e-14	8.425000e-01	2.495833e-14	1.500200e+04	2.816000e+03
53	428.045318	4.574450e-14	8.000000e-01	4.574450e-14	5.527000e+03	3.302800e+04
53	124.709246	1.000000e-05	7.755890e-01	1.389851e-10	3.946728e+04	1.414295e+04
53	68.847934	1.000000e-05	7.726086e-01	1.261608e-14	3.199212e+04	3.705409e+04
53	77.593706	2.232934e-10	7.699553e-01	5.479162e-16	4.513680e+04	4.468600e+04
53	326.110810	1.206332e-09	9.625000e-01	6.244920e-13	2.994200e+04	6.239000e+03
53	631.075977	1.394787e-14	8.875000e-01	4.079205e-37	1.730000e+04	5.820700e+04
53	103.453207	1.888936e-14	9.925000e-01	2.208786e-20	4.013700e+04	4.532900e+04
53	77.218594	5.401529e-12	7.575000e-01	1.206272e-12	6.010000e+02	2.869500e+04
53	397.663663	4.604932e-09	8.750355e-01	4.604932e-09	3.121500e+04	3.274100e+04
53	452.321466	3.954392e-06	8.575251e-01	5.487504e-12	5.816200e+04	4.733200e+04
53	125.027243	4.989432e-06	7.755886e-01	1.432197e-10	5.699402e+04	1.406903e+04
53	633.262810	9.051665e-15	9.325000e-01	4.164235e-30	1.966800e+04	2.398400e+04
53	90.339177	9.845774e-06	7.751381e-01	3.416638e-12	5.782701e+04	2.327402e+04
53	652.528491	1.198617e-17	9.025000e-01	3.903886e-23	3.372200e+04	5.602300e+04
53	634.646667	2.277361e-15	8.325000e-01	5.858538e-35	2.043800e+04	4.647500e+04
53	373.057874	1.056865e-08	9.625576e-01	1.000000e-08	2.465401e+04	3.580602e+04
53	618.797744	4.276051e-12	8.600000e-01	3.311067e-31	3.114000e+03	2.947100e+04
53	510.225291	4.848796e-12	9.150000e-01	3.650928e-29	2.156100e+04	6.056000e+03
53	69.993699	1.390461e-06	7.720389e-01	5.262125e-15	5.634695e+04	3.920009e+04
53	126.998488	1.000000e-05	7.755843e-01	1.720833e-10	5.236400e+04	1.361679e+04
53	68.753304	1.000000e-05	7.727782e-01	1.650276e-14	5.516499e+04	3.639502e+04
53	629.151227	1.764992e-14	8.150000e-01	2.513069e-33	1.536800e+04	4.193000e+04
53	402.215214	1.021427e-12	7.875000e-01	3.177245e-13	5.283000e+03	5.214800e+04
53	624.203665	5.268097e-13	9.424991e-01	3.699074e-30	1.050900e+04	2.454400e+04
53	9061.800598	1.778693e-08	9.175001e-01	3.649680e-14	5.645700e+04	3.323500e+04
53	401.926989	3.452127e-12	8.150000e-01	4.529316e-13	2.777000e+03	5.256100e+04
53	-1.000000	-1.000000e+00	-1.000000e+00	-1.000000e+00	-1.000000e+00	-1.000000e+00
53	651.148912	3.199011e-16	9.625000e-01	3.291999e-18	1.941100e+04	3.449400e+04
53	426.941300	9.764998e-11	9.375045e-01	9.764998e-11	3.839300e+04	4.471800e+04
53	326.737262	5.156136e-10	9.275000e-01	1.192913e-29	1.021100e+04	1.270000e+04
53	638.965996	3.287257e-16	7.775000e-01	1.085331e-32	2.410000e+04	3.763200e+04
53	368.695021	9.348459e-11	9.825000e-01	9.267771e-18	3.442600e+04	3.199000e+04
53	382.839119	2.221857e-11	8.650000e-01	2.288167e-14	4.360600e+04	1.529200e+04
53	625.209177	2.289407e-13	9.150000e-01	1.477494e-32	1.145400e+04	3.741800e+04
53	122.030621	1.000000e-05	7.755904e-01	1.079269e-10	4.072099e+04	1.476599e+04
53	415.190833	3.553322e-14	9.925000e-01	8.882229e-16	5.223900e+04	2.145500e+04
53	642.579376	2.367023e-16	9.150000e-01	8.230372e-36	2.750000e+04	5.252000e+04
53	674.009469	1.100001e-16	9.750000e-01	6.321242e-23	1.894600e+04	5.846300e+04
53	634.931086	1.565981e-15	7.900000e-01	1.549294e-32	2.065700e+04	3.815500e+04
53	641.866815	1.255469e-16	7.925000e-01	1.328230e-34	2.652100e+04	5.016900e+04
53	617.614286	1.100927e-11	8.750000e-01	8.094597e-32	1.154000e+03	3.019700e+04
53	180.897434	2.253582e-11	9.955401e-01	2.253582e-11	2.409301e+04	5.001000e+04
53	71.754588	1.000000e-05	7.738568e-01	1.150734e-13	4.440101e+04	3.162233e+04
53	377.486535	3.863461e-14	7.975000e-01	3.863461e-14	7.773000e+03	3.347400e+04
53	402.848858	4.472042e-13	7.925000e-01	3.968703e-13	7.329000e+03	5.188300e+04
53	671.152531	4.322124e-20	8.050001e-01	4.322124e-20	3.032000e+04	4.787500e+04
53	479.291842	6.766723e-06	8.775008e-01	2.242901e-13	5.984600e+04	5.587600e+04
53	266.627006	4.676859e-07	7.612659e-01	9.882073e-09	2.073703e+04	1.394092e+03
53	204.389202	3.337989e-13	9.350000e-01	1.483905e-28	2.831400e+04	5.795000e+03
53	483.511573	1.191315e-13	8.025000e-01	1.191315e-13	4.815000e+03	3.066800e+04
53	10221.840493	5.986637e-15	8.025000e-01	3.586061e-35	3.764300e+04	4.695400e+04
53	80.723622	9.475765e-06	7.746873e-01	8.131452e-13	2.956101e+04	2.680900e+04
53	622.342322	3.075302e-13	7.725000e-01	3.416230e-28	7.989000e+03	1.671300e+04
53	659.226913	9.520779e-18	8.025000e-01	3.904741e-21	3.005000e+04	5.036400e+04
53	12199.594919	9.223259e-08	9.050001e-01	1.000000e-08	4.693000e+04	1.185000e+03
53	312.711700	9.043731e-09	9.350000e-01	4.882438e-13	2.631200e+04	7.087000e+03
53	631.957274	8.471451e-15	8.700000e-01	1.255420e-34	1.807600e+04	4.593700e+04
53	165.243666	1.000000e-05	7.750928e-01	4.700148e-09	5.037702e+04	5.477937e+03
53	622.201849	9.625179e-13	9.100000e-01	2.147910e-26	7.888000e+03	8.994000e+03
53	663.567026	1.400000e-16	9.575000e-01	2.694638e-22	2.664300e+04	5.466000e+04
53	673.903896	1.800009e-16	9.650000e-01	7.710469e-23	1.457700e+04	5.811500e+04
53	422.251644	1.935557e-10	9.499879e-01	1.935557e-10	3.655100e+04	4.202100e+04
53	628.153455	2.069800e-14	7.800000e-01	2.069800e-14	1.445200e+04	8.107000e+03
53	652.001040	6.000000e-16	9.375000e-01	1.720103e-21	2.409700e+04	4.954200e+04
