34	233638.063298	1.000000e-08	9.638996e-01	1.000000e-08	5.876000e+04	1.687000e+03
34	20920.456404	9.398533e-06	9.050188e-01	4.956264e-09	5.734000e+04	2.909500e+04
34	22255.862927	5.685255e-12	9.677000e-01	5.685255e-12	4.283400e+04	5.069500e+04
34	11168.604184	1.507759e-12	8.822000e-01	5.458186e-14	8.057000e+03	5.644900e+04
34	34424.123812	6.428518e-12	9.164000e-01	2.202946e-29	1.978600e+04	1.321600e+04
34	6270.920430	8.348682e-13	9.962000e-01	8.348682e-13	3.082600e+04	7.785000e+03
34	20353.902534	1.243105e-07	8.100000e-01	9.473082e-09	2.270102e+04	2.841023e+04
34	24235.342938	1.038016e-12	8.955000e-01	4.419052e-34	9.331000e+03	4.018300e+04
34	22819.690573	2.158427e-06	9.352662e-01	9.399848e-13	4.140200e+04	5.062800e+04
34	-1.000000	-1.000000e+00	-1.000000e+00	-1.000000e+00	-1.000000e+00	-1.000000e+00
34	76594.306991	4.000000e-16	9.525000e-01	7.938112e-37	3.524000e+04	5.269200e+04
34	32488.598049	2.600000e-16	9.810000e-01	1.051131e-20	1.849100e+04	4.937300e+04
34	4870.341680	1.619791e-10	9.791000e-01	1.077014e-12	1.411400e+04	7.191000e+03
34	21275.052476	1.000000e-05	8.366188e-01	2.873322e-10	3.415100e+04	3.312400e+04
34	4195.178462	1.000000e-05	8.447714e-01	2.657598e-10	2.273600e+04	1.090900e+04
34	23503.448415	1.050314e-11	9.183000e-01	2.968726e-31	4.517000e+03	2.394800e+04
34	16299.684644	4.280362e-12	9.468000e-01	3.471021e-18	4.429500e+04	3.697600e+04
34	-1.000000	-1.000000e+00	-1.000000e+00	-1.000000e+00	-1.000000e+00	-1.000000e+00
34	20894.326352	1.012966e-08	8.100000e-01	9.803430e-09	2.879883e+04	4.008105e+04
34	15494.067783	1.020061e-10	9.696000e-01	3.340800e-18	3.512300e+04	3.674600e+04
34	4190.395289	2.218434e-10	9.519083e-01	2.218434e-10	1.134304e+04	4.759198e+04
34	27525.247675	3.508988e-16	8.480000e-01	3.508988e-16	1.376100e+04	3.045600e+04
34	8540.280791	3.595800e-10	8.286724e-01	2.421934e-10	3.667700e+04	9.759959e+02
34	25451.751162	4.813444e-14	8.936000e-01	4.813444e-14	1.578300e+04	1.313900e+04
34	9883.012454	2.171929e-12	8.176000e-01	6.300802e-13	5.928000e+03	4.510800e+04
34	25552.049875	5.384914e-14	8.765000e-01	1.584910e-33	1.579200e+04	4.141200e+04
34	-1.000000	-1.000000e+00	-1.000000e+00	-1.000000e+00	-1.000000e+00	-1.000000e+00
34	4180.459217	1.000000e-05	8.443883e-01	1.387173e-10	3.704000e+04	1.249800e+04
34	29777.359960	4.484405e-16	9.810000e-01	1.430652e-17	1.195900e+04	3.343500e+04
34	10899.434257	3.139734e-12	8.784000e-01	5.145950e-14	6.223000e+03	5.647200e+04
34	4226.023333	4.992996e-10	9.508811e-01	4.992996e-10	9.388027e+03	5.217399e+04
34	-1.000000	-1.000000e+00	-1.000000e+00	-1.000000e+00	-1.000000e+00	-1.000000e+00
34	10593.143232	3.021130e-09	9.202000e-01	2.960751e-14	2.936200e+04	1.699800e+04
34	23614.227269	4.457621e-12	8.612977e-01	1.937724e-34	5.059000e+03	4.140100e+04
34	32944.768163	3.000001e-17	9.487000e-01	1.346980e-21	2.587000e+04	5.424300e+04
34	7170.313468	1.000000e-08	8.404011e-01	1.000000e-08	3.451800e+04	1.378000e+03
34	10276.028473	1.662262e-12	9.810000e-01	6.299833e-13	4.402100e+04	8.949000e+03
34	21025.025963	4.989129e-09	8.338859e-01	4.989129e-09	3.017700e+04	3.533700e+04
34	20851.434847	2.382184e-06	8.195140e-01	7.348955e-10	4.233700e+04	2.837600e+04
34	420450.991032	3.687936e-08	9.183000e-01	4.041397e-16	5.199700e+04	4.300600e+04
34	26216.881374	1.202127e-14	9.354000e-01	1.134141e-33	2.131400e+04	3.767700e+04
34	27064.117928	2.980216e-15	8.594000e-01	1.188075e-34	2.207900e+04	4.523300e+04
34	23620.636566	3.475612e-12	8.290000e-01	2.392834e-26	5.047000e+03	7.789000e+03
34	10342.732165	2.176968e-12	9.943000e-01	2.210780e-13	4.035000e+04	1.126300e+04
34	33310.506407	2.500005e-16	9.221000e-01	2.496044e-22	1.954400e+04	5.839000e+04
34	-1.000000	-1.000000e+00	-1.000000e+00	-1.000000e+00	-1.000000e+00	-1.000000e+00
34	26539.955223	6.058150e-15	8.138000e-01	2.357203e-30	1.964900e+04	3.225200e+04
34	4402.424337	1.560209e-09	9.525000e-01	8.240242e-14	6.724000e+03	7.971000e+03
34	8966.080155	5.034555e-09	9.791001e-01	8.926874e-14	1.554000e+03	5.749700e+04
34	103934.914569	1.486430e-15	9.183000e-01	1.489263e-22	3.985200e+04	5.955800e+04
34	4252.150266	1.000000e-05	8.455847e-01	6.674066e-10	3.523600e+04	8.684998e+03
34	23160.653148	2.031030e-06	9.259006e-01	1.868082e-13	5.769900e+04	5.442600e+04
34	11173.087271	5.501170e-13	8.366000e-01	7.392378e-14	9.506000e+03	5.338100e+04
34	-1.000000	-1.000000e+00	-1.000000e+00	-1.000000e+00	-1.000000e+00	-1.000000e+00
34	20442.029482	8.261489e-08	8.100000e-01	8.904860e-09	2.369385e+04	3.332205e+04
34	7397.935181	7.484764e-12	9.430000e-01	3.772318e-28	1.949200e+04	4.669000e+03
34	6694.695051	4.831727e-10	8.233000e-01	1.960592e-14	3.665500e+04	3.245200e+04
34	27469.041009	1.272089e-15	9.107000e-01	1.272089e-15	2.502100e+04	1.945100e+04
34	13348.872584	5.594574e-09	8.860000e-01	1.410692e-16	2.881400e+04	3.005400e+04
34	4982.217056	1.179172e-12	9.563000e-01	9.479171e-17	2.410800e+04	2.478400e+04
34	25709.070698	3.875896e-14	8.974000e-01	3.875896e-14	1.701600e+04	8.567000e+03
34	6985.178125	2.203125e-06	8.338436e-01	1.261303e-14	5.950924e+04	3.504726e+04
34	4728.780491	6.956252e-09	8.359874e-01	8.256670e-13	3.247604e+04	2.465411e+04
34	144312.542848	3.858261e-07	8.784005e-01	4.018804e-16	4.097700e+04	4.304400e+04
34	23451.246624	1.410975e-11	9.601000e-01	8.126223e-32	6.192000e+03	2.804100e+04
34	7397.900407	1.938961e-10	9.373000e-01	1.134709e-28	1.159300e+04	4.595000e+03
34	21605.725255	6.005843e-12	9.962362e-01	6.005843e-12	3.694800e+04	5.342700e+04
34	10538.452120	1.201259e-08	9.924000e-01	5.129872e-15	2.008900e+04	1.998800e+04
34	4311.905490	8.954806e-10	9.508166e-01	8.954806e-10	7.949033e+03	4.314895e+04
34	108105.713935	2.177591e-07	9.069003e-01	1.025058e-11	4.588000e+04	1.862300e+04
34	5460.753586	2.182753e-12	8.309000e-01	3.988097e-14	3.999000e+03	3.275200e+04
34	20517.232361	1.040468e-06	8.359396e-01	9.489399e-09	5.505818e+04	2.454883e+04
34	31896.965334	8.200000e-16	9.696000e-01	4.614840e-21	2.383600e+04	5.090900e+04
34	335806.472887	4.394403e-15	8.708000e-01	3.532250e-35	3.730700e+04	5.453100e+04
34	24936.384408	2.146991e-13	9.031000e-01	3.953069e-35	1.326300e+04	4.614100e+04
34	5982.886120	9.830585e-06	8.363338e-01	9.448999e-14	4.875096e+04	3.018807e+04
34	15465.096803	4.352753e-11	9.525000e-01	7.285332e-18	3.833600e+04	3.524400e+04
34	13235.040764	1.658857e-10	9.544000e-01	4.110724e-16	3.497400e+04	2.619100e+04
34	-1.000000	-1.000000e+00	-1.000000e+00	-1.000000e+00	-1.000000e+00	-1.000000e+00
34	11998.957722	5.714340e-09	8.955000e-01	1.896445e-15	2.852900e+04	2.388100e+04
34	25968.372203	2.401913e-14	8.746000e-01	2.474225e-35	1.761800e+04	5.002700e+04
34	27294.983841	2.292151e-17	8.290000e-01	2.292151e-17	1.960800e+04	3.913500e+04
34	23338.777796	9.708593e-06	9.479551e-01	9.757258e-14	5.028400e+04	5.639100e+04
34	4628.130275	1.106294e-09	9.540371e-01	1.106294e-09	7.263002e+03	3.759601e+04
34	5231.012784	7.844930e-11	8.311179e-01	1.278392e-12	4.205800e+04	2.326100e+04
34	16296.991450	9.974424e-09	8.300071e-01	9.974424e-09	4.599383e+04	1.061189e+02
34	28173.927786	4.319263e-16	8.860000e-01	2.045053e-37	2.707100e+04	5.869800e+04
34	4862.068719	1.253405e-12	8.350506e-01	2.969379e-13	5.326163e+04	2.714722e+04
34	-1.000000	-1.000000e+00	-1.000000e+00	-1.000000e+00	-1.000000e+00	-1.000000e+00
34	25414.725386	7.823784e-14	8.993000e-01	1.207017e-31	1.551200e+04	3.052700e+04
34	8114.258657	1.571650e-09	9.639000e-01	9.275336e-12	2.891300e+04	2.752000e+03
34	9593.496259	4.759504e-11	9.563000e-01	1.088544e-12	3.792400e+04	7.970000e+03
34	23665.636997	4.845323e-12	8.916999e-01	9.745011e-33	5.563999e+03	3.388600e+04
34	4410.572599	1.000000e-05	8.461971e-01	1.971693e-09	2.623701e+04	6.056992e+03
34	11272.351015	3.092729e-09	9.715000e-01	4.124407e-15	2.666300e+04	2.072800e+04
34	23541.437218	1.843056e-11	9.810000e-01	1.520347e-31	8.896000e+03	2.751100e+04
34	6216.424067	6.391921e-07	8.309834e-01	1.000000e-08	1.936700e+04	6.779997e+02
34	11536.063568	4.589841e-13	8.822000e-01	9.068190e-14	1.086700e+04	5.520100e+04
34	25955.877499	2.548290e-14	8.822000e-01	3.842334e-33	1.766100e+04	3.759200e+04
34	5821.171799	4.866389e-10	8.275235e-01	1.268840e-15	3.743467e+04	4.000708e+04
34	10166.499779	2.355916e-10	9.924000e-01	5.068220e-14	2.964900e+04	1.471500e+04
34	25531.306385	4.179707e-14	8.290000e-01	4.179707e-14	1.543200e+04	8.234000e+03
34	4292.769081	1.081729e-07	8.419476e-01	2.403444e-11	2.933598e+04	1.669401e+04
34	20518.560781	3.055469e-08	9.125423e-01	1.000000e-08	2.406400e+04	3.470400e+04
34	28200.779061	3.864218e-16	8.670000e-01	1.096377e-33	2.687200e+04	4.057400e+04
34	23860.605989	2.135246e-12	8.594000e-01	3.634170e-30	6.775000e+03	2.316300e+04
34	11096.417095	6.735832e-10	9.221000e-01	1.993793e-14	3.295400e+04	1.787500e+04
34	11531.639681	7.041545e-13	9.962000e-01	2.200875e-14	4.205800e+04	1.660900e+04
34	21492.684205	5.886846e-06	8.574978e-01	1.350319e-13	2.891200e+04	2.915200e+04
34	-1.000000	-1.000000e+00	-1.000000e+00	-1.000000e+00	-1.000000e+00	-1.000000e+00
34	-1.000000	-1.000000e+00	-1.000000e+00	-1.000000e+00	-1.000000e+00	-1.000000e+00
34	-1.000000	-1.000000e+00	-1.000000e+00	-1.000000e+00	-1.000000e+00	-1.000000e+00
34	24484.638651	4.190081e-13	8.480000e-01	3.730837e-28	1.040400e+04	1.484100e+04
34	33115.663484	8.000001e-17	9.848000e-01	6.768120e-22	2.537600e+04	5.532900e+04
34	31162.928576	9.199686e-16	9.468000e-01	2.683149e-19	2.037400e+04	4.252400e+04
34	264413.687990	4.320407e-08	9.031001e-01	1.182856e-15	5.180000e+04	4.045300e+04
34	32362.967289	3.299990e-16	9.164000e-01	1.457610e-20	1.853500e+04	4.958400e+04
34	4179.768689	1.520918e-10	9.520375e-01	1.520918e-10	1.227402e+04	5.683299e+04
34	4686.308712	5.022082e-12	8.373450e-01	9.358109e-13	5.053602e+04	2.442899e+04
34	25324.387429	2.106023e-15	8.499000e-01	2.106023e-15	4.282000e+03	3.915600e+04
34	23678.539126	6.374017e-12	9.316000e-01	2.934436e-32	6.243000e+03	3.033100e+04
34	4426.579619	2.318971e-11	8.195000e-01	1.739833e-11	2.000000e+01	2.034100e+04
34	4261.351683	6.721777e-10	9.507723e-01	6.721777e-10	8.659005e+03	4.617301e+04
34	11710.598093	9.673011e-10	9.145000e-01	5.720805e-15	3.231700e+04	2.089800e+04
34	24492.705168	4.428493e-13	8.594000e-01	5.605112e-29	1.049700e+04	1.929800e+04
34	9597.315016	1.053399e-11	8.274144e-01	1.053399e-11	5.189500e+04	1.930800e+04
34	13142.374127	3.029727e-10	9.582000e-01	3.667150e-16	3.328300e+04	2.639500e+04
34	5585.663221	1.000000e-08	8.404009e-01	1.000000e-08	3.254900e+04	1.713000e+03
34	25983.807659	2.538760e-14	9.088000e-01	2.538760e-14	1.841700e+04	3.647000e+03
34	21592.074209	9.887255e-11	9.776103e-01	9.887255e-11	3.500500e+04	4.355600e+04
34	12478.641894	3.426338e-14	8.119000e-01	4.876160e-16	1.558000e+04	5.905200e+04
34	10643.478509	9.987497e-15	8.423000e-01	9.987497e-15	6.899000e+03	3.548600e+04
34	4239.291303	6.328635e-12	9.658000e-01	2.843571e-12	2.060400e+04	3.510000e+03
34	23704.691203	2.514261e-12	9.677000e-01	3.493760e-31	1.127700e+04	2.441300e+04
34	4433.914339	1.000000e-05	8.462708e-01	2.237767e-09	2.687002e+04	5.750981e+03
34	5727.496436	8.067157e-12	9.989401e-01	8.067157e-12	3.001100e+04	2.503000e+03
34	5772.595552	1.000000e-05	8.347446e-01	4.869341e-12	4.772100e+04	2.079300e+04
34	27728.034796	9.858251e-16	8.860000e-01	6.437434e-34	2.520300e+04	4.336200e+04
34	20533.610589	1.026872e-08	9.717973e-01	1.000000e-08	2.390375e+04	3.436114e+04
34	-1.000000	-1.000000e+00	-1.000000e+00	-1.000000e+00	-1.000000e+00	-1.000000e+00
34	10138.291808	8.732693e-12	8.157000e-01	1.680609e-14	2.570000e+03	5.327700e+04
34	4366.897447	1.401739e-09	9.503034e-01	1.401739e-09	6.871994e+03	4.327303e+04
34	427067.772544	3.668923e-16	8.727000e-01	1.136192e-35	4.323600e+04	5.408200e+04
34	4203.209844	1.000000e-05	8.451586e-01	3.645800e-10	3.903493e+04	1.015204e+04
34	4248.054669	9.148801e-06	8.432628e-01	4.029165e-11	4.744679e+04	1.550111e+04
34	24357.962344	1.049015e-12	8.271000e-01	4.234765e-14	4.806000e+03	2.083400e+04
34	23417.545659	1.695070e-11	9.601000e-01	6.745990e-32	5.745000e+03	3.025900e+04
34	4205.442251	1.000000e-05	8.451851e-01	3.781921e-10	3.520395e+04	1.006304e+04
34	78505.228076	6.871187e-07	8.765008e-01	2.128909e-14	3.957500e+04	3.355400e+04
34	4206.379961	1.000000e-05	8.451908e-01	3.828651e-10	3.129000e+04	1.003300e+04
34	46041.488091	7.147580e-06	8.746111e-01	6.168714e-13	2.861300e+04	2.545000e+04
34	30298.952992	8.998644e-16	9.772000e-01	3.010310e-18	2.205000e+04	3.681600e+04
34	23324.515046	2.958592e-11	9.544000e-01	5.199174e-27	3.870000e+03	6.866000e+03
34	4443.395194	2.364253e-09	9.496896e-01	2.364253e-09	5.619036e+03	4.930495e+04
34	14214.966819	3.283101e-09	8.273706e-01	3.283101e-09	5.860106e+04	3.855989e+03
34	21243.133416	1.963212e-09	8.137431e-01	1.963212e-09	3.274100e+04	3.902100e+04
34	9975.041412	9.653308e-12	8.746000e-01	7.116534e-13	3.447000e+03	4.989700e+04
34	16411.580574	3.258813e-11	9.487000e-01	8.717299e-19	3.923700e+04	4.000400e+04
34	4330.630714	9.907208e-06	8.425811e-01	2.032969e-11	4.874298e+04	1.716302e+04
34	16545.791810	2.147534e-12	9.525000e-01	2.498305e-18	4.569000e+04	3.762200e+04
34	23270.586917	1.381060e-11	8.518000e-01	8.728170e-26	2.155000e+03	3.617000e+03
34	-1.000000	-1.000000e+00	-1.000000e+00	-1.000000e+00	-1.000000e+00	-1.000000e+00
34	23060.508631	5.669428e-07	9.410518e-01	3.268098e-13	4.317100e+04	5.331500e+04
34	13774.540975	2.329538e-10	9.734000e-01	9.120444e-17	3.278000e+04	2.932800e+04
34	14038.302990	3.845350e-16	9.886000e-01	1.029319e-21	4.531500e+04	5.410900e+04
34	28169.235041	3.456412e-16	8.309000e-01	5.510940e-32	2.643400e+04	3.668200e+04
34	5905.299320	3.795618e-10	8.271000e-01	2.588335e-13	3.761700e+04	2.672400e+04
34	5453.643623	4.284181e-10	8.300596e-01	1.097724e-14	3.808783e+04	3.491185e+04
34	4470.736494	1.000000e-05	8.461604e-01	2.520968e-09	2.218000e+04	5.450998e+03
34	24442.229204	4.427364e-13	8.461000e-01	4.427364e-13	1.022400e+04	1.054000e+03
34	20174.652746	1.373299e-07	8.985997e-01	1.000000e-08	2.068200e+04	5.491600e+04
34	-1.000000	-1.000000e+00	-1.000000e+00	-1.000000e+00	-1.000000e+00	-1.000000e+00
34	4199.210518	1.000000e-05	8.438715e-01	7.717717e-11	3.369797e+04	1.392204e+04
34	4183.065747	1.000000e-05	8.447737e-01	2.214639e-10	3.547098e+04	1.136201e+04
34	28592.499281	1.493791e-16	8.214000e-01	3.003110e-36	2.816500e+04	5.892500e+04
34	5012.168441	8.660240e-11	9.715000e-01	4.204334e-14	1.479400e+04	1.432100e+04
34	21570.847098	1.295070e-10	9.392201e-01	1.295070e-10	3.632100e+04	4.899200e+04
34	20444.341084	8.173421e-08	8.100000e-01	9.697249e-09	2.371990e+04	3.707416e+04
34	-1.000000	-1.000000e+00	-1.000000e+00	-1.000000e+00	-1.000000e+00	-1.000000e+00
34	-1.000000	-1.000000e+00	-1.000000e+00	-1.000000e+00	-1.000000e+00	-1.000000e+00
34	68373.730166	1.410740e-07	8.746002e-01	3.231604e-14	4.724600e+04	3.255400e+04
34	23993.104708	1.454885e-12	8.556000e-01	4.761708e-28	7.610000e+03	1.286100e+04
34	73087.894830	1.070594e-07	8.708001e-01	5.965998e-15	4.803800e+04	3.661300e+04
34	121109.692396	2.094962e-07	8.898003e-01	3.266761e-14	4.525600e+04	3.251100e+04
34	8846.472940	2.239952e-10	9.924000e-01	1.011622e-12	2.977500e+04	7.697000e+03
34	20968.563262	7.173787e-09	8.100000e-01	6.466261e-09	2.963893e+04	4.513227e+04
34	25773.355925	3.240970e-14	8.613000e-01	7.115951e-34	1.663700e+04	4.392100e+04
34	36840.497376	4.421111e-07	8.556007e-01	2.372619e-15	4.002200e+04	3.885100e+04
34	24912.046711	1.774407e-13	8.594000e-01	3.130425e-34	1.264300e+04	4.306500e+04
34	-1.000000	-1.000000e+00	-1.000000e+00	-1.000000e+00	-1.000000e+00	-1.000000e+00
34	5528.940925	6.088829e-12	8.310908e-01	2.231754e-14	4.904698e+04	3.355074e+04
34	26174.742227	1.701175e-14	8.841000e-01	4.339607e-35	1.864100e+04	4.718200e+04
34	31742.499275	8.199997e-16	9.962000e-01	8.794207e-20	2.403900e+04	4.449600e+04
34	24661.315786	4.116387e-13	9.145000e-01	1.268474e-31	1.209900e+04	2.577900e+04
34	9847.940283	1.299557e-11	9.544000e-01	1.170008e-12	4.120400e+04	7.827000e+03
34	4314.156747	2.533660e-09	8.412978e-01	1.769646e-11	3.749201e+04	1.741000e+04
34	23254.600385	1.771761e-13	9.183000e-01	1.771761e-13	5.476500e+04	5.625700e+04
34	302435.882185	7.329013e-16	8.841000e-01	1.873876e-22	4.159200e+04	5.334400e+04
34	42285.985284	3.325258e-09	8.575000e-01	2.117783e-15	5.872000e+04	3.911700e+04
34	24864.182721	2.146775e-13	8.898000e-01	2.146775e-13	1.283900e+04	3.959000e+03
34	17593.963939	9.044970e-11	9.240000e-01	2.791998e-29	1.340000e+04	1.150500e+04
34	4249.516970	1.000000e-05	8.454721e-01	6.238592e-10	2.464299e+04	8.844005e+03
34	10389.979909	3.268905e-09	8.879000e-01	5.802687e-14	3.008600e+04	1.623300e+04
34	24908.505336	2.051218e-13	8.822000e-01	2.538724e-34	1.280800e+04	4.389000e+04
34	27514.000447	8.704609e-16	8.537000e-01	8.704609e-16	2.090200e+04	2.696600e+04
34	26390.767937	1.004867e-14	8.575000e-01	7.381041e-30	1.925900e+04	2.404700e+04
34	863743.371526	1.797701e-08	9.468000e-01	4.819721e-17	5.403200e+04	4.804000e+04
34	16940.394931	2.049006e-14	9.468000e-01	1.108535e-17	5.739400e+04	3.440300e+04
34	27958.477547	6.488295e-16	9.031000e-01	1.259814e-35	2.664400e+04	5.004300e+04
34	6917.862994	3.162287e-09	9.923999e-01	3.850666e-14	9.523000e+03	1.528600e+04
34	23945.593973	2.591779e-12	9.183000e-01	8.769465e-29	7.867000e+03	1.330400e+04
34	25027.678711	6.507324e-14	9.354000e-01	2.168801e-32	3.090700e+04	3.299800e+04
34	18885.246354	9.739888e-09	8.180303e-01	9.739888e-09	4.146200e+04	4.454000e+03
34	20615.340156	3.654147e-08	8.118999e-01	1.000000e-08	2.564700e+04	4.246800e+04
34	10936.624926	4.582275e-12	8.594000e-01	1.453636e-14	4.908000e+03	5.883300e+04
34	-1.000000	-1.000000e+00	-1.000000e+00	-1.000000e+00	-1.000000e+00	-1.000000e+00
34	-1.000000	-1.000000e+00	-1.000000e+00	-1.000000e+00	-1.000000e+00	-1.000000e+00
34	4837.610914	4.140195e-11	8.337324e-01	6.519609e-13	4.429400e+04	2.514000e+04
34	23630.880999	7.771467e-12	9.449000e-01	9.594559e-30	6.451000e+03	1.789400e+04
34	7889.386446	1.755910e-14	8.366000e-01	6.339845e-15	1.233900e+04	3.669300e+04
34	4509.943851	3.168011e-09	9.495843e-01	3.168011e-09	4.907040e+03	4.419001e+04
34	5878.974368	5.859644e-10	9.772000e-01	3.543024e-14	1.082000e+04	1.512500e+04
34	4320.284747	1.000000e-05	8.459343e-01	1.157949e-09	3.952494e+04	7.349040e+03
34	30550.388265	5.352172e-17	8.727000e-01	3.607361e-19	2.938300e+04	4.294700e+04
34	19968.149632	7.549773e-16	9.943000e-01	1.438571e-21	5.981700e+04	5.356900e+04
34	22202.812345	5.557759e-12	9.620000e-01	5.557759e-12	4.296800e+04	5.293100e+04
34	15522.357595	1.641322e-09	9.961993e-01	1.147064e-12	1.103000e+03	5.098400e+04
34	31695.580950	1.599988e-16	9.924000e-01	1.321195e-19	1.713300e+04	4.368400e+04
34	17733.595681	2.071838e-12	9.658000e-01	7.367761e-20	4.493400e+04	4.522500e+04
34	4251.542709	3.554262e-09	8.425288e-01	3.532019e-11	3.824800e+04	1.577500e+04
34	6231.994318	1.258851e-07	8.423002e-01	2.903279e-13	3.414200e+04	2.739900e+04
34	4786.423500	9.354410e-09	9.489860e-01	9.354410e-09	2.293053e+03	5.178299e+04
34	4561.808508	1.000000e-05	8.465771e-01	4.079899e-09	3.611898e+04	4.299082e+03
34	23212.181665	3.901809e-11	9.297000e-01	3.567142e-31	1.794000e+03	2.851900e+04
34	23429.373417	1.401815e-06	8.630904e-01	2.744944e-14	5.127800e+04	5.739100e+04
34	8573.108688	2.906386e-10	9.962000e-01	1.043036e-12	2.739400e+04	7.583000e+03
34	4436.098989	8.287677e-10	8.385000e-01	6.697805e-12	3.837900e+04	1.966200e+04
34	15352.401170	1.104401e-15	9.962000e-01	5.593095e-20	4.600200e+04	4.542600e+04
34	32343.282539	8.299998e-16	9.829000e-01	1.092326e-20	2.097800e+04	4.921300e+04
34	4413.093438	1.000000e-05	8.460163e-01	1.876705e-09	2.224600e+04	6.166099e+03
34	24767.815085	2.218839e-13	8.461000e-01	6.970713e-36	1.186100e+04	5.163600e+04
34	4318.181723	1.000000e-05	8.457905e-01	1.083954e-09	2.365803e+04	7.501981e+03
34	4450.745811	1.000000e-05	8.463430e-01	2.461235e-09	3.202242e+04	5.522151e+03
34	603365.152386	3.166555e-16	8.632000e-01	1.533800e-21	4.349400e+04	5.928400e+04
34	20311.638190	2.384627e-11	8.936000e-01	2.384627e-11	3.122000e+03	4.076300e+04
34	4850.787003	1.140247e-08	9.489510e-01	1.000000e-08	1.813040e+03	4.349695e+04
34	25302.978901	8.351879e-14	8.670000e-01	1.702780e-28	1.456000e+04	1.572500e+04
34	22471.082021	4.304541e-06	9.316136e-01	4.543105e-12	5.336600e+04	4.670500e+04
34	16137.694077	6.019981e-12	9.240000e-01	5.668930e-18	4.439400e+04	3.627400e+04
34	24935.306116	2.181071e-13	9.069000e-01	4.022905e-32	1.334300e+04	3.316400e+04
34	23815.627369	1.352859e-12	9.696000e-01	9.676564e-34	1.301400e+04	3.655000e+04
34	10971.018808	8.294109e-15	8.423000e-01	8.294109e-15	3.282000e+03	3.592800e+04
34	4734.496851	7.838662e-09	9.490581e-01	7.838662e-09	2.720014e+03	4.919100e+04
34	11070.513831	3.627924e-11	9.411000e-01	5.597204e-14	3.935200e+04	1.515500e+04
34	4283.269801	7.593824e-06	8.429444e-01	2.913150e-11	5.754980e+04	1.628905e+04
34	4651.344603	5.743383e-09	9.492305e-01	5.743383e-09	3.470001e+03	4.453400e+04
34	175498.143792	8.192414e-07	8.993013e-01	1.591167e-14	3.787200e+04	3.423200e+04
34	16767.409616	3.126346e-12	9.487000e-01	1.242563e-18	4.496800e+04	3.922300e+04
34	20639.117254	1.260846e-08	9.373390e-01	1.000000e-08	2.537300e+04	3.463700e+04
34	57423.770854	9.400000e-16	9.620000e-01	0.000000e+00	3.768800e+04	5.460500e+04
34	21907.345681	4.240542e-11	9.163997e-01	4.240542e-11	3.996000e+04	4.859000e+04
34	4584.686948	5.037854e-06	8.411319e-01	5.257269e-12	5.106789e+04	2.044809e+04
34	5069.516899	8.341123e-09	8.327895e-01	1.057606e-13	3.130339e+04	2.950936e+04
34	31445.612588	4.000000e-16	9.468000e-01	1.199222e-21	2.576500e+04	5.362100e+04
34	24942.651360	2.117748e-13	9.278000e-01	3.887242e-34	1.418600e+04	4.147900e+04
34	25862.405821	5.426291e-15	8.404000e-01	5.426291e-15	1.342800e+04	2.467300e+04
34	33165.666982	4.000000e-17	9.981000e-01	7.396840e-22	2.415400e+04	5.503300e+04
34	20273.133153	4.352655e-08	9.468345e-01	1.000000e-08	2.177900e+04	4.529500e+04
34	32832.365168	9.200000e-16	9.620000e-01	1.051155e-22	2.220700e+04	5.941800e+04
34	23379.912512	2.091354e-11	9.601000e-01	3.337308e-28	5.233000e+03	1.175900e+04
34	24109.533291	1.037589e-12	8.499000e-01	1.294617e-28	8.300000e+03	1.798200e+04
34	14662.795876	3.899643e-17	8.347000e-01	3.899643e-17	1.541200e+04	4.872100e+04
34	4381.978712	6.401787e-10	9.677000e-01	8.253193e-12	9.808000e+03	1.616000e+03
34	-1.000000	-1.000000e+00	-1.000000e+00	-1.000000e+00	-1.000000e+00	-1.000000e+00
34	5362.045981	1.331188e-10	9.829000e-01	3.445747e-13	1.506100e+04	1.001200e+04
34	4908.278256	2.654774e-09	8.342778e-01	2.647638e-13	3.439659e+04	2.735323e+04
34	11702.551875	3.192638e-12	8.442000e-01	3.192638e-12	6.076000e+03	4.420800e+04
34	23682.590584	3.953467e-12	9.620000e-01	6.183177e-31	9.493000e+03	2.021400e+04
34	39686.043822	1.417926e-07	8.518002e-01	3.235313e-16	4.415900e+04	4.360900e+04
34	24690.678482	3.409553e-13	8.955000e-01	3.409553e-13	1.194000e+04	1.730000e+02
34	-1.000000	-1.000000e+00	-1.000000e+00	-1.000000e+00	-1.000000e+00	-1.000000e+00
34	5380.363184	1.555293e-11	8.233000e-01	3.606516e-14	5.370000e+02	3.393500e+04
34	22989.414953	3.141214e-07	8.822145e-01	2.649389e-13	4.911700e+04	5.252600e+04
34	20081.549476	3.953884e-07	8.259079e-01	1.000000e-08	1.963200e+04	5.254900e+04
34	-1.000000	-1.000000e+00	-1.000000e+00	-1.000000e+00	-1.000000e+00	-1.000000e+00
34	4432.459636	1.354082e-09	9.513219e-01	1.354082e-09	6.905025e+03	3.970199e+04
34	152260.552970	1.762936e-07	8.936002e-01	1.332988e-14	4.581300e+04	3.466100e+04
34	25405.437379	6.176805e-14	8.499000e-01	1.580980e-33	1.491600e+04	3.792400e+04
34	20752.563651	1.325039e-08	8.804524e-01	1.000000e-08	2.691400e+04	3.451000e+04
34	548642.300491	3.852533e-09	9.829000e-01	4.040406e-13	5.904200e+04	2.641600e+04
34	4189.618965	9.999999e-06	8.449458e-01	2.753113e-10	5.499409e+04	1.083371e+04
34	11461.253593	4.779302e-15	9.829000e-01	4.779302e-15	3.871000e+04	1.546400e+04
34	29561.633683	1.288205e-17	8.176000e-01	8.353909e-20	3.227000e+04	5.174200e+04
34	29873.490554	1.858053e-17	9.924000e-01	1.127126e-17	1.049100e+04	3.384200e+04
34	4311.867160	7.484850e-10	9.513246e-01	7.484850e-10	8.364853e+03	4.215184e+04
34	10772.345070	3.200258e-12	8.518000e-01	4.149874e-14	5.613000e+03	5.586600e+04
34	27917.738196	6.843001e-16	8.784000e-01	3.978745e-20	2.579900e+04	3.636200e+04
34	8272.416245	2.395993e-13	8.461000e-01	2.395993e-13	6.380000e+02	2.783600e+04
34	28822.614727	1.018077e-16	9.240000e-01	5.009181e-34	3.166300e+04	4.142500e+04
34	8811.643183	3.724358e-10	9.620000e-01	2.604188e-12	3.255000e+04	5.818000e+03
34	9478.838625	1.234609e-09	9.126000e-01	5.118501e-13	3.178700e+04	1.050600e+04
34	27889.920191	6.854314e-16	9.164000e-01	1.392161e-18	2.699900e+04	4.440000e+03
34	6716.896471	1.612285e-08	8.214000e-01	3.253853e-13	2.782200e+04	2.455500e+04
34	5581.558056	5.012119e-06	8.374811e-01	2.394365e-13	5.488132e+04	2.793894e+04
34	22543.092391	2.008892e-06	9.373250e-01	3.391908e-12	5.351100e+04	4.751800e+04
34	10668.315684	2.863558e-11	9.715000e-01	8.862969e-14	3.807900e+04	1.365900e+04
34	25147.590089	1.282523e-13	9.316000e-01	1.751720e-31	1.554600e+04	2.739700e+04
34	6307.666164	4.983881e-11	9.867000e-01	4.762665e-14	1.798200e+04	1.471600e+04
34	4193.495758	7.785197e-10	8.439101e-01	8.644781e-11	4.733331e+04	1.364185e+04
34	14169.416870	1.271576e-15	9.848000e-01	1.271576e-15	4.179900e+04	1.293800e+04
34	23845.353007	1.230454e-12	9.677000e-01	3.902321e-35	1.299500e+04	4.416500e+04
34	-1.000000	-1.000000e+00	-1.000000e+00	-1.000000e+00	-1.000000e+00	-1.000000e+00
34	5702.664808	4.668966e-12	8.138000e-01	2.548128e-13	3.982000e+03	3.235400e+04
34	24629.203037	3.784874e-13	9.411000e-01	3.496215e-35	1.348400e+04	4.255800e+04
34	24210.900330	1.284995e-12	9.278000e-01	3.274521e-29	9.909000e+03	1.824300e+04
34	10896.254419	6.233125e-12	8.613000e-01	1.205419e-14	4.211000e+03	5.938100e+04
34	-1.000000	-1.000000e+00	-1.000000e+00	-1.000000e+00	-1.000000e+00	-1.000000e+00
34	31274.752928	1.799989e-16	9.506000e-01	2.631514e-19	2.391100e+04	4.253900e+04
34	24777.602609	3.154063e-13	9.145000e-01	2.215552e-29	1.272700e+04	2.091000e+04
34	4244.971887	5.408003e-06	8.431724e-01	4.137411e-11	2.461800e+04	1.542800e+04
34	21672.305446	2.704056e-10	8.100000e-01	2.673479e-10	3.763221e+04	5.293500e+04
34	24328.592095	9.230424e-13	9.164000e-01	1.994844e-28	1.025500e+04	1.686600e+04
34	32814.840054	8.299999e-16	9.506000e-01	1.743585e-21	1.852400e+04	5.364400e+04
34	4252.339069	2.912627e-11	9.551184e-01	2.833040e-12	1.622076e+04	5.448132e+04
34	27907.209503	7.061883e-16	9.069000e-01	6.550928e-33	2.657800e+04	3.730600e+04
34	13025.984369	1.349089e-09	9.050000e-01	4.380326e-16	3.178400e+04	2.695600e+04
34	-1.000000	-1.000000e+00	-1.000000e+00	-1.000000e+00	-1.000000e+00	-1.000000e+00
34	4429.022659	2.965732e-06	8.462917e-01	2.207362e-09	5.724401e+04	5.785987e+03
34	102240.243838	1.741473e-07	8.860002e-01	4.536466e-14	4.625900e+04	3.172500e+04
34	4408.933719	1.614762e-06	8.401374e-01	9.385377e-12	2.111003e+04	1.890695e+04
34	4296.787102	5.900212e-10	9.517266e-01	5.900212e-10	8.930996e+03	4.218102e+04
34	23590.101413	5.024273e-12	8.670000e-01	2.109583e-32	4.893000e+03	3.320700e+04
34	-1.000000	-1.000000e+00	-1.000000e+00	-1.000000e+00	-1.000000e+00	-1.000000e+00
34	6698.473382	3.147579e-13	8.385000e-01	4.576781e-14	1.608000e+03	3.190000e+04
34	26203.548565	1.686992e-14	8.993000e-01	1.530694e-33	1.907200e+04	4.033100e+04
34	5231.107005	2.009353e-11	8.319792e-01	3.824510e-14	4.586496e+04	3.199511e+04
34	23291.738025	1.288720e-11	8.537000e-01	2.407678e-26	2.359000e+03	5.744000e+03
34	6638.540505	3.927709e-10	8.276145e-01	3.344469e-10	3.722200e+04	8.779000e+03
34	30800.759958	1.355704e-18	8.100000e-01	1.737026e-19	3.846500e+04	4.541700e+04
34	-1.000000	-1.000000e+00	-1.000000e+00	-1.000000e+00	-1.000000e+00	-1.000000e+00
34	28937.834299	1.017034e-16	8.955000e-01	4.387893e-35	3.058900e+04	4.688800e+04
34	12108.369075	5.019641e-13	9.962000e-01	8.265471e-15	4.288200e+04	1.886300e+04
34	23682.507772	5.423388e-12	9.772282e-01	1.311101e-29	1.095200e+04	1.950100e+04
34	8704.918944	7.718587e-16	9.658000e-01	1.006248e-19	4.174200e+04	4.216000e+04
34	27863.224788	7.047035e-16	9.183000e-01	7.047035e-16	2.701400e+04	5.765000e+03
34	5147.495677	1.329741e-10	8.324510e-01	6.162876e-14	4.133239e+04	3.084073e+04
34	4464.098977	7.388831e-08	8.391625e-01	5.534037e-12	2.793498e+04	2.015200e+04
34	24512.597072	4.129980e-13	8.556000e-01	8.981612e-30	1.058500e+04	2.394500e+04
34	5591.795579	2.613624e-11	9.905000e-01	5.067857e-13	2.032500e+04	9.240000e+03
34	27154.200816	2.842506e-15	9.088000e-01	1.062408e-34	2.346900e+04	4.513900e+04
34	4186.202123	1.000000e-05	8.441515e-01	1.054477e-10	3.767499e+04	1.316401e+04
34	23219.196452	5.174209e-11	9.525000e-01	2.272340e-27	2.364000e+03	1.055200e+04
34	6188.626482	1.059491e-08	9.628445e-01	1.000000e-08	1.140022e+03	2.976101e+04
34	23493.805990	7.330991e-09	8.727000e-01	2.408686e-14	5.708800e+04	5.809400e+04
34	4503.636231	9.537531e-12	8.384485e-01	3.037721e-12	4.931994e+04	2.160004e+04
34	14059.423281	2.494778e-12	9.354000e-01	3.301184e-31	2.211700e+04	2.610600e+04
34	28486.590121	2.295988e-16	8.708000e-01	2.288540e-37	2.812900e+04	5.730400e+04
34	9086.593516	9.609840e-09	8.993000e-01	5.546372e-13	2.717100e+04	1.062700e+04
34	12832.428490	1.978350e-11	9.677000e-01	1.681301e-15	3.929100e+04	2.282500e+04
34	4812.268971	1.000000e-05	8.467556e-01	9.799563e-09	2.317903e+04	2.171978e+03
34	4253.367361	6.355636e-10	9.507789e-01	6.355636e-10	8.796983e+03	4.697606e+04
34	32476.524977	1.998900e-17	9.050000e-01	1.547178e-20	1.305800e+04	4.975400e+04
34	23200.258050	1.419107e-11	8.575000e-01	1.419107e-11	1.709000e+03	2.050000e+02
34	23246.053176	2.008898e-11	8.841000e-01	9.734644e-33	1.957000e+03	3.513600e+04
34	26536.736475	8.850764e-15	8.898000e-01	1.420689e-19	2.029200e+04	1.650100e+04
34	4350.276055	8.894124e-10	8.406371e-01	1.217038e-11	3.947067e+04	1.829588e+04
34	24518.726527	4.841081e-13	8.821993e-01	7.124776e-36	1.079100e+04	4.884700e+04
34	26491.979696	7.626808e-15	8.403977e-01	1.010369e-35	1.956700e+04	5.010800e+04
34	-1.000000	-1.000000e+00	-1.000000e+00	-1.000000e+00	-1.000000e+00	-1.000000e+00
34	4326.389486	1.000000e-05	8.459587e-01	1.207207e-09	3.648394e+04	7.248042e+03
34	23146.261605	2.252439e-11	8.461000e-01	6.020478e-24	8.650000e+02	1.519000e+03
34	25031.588210	1.770122e-13	9.240000e-01	2.114217e-35	1.444700e+04	4.642700e+04
34	20295.311990	2.268824e-15	9.848000e-01	4.909530e-22	5.960500e+04	5.603200e+04
34	6551.896597	4.427703e-10	9.924000e-01	6.281371e-14	1.419000e+04	1.414800e+04
34	26036.720376	1.983091e-14	8.822000e-01	1.983091e-14	1.817800e+04	1.019300e+04
34	28489.683330	3.211188e-16	8.404000e-01	4.413892e-19	2.657000e+04	3.990000e+04
34	20718.942366	3.755183e-12	9.278000e-01	5.893166e-28	2.110800e+04	2.779000e+03
34	9685.078430	4.258121e-12	8.385000e-01	2.775905e-12	4.679000e+03	4.466200e+04
34	30760.755065	1.577131e-07	9.544003e-01	1.752631e-18	5.444200e+04	3.843300e+04
34	25018.532126	1.522558e-13	8.708000e-01	1.513390e-32	1.324200e+04	3.297400e+04
34	24293.669799	6.278735e-13	8.879000e-01	6.278735e-13	9.996000e+03	5.619000e+03
34	12673.455398	1.109612e-13	8.499000e-01	1.109612e-13	1.391100e+04	5.299100e+04
34	5375.611959	7.975827e-07	8.413241e-01	1.000000e-08	2.076000e+04	1.622000e+03
34	23419.106093	1.275118e-11	9.069000e-01	1.974139e-30	3.675000e+03	2.243100e+04
34	4718.114391	7.406826e-09	9.490797e-01	7.406826e-09	2.857038e+03	5.053503e+04
34	20092.097321	8.869199e-15	9.905000e-01	1.560465e-22	5.507300e+04	5.848900e+04
34	4700.786779	6.948464e-09	9.491149e-01	6.948464e-09	3.011033e+03	4.730296e+04
34	21636.083678	1.022038e-10	9.392010e-01	1.022038e-10	3.693700e+04	4.783200e+04
34	-1.000000	-1.000000e+00	-1.000000e+00	-1.000000e+00	-1.000000e+00	-1.000000e+00
34	4440.000326	1.000000e-05	8.383723e-01	3.187201e-11	1.450903e+04	1.568301e+04
34	25925.686155	2.075211e-14	8.328000e-01	1.686151e-30	1.713100e+04	2.292100e+04
34	23558.081409	8.593121e-07	9.525011e-01	4.690991e-12	4.798400e+04	4.600000e+03
34	4217.784416	1.000000e-05	8.453010e-01	4.499014e-10	2.893897e+04	9.640990e+03
34	121497.810919	3.337713e-07	8.879004e-01	1.928530e-14	4.293600e+04	3.377900e+04
34	4286.114786	5.871136e-09	8.418651e-01	2.410637e-11	3.609197e+04	1.668006e+04
34	10802.056722	3.377496e-12	8.328000e-01	1.506204e-14	5.135000e+03	5.692100e+04
34	24215.854230	6.725260e-13	8.233000e-01	8.446333e-28	8.852000e+03	1.449000e+04
34	4179.995388	9.733880e-06	8.446109e-01	1.809958e-10	4.807400e+04	1.185200e+04
34	736658.323623	4.285931e-08	9.677002e-01	1.000000e-08	4.687700e+04	2.200000e+01
34	5084.118880	1.736795e-08	9.498759e-01	1.000000e-08	7.420032e+02	3.537703e+04
34	-1.000000	-1.000000e+00	-1.000000e+00	-1.000000e+00	-1.000000e+00	-1.000000e+00
34	-1.000000	-1.000000e+00	-1.000000e+00	-1.000000e+00	-1.000000e+00	-1.000000e+00
34	-1.000000	-1.000000e+00	-1.000000e+00	-1.000000e+00	-1.000000e+00	-1.000000e+00
34	805469.279469	4.108869e-15	8.252000e-01	7.968192e-36	3.745400e+04	5.793400e+04
34	24844.642659	1.998074e-13	8.556000e-01	3.539182e-31	1.228900e+04	2.930100e+04
34	25421.697522	5.788352e-14	8.442006e-01	4.104934e-36	1.496000e+04	5.386000e+04
34	5608.331569	1.847391e-13	8.233000e-01	1.656880e-13	1.120400e+04	3.036200e+04
34	27206.585325	1.371160e-15	9.392000e-01	1.001782e-33	2.662600e+04	4.142100e+04
34	9357.650740	3.292145e-09	9.828453e-01	1.103122e-13	1.944000e+03	5.684600e+04
34	22845.582803	8.801383e-13	9.639025e-01	8.801383e-13	4.893400e+04	5.283600e+04
34	12474.106758	7.678185e-13	9.772000e-01	9.827534e-15	4.636200e+04	1.867800e+04
34	-1.000000	-1.000000e+00	-1.000000e+00	-1.000000e+00	-1.000000e+00	-1.000000e+00
34	4947.500031	2.852461e-06	8.395996e-01	1.385248e-12	5.706658e+04	2.368517e+04
34	4628.122915	6.533759e-10	8.370752e-01	1.459955e-12	3.855202e+04	2.332100e+04
34	23185.345868	3.391346e-11	9.088000e-01	8.270815e-32	1.376000e+03	3.254800e+04
34	28472.085643	2.016936e-16	9.240023e-01	9.237689e-36	3.011700e+04	4.634600e+04
34	10842.697470	3.359626e-12	8.290000e-01	1.007328e-14	5.082000e+03	5.747200e+04
34	71127.073489	1.459204e-06	8.993020e-01	1.000000e-08	3.591200e+04	1.355000e+03
34	19460.654018	8.398091e-07	8.575010e-01	2.482649e-13	3.907500e+04	2.768600e+04
34	17033.281685	7.249603e-12	9.297000e-01	1.096070e-27	1.952200e+04	5.715000e+03
34	4606.650617	6.149298e-06	8.410271e-01	4.786419e-12	5.061881e+04	2.067593e+04
34	-1.000000	-1.000000e+00	-1.000000e+00	-1.000000e+00	-1.000000e+00	-1.000000e+00
34	23244.263699	8.898258e-06	9.392542e-01	1.409623e-13	5.716800e+04	5.535000e+04
34	5889.660113	8.138883e-14	9.715000e-01	7.419097e-18	3.101200e+04	3.354900e+04
34	15259.989387	3.595767e-12	9.259000e-01	4.898035e-17	4.559200e+04	3.143600e+04
34	11246.197724	6.976726e-13	8.366000e-01	3.332534e-14	8.946000e+03	5.533700e+04
34	19847.377833	1.293756e-06	8.119002e-01	9.999999e-09	1.698600e+04	5.997311e+04
34	23577.555651	1.000000e-05	9.125561e-01	2.602318e-14	5.340100e+04	5.900400e+04
34	-1.000000	-1.000000e+00	-1.000000e+00	-1.000000e+00	-1.000000e+00	-1.000000e+00
34	5998.313518	2.781007e-10	8.264628e-01	4.327978e-16	3.867196e+04	4.255319e+04
34	5260.894036	6.173176e-11	8.316563e-01	3.244320e-14	4.306799e+04	3.237202e+04
34	25981.803781	2.320033e-14	8.727000e-01	6.223753e-33	1.765500e+04	3.658000e+04
34	5593.742416	6.554099e-06	8.374445e-01	2.324122e-13	5.451159e+04	2.801101e+04
34	15426.923451	8.917576e-11	9.582000e-01	5.156781e-18	3.625800e+04	3.593100e+04
34	988282.541310	6.900000e-16	8.290000e-01	1.454299e-34	4.214100e+04	5.321900e+04
34	4387.205816	2.649090e-11	8.388173e-01	1.261604e-11	4.681800e+04	1.813900e+04
34	4248.170707	1.000000e-05	8.455583e-01	6.417692e-10	3.493300e+04	8.779999e+03
34	93482.120502	1.911105e-07	8.784002e-01	1.031297e-14	4.547900e+04	3.529100e+04
34	30321.295241	5.973301e-18	8.233000e-01	3.173162e-22	3.527900e+04	5.622000e+04
34	24070.663606	1.398272e-12	8.784000e-01	3.529922e-32	8.194000e+03	3.379400e+04
34	27768.303133	7.579644e-16	8.385000e-01	3.518144e-24	2.479900e+04	5.590900e+04
34	4339.331407	9.805762e-10	9.544000e-01	3.928672e-13	7.940000e+03	5.794000e+03
34	4386.729693	1.000000e-05	8.459200e-01	1.608360e-09	2.208300e+04	6.538998e+03
34	4520.963034	3.455214e-08	8.383772e-01	3.541970e-12	2.940498e+04	2.120602e+04
34	21034.126726	3.805231e-06	9.069088e-01	2.973598e-09	5.848800e+04	3.038200e+04
34	30510.522099	9.800317e-18	8.423000e-01	2.755053e-22	3.423500e+04	5.736300e+04
34	13295.641506	1.949744e-10	9.392000e-01	4.115835e-16	3.532100e+04	2.641900e+04
34	23721.512624	4.487295e-12	9.031000e-01	2.168768e-27	6.064000e+03	1.009000e+04
34	58401.602991	1.436781e-06	8.689022e-01	1.525168e-14	3.540000e+04	3.436600e+04
34	27716.240081	1.002597e-15	8.841000e-01	9.066227e-21	2.511600e+04	2.144400e+04
34	5178.063913	1.173427e-09	9.581570e-01	1.173427e-09	6.916002e+03	3.577601e+04
34	4401.086074	1.000000e-05	8.399330e-01	9.905152e-11	1.484704e+04	1.298799e+04
34	21962.648143	9.539976e-07	9.316830e-01	4.804303e-11	5.708600e+04	4.093700e+04
34	28114.242546	4.392051e-16	8.594000e-01	4.133500e-35	2.642300e+04	4.654200e+04
34	5030.888126	1.123400e-11	8.335481e-01	1.159980e-13	4.757600e+04	2.936524e+04
34	4260.934806	1.000000e-05	8.423384e-01	8.780592e-11	4.328500e+04	1.363300e+04
34	4179.606819	1.633303e-10	9.519584e-01	1.633303e-10	1.210109e+04	5.785284e+04
34	28466.825184	2.348707e-16	8.670000e-01	3.125453e-35	2.799400e+04	5.023000e+04
34	9917.107279	5.540573e-12	8.138000e-01	5.540573e-12	4.204000e+03	2.374000e+04
34	4201.344609	1.000000e-05	8.441824e-01	1.935978e-10	1.987152e+04	1.165374e+04
34	4188.445096	9.858520e-06	8.440919e-01	9.852219e-11	4.958588e+04	1.332903e+04
34	4339.676145	6.595531e-10	9.582000e-01	6.511527e-13	9.094000e+03	6.063000e+03
34	26211.106597	1.663058e-14	8.993000e-01	1.018940e-27	1.910500e+04	1.674800e+04
34	24032.059642	1.019446e-12	8.214000e-01	1.019446e-12	7.813000e+03	2.852000e+03
34	6326.014160	3.646956e-14	8.252000e-01	5.332977e-15	1.455900e+04	3.796400e+04
34	31572.556574	6.969433e-18	8.898000e-01	3.942888e-20	3.381700e+04	4.756500e+04
34	5405.830493	5.421548e-06	8.380229e-01	3.727853e-13	5.317401e+04	2.686697e+04
34	23518.740778	1.102120e-11	9.297000e-01	3.604543e-31	4.844000e+03	2.630900e+04
34	4616.940725	8.293606e-06	8.409786e-01	4.584190e-12	5.253802e+04	2.078074e+04
34	21214.671048	1.345908e-09	8.992995e-01	1.345908e-09	3.205700e+04	3.911600e+04
34	24222.285109	8.153662e-13	8.727000e-01	8.153662e-13	9.263000e+03	2.229000e+03
34	12561.919706	5.425902e-12	9.525000e-01	5.781955e-15	4.343700e+04	2.021500e+04
34	25790.635374	3.300055e-14	8.708000e-01	1.150814e-30	1.679800e+04	2.533300e+04
34	27517.814061	1.158403e-15	8.347000e-01	3.000923e-36	2.376400e+04	5.502800e+04
34	12863.642759	6.490578e-11	9.506000e-01	1.270735e-15	3.747100e+04	2.369300e+04
34	-1.000000	-1.000000e+00	-1.000000e+00	-1.000000e+00	-1.000000e+00	-1.000000e+00
34	27212.488233	2.488852e-15	8.803000e-01	2.028381e-20	2.295400e+04	2.017600e+04
34	29006.178525	1.553824e-16	8.879000e-01	2.008840e-19	2.920900e+04	3.995700e+04
34	4243.372105	1.000000e-05	8.455005e-01	6.044886e-10	2.779706e+04	8.923963e+03
34	20980.389841	4.429320e-09	8.879010e-01	4.429320e-09	2.944100e+04	3.601800e+04
34	24082.581022	1.656753e-12	9.069000e-01	1.383202e-30	8.553000e+03	2.505500e+04
34	19019.696897	1.420200e-16	8.404000e-01	1.420200e-16	1.408000e+04	4.561800e+04
34	23314.016161	1.700647e-11	8.955000e-01	1.735162e-29	2.653000e+03	1.678600e+04
34	56546.631888	7.213175e-09	8.784001e-01	4.723264e-13	5.709000e+04	2.608900e+04
34	17136.457302	1.000000e-05	8.138613e-01	9.380364e-10	4.141900e+04	1.308200e+04
34	10681.507117	1.547494e-11	9.848000e-01	7.984117e-14	3.801000e+04	1.374500e+04
34	11566.552293	1.493205e-11	9.354000e-01	3.216457e-14	4.176100e+04	1.653300e+04
34	31706.711661	5.800000e-16	9.601000e-01	1.255621e-20	2.393300e+04	4.884500e+04
34	20115.501248	3.757649e-07	8.100000e-01	8.781820e-09	2.001493e+04	3.123402e+04
34	21217.499856	6.589858e-10	9.524999e-01	6.589858e-10	3.186100e+04	4.133600e+04
34	13187.295962	7.172775e-09	8.727000e-01	1.699860e-16	2.851600e+04	3.016600e+04
34	-1.000000	-1.000000e+00	-1.000000e+00	-1.000000e+00	-1.000000e+00	-1.000000e+00
34	28807.745470	1.048286e-16	9.240000e-01	4.811788e-34	3.159700e+04	4.183100e+04
34	-1.000000	-1.000000e+00	-1.000000e+00	-1.000000e+00	-1.000000e+00	-1.000000e+00
34	24640.476916	3.294701e-13	9.449000e-01	3.824841e-30	1.405300e+04	2.238700e+04
34	4325.169895	2.911967e-09	8.411163e-01	1.596263e-11	3.699796e+04	1.765407e+04
34	19992.814911	2.256083e-12	9.297000e-01	1.664897e-31	2.234400e+04	2.350000e+04
34	-1.000000	-1.000000e+00	-1.000000e+00	-1.000000e+00	-1.000000e+00	-1.000000e+00
34	9847.809651	3.548396e-16	9.866975e-01	3.548396e-16	4.524500e+04	2.563000e+04
34	24966.560363	1.677381e-13	8.689000e-01	5.708984e-26	1.297400e+04	1.179800e+04
34	12465.792771	4.312299e-10	9.563000e-01	1.191872e-15	3.253800e+04	2.375500e+04
34	4211.121343	9.016495e-06	8.452508e-01	4.132396e-10	4.638394e+04	9.848028e+03
34	8985.089904	1.286532e-08	9.705543e-01	1.000000e-08	1.003025e+03	2.891900e+04
34	-1.000000	-1.000000e+00	-1.000000e+00	-1.000000e+00	-1.000000e+00	-1.000000e+00
34	4903.872573	2.657832e-07	8.397665e-01	1.596187e-12	5.850992e+04	2.334132e+04
34	21289.040470	1.209975e-09	8.670000e-01	1.209975e-09	3.304100e+04	3.921700e+04
34	26101.106665	1.942627e-14	9.221000e-01	2.532074e-31	1.954100e+04	2.720400e+04
34	23863.434399	2.403626e-12	8.765000e-01	1.887906e-32	6.863000e+03	3.509700e+04
34	23163.639290	1.820467e-06	9.293941e-01	1.891563e-13	4.587100e+04	5.445900e+04
34	26243.178081	1.050564e-14	8.157000e-01	4.140913e-28	1.841600e+04	2.124400e+04
34	-1.000000	-1.000000e+00	-1.000000e+00	-1.000000e+00	-1.000000e+00	-1.000000e+00
34	23592.015923	5.223398e-12	8.727000e-01	1.316555e-30	4.925000e+03	2.288500e+04
34	74159.036928	1.000000e-05	8.783361e-01	1.000000e-08	5.709800e+04	5.670000e+02
34	496183.971020	3.938471e-09	9.810000e-01	9.854337e-13	5.934300e+04	2.426300e+04
34	4410.538878	6.111782e-08	8.399296e-01	8.338069e-12	2.882634e+04	1.918691e+04
34	9218.935548	5.497460e-10	9.601000e-01	7.248868e-13	3.172400e+04	8.877000e+03
34	5492.317343	3.637770e-09	9.411000e-01	1.242898e-28	4.519000e+03	7.685000e+03
34	4511.451743	6.352755e-08	8.463952e-01	3.176522e-09	3.657015e+04	4.899453e+03
34	21651.012577	2.727425e-10	8.650974e-01	2.727425e-10	3.701500e+04	3.955300e+04
34	22917.249822	8.155068e-13	8.290000e-01	8.155068e-13	5.160700e+04	5.483800e+04
34	-1.000000	-1.000000e+00	-1.000000e+00	-1.000000e+00	-1.000000e+00	-1.000000e+00
34	5002.810575	1.814173e-08	9.487817e-01	1.000000e-08	6.940438e+02	5.133284e+04
34	23049.254888	5.880878e-06	8.366093e-01	7.783496e-14	5.101400e+04	5.321100e+04
34	41959.126071	3.719957e-09	8.594000e-01	4.575050e-15	5.808400e+04	3.727100e+04
34	44846.231038	1.000000e-08	8.575001e-01	1.000000e-08	4.758800e+04	2.190000e+02
34	26915.079891	6.446004e-16	9.544000e-01	1.539379e-22	2.967200e+04	4.949000e+04
34	27391.699654	1.279879e-15	8.100000e-01	1.271338e-15	2.313500e+04	3.363700e+04
34	5267.156050	4.194706e-09	8.312266e-01	3.288213e-14	3.270425e+04	3.228055e+04
34	21645.507437	2.016468e-10	8.670124e-01	2.016468e-10	3.731400e+04	5.251800e+04
34	55968.125611	1.113138e-06	8.670017e-01	1.068909e-14	3.650100e+04	3.522200e+04
34	4180.860319	1.000000e-05	8.446759e-01	1.960451e-10	3.729895e+04	1.165804e+04
34	4236.598226	4.054138e-06	8.433041e-01	4.541123e-11	2.640000e+04	1.520500e+04
34	4429.500197	2.201212e-09	9.497362e-01	2.201212e-09	5.792008e+03	4.927901e+04
34	5031.439690	1.379800e-08	9.502401e-01	1.000000e-08	1.281011e+03	3.478900e+04
34	-1.000000	-1.000000e+00	-1.000000e+00	-1.000000e+00	-1.000000e+00	-1.000000e+00
34	19835.639812	1.272447e-06	8.225731e-01	1.000000e-08	1.685300e+04	5.604900e+04
34	471280.727959	7.400263e-17	8.765000e-01	1.995826e-36	4.703600e+04	5.801700e+04
34	20836.179912	1.021600e-11	8.101628e-01	9.268725e-13	4.612100e+04	3.377500e+04
34	24738.696920	2.342760e-13	9.468015e-01	8.741997e-33	1.500000e+04	3.306000e+04
34	850266.835686	3.397726e-09	9.525000e-01	1.184837e-16	5.975600e+04	4.591100e+04
34	23221.472424	2.881007e-11	9.088000e-01	5.752068e-24	1.770000e+03	1.441000e+03
34	-1.000000	-1.000000e+00	-1.000000e+00	-1.000000e+00	-1.000000e+00	-1.000000e+00
34	21665.383847	1.078146e-10	9.315936e-01	1.078146e-10	3.715900e+04	4.642500e+04
34	23205.472556	4.364716e-11	9.354000e-01	4.631229e-32	1.777000e+03	3.023600e+04
34	24930.128205	1.735532e-13	8.727000e-01	1.735532e-13	1.294300e+04	4.084000e+03
34	23750.479785	3.131436e-12	8.689000e-01	7.451923e-27	6.063000e+03	9.242000e+03
34	13443.465216	1.000000e-05	8.214547e-01	2.310873e-14	4.438300e+04	3.492800e+04
34	32482.697542	7.300006e-16	9.981000e-01	1.086226e-20	8.893000e+03	4.912800e+04
34	6814.332736	8.159576e-09	9.646669e-01	8.159576e-09	1.721061e+03	2.969887e+04
34	10580.762970	5.208862e-09	9.468000e-01	1.798739e-14	2.697900e+04	1.768700e+04
34	16887.747589	6.093731e-12	9.316000e-01	7.928338e-19	4.408300e+04	4.049000e+04
34	14826.951194	5.375540e-16	9.981000e-01	3.733490e-21	5.033200e+04	5.137200e+04
34	4371.592358	1.000000e-05	8.461230e-01	1.606914e-09	4.850399e+04	6.555009e+03
34	20740.211237	2.072134e-08	8.100000e-01	9.872464e-09	2.705697e+04	3.254606e+04
34	5011.808403	6.160615e-09	9.530211e-01	6.160615e-09	3.110027e+03	3.354899e+04
34	-1.000000	-1.000000e+00	-1.000000e+00	-1.000000e+00	-1.000000e+00	-1.000000e+00
34	29942.847758	1.061658e-17	8.328000e-01	6.439168e-34	3.426400e+04	4.540100e+04
34	400069.240490	6.695424e-08	9.430001e-01	3.627782e-14	4.951900e+04	3.223300e+04
34	33098.350082	6.600000e-16	9.886000e-01	7.165803e-22	2.074600e+04	5.517000e+04
34	-1.000000	-1.000000e+00	-1.000000e+00	-1.000000e+00	-1.000000e+00	-1.000000e+00
34	4922.136888	1.000000e-05	8.385608e-01	1.846763e-12	5.970900e+04	2.301300e+04
34	29899.665893	3.652669e-17	9.487000e-01	1.932744e-21	3.523400e+04	5.069200e+04
34	4710.351768	1.000000e-05	8.467938e-01	7.212430e-09	4.581603e+04	2.921445e+03
34	24328.094256	6.073549e-13	8.651000e-01	6.073549e-13	9.801000e+03	2.990000e+03
34	4459.896944	1.588652e-09	9.559173e-01	9.151923e-13	6.906086e+03	5.096003e+03
34	8063.128081	8.175127e-15	8.214000e-01	3.543011e-16	1.830400e+04	4.472200e+04
34	200803.281276	3.926813e-09	8.936001e-01	1.416739e-15	5.785400e+04	4.002800e+04
34	23729.416023	4.847593e-12	9.525000e-01	6.671135e-32	8.112000e+03	2.742000e+04
34	9669.050650	4.430089e-12	8.309000e-01	1.927703e-12	4.450000e+03	4.481700e+04
34	20626.630369	3.509907e-08	8.100000e-01	9.798386e-09	2.577498e+04	2.890700e+04
34	23202.264444	1.368597e-11	8.252000e-01	1.368597e-11	1.507000e+03	7.560000e+02
34	27690.640920	1.060512e-15	8.879000e-01	3.651077e-21	2.508700e+04	2.584300e+04
34	26193.817245	1.444233e-14	8.575000e-01	7.187652e-33	1.842500e+04	3.958300e+04
34	4182.186368	7.438875e-10	8.442678e-01	1.281789e-10	4.791210e+04	1.268598e+04
34	106253.226392	2.926955e-07	8.860004e-01	3.343051e-14	4.370900e+04	3.245900e+04
34	18574.856746	1.039232e-15	9.943000e-01	1.592093e-19	5.903900e+04	4.320900e+04
34	22830.831608	2.270177e-10	9.905000e-01	1.561506e-21	6.826000e+03	4.838200e+04
34	7132.445618	1.000000e-05	8.309383e-01	8.842622e-14	4.295000e+04	3.052000e+04
34	4198.778700	3.361410e-10	9.512308e-01	3.361410e-10	1.034898e+04	5.716515e+04
34	21878.747450	2.770966e-11	9.543998e-01	2.770966e-11	3.945500e+04	4.960200e+04
34	100370.267507	2.551138e-07	8.993003e-01	2.294898e-12	4.506400e+04	2.224900e+04
34	4991.176374	7.532890e-09	8.334789e-01	1.672203e-13	3.168697e+04	2.842803e+04
34	5268.758137	1.027841e-09	8.313415e-01	3.177770e-14	3.615197e+04	3.238302e+04
34	26721.929840	4.335863e-15	8.138000e-01	4.335863e-15	2.041100e+04	1.376600e+04
34	4262.991223	7.183443e-10	9.506104e-01	7.183443e-10	8.503464e+03	4.843500e+04
34	-1.000000	-1.000000e+00	-1.000000e+00	-1.000000e+00	-1.000000e+00	-1.000000e+00
34	4735.532084	5.466187e-11	9.791000e-01	1.434028e-12	1.668200e+04	6.488000e+03
34	4399.542177	8.040893e-06	8.462096e-01	1.885282e-09	5.985834e+04	6.167982e+03
34	25173.026920	7.275970e-14	8.157000e-01	7.275970e-14	1.358900e+04	1.737800e+04
34	-1.000000	-1.000000e+00	-1.000000e+00	-1.000000e+00	-1.000000e+00	-1.000000e+00
34	-1.000000	-1.000000e+00	-1.000000e+00	-1.000000e+00	-1.000000e+00	-1.000000e+00
34	-1.000000	-1.000000e+00	-1.000000e+00	-1.000000e+00	-1.000000e+00	-1.000000e+00
34	5002.636141	7.653762e-13	8.271000e-01	1.691131e-13	7.434000e+03	2.977900e+04
34	-1.000000	-1.000000e+00	-1.000000e+00	-1.000000e+00	-1.000000e+00	-1.000000e+00
34	12297.228162	1.673873e-06	8.499020e-01	1.278928e-13	3.513800e+04	2.931600e+04
34	23347.485416	1.549155e-11	8.993000e-01	3.024179e-30	2.983000e+03	2.405300e+04
34	4298.149935	1.112537e-10	8.413928e-01	1.902100e-11	4.505826e+04	1.723661e+04
34	33090.585314	3.100004e-16	9.981000e-01	1.038340e-21	1.139400e+04	5.428900e+04
34	-1.000000	-1.000000e+00	-1.000000e+00	-1.000000e+00	-1.000000e+00	-1.000000e+00
34	25775.793153	3.082579e-14	8.632000e-01	3.082579e-14	1.824700e+04	5.593200e+04
34	103255.959871	8.894420e-08	8.860001e-01	4.193609e-14	4.945200e+04	3.191400e+04
34	26124.355709	1.692835e-14	8.632000e-01	5.468989e-33	1.817600e+04	3.625700e+04
34	-1.000000	-1.000000e+00	-1.000000e+00	-1.000000e+00	-1.000000e+00	-1.000000e+00
34	22226.240846	1.418873e-11	8.632270e-01	1.418873e-11	4.388700e+04	5.537500e+04
34	24044.951989	1.222773e-12	8.499000e-01	7.658056e-29	7.911000e+03	1.556000e+04
34	4187.592121	1.000000e-05	8.441135e-01	1.009865e-10	3.895498e+04	1.326901e+04
34	5094.224949	4.133040e-09	9.549714e-01	4.133040e-09	3.986004e+03	3.363601e+04
34	5467.630688	3.330200e-11	8.302504e-01	1.035726e-14	4.435393e+04	3.508796e+04
34	14833.386845	3.966994e-13	9.392000e-01	1.095159e-32	2.656700e+04	3.196600e+04
34	8941.607376	2.498185e-09	8.157000e-01	4.036052e-14	3.219700e+04	2.749400e+04
34	11942.781912	4.560099e-09	9.373000e-01	1.595181e-15	2.772300e+04	2.338000e+04
34	4418.144067	4.377821e-11	9.639000e-01	1.357480e-14	1.584100e+04	1.600100e+04
34	25970.071271	2.640841e-14	9.012000e-01	9.077758e-31	1.809200e+04	2.559200e+04
34	10736.464466	2.200549e-08	8.765000e-01	1.366339e-14	2.571100e+04	1.998200e+04
34	-1.000000	-1.000000e+00	-1.000000e+00	-1.000000e+00	-1.000000e+00	-1.000000e+00
34	20833.444793	1.312603e-08	8.327996e-01	1.000000e-08	2.793600e+04	3.100500e+04
34	-1.000000	-1.000000e+00	-1.000000e+00	-1.000000e+00	-1.000000e+00	-1.000000e+00
34	7961.186933	7.718947e-09	8.936000e-01	1.985569e-11	2.785500e+04	2.250000e+03
34	25497.515870	4.700000e-16	9.810000e-01	2.478298e-40	3.560000e+04	5.967900e+04
34	-1.000000	-1.000000e+00	-1.000000e+00	-1.000000e+00	-1.000000e+00	-1.000000e+00
34	4194.887618	1.000000e-05	8.450185e-01	3.075555e-10	2.867501e+04	1.056400e+04
34	24946.020900	1.985408e-13	9.335000e-01	8.402321e-36	1.460600e+04	4.851800e+04
34	21037.727147	1.329406e-09	9.582000e-01	1.329406e-09	2.981900e+04	3.978600e+04
34	27347.624295	1.404499e-15	8.594000e-01	1.273427e-15	1.701500e+04	2.623600e+04
34	-1.000000	-1.000000e+00	-1.000000e+00	-1.000000e+00	-1.000000e+00	-1.000000e+00
34	7970.079697	4.148025e-12	9.981000e-01	7.190550e-15	2.887600e+04	1.914100e+04
34	23711.579187	4.482268e-12	8.993000e-01	1.901357e-34	5.957000e+03	4.104300e+04
34	21266.333707	4.557151e-06	9.088117e-01	1.026531e-09	5.833200e+04	3.301600e+04
34	20592.056153	4.120407e-08	8.100000e-01	9.806096e-09	2.538499e+04	3.394300e+04
34	26137.272808	1.717735e-14	8.708000e-01	2.929819e-31	1.830600e+04	2.772700e+04
34	4525.671710	9.745677e-06	8.465109e-01	3.495665e-09	5.822120e+04	4.673072e+03
34	23086.802995	9.061128e-11	9.411000e-01	1.841742e-27	2.910000e+02	9.954000e+03
34	4615.380154	5.062490e-09	9.492526e-01	5.062490e-09	3.777024e+03	5.126884e+04
34	24689.766256	2.210426e-13	8.195000e-01	2.210426e-13	1.140200e+04	3.613000e+03
34	-1.000000	-1.000000e+00	-1.000000e+00	-1.000000e+00	-1.000000e+00	-1.000000e+00
34	4210.354919	4.032642e-10	9.510806e-01	4.032642e-10	9.906038e+03	5.203895e+04
34	24105.423505	1.444330e-12	8.955000e-01	1.058705e-28	8.548000e+03	1.779900e+04
34	13776.343464	1.046964e-11	9.601000e-01	4.043798e-16	4.137900e+04	2.615200e+04
34	4198.003083	1.000000e-05	8.437659e-01	8.729069e-11	2.170098e+04	1.360701e+04
34	16232.411275	2.465963e-08	9.866598e-01	1.238786e-09	3.146000e+03	4.369300e+04
34	8622.421283	1.000000e-05	8.290426e-01	1.034955e-15	4.753900e+04	4.111300e+04
34	-1.000000	-1.000000e+00	-1.000000e+00	-1.000000e+00	-1.000000e+00	-1.000000e+00
34	266774.758452	1.026365e-07	9.050001e-01	1.623383e-15	4.772200e+04	3.969600e+04
34	7808.135409	7.281300e-09	9.069000e-01	3.137360e-11	2.763600e+04	8.100000e+02
34	25440.917622	5.120637e-15	8.347000e-01	5.120637e-15	9.110000e+03	2.570400e+04
34	5374.667789	5.452294e-10	9.696000e-01	1.497955e-14	1.025700e+04	1.660400e+04
34	11058.489902	3.082524e-13	8.214000e-01	1.419544e-13	1.060900e+04	4.974300e+04
34	9457.674772	1.508892e-13	9.848000e-01	1.412697e-17	3.108500e+04	3.302900e+04
34	22145.233264	1.172675e-06	9.069145e-01	1.681472e-11	5.771300e+04	4.301300e+04
34	20804.784196	8.930281e-06	9.242962e-01	9.986759e-09	2.482203e+04	2.779303e+04
34	27387.412012	1.539640e-15	8.442000e-01	2.062628e-36	2.328800e+04	5.184600e+04
34	26027.714241	2.088007e-14	8.689000e-01	2.883980e-29	1.781400e+04	2.149700e+04
34	12297.742107	6.517361e-14	8.423000e-01	4.721413e-14	1.460100e+04	5.493900e+04
34	26788.827306	5.310910e-15	8.765000e-01	1.506043e-32	2.113200e+04	3.512300e+04
34	793141.900926	9.977679e-16	8.366000e-01	1.897698e-21	4.079300e+04	5.738100e+04
34	8700.454098	1.596642e-11	9.981000e-01	1.121332e-12	3.251100e+04	7.391000e+03
34	23413.557171	1.461248e-11	9.183000e-01	1.622683e-27	3.723000e+03	9.441000e+03
34	18215.361609	9.401346e-13	9.506000e-01	3.663448e-20	4.780700e+04	4.696900e+04
34	10907.932313	2.169737e-09	9.544000e-01	1.232655e-14	2.871500e+04	1.844600e+04
34	4554.056237	1.000000e-05	8.465576e-01	3.941880e-09	3.080300e+04	4.382017e+03
34	27803.505142	6.300002e-16	8.176000e-01	3.598424e-36	2.485400e+04	5.476300e+04
34	6300.546441	1.068260e-11	8.252450e-01	8.515731e-17	4.649436e+04	4.644719e+04
34	13870.197132	4.400693e-10	9.544000e-01	7.832307e-17	3.259200e+04	2.991700e+04
34	5181.512991	6.057797e-09	8.318788e-01	5.451564e-14	3.191796e+04	3.108002e+04
34	20333.008004	3.966679e-07	8.386480e-01	1.000000e-08	2.033000e+04	2.739400e+04
34	-1.000000	-1.000000e+00	-1.000000e+00	-1.000000e+00	-1.000000e+00	-1.000000e+00
34	16268.081227	2.872303e-12	9.639000e-01	3.490708e-18	4.427800e+04	3.672500e+04
34	17878.748341	2.182701e-16	9.981000e-01	1.266024e-19	5.964400e+04	4.367000e+04
34	29806.115949	6.198429e-17	9.506000e-01	2.498394e-21	3.393300e+04	5.050400e+04
34	7575.677250	9.513359e-15	8.233000e-01	4.000158e-16	1.771500e+04	4.413700e+04
34	4314.138832	1.105008e-09	9.502148e-01	1.105008e-09	7.462002e+03	5.196907e+04
34	4511.754186	8.866114e-06	8.414971e-01	7.315745e-12	5.176402e+04	1.964569e+04
34	28392.587251	2.795508e-16	8.765000e-01	7.831445e-33	2.781700e+04	3.559400e+04
34	17064.624293	5.437638e-14	9.981000e-01	1.254708e-19	4.626500e+04	4.368600e+04
34	4490.589575	1.000000e-05	8.464388e-01	2.983886e-09	4.869002e+04	5.056191e+03
34	4234.817217	1.000000e-05	8.437417e-01	2.264426e-10	1.805200e+04	1.123200e+04
34	4609.539728	1.000000e-05	8.466558e-01	4.950948e-09	3.578950e+04	3.831000e+03
34	10803.976839	3.776860e-10	9.430000e-01	3.533325e-14	3.354900e+04	1.618900e+04
34	23374.061965	1.963371e-11	9.316000e-01	1.571321e-31	3.535000e+03	3.065900e+04
34	4191.778124	1.000000e-05	8.449873e-01	2.905396e-10	4.385295e+04	1.070302e+04
34	23315.655562	1.077863e-11	8.423000e-01	2.602968e-29	2.571000e+03	1.806700e+04
34	29138.490284	1.055920e-16	9.221000e-01	1.716371e-21	3.131600e+04	4.899400e+04
34	4564.038236	3.917625e-09	9.506000e-01	1.175828e-13	4.432000e+03	4.397000e+03
34	25009.954030	1.161305e-14	8.290000e-01	1.161305e-14	1.201000e+04	2.442600e+04
34	11192.445213	4.354325e-11	9.316000e-01	4.546915e-14	3.929600e+04	1.579600e+04
34	21591.650938	1.154594e-07	8.271015e-01	4.236263e-11	5.972700e+04	3.674100e+04
34	4203.760713	9.516298e-06	8.451658e-01	3.680535e-10	5.167992e+04	1.012904e+04
34	9519.470500	5.048303e-11	9.962000e-01	2.766829e-16	2.102800e+04	2.654600e+04
34	4602.831356	7.613990e-12	9.696000e-01	4.875909e-14	2.038100e+04	1.366300e+04
34	-1.000000	-1.000000e+00	-1.000000e+00	-1.000000e+00	-1.000000e+00	-1.000000e+00
34	25817.790917	8.367609e-08	9.373010e-01	1.000000e-08	5.441500e+04	2.692400e+04
34	24429.791412	5.728463e-13	8.765000e-01	2.642486e-32	1.026000e+04	3.506300e+04
34	314722.684523	1.755664e-07	9.126002e-01	1.768357e-15	4.502700e+04	3.948800e+04
34	23708.207152	3.762622e-12	8.765000e-01	5.758377e-28	5.795000e+03	1.313100e+04
34	-1.000000	-1.000000e+00	-1.000000e+00	-1.000000e+00	-1.000000e+00	-1.000000e+00
34	21261.620086	7.182654e-10	9.410107e-01	7.182654e-10	3.227200e+04	4.024300e+04
34	9798.868355	5.441244e-11	9.278000e-01	7.821184e-13	8.570000e+02	5.099400e+04
34	21574.591303	1.741628e-06	8.499226e-01	1.052065e-10	5.241600e+04	3.652500e+04
34	33134.955496	8.400002e-16	9.677000e-01	1.706530e-22	2.101600e+04	5.845500e+04
34	18303.234700	1.433048e-12	9.886000e-01	4.951416e-21	4.307900e+04	5.090300e+04
34	10485.924915	2.459636e-10	9.430000e-01	8.025170e-14	3.459600e+04	1.428600e+04
34	25045.425462	1.329663e-13	8.575000e-01	2.019183e-29	1.327900e+04	2.229300e+04
34	15923.180836	1.000000e-05	8.323744e-01	1.000000e-08	5.025200e+04	1.910000e+02
34	4204.429427	1.467035e-09	8.436171e-01	6.930198e-11	4.366698e+04	1.417202e+04
34	4478.710436	2.066522e-08	8.389174e-01	4.735143e-12	3.089099e+04	2.052300e+04
34	22892.164161	2.405013e-13	9.752426e-01	2.405013e-13	4.989400e+04	5.860600e+04
34	4499.031950	2.988424e-09	9.496435e-01	2.988424e-09	5.047022e+03	4.369799e+04
34	22404.011305	9.805861e-06	9.108229e-01	5.250436e-12	5.270200e+04	4.594700e+04
34	23073.130572	4.489773e-11	8.841000e-01	1.462899e-26	1.300000e+01	7.408000e+03
34	15055.830401	4.727905e-16	9.943000e-01	1.976835e-19	4.674200e+04	4.263800e+04
34	25824.768363	2.252115e-14	8.138000e-01	2.252115e-14	1.662900e+04	6.056000e+03
34	23265.681066	8.764776e-07	8.612455e-01	5.522324e-14	4.994700e+04	5.559200e+04
34	4421.416007	1.185432e-06	8.419963e-01	1.161461e-11	5.960901e+04	1.852297e+04
34	4838.775169	1.082449e-08	9.490191e-01	1.000000e-08	1.936008e+03	4.139900e+04
34	9647.957460	5.491049e-11	9.050000e-01	9.874394e-13	4.300000e+01	4.995600e+04
34	24485.730147	3.321517e-13	8.119000e-01	3.321517e-13	1.032100e+04	7.562000e+03
34	10630.563636	1.739139e-12	8.632000e-01	3.132618e-13	7.292000e+03	5.146400e+04
34	26505.008378	9.386210e-15	8.898000e-01	3.816330e-30	2.015700e+04	2.455900e+04
34	4242.351595	1.000000e-05	8.455190e-01	6.050437e-10	3.720803e+04	8.922976e+03
34	4535.456646	3.631729e-09	9.494363e-01	3.631729e-09	4.579996e+03	4.828302e+04
34	10402.383388	3.170636e-11	9.411000e-01	2.431989e-13	3.968300e+04	1.172900e+04
34	6277.822329	4.851046e-08	8.335273e-01	1.000000e-08	2.590396e+04	9.309995e+02
34	22521.176032	4.767947e-12	9.449000e-01	4.767947e-12	4.607600e+04	4.825100e+04
34	26514.606997	8.784176e-15	9.088000e-01	8.784176e-15	2.083700e+04	1.023600e+04
34	15632.646618	2.592165e-11	9.677000e-01	4.923133e-18	3.862000e+04	3.591100e+04
34	9729.568077	1.899839e-10	9.544000e-01	3.977087e-13	3.465400e+04	1.037200e+04
34	28127.367400	3.489943e-16	8.176000e-01	2.260585e-35	2.619400e+04	5.419400e+04
34	11350.115126	3.506820e-09	9.354000e-01	5.534620e-15	2.844200e+04	2.057600e+04
34	10608.784144	2.695102e-10	9.449000e-01	5.862685e-14	3.428500e+04	1.498600e+04
34	4237.705405	5.723593e-10	9.507558e-01	5.723593e-10	9.057001e+03	5.262100e+04
34	26887.303348	6.273999e-17	8.290000e-01	6.273999e-17	1.896100e+04	3.680200e+04
34	6641.334680	1.098762e-11	9.886000e-01	3.359278e-14	2.190600e+04	1.554800e+04
34	4353.224691	2.796541e-06	8.424247e-01	1.746438e-11	4.900391e+04	1.753209e+04
34	9187.167926	7.892789e-10	9.810000e-01	4.018397e-13	2.898100e+04	1.000400e+04
34	25309.486890	6.385920e-07	9.449008e-01	7.473195e-14	5.568500e+04	1.447800e+04
34	4216.582648	4.190647e-10	9.511343e-01	4.190647e-10	9.808030e+03	4.821999e+04
34	4315.115156	1.000000e-05	8.459123e-01	1.116677e-09	3.705301e+04	7.436993e+03
34	5806.690283	1.228269e-12	8.138000e-01	1.182983e-12	7.167000e+03	2.878800e+04
34	23569.825484	8.207919e-12	9.582000e-01	4.298373e-29	7.323000e+03	1.291600e+04
34	104383.080009	1.311524e-08	9.145000e-01	2.097536e-10	5.841900e+04	1.130900e+04
34	4500.774043	2.824730e-09	9.498639e-01	2.824730e-09	5.174007e+03	4.144002e+04
34	28902.878105	2.118481e-16	9.164000e-01	2.290241e-20	2.938600e+04	4.414400e+04
34	-1.000000	-1.000000e+00	-1.000000e+00	-1.000000e+00	-1.000000e+00	-1.000000e+00
34	31292.536096	8.079080e-18	8.594000e-01	1.213153e-21	3.426900e+04	5.519800e+04
34	23221.122521	1.011367e-10	9.791141e-01	1.484073e-31	4.410000e+03	2.891600e+04
34	8600.186946	5.686224e-10	9.981000e-01	2.836163e-13	2.384900e+04	1.063200e+04
34	27179.837925	2.350505e-15	8.537000e-01	1.303028e-36	2.250600e+04	5.664500e+04
34	243842.273031	6.280562e-08	9.297001e-01	4.784619e-13	5.079500e+04	2.602100e+04
34	22508.181540	2.456118e-13	9.335000e-01	2.411265e-29	2.770500e+04	1.191400e+04
34	12556.909189	6.948999e-14	8.157000e-01	1.244337e-15	1.400200e+04	5.966200e+04
34	5647.153290	1.631439e-11	8.291452e-01	3.906279e-15	4.593993e+04	3.740919e+04
34	22244.567026	5.390283e-12	9.487071e-01	5.390283e-12	4.372400e+04	5.419200e+04
34	9157.701251	1.135225e-11	8.195000e-01	2.588184e-12	1.998000e+03	4.219700e+04
34	25119.223062	1.484646e-13	9.183000e-01	7.882360e-33	1.463700e+04	3.105200e+04
34	17736.631365	9.680092e-12	9.297000e-01	4.941573e-20	4.301900e+04	4.664000e+04
34	24838.032002	2.226206e-13	8.708000e-01	5.168228e-31	1.235300e+04	2.770400e+04
34	26720.662460	6.399130e-15	9.068996e-01	4.636153e-33	2.154300e+04	3.866300e+04
34	24269.918440	8.269511e-13	8.746000e-01	3.950600e-27	9.350000e+03	1.180500e+04
34	4464.468659	8.228367e-10	9.468000e-01	1.219514e-28	8.147000e+03	7.142000e+03
34	4766.034366	5.636266e-09	9.506822e-01	5.636266e-09	3.444053e+03	3.598299e+04
34	26160.094516	4.373720e-12	9.981002e-01	6.852568e-16	1.725100e+04	2.424900e+04
34	4432.643794	2.248700e-09	9.497083e-01	2.248700e-09	5.741033e+03	5.774436e+04
34	24958.836814	1.871625e-13	9.354000e-01	7.568620e-31	1.484300e+04	2.254100e+04
34	23728.392278	1.919507e-12	8.328000e-01	1.919507e-12	1.214000e+03	1.140500e+04
34	10101.706573	2.952045e-09	9.772000e-01	3.533112e-14	2.622200e+04	1.572100e+04
34	24522.800044	5.579914e-13	9.088000e-01	1.399948e-28	1.119100e+04	1.556800e+04
34	28064.638682	4.813729e-16	8.594000e-01	1.100233e-30	2.621600e+04	3.049400e+04
34	4195.649754	5.960309e-07	8.439370e-01	8.284296e-11	5.109695e+04	1.375006e+04
34	9738.611911	2.710234e-10	9.924000e-01	1.155608e-13	2.930900e+04	1.279700e+04
34	20733.135927	2.115007e-08	8.119000e-01	1.000000e-08	2.697700e+04	4.804800e+04
34	21285.758637	1.570832e-09	8.860023e-01	1.570832e-09	3.278900e+04	3.423700e+04
34	26247.784244	1.532531e-14	8.936000e-01	4.025604e-29	1.913100e+04	2.060500e+04
34	-1.000000	-1.000000e+00	-1.000000e+00	-1.000000e+00	-1.000000e+00	-1.000000e+00
34	11500.897698	9.991365e-11	9.392000e-01	1.624287e-14	3.695900e+04	1.804500e+04
34	7063.267331	3.405254e-12	9.734000e-01	3.405254e-12	2.249200e+04	6.290000e+02
34	13341.231449	1.448518e-11	9.601000e-01	8.166539e-16	4.058700e+04	2.456300e+04
34	16723.290865	5.239881e-11	9.259000e-01	6.738262e-29	1.472600e+04	1.021000e+04
34	7124.748918	8.917583e-06	8.335292e-01	9.749287e-15	5.687080e+04	3.566735e+04
34	16697.333117	4.860323e-12	8.594000e-01	1.508443e-18	4.660300e+04	4.156600e+04
34	11650.532433	4.208472e-13	8.689000e-01	4.396928e-14	1.076800e+04	5.651600e+04
34	14214.799618	4.563776e-15	8.442000e-01	4.563776e-15	1.035400e+04	3.734400e+04
34	28959.310148	7.700000e-16	9.715000e-01	8.873463e-22	2.822100e+04	5.155200e+04
34	4563.528050	7.347185e-06	8.465808e-01	4.110266e-09	5.702255e+04	4.281182e+03
34	4413.535052	4.967773e-11	8.422999e-01	1.043758e-11	4.827400e+04	1.872000e+04
34	307926.295711	8.600000e-16	9.202000e-01	6.443900e-37	3.421200e+04	5.378000e+04
34	4300.713508	5.134570e-06	8.458491e-01	1.005997e-09	5.310392e+04	7.690045e+03
34	-1.000000	-1.000000e+00	-1.000000e+00	-1.000000e+00	-1.000000e+00	-1.000000e+00
34	6640.510882	1.653160e-09	9.677000e-01	1.252446e-13	5.655000e+03	5.761300e+04
34	-1.000000	-1.000000e+00	-1.000000e+00	-1.000000e+00	-1.000000e+00	-1.000000e+00
34	32420.581604	1.600000e-16	9.335000e-01	2.051979e-21	2.475200e+04	5.333700e+04
34	8390.844351	2.353385e-10	9.653454e-01	2.353385e-10	1.093103e+04	3.811098e+04
34	33220.363145	4.999993e-16	8.822000e-01	6.554522e-22	1.427600e+04	5.732100e+04
34	97663.453361	8.564288e-08	8.727001e-01	1.374654e-15	4.874400e+04	4.012000e+04
34	140421.284479	2.798994e-07	8.746001e-01	1.682242e-16	4.485800e+04	4.511700e+04
34	139194.536198	4.570613e-08	9.031001e-01	1.000000e-08	4.981100e+04	6.840000e+02
34	23346.342548	2.065947e-11	9.259000e-01	1.343454e-30	3.174000e+03	2.433800e+04
34	4427.272139	1.000000e-05	8.462870e-01	2.187382e-09	5.565093e+04	5.808007e+03
34	22983.203045	1.800936e-06	8.936025e-01	3.115788e-13	5.597600e+04	5.245600e+04
34	26200.091299	1.705984e-14	9.031000e-01	9.503061e-29	1.916100e+04	1.907500e+04
34	13884.522173	4.708858e-12	9.449000e-01	5.508938e-16	4.416200e+04	2.567400e+04
34	23804.757583	3.613622e-12	9.525000e-01	9.928227e-29	8.824000e+03	1.305200e+04
34	11981.714187	1.490517e-12	9.392000e-01	1.949143e-29	2.337400e+04	1.122900e+04
34	4603.381885	2.109933e-09	8.373484e-01	1.796141e-12	3.579331e+04	2.282367e+04
34	18765.362731	1.046185e-12	9.715000e-01	2.488565e-21	4.614100e+04	5.260900e+04
34	-1.000000	-1.000000e+00	-1.000000e+00	-1.000000e+00	-1.000000e+00	-1.000000e+00
34	4255.716313	4.811900e-10	9.515699e-01	4.811900e-10	9.443001e+03	4.361900e+04
34	6887.426369	9.473807e-09	8.423000e-01	1.427422e-13	3.860300e+04	2.909900e+04
34	7227.554094	3.819721e-12	9.449000e-01	3.053649e-30	2.112700e+04	1.487700e+04
34	27973.541213	8.800000e-16	9.259000e-01	3.636241e-37	2.726000e+04	5.259400e+04
34	10698.978553	2.536841e-10	9.867000e-01	2.269387e-14	3.085600e+04	1.663700e+04
34	9551.758219	4.157742e-12	8.271000e-01	2.930526e-12	4.536000e+03	4.331200e+04
34	33113.971699	9.900005e-16	9.753000e-01	8.476817e-22	1.593500e+04	5.496600e+04
34	12117.392593	2.215224e-11	9.620000e-01	6.757601e-15	3.942900e+04	1.972500e+04
34	25766.365741	3.299143e-14	8.841000e-01	3.299143e-14	1.703600e+04	9.347000e+03
34	477764.127747	2.684645e-08	9.449000e-01	8.880996e-15	5.350500e+04	3.561300e+04
34	-1.000000	-1.000000e+00	-1.000000e+00	-1.000000e+00	-1.000000e+00	-1.000000e+00
34	12115.070837	8.780302e-14	8.499000e-01	7.651962e-14	1.404900e+04	5.425100e+04
34	-1.000000	-1.000000e+00	-1.000000e+00	-1.000000e+00	-1.000000e+00	-1.000000e+00
34	30347.105469	3.600000e-16	9.582000e-01	1.515120e-22	2.818900e+04	5.645600e+04
34	7801.183621	6.555651e-16	9.753000e-01	9.701364e-20	4.242100e+04	4.328800e+04
34	22185.018065	1.531771e-11	9.239283e-01	1.531771e-11	4.256900e+04	4.780500e+04
34	28598.114526	1.939478e-16	9.031000e-01	2.584709e-21	2.937300e+04	2.129100e+04
34	15869.690377	4.079290e-06	8.537063e-01	1.608194e-13	3.075500e+04	2.874600e+04
34	20268.585886	1.846452e-07	8.100000e-01	9.881836e-09	2.173997e+04	3.076511e+04
34	10631.745163	8.227305e-11	9.677000e-01	6.554240e-14	3.581800e+04	1.440800e+04
34	26944.883572	4.239804e-15	9.012000e-01	2.573865e-30	2.230600e+04	2.329000e+04
34	639958.449540	3.216762e-09	9.373000e-01	1.997835e-16	5.741300e+04	4.467500e+04
34	31069.994500	8.399991e-16	9.734000e-01	1.131661e-19	2.428300e+04	4.382400e+04
34	16102.114446	9.001459e-07	8.303488e-01	9.985518e-09	4.357301e+04	1.430003e+02
34	4337.328916	4.326380e-09	8.409354e-01	1.439951e-11	3.589887e+04	1.789802e+04
34	23305.097093	5.762877e-08	9.923391e-01	1.432824e-13	4.935800e+04	5.602000e+04
34	5466.614215	6.500040e-12	9.487000e-01	2.654798e-30	1.986600e+04	2.194700e+04
34	27207.637835	2.585320e-15	9.069000e-01	2.585320e-15	2.362100e+04	1.903000e+03
34	11719.451929	3.025548e-13	8.575000e-01	4.369314e-14	1.130600e+04	5.603500e+04
34	24700.868635	3.635365e-13	9.316000e-01	6.682948e-33	1.308000e+04	3.598200e+04
34	15537.820060	3.047156e-10	9.316000e-01	3.077061e-18	3.453000e+04	3.748500e+04
34	23723.123347	5.383627e-12	9.278000e-01	1.070514e-30	6.485000e+03	2.494100e+04
34	11787.792644	7.334860e-11	9.734000e-01	6.504786e-15	3.560600e+04	1.966600e+04
34	4646.574126	1.000000e-05	8.404446e-01	4.159129e-12	4.504100e+04	2.102400e+04
34	23908.459488	2.122396e-12	8.765000e-01	1.488676e-27	7.159000e+03	1.342000e+04
34	11652.756115	2.658213e-10	9.620000e-01	6.148668e-15	3.336500e+04	1.993900e+04
34	17179.304413	4.440715e-12	9.126000e-01	5.352873e-19	4.550700e+04	4.172900e+04
34	23149.250000	1.898951e-10	9.829000e-01	4.558225e-30	3.775000e+03	1.714100e+04
34	23230.138299	8.894527e-06	9.430007e-01	1.539477e-13	5.305900e+04	5.519400e+04
34	14576.208673	1.306508e-15	8.195000e-01	1.306508e-15	2.345900e+04	4.031200e+04
34	14533.676856	2.841335e-11	9.810000e-01	3.937334e-17	3.706900e+04	3.112100e+04
34	4879.785694	7.251415e-10	8.345936e-01	3.019393e-13	3.762904e+04	2.705502e+04
34	4381.241843	6.050791e-09	8.461459e-01	1.693718e-09	4.773200e+04	6.426999e+03
34	8618.882442	4.481192e-15	9.848000e-01	6.040753e-16	3.915800e+04	2.449700e+04
34	4505.662617	8.721248e-06	8.464706e-01	3.197240e-09	4.726200e+04	4.889032e+03
34	4236.859670	1.000000e-05	8.448489e-01	4.252065e-10	2.025000e+04	9.748999e+03
34	4842.386138	3.285618e-13	9.639332e-01	2.083349e-13	2.691893e+04	5.771694e+04
34	6527.343912	3.192400e-06	8.349262e-01	3.036630e-14	5.189716e+04	3.292940e+04
34	20655.869804	2.138316e-08	8.594046e-01	1.000000e-08	2.610400e+04	4.950400e+04
34	452231.240866	5.372530e-09	9.088000e-01	3.781513e-17	5.919400e+04	4.862400e+04
34	30591.371058	2.400000e-16	9.753000e-01	1.554783e-20	2.979100e+04	4.723400e+04
34	22230.870186	4.692417e-06	8.648341e-01	2.930029e-12	2.260500e+04	2.169800e+04
34	21973.536876	3.527974e-11	9.144998e-01	3.527974e-11	4.055400e+04	4.764900e+04
34	30195.986652	7.199688e-16	9.981000e-01	5.468647e-18	1.817100e+04	3.539000e+04
34	4885.401738	8.091870e-06	8.398380e-01	1.696921e-12	5.629900e+04	2.319285e+04
34	-1.000000	-1.000000e+00	-1.000000e+00	-1.000000e+00	-1.000000e+00	-1.000000e+00
34	23111.918315	2.797842e-06	9.221016e-01	2.260715e-13	5.723000e+04	5.388600e+04
34	4197.296197	7.231095e-11	9.533515e-01	1.328113e-12	1.405201e+04	5.841905e+04
34	21232.254802	9.253257e-10	9.353562e-01	9.253257e-10	3.191900e+04	3.929100e+04
34	-1.000000	-1.000000e+00	-1.000000e+00	-1.000000e+00	-1.000000e+00	-1.000000e+00
34	17152.321137	1.807037e-11	9.126000e-01	2.499661e-19	4.207300e+04	4.340600e+04
34	12134.188724	1.377241e-15	9.867000e-01	5.761855e-20	4.206000e+04	4.520100e+04
34	4204.264929	3.958133e-10	8.435509e-01	6.872437e-11	4.606272e+04	1.418803e+04
34	21526.708079	3.515476e-06	9.050069e-01	2.944829e-10	5.840700e+04	3.597600e+04
34	27000.647328	3.507643e-15	9.202000e-01	2.200130e-28	2.342100e+04	1.711800e+04
34	23645.147304	3.625492e-12	9.721979e-01	1.702458e-16	1.102800e+04	1.310100e+04
34	20919.247060	8.743114e-06	9.373171e-01	6.449178e-09	5.623900e+04	2.908100e+04
34	20011.524680	2.561090e-15	9.886000e-01	1.108430e-21	5.858400e+04	5.420100e+04
34	20593.827145	2.281951e-07	9.600902e-01	1.000000e-08	1.936100e+04	2.945200e+04
34	4977.292880	1.000000e-08	9.509327e-01	1.000000e-08	2.031053e+03	3.395693e+04
34	6205.541038	6.301159e-07	8.203705e-01	3.718056e-13	1.884323e+04	2.369082e+04
34	261081.140765	5.352613e-08	8.993001e-01	5.902027e-16	5.066200e+04	4.211300e+04
34	59899.464441	1.079866e-07	8.632001e-01	1.818920e-15	4.749600e+04	3.946700e+04
34	27353.323666	2.564873e-17	8.214000e-01	2.564873e-17	2.830000e+04	4.024800e+04
34	5850.547850	2.292805e-12	8.195000e-01	4.061310e-14	5.466000e+03	3.440500e+04
34	-1.000000	-1.000000e+00	-1.000000e+00	-1.000000e+00	-1.000000e+00	-1.000000e+00
34	10274.923012	3.264047e-10	9.886000e-01	4.381302e-14	2.986100e+04	1.509400e+04
34	28852.304248	1.200420e-16	8.917000e-01	1.871250e-34	3.010800e+04	4.497700e+04
34	21401.148850	6.556096e-10	9.011890e-01	6.556096e-10	3.394400e+04	3.898800e+04
34	31927.033642	5.749786e-12	9.183000e-01	4.838221e-27	2.005900e+04	1.119000e+03
34	4631.574617	9.324010e-06	8.409106e-01	4.314754e-12	5.335396e+04	2.092781e+04
34	16170.710498	5.351737e-11	9.468000e-01	1.283065e-18	3.812000e+04	3.917700e+04
34	5253.433749	3.123422e-12	8.319969e-01	3.426739e-14	5.042020e+04	3.227701e+04
34	5092.713427	7.689394e-12	8.195000e-01	3.854673e-13	2.621000e+03	2.922200e+04
34	4189.607049	1.000000e-05	8.448298e-01	2.555923e-10	2.495400e+04	1.101000e+04
34	4444.925236	1.000000e-05	8.459847e-01	2.137693e-09	2.124998e+04	5.843993e+03
34	4187.018432	1.000000e-05	8.441289e-01	1.027463e-10	4.314689e+04	1.322706e+04
34	16123.483935	1.182428e-15	9.943000e-01	5.424996e-17	5.873300e+04	3.026800e+04
34	23980.481034	2.447753e-12	9.373000e-01	2.787298e-29	8.810000e+03	1.696100e+04
34	10353.750556	2.217378e-12	8.442000e-01	4.031009e-13	6.341000e+03	4.981700e+04
34	4750.065229	1.000000e-05	8.468375e-01	8.277415e-09	3.457708e+04	2.588550e+03
34	14476.200059	1.282052e-10	9.544000e-01	3.797015e-17	3.559800e+04	3.153800e+04
34	32305.203518	3.000000e-16	9.734000e-01	8.586008e-23	2.741400e+04	5.931800e+04
34	7181.090124	6.643418e-12	9.867000e-01	6.618959e-15	2.269700e+04	1.924900e+04
34	986112.520701	2.008343e-08	9.449000e-01	1.060351e-17	5.269900e+04	5.160100e+04
34	24242.309657	7.869077e-13	8.575000e-01	4.690308e-34	9.103000e+03	4.542300e+04
34	16177.030243	8.956433e-12	9.411000e-01	3.467008e-18	4.275300e+04	3.706600e+04
34	-1.000000	-1.000000e+00	-1.000000e+00	-1.000000e+00	-1.000000e+00	-1.000000e+00
34	30374.535668	1.091251e-16	9.202000e-01	2.408210e-21	3.028800e+04	5.186100e+04
34	23968.608904	2.476501e-12	9.221000e-01	3.924228e-32	8.116000e+03	3.097500e+04
34	21793.560837	1.508178e-10	8.195122e-01	1.508178e-10	3.895700e+04	4.161000e+04
34	23374.281561	6.202597e-10	9.923997e-01	2.224100e-16	4.960000e+03	2.512000e+04
34	11564.419225	1.005626e-09	9.544000e-01	4.801518e-15	3.058600e+04	2.060800e+04
34	23255.995641	1.798216e-11	8.765000e-01	3.727643e-25	2.043000e+03	4.392000e+03
34	23984.610665	3.123123e-11	9.202000e-01	1.037684e-28	1.596700e+04	6.363000e+03
34	24655.583541	4.033159e-13	9.050000e-01	1.015182e-32	1.183800e+04	3.728800e+04
34	8351.510487	6.657602e-15	8.271000e-01	9.621838e-17	1.763400e+04	4.700500e+04
34	11165.163814	1.810935e-09	9.126000e-01	1.289092e-14	3.084900e+04	1.907400e+04
34	540412.139829	2.097471e-15	8.518000e-01	7.594055e-36	3.907000e+04	5.783200e+04
34	4654.684401	4.018363e-10	8.367953e-01	1.205390e-12	3.964675e+04	2.377804e+04
34	20299.753440	8.861349e-09	9.870312e-01	8.861349e-09	2.211600e+04	4.398200e+04
34	25032.440734	1.677903e-13	8.936000e-01	1.770305e-30	1.357000e+04	1.581700e+04
34	106233.777481	2.902277e-07	8.879004e-01	5.650285e-14	4.385200e+04	3.119500e+04
34	-1.000000	-1.000000e+00	-1.000000e+00	-1.000000e+00	-1.000000e+00	-1.000000e+00
34	375046.061462	2.212278e-09	9.031000e-01	6.216639e-17	5.959100e+04	4.745300e+04
34	59127.813437	4.900000e-16	9.601000e-01	4.371229e-38	3.517800e+04	5.854900e+04
34	23026.558474	4.320469e-07	8.518005e-01	8.165701e-15	4.079300e+04	3.590900e+04
34	466303.187107	6.405184e-09	9.449000e-01	1.117360e-14	5.908600e+04	3.506200e+04
34	9504.587867	1.795358e-11	8.575000e-01	1.986721e-12	1.587000e+03	4.667700e+04
34	4394.405606	1.231797e-07	8.402143e-01	9.721660e-12	2.733002e+04	1.882499e+04
34	8537.737502	1.000000e-08	8.518001e-01	1.000000e-08	3.503900e+04	1.409000e+03
34	26830.195789	4.422228e-15	8.537000e-01	4.422228e-15	2.106400e+04	9.620000e+02
34	-1.000000	-1.000000e+00	-1.000000e+00	-1.000000e+00	-1.000000e+00	-1.000000e+00
34	39735.845758	3.443166e-06	8.689042e-01	2.223101e-13	3.244400e+04	2.792200e+04
34	21757.155026	1.633961e-10	8.386876e-01	1.633961e-10	3.845700e+04	4.307900e+04
34	7858.266127	6.700442e-14	8.138000e-01	3.915509e-14	1.398800e+04	3.666900e+04
34	29763.152603	1.878254e-17	9.050000e-01	2.400897e-36	3.466600e+04	5.339500e+04
34	33254.545612	8.900007e-16	9.943000e-01	5.057934e-22	1.227300e+04	5.590700e+04
34	4488.580753	3.287326e-10	9.468000e-01	1.243594e-27	1.036600e+04	1.610000e+03
34	256312.901461	3.400000e-16	9.316000e-01	9.637572e-37	3.953200e+04	5.359200e+04
34	4460.582207	2.516120e-09	9.497164e-01	2.516120e-09	5.465004e+03	4.489400e+04
34	-1.000000	-1.000000e+00	-1.000000e+00	-1.000000e+00	-1.000000e+00	-1.000000e+00
34	10939.924088	4.015271e-11	9.335000e-01	4.275434e-27	1.539100e+04	1.970000e+02
34	14672.815432	1.941159e-10	9.791000e-01	1.303212e-17	3.261800e+04	3.360700e+04
34	12405.878328	2.773033e-09	9.449000e-01	7.391011e-16	2.859800e+04	2.500300e+04
34	10379.014169	7.005115e-11	9.335000e-01	1.969908e-13	3.806300e+04	1.234800e+04
34	-1.000000	-1.000000e+00	-1.000000e+00	-1.000000e+00	-1.000000e+00	-1.000000e+00
34	22039.112951	5.581702e-12	9.809702e-01	5.581702e-12	4.117200e+04	5.376000e+04
34	10003.872990	3.661364e-09	9.924000e-01	2.276582e-14	2.297600e+04	1.656500e+04
34	21910.582364	3.716274e-11	9.448479e-01	3.716274e-11	3.943400e+04	4.668600e+04
34	7510.798819	2.063711e-11	8.366000e-01	5.346686e-15	4.709700e+04	3.688200e+04
34	42067.790815	8.500000e-16	9.696000e-01	1.506128e-36	3.604000e+04	5.171200e+04
34	-1.000000	-1.000000e+00	-1.000000e+00	-1.000000e+00	-1.000000e+00	-1.000000e+00
34	27269.443762	2.270995e-15	8.841000e-01	5.239766e-33	2.325700e+04	3.763700e+04
34	4199.736086	1.103802e-10	9.532517e-01	1.103802e-10	1.300400e+04	4.642896e+04
34	4470.040993	1.326199e-09	9.518535e-01	1.326199e-09	6.928996e+03	3.894602e+04
34	4246.974546	6.026321e-10	9.506000e-01	6.026321e-10	8.926000e+03	4.783200e+04
34	4180.360946	9.922858e-06	8.446433e-01	1.882949e-10	4.496700e+04	1.175600e+04
34	-1.000000	-1.000000e+00	-1.000000e+00	-1.000000e+00	-1.000000e+00	-1.000000e+00
34	5086.570134	1.312193e-07	9.924001e-01	2.344346e-11	6.230000e+02	1.140000e+02
34	23137.277444	1.841825e-06	9.202041e-01	2.890143e-11	5.762800e+04	7.770000e+02
34	13523.921437	2.934727e-09	9.658000e-01	5.965131e-17	2.724100e+04	3.037100e+04
34	5301.894259	4.983663e-08	8.431910e-01	1.000000e-08	2.830700e+04	1.733000e+03
34	-1.000000	-1.000000e+00	-1.000000e+00	-1.000000e+00	-1.000000e+00	-1.000000e+00
34	20994.360849	6.362926e-09	8.100000e-01	5.697994e-09	2.993103e+04	4.080704e+04
34	4311.471154	9.279445e-10	9.507048e-01	9.279445e-10	7.867036e+03	4.356094e+04
34	23802.090376	1.171928e-12	8.195000e-01	1.106276e-12	5.878000e+03	1.373900e+04
34	10639.151375	8.541246e-13	8.233000e-01	1.690124e-13	8.238000e+03	4.969000e+04
34	10746.786306	4.375383e-09	8.955000e-01	2.365179e-14	2.918300e+04	1.809200e+04
34	17986.022627	2.134834e-14	9.924000e-01	1.918213e-19	5.236400e+04	4.281500e+04
34	22349.975976	6.823455e-12	8.917090e-01	6.823455e-12	4.509500e+04	5.330600e+04
34	22910.237093	2.142917e-06	9.202068e-01	5.560644e-13	5.112000e+04	5.164100e+04
34	280757.208929	5.700000e-16	8.917000e-01	3.582664e-37	4.261100e+04	5.977200e+04
34	23848.256320	1.697964e-12	8.423000e-01	1.697964e-12	6.827000e+03	3.714000e+03
34	4700.089543	1.000000e-05	8.465383e-01	6.502929e-09	2.197902e+04	3.157176e+03
34	20630.557285	4.791468e-09	9.752654e-01	4.791468e-09	2.532500e+04	3.775000e+04
34	25750.203979	3.883073e-14	9.126000e-01	3.883073e-14	1.754200e+04	5.493000e+03
34	572019.452017	1.392206e-08	9.202000e-01	1.000000e-08	5.816900e+04	2.303900e+04
34	9754.280074	9.846897e-12	9.924000e-01	1.167308e-16	2.314300e+04	2.847800e+04
34	20865.496067	3.051984e-17	8.385000e-01	3.051984e-17	1.228700e+04	4.926000e+04
34	24167.914331	1.021454e-12	8.689000e-01	8.543468e-35	8.724000e+03	4.365300e+04
34	13390.647345	2.528289e-12	9.544000e-01	1.599381e-15	4.519800e+04	2.311900e+04
34	7723.291169	2.374118e-11	8.119000e-01	1.708447e-17	6.800000e+01	5.678800e+04
34	25655.609707	1.728201e-10	9.980999e-01	3.401890e-15	8.153000e+03	2.057600e+04
34	27598.345658	1.032927e-15	9.259000e-01	2.621019e-31	2.648900e+04	2.701100e+04
34	-1.000000	-1.000000e+00	-1.000000e+00	-1.000000e+00	-1.000000e+00	-1.000000e+00
34	23410.323654	2.262685e-06	9.221046e-01	9.380355e-12	5.954600e+04	3.451000e+03
34	23495.253568	2.457044e-08	8.897931e-01	2.989518e-14	5.209200e+04	5.810800e+04
34	4359.189154	1.000000e-05	8.460813e-01	1.491309e-09	5.474011e+04	6.735906e+03
34	32863.037443	3.300000e-16	9.943000e-01	1.183862e-21	2.660000e+04	5.394200e+04
34	16422.878087	9.003165e-13	9.354000e-01	4.650182e-29	2.457800e+04	1.080000e+04
34	8709.979064	1.619241e-12	8.309000e-01	1.619241e-12	6.787000e+03	2.361000e+04
34	4419.059750	9.366480e-11	9.487000e-01	4.036035e-29	1.341700e+04	1.236000e+04
34	30668.268883	1.860558e-18	8.100000e-01	2.974245e-19	3.776400e+04	5.409200e+04
34	28903.263780	9.480638e-17	8.499000e-01	6.501831e-32	2.968400e+04	3.611500e+04
34	4687.775108	3.201043e-10	9.570068e-01	3.201043e-10	1.016802e+04	3.956999e+04
34	28830.402551	1.194452e-16	9.107000e-01	1.397021e-34	3.072900e+04	4.568300e+04
34	27020.548347	3.643909e-15	9.088000e-01	9.257443e-31	2.290000e+04	2.523900e+04
34	350226.380529	2.911410e-08	9.297000e-01	1.454773e-14	5.374100e+04	3.443300e+04
34	9973.497534	2.222653e-12	8.271000e-01	1.028308e-12	6.031000e+03	4.587400e+04
34	6304.147299	9.051824e-09	8.462477e-01	9.051824e-09	4.121606e+04	1.830400e+03
34	9702.217420	2.129734e-11	9.829000e-01	6.611567e-13	3.752600e+04	8.811000e+03
34	4183.725236	1.000000e-05	8.442426e-01	1.266536e-10	2.450979e+04	1.271404e+04
34	-1.000000	-1.000000e+00	-1.000000e+00	-1.000000e+00	-1.000000e+00	-1.000000e+00
34	15294.629773	4.741600e-13	8.179303e-01	4.741600e-13	5.842100e+04	2.879800e+04
