48	1069.253850	6.376320e-13	9.712000e-01	1.347290e-13	4.859900e+04	1.372300e+04
48	1870.248974	1.277450e-06	9.928020e-01	4.946576e-14	5.002900e+04	1.598000e+04
48	289.068471	1.764152e-10	9.688000e-01	8.870758e-14	1.294800e+04	1.413800e+04
48	319.074515	1.000000e-05	8.045595e-01	1.110935e-09	3.685594e+04	6.646949e+03
48	977.975630	5.299065e-09	8.632000e-01	1.781827e-16	3.009000e+04	3.115700e+04
48	1168.844742	2.274255e-14	9.952000e-01	7.922081e-15	5.233100e+04	2.029800e+04
48	577.960852	2.312387e-13	8.032000e-01	2.312387e-13	7.643000e+03	2.730900e+04
48	1901.687020	1.506902e-14	7.912000e-01	6.497621e-29	1.921700e+04	2.265500e+04
48	1483.546947	8.996963e-12	8.824000e-01	2.022369e-19	4.568200e+04	4.674300e+04
48	1120.603105	1.040871e-10	8.896000e-01	2.093189e-16	3.933400e+04	3.019700e+04
48	1783.467592	2.746073e-12	9.712000e-01	2.076063e-31	1.471900e+04	3.027800e+04
48	319.758747	1.000000e-05	8.046167e-01	1.235254e-09	3.800299e+04	6.389016e+03
48	1961.501535	4.569442e-18	7.888000e-01	4.569442e-18	2.179500e+04	4.459900e+04
48	2641.460631	5.300041e-16	9.088000e-01	5.951194e-22	1.290700e+04	5.973400e+04
48	797.246976	3.659831e-09	8.992000e-01	3.163835e-13	3.015500e+04	1.252100e+04
48	850.746380	1.086485e-10	9.759999e-01	1.182991e-12	3.516300e+04	8.430000e+03
48	2645.391743	9.400001e-16	9.760000e-01	1.317825e-21	1.983300e+04	5.679800e+04
48	1355.060962	4.071641e-13	8.344000e-01	1.264670e-17	5.456200e+04	3.845100e+04
48	1300.590801	9.172857e-10	7.792000e-01	9.172857e-10	4.620900e+04	5.571000e+03
48	2570.345066	2.226975e-08	7.600000e-01	9.009446e-09	2.814107e+04	4.107916e+04
48	37514.540473	3.800000e-16	8.440000e-01	2.312436e-37	3.540000e+04	5.948300e+04
48	2335.674200	1.400000e-16	9.184000e-01	2.019292e-22	3.113900e+04	5.951800e+04
48	320.998051	8.529601e-10	9.325770e-01	8.529601e-10	7.278025e+03	4.596206e+04
48	335.329967	7.611885e-07	8.017367e-01	2.535402e-11	5.910816e+04	1.583384e+04
48	318.517822	1.000000e-05	8.031751e-01	1.368946e-10	5.150991e+04	1.173705e+04
48	2151.181163	1.978688e-17	7.792000e-01	2.185403e-34	3.472700e+04	4.640200e+04
48	356.971540	4.156305e-06	8.005156e-01	7.254575e-12	5.648400e+04	1.887184e+04
48	886.237918	3.797899e-09	9.184000e-01	3.876329e-15	2.947800e+04	2.279000e+04
48	2662.409845	2.880925e-06	8.080370e-01	5.246894e-10	5.329000e+04	3.402500e+04
48	2707.737291	4.000046e-17	9.880000e-01	5.024623e-22	1.738800e+04	5.887400e+04
48	1832.231008	2.416227e-13	8.032000e-01	2.416227e-13	9.518000e+03	1.540300e+04
48	2371.894303	1.900000e-16	9.568000e-01	3.050652e-20	3.010700e+04	4.911300e+04
48	275.316256	2.773913e-13	7.773847e-01	2.633582e-13	1.129600e+04	2.860400e+04
48	1956.021894	1.000000e-05	8.196448e-01	1.000000e-08	4.834100e+04	2.430001e+02
48	973.963773	4.182477e-11	9.544000e-01	2.766661e-14	3.923200e+04	1.767800e+04
48	1092.623046	3.970403e-11	8.896000e-01	1.361219e-15	4.176600e+04	2.574700e+04
48	1061.709871	6.407874e-12	7.840000e-01	3.221426e-13	4.480000e+03	5.111400e+04
48	817.847784	3.046851e-12	9.184000e-01	6.874406e-30	2.097500e+04	1.583700e+04
48	1125.124246	2.484337e-11	8.512000e-01	6.648875e-16	4.381600e+04	2.836000e+04
48	2135.153899	2.040481e-17	8.848000e-01	1.420002e-20	3.663400e+04	4.781700e+04
48	68104.399843	8.383118e-09	9.856000e-01	5.006964e-15	5.501000e+04	3.642100e+04
48	946.566708	3.554494e-12	7.648000e-01	1.795951e-12	5.631000e+03	4.271800e+04
48	335.202350	6.331000e-06	8.017450e-01	2.558196e-11	5.840715e+04	1.581210e+04
48	1976.560872	8.602434e-20	7.864000e-01	8.602434e-20	2.063000e+04	5.502100e+04
48	1803.424564	2.656807e-11	9.352000e-01	8.385103e-30	5.245000e+03	2.383100e+04
48	3161.179084	1.051853e-12	8.920000e-01	4.449335e-28	2.354600e+04	6.037000e+03
48	2756.485425	1.148503e-06	8.560643e-01	8.755248e-11	5.884800e+04	4.012300e+04
48	800.172547	5.433171e-10	9.616000e-01	4.491367e-12	3.234500e+04	5.329000e+03
48	2839.399709	7.172043e-07	7.912270e-01	3.398863e-12	5.231600e+04	4.568700e+04
48	3448.774359	1.372749e-08	8.727998e-01	1.000000e-08	5.860000e+02	4.858700e+04
48	1076.437631	2.020831e-12	7.648000e-01	4.317335e-14	7.007000e+03	5.215600e+04
48	1592.855108	1.014200e-12	9.808000e-01	9.349992e-20	4.633600e+04	4.698900e+04
48	2539.015209	9.864318e-06	7.981977e-01	9.918003e-09	5.647448e+04	2.613822e+04
48	33307.728107	5.309761e-08	9.544001e-01	2.362339e-12	5.013200e+04	2.158800e+04
48	370.691743	5.814001e-12	7.864000e-01	2.539368e-14	2.877000e+03	3.324500e+04
48	1849.808889	8.474404e-15	7.936000e-01	8.474404e-15	1.540200e+04	2.524300e+04
48	7235.213903	8.814614e-07	8.488011e-01	2.248194e-14	4.008100e+04	3.282100e+04
48	2084.357740	5.708989e-06	7.608590e-01	9.427465e-13	4.896900e+04	3.342900e+04
48	18461.360114	5.122900e-08	9.087993e-01	1.000000e-08	4.993800e+04	4.640000e+02
48	2249.347318	5.455645e-18	7.960000e-01	2.889268e-20	3.764000e+04	4.884800e+04
48	4824.863087	4.600000e-16	9.400000e-01	2.369750e-36	3.927700e+04	5.279600e+04
48	2795.701248	9.646037e-07	7.720073e-01	4.235082e-12	4.534600e+04	4.277300e+04
48	334.077803	4.458451e-09	9.312871e-01	4.458451e-09	3.264982e+03	4.578699e+04
48	2860.073978	5.033065e-06	8.248080e-01	3.867259e-12	5.505400e+04	4.710400e+04
48	1934.967249	2.937161e-15	8.752000e-01	1.120374e-34	2.481600e+04	4.774600e+04
48	1870.597651	5.100201e-16	9.616000e-01	9.688422e-36	3.411600e+04	4.271700e+04
48	1992.807514	8.423784e-16	8.056000e-01	6.598060e-36	2.631300e+04	5.250000e+04
48	944.439040	1.452724e-09	8.392000e-01	1.960187e-15	3.380800e+04	2.615600e+04
48	1840.558071	3.002851e-13	8.608000e-01	2.339421e-27	1.331800e+04	1.335800e+04
48	-1.000000	-1.000000e+00	-1.000000e+00	-1.000000e+00	-1.000000e+00	-1.000000e+00
48	1305.155837	6.597696e-11	8.608000e-01	1.406391e-18	4.114500e+04	4.274000e+04
48	1326.930754	1.000000e-05	7.768156e-01	1.033419e-13	5.491600e+04	2.998700e+04
48	1804.971295	5.131423e-11	8.608000e-01	2.913662e-16	6.280000e+02	2.381300e+04
48	1894.878114	6.234539e-15	9.856000e-01	5.963829e-21	5.851600e+04	5.325100e+04
48	-1.000000	-1.000000e+00	-1.000000e+00	-1.000000e+00	-1.000000e+00	-1.000000e+00
48	800.410136	1.144803e-08	8.512000e-01	5.499548e-14	2.841600e+04	1.773900e+04
48	1389.627540	7.834916e-12	9.880000e-01	8.664613e-19	3.996700e+04	4.177500e+04
48	489.213176	7.305896e-09	9.412583e-01	7.305896e-09	1.695020e+03	3.237103e+04
48	321.169931	1.000000e-05	8.047173e-01	1.498032e-09	4.345798e+04	5.919996e+03
48	1805.766534	1.463458e-11	8.152000e-01	1.098952e-27	3.005000e+03	1.779000e+04
48	3004.171016	2.808791e-07	8.199998e-01	5.751014e-14	5.463300e+04	5.762000e+04
48	412.274059	8.211622e-14	9.688000e-01	3.246523e-18	3.094700e+04	3.809700e+04
48	988.014612	1.208276e-10	8.440000e-01	1.753536e-14	3.996900e+04	2.072100e+04
48	569.005834	2.804057e-06	9.208013e-01	1.353302e-13	1.303200e+04	1.424400e+04
48	2000.339728	2.000370e-16	8.848000e-01	1.728040e-35	3.154700e+04	4.943700e+04
48	2569.771951	5.006584e-07	8.487951e-01	1.000000e-08	5.055600e+04	2.795800e+04
48	321.880187	1.000000e-05	8.047602e-01	1.633114e-09	3.799099e+04	5.710008e+03
48	1809.269738	3.795740e-12	7.696000e-01	3.795740e-12	5.541000e+03	2.689000e+03
48	382.763918	5.369087e-06	7.993158e-01	2.331422e-12	5.218500e+04	2.162600e+04
48	1854.898732	1.013584e-13	7.624000e-01	2.619549e-25	1.423400e+04	1.449200e+04
48	3021.320209	2.223443e-08	8.056000e-01	2.630119e-14	5.927700e+04	5.896100e+04
48	2446.748265	1.345675e-16	8.104000e-01	1.345675e-16	1.424300e+04	4.510600e+04
48	985.584999	1.638529e-11	9.112000e-01	4.973641e-28	1.690000e+04	6.897000e+03
48	450.504683	7.429214e-10	9.903994e-01	1.017214e-15	1.239200e+04	2.512600e+04
48	1103.725415	2.336096e-10	9.760000e-01	4.780872e-17	3.323000e+04	3.253300e+04
48	2949.007589	7.492249e-06	8.824017e-01	5.602303e-13	5.566800e+04	5.345100e+04
48	1137.054675	1.395691e-11	9.088000e-01	1.517531e-28	1.728900e+04	8.873000e+03
48	52946.432380	1.477657e-08	9.832000e-01	1.309648e-13	5.354400e+04	2.856900e+04
48	513.891804	1.482934e-15	7.672000e-01	2.142287e-16	2.416600e+04	4.715000e+04
48	6934.836717	4.022201e-07	8.488005e-01	3.428669e-14	4.393700e+04	3.180500e+04
48	1896.880984	1.113433e-14	8.872000e-01	1.287487e-19	2.196300e+04	1.668600e+04
48	1422.937621	1.000000e-05	8.272124e-01	2.880342e-11	2.106400e+04	1.552200e+04
48	1928.087665	1.138684e-15	9.063998e-01	5.032681e-36	2.815200e+04	5.368000e+04
48	79514.544152	2.009616e-08	9.688000e-01	9.086326e-17	5.269400e+04	4.600200e+04
48	1837.407971	3.710891e-13	8.560000e-01	5.507108e-35	1.269900e+04	5.095500e+04
48	2791.349180	5.422947e-11	8.344004e-01	5.422947e-11	4.218300e+04	4.879500e+04
48	2209.440484	8.897989e-16	9.352000e-01	4.682198e-18	1.815800e+04	3.845500e+04
48	1180.202674	6.114619e-13	8.440000e-01	4.857634e-14	1.120400e+04	5.893400e+04
48	2038.257047	6.274850e-17	8.824000e-01	5.257494e-36	3.424500e+04	5.438100e+04
48	1851.201480	1.222641e-13	7.816000e-01	1.222641e-13	1.390700e+04	1.206700e+04
48	1844.777312	1.345241e-13	9.064000e-01	1.736588e-36	1.660600e+04	5.541700e+04
48	1832.367942	5.007601e-13	8.872000e-01	5.872275e-29	1.276500e+04	2.008000e+04
48	1813.143257	2.835149e-13	7.768000e-01	2.835149e-13	8.826000e+03	1.887100e+04
48	339.992185	6.310488e-11	9.365289e-01	6.310488e-11	1.354897e+04	4.786699e+04
48	1827.367421	4.115931e-14	7.768000e-01	4.115931e-14	1.280000e+04	2.395600e+04
48	9058.871580	1.200000e-16	9.256000e-01	7.126742e-38	3.966700e+04	5.735400e+04
48	2888.933214	9.602914e-06	8.584044e-01	2.547070e-12	5.301300e+04	4.912000e+04
48	323.981906	2.572314e-14	9.712000e-01	2.784343e-15	3.396900e+04	2.228900e+04
48	1019.056630	4.838685e-10	9.304000e-01	5.567441e-16	3.420100e+04	2.724500e+04
48	344.523130	6.044797e-15	9.688000e-01	6.044797e-15	3.728600e+04	1.992700e+04
48	1867.409453	3.153732e-14	9.040000e-01	2.112045e-33	2.002900e+04	3.636100e+04
48	12667.157583	5.882728e-07	8.584009e-01	1.197413e-15	4.085600e+04	3.986000e+04
48	2445.411023	3.599928e-16	9.688000e-01	6.074114e-20	1.674900e+04	4.815300e+04
48	2024.966918	2.749567e-16	8.416000e-01	1.717718e-37	2.965500e+04	5.795500e+04
48	35762.478525	7.253584e-08	8.944000e-01	3.235515e-17	5.353900e+04	4.845700e+04
48	352.120595	1.000000e-05	8.007657e-01	9.284687e-12	4.667735e+04	1.827296e+04
48	32379.937716	4.285248e-08	9.040001e-01	6.706113e-16	5.101000e+04	4.124100e+04
48	849.331212	1.603529e-11	7.624000e-01	8.762612e-12	1.926000e+03	3.690900e+04
48	53928.565204	6.140331e-16	7.960000e-01	1.017630e-36	4.144900e+04	5.976400e+04
48	1876.694979	4.304132e-14	8.152000e-01	7.715508e-29	1.709500e+04	2.037900e+04
48	330.699055	2.323408e-09	9.320533e-01	2.323408e-09	4.835014e+03	4.252004e+04
48	342.133122	1.321819e-06	8.053848e-01	7.796565e-09	4.944099e+04	1.907931e+03
48	1955.067571	2.546770e-15	8.008000e-01	4.264046e-30	2.360600e+04	2.672800e+04
48	1139.098204	7.391920e-13	7.648000e-01	8.045620e-15	9.444000e+03	5.642800e+04
48	760.343876	9.696379e-14	9.808000e-01	4.133135e-20	3.173900e+04	4.854100e+04
48	1857.234600	1.110929e-13	8.584000e-01	1.284587e-34	1.566200e+04	4.538800e+04
48	2968.535959	1.622960e-06	8.078989e-01	1.351107e-13	4.698300e+04	5.490700e+04
48	2442.248366	8.999958e-16	9.520000e-01	5.499786e-20	1.674700e+04	4.857400e+04
48	2679.912423	9.887747e-10	8.127235e-01	9.887747e-10	3.514601e+04	5.848002e+04
48	811.196958	4.380457e-12	7.793313e-01	2.739217e-13	5.015200e+04	2.530400e+04
48	1874.135865	4.574291e-14	8.632000e-01	1.648640e-29	1.791000e+04	2.158200e+04
48	1979.621462	1.218077e-15	9.280000e-01	1.209663e-15	1.290700e+04	2.548400e+04
48	1818.199505	1.932561e-12	8.920000e-01	2.526709e-27	9.634000e+03	1.223800e+04
48	904.519600	1.968716e-16	9.448000e-01	3.625768e-21	4.423000e+04	1.962400e+04
48	1878.554269	1.091140e-17	7.816000e-01	1.091140e-17	2.423600e+04	4.410700e+04
48	1941.028674	3.732428e-15	7.792000e-01	3.732428e-15	2.231200e+04	1.811200e+04
48	-1.000000	-1.000000e+00	-1.000000e+00	-1.000000e+00	-1.000000e+00	-1.000000e+00
48	2817.714299	3.216367e-07	7.839794e-01	4.709676e-12	5.576600e+04	4.421700e+04
48	880.563242	4.364294e-10	9.568000e-01	3.602765e-14	3.319900e+04	1.701700e+04
48	809.068803	9.882656e-10	9.112000e-01	8.954709e-12	3.308200e+04	4.246000e+03
48	91932.282223	8.665795e-17	8.248000e-01	6.713328e-20	4.672000e+04	5.726300e+04
48	676.354752	1.812150e-07	8.800002e-01	1.459230e-13	2.093000e+04	1.471400e+04
48	1949.232484	1.086172e-15	8.896000e-01	1.317189e-20	2.764300e+04	2.022200e+04
48	1805.625319	1.990930e-11	8.392000e-01	4.866670e-24	2.691000e+03	5.651000e+03
48	2468.686220	3.120653e-07	7.600000e-01	9.315499e-09	2.157534e+04	2.988599e+04
48	1805.598699	2.221618e-11	8.512000e-01	3.164845e-18	2.649000e+03	2.907200e+04
48	1806.049074	9.780601e-12	9.304000e-01	5.037009e-29	7.354000e+03	1.794300e+04
48	1805.223888	1.199996e-10	9.256000e-01	3.241040e-25	9.380000e+02	1.951000e+03
48	2765.223386	1.103899e-10	8.223987e-01	1.103899e-10	4.055100e+04	4.826900e+04
48	2919.867279	1.460725e-12	9.616000e-01	1.460725e-12	4.896400e+04	5.377600e+04
48	2961.150095	3.720453e-13	9.208000e-01	3.720453e-13	5.319200e+04	5.899400e+04
48	339.764677	1.000000e-05	8.053422e-01	6.789964e-09	4.660222e+04	2.244197e+03
48	338.238672	6.093099e-09	9.310937e-01	6.093099e-09	2.506928e+03	4.810398e+04
48	357.870907	8.262265e-09	9.351999e-01	8.262265e-09	1.755000e+03	5.186300e+04
48	2089.536456	2.319820e-12	7.608088e-01	1.213837e-14	5.558099e+04	4.371803e+04
48	843.378866	4.508497e-10	9.040000e-01	5.306527e-12	3.526600e+04	5.625000e+03
48	2627.189234	3.690758e-09	8.190428e-01	3.690758e-09	3.174500e+04	4.496900e+04
48	1839.720827	3.147932e-13	8.680000e-01	1.591979e-35	1.337400e+04	5.139900e+04
48	2937.984366	2.412306e-06	9.568091e-01	1.142345e-12	5.662800e+04	5.264100e+04
48	698.995136	4.243841e-09	9.784000e-01	1.345025e-11	2.573000e+04	2.498000e+03
48	460.253820	1.176883e-15	7.744000e-01	1.127023e-17	2.427100e+04	5.238700e+04
48	1794.259026	4.259575e-10	9.568001e-01	2.087741e-27	5.370000e+02	1.300000e+04
48	588.517413	2.709321e-09	7.840000e-01	5.239038e-12	3.431000e+04	1.853600e+04
48	333.621788	1.000000e-05	8.026734e-01	9.976591e-10	1.826299e+04	6.804006e+03
48	2957.029446	7.182295e-13	9.400000e-01	7.182295e-13	5.279500e+04	5.474700e+04
48	38739.840120	2.404322e-08	9.904001e-01	8.896396e-11	5.076500e+04	1.281100e+04
48	855.418831	6.485259e-16	9.424000e-01	6.485259e-16	4.137800e+04	1.330600e+04
48	794.868248	1.176755e-09	9.568000e-01	5.694509e-13	3.071800e+04	1.037800e+04
48	337.164189	7.670164e-09	9.376000e-01	6.824979e-12	2.207000e+03	4.910000e+02
48	518.190143	8.508360e-09	9.759714e-01	1.155888e-16	4.264000e+03	3.012100e+04
48	945.374286	5.691375e-09	8.608000e-01	4.505995e-16	2.996300e+04	2.900600e+04
48	1051.099889	2.079688e-11	8.416000e-01	1.345467e-12	2.590000e+03	5.041300e+04
48	340.480731	1.000000e-05	8.040692e-01	3.756692e-09	1.962400e+04	3.625000e+03
48	2928.145095	1.607042e-12	8.008001e-01	1.607042e-12	5.171600e+04	5.538000e+04
48	299.594044	1.058756e-12	7.768000e-01	2.420480e-14	8.062000e+03	3.427100e+04
48	392.349767	1.515229e-07	9.927869e-01	1.808410e-13	3.100000e+02	1.277300e+04
48	1812.193561	1.774263e-12	9.304000e-01	1.112417e-30	1.152400e+04	2.425600e+04
48	28370.837394	1.937583e-08	9.232000e-01	1.069780e-13	5.570100e+04	2.905800e+04
48	356.929387	7.505223e-10	9.256000e-01	1.383117e-28	7.610000e+03	5.603000e+03
48	2012.025925	2.132572e-19	7.888000e-01	2.132572e-19	2.434600e+04	5.223600e+04
48	317.934609	5.929834e-07	8.032608e-01	1.531034e-10	4.693362e+04	1.146508e+04
48	1953.052352	1.661231e-15	8.704000e-01	1.306245e-32	2.605200e+04	3.490800e+04
48	323.974346	1.000000e-05	8.048683e-01	2.051626e-09	3.412197e+04	5.155047e+03
48	2448.316941	8.199947e-16	9.880000e-01	6.321492e-20	1.607100e+04	4.786100e+04
48	1200.392343	7.118437e-16	9.736000e-01	7.118437e-16	4.204100e+04	1.843600e+04
48	319.832174	1.000000e-05	8.033767e-01	3.696568e-10	2.119998e+04	9.292947e+03
48	338.921003	3.204886e-07	8.053259e-01	6.453058e-09	5.691336e+04	2.367990e+03
48	1111.047549	2.645708e-10	9.352000e-01	8.330010e-17	3.552000e+04	3.167300e+04
48	1995.304398	4.359890e-16	8.824000e-01	2.675574e-21	2.956300e+04	4.841800e+04
48	2523.013145	7.530141e-08	7.600000e-01	9.570030e-09	2.510616e+04	2.996004e+04
48	411.356066	1.064471e-15	9.568000e-01	9.641348e-20	4.055900e+04	4.535400e+04
48	329.246827	5.665359e-06	8.050806e-01	3.306322e-09	5.786085e+04	3.994558e+03
48	322.688113	1.000000e-05	8.048067e-01	1.793654e-09	4.204601e+04	5.481994e+03
48	1805.475147	3.064843e-11	8.704000e-01	1.387448e-16	2.260000e+03	2.230500e+04
48	979.082112	2.255505e-10	9.496000e-01	2.916145e-15	3.525700e+04	2.309200e+04
48	316.295822	1.000000e-05	8.041920e-01	5.890500e-10	5.286904e+04	8.189693e+03
48	1030.838201	5.770461e-12	9.328000e-01	1.055991e-13	4.527000e+04	1.471100e+04
48	2196.973917	1.425599e-17	8.248000e-01	3.474912e-22	3.607800e+04	5.677200e+04
48	893.855206	7.858803e-11	9.280000e-01	7.002554e-12	3.886900e+04	4.625000e+03
48	2507.111660	2.502531e-07	7.936004e-01	1.000000e-08	2.238300e+04	2.907000e+04
48	38069.494931	4.675182e-08	9.256001e-01	3.529921e-15	5.039900e+04	3.726200e+04
48	329.572009	5.546379e-06	8.050911e-01	3.392843e-09	5.077802e+04	3.931728e+03
48	1844.091198	2.231679e-13	8.176000e-01	1.099860e-32	1.318100e+04	4.118200e+04
48	1349.320629	8.446864e-14	8.104000e-01	8.446864e-14	1.248400e+04	2.975100e+04
48	18987.759827	3.965792e-16	8.560000e-01	5.870153e-37	4.250000e+04	5.357400e+04
48	472.838180	1.885747e-08	9.879875e-01	1.798439e-15	4.085000e+03	2.377500e+04
48	35263.387613	1.236683e-07	9.400002e-01	9.435826e-14	4.748300e+04	2.936000e+04
48	350.607534	1.221904e-08	9.308096e-01	1.000000e-08	8.149318e+02	5.760197e+04
48	371.081742	8.481274e-14	7.648000e-01	1.963799e-14	1.457500e+04	3.763900e+04
48	2942.393947	2.067039e-06	9.544001e-01	9.962672e-13	5.288400e+04	5.296400e+04
48	2958.222023	9.604900e-06	9.184153e-01	5.328450e-13	5.514300e+04	5.413300e+04
48	1064.382069	9.064869e-12	8.224000e-01	7.305858e-13	4.256000e+03	5.134100e+04
48	2426.101438	9.788021e-07	7.600000e-01	9.323012e-09	1.874518e+04	3.312208e+04
48	316.318427	1.000000e-05	8.039979e-01	4.682308e-10	2.686098e+04	8.744988e+03
48	2861.530269	9.327217e-13	9.856166e-01	9.327217e-13	4.604200e+04	5.892500e+04
48	318.051720	2.250427e-09	9.374952e-01	1.453617e-12	5.148088e+03	3.866022e+03
48	320.896205	1.000000e-05	8.028861e-01	9.507175e-11	3.819000e+04	1.262300e+04
48	317.562288	1.000000e-05	8.044040e-01	8.402483e-10	4.721899e+04	7.326062e+03
48	3047.837425	1.109894e-14	8.248000e-01	1.109894e-14	6.637000e+03	3.452700e+04
48	2562.036945	1.036368e-08	9.377415e-01	1.000000e-08	2.653702e+04	3.426798e+04
48	363.863792	8.782795e-06	8.032100e-01	9.043065e-12	3.025600e+04	1.833700e+04
48	2579.227534	6.600000e-16	9.664000e-01	8.730355e-22	2.604300e+04	5.747500e+04
48	36139.055451	1.220761e-08	9.328000e-01	2.161041e-14	5.701300e+04	3.290900e+04
48	333.616775	1.000000e-05	8.020540e-01	6.027419e-10	1.784894e+04	8.009042e+03
48	-1.000000	-1.000000e+00	-1.000000e+00	-1.000000e+00	-1.000000e+00	-1.000000e+00
48	1909.577847	2.171800e-17	7.840000e-01	2.171800e-17	2.562500e+04	4.168600e+04
48	320.498937	1.000000e-05	8.046724e-01	1.372387e-09	4.908998e+04	6.133033e+03
48	1917.760338	7.561971e-17	7.888000e-01	7.561971e-17	2.480700e+04	3.748900e+04
48	1183.891969	2.247969e-12	7.697678e-01	1.103204e-15	5.132900e+04	3.614100e+04
48	507.922406	2.061093e-10	7.890113e-01	1.375371e-11	4.168300e+04	1.675400e+04
48	1193.828312	1.770583e-10	9.376000e-01	1.618992e-17	3.642400e+04	3.549400e+04
48	2701.973427	5.046789e-12	8.920000e-01	5.628128e-30	1.975300e+04	2.014000e+04
48	1887.180001	2.751703e-14	8.128000e-01	8.012083e-30	1.812600e+04	2.424900e+04
48	1083.797183	1.213416e-10	9.328000e-01	3.600749e-16	3.757900e+04	2.824900e+04
48	2669.600953	4.999999e-17	9.472000e-01	7.351967e-22	1.955600e+04	5.853100e+04
48	1199.882204	7.263770e-12	8.440000e-01	1.708987e-16	4.706700e+04	3.185100e+04
48	803.840066	1.515594e-11	7.616053e-01	1.320777e-11	2.002001e+03	3.483600e+04
48	340.328183	9.871964e-06	8.014252e-01	1.820694e-11	5.046702e+04	1.663798e+04
48	3009.895683	1.145313e-07	8.439997e-01	6.575851e-14	5.567700e+04	5.806300e+04
48	859.646613	7.628896e-09	9.328000e-01	3.148284e-15	2.721400e+04	2.309700e+04
48	1957.755172	1.572173e-16	8.176000e-01	1.572173e-16	1.732400e+04	3.329100e+04
48	2898.116376	6.031465e-06	8.560075e-01	1.928744e-12	5.641700e+04	4.977000e+04
48	1125.526851	8.934957e-13	8.200000e-01	1.747245e-13	9.837000e+03	5.488600e+04
48	466.431193	1.500797e-10	7.936961e-01	8.157528e-14	4.429740e+04	2.960909e+04
48	247235.091064	8.700000e-16	7.672000e-01	5.058302e-36	3.579400e+04	5.827300e+04
48	2917.760484	1.000000e-05	7.767774e-01	2.107804e-13	5.871400e+04	5.120500e+04
48	1808.999062	7.443651e-12	8.704000e-01	1.294862e-28	5.764000e+03	2.158100e+04
48	2688.529570	1.953067e-17	8.080000e-01	1.953067e-17	1.270000e+04	4.969100e+04
48	1817.803405	1.728618e-12	9.088000e-01	3.420189e-31	1.049500e+04	2.802800e+04
48	1827.194496	3.850966e-14	9.568000e-01	1.035181e-35	2.306600e+04	5.003600e+04
48	1722.122252	8.244481e-11	8.968000e-01	1.383246e-29	1.298600e+04	8.363000e+03
48	2537.415456	2.065711e-08	8.940910e-01	1.000000e-08	2.590800e+04	4.040400e+04
48	525.657939	1.147201e-12	8.056000e-01	1.147201e-12	2.132000e+03	2.339000e+04
48	322.963932	1.000000e-05	8.047986e-01	1.816480e-09	2.996872e+04	5.450454e+03
48	2981.044510	2.192030e-08	7.720000e-01	2.379993e-14	5.635000e+04	5.591300e+04
48	1872.538899	5.057954e-14	8.056000e-01	5.057954e-14	1.654600e+04	6.750000e+02
48	316.836570	1.000000e-05	8.042994e-01	7.030154e-10	5.546940e+04	7.759651e+03
48	1909.179147	8.633398e-15	8.728000e-01	2.412590e-29	2.216100e+04	1.965000e+04
48	1834.513869	1.201147e-13	9.255861e-01	3.310816e-35	1.779600e+04	4.791500e+04
48	979.653423	1.000000e-08	8.056002e-01	1.000000e-08	4.287600e+04	2.500000e+02
48	322.479588	1.000000e-05	8.047934e-01	1.749217e-09	3.598772e+04	5.542944e+03
48	356.801879	1.608456e-08	9.307597e-01	1.000000e-08	1.449810e+02	4.567199e+04
48	1324.739142	5.034216e-11	8.800000e-01	1.928373e-18	4.139500e+04	4.148900e+04
48	274.458155	2.666792e-12	9.544000e-01	6.438022e-13	2.205200e+04	8.376000e+03
48	756.376185	7.128393e-09	8.536000e-01	1.470760e-11	2.955200e+04	4.136000e+03
48	2896.700976	9.990842e-06	9.015998e-01	2.810559e-12	5.357700e+04	4.966900e+04
48	3003.404506	7.011890e-06	9.350936e-01	1.508101e-13	5.185100e+04	5.755800e+04
48	1813.135335	3.709732e-12	9.016000e-01	3.002223e-27	8.366000e+03	1.329800e+04
48	1804.733113	2.655867e-11	9.280000e-01	8.476909e-29	4.763000e+03	2.260000e+04
48	327.486667	1.000000e-05	8.019695e-01	6.696612e-11	2.060492e+04	1.343707e+04
48	1846.175545	1.904991e-13	8.152000e-01	1.904991e-13	1.350500e+04	3.441000e+03
48	348.958002	1.000000e-05	7.991680e-01	2.195458e-11	1.732301e+04	1.602899e+04
48	19604.409971	1.117178e-08	9.112000e-01	1.710844e-12	5.970100e+04	2.236800e+04
48	316.249202	9.999998e-06	8.041805e-01	5.781816e-10	5.955901e+04	8.234973e+03
48	1920.792396	5.802258e-15	8.680000e-01	1.334114e-29	2.299000e+04	2.252000e+04
48	338.388020	1.070772e-08	9.640000e-01	5.202140e-13	2.751000e+03	9.755000e+03
48	583.419764	8.457323e-14	9.832000e-01	8.246562e-18	3.244100e+04	3.634700e+04
48	1859.241336	2.405796e-15	9.472000e-01	6.674182e-34	2.879800e+04	4.188900e+04
48	2475.404370	2.612589e-07	7.600000e-01	9.181082e-09	2.201600e+04	2.305100e+04
48	2409.024339	9.600002e-16	8.848000e-01	3.962249e-22	2.451300e+04	5.966800e+04
48	343.523639	1.000000e-05	8.012375e-01	1.497896e-11	5.081100e+04	1.711184e+04
48	1009.628479	4.500172e-15	9.904000e-01	1.101038e-20	4.064500e+04	5.165800e+04
48	2955.163707	1.420215e-06	8.583607e-01	3.868694e-13	4.250900e+04	5.390700e+04
48	2686.146585	3.200001e-16	9.376000e-01	4.249847e-22	1.908900e+04	5.991400e+04
48	2199.956962	9.499734e-16	8.704000e-01	4.419472e-19	2.416700e+04	4.405300e+04
48	298.963773	1.262921e-10	9.760000e-01	8.283195e-14	1.438800e+04	1.448800e+04
48	329.733293	1.000000e-05	8.008911e-01	5.556676e-11	4.916400e+04	1.392600e+04
48	1806.095189	1.644517e-11	8.584000e-01	1.201914e-31	3.555000e+03	3.843000e+04
48	689.409516	4.375450e-06	8.056054e-01	1.145346e-13	3.231200e+04	2.891300e+04
48	349.160222	3.439120e-07	9.975996e-01	4.446312e-12	1.125000e+03	5.015000e+03
48	2183.391321	2.002146e-17	7.936000e-01	2.013457e-22	3.476600e+04	5.892300e+04
48	1975.720233	3.084588e-16	8.944000e-01	4.166452e-33	3.083300e+04	3.926900e+04
48	336.335991	1.000000e-05	8.052716e-01	5.487258e-09	4.297605e+04	2.762349e+03
48	2173.475066	1.797922e-17	8.032000e-01	1.332608e-21	3.521500e+04	5.337300e+04
48	1627.070074	1.938636e-13	9.496000e-01	2.359356e-19	5.307300e+04	4.521200e+04
48	1290.631742	4.081490e-12	9.496000e-01	3.289647e-17	4.535800e+04	3.369400e+04
48	599.322284	1.075286e-09	7.936000e-01	3.268337e-15	3.949500e+04	3.738700e+04
48	26985.315513	3.984386e-08	9.160001e-01	5.634470e-14	5.193700e+04	3.060300e+04
48	2124.782137	2.640801e-16	9.736000e-01	3.534654e-17	9.963000e+03	3.331800e+04
48	1219.831542	1.581083e-06	8.104024e-01	2.027260e-14	3.650300e+04	3.308500e+04
48	2274.388840	1.129470e-18	7.648000e-01	5.559084e-21	4.071100e+04	5.959700e+04
48	358.670682	1.000000e-05	8.004304e-01	6.675162e-12	4.509181e+04	1.907385e+04
48	316.620443	4.178441e-06	8.035028e-01	2.117458e-10	5.066420e+04	1.067694e+04
48	2024.299801	2.233343e-16	8.560000e-01	1.920741e-32	3.048000e+04	3.718300e+04
48	384.303451	2.110126e-12	9.398421e-01	1.778237e-12	2.184512e+04	5.937896e+04
48	1815.745322	1.521889e-12	7.600000e-01	1.022224e-12	7.667000e+03	2.084400e+04
48	1331.378707	1.269718e-10	9.688000e-01	7.324841e-19	3.542700e+04	4.235000e+04
48	1989.041849	3.480435e-17	8.152000e-01	3.480435e-17	2.333200e+04	3.702000e+04
48	1905.088486	1.359613e-14	8.056000e-01	4.632503e-38	1.969200e+04	5.968900e+04
48	447.231682	6.368292e-15	7.696000e-01	1.720806e-16	2.062100e+04	4.699200e+04
48	298.405636	7.575358e-12	7.696000e-01	4.061861e-14	3.632000e+03	3.433600e+04
48	338.474711	9.059989e-06	8.053170e-01	6.279311e-09	5.970210e+04	2.434382e+03
48	327.543889	1.000000e-05	8.021161e-01	5.462617e-11	2.229698e+04	1.395101e+04
48	321.857420	1.000000e-05	8.043929e-01	1.234607e-09	2.328377e+04	6.377800e+03
48	346.124071	1.000000e-05	8.054473e-01	9.710842e-09	4.947455e+04	1.373841e+03
48	1979.829138	1.220827e-15	7.744000e-01	9.051040e-29	2.494500e+04	2.364800e+04
48	2542.026176	7.937298e-06	7.968060e-01	8.857154e-09	5.727691e+04	2.633170e+04
48	1051.521809	1.279737e-10	9.616000e-01	4.697568e-16	3.596200e+04	2.729500e+04
48	-1.000000	-1.000000e+00	-1.000000e+00	-1.000000e+00	-1.000000e+00	-1.000000e+00
48	1983.235978	8.404857e-18	7.840000e-01	8.404857e-18	3.275800e+04	4.288500e+04
48	327.586661	1.000000e-05	8.050232e-01	2.882658e-09	4.634880e+04	4.328072e+03
48	1805.527432	2.129670e-11	8.296000e-01	3.272113e-15	2.314000e+03	1.436500e+04
48	1805.073695	3.947363e-12	7.936000e-01	3.947363e-12	1.348000e+03	1.009600e+04
48	2294.266944	8.199771e-16	9.664000e-01	1.000083e-18	1.920800e+04	4.168700e+04
48	791.568674	8.970331e-15	9.904000e-01	8.216593e-19	3.904900e+04	4.176200e+04
48	5077.533980	4.335348e-07	8.392005e-01	2.815920e-14	4.368000e+04	3.228100e+04
48	351.297857	3.271410e-09	9.332688e-01	3.271410e-09	3.950019e+03	3.836002e+04
48	1745.677074	6.076543e-13	7.654845e-01	5.978328e-13	8.923004e+03	2.095599e+04
48	2262.191895	1.789813e-18	7.864000e-01	2.650673e-20	3.901000e+04	5.319100e+04
48	2820.410867	1.066059e-12	9.927989e-01	1.066059e-12	4.379200e+04	5.976700e+04
48	2675.260731	1.000000e-05	8.200913e-01	4.656430e-10	4.404500e+04	3.484900e+04
48	1805.433603	3.033494e-11	9.160000e-01	4.613591e-28	3.815000e+03	2.036700e+04
48	330.409444	3.618596e-09	9.313300e-01	3.618596e-09	3.775023e+03	5.749609e+04
48	1027.945788	5.257698e-12	8.032000e-01	1.617930e-12	5.256000e+03	4.844900e+04
48	1943.205541	1.643565e-15	8.848000e-01	1.586189e-33	2.649300e+04	4.226700e+04
48	388.966327	2.169473e-12	9.352000e-01	3.721183e-16	2.189600e+04	2.280500e+04
48	1804.995696	8.864559e-11	9.160000e-01	5.013310e-15	8.900000e+02	1.644800e+04
48	1842.566122	2.467409e-13	8.800000e-01	6.139023e-33	1.427300e+04	3.535300e+04
48	399.466847	1.488336e-08	7.975296e-01	1.097702e-12	3.493996e+04	2.338703e+04
48	1818.837100	1.239723e-12	7.840000e-01	2.963838e-27	8.505000e+03	1.095200e+04
48	37531.958718	1.037800e-08	9.784000e-01	1.885993e-11	5.664500e+04	1.656500e+04
48	1992.367418	1.205955e-16	8.248000e-01	1.205955e-16	2.499700e+04	3.326700e+04
48	40477.676767	6.054058e-08	9.616002e-01	3.634112e-13	4.881000e+04	2.610800e+04
48	41793.705139	1.124016e-08	9.880000e-01	1.233588e-11	5.475700e+04	1.759200e+04
48	635.512957	1.074802e-06	8.128042e-01	3.206916e-14	1.782400e+04	2.067200e+04
48	2761.317449	1.112410e-08	8.224000e-01	9.106936e-15	5.849400e+04	3.500300e+04
48	1019.072043	2.684300e-11	8.416000e-01	3.485421e-12	1.966000e+03	4.799800e+04
48	657.274279	4.165903e-07	8.320006e-01	1.304998e-13	1.984100e+04	1.628700e+04
48	3197.033330	1.000000e-05	7.624109e-01	1.000000e-08	5.052400e+04	3.777000e+03
48	665.392682	6.051983e-09	9.880000e-01	6.164418e-12	2.335600e+04	4.313000e+03
48	107384.117138	1.178909e-08	9.760000e-01	3.075933e-18	5.566000e+04	5.398400e+04
48	26645.201062	8.473750e-09	9.064000e-01	1.122651e-14	5.935100e+04	3.448500e+04
48	339.646862	1.000000e-05	8.053399e-01	6.741751e-09	4.232406e+04	2.261527e+03
48	2436.045693	1.799997e-16	9.208000e-01	3.991353e-20	2.201200e+04	4.974900e+04
48	3030.017335	5.000000e-16	9.352000e-01	8.695790e-37	3.416200e+04	5.347700e+04
48	372.296687	5.252498e-10	9.370351e-01	5.252498e-10	8.304005e+03	4.065300e+04
48	935.909670	8.917417e-11	9.064000e-01	2.093790e-13	3.926900e+04	1.341200e+04
48	2890.740216	5.649571e-06	8.416016e-01	2.048270e-12	5.604200e+04	4.924800e+04
48	45225.848592	2.206733e-08	9.736001e-01	3.862134e-13	5.284400e+04	2.596100e+04
48	2940.428968	5.232570e-07	9.520051e-01	1.043950e-12	4.528700e+04	5.282000e+04
48	94833.900133	2.567671e-16	7.600000e-01	5.359696e-17	4.352800e+04	5.688400e+04
48	1828.678862	6.085537e-13	8.992000e-01	2.233952e-30	1.267600e+04	2.340200e+04
48	2448.073952	4.299978e-16	9.448000e-01	4.208417e-20	2.077500e+04	4.925800e+04
48	2379.749820	1.000000e-08	9.928000e-01	1.000000e-08	4.920000e+03	3.042500e+04
48	1817.917402	1.223165e-12	7.624000e-01	1.118775e-23	8.229000e+03	8.077000e+03
48	317.439411	1.000000e-05	8.033414e-01	1.702617e-10	5.764266e+04	1.120692e+04
48	312.527649	9.677290e-09	9.880001e-01	4.462496e-12	5.705000e+03	5.015000e+03
48	388.005333	3.747238e-08	7.983491e-01	1.783900e-12	3.358798e+04	2.223000e+04
48	2408.793616	1.747460e-11	8.920000e-01	3.941464e-28	1.674600e+04	5.125000e+03
48	2250.072372	3.399796e-16	9.496000e-01	1.743980e-18	2.509500e+04	4.043700e+04
48	1320.251077	4.861630e-15	7.744000e-01	4.861630e-15	2.143700e+04	3.564600e+04
48	320.902927	9.995441e-06	8.047000e-01	1.447809e-09	5.851318e+04	6.002929e+03
48	305.610945	1.568283e-12	7.696000e-01	3.247424e-14	7.456000e+03	3.485100e+04
48	1999.739619	1.115319e-16	8.320000e-01	1.115319e-16	2.239800e+04	3.331900e+04
48	1072.965205	1.023067e-09	9.160000e-01	7.505191e-17	3.283200e+04	3.217800e+04
48	353.138692	1.000000e-05	8.007122e-01	8.805582e-12	4.499602e+04	1.840156e+04
48	1886.478452	2.612982e-14	8.368000e-01	2.612982e-14	1.859300e+04	1.166000e+04
48	318.019062	9.955307e-06	8.044578e-01	9.233002e-10	5.638625e+04	7.096865e+03
48	836.063185	1.317676e-08	9.520000e-01	2.344343e-15	2.496400e+04	2.357700e+04
48	1142.820462	4.119167e-12	8.608000e-01	1.112630e-13	6.938000e+03	5.723600e+04
48	316.720866	2.202820e-10	9.334821e-01	2.202820e-10	1.058000e+04	5.554117e+04
48	315.891594	1.000000e-05	8.040634e-01	4.800714e-10	4.846757e+04	8.687081e+03
48	1874.088802	3.907889e-14	8.800000e-01	3.262759e-27	1.872300e+04	1.290700e+04
48	1898.146758	2.678463e-06	9.328018e-01	1.761574e-14	4.725100e+04	1.904700e+04
48	334.255400	1.000000e-05	8.017206e-01	2.843406e-11	2.446800e+04	1.554800e+04
48	1840.791121	2.788641e-13	8.800000e-01	2.727408e-28	1.397700e+04	1.797400e+04
48	1985.905872	1.228802e-20	7.864000e-01	1.228802e-20	2.732400e+04	5.981400e+04
48	527.374755	2.473496e-12	9.544000e-01	2.473496e-12	2.175400e+04	5.490000e+02
48	2729.966212	3.190782e-10	8.152132e-01	3.190782e-10	3.811700e+04	4.245300e+04
48	1803.642216	1.202334e-11	9.376000e-01	1.801061e-31	7.368000e+03	3.136800e+04
48	972.031743	5.355616e-12	9.736000e-01	5.160621e-13	4.298800e+04	1.046200e+04
48	20859.940795	9.113284e-07	8.896014e-01	7.719961e-15	3.869900e+04	3.538600e+04
48	1899.154237	1.712102e-14	8.296000e-01	2.297974e-30	1.956200e+04	2.760900e+04
48	2061.442804	3.393145e-17	8.464000e-01	3.124573e-17	1.520400e+04	3.588400e+04
48	338.300877	1.000000e-05	8.053135e-01	6.212358e-09	4.747875e+04	2.460457e+03
48	315.720062	1.000000e-05	8.038831e-01	3.645921e-10	4.433895e+04	9.356024e+03
48	2924.524380	1.935843e-12	8.488000e-01	1.935843e-12	5.138100e+04	5.216200e+04
48	1922.633329	3.929481e-17	7.888000e-01	3.929481e-17	2.047200e+04	3.933400e+04
48	348.601491	1.000000e-05	8.009514e-01	1.121600e-11	3.369113e+04	1.781406e+04
48	329.556461	1.000000e-05	8.050772e-01	3.357181e-09	3.096496e+04	3.956899e+03
48	1853.894117	1.273610e-13	8.128000e-01	4.356860e-29	1.444900e+04	1.779400e+04
48	774.142752	4.347592e-08	8.560000e-01	1.806743e-14	2.499500e+04	2.028400e+04
48	1555.399638	3.371261e-14	9.808000e-01	1.800111e-18	5.498400e+04	4.016000e+04
48	1840.062955	5.821684e-14	7.792000e-01	5.821684e-14	1.402500e+04	2.057600e+04
48	760.957451	5.548405e-09	8.896000e-01	2.924160e-12	2.937000e+04	7.300000e+03
48	162192.805337	6.900000e-16	9.016000e-01	3.071939e-22	4.513200e+04	5.764300e+04
48	2085.893257	2.975196e-11	9.979853e-01	2.975196e-11	2.386797e+04	4.916801e+04
48	278.143827	2.991821e-13	7.840000e-01	2.701360e-13	1.063400e+04	2.783200e+04
48	2040.820482	3.431023e-17	8.920000e-01	8.364597e-37	3.601000e+04	5.803900e+04
48	1933.196084	3.005918e-17	7.912000e-01	3.005918e-17	2.045200e+04	3.960500e+04
48	459.988898	3.911116e-08	7.932635e-01	9.489584e-14	3.019903e+04	2.919294e+04
48	461.947219	2.719165e-11	7.912585e-01	6.633233e-12	4.752900e+04	1.876500e+04
48	625.335705	4.124219e-10	7.852002e-01	1.545810e-16	3.983281e+04	4.446605e+04
48	2626.658022	1.000000e-05	8.542079e-01	2.427540e-09	4.505400e+04	3.173600e+04
48	1827.304515	1.532537e-14	9.663954e-01	2.053939e-33	2.656600e+04	4.046700e+04
48	793.973415	3.035502e-11	7.792000e-01	1.787992e-11	4.512500e+04	1.479300e+04
48	48431.972495	4.200000e-16	8.728000e-01	5.462171e-36	3.798600e+04	5.304700e+04
48	1220.583975	2.778864e-11	9.232000e-01	4.633393e-17	4.165000e+04	3.321900e+04
48	2801.855648	5.683371e-06	8.872710e-01	3.389857e-11	5.365900e+04	4.313600e+04
48	484.902046	9.906584e-09	7.994160e-01	9.906584e-09	3.454497e+04	6.949406e+02
48	1845.079886	1.980713e-13	8.728000e-01	1.980713e-13	1.452600e+04	5.618000e+03
48	1805.402955	1.642647e-11	9.280000e-01	3.572755e-29	5.937000e+03	2.324200e+04
48	569.431680	2.824364e-09	9.904000e-01	6.492434e-17	9.196000e+03	3.160900e+04
48	1457.463298	6.964071e-13	8.944000e-01	3.307566e-18	5.186600e+04	3.991800e+04
48	519.815240	9.569180e-06	7.943943e-01	3.458571e-14	4.545600e+04	3.182200e+04
48	341.989830	5.053555e-09	9.317445e-01	5.053555e-09	2.940999e+03	4.016100e+04
48	754.166591	9.949669e-12	7.792000e-01	1.438683e-16	4.833600e+04	4.416400e+04
48	464.232173	1.987645e-09	9.416630e-01	1.506571e-09	4.934311e+03	3.648261e+04
48	1816.705183	1.772921e-12	8.752000e-01	1.772921e-12	9.075000e+03	3.158000e+03
48	1848.073701	1.818279e-13	8.704000e-01	4.880988e-31	1.475900e+04	2.680800e+04
48	2591.309593	3.457437e-06	8.710109e-01	6.916440e-09	5.550500e+04	2.948000e+04
48	-1.000000	-1.000000e+00	-1.000000e+00	-1.000000e+00	-1.000000e+00	-1.000000e+00
48	345.943164	1.000000e-05	8.010974e-01	1.301819e-11	3.304996e+04	1.745226e+04
48	1300.684658	9.357423e-12	7.816000e-01	9.357423e-12	4.154000e+03	4.131100e+04
48	1040.486271	1.517220e-12	9.784000e-01	7.377967e-14	4.565300e+04	1.510200e+04
48	768.177596	1.824886e-16	9.591999e-01	1.824886e-16	4.447800e+04	1.353100e+04
48	1994.538071	5.658593e-18	8.008000e-01	5.658593e-18	1.929400e+04	4.248300e+04
48	340.874819	4.486738e-06	8.013925e-01	1.759493e-11	4.816100e+04	1.672100e+04
48	386.847575	8.443254e-08	7.984102e-01	1.874026e-12	3.165597e+04	2.211101e+04
48	1833.604938	3.573035e-13	9.039989e-01	6.371872e-31	1.414200e+04	2.851700e+04
48	488.556481	6.815240e-09	9.412500e-01	6.815240e-09	1.866007e+03	3.254202e+04
48	275.251030	1.244585e-11	9.448000e-01	6.968425e-15	1.795800e+04	1.833100e+04
48	410.738458	1.000000e-05	8.077753e-01	1.000000e-08	5.169500e+04	1.011000e+03
48	1820.473071	4.328154e-13	9.304000e-01	4.907189e-32	1.496700e+04	3.468200e+04
48	1829.650928	6.268640e-13	8.392000e-01	3.194442e-30	1.108500e+04	2.698000e+04
48	1894.390055	1.534526e-14	8.752000e-01	1.534526e-14	2.081300e+04	9.055000e+03
48	1597.583863	8.057323e-15	9.832000e-01	1.740276e-18	5.828200e+04	4.021800e+04
48	1854.900458	1.224245e-15	9.640000e-01	1.885866e-34	3.235100e+04	4.447000e+04
48	339.424629	7.325242e-11	9.304000e-01	2.500512e-27	1.326000e+04	8.814000e+03
48	348.466812	1.000000e-05	8.009338e-01	1.133838e-11	2.769685e+04	1.778595e+04
48	2861.006666	8.833537e-12	8.632001e-01	8.833537e-12	4.653300e+04	5.072900e+04
48	1208.619071	3.518554e-11	9.760000e-01	2.103357e-17	3.798000e+04	3.446100e+04
48	1809.916365	6.714014e-12	8.920000e-01	9.858240e-28	6.606000e+03	1.396200e+04
48	305.222797	5.343387e-12	7.816000e-01	7.426074e-14	3.780000e+03	3.111500e+04
48	2258.933864	3.894293e-16	9.208000e-01	1.586433e-18	1.334300e+04	4.122200e+04
48	1843.763236	1.454180e-13	9.064000e-01	2.160594e-32	1.641700e+04	3.644200e+04
48	315.863312	1.000000e-05	8.037454e-01	2.978772e-10	5.050563e+04	9.847323e+03
48	2277.607355	2.298119e-16	9.592000e-01	1.437847e-18	1.473400e+04	4.094400e+04
48	2021.549057	3.905201e-16	8.200000e-01	2.972810e-20	2.836900e+04	4.146900e+04
48	1944.480151	7.483859e-16	8.200000e-01	7.483859e-16	2.176900e+04	2.893900e+04
48	2574.884372	7.800003e-16	9.712000e-01	5.470854e-21	1.568600e+04	5.363900e+04
48	1934.466020	2.209011e-20	7.840000e-01	2.209011e-20	1.874500e+04	5.884400e+04
48	318.345373	1.000000e-05	8.032204e-01	1.692255e-10	2.472101e+04	1.121501e+04
48	1819.027657	1.789022e-12	8.776000e-01	3.384052e-32	9.410000e+03	3.838600e+04
48	1836.498437	2.618447e-13	9.064000e-01	4.871041e-34	1.498900e+04	4.095900e+04
48	2618.477945	4.751001e-09	8.127975e-01	4.751001e-09	3.121200e+04	5.227600e+04
48	1867.084183	6.495110e-14	8.632000e-01	9.098030e-29	1.706600e+04	1.785400e+04
48	2840.296280	1.240485e-06	7.720003e-01	1.280785e-12	4.576000e+04	4.579400e+04
48	340.013649	1.000000e-05	8.053469e-01	6.891370e-09	4.434902e+04	2.208136e+03
48	315.821727	1.000000e-05	8.040245e-01	4.521026e-10	3.893600e+04	8.832998e+03
48	2910.463675	2.397671e-12	8.343996e-01	2.397671e-12	5.024500e+04	5.440900e+04
48	331.654200	3.247678e-09	9.316061e-01	3.247678e-09	4.029983e+03	4.359801e+04
48	1800.951922	7.038997e-11	9.424000e-01	4.225748e-27	3.462000e+03	1.217400e+04
48	1943.489886	6.700000e-16	9.040000e-01	6.625244e-37	2.935300e+04	5.756100e+04
48	1917.284337	7.087600e-15	8.632000e-01	5.075924e-35	2.239000e+04	4.801800e+04
48	409.720257	1.317277e-07	7.966081e-01	7.108494e-13	2.875340e+04	2.440800e+04
48	317.185056	1.000000e-05	8.043387e-01	7.583829e-10	3.216899e+04	7.575004e+03
48	2956.788396	7.519905e-13	8.512003e-01	7.519905e-13	5.363000e+04	5.482800e+04
48	14104.993876	6.300000e-16	9.088000e-01	8.194236e-36	3.873800e+04	5.206600e+04
48	377.978297	5.520965e-09	7.991648e-01	2.764128e-12	3.993775e+04	2.119108e+04
48	315.940314	1.000000e-05	8.040839e-01	4.957420e-10	4.254201e+04	8.608983e+03
48	326.052403	2.514951e-09	9.315350e-01	2.514951e-09	4.659942e+03	5.839200e+04
48	2510.704586	1.004436e-08	9.725987e-01	1.000000e-08	2.413606e+04	4.055301e+04
48	1809.718202	9.876839e-13	7.624000e-01	9.876839e-13	8.325000e+03	1.784000e+04
48	913.602558	2.119799e-09	9.496000e-01	1.756433e-15	2.964600e+04	2.429200e+04
48	326.173334	1.000000e-05	8.049691e-01	2.544987e-09	4.508604e+04	4.631089e+03
48	807.581083	1.065805e-09	9.304000e-01	1.459292e-12	3.223000e+04	8.397000e+03
48	316.651583	1.000000e-05	8.034998e-01	2.119163e-10	3.314329e+04	1.067477e+04
48	1863.682945	7.781598e-14	8.128000e-01	7.551829e-29	1.563300e+04	2.190800e+04
48	325.983562	1.000000e-05	8.049583e-01	2.495273e-09	3.475699e+04	4.678960e+03
48	1803.750144	1.266671e-10	9.352000e-01	2.247982e-26	1.427000e+03	1.047300e+04
48	338.696717	6.364146e-09	9.310562e-01	6.364146e-09	2.401732e+03	5.906940e+04
48	1369.910417	9.138720e-15	8.104000e-01	9.138720e-15	1.681000e+03	3.500300e+04
48	2499.733127	9.572702e-09	9.783997e-01	9.572702e-09	2.361800e+04	4.971900e+04
48	1798.426645	4.290620e-11	9.472000e-01	8.009482e-30	5.133000e+03	2.413000e+04
48	-1.000000	-1.000000e+00	-1.000000e+00	-1.000000e+00	-1.000000e+00	-1.000000e+00
48	1810.738458	5.148973e-12	8.632000e-01	1.207168e-29	6.489000e+03	2.477300e+04
48	423.712247	7.199914e-10	7.937378e-01	1.041095e-10	3.967800e+04	1.208400e+04
48	893.456260	6.554563e-11	9.472000e-01	2.570848e-12	3.849300e+04	6.836000e+03
48	317.182936	9.397549e-06	8.043531e-01	7.697531e-10	5.092081e+04	7.539135e+03
48	410.223794	2.363109e-13	7.888000e-01	9.013185e-15	1.020900e+04	3.553400e+04
48	323.086658	7.448032e-06	8.048281e-01	1.874472e-09	5.609926e+04	5.374816e+03
48	1105.065708	4.200000e-16	9.376000e-01	1.418300e-22	4.265800e+04	5.908500e+04
48	24596.794199	7.938464e-08	8.968002e-01	4.715671e-15	4.856400e+04	3.656900e+04
48	1617.755201	7.833742e-15	9.712000e-01	1.629651e-18	5.976800e+04	4.049000e+04
48	275.743966	9.254913e-12	7.696000e-01	3.510051e-13	3.165000e+03	2.928400e+04
48	2698.647369	4.705014e-10	9.015273e-01	4.705014e-10	3.553200e+04	4.157000e+04
48	13813.889563	2.558450e-08	8.800000e-01	1.142739e-13	5.583100e+04	2.890100e+04
48	326.832784	8.965083e-06	8.023436e-01	4.980279e-11	5.676197e+04	1.419395e+04
48	826.778608	2.621729e-08	8.488000e-01	3.942432e-15	2.639600e+04	2.414900e+04
48	2903.451913	2.581364e-12	8.680000e-01	2.581364e-12	4.950700e+04	5.417600e+04
48	813.887928	2.635891e-09	9.352000e-01	8.173606e-14	2.977200e+04	1.528700e+04
48	824.328087	1.263686e-10	9.928000e-01	1.483878e-13	3.169600e+04	1.329100e+04
48	3015.123890	4.710428e-09	8.008000e-01	2.862772e-14	5.668100e+04	5.847600e+04
48	1839.041996	3.076646e-13	8.416000e-01	3.076646e-13	1.281500e+04	3.276000e+03
48	1747.157450	2.700995e-14	7.672000e-01	2.700995e-14	1.609800e+04	2.816900e+04
48	2092.583855	4.900769e-17	8.368000e-01	2.951043e-36	3.364200e+04	5.664600e+04
48	2035.785566	2.035921e-16	8.416000e-01	6.289760e-22	3.036900e+04	2.177400e+04
48	698.623333	4.535438e-11	7.817332e-01	6.309053e-13	4.446900e+04	2.360600e+04
48	347.955685	6.395908e-08	9.856001e-01	1.047177e-11	7.010000e+02	2.931000e+03
48	706.861094	7.728378e-12	7.816995e-01	4.903488e-14	4.910500e+04	3.007900e+04
48	1920.347518	3.601250e-15	8.896000e-01	1.256627e-33	2.475900e+04	4.347500e+04
48	2774.699375	9.614565e-11	8.272500e-01	9.614565e-11	4.098100e+04	4.532900e+04
48	1838.527462	2.849673e-13	8.944000e-01	8.884346e-31	1.435500e+04	2.561200e+04
48	781.202974	3.419110e-09	9.976000e-01	8.543306e-16	2.055200e+04	2.554100e+04
48	1840.722282	2.956992e-13	8.488000e-01	7.315232e-29	1.309300e+04	1.661800e+04
48	361.394648	1.000000e-05	8.002933e-01	5.859438e-12	3.356900e+04	1.939000e+04
48	2305.967969	6.399944e-16	9.376000e-01	4.990243e-19	2.259500e+04	4.352600e+04
48	1806.237182	7.127798e-12	9.328000e-01	8.594534e-31	8.288000e+03	2.884700e+04
48	1858.297450	1.014849e-13	8.128000e-01	1.879059e-29	1.499500e+04	2.257500e+04
48	2435.942556	9.899998e-16	9.736000e-01	4.520952e-20	2.361300e+04	4.863600e+04
48	1830.657980	6.054539e-13	8.560000e-01	1.218960e-28	1.151600e+04	1.892800e+04
48	1214.689748	2.507891e-10	9.184000e-01	8.533053e-18	3.627500e+04	3.726200e+04
48	1838.495914	2.521241e-13	7.624000e-01	2.521241e-13	1.204200e+04	3.260000e+02
48	926.786396	2.434186e-06	8.032013e-01	5.293955e-15	3.525000e+04	3.632400e+04
48	108634.939090	2.567242e-17	7.624000e-01	1.548983e-33	4.899700e+04	5.327100e+04
48	2828.272188	1.000000e-05	9.280231e-01	2.112250e-11	4.658700e+04	4.492000e+04
48	443.933264	6.600031e-06	8.032081e-01	1.183432e-12	3.102700e+04	2.326700e+04
48	1851.845066	4.750535e-15	7.888000e-01	4.750535e-15	1.620800e+04	2.737700e+04
48	1805.768287	2.668899e-11	9.016000e-01	2.116627e-26	3.558000e+03	9.735000e+03
48	1413.706819	2.098924e-13	8.248000e-01	1.630624e-18	5.642100e+04	4.376600e+04
48	1269.396313	2.499125e-16	9.736000e-01	2.499125e-16	4.415400e+04	5.297000e+03
48	1804.660446	6.156034e-11	9.256000e-01	3.074377e-26	2.569000e+03	1.063300e+04
48	1083.268979	5.505780e-10	8.704000e-01	9.863540e-17	3.560400e+04	3.239000e+04
48	2665.123428	1.693656e-09	8.320403e-01	1.693656e-09	3.378600e+04	3.733600e+04
48	317.230715	1.000000e-05	8.043594e-01	7.783838e-10	4.093285e+04	7.512015e+03
48	2949.912708	1.289742e-06	7.744001e-01	7.175788e-14	5.976700e+04	5.356200e+04
48	2261.339670	2.781974e-17	8.392000e-01	2.153036e-22	3.436600e+04	5.992100e+04
48	329.962829	3.483464e-09	9.313539e-01	3.483464e-09	3.867472e+03	5.321722e+04
48	1192.241119	4.342962e-12	8.848000e-01	6.731465e-16	4.748100e+04	2.751900e+04
48	2273.500897	5.698428e-16	9.280000e-01	1.235498e-18	1.606200e+04	4.169000e+04
48	40151.669959	2.572566e-08	9.496001e-01	6.868097e-14	5.296700e+04	3.012500e+04
48	2242.438597	1.300000e-16	9.736000e-01	6.750929e-22	3.510900e+04	5.653800e+04
48	2785.923133	9.999999e-06	8.152155e-01	2.438543e-11	4.251800e+04	4.207300e+04
48	443.809775	9.145223e-09	9.879922e-01	3.065452e-15	5.829000e+03	2.250900e+04
48	2097.629049	3.246118e-17	8.584000e-01	5.442931e-23	3.510000e+04	5.570200e+04
48	287.508979	2.582666e-10	9.496000e-01	8.446149e-12	1.090300e+04	1.917000e+03
48	2656.933325	2.598857e-06	8.609837e-01	1.191794e-09	5.578000e+04	3.367200e+04
48	2105.587325	6.115450e-17	8.296000e-01	6.196271e-21	3.286200e+04	4.842900e+04
48	1985.534926	6.375872e-16	8.632000e-01	1.489174e-32	2.815600e+04	3.703800e+04
48	1849.440480	1.459311e-13	8.872000e-01	8.249565e-36	1.575000e+04	5.143400e+04
48	1838.121940	6.078353e-17	9.855999e-01	6.078353e-17	4.955100e+04	2.255600e+04
48	327.953492	1.000000e-05	8.050361e-01	2.972941e-09	4.013795e+04	4.253055e+03
48	2035.498959	2.731655e-16	7.864000e-01	2.731655e-16	2.862800e+04	2.288900e+04
48	346.154299	1.000000e-05	8.054478e-01	9.726186e-09	4.474700e+04	1.369999e+03
48	316.273516	8.931809e-12	9.376000e-01	4.312613e-16	1.854100e+04	2.357000e+04
48	321.909347	8.629645e-11	9.344717e-01	8.629645e-11	1.285701e+04	5.677288e+04
48	1841.870315	2.543904e-13	8.824000e-01	3.293825e-29	1.426600e+04	2.142600e+04
48	555.274712	1.348927e-09	7.884916e-01	2.614687e-15	3.743483e+04	3.776435e+04
48	319.381887	4.597508e-08	8.046143e-01	1.167638e-09	5.459600e+04	6.525998e+03
48	1919.564148	3.113922e-15	8.944000e-01	3.113922e-15	2.526900e+04	5.722000e+03
48	793.176804	6.333113e-10	9.856000e-01	1.613160e-13	2.944000e+04	1.314900e+04
48	739.376732	3.899647e-09	9.472000e-01	5.297779e-12	2.825200e+04	5.074000e+03
48	927.504521	6.409987e-11	9.256000e-01	4.167881e-13	3.947000e+04	1.149000e+04
48	323.148377	1.000000e-05	8.048285e-01	1.882751e-09	3.523196e+04	5.364007e+03
48	317.981323	1.000000e-05	8.032535e-01	1.516060e-10	4.508727e+04	1.148897e+04
48	259.782816	3.140986e-11	7.648000e-01	2.331106e-11	2.620000e+02	2.102400e+04
48	1647.392767	7.135804e-13	9.928000e-01	7.135804e-13	4.999200e+04	9.430000e+03
48	425.522601	2.799586e-07	7.953382e-01	3.690846e-13	2.612899e+04	2.595402e+04
48	462.709331	1.000000e-05	8.127643e-01	1.000000e-08	4.889200e+04	1.099000e+03
48	1801.190959	1.895866e-11	9.424000e-01	4.400322e-30	6.666000e+03	2.566800e+04
48	2618.372608	1.099998e-16	9.952000e-01	2.838773e-21	1.345400e+04	5.487900e+04
48	363.439326	1.000000e-05	7.999370e-01	5.347753e-12	2.246597e+04	1.959501e+04
48	318.482356	1.444717e-10	9.339131e-01	1.444717e-10	1.160502e+04	5.597804e+04
48	2629.482413	9.999997e-06	9.064277e-01	3.309059e-09	5.648900e+04	3.191600e+04
48	1837.982718	3.231509e-13	8.872000e-01	2.765542e-31	1.382600e+04	2.887100e+04
48	323.726758	1.000000e-05	8.026074e-01	6.779333e-11	4.665809e+04	1.344471e+04
48	2580.484294	3.671699e-06	8.752077e-01	9.421116e-09	5.864000e+04	2.878900e+04
48	320.037624	4.404273e-12	7.648000e-01	2.082049e-14	5.038000e+03	3.751400e+04
48	1805.546033	5.538451e-12	9.952000e-01	5.538451e-12	5.518000e+04	4.569000e+03
48	328.675724	1.000000e-05	8.022004e-01	4.230129e-11	5.316473e+04	1.459053e+04
48	63919.705582	2.438936e-08	9.784000e-01	5.200887e-15	5.248500e+04	3.633000e+04
48	377.186143	4.096245e-07	9.975778e-01	4.072683e-13	6.760000e+02	1.080100e+04
48	580.213273	3.424989e-09	9.879974e-01	4.691929e-17	8.184000e+03	3.236500e+04
48	326.931461	1.000000e-05	8.049960e-01	2.717706e-09	3.491102e+04	4.471285e+03
48	381.783387	1.200321e-09	7.989108e-01	2.341127e-12	4.313488e+04	2.158888e+04
48	2904.459578	2.931942e-12	8.512288e-01	2.931942e-12	4.964900e+04	5.290300e+04
48	309.000659	1.464911e-12	9.448000e-01	9.302514e-15	2.308600e+04	1.741600e+04
48	1989.419019	7.513290e-16	8.440000e-01	9.576439e-35	2.731500e+04	4.448000e+04
48	1838.176821	2.820116e-13	8.968000e-01	2.890626e-31	1.446000e+04	3.010600e+04
48	-1.000000	-1.000000e+00	-1.000000e+00	-1.000000e+00	-1.000000e+00	-1.000000e+00
48	11281.914936	7.274862e-07	8.704009e-01	1.026206e-13	4.115100e+04	2.916100e+04
48	12341.827792	7.165478e-07	8.632011e-01	5.665903e-15	4.017100e+04	3.613200e+04
48	2002.884408	1.411162e-16	9.256000e-01	8.341641e-21	3.374600e+04	4.853600e+04
48	1805.495395	2.798621e-11	8.560000e-01	1.165338e-12	1.864000e+03	5.007000e+03
48	286.209810	5.787495e-10	9.568000e-01	2.856875e-13	9.322000e+03	1.078600e+04
48	2009.277266	3.151309e-17	8.224000e-01	3.151309e-17	1.920300e+04	3.688000e+04
48	1079.726594	2.627604e-12	7.672000e-01	6.035729e-14	6.404000e+03	5.234900e+04
48	387.582096	3.106365e-09	7.984649e-01	1.821095e-12	3.996780e+04	2.218634e+04
48	2931.080583	9.999999e-06	8.799983e-01	9.229902e-13	5.273500e+04	5.213800e+04
48	1264.126452	1.957048e-12	9.112000e-01	5.030341e-28	2.204600e+04	4.967000e+03
48	1160.568019	2.513625e-13	8.392000e-01	2.513625e-13	1.342100e+04	5.425600e+04
48	813.258303	1.599827e-16	9.832000e-01	5.577993e-20	4.693300e+04	4.782800e+04
48	2270.735707	8.099996e-16	8.272000e-01	1.097343e-20	1.994000e+04	5.527400e+04
48	2578.549982	5.523192e-07	8.776018e-01	1.000000e-08	5.358700e+04	2.865500e+04
48	7335.782904	9.700000e-16	9.016000e-01	5.768502e-38	3.239400e+04	5.894500e+04
48	899.968255	6.721536e-11	9.592000e-01	4.614730e-13	3.774800e+04	1.086600e+04
48	812.146004	1.781118e-08	8.824000e-01	1.190108e-14	2.663600e+04	2.069100e+04
48	41903.732803	1.233392e-07	9.256002e-01	1.051332e-15	4.716600e+04	4.016400e+04
48	599.144093	1.906085e-08	7.984000e-01	1.878103e-14	3.643600e+04	3.326400e+04
48	754.306491	7.514399e-09	8.560000e-01	1.192706e-11	2.937200e+04	4.584000e+03
48	472.907444	3.573384e-08	7.924533e-01	5.717608e-14	3.016785e+04	3.039515e+04
48	386.548765	1.619409e-14	7.792000e-01	2.509871e-16	1.773100e+04	4.464400e+04
48	1860.071881	8.132104e-14	7.792000e-01	8.132104e-14	1.497900e+04	8.732000e+03
48	1998.801707	3.816005e-16	8.848000e-01	1.037656e-20	2.991300e+04	4.579700e+04
48	2018.785087	2.053132e-17	9.184000e-01	9.805423e-22	3.822700e+04	5.061700e+04
48	323.160224	1.000000e-05	8.048306e-01	1.887411e-09	3.710999e+04	5.358045e+03
48	25148.113764	1.199113e-07	9.112004e-01	5.738841e-14	4.673200e+04	3.055900e+04
48	1809.087922	3.870189e-12	7.600000e-01	2.416814e-12	5.403000e+03	4.598500e+04
48	1970.736843	1.306079e-15	8.464000e-01	3.811033e-33	2.604900e+04	4.198200e+04
48	1922.287981	6.870386e-15	8.152000e-01	6.870386e-15	1.432000e+03	3.568500e+04
48	290.177173	1.860597e-09	9.856000e-01	5.420053e-12	9.221000e+03	4.527000e+03
48	1895.651232	1.756876e-14	8.440000e-01	1.756876e-14	1.967400e+04	1.273800e+04
48	1087.595823	1.423970e-12	9.736000e-01	1.461585e-14	4.633300e+04	1.902100e+04
48	153894.010201	3.600000e-16	7.672000e-01	4.316346e-36	3.620600e+04	5.932400e+04
48	323.309036	6.364065e-06	8.026457e-01	7.095893e-11	5.952600e+04	1.333383e+04
48	1142.295947	1.950756e-12	8.224000e-01	8.356129e-14	7.990000e+03	5.685900e+04
48	1748.455733	5.643336e-14	9.928000e-01	5.643336e-14	5.720600e+04	1.557800e+04
48	1834.664366	1.000000e-05	7.696389e-01	1.243083e-13	4.801800e+04	3.154800e+04
48	1324.270160	3.674480e-13	9.856000e-01	3.733155e-17	4.817700e+04	3.303700e+04
48	336.537753	1.000000e-05	8.052762e-01	5.559453e-09	4.874612e+04	2.730558e+03
48	49384.753427	3.286410e-08	9.808001e-01	2.711789e-13	5.010300e+04	2.681400e+04
48	345.083512	8.213637e-07	8.054320e-01	9.184190e-09	5.892165e+04	1.509480e+03
48	2144.173682	9.185109e-16	9.640000e-01	2.179647e-17	1.862800e+04	3.452800e+04
48	1837.268255	1.899209e-13	9.136000e-01	4.279886e-30	1.607100e+04	2.111300e+04
48	2760.820591	3.816530e-06	7.889051e-01	2.544083e-11	4.606300e+04	4.041600e+04
48	1683.734252	1.010561e-13	9.568000e-01	1.108459e-19	5.431600e+04	4.687000e+04
48	2111.157296	3.168176e-20	7.936000e-01	3.168176e-20	1.892300e+04	5.584200e+04
48	2908.392304	1.812946e-12	8.776000e-01	1.812946e-12	5.000000e+04	5.673400e+04
48	1812.498446	1.123419e-12	7.648000e-01	1.123419e-12	7.824000e+03	1.591800e+04
48	317.076244	1.478595e-06	8.043374e-01	7.495058e-10	5.944623e+04	7.603949e+03
48	2499.494909	7.999998e-16	9.880000e-01	2.343743e-20	2.031500e+04	5.012500e+04
48	749.210446	1.552530e-06	8.032024e-01	2.308967e-14	3.545400e+04	3.277900e+04
48	1860.691412	9.325207e-14	8.536000e-01	4.221300e-33	1.597700e+04	3.803800e+04
48	1852.218253	1.180076e-13	8.896000e-01	6.966176e-30	1.633700e+04	2.362200e+04
48	311.387200	2.215086e-13	9.472000e-01	8.508760e-18	2.764100e+04	3.435900e+04
48	360.069582	4.229189e-12	7.984000e-01	2.487363e-12	9.690000e+02	2.164500e+04
48	2861.051808	5.951544e-06	8.416094e-01	4.648184e-12	5.582200e+04	4.717100e+04
48	2007.720249	1.898326e-16	8.800000e-01	5.721956e-36	3.152200e+04	5.039200e+04
48	2418.140520	1.672631e-11	8.920000e-01	1.965759e-27	1.685200e+04	5.176000e+03
48	1804.061885	1.495852e-11	9.352000e-01	3.072964e-29	6.649000e+03	2.362400e+04
48	1340.355090	1.326366e-10	9.616000e-01	6.747801e-19	3.585800e+04	4.261900e+04
48	1902.160111	1.425781e-14	8.512000e-01	1.242594e-31	2.043700e+04	3.066100e+04
48	2479.771575	3.799999e-16	9.136000e-01	3.718599e-21	2.544900e+04	5.486800e+04
48	302.705735	1.110969e-09	9.434971e-01	1.320269e-12	7.094061e+03	5.569980e+03
48	1805.472183	2.283791e-11	8.104000e-01	8.123120e-12	7.540000e+02	4.359000e+03
48	434.556210	6.570848e-08	7.948884e-01	2.591306e-13	2.953376e+04	2.680542e+04
48	2839.282012	1.285465e-11	9.040987e-01	1.285465e-11	4.469000e+04	4.993900e+04
48	1809.334908	6.394948e-12	8.560000e-01	1.937279e-32	5.801000e+03	3.828600e+04
48	2751.964964	7.472968e-07	7.720230e-01	1.340330e-11	4.568400e+04	3.987100e+04
48	2091.479131	1.283932e-12	7.607987e-01	4.899861e-15	5.695000e+04	4.594600e+04
48	1820.861687	1.461543e-12	8.848000e-01	5.403171e-33	1.009800e+04	4.020500e+04
48	2189.920972	2.832502e-17	8.008000e-01	2.878065e-19	3.341300e+04	4.507300e+04
48	1952.310632	1.619465e-15	8.728000e-01	7.011984e-20	2.617800e+04	1.474900e+04
48	954.097608	1.907642e-10	9.520000e-01	7.778335e-15	3.555000e+04	2.073100e+04
48	1988.638508	9.166269e-16	8.176000e-01	2.484685e-31	2.632200e+04	3.231500e+04
48	1986.464441	1.019372e-15	7.792000e-01	9.375185e-36	2.544300e+04	5.192100e+04
48	2061.287241	1.474665e-16	7.912000e-01	3.324145e-36	3.019700e+04	5.644700e+04
48	1851.042830	1.532415e-13	8.248000e-01	2.463104e-36	1.421300e+04	5.324900e+04
48	1800.199683	1.163674e-10	9.448000e-01	1.027115e-19	2.456000e+03	3.071500e+04
48	1384.925373	7.241727e-13	9.832000e-01	6.783627e-18	4.685400e+04	3.704400e+04
48	2797.581020	3.555485e-06	8.488405e-01	2.769939e-11	5.451300e+04	4.285000e+04
48	2965.922860	9.898405e-07	8.836875e-01	3.449658e-13	4.232600e+04	5.470800e+04
48	1887.058024	1.972499e-14	8.824000e-01	1.532107e-27	2.044000e+04	1.218900e+04
48	54873.071368	2.366025e-08	9.808000e-01	5.776941e-14	5.277400e+04	3.054100e+04
48	2298.462099	7.806159e-18	8.032003e-01	1.647385e-21	3.653200e+04	5.683100e+04
48	-1.000000	-1.000000e+00	-1.000000e+00	-1.000000e+00	-1.000000e+00	-1.000000e+00
48	1828.265883	5.171606e-13	7.816000e-01	5.171606e-13	1.051800e+04	6.601000e+03
48	324.618501	1.000000e-05	8.049025e-01	2.196299e-09	4.413496e+04	4.989465e+03
48	1916.359492	5.268230e-15	8.824000e-01	8.304037e-31	2.361900e+04	2.494800e+04
48	757.049044	2.760205e-10	9.952000e-01	5.055327e-13	2.869200e+04	1.031600e+04
48	2421.703019	2.368616e-06	7.619810e-01	8.185267e-09	5.603600e+04	1.931100e+04
48	341.224954	1.000000e-05	8.011998e-01	1.799663e-11	2.307397e+04	1.665301e+04
48	1982.655080	1.135731e-15	7.936000e-01	6.336570e-32	2.540800e+04	3.505000e+04
48	288.432475	3.245904e-09	9.952000e-01	3.889875e-12	1.057100e+04	5.349000e+03
48	316.718883	1.000000e-05	8.035742e-01	2.598482e-10	2.579500e+04	1.017500e+04
48	916.456967	1.246126e-06	7.923355e-01	9.906620e-09	5.640300e+04	2.540249e+01
48	1355.363554	2.843325e-11	8.800000e-01	1.498643e-18	4.283600e+04	4.208500e+04
48	60342.158663	9.068877e-16	7.864000e-01	9.044738e-23	4.051300e+04	5.680600e+04
48	319.529306	1.000000e-05	8.045995e-01	1.194839e-09	5.120811e+04	6.469938e+03
48	762.250715	5.474460e-09	9.090852e-01	2.188454e-09	2.798000e+03	4.532800e+04
48	2280.154570	3.599959e-16	9.184000e-01	5.978435e-19	2.472800e+04	4.325600e+04
48	2015.211749	4.723182e-16	7.840000e-01	1.369677e-30	2.733600e+04	3.065600e+04
48	78427.889155	1.000000e-05	9.543987e-01	1.778539e-17	5.883600e+04	4.986600e+04
48	397.805577	2.076198e-13	7.648000e-01	1.178025e-15	1.241700e+04	4.418700e+04
48	1887.386183	3.958233e-16	9.496000e-01	1.554051e-23	3.324500e+04	5.461500e+04
48	840.718976	1.530776e-07	8.056002e-01	2.947491e-14	4.747200e+04	3.218800e+04
48	349.120073	4.555003e-11	9.304000e-01	7.979303e-28	1.441400e+04	6.088000e+03
48	1810.503890	5.933458e-12	8.872000e-01	1.911016e-26	6.763000e+03	1.115000e+04
48	10288.027834	1.537689e-08	8.943998e-01	1.000000e-08	5.881500e+04	1.036000e+03
48	4656.148421	1.743952e-15	9.016000e-01	1.777878e-21	3.897700e+04	5.178300e+04
48	1068.118599	3.794038e-12	8.536000e-01	1.092323e-12	6.976000e+03	5.125400e+04
48	2483.504077	9.900001e-16	9.112000e-01	1.047126e-21	2.389400e+04	5.756300e+04
48	894.835608	4.060696e-15	9.352000e-01	1.023428e-18	3.701600e+04	3.655000e+04
48	2679.589630	1.899243e-06	8.872929e-01	8.164416e-10	5.671500e+04	3.512600e+04
48	2437.766660	3.509696e-15	8.176000e-01	3.509696e-15	1.272300e+04	3.730100e+04
48	32403.469509	7.900000e-16	8.272000e-01	4.051622e-34	4.105100e+04	4.759500e+04
48	2094.288449	1.079025e-16	7.864000e-01	5.314179e-18	3.046700e+04	3.762700e+04
48	2091.371975	9.991326e-06	7.607847e-01	7.175339e-14	5.697099e+04	4.003002e+04
48	2502.331280	6.200000e-16	9.640000e-01	8.826954e-21	2.488200e+04	5.240500e+04
48	959.125199	7.267300e-10	8.536000e-01	3.854442e-15	3.526700e+04	2.406900e+04
48	918.876978	5.293759e-11	9.136000e-01	3.581766e-12	4.036300e+04	6.444000e+03
48	2955.675739	3.217398e-06	9.088052e-01	5.448081e-13	5.764100e+04	5.394400e+04
48	2564.258206	1.100006e-16	9.856000e-01	7.432661e-21	1.207800e+04	5.278600e+04
48	2910.932904	1.023536e-07	7.792002e-01	2.926673e-13	5.077500e+04	5.070700e+04
48	325.056401	1.000000e-05	8.024904e-01	5.905088e-11	4.527171e+04	1.378015e+04
48	1981.030082	3.583140e-20	7.864000e-01	3.583140e-20	2.029200e+04	5.718300e+04
48	337.561718	1.000000e-05	8.015946e-01	2.177283e-11	4.707934e+04	1.620364e+04
48	2872.517117	4.420792e-12	8.728045e-01	4.420792e-12	4.771600e+04	5.678300e+04
48	1028.343874	9.771077e-12	8.512000e-01	3.063551e-12	4.624000e+03	4.857800e+04
48	1930.516474	4.406897e-15	8.608000e-01	4.300192e-34	2.347100e+04	4.519200e+04
48	992.784147	6.760472e-16	9.976000e-01	8.375949e-20	4.874900e+04	4.701500e+04
48	1849.905384	1.319249e-13	8.920063e-01	8.564721e-35	1.614300e+04	4.957900e+04
48	403.771536	1.117026e-10	7.974857e-01	9.308237e-13	4.714969e+04	2.379643e+04
48	2899.926424	2.520504e-12	8.584000e-01	2.520504e-12	4.953000e+04	5.629100e+04
48	2258.866704	6.541362e-13	9.016000e-01	4.351202e-32	2.469500e+04	2.015500e+04
48	527.364496	5.366771e-15	7.696000e-01	1.203145e-18	2.093000e+04	5.844400e+04
48	1923.498750	7.203080e-16	9.160000e-01	7.440779e-25	2.965600e+04	5.927200e+04
48	1884.318587	2.834767e-14	8.631998e-01	6.903331e-33	1.906100e+04	3.983800e+04
48	264.228645	4.220827e-11	9.664000e-01	3.969383e-13	1.618800e+04	1.041600e+04
48	319.148938	1.000000e-05	8.030910e-01	1.233028e-10	3.378696e+04	1.199102e+04
48	421.331885	3.471124e-07	7.956236e-01	4.376538e-13	2.573999e+04	2.554900e+04
48	2992.024158	1.000000e-05	8.103955e-01	7.049532e-14	5.818200e+04	5.668600e+04
48	954.776720	8.100383e-11	9.448000e-01	3.155667e-14	3.807500e+04	1.746500e+04
48	1022.053362	3.846360e-12	7.768000e-01	3.846360e-12	5.560000e+03	2.039900e+04
48	316.387143	1.000000e-05	8.042132e-01	6.096752e-10	5.069322e+04	8.106016e+03
48	318.228115	1.000000e-05	8.034532e-01	3.008516e-10	2.249297e+04	9.806017e+03
48	2447.733236	6.000000e-16	9.952000e-01	2.738417e-21	3.446100e+04	5.445800e+04
48	1826.400767	4.625002e-14	7.864000e-01	4.625002e-14	1.149700e+04	2.210400e+04
48	1414.706344	3.979756e-15	9.880000e-01	1.147178e-16	5.921200e+04	3.038800e+04
48	3014.142444	1.706489e-08	9.496000e-01	1.159236e-13	5.522500e+04	5.839300e+04
48	2814.175066	2.323851e-11	8.847998e-01	2.323851e-11	4.339800e+04	5.004900e+04
48	1804.894874	4.444072e-11	8.584000e-01	2.067169e-18	1.011000e+03	3.451700e+04
48	1235.533834	1.154169e-11	8.512000e-01	4.040225e-17	4.575100e+04	3.505700e+04
48	1699.787059	8.020403e-13	8.776000e-01	8.020403e-13	1.232800e+04	5.129900e+04
48	528.337665	1.429491e-10	7.888941e-01	5.698794e-11	4.249000e+04	1.322300e+04
48	57405.248536	5.101315e-09	9.472000e-01	4.332307e-16	5.993400e+04	4.228200e+04
48	1801.216281	4.332446e-12	9.471204e-01	3.045832e-34	1.070600e+04	4.546500e+04
48	741.137444	5.352543e-09	9.280000e-01	4.496449e-12	2.828700e+04	5.695000e+03
48	1364.688913	1.000000e-05	8.055091e-01	1.022028e-15	5.930000e+04	4.026800e+04
48	1114.250097	1.008763e-12	8.704000e-01	4.366091e-13	1.057400e+04	5.395500e+04
48	2189.025934	5.675060e-17	8.752000e-01	7.981390e-21	3.348000e+04	5.093600e+04
48	323.142982	1.000000e-05	8.048310e-01	1.885955e-09	5.398427e+04	5.359963e+03
48	2672.556118	4.995180e-06	8.752114e-01	8.970159e-10	5.267600e+04	3.467400e+04
48	2148.807947	3.194150e-18	8.512000e-01	3.194150e-18	2.765600e+04	4.113700e+04
48	18618.131823	8.700000e-16	9.280000e-01	2.775944e-22	4.319200e+04	5.899100e+04
48	609.387095	2.638476e-09	7.912000e-01	2.638476e-09	4.214100e+04	4.389000e+03
48	2246.939603	7.291804e-16	9.280000e-01	2.174517e-18	1.291700e+04	4.037600e+04
48	936.422408	2.158213e-11	9.328000e-01	9.951995e-12	4.194000e+04	3.713000e+03
48	7509.658666	5.238667e-08	8.271971e-01	1.000000e-08	5.147900e+04	2.467200e+04
48	1005.640298	7.251368e-09	9.478521e-01	7.251368e-09	1.882005e+03	3.067004e+04
48	1999.041364	5.378443e-16	8.776000e-01	5.115005e-16	1.733700e+04	2.834100e+04
48	34305.509635	9.832547e-08	9.784002e-01	1.239416e-10	4.723100e+04	1.200800e+04
48	-1.000000	-1.000000e+00	-1.000000e+00	-1.000000e+00	-1.000000e+00	-1.000000e+00
48	35227.977304	1.092560e-08	9.544000e-01	9.733122e-13	5.768500e+04	2.373000e+04
48	2854.906722	1.558921e-06	7.960183e-01	2.559666e-12	4.959000e+04	4.675100e+04
48	1829.363223	6.725411e-13	8.584000e-01	2.297153e-29	1.131500e+04	1.960500e+04
48	1115.229804	3.905319e-12	8.104000e-01	1.372571e-13	6.100000e+03	5.508800e+04
48	513.314909	9.742549e-06	7.945992e-01	4.095619e-14	5.335897e+04	3.141340e+04
48	2000.325865	2.830280e-18	7.960000e-01	2.830280e-18	2.426800e+04	4.463100e+04
48	676.039679	1.724673e-08	9.712000e-01	8.676415e-13	2.297900e+04	9.216000e+03
48	705.740506	1.351003e-08	9.400000e-01	1.935274e-12	2.549300e+04	7.596000e+03
48	2263.638713	6.299937e-16	9.376000e-01	1.036346e-18	2.372200e+04	4.174200e+04
48	2482.564523	1.800000e-16	9.400000e-01	1.209555e-21	2.948800e+04	5.656500e+04
48	1828.038831	4.604071e-13	9.136000e-01	9.698282e-31	1.391700e+04	3.001800e+04
48	52953.703442	2.095863e-08	9.520000e-01	2.361106e-15	5.490300e+04	3.822500e+04
48	373.863930	4.317940e-14	7.720000e-01	7.804783e-16	1.596400e+04	4.299600e+04
48	841.135344	8.137694e-10	9.688000e-01	4.227075e-14	3.079300e+04	1.651500e+04
48	905.899251	7.604910e-11	9.208000e-01	2.150084e-12	3.921100e+04	7.584000e+03
48	38900.164739	1.786597e-08	9.736000e-01	4.374147e-12	5.424200e+04	2.009900e+04
48	1908.321296	1.145256e-14	8.464000e-01	1.217444e-30	2.085900e+04	2.400100e+04
48	19543.229694	1.263538e-07	9.112002e-01	1.791269e-12	4.922800e+04	2.225700e+04
48	345.617736	1.000000e-05	7.999848e-01	1.902904e-11	1.846792e+04	1.643773e+04
48	2705.930474	7.746150e-12	9.976000e-01	7.746150e-12	3.616300e+04	5.225900e+04
48	779.902252	5.240753e-09	8.776000e-01	8.279407e-13	2.980400e+04	1.057700e+04
48	787.673112	6.876895e-09	8.848000e-01	1.951682e-13	2.895300e+04	1.392900e+04
48	437.851566	4.131700e-13	7.912000e-01	1.512415e-14	8.366000e+03	3.417600e+04
48	318.778015	8.636575e-06	8.045345e-01	1.059581e-09	5.390620e+04	6.762085e+03
48	12211.222189	3.309453e-08	8.656002e-01	1.000000e-08	5.778000e+04	2.509700e+04
48	819.047136	5.404381e-09	9.520000e-01	1.253256e-14	2.718500e+04	1.958700e+04
48	274.699566	6.795451e-11	9.760000e-01	4.913622e-13	1.587300e+04	1.019600e+04
48	1402.469527	1.878260e-11	9.040000e-01	3.487600e-30	1.657000e+04	1.745300e+04
48	1829.176069	5.419796e-13	7.984000e-01	5.419796e-13	1.071500e+04	6.480000e+02
48	318.686233	9.884887e-06	8.045258e-01	1.043123e-09	5.386719e+04	6.800152e+03
48	317.120349	1.000000e-05	8.043433e-01	7.573775e-10	4.007842e+04	7.578533e+03
48	1940.242923	3.929250e-15	7.888000e-01	3.929250e-15	2.236800e+04	1.442800e+04
48	1843.033879	2.404022e-13	8.560000e-01	2.404022e-13	1.370400e+04	3.908000e+03
48	659.436442	4.845660e-08	9.424001e-01	1.649505e-12	2.221100e+04	7.954000e+03
48	2938.455024	9.898464e-07	8.956876e-01	8.292749e-13	3.853600e+04	5.267800e+04
48	8709.063802	1.063129e-06	8.488016e-01	3.573678e-15	3.832000e+04	3.724100e+04
48	2401.042684	1.950216e-06	7.600000e-01	8.614210e-09	1.704232e+04	3.700097e+04
48	331.984856	1.140741e-08	9.601949e-01	1.148051e-11	2.359974e+03	2.078005e+03
48	2862.548556	9.999995e-06	8.872047e-01	6.599145e-12	5.584300e+04	4.727400e+04
48	1860.137299	4.700237e-15	8.008000e-01	4.700237e-15	1.256100e+04	2.632900e+04
48	755.887876	4.010096e-09	9.112000e-01	2.748128e-11	2.957700e+04	1.511000e+03
48	1805.225723	6.495030e-11	9.040000e-01	1.386479e-14	1.190000e+03	1.415500e+04
48	327.988895	1.349673e-06	8.050378e-01	2.982613e-09	5.983181e+04	4.245167e+03
48	579.243792	6.301006e-11	9.184000e-01	3.307714e-30	1.363200e+04	1.424300e+04
48	352.888405	1.000000e-05	8.007251e-01	8.920509e-12	4.235862e+04	1.837008e+04
48	1871.674377	4.118530e-14	8.848000e-01	9.244996e-29	1.873500e+04	2.013600e+04
48	1885.910947	2.333931e-14	8.752000e-01	5.252428e-35	1.983300e+04	4.378000e+04
48	317.480769	1.007062e-06	8.033343e-01	1.686652e-10	5.308119e+04	1.122982e+04
48	358.020127	1.000000e-05	8.004629e-01	6.890085e-12	4.404699e+04	1.899694e+04
48	994.089487	1.243234e-12	7.624000e-01	1.866337e-13	8.146000e+03	4.658900e+04
48	262.342042	8.251343e-11	9.856000e-01	2.618807e-11	1.666300e+04	6.790000e+02
48	2466.415720	1.699992e-16	9.328000e-01	2.929545e-20	1.860200e+04	5.030500e+04
48	1271.861819	1.379619e-10	9.160000e-01	3.847020e-18	3.785500e+04	3.916900e+04
48	2900.171519	5.915970e-13	9.736011e-01	5.915970e-13	4.879000e+04	5.985200e+04
48	55834.960042	8.649213e-09	9.664000e-01	7.557893e-15	5.858200e+04	3.543300e+04
48	2080.317736	4.446267e-06	7.609842e-01	4.376658e-12	5.321300e+04	2.925001e+04
48	1011.138004	9.456706e-12	9.088000e-01	2.529647e-13	4.486000e+04	1.292500e+04
48	294.955581	5.235275e-10	9.448000e-01	2.877396e-12	8.987000e+03	3.980000e+03
48	1176.527586	1.163263e-11	8.344000e-01	1.432076e-16	4.605600e+04	3.263800e+04
48	1852.956799	4.677856e-14	9.160000e-01	4.585772e-35	1.958700e+04	4.715500e+04
48	2247.071909	3.588174e-17	8.488000e-01	1.444177e-20	3.359300e+04	5.072000e+04
48	388.378414	7.275920e-08	7.982946e-01	1.754319e-12	3.185968e+04	2.226806e+04
48	843.288700	3.982777e-09	9.592000e-01	6.189699e-15	2.752100e+04	2.119500e+04
48	416.118398	7.173218e-11	9.904000e-01	1.905886e-15	1.795800e+04	2.363600e+04
48	2708.647348	5.969031e-10	7.912000e-01	5.969031e-10	3.685400e+04	4.082100e+04
48	667.419129	4.606697e-13	8.080000e-01	4.606697e-13	1.036000e+03	2.555900e+04
48	2776.477701	1.025683e-10	7.994802e-01	1.025683e-10	4.123500e+04	4.446100e+04
48	806.131157	1.106478e-09	9.064000e-01	1.292483e-11	3.294400e+04	3.422000e+03
48	850.137905	2.061646e-09	9.280000e-01	2.862037e-14	3.066800e+04	1.789100e+04
48	1251.461233	8.444968e-12	9.424000e-01	5.015341e-17	4.387800e+04	3.278600e+04
48	1851.722176	1.522317e-13	8.440000e-01	6.542034e-34	1.459500e+04	4.398900e+04
48	455.626403	1.612721e-15	7.696000e-01	9.426036e-16	2.391000e+04	4.304000e+04
48	1823.767418	7.126256e-13	7.696000e-01	7.126256e-13	9.569000e+03	7.839000e+03
48	736.816934	1.728627e-09	9.760000e-01	8.514188e-12	2.823800e+04	3.635000e+03
48	317.158238	1.000000e-05	8.033918e-01	1.821444e-10	5.893201e+04	1.104295e+04
48	275.175878	5.581902e-12	9.640000e-01	6.516550e-15	2.078800e+04	2.011500e+04
48	1400.026162	3.498991e-13	9.136000e-01	1.845862e-29	2.620900e+04	7.911000e+03
48	2676.852397	9.100013e-16	9.568000e-01	7.028047e-22	1.390400e+04	5.849200e+04
48	282.755271	2.813172e-11	9.424000e-01	2.079621e-14	1.592000e+04	1.534600e+04
48	1948.713983	2.288623e-15	8.608000e-01	8.550200e-38	2.504000e+04	5.888000e+04
48	777.821145	4.504813e-12	9.184000e-01	4.292288e-31	2.002800e+04	1.949800e+04
48	290.872160	2.631872e-11	9.448000e-01	1.427719e-12	1.616900e+04	5.417000e+03
48	2066.011807	5.249111e-18	8.248000e-01	5.249111e-18	1.945200e+04	4.103700e+04
48	315.789960	3.784548e-10	9.329587e-01	3.784548e-10	9.265060e+03	5.729903e+04
48	1858.721935	2.766292e-15	9.448000e-01	1.860819e-34	2.826400e+04	4.719700e+04
48	389.775751	2.838429e-14	7.672000e-01	7.421463e-15	1.716200e+04	3.894300e+04
48	844.398359	2.396094e-09	8.512000e-01	1.171497e-13	3.232600e+04	1.591800e+04
48	779.066704	5.899506e-09	9.424000e-01	8.368611e-14	2.744800e+04	1.514600e+04
48	1807.121428	1.275620e-11	8.800000e-01	1.008769e-27	4.699000e+03	1.545500e+04
48	2381.442242	3.380634e-06	7.600000e-01	9.929488e-09	1.568554e+04	3.331282e+04
48	316.751538	1.000000e-05	8.034749e-01	2.041951e-10	3.557796e+04	1.076512e+04
48	1824.149516	7.143754e-13	7.696000e-01	7.143754e-13	9.627000e+03	2.180000e+02
48	2277.799813	3.926266e-09	9.992642e-01	3.926266e-09	1.582600e+04	3.502500e+04
48	1263.769582	1.000384e-10	9.664000e-01	3.666361e-18	3.622200e+04	3.863400e+04
48	-1.000000	-1.000000e+00	-1.000000e+00	-1.000000e+00	-1.000000e+00	-1.000000e+00
48	317.472031	1.000000e-05	8.033358e-01	1.689984e-10	4.894196e+04	1.122502e+04
48	2540.492596	4.123830e-08	8.654579e-01	1.000000e-08	2.519100e+04	3.337400e+04
48	715.110487	5.328333e-16	9.496000e-01	5.328333e-16	4.186400e+04	2.958000e+03
48	269.929907	1.239757e-10	9.520000e-01	6.311106e-14	1.275700e+04	1.400600e+04
48	2574.331379	4.290312e-09	9.615936e-01	4.290312e-09	2.738900e+04	3.735900e+04
48	29665.681923	4.114483e-08	9.736001e-01	1.000000e-08	5.116800e+04	1.066000e+03
48	1025.315071	1.231493e-09	9.040000e-01	2.782404e-28	6.424000e+03	6.554000e+03
48	1916.125848	1.112978e-15	8.176000e-01	1.112978e-15	1.426200e+04	2.856700e+04
48	319.195063	1.016876e-09	9.321962e-01	1.016876e-09	6.860020e+03	4.967399e+04
48	1044.431193	8.774187e-12	7.624000e-01	2.905895e-14	3.404000e+03	5.129000e+04
48	14145.445651	3.440124e-08	8.872001e-01	5.131447e-13	5.455600e+04	2.527700e+04
48	1860.152685	9.547997e-14	8.560000e-01	2.916468e-31	1.597300e+04	2.935500e+04
48	1929.610648	1.512142e-15	8.296000e-01	1.512142e-15	1.469300e+04	2.719500e+04
48	2294.823893	9.099255e-16	9.208000e-01	7.274930e-19	1.562300e+04	4.303100e+04
48	1816.666536	1.945902e-12	8.512000e-01	1.945902e-12	8.520000e+03	1.100000e+01
48	2649.376278	2.764877e-09	8.296064e-01	2.764877e-09	3.279900e+04	3.492200e+04
48	388.183890	1.200524e-15	9.592000e-01	1.237394e-18	4.038100e+04	3.960600e+04
48	1835.481994	5.630237e-18	7.768000e-01	5.630237e-18	3.236800e+04	4.684900e+04
48	-1.000000	-1.000000e+00	-1.000000e+00	-1.000000e+00	-1.000000e+00	-1.000000e+00
48	327.685513	1.000000e-05	8.022608e-01	4.676917e-11	2.805699e+04	1.434495e+04
48	375.341887	6.460232e-11	9.856000e-01	4.888296e-15	1.722100e+04	2.137700e+04
48	302.407227	5.104541e-10	9.376000e-01	3.435171e-13	8.764000e+03	7.554000e+03
48	820.643256	6.627343e-10	9.160000e-01	3.899696e-11	3.393100e+04	5.920000e+02
48	1067.531565	6.422037e-11	8.512000e-01	9.422355e-13	3.300000e+01	5.157200e+04
48	1963.826754	1.135463e-15	7.648000e-01	1.135463e-15	2.463200e+04	2.999500e+04
48	2030.842576	2.103762e-16	8.488000e-01	3.560158e-37	3.045200e+04	5.932000e+04
48	29093.798737	1.690910e-08	8.848000e-01	5.652709e-17	5.770900e+04	4.713600e+04
48	517.862049	6.431202e-10	7.906491e-01	1.145921e-14	3.975812e+04	3.426939e+04
48	2333.007824	2.501994e-09	9.993003e-01	2.501994e-09	1.751399e+04	3.586000e+04
48	1865.354761	6.206657e-14	8.800000e-01	4.433790e-29	1.760700e+04	1.750000e+04
48	2582.238420	1.093237e-08	8.268595e-01	1.000000e-08	2.889238e+04	4.593890e+04
48	37915.000989	5.158475e-17	8.296000e-01	1.590413e-35	4.735100e+04	5.649600e+04
48	1839.589565	3.191946e-13	8.512000e-01	2.029630e-30	1.295900e+04	1.973100e+04
48	89904.634892	2.500000e-16	8.056000e-01	3.355596e-35	4.489900e+04	5.145000e+04
48	1796.736796	4.107734e-13	7.768000e-01	4.107734e-13	5.227000e+03	1.907400e+04
48	2869.583808	5.735139e-06	8.968375e-01	5.790006e-12	5.404200e+04	4.776300e+04
48	2764.234584	7.868321e-06	8.176179e-01	4.487095e-11	5.291900e+04	4.063500e+04
48	318.485923	1.000000e-05	8.045026e-01	1.003365e-09	3.499062e+04	6.894547e+03
48	633.651450	1.185541e-12	9.256000e-01	1.655393e-30	2.326100e+04	2.099600e+04
48	1851.747955	1.417665e-13	8.104000e-01	9.555293e-28	1.415100e+04	1.586300e+04
48	848.302610	8.369865e-09	7.943802e-01	8.369865e-09	5.113322e+04	5.498039e+02
48	334.251405	1.000000e-05	8.017996e-01	2.747559e-11	3.019498e+04	1.563798e+04
48	2060.502956	6.113003e-17	8.656000e-01	2.899266e-36	3.381400e+04	5.334700e+04
48	1124.671628	2.280981e-15	9.952000e-01	4.584373e-21	4.395900e+04	5.365500e+04
48	1805.837361	2.462533e-11	8.920000e-01	1.049071e-25	3.440000e+03	8.195000e+03
48	2022.692548	7.905630e-17	8.392000e-01	7.905630e-17	2.342600e+04	3.384800e+04
48	3001.102073	1.587106e-06	8.173864e-01	6.055399e-14	5.003100e+04	5.738300e+04
48	759.923891	1.870786e-09	9.544000e-01	6.188320e-12	2.970100e+04	4.621000e+03
48	1933.210083	7.507700e-16	8.224000e-01	7.507700e-16	1.468300e+04	2.925300e+04
48	345.110319	9.967487e-06	8.011471e-01	1.364901e-11	5.151049e+04	1.733759e+04
48	1819.446881	4.015837e-13	9.328000e-01	1.027950e-29	1.531000e+04	2.287300e+04
48	1878.661995	1.452662e-14	9.063972e-01	2.258195e-35	2.200100e+04	4.804500e+04
48	329.203605	1.542150e-10	9.349959e-01	1.542150e-10	1.140102e+04	4.670506e+04
48	1887.684240	7.563228e-15	8.224000e-01	7.563228e-15	1.102800e+04	2.364900e+04
48	1091.390684	7.639048e-13	8.128000e-01	4.687759e-13	1.009100e+04	5.207200e+04
48	1934.022075	2.927404e-16	9.280000e-01	7.707964e-21	3.217700e+04	4.482300e+04
48	1805.277693	7.846693e-11	9.160000e-01	4.011275e-13	8.560000e+02	7.539000e+03
48	443.037112	2.018876e-10	9.760002e-01	1.634804e-16	1.322800e+04	2.929000e+04
48	895.319439	6.557998e-10	9.712000e-01	6.195189e-15	3.112400e+04	2.107900e+04
48	340.323075	1.334916e-11	7.696000e-01	1.334916e-11	2.603000e+03	2.023300e+04
48	2684.842698	1.516791e-10	9.664001e-01	1.516791e-10	3.516800e+04	4.955000e+04
48	1839.893642	3.082657e-13	8.416000e-01	7.304507e-31	1.284600e+04	2.826300e+04
48	-1.000000	-1.000000e+00	-1.000000e+00	-1.000000e+00	-1.000000e+00	-1.000000e+00
48	1826.579586	5.757254e-13	7.816000e-01	5.757254e-13	1.020100e+04	7.865000e+03
48	1086.128736	4.690542e-12	8.512000e-01	5.904587e-13	6.411000e+03	5.275900e+04
48	767.577709	1.050595e-08	8.800000e-01	2.914849e-13	2.801100e+04	1.305100e+04
48	2017.587210	3.269225e-08	8.104001e-01	5.789817e-16	5.250500e+04	4.162200e+04
48	321.832833	4.938932e-11	9.352000e-01	8.377507e-13	1.430100e+04	3.237000e+03
48	299.755675	9.100047e-10	9.400000e-01	7.403708e-14	7.457000e+03	1.204200e+04
48	1037.921263	9.719654e-11	9.184000e-01	2.124126e-15	3.866800e+04	2.422900e+04
48	316.012815	1.000000e-05	8.036784e-01	2.706827e-10	4.024399e+04	1.008003e+04
48	2015.008398	4.711101e-16	7.624000e-01	7.188253e-31	2.702600e+04	3.676500e+04
48	1068.875100	1.524715e-10	8.752000e-01	6.437994e-16	3.872500e+04	2.781600e+04
48	911.696136	3.516691e-11	9.448000e-01	8.629603e-12	4.018000e+04	3.921000e+03
48	1156.396265	1.034336e-13	7.648000e-01	1.189880e-14	1.418200e+04	5.542900e+04
48	1843.876028	1.980769e-13	7.816000e-01	2.834048e-26	1.289600e+04	1.297500e+04
48	331.666259	1.000000e-05	8.051525e-01	3.974329e-09	3.577396e+04	3.546897e+03
48	2171.555576	3.295613e-17	8.800000e-01	4.196821e-20	3.497200e+04	4.673100e+04
48	1140.643672	5.269620e-11	9.112000e-01	2.172017e-16	4.043900e+04	2.974500e+04
48	1831.883713	5.498864e-13	8.752000e-01	4.094020e-30	1.220600e+04	2.532800e+04
48	319.963843	1.000000e-05	8.029908e-01	1.087583e-10	3.299799e+04	1.229598e+04
48	792.208660	2.748696e-09	8.920000e-01	1.403611e-12	3.106400e+04	9.039000e+03
48	1805.360633	3.266558e-11	8.704000e-01	7.304371e-18	2.097000e+03	2.970400e+04
48	317.173092	1.000000e-05	8.033891e-01	1.814683e-10	5.705101e+04	1.105199e+04
48	928.174950	2.207955e-11	9.472000e-01	5.548010e-12	4.123500e+04	4.970000e+03
48	416.234749	2.706417e-09	9.808000e-01	2.869507e-15	7.596000e+03	2.260800e+04
48	50125.550978	7.091149e-09	9.832000e-01	2.968240e-13	5.724300e+04	2.659600e+04
48	560.412799	1.123267e-15	9.760000e-01	7.336885e-19	4.156000e+04	4.171300e+04
48	318.458830	1.000000e-05	8.031834e-01	1.383698e-10	4.994400e+04	1.171100e+04
48	328.767374	1.000000e-05	8.021934e-01	4.198002e-11	3.869895e+04	1.460903e+04
48	1805.226943	3.272165e-11	8.008000e-01	1.582940e-13	4.010000e+02	1.227800e+04
48	400.522024	1.072771e-10	7.976986e-01	1.063588e-12	4.745635e+04	2.347789e+04
48	1796.447563	1.965543e-10	9.520000e-01	2.139288e-27	1.913000e+03	8.212000e+03
48	24530.732537	9.683638e-09	9.232000e-01	8.119944e-13	5.941800e+04	2.416800e+04
48	2499.263576	1.002688e-07	8.151576e-01	1.000000e-08	2.357100e+04	5.776000e+04
48	298.430315	1.222478e-10	9.376000e-01	7.674746e-14	1.221800e+04	1.107500e+04
48	1806.144518	5.599827e-11	8.632000e-01	1.156358e-22	6.740000e+02	1.630000e+02
48	1874.786297	4.310373e-14	7.888000e-01	4.310373e-14	1.665400e+04	7.867000e+03
48	1805.630191	2.032571e-11	8.440000e-01	1.377081e-18	2.724000e+03	3.024800e+04
48	2779.733546	9.060032e-06	9.736280e-01	9.309105e-11	5.501900e+04	4.165900e+04
48	1146.714826	1.602491e-11	8.464000e-01	7.172535e-14	3.326000e+03	5.800700e+04
48	758.293669	1.311742e-08	8.488000e-01	6.461933e-13	2.812400e+04	1.185500e+04
48	887.508496	1.702104e-09	9.592000e-01	3.964451e-15	2.964200e+04	2.225700e+04
48	336.850474	1.000000e-05	8.012576e-01	2.661423e-11	2.096300e+04	1.568400e+04
48	2525.107485	7.132737e-08	7.600000e-01	9.048012e-09	2.524105e+04	3.356808e+04
48	1040.683070	6.788901e-11	7.699337e-01	4.689829e-14	4.268800e+04	2.682300e+04
48	2950.445931	4.274201e-09	8.200000e-01	2.034141e-15	5.935500e+04	3.860400e+04
48	449.591017	9.713422e-06	7.967262e-01	2.410744e-13	4.429992e+04	2.712505e+04
48	2233.687031	6.015545e-18	7.816000e-01	1.310649e-19	3.719800e+04	4.640300e+04
48	1062.615215	2.161846e-11	9.112000e-01	6.207492e-15	4.269200e+04	2.177900e+04
48	2866.180474	7.811175e-06	8.416235e-01	4.039424e-12	5.784000e+04	4.752700e+04
48	2089.563386	3.080487e-12	7.608273e-01	1.091839e-14	5.470399e+04	4.385203e+04
48	2547.524735	3.102838e-07	8.176023e-01	1.000000e-08	2.376600e+04	2.787900e+04
48	1793.402415	4.687374e-12	9.640000e-01	3.504389e-29	1.232700e+04	2.003800e+04
48	1894.925840	2.028711e-14	8.248000e-01	1.331284e-35	1.906700e+04	5.232500e+04
48	1817.772749	1.906526e-12	8.512000e-01	3.867216e-30	8.636000e+03	2.543000e+04
48	1915.640651	8.816087e-15	7.744000e-01	4.403530e-28	2.024600e+04	2.029800e+04
48	971.969814	3.947491e-09	8.584000e-01	2.813274e-16	3.092700e+04	3.019700e+04
48	1092.135517	4.338837e-11	8.416000e-01	3.914148e-13	7.970000e+02	5.355200e+04
48	1790.758918	4.682247e-11	9.592000e-01	4.210626e-30	6.186000e+03	2.356200e+04
48	1956.041014	1.567934e-15	8.680000e-01	6.317278e-36	2.612700e+04	5.561200e+04
