2	445.442543	6.257150e-07	7.624792e-01	5.827091e-12	2.390097e+04	1.797302e+04
2	1926.204746	9.265986e-11	9.028000e-01	1.535979e-27	1.186700e+04	9.800000e+02
2	864.395401	2.557640e-09	8.650000e-01	7.213512e-12	3.292000e+04	5.638000e+03
2	-1.000000	-1.000000e+00	-1.000000e+00	-1.000000e+00	-1.000000e+00	-1.000000e+00
2	2120.377994	1.012045e-12	8.218000e-01	1.837352e-26	1.038000e+04	9.631000e+03
2	4477.598890	9.058937e-07	8.244924e-01	2.476404e-11	5.723500e+04	4.442200e+04
2	4531.736514	2.184950e-07	7.407998e-01	7.779507e-13	4.876400e+04	4.795700e+04
2	839.405230	9.892755e-10	9.784000e-01	3.077433e-15	8.571000e+03	2.246000e+04
2	2034.852137	5.805377e-12	8.488000e-01	5.805377e-12	6.464000e+03	6.170000e+02
2	-1.000000	-1.000000e+00	-1.000000e+00	-1.000000e+00	-1.000000e+00	-1.000000e+00
2	2114.933268	4.505697e-13	9.838000e-01	1.083345e-17	4.896400e+04	3.582600e+04
2	549.713424	9.484828e-09	7.672776e-01	9.484828e-09	5.145154e+04	3.926877e+01
2	-1.000000	-1.000000e+00	-1.000000e+00	-1.000000e+00	-1.000000e+00	-1.000000e+00
2	1120.234064	2.317294e-09	8.974000e-01	4.982516e-14	3.237300e+04	1.703400e+04
2	845.259594	5.797306e-08	8.002001e-01	7.583409e-13	2.629900e+04	1.284200e+04
2	42420.972728	6.018973e-08	8.704001e-01	1.440424e-14	5.203400e+04	3.303500e+04
2	1454.820098	5.941015e-12	8.947000e-01	9.175818e-15	4.745900e+04	2.107700e+04
2	3430.455216	7.999930e-17	9.379000e-01	2.931601e-19	2.922200e+04	4.428000e+04
2	815.320354	1.033450e-13	7.570000e-01	3.979017e-16	1.166100e+04	4.164600e+04
2	-1.000000	-1.000000e+00	-1.000000e+00	-1.000000e+00	-1.000000e+00	-1.000000e+00
2	1088.999426	1.181830e-11	8.299000e-01	2.601607e-12	4.577000e+03	5.043600e+04
2	2199.176352	7.983264e-14	7.975000e-01	7.983264e-14	8.834000e+03	1.831100e+04
2	3377.029910	3.475375e-09	8.866000e-01	6.155829e-27	3.156000e+03	7.170000e+02
2	4455.886434	8.011295e-07	7.732407e-01	2.090105e-11	5.902900e+04	4.303800e+04
2	2344.127519	3.020927e-14	7.300000e-01	5.028279e-16	1.732200e+04	1.096200e+04
2	2136.079369	6.502463e-13	8.650000e-01	1.898676e-27	1.240800e+04	1.155100e+04
2	2181.690406	8.450047e-14	8.785000e-01	1.205802e-17	5.863300e+04	3.683200e+04
2	2781.662029	7.600000e-16	9.784000e-01	1.145030e-22	3.411600e+04	5.912600e+04
2	1223.854084	1.450997e-10	9.757000e-01	2.095658e-14	3.549200e+04	1.829900e+04
2	850.910527	1.187769e-11	9.811000e-01	3.231097e-15	1.935100e+04	2.237500e+04
2	4575.883695	9.431712e-06	8.110137e-01	1.703065e-12	5.580700e+04	5.085200e+04
2	2286.394764	3.129276e-14	8.758000e-01	2.827595e-32	2.001600e+04	3.051400e+04
2	2072.046041	2.736731e-12	8.191000e-01	1.085483e-33	7.946000e+03	3.846700e+04
2	653.489010	1.460555e-10	7.520191e-01	5.696302e-17	4.271163e+04	4.453845e+04
2	1061.309674	3.300103e-09	9.541000e-01	6.035859e-14	2.932600e+04	1.597600e+04
2	905.891502	4.911386e-08	8.164001e-01	2.923159e-13	2.644800e+04	1.448300e+04
2	2362.202414	8.009305e-15	8.785000e-01	3.470020e-28	2.337200e+04	1.376200e+04
2	52747.689170	1.117895e-08	8.947000e-01	8.765894e-14	5.957300e+04	2.873000e+04
2	1794.470690	1.214840e-10	8.137000e-01	7.370944e-18	4.150300e+04	3.977700e+04
2	2010.160866	1.819734e-11	8.812000e-01	6.289299e-30	4.846000e+03	1.651900e+04
2	1882.566636	1.173323e-12	8.272000e-01	1.173323e-12	1.077000e+04	5.111400e+04
2	2795.523744	2.436713e-16	7.354000e-01	3.122622e-30	2.865200e+04	3.155100e+04
2	1980.661117	5.938418e-11	8.623000e-01	1.766188e-31	1.447000e+03	3.007300e+04
2	2580.357544	2.126951e-15	7.759000e-01	9.417676e-31	2.419200e+04	2.894200e+04
2	4477.703316	5.731366e-06	8.003067e-01	1.892968e-11	5.243200e+04	4.442900e+04
2	2406.862840	6.024710e-16	9.082000e-01	1.174833e-37	3.074900e+04	5.701200e+04
2	2071.893189	2.844327e-12	8.326000e-01	4.739148e-31	8.112000e+03	2.896000e+04
2	1360.750733	3.472954e-09	8.461000e-01	1.570124e-15	3.251300e+04	2.609500e+04
2	1463.029773	3.086926e-11	8.569000e-01	3.855128e-15	4.417600e+04	2.374700e+04
2	1452.671083	8.191525e-11	8.596000e-01	2.926686e-15	4.165600e+04	2.434000e+04
2	2837.272915	4.121010e-07	7.948004e-01	7.459108e-12	4.648000e+04	1.795600e+04
2	2043.828687	5.250178e-12	8.137000e-01	1.680911e-32	6.284000e+03	3.413200e+04
2	900.988708	3.237233e-11	9.811000e-01	2.037313e-11	3.864000e+04	1.857000e+03
2	515.455249	1.005642e-12	7.489000e-01	1.479489e-14	8.050000e+03	3.377200e+04
2	2144.525470	5.829044e-13	7.732000e-01	3.838471e-27	1.089600e+04	1.054400e+04
2	975.792865	8.441951e-09	9.475198e-01	8.260975e-09	2.309440e+02	3.177353e+04
2	1344.960048	4.366973e-11	9.730000e-01	1.430852e-19	1.500200e+04	4.512300e+04
2	2240.261482	9.240177e-14	7.327000e-01	9.240177e-14	1.443400e+04	2.203800e+04
2	410.518401	5.957363e-06	7.685186e-01	5.516251e-11	5.131220e+04	1.291156e+04
2	2240.747612	9.529974e-14	8.623000e-01	7.053721e-38	1.694100e+04	5.699900e+04
2	2061.788417	3.672532e-12	8.407000e-01	5.413374e-26	7.665000e+03	5.938000e+03
2	534.556140	2.611893e-12	9.568000e-01	2.611893e-12	2.095700e+04	4.067000e+03
2	944.299536	2.219995e-08	9.810995e-01	1.856927e-15	1.480000e+03	2.369600e+04
2	30620.919899	9.409658e-09	8.353000e-01	1.456811e-16	5.998700e+04	4.387300e+04
2	1380.407550	4.935911e-16	9.379000e-01	3.651652e-21	4.091900e+04	5.029100e+04
2	2269.374639	2.083267e-14	8.920000e-01	8.065953e-36	2.158500e+04	5.185300e+04
2	4615.634441	3.459241e-06	8.110087e-01	5.891720e-13	5.960700e+04	5.354700e+04
2	78214.878489	8.493937e-08	9.244002e-01	3.653894e-14	4.888900e+04	3.082900e+04
2	3434.870946	5.000000e-16	9.217000e-01	2.000008e-21	2.780800e+04	5.455100e+04
2	4592.639321	8.316991e-06	8.407082e-01	1.439507e-12	5.537200e+04	5.198000e+04
2	1123.341443	2.019523e-10	8.893000e-01	1.778376e-13	3.871500e+04	1.413000e+04
2	-1.000000	-1.000000e+00	-1.000000e+00	-1.000000e+00	-1.000000e+00	-1.000000e+00
2	860.723904	7.274247e-09	9.460000e-01	1.151403e-12	2.779100e+04	9.040000e+03
2	2453.818040	1.089075e-11	9.352000e-01	1.625874e-19	4.452500e+04	4.586500e+04
2	2347.026405	3.118314e-14	8.029000e-01	7.342147e-35	1.831900e+04	5.013600e+04
2	2107.300408	1.319434e-12	8.434000e-01	3.405363e-32	1.018200e+04	2.961400e+04
2	746.119691	1.135838e-07	7.711341e-01	7.323669e-12	2.506800e+04	9.465902e+03
2	464.536503	8.380436e-10	9.416558e-01	8.380436e-10	5.997975e+03	3.950997e+04
2	1254.771669	1.509076e-12	9.838000e-01	9.475554e-14	4.595800e+04	1.468500e+04
2	2574.581728	5.234630e-16	8.704000e-01	7.012553e-32	2.959800e+04	3.032900e+04
2	4568.577563	4.932964e-06	8.460954e-01	2.836756e-12	4.916600e+04	5.036300e+04
2	990.587376	2.681784e-11	7.462000e-01	3.245909e-12	1.274000e+03	4.554000e+04
2	1928.616349	5.972363e-10	9.568000e-01	7.769299e-18	3.339600e+04	3.680400e+04
2	1236.818083	1.551054e-12	8.704000e-01	3.391276e-13	1.040800e+04	5.635100e+04
2	3517.574111	8.299997e-16	9.244000e-01	4.078211e-20	2.427800e+04	4.873000e+04
2	4129.120686	4.007376e-07	7.300000e-01	9.446569e-09	2.229608e+04	2.821078e+04
2	3504.982671	1.199942e-16	9.325000e-01	2.117980e-19	2.116900e+04	4.534100e+04
2	1555.863323	3.581845e-16	7.678000e-01	3.581845e-16	4.278000e+03	4.158900e+04
2	3096.782043	2.937048e-17	8.623000e-01	1.048912e-19	3.523500e+04	4.459800e+04
2	2493.127800	2.179154e-15	8.623000e-01	2.179154e-15	2.595500e+04	4.580000e+02
2	1379.363186	3.896244e-09	9.757000e-01	9.353817e-16	2.725100e+04	2.556900e+04
2	717.305298	8.443598e-09	9.622000e-01	4.314852e-11	2.649500e+04	1.820000e+02
2	149085.979651	3.975330e-16	7.516000e-01	1.633019e-20	4.170300e+04	5.252900e+04
2	79690.108484	1.281551e-15	7.948000e-01	5.248101e-20	3.875000e+04	4.930300e+04
2	4102.472329	8.403584e-07	7.300000e-01	8.959185e-09	2.046228e+04	3.293012e+04
2	4606.186064	2.414776e-06	9.783994e-01	1.931880e-12	5.640500e+04	5.290000e+04
2	865.376499	1.814498e-14	7.570000e-01	1.441089e-16	1.572300e+04	4.401300e+04
2	763.313086	5.451876e-07	8.272007e-01	1.315186e-12	2.029300e+04	1.053100e+04
2	4462.308494	5.843344e-06	9.730170e-01	7.945495e-11	5.479100e+04	4.344500e+04
2	1568.976957	4.274705e-11	8.434000e-01	7.410757e-16	4.361700e+04	2.794500e+04
2	43645.004985	3.552775e-08	8.758001e-01	3.090351e-14	5.462900e+04	3.121600e+04
2	1031.019286	4.614680e-10	9.541000e-01	2.634114e-13	3.425300e+04	1.248800e+04
2	1330.414367	2.501315e-08	9.838000e-01	7.175666e-16	2.160400e+04	2.611800e+04
2	413.424155	7.999555e-11	7.663186e-01	2.870042e-11	4.786800e+04	1.436102e+04
2	2275.352753	7.386597e-14	7.354000e-01	1.300239e-27	1.528100e+04	1.744500e+04
2	2502.002379	1.099164e-15	8.758000e-01	3.545403e-35	2.801800e+04	4.602300e+04
2	68464.883824	8.500000e-16	8.434000e-01	7.888658e-36	3.657600e+04	5.312300e+04
2	1405.274333	8.171626e-12	9.946000e-01	3.906983e-15	3.885800e+04	2.210300e+04
2	1977.682999	6.513571e-11	9.217000e-01	6.756235e-27	3.650000e+03	4.227000e+03
2	90284.125446	1.114572e-08	9.109000e-01	4.741282e-16	5.782500e+04	4.113500e+04
2	2287.532443	1.032996e-11	7.705000e-01	4.296137e-17	5.240800e+04	4.649600e+04
2	1143.380116	1.610079e-08	8.839000e-01	1.551868e-14	2.787400e+04	1.997500e+04
2	2077.366998	5.613045e-13	7.597000e-01	5.613045e-13	8.054000e+03	1.538800e+04
2	393.911138	7.505704e-06	7.703749e-01	2.250937e-09	5.715206e+04	3.962743e+03
2	2182.783951	2.088707e-15	9.973000e-01	1.363020e-17	5.783800e+04	3.520200e+04
2	4066.036313	6.520042e-11	8.866000e-01	5.189668e-28	1.275600e+04	6.983000e+03
2	448.747480	3.386641e-11	7.659723e-01	6.850101e-12	4.974500e+04	1.782200e+04
2	6276.903411	1.353453e-07	8.137003e-01	2.378418e-11	4.994800e+04	1.520600e+04
2	1976.837057	4.319945e-11	7.975000e-01	1.861706e-27	9.270000e+02	9.279000e+03
2	473.655162	5.348081e-11	9.435336e-01	5.348081e-11	1.264298e+04	4.602398e+04
2	1922.909134	5.622450e-10	9.567999e-01	4.136481e-29	1.282000e+03	1.217500e+04
2	2298.792916	7.678392e-07	8.569017e-01	5.403519e-14	5.759900e+04	1.755600e+04
2	48305.781330	2.323609e-08	8.785001e-01	1.290423e-14	5.557100e+04	3.330000e+04
2	503.063853	5.651740e-11	7.617354e-01	7.657263e-13	4.692221e+04	2.291800e+04
2	190574.825149	3.291804e-16	8.056000e-01	6.069643e-19	4.255900e+04	5.395600e+04
2	439.551283	2.467644e-10	7.645735e-01	8.197418e-12	4.415801e+04	1.731202e+04
2	2346.963834	1.025245e-14	8.784993e-01	1.633288e-33	2.278100e+04	3.648900e+04
2	1212.037325	2.885943e-15	7.597000e-01	1.229295e-17	1.786000e+04	4.951000e+04
2	2104.897670	3.561877e-13	9.487000e-01	2.329276e-36	1.816600e+04	5.445200e+04
2	4405.081016	3.475129e-10	7.570016e-01	3.475129e-10	3.970000e+04	4.223200e+04
2	392.008790	7.881863e-09	7.680793e-01	1.287044e-10	3.813092e+04	1.080102e+04
2	384.738648	1.000000e-05	7.694494e-01	3.539047e-10	2.474898e+04	8.415963e+03
2	473.041830	5.280054e-12	7.462000e-01	1.265646e-13	4.430000e+03	2.908700e+04
2	949.786843	2.504888e-11	7.435000e-01	9.163414e-12	1.401000e+03	4.246600e+04
2	3945.744871	6.000000e-16	9.946000e-01	2.495283e-21	1.992500e+04	5.476500e+04
2	399.101569	3.061136e-09	9.329054e-01	3.061136e-09	3.220020e+03	5.504713e+04
2	2303.373906	1.710735e-15	7.516000e-01	1.710735e-15	2.027200e+04	3.169100e+04
2	740.172053	5.229883e-09	9.811000e-01	1.118546e-11	2.591100e+04	3.295000e+03
2	2260.478536	7.725270e-13	9.811000e-01	2.218839e-18	4.798800e+04	3.947500e+04
2	2129.825606	6.976351e-13	8.704000e-01	1.681194e-30	1.239100e+04	2.220600e+04
2	1144.456382	1.993389e-11	8.704000e-01	4.697721e-13	4.245000e+03	5.552900e+04
2	4459.478629	7.297509e-06	8.488903e-01	4.784740e-11	5.634800e+04	4.326500e+04
2	2454.294657	8.589168e-16	8.920000e-01	5.113948e-34	2.921200e+04	3.798400e+04
2	974.467973	1.003287e-10	8.758000e-01	6.935109e-12	4.081700e+04	5.565000e+03
2	862.621532	1.435680e-08	8.218000e-01	2.141129e-12	2.942600e+04	9.522000e+03
2	2482.007923	2.139423e-16	7.813000e-01	2.139423e-16	2.416600e+04	3.321100e+04
2	104698.331284	1.000000e-05	9.027962e-01	5.802468e-18	5.133700e+04	5.131000e+04
2	221406.871143	4.400000e-16	7.570000e-01	2.355268e-35	3.886800e+04	5.395900e+04
2	1299.579276	7.486889e-16	9.757000e-01	1.321855e-20	4.050000e+04	5.035500e+04
2	394.005042	8.598768e-10	9.358306e-01	8.598768e-10	6.184977e+03	4.253700e+04
2	582.072850	2.617263e-14	7.570000e-01	2.617263e-14	1.618500e+04	3.178900e+04
2	3111.355347	4.497324e-16	9.217000e-01	9.325130e-18	2.027200e+04	3.678900e+04
2	392.844861	1.000000e-05	7.703508e-01	2.090585e-09	3.463398e+04	4.140999e+03
2	4625.117519	3.529477e-06	9.433003e-01	1.031987e-12	5.922200e+04	5.419900e+04
2	3868.765500	3.057508e-10	9.992983e-01	3.057508e-10	2.008598e+04	4.339800e+04
2	426.700727	7.758675e-09	7.649028e-01	1.448946e-11	3.570893e+04	1.593416e+04
2	819.688797	5.620545e-09	8.245000e-01	2.204575e-11	3.172700e+04	3.820000e+03
2	3342.690990	7.799507e-16	9.271000e-01	9.563058e-19	1.903900e+04	4.194500e+04
2	2535.305715	6.219236e-16	8.866000e-01	6.569749e-23	2.979000e+04	5.584500e+04
2	1356.877332	1.715377e-13	7.435000e-01	3.086300e-14	1.334700e+04	5.687900e+04
2	2236.289940	1.924795e-11	8.974000e-01	1.182821e-18	4.436600e+04	4.184800e+04
2	2360.355353	1.609180e-15	9.055000e-01	1.609180e-15	2.829300e+04	2.125000e+03
2	1986.799922	4.427157e-11	8.623000e-01	4.777867e-31	2.158000e+03	2.767700e+04
2	3627.085181	3.199997e-16	9.676000e-01	6.509044e-20	2.272800e+04	4.762700e+04
2	1166.782000	1.854133e-11	7.624000e-01	3.926961e-14	2.396000e+03	5.845400e+04
2	552.549013	8.274629e-10	7.586846e-01	1.122583e-13	3.950858e+04	2.733714e+04
2	816.058530	3.826220e-09	9.514000e-01	4.743532e-12	2.912000e+04	5.601000e+03
2	459.849377	8.660567e-06	7.672170e-01	1.027783e-11	5.890435e+04	1.695823e+04
2	2344.136493	7.257878e-15	8.866000e-01	2.341085e-30	2.390300e+04	2.126800e+04
2	822.322958	2.548934e-16	9.649000e-01	3.292097e-21	4.262100e+04	5.291500e+04
2	4134.702440	3.441400e-07	7.300000e-01	9.877692e-09	2.267358e+04	2.901723e+04
2	2180.794178	1.756418e-13	8.839000e-01	2.888726e-34	1.614600e+04	4.321600e+04
2	81911.418952	9.893608e-09	9.730000e-01	3.150857e-11	5.944700e+04	1.461000e+04
2	-1.000000	-1.000000e+00	-1.000000e+00	-1.000000e+00	-1.000000e+00	-1.000000e+00
2	431.811826	1.433937e-06	7.633764e-01	1.108037e-11	2.214500e+04	1.646800e+04
2	1958.693546	7.713798e-15	7.759000e-01	7.713798e-15	1.222600e+04	3.439000e+04
2	2111.285325	5.638407e-13	8.974000e-01	4.303592e-31	1.385500e+04	2.508900e+04
2	1266.269603	5.465021e-08	8.407000e-01	1.463960e-15	2.574000e+04	2.638800e+04
2	459.159696	2.177263e-11	9.649000e-01	2.191522e-13	1.646600e+04	1.188700e+04
2	384.881191	5.662779e-09	7.693705e-01	3.291572e-10	4.245329e+04	8.588136e+03
2	2436.850541	3.209829e-15	8.731000e-01	4.329711e-28	2.537300e+04	1.385100e+04
2	837.575756	4.689681e-09	9.730084e-01	1.766663e-15	4.276000e+03	2.361600e+04
2	1061.000352	9.924966e-11	8.677000e-01	9.730401e-13	4.102100e+04	1.040600e+04
2	406.319501	5.616018e-06	7.658284e-01	4.639907e-11	1.991796e+04	1.314203e+04
2	4534.759183	1.344919e-11	8.190945e-01	1.344919e-11	4.797000e+04	4.839900e+04
2	386.943024	2.936898e-10	9.358556e-01	2.936898e-10	8.806408e+03	4.596500e+04
2	2742.033183	5.770315e-17	8.164000e-01	5.770315e-17	2.465800e+04	3.480600e+04
2	443.492787	2.331176e-12	9.433000e-01	7.210247e-16	2.078900e+04	2.290800e+04
2	3856.176562	2.289021e-08	7.304387e-01	7.368566e-10	4.854796e+04	1.817302e+04
2	399.100521	3.063906e-09	9.329016e-01	3.063906e-09	3.217980e+03	5.958600e+04
2	2268.023850	2.816111e-14	8.866000e-01	5.682170e-36	2.065000e+04	5.092800e+04
2	3386.295388	2.299947e-16	9.217000e-01	5.344293e-19	2.389300e+04	4.327800e+04
2	2264.000777	6.117760e-14	8.650000e-01	4.540999e-30	1.807800e+04	2.476100e+04
2	507.406194	9.556353e-08	9.973001e-01	2.523172e-12	2.769000e+03	6.741000e+03
2	-1.000000	-1.000000e+00	-1.000000e+00	-1.000000e+00	-1.000000e+00	-1.000000e+00
2	2067.901642	2.925495e-12	8.110000e-01	2.445545e-28	7.641000e+03	1.154800e+04
2	4702.881500	3.641071e-07	8.973996e-01	9.760439e-14	5.001700e+04	5.971300e+04
2	2162.149559	4.618521e-13	8.380000e-01	2.763745e-30	1.258000e+04	2.288500e+04
2	892.364616	5.267339e-15	9.676000e-01	4.121500e-20	3.558100e+04	4.741800e+04
2	2945.572480	7.899004e-17	7.354000e-01	5.476365e-21	3.114100e+04	5.492400e+04
2	3287.559267	9.996756e-17	9.838000e-01	2.162988e-18	2.400300e+04	3.955400e+04
2	900.910929	6.114418e-09	9.190000e-01	8.395632e-13	2.930700e+04	1.006300e+04
2	2484.262017	1.815423e-15	8.704000e-01	1.815423e-15	2.664200e+04	1.469000e+03
2	2161.500301	4.767764e-13	8.164000e-01	1.697457e-32	1.207900e+04	3.371200e+04
2	2845.962484	6.177680e-13	9.919000e-01	3.203054e-21	4.633500e+04	5.417900e+04
2	3330.932128	6.999974e-16	9.568000e-01	9.282082e-19	2.384000e+04	4.157800e+04
2	33352.503014	1.675572e-06	8.650020e-01	1.206760e-13	3.782000e+04	2.795400e+04
2	4251.366730	1.000000e-05	7.874666e-01	4.473543e-09	3.551400e+04	3.022800e+04
2	2277.705656	4.876080e-14	8.650000e-01	4.415404e-36	1.862100e+04	5.064400e+04
2	2001.425920	1.639365e-13	9.028000e-01	7.388998e-17	5.631600e+04	3.224300e+04
2	2322.811987	3.474374e-12	9.028000e-01	9.177446e-19	4.854100e+04	4.235100e+04
2	984.059346	4.269180e-10	9.460191e-01	4.269180e-10	7.704967e+03	3.920292e+04
2	789.598054	6.495611e-09	9.001000e-01	1.649791e-11	2.973800e+04	3.135000e+03
2	-1.000000	-1.000000e+00	-1.000000e+00	-1.000000e+00	-1.000000e+00	-1.000000e+00
2	2024.242673	8.875011e-12	8.137000e-01	2.693891e-27	5.021000e+03	5.953000e+03
2	1908.062150	2.054995e-11	9.352000e-01	3.535037e-17	4.295200e+04	3.354400e+04
2	1097.415219	3.822577e-11	8.380000e-01	8.910522e-13	1.906000e+03	5.333300e+04
2	1965.969638	7.558156e-11	9.406000e-01	1.274195e-27	4.700000e+03	7.335000e+03
2	1272.081943	5.826951e-10	9.082000e-01	1.902119e-28	7.406000e+03	8.804000e+03
2	2268.171219	6.248977e-15	7.786000e-01	6.248977e-15	1.619300e+04	2.540600e+04
2	4479.674313	5.174544e-06	8.218741e-01	2.291600e-11	5.958600e+04	4.455500e+04
2	2827.738295	9.099476e-16	7.678000e-01	2.428085e-19	2.116000e+04	5.006600e+04
2	2213.183890	1.065953e-14	9.271000e-01	2.192103e-38	2.488800e+04	5.777900e+04
2	2118.450955	7.869438e-13	7.300000e-01	5.924553e-13	9.593000e+03	4.150000e+04
2	1176.297971	4.776566e-10	8.515000e-01	5.387449e-14	3.739500e+04	1.760400e+04
2	380.693038	4.179342e-10	9.397704e-01	7.703267e-13	8.246000e+03	5.726000e+03
2	1996.988442	2.994638e-11	8.704024e-01	1.070108e-33	3.319000e+03	3.959000e+04
2	1998.428484	2.903072e-11	8.974000e-01	6.364593e-30	4.303000e+03	1.952200e+04
2	2070.288232	2.496296e-12	8.137000e-01	2.496296e-12	7.981000e+03	8.720000e+02
2	2132.044891	7.774873e-13	7.975000e-01	1.529961e-33	1.058500e+04	4.211800e+04
2	4233.131343	1.000000e-05	8.110243e-01	9.708997e-09	5.244300e+04	2.907700e+04
2	-1.000000	-1.000000e+00	-1.000000e+00	-1.000000e+00	-1.000000e+00	-1.000000e+00
2	2494.515978	5.326517e-15	7.921000e-01	1.545108e-35	2.230100e+04	5.264200e+04
2	1984.790611	2.842438e-11	7.867000e-01	6.346017e-27	1.768000e+03	9.125000e+03
2	834.939986	1.086364e-08	9.730040e-01	2.435725e-15	2.274000e+03	2.287100e+04
2	1970.028848	1.108075e-10	8.650000e-01	1.317922e-25	5.000000e+00	2.387000e+03
2	1965.465936	5.950114e-11	9.514000e-01	1.129256e-30	6.182000e+03	2.432500e+04
2	1101.287851	1.271012e-11	8.731000e-01	2.626175e-12	5.405000e+03	5.119500e+04
2	1531.104308	9.294492e-10	9.838000e-01	2.699246e-16	2.978500e+04	2.839500e+04
2	426.929933	9.375003e-09	9.326467e-01	1.462748e-27	5.161147e+02	1.026397e+04
2	395.125520	2.402527e-09	9.330358e-01	2.402527e-09	3.803383e+03	4.965735e+04
2	4187.105210	4.090619e-06	7.525448e-01	9.477680e-09	5.614149e+04	2.613518e+04
2	568.042635	1.433011e-09	7.576104e-01	5.688636e-14	3.792768e+04	2.887943e+04
2	594.025058	1.429197e-10	9.444915e-01	1.400839e-10	1.024699e+04	4.283104e+04
2	391.964264	2.701029e-07	7.680387e-01	1.341772e-10	2.939900e+04	1.069601e+04
2	466.211194	8.387261e-10	7.597000e-01	1.334512e-11	3.959300e+04	1.578000e+04
2	1234.865251	5.238669e-10	9.464146e-01	5.238669e-10	7.316037e+03	3.844187e+04
2	2107.460264	1.080963e-12	8.542000e-01	1.080963e-12	1.066800e+04	4.173000e+03
2	396.144856	1.562426e-09	9.406000e-01	2.437773e-13	5.091000e+03	8.806000e+03
2	2271.719070	7.363655e-14	8.434000e-01	2.686110e-36	1.708300e+04	5.038900e+04
2	2865.550688	1.191793e-16	7.624000e-01	1.377791e-31	3.069200e+04	3.536300e+04
2	1186.345768	2.442118e-10	9.136000e-01	5.372555e-14	3.754100e+04	1.666200e+04
2	2117.452721	8.123010e-13	7.354000e-01	8.123010e-13	9.581000e+03	3.370000e+03
2	2015.168096	6.229641e-12	9.406000e-01	6.384591e-31	1.067200e+04	2.579800e+04
2	2324.448146	3.469657e-14	8.407000e-01	3.652740e-30	1.881300e+04	2.283200e+04
2	2382.187066	1.601571e-15	9.001000e-01	3.928104e-32	2.806600e+04	3.164700e+04
2	424.587546	7.536715e-09	9.333120e-01	7.536715e-09	1.017002e+03	4.052502e+04
2	1988.920424	4.507143e-11	9.055000e-01	1.161514e-32	3.600000e+03	3.325800e+04
2	1131.248772	2.099316e-11	7.489000e-01	6.258575e-14	1.909000e+03	5.594000e+04
2	487.191958	4.462242e-06	7.665971e-01	5.017049e-12	5.681645e+04	1.868330e+04
2	4306.930806	2.110421e-09	8.514702e-01	2.110421e-09	3.354500e+04	4.391000e+04
2	1310.643101	1.024700e-10	9.433000e-01	1.247477e-14	3.857800e+04	1.979800e+04
2	3560.875406	7.199983e-16	9.865000e-01	1.455662e-19	2.043500e+04	4.566400e+04
2	2402.098261	1.660901e-15	8.947000e-01	6.483038e-36	2.775100e+04	4.971400e+04
2	560.868800	4.191069e-10	9.444824e-01	4.191069e-10	7.599960e+03	4.026801e+04
2	1125.214745	6.112615e-11	8.245000e-01	4.081854e-13	4.308400e+04	1.343800e+04
2	584.653970	1.670827e-10	7.578015e-01	3.877622e-14	4.335442e+04	2.985312e+04
2	1662.312492	1.053145e-14	9.271000e-01	8.282057e-32	3.362200e+04	3.390400e+04
2	4333.911029	1.910216e-09	8.569745e-01	1.910216e-09	3.465800e+04	3.688200e+04
2	2106.396194	1.145533e-12	7.705000e-01	6.796322e-28	9.244000e+03	1.256600e+04
2	1180.679027	1.747805e-12	9.568000e-01	1.747805e-12	4.878300e+04	7.837000e+03
2	454.443195	9.266637e-06	7.673450e-01	1.198494e-11	5.581694e+04	1.658842e+04
2	1009.219222	1.973679e-08	7.894001e-01	1.775529e-14	2.914900e+04	2.249200e+04
2	613.278317	1.652193e-09	9.463087e-01	1.057686e-09	4.319157e+03	3.791987e+04
2	389.324252	1.617262e-10	9.357147e-01	5.840933e-12	1.027310e+04	5.670904e+04
2	1350.545873	1.371687e-09	9.676000e-01	2.118008e-15	3.059800e+04	2.373200e+04
2	4483.420673	4.988467e-06	8.920174e-01	3.386094e-11	5.772000e+04	4.479500e+04
2	-1.000000	-1.000000e+00	-1.000000e+00	-1.000000e+00	-1.000000e+00	-1.000000e+00
2	394.405429	9.973299e-11	9.366126e-01	2.304116e-11	1.141705e+04	5.239302e+04
2	2990.848599	3.654060e-17	7.489000e-01	9.020235e-32	3.322300e+04	3.482700e+04
2	387.143717	1.277292e-09	9.332739e-01	2.858634e-27	5.331000e+03	1.157000e+04
2	1988.515518	9.702714e-12	9.595000e-01	2.085111e-30	1.146300e+04	1.988300e+04
2	4597.806858	8.167007e-06	8.865967e-01	1.682177e-12	5.011100e+04	5.233000e+04
2	184757.822891	2.903687e-16	7.759000e-01	3.953360e-19	4.263300e+04	5.454700e+04
2	388.831339	8.715987e-09	7.699203e-01	1.292314e-09	4.065100e+04	5.282013e+03
2	658.057470	1.177732e-10	7.516000e-01	1.630975e-16	4.322700e+04	4.198300e+04
2	383.584660	5.212164e-10	9.338286e-01	8.874417e-11	7.493825e+03	5.952200e+04
2	2901.349972	5.270662e-17	8.191005e-01	2.516094e-35	3.361200e+04	4.889600e+04
2	421.747540	7.874463e-09	9.326830e-01	7.874463e-09	9.370303e+02	4.986642e+04
2	475.286652	8.814274e-11	7.629021e-01	2.033252e-12	4.613740e+04	2.061173e+04
2	435.266273	9.400992e-09	9.351999e-01	9.400992e-09	4.750000e+02	5.088000e+04
2	4620.589627	9.999989e-06	8.893049e-01	9.243124e-13	5.555000e+04	5.388700e+04
2	2604.235349	1.627119e-15	7.813000e-01	2.768492e-30	2.490400e+04	2.636600e+04
2	500.272126	1.445604e-13	7.489000e-01	8.160469e-14	1.275900e+04	2.971900e+04
2	2129.674934	6.742233e-13	8.731000e-01	4.589617e-33	1.255300e+04	3.509000e+04
2	2364.764699	1.899432e-14	8.407000e-01	1.899432e-14	2.018100e+04	1.087900e+04
2	79342.680720	1.249302e-07	9.028002e-01	8.745635e-16	4.815900e+04	3.969100e+04
2	4335.801076	1.733865e-09	7.839971e-01	1.733865e-09	3.527600e+04	3.982200e+04
2	3895.538743	6.663156e-06	7.304052e-01	5.817962e-14	4.502000e+04	4.180400e+04
2	2028.480985	7.186405e-12	7.948000e-01	5.678539e-32	5.211000e+03	3.443500e+04
2	1230.214777	3.112586e-08	8.866001e-01	3.938017e-15	2.616100e+04	2.316300e+04
2	3066.238162	2.495683e-17	7.462000e-01	2.011870e-20	3.309900e+04	5.473900e+04
2	-1.000000	-1.000000e+00	-1.000000e+00	-1.000000e+00	-1.000000e+00	-1.000000e+00
2	465.912812	8.929906e-10	7.629229e-01	2.760164e-12	4.034994e+04	1.985801e+04
2	1975.785274	6.548437e-13	8.488000e-01	3.459276e-17	5.408000e+04	3.501600e+04
2	1837.158889	3.318795e-11	9.784000e-01	3.318795e-11	4.553000e+04	7.030000e+02
2	1009.249904	1.141802e-10	9.055000e-01	1.816716e-12	3.971500e+04	8.379000e+03
2	386.726339	4.976271e-07	7.694820e-01	2.574720e-10	5.873302e+04	9.196570e+03
2	2050.892772	1.958115e-12	9.136000e-01	1.296918e-31	1.163300e+04	3.011100e+04
2	2252.820171	1.116522e-13	8.164000e-01	1.219812e-28	1.553700e+04	1.833500e+04
2	61192.050224	1.646512e-07	9.325003e-01	8.676873e-12	4.766300e+04	1.770800e+04
2	1959.576677	1.151327e-10	9.406000e-01	9.553271e-32	3.688000e+03	2.810800e+04
2	953.258630	3.848724e-08	9.028001e-01	1.388242e-13	2.521700e+04	1.453100e+04
2	1982.599909	5.049491e-11	8.542000e-01	4.580363e-33	1.642000e+03	3.477878e+04
2	785.944431	1.756802e-11	9.217000e-01	2.118681e-27	1.580200e+04	3.656000e+03
2	385.918459	9.115590e-10	9.325000e-01	7.210113e-28	6.157000e+03	7.664000e+03
2	481.194361	7.084340e-13	7.543000e-01	1.207493e-13	8.307000e+03	2.837200e+04
2	-1.000000	-1.000000e+00	-1.000000e+00	-1.000000e+00	-1.000000e+00	-1.000000e+00
2	1105.180911	5.532685e-11	8.812000e-01	9.031980e-13	2.089000e+03	5.402600e+04
2	1744.909631	1.055578e-09	8.542000e-01	3.070605e-17	3.532000e+04	3.514000e+04
2	404.710704	4.032040e-09	9.328316e-01	4.032040e-09	2.554047e+03	5.094827e+04
2	2183.526634	3.066863e-13	7.759000e-01	3.066863e-13	1.246100e+04	1.740000e+02
2	935.824549	4.414448e-13	9.703000e-01	4.329962e-13	2.203200e+04	5.709700e+04
2	2885.737425	6.979470e-17	8.164000e-01	3.903371e-22	3.291100e+04	4.958500e+04
2	751.752949	1.345706e-08	9.298000e-01	1.448776e-11	2.696000e+04	3.115000e+03
2	4517.110069	9.999999e-06	8.704059e-01	1.271585e-11	5.519500e+04	4.697200e+04
2	1990.343736	3.850907e-11	8.650000e-01	4.778846e-28	2.565000e+03	1.530500e+04
2	711.763480	1.850719e-14	9.622000e-01	7.290860e-20	3.249500e+04	4.584700e+04
2	3902.696041	4.900000e-16	9.649000e-01	5.741946e-22	2.673300e+04	5.797200e+04
2	2095.949074	1.681235e-12	8.407000e-01	1.949152e-30	9.542000e+03	2.160400e+04
2	2672.187929	3.716059e-16	8.461000e-01	1.739451e-32	2.968700e+04	3.330300e+04
2	2667.983465	8.661946e-16	7.570000e-01	9.639467e-30	2.600600e+04	2.635800e+04
2	2055.744622	2.795067e-12	7.516000e-01	2.795067e-12	6.750000e+03	3.973000e+03
2	2295.300275	6.138654e-14	7.867000e-01	6.138654e-14	1.644000e+04	5.016000e+03
2	380.185148	1.728502e-10	9.445682e-01	1.466819e-12	1.054800e+04	5.374000e+03
2	428.339039	8.849375e-09	9.331228e-01	8.849375e-09	6.360182e+02	4.088005e+04
2	1791.277159	4.407217e-10	8.110000e-01	3.517042e-18	3.830200e+04	4.161700e+04
2	2276.979925	5.491846e-14	8.596000e-01	7.749072e-32	1.818600e+04	3.005400e+04
2	-1.000000	-1.000000e+00	-1.000000e+00	-1.000000e+00	-1.000000e+00	-1.000000e+00
2	447.241141	3.319958e-07	7.625618e-01	5.429115e-12	2.549900e+04	1.815501e+04
2	992.364762	8.463801e-15	7.570000e-01	2.235645e-17	1.711900e+04	4.831000e+04
2	1758.782416	4.772482e-11	9.973000e-01	3.467145e-17	3.259000e+04	3.303500e+04
2	420.011791	3.389987e-09	7.678001e-01	3.389987e-09	4.775200e+04	2.916000e+03
2	2258.807985	1.011515e-13	8.137000e-01	1.011515e-13	1.571400e+04	2.818000e+03
2	1558.449127	2.168053e-11	8.677000e-01	1.474800e-15	4.483300e+04	2.580100e+04
2	4685.752360	4.188888e-08	7.867000e-01	6.133974e-14	5.905600e+04	5.847300e+04
2	4597.925449	8.230033e-06	9.109087e-01	1.885525e-12	5.517300e+04	5.233800e+04
2	406.512270	4.152755e-10	9.385310e-01	4.152755e-10	7.842053e+03	4.263702e+04
2	32194.011632	7.200000e-16	9.217000e-01	6.797480e-22	4.273800e+04	5.612400e+04
2	2319.532607	1.239818e-15	9.244000e-01	4.504398e-33	2.983600e+04	3.773800e+04
2	391.403378	1.000000e-05	7.703233e-01	1.883567e-09	3.826599e+04	4.393002e+03
2	1989.751648	2.582303e-11	8.029000e-01	4.299580e-34	2.260000e+03	4.158300e+04
2	3199.059963	1.867100e-17	8.299000e-01	7.294417e-22	3.572300e+04	5.581000e+04
2	923.947934	1.020649e-09	9.163000e-01	1.925805e-12	3.387700e+04	8.111000e+03
2	3414.800385	6.205950e-17	8.650000e-01	1.713019e-20	3.209800e+04	5.074000e+04
2	384.063229	9.984860e-10	9.372553e-01	3.381143e-12	6.066355e+03	1.159051e+03
2	3325.463431	5.099833e-16	9.784000e-01	1.370244e-18	2.309300e+04	4.061000e+04
2	561.946206	8.453441e-09	9.675999e-01	1.639158e-13	2.478000e+03	1.280100e+04
2	2910.442607	2.099758e-16	7.759000e-01	1.836134e-19	2.152300e+04	5.039200e+04
2	-1.000000	-1.000000e+00	-1.000000e+00	-1.000000e+00	-1.000000e+00	-1.000000e+00
2	1062.747978	7.396441e-12	7.408000e-01	7.019851e-13	4.312000e+03	4.840300e+04
2	2086.764221	3.803502e-13	9.217000e-01	3.167373e-33	1.604800e+04	3.568900e+04
2	990.794872	7.896406e-11	8.677000e-01	6.117426e-12	4.160300e+04	5.996000e+03
2	2369.893431	4.722105e-11	9.082000e-01	2.182893e-19	4.178100e+04	4.554400e+04
2	2030.655955	8.848062e-12	8.758000e-01	1.238267e-29	6.423000e+03	2.072900e+04
2	2331.133387	3.880503e-14	7.921000e-01	2.819233e-29	1.762000e+04	1.983300e+04
2	2121.035551	7.616964e-15	9.919000e-01	3.029127e-17	5.753400e+04	3.340900e+04
2	2157.211411	5.294800e-14	9.190000e-01	1.696392e-36	2.061800e+04	5.321800e+04
2	2211.005342	1.217199e-13	8.758000e-01	2.890848e-33	1.675500e+04	3.580900e+04
2	3897.981047	1.700000e-16	9.946000e-01	4.327665e-21	2.230100e+04	5.353100e+04
2	1900.629953	2.408166e-10	9.649010e-01	1.917642e-30	4.634000e+03	2.171000e+04
2	36261.075428	4.547784e-16	8.407000e-01	2.037988e-35	4.121200e+04	4.921300e+04
2	4512.281747	2.322225e-11	8.677011e-01	2.322225e-11	4.605600e+04	4.738600e+04
2	-1.000000	-1.000000e+00	-1.000000e+00	-1.000000e+00	-1.000000e+00	-1.000000e+00
2	2808.424987	1.816967e-16	7.948000e-01	2.230762e-21	3.024700e+04	2.657900e+04
2	393.238686	6.111681e-08	7.678703e-01	1.171555e-10	3.281101e+04	1.101701e+04
2	421.504073	7.830567e-09	9.326724e-01	7.830567e-09	9.510090e+02	5.456904e+04
2	1423.246781	1.424226e-13	7.786000e-01	1.424226e-13	1.445300e+04	5.563000e+04
2	1110.361860	3.109649e-09	7.948000e-01	1.195344e-14	3.368600e+04	2.313200e+04
2	2076.176576	2.126178e-12	8.839000e-01	6.669993e-32	1.012800e+04	3.286000e+04
2	168137.582293	9.815354e-17	7.462000e-01	4.754636e-34	4.483000e+04	4.720500e+04
2	965.757823	4.765961e-11	7.759000e-01	1.456884e-11	2.980000e+02	4.428000e+04
2	551.855729	2.065734e-10	7.613314e-01	2.065734e-10	4.959500e+04	9.462001e+03
2	3201.371828	5.732448e-12	8.974000e-01	1.753731e-27	1.859600e+04	4.767000e+03
2	4434.520271	1.585253e-10	7.948241e-01	1.585253e-10	4.134500e+04	4.401000e+04
2	408.360975	4.411808e-11	7.676153e-01	4.411808e-11	5.140901e+04	1.339703e+04
2	502.605899	1.000000e-05	7.651396e-01	3.847716e-12	5.036800e+04	1.929500e+04
2	974.060700	2.533247e-09	9.568000e-01	2.449491e-13	2.983300e+04	1.263400e+04
2	2191.485738	2.828599e-13	7.921000e-01	8.268723e-34	1.290800e+04	4.271800e+04
2	402.707373	2.089369e-09	9.811000e-01	3.541809e-11	7.192000e+03	2.900000e+02
2	2269.923834	3.797428e-14	8.785000e-01	8.304717e-32	1.964200e+04	2.075200e+04
2	2795.132116	2.273842e-16	7.786000e-01	6.621654e-36	2.944800e+04	5.237900e+04
2	383.749535	4.634052e-10	9.340130e-01	4.634052e-10	7.773002e+03	5.114802e+04
2	597.983882	4.725067e-10	7.565441e-01	1.847943e-14	4.051848e+04	3.150245e+04
2	2175.434172	3.404299e-13	8.515000e-01	5.831603e-32	1.361500e+04	3.215300e+04
2	392.947740	8.080320e-06	7.703567e-01	2.108386e-09	5.309686e+04	4.120747e+03
2	398.907231	1.000000e-05	7.704493e-01	3.031428e-09	3.745509e+04	3.243675e+03
2	2671.742692	5.510426e-16	8.272000e-01	8.886704e-36	2.830100e+04	5.058400e+04
2	760.702861	2.185358e-07	7.714195e-01	1.344449e-12	2.343599e+04	1.349298e+04
2	2430.620122	1.600000e-16	9.352000e-01	1.976747e-36	3.505200e+04	5.012900e+04
2	4425.880751	1.000000e-05	7.894465e-01	5.977531e-11	4.769100e+04	4.113800e+04
2	2046.409816	4.203964e-12	8.812000e-01	4.203964e-12	8.077000e+03	8.530000e+02
2	1040.363646	2.336978e-11	7.786000e-01	2.652313e-12	2.065000e+03	4.872500e+04
2	890.767796	1.839922e-08	8.515000e-01	8.559114e-13	2.826100e+04	1.099800e+04
2	521.698827	5.515831e-10	7.603108e-01	3.597125e-13	4.086625e+04	2.464195e+04
2	3596.448427	6.399990e-16	9.514000e-01	7.315181e-20	2.174300e+04	4.748700e+04
2	500.307226	5.392310e-10	9.784000e-01	9.885461e-13	1.007300e+04	8.836000e+03
2	2140.899974	5.549048e-13	7.408000e-01	1.760214e-26	1.056500e+04	1.238200e+04
2	2165.745751	2.979528e-13	8.758000e-01	8.000786e-35	1.460200e+04	4.387100e+04
2	2053.213994	3.525451e-07	8.677012e-01	4.285473e-12	5.859000e+04	6.912000e+03
2	79268.048332	2.395167e-08	9.649001e-01	1.591948e-11	5.428500e+04	1.625300e+04
2	2043.803452	6.021211e-12	8.623000e-01	9.387213e-30	6.978000e+03	2.259200e+04
2	1139.586449	2.056782e-09	9.406000e-01	3.000022e-14	3.118400e+04	1.775100e+04
2	2121.501987	1.169993e-13	9.568000e-01	2.129779e-36	2.186900e+04	5.060100e+04
2	2137.838438	5.944095e-13	7.786000e-01	5.944095e-13	1.079400e+04	6.620000e+03
2	627.882484	1.719726e-10	7.553256e-01	5.108340e-15	4.284733e+04	3.446515e+04
2	1112.673537	4.208727e-10	8.974000e-01	1.335772e-13	3.665400e+04	1.470000e+04
2	1169.043551	2.290814e-12	7.678000e-01	4.277997e-13	7.498000e+03	5.274400e+04
2	5852.792061	2.985072e-06	7.975047e-01	3.006985e-14	3.458300e+04	3.120900e+04
2	-1.000000	-1.000000e+00	-1.000000e+00	-1.000000e+00	-1.000000e+00	-1.000000e+00
2	390.752260	1.403446e-10	9.360342e-01	5.292422e-11	1.060600e+04	5.087000e+04
2	388.750813	1.069431e-06	7.693590e-01	2.063419e-10	5.834327e+04	9.730616e+03
2	1549.307520	1.103684e-11	9.433000e-01	1.103684e-11	4.741400e+04	3.533000e+03
2	607.790918	1.844709e-09	7.544621e-01	6.465180e-15	3.674804e+04	3.372201e+04
2	20585.508393	6.934082e-07	8.434009e-01	2.918698e-13	4.246600e+04	2.582500e+04
2	1581.656450	1.770707e-09	9.784000e-01	1.418103e-16	2.890600e+04	2.992600e+04
2	410.282623	2.316703e-11	7.435000e-01	1.925212e-11	1.161000e+03	1.771100e+04
2	815.729672	6.593689e-16	9.487000e-01	2.817297e-18	4.032100e+04	3.622400e+04
2	1975.998317	5.042641e-11	8.137000e-01	9.478598e-26	8.270000e+02	5.297000e+03
2	1261.250304	1.752958e-12	8.002000e-01	7.118743e-14	8.639000e+03	5.877500e+04
2	-1.000000	-1.000000e+00	-1.000000e+00	-1.000000e+00	-1.000000e+00	-1.000000e+00
2	410.817721	1.000000e-05	7.705541e-01	5.262704e-09	3.423198e+04	1.910960e+03
2	2213.167512	1.655025e-13	8.569000e-01	3.370408e-34	1.547600e+04	4.280800e+04
2	2408.501589	5.438566e-15	8.704000e-01	1.596988e-34	2.402700e+04	4.572500e+04
2	504.977886	1.259079e-13	7.516000e-01	2.923971e-14	1.272000e+04	3.188700e+04
2	2173.104950	1.532293e-13	8.920000e-01	2.503712e-29	1.678000e+04	1.705100e+04
2	2772.601039	1.478960e-13	9.352000e-01	2.551519e-20	5.541000e+04	5.007200e+04
2	4681.834327	4.044924e-07	8.838998e-01	1.656018e-13	5.278300e+04	5.819000e+04
2	898.033771	1.119339e-07	8.839001e-01	2.157620e-13	2.306100e+04	1.373400e+04
2	2350.502850	2.402280e-14	8.407000e-01	3.117105e-31	1.968700e+04	2.652000e+04
2	620.607663	1.082710e-12	7.408000e-01	7.030669e-16	8.472000e+03	4.202500e+04
2	4967.193841	1.972303e-08	8.110000e-01	1.662482e-10	5.973400e+04	1.051000e+04
2	2700.978878	5.236048e-16	8.029000e-01	9.899546e-33	2.792700e+04	3.688900e+04
2	2058.934798	2.054851e-12	9.055000e-01	3.810530e-31	1.109300e+04	2.700000e+04
2	2232.286255	1.454038e-13	8.326000e-01	3.345851e-35	1.522600e+04	4.819900e+04
2	389.935521	4.214942e-08	7.683740e-01	1.616808e-10	3.448203e+04	1.026205e+04
2	2200.141497	2.139591e-13	8.542000e-01	4.201468e-30	1.479300e+04	2.417100e+04
2	3720.250475	4.760700e-20	7.651000e-01	7.001658e-22	4.838100e+04	5.669900e+04
2	2212.109463	2.029369e-13	7.894000e-01	2.029369e-13	1.365100e+04	1.490000e+02
2	2285.593509	6.389522e-14	7.678000e-01	6.389522e-14	1.591500e+04	1.275900e+04
2	2704.165014	6.022865e-16	7.408000e-01	6.955471e-33	2.662500e+04	4.288200e+04
2	50273.514394	4.538100e-08	9.163001e-01	1.459665e-11	5.314100e+04	1.645200e+04
2	857.938693	1.985766e-15	7.462000e-01	1.985766e-15	2.328700e+04	3.785200e+04
2	82651.802802	5.394822e-08	9.541001e-01	1.278893e-12	5.057500e+04	2.231600e+04
2	4302.308013	2.567968e-09	8.347988e-01	2.567968e-09	3.334300e+04	4.534200e+04
2	2012.651596	1.617528e-11	8.893000e-01	9.879388e-27	5.407000e+03	4.326000e+03
2	2214.638310	1.739689e-13	8.029000e-01	1.739689e-13	1.401700e+04	9.752000e+03
2	2064.408724	1.512553e-12	9.082000e-01	1.204923e-34	1.197000e+04	4.596000e+04
2	2260.626847	8.734455e-14	8.434000e-01	4.571479e-32	1.667600e+04	3.168100e+04
2	3147.951149	5.654087e-07	8.650009e-01	3.653539e-18	4.533600e+04	3.992500e+04
2	410.910327	1.817978e-06	7.654443e-01	3.445791e-11	2.247096e+04	1.384403e+04
2	1712.785107	5.390047e-10	9.028000e-01	5.153964e-29	7.614000e+03	1.162300e+04
2	735.547311	1.414492e-15	9.514000e-01	1.414492e-15	3.856500e+04	2.140000e+04
2	2010.948581	3.757055e-13	8.083000e-01	3.524835e-18	5.622500e+04	4.175100e+04
2	1692.557237	2.531201e-09	8.677000e-01	4.846654e-17	3.284500e+04	3.377900e+04
2	388.424934	2.005834e-07	7.705008e-01	1.437129e-09	5.109000e+04	5.051000e+03
2	2751.098788	5.385067e-16	7.921000e-01	5.650842e-18	1.467000e+04	4.149400e+04
2	421.623363	3.144723e-11	9.352000e-01	9.025299e-16	1.435700e+04	1.924300e+04
2	402.971848	7.381732e-11	7.685894e-01	7.381732e-11	5.408399e+04	1.220862e+04
2	755.870752	3.649609e-11	9.649000e-01	5.530361e-17	1.494800e+04	3.116400e+04
2	-1.000000	-1.000000e+00	-1.000000e+00	-1.000000e+00	-1.000000e+00	-1.000000e+00
2	399.573614	1.000000e-05	7.704587e-01	3.142959e-09	4.517573e+04	3.156472e+03
2	2006.437880	8.970835e-12	9.541000e-01	4.823526e-34	1.099500e+04	3.925300e+04
2	979.800514	1.416039e-09	9.892000e-01	1.343358e-13	2.773600e+04	1.380500e+04
2	2562.224973	5.659400e-17	9.190000e-01	4.010177e-23	3.675000e+04	5.750600e+04
2	4599.251568	4.578066e-06	9.459959e-01	2.092245e-12	5.435100e+04	5.242800e+04
2	3278.346701	9.999690e-17	8.488000e-01	4.014349e-19	2.823000e+04	4.468300e+04
2	401.102917	4.431215e-06	7.688317e-01	8.737348e-11	5.226802e+04	1.180297e+04
2	562.553845	4.868312e-09	7.571913e-01	5.961126e-14	3.478800e+04	2.870600e+04
2	459.597209	4.522103e-10	7.651000e-01	4.306275e-12	4.287600e+04	1.890100e+04
2	2040.291168	3.960662e-12	7.327000e-01	7.015959e-24	5.760000e+03	6.103000e+03
2	1268.978947	6.942406e-13	9.163000e-01	3.116690e-13	5.227600e+04	1.247200e+04
2	803.947349	3.715778e-09	8.326000e-01	8.065135e-11	3.262200e+04	4.680000e+02
2	2427.639043	4.100034e-15	8.704000e-01	1.219892e-27	2.470100e+04	9.473000e+03
2	670.616575	6.511153e-11	7.584928e-01	6.511153e-11	5.164300e+04	1.209800e+04
2	541.053527	2.510920e-09	7.587910e-01	1.574449e-13	3.674948e+04	2.651318e+04
2	3932.898304	2.264005e-12	8.947000e-01	1.771460e-27	2.084000e+04	8.210000e+02
2	2481.395955	6.171161e-15	7.894000e-01	6.171161e-15	2.190500e+04	9.298000e+03
2	2242.909943	1.293295e-13	7.867000e-01	4.691833e-34	1.468200e+04	4.324300e+04
2	666.614434	5.013778e-11	7.523702e-01	8.539834e-17	4.545459e+04	4.368644e+04
2	4150.764019	4.878166e-11	8.866000e-01	1.052768e-29	1.345600e+04	1.600100e+04
2	2139.159724	5.914133e-13	8.677000e-01	5.385042e-33	1.271100e+04	3.515300e+04
2	-1.000000	-1.000000e+00	-1.000000e+00	-1.000000e+00	-1.000000e+00	-1.000000e+00
2	1591.169113	8.852901e-10	9.811001e-01	2.263399e-13	2.681000e+03	5.859800e+04
2	2610.298313	5.686798e-16	8.569000e-01	3.033695e-31	2.898200e+04	2.512900e+04
2	2030.024315	8.414432e-12	8.380000e-01	6.681713e-32	5.613000e+03	3.279500e+04
2	769.337389	1.864757e-17	9.595000e-01	3.766162e-19	4.880100e+04	4.169400e+04
2	2487.718476	2.555693e-15	8.596000e-01	2.471973e-35	2.549700e+04	4.731100e+04
2	2095.701688	1.552343e-11	8.758000e-01	4.644284e-18	4.546400e+04	3.907700e+04
2	2068.289659	3.058295e-12	8.677000e-01	5.111015e-32	8.755000e+03	3.188400e+04
2	615.338333	8.167101e-07	7.640303e-01	3.349855e-13	5.993484e+04	2.517900e+04
2	392.148469	4.828781e-07	7.680041e-01	1.327418e-10	2.792899e+04	1.071997e+04
2	-1.000000	-1.000000e+00	-1.000000e+00	-1.000000e+00	-1.000000e+00	-1.000000e+00
2	1081.981041	1.097525e-07	8.191002e-01	8.419668e-15	2.439700e+04	2.288300e+04
2	2268.695635	6.561076e-14	8.569000e-01	4.462827e-31	1.768900e+04	2.511200e+04
2	959.921358	1.240074e-09	8.623000e-01	1.324163e-12	3.478800e+04	9.756000e+03
2	-1.000000	-1.000000e+00	-1.000000e+00	-1.000000e+00	-1.000000e+00	-1.000000e+00
2	2339.533972	5.833699e-16	9.892000e-01	1.006943e-21	4.366200e+04	5.662500e+04
2	70120.421333	1.713174e-08	9.568000e-01	5.624984e-11	5.658400e+04	1.321100e+04
2	1258.016732	2.714426e-11	8.272000e-01	5.920399e-14	4.508100e+04	1.798500e+04
2	2044.323701	2.149203e-12	9.433000e-01	3.464245e-30	1.342100e+04	2.192000e+04
2	2707.144184	3.202067e-16	8.353000e-01	2.646433e-34	2.976400e+04	4.357900e+04
2	438.306580	2.169947e-09	7.643285e-01	8.511348e-12	3.863301e+04	1.719902e+04
2	2830.310198	1.533401e-16	7.867000e-01	3.019939e-36	3.049900e+04	5.343500e+04
2	2143.278395	6.530104e-13	8.110000e-01	1.246944e-32	1.123100e+04	3.376600e+04
2	491.880891	5.561515e-09	7.610818e-01	9.716898e-13	3.526900e+04	2.226356e+04
2	776.597518	2.891686e-10	7.624000e-01	5.430740e-15	4.297200e+04	3.488500e+04
2	394.259462	1.025741e-10	9.369628e-01	1.025741e-10	1.133198e+04	4.818400e+04
2	610.538281	1.384375e-11	7.543000e-01	6.469209e-13	4.904700e+04	2.264300e+04
2	-1.000000	-1.000000e+00	-1.000000e+00	-1.000000e+00	-1.000000e+00	-1.000000e+00
2	2211.649899	1.938086e-13	7.867000e-01	1.938086e-13	1.367500e+04	6.405000e+03
2	2276.187433	2.115449e-14	8.893000e-01	1.327640e-35	2.144100e+04	4.999100e+04
2	2342.969713	8.196734e-16	9.460153e-01	3.378217e-36	3.233600e+04	4.975200e+04
2	2036.823074	7.325867e-12	8.569000e-01	1.527303e-27	6.370000e+03	8.432000e+03
2	4635.988371	4.770136e-13	9.379000e-01	4.770136e-13	5.321000e+04	5.902400e+04
2	431.979490	1.064102e-08	9.327750e-01	1.000000e-08	2.039785e+02	4.356198e+04
2	1113.307095	8.313721e-12	7.516000e-01	2.825698e-13	4.177000e+03	5.243500e+04
2	4617.371514	1.156474e-12	9.028000e-01	1.156474e-12	5.237200e+04	5.605700e+04
2	1585.383719	3.843946e-14	7.759000e-01	3.843946e-14	8.594000e+03	3.055300e+04
2	2192.009715	2.840647e-13	8.245000e-01	8.951687e-33	1.346700e+04	3.765700e+04
2	1972.002931	5.891694e-11	9.352000e-01	3.816462e-29	4.878000e+03	1.573800e+04
2	1406.040400	1.301870e-10	9.082000e-01	1.818000e-28	1.102700e+04	9.223000e+03
2	2362.706786	9.740396e-15	8.164000e-01	9.740396e-15	8.946000e+03	2.271000e+04
2	2542.393087	1.851966e-12	9.622000e-01	1.105975e-19	4.756500e+04	4.645900e+04
2	568.141842	1.093181e-08	7.561112e-01	3.813061e-14	3.257198e+04	2.964906e+04
2	-1.000000	-1.000000e+00	-1.000000e+00	-1.000000e+00	-1.000000e+00	-1.000000e+00
2	2649.502026	9.774128e-16	7.894000e-01	2.581058e-35	2.622900e+04	4.925200e+04
2	437.586025	1.000000e-05	7.700435e-01	9.950554e-09	5.260094e+04	2.670316e+02
2	2147.997532	1.064986e-16	7.705000e-01	1.064986e-16	1.912400e+04	4.446100e+04
2	1307.706464	1.656541e-09	9.865000e-01	2.232138e-15	2.789200e+04	2.346000e+04
2	-1.000000	-1.000000e+00	-1.000000e+00	-1.000000e+00	-1.000000e+00	-1.000000e+00
2	631.077190	2.323124e-11	9.252220e-01	5.716647e-12	1.510001e+04	5.860900e+04
2	405.300407	4.596269e-11	9.378676e-01	3.468638e-12	1.326015e+04	5.627500e+04
2	1277.866332	4.435218e-13	8.974000e-01	4.435218e-13	5.415400e+04	1.181500e+04
2	4628.442906	9.072927e-13	8.569000e-01	9.072927e-13	5.363900e+04	5.712400e+04
2	2372.319792	8.513314e-15	8.731000e-01	3.173341e-36	2.304400e+04	5.209700e+04
2	4059.249548	2.968269e-06	7.300000e-01	9.945258e-09	1.734594e+04	3.584592e+04
2	1998.757927	2.856781e-11	8.974000e-01	3.710070e-30	4.342000e+03	2.296200e+04
2	1091.011800	7.246467e-12	9.811000e-01	1.372406e-16	2.046300e+04	2.970700e+04
2	1564.004383	2.646270e-13	9.946000e-01	2.446457e-15	4.750400e+04	2.320400e+04
2	2139.414066	6.409553e-13	8.380000e-01	6.409553e-13	1.171400e+04	3.279000e+03
2	1487.211748	3.316601e-13	8.866000e-01	2.091177e-14	5.499500e+04	1.925400e+04
2	1919.445790	2.548879e-11	8.002000e-01	9.479913e-19	4.565900e+04	4.517200e+04
2	400.775364	1.100122e-10	9.387947e-01	1.100122e-10	1.107701e+04	4.627702e+04
2	755.823593	1.934157e-15	7.543000e-01	8.478046e-17	2.170900e+04	4.537200e+04
2	34050.701751	3.444670e-07	8.542004e-01	6.700539e-15	4.499800e+04	3.485000e+04
2	405.306976	4.160361e-09	9.328074e-01	4.160361e-09	2.479007e+03	5.744818e+04
2	500.395956	4.842998e-12	7.489000e-01	2.987182e-14	4.311000e+03	3.215400e+04
2	2288.766158	1.785103e-11	8.515000e-01	3.085520e-19	4.562700e+04	4.590400e+04
2	785.431970	5.785876e-09	9.649000e-01	5.202261e-12	2.724200e+04	5.264000e+03
2	622.348129	2.383391e-11	9.730000e-01	2.216266e-14	1.683900e+04	1.765200e+04
2	1576.348097	8.012296e-15	7.732000e-01	8.012296e-15	6.320000e+03	3.426700e+04
2	4661.373750	2.276498e-13	9.973000e-01	2.276498e-13	4.974700e+04	5.913000e+04
2	4261.789456	1.000000e-05	7.868248e-01	3.404633e-09	4.746200e+04	3.088400e+04
2	1255.460565	1.991911e-12	8.056000e-01	7.822426e-14	8.423000e+03	5.870700e+04
2	2149.737691	7.990099e-14	9.433000e-01	3.196088e-32	2.122500e+04	3.352100e+04
2	22434.035882	8.941445e-07	8.434011e-01	9.427892e-14	4.103600e+04	2.853300e+04
2	2020.618993	1.026569e-11	8.218000e-01	2.952307e-28	4.817000e+03	1.560600e+04
2	2258.914012	1.173405e-14	7.894000e-01	1.173405e-14	1.207000e+04	2.346900e+04
2	393.925469	1.037591e-10	9.365244e-01	1.626555e-11	1.132407e+04	5.333417e+04
2	2018.957259	4.788780e-07	9.109012e-01	8.967103e-12	5.205500e+04	4.542000e+03
2	383.937054	1.000000e-05	7.699827e-01	7.342793e-10	3.436822e+04	6.667288e+03
2	402.105555	3.550168e-09	9.328815e-01	3.550168e-09	2.861000e+03	4.991600e+04
2	2019.947349	9.772487e-12	8.083000e-01	2.043305e-26	4.695000e+03	7.498000e+03
2	3718.486927	1.686487e-13	9.028000e-01	8.073564e-29	2.706500e+04	8.834000e+03
2	2621.629988	2.798214e-16	8.704000e-01	3.099845e-36	3.108300e+04	4.977600e+04
2	2387.250624	2.128670e-15	8.947000e-01	7.113424e-30	2.715900e+04	2.041700e+04
2	460.159419	2.703301e-09	7.630041e-01	3.394851e-12	3.760998e+04	1.935392e+04
2	2061.274863	1.130868e-12	7.516000e-01	1.130868e-12	7.238000e+03	1.386900e+04
2	2841.816007	2.252864e-16	8.164000e-01	7.070832e-23	3.005500e+04	5.882800e+04
2	1513.167336	4.962573e-11	9.109000e-01	1.842673e-15	4.162100e+04	2.463200e+04
2	58623.463232	2.482323e-08	9.001001e-01	4.950307e-14	5.548400e+04	3.009800e+04
2	-1.000000	-1.000000e+00	-1.000000e+00	-1.000000e+00	-1.000000e+00	-1.000000e+00
2	3216.986461	1.213599e-17	8.596000e-01	6.638551e-22	3.743900e+04	5.585800e+04
2	2764.650308	3.124016e-16	7.759000e-01	2.819586e-31	2.866600e+04	3.355500e+04
2	385.303586	1.000000e-05	7.701078e-01	9.978776e-10	3.728601e+04	5.926960e+03
2	-1.000000	-1.000000e+00	-1.000000e+00	-1.000000e+00	-1.000000e+00	-1.000000e+00
2	393.010514	7.240798e-10	7.680000e-01	1.148914e-10	4.391495e+04	1.107403e+04
2	1019.853451	4.525459e-08	9.460001e-01	3.558885e-14	2.323400e+04	1.729100e+04
2	4607.893841	1.402271e-12	9.001000e-01	1.402271e-12	5.177100e+04	5.590300e+04
2	2374.517773	1.844756e-12	8.704000e-01	4.617327e-19	5.096900e+04	4.451800e+04
2	26763.058225	1.600383e-08	8.838999e-01	6.597942e-09	5.981500e+04	1.695000e+03
2	2232.127461	2.237788e-13	9.541000e-01	5.862999e-18	5.345900e+04	3.749500e+04
2	2281.861296	6.856364e-14	8.326000e-01	1.142744e-29	1.701600e+04	1.820500e+04
2	2066.596155	3.217341e-12	8.326000e-01	5.652658e-31	7.816000e+03	2.867300e+04
2	1376.511638	3.953489e-10	8.947000e-01	4.062384e-15	3.686900e+04	2.298400e+04
2	1114.984418	4.370049e-11	9.217000e-01	3.789433e-13	4.161100e+04	1.194000e+04
2	1256.595167	1.901242e-16	9.757000e-01	1.600241e-20	4.374400e+04	4.990600e+04
2	2185.155282	1.171313e-13	8.920000e-01	2.095989e-34	1.742800e+04	3.987100e+04
2	4297.790770	1.000000e-05	7.841678e-01	1.324230e-09	3.587500e+04	3.313600e+04
2	2271.688043	8.275160e-14	8.245000e-01	2.786726e-35	1.640400e+04	4.785100e+04
2	2056.631437	3.912299e-12	8.191000e-01	4.930110e-32	7.088000e+03	3.095400e+04
2	2571.743996	6.285685e-14	9.433000e-01	2.937391e-19	5.723700e+04	4.444300e+04
2	436.796920	1.185567e-09	7.645140e-01	9.138301e-12	4.021593e+04	1.703904e+04
2	2453.545249	7.222930e-16	8.947000e-01	4.388631e-33	2.973400e+04	3.568900e+04
2	556.229238	1.914554e-12	9.352000e-01	1.069583e-16	2.113300e+04	2.475100e+04
2	2209.704112	1.416649e-13	8.704000e-01	1.372624e-35	1.622300e+04	4.625600e+04
2	3327.950487	8.899976e-16	9.325000e-01	4.401944e-19	2.440500e+04	4.326300e+04
2	1995.620526	3.216689e-11	8.731000e-01	6.928620e-34	3.222000e+03	4.004200e+04
2	796.428207	3.018984e-09	9.703001e-01	1.664122e-15	5.071000e+03	2.365700e+04
2	2166.539733	4.223599e-07	9.028012e-01	4.234222e-13	5.747700e+04	1.195000e+04
2	3757.182057	4.217236e-13	7.329510e-01	1.062031e-14	5.847200e+04	3.828600e+04
2	383.933331	7.193402e-10	9.336484e-01	7.193402e-10	6.714981e+03	5.234399e+04
2	1852.310288	1.048607e-09	8.812000e-01	1.370660e-17	3.473600e+04	3.646100e+04
2	4551.902110	7.874435e-06	8.191125e-01	3.481814e-12	5.787700e+04	4.925500e+04
2	2188.995289	2.512224e-13	7.678000e-01	2.512224e-13	1.264700e+04	9.838000e+03
2	2765.975536	5.323192e-16	7.975000e-01	7.653432e-18	1.462300e+04	4.050200e+04
2	2317.720630	3.025375e-11	9.514000e-01	4.433413e-19	4.118300e+04	4.340600e+04
2	557.062311	1.899798e-10	7.624000e-01	2.022308e-13	4.407900e+04	2.618000e+04
2	2298.680804	5.950513e-14	8.002000e-01	1.362785e-35	1.674300e+04	4.956200e+04
2	382.118373	1.790242e-10	9.406000e-01	2.856676e-12	1.031700e+04	2.755000e+03
2	1846.836996	6.848766e-10	9.406000e-01	1.843817e-17	3.389900e+04	3.497800e+04
2	3378.540968	5.905557e-16	8.731000e-01	3.960481e-19	9.413000e+03	4.487600e+04
2	1174.042317	5.464654e-09	7.786001e-01	6.879627e-16	3.251300e+04	3.095300e+04
2	1517.211781	2.457995e-09	8.758000e-01	3.699167e-16	3.274500e+04	2.888600e+04
2	2379.490917	5.882992e-16	9.163000e-01	2.727621e-33	3.118600e+04	3.771200e+04
2	2429.346510	9.521113e-15	8.272000e-01	9.521113e-15	2.157400e+04	8.905000e+03
2	758.313076	6.740213e-14	9.379000e-01	5.674795e-18	2.921900e+04	3.302800e+04
2	483.903535	8.383753e-09	9.405994e-01	3.507237e-12	5.680000e+02	5.599200e+04
2	1229.965692	2.517932e-09	9.406000e-01	8.776978e-15	3.067300e+04	2.064300e+04
2	2052.198974	4.695236e-12	8.434000e-01	2.704691e-31	7.132000e+03	2.933900e+04
2	2099.782572	4.200784e-13	9.514000e-01	1.481824e-32	1.804700e+04	3.126800e+04
2	4178.824781	1.000000e-05	7.488875e-01	9.897661e-09	4.697031e+04	2.559892e+04
2	2124.223227	8.093867e-13	7.651000e-01	3.197891e-28	9.996000e+03	1.423200e+04
2	1631.204587	3.102885e-10	8.974000e-01	2.484410e-16	3.739100e+04	2.948200e+04
2	385.822493	2.877375e-10	7.695165e-01	2.877375e-10	5.526723e+04	8.926784e+03
2	2060.265428	3.653373e-12	8.245000e-01	7.763725e-32	7.353000e+03	3.182000e+04
2	2533.950500	2.314597e-15	8.380000e-01	4.198384e-33	2.516800e+04	3.608800e+04
2	3143.134277	7.000000e-16	9.811000e-01	3.077704e-21	3.302600e+04	5.285700e+04
2	22733.284650	5.247392e-07	8.353007e-01	7.767446e-15	4.314700e+04	3.448700e+04
2	2018.611538	1.323856e-11	8.812000e-01	1.110768e-31	5.616000e+03	3.099900e+04
2	-1.000000	-1.000000e+00	-1.000000e+00	-1.000000e+00	-1.000000e+00	-1.000000e+00
2	400.737120	1.002919e-08	7.670457e-01	6.362315e-11	3.640292e+04	1.245707e+04
2	404.540011	5.724763e-11	7.679883e-01	5.724763e-11	5.150464e+04	1.278303e+04
2	4414.240551	5.387637e-06	8.029195e-01	9.642985e-11	5.940300e+04	4.040500e+04
2	1999.949965	1.383123e-10	9.271000e-01	7.117571e-18	3.846000e+04	3.732000e+04
2	1100.507865	3.567751e-12	7.678000e-01	1.961643e-12	6.433000e+03	4.888200e+04
2	1971.056401	5.002234e-11	7.759000e-01	1.004236e-26	2.370000e+02	6.165000e+03
2	4327.103385	1.402597e-16	7.813000e-01	1.402597e-16	1.488400e+04	4.387400e+04
2	793.259692	1.522614e-09	9.649000e-01	1.750457e-11	3.057600e+04	2.344000e+03
2	2118.863409	3.120971e-13	9.055000e-01	2.847498e-36	1.565400e+04	4.926900e+04
2	4461.885684	8.934030e-12	9.783973e-01	8.934030e-12	4.232000e+04	5.470400e+04
2	1718.415426	2.578099e-10	7.388783e-01	2.634275e-14	4.074800e+04	2.813600e+04
2	1196.219452	3.300302e-12	8.056000e-01	2.634753e-13	7.210000e+03	5.561700e+04
2	1603.840544	1.486699e-15	7.705000e-01	1.486699e-15	1.240000e+03	3.825100e+04
2	-1.000000	-1.000000e+00	-1.000000e+00	-1.000000e+00	-1.000000e+00	-1.000000e+00
2	3429.186105	3.399987e-16	9.514000e-01	3.635001e-19	2.480500e+04	4.378800e+04
2	2058.164961	3.771565e-12	8.191000e-01	2.372677e-32	7.176000e+03	3.360500e+04
2	19111.222985	3.218136e-08	8.461001e-01	1.850735e-12	5.635400e+04	2.139100e+04
2	71441.394043	3.218815e-07	8.866005e-01	2.029503e-16	4.360200e+04	4.312000e+04
2	-1.000000	-1.000000e+00	-1.000000e+00	-1.000000e+00	-1.000000e+00	-1.000000e+00
2	1902.689781	1.311979e-12	8.514999e-01	1.311979e-12	5.747600e+04	9.950000e+03
2	1034.652727	3.827372e-15	7.570000e-01	1.036143e-17	1.884400e+04	5.006700e+04
2	3115.211473	7.198815e-16	8.002000e-01	1.108492e-19	2.190400e+04	4.975400e+04
2	4521.313639	1.677068e-11	8.379985e-01	1.677068e-11	4.661800e+04	4.934600e+04
2	387.807213	7.741967e-06	7.691072e-01	8.074627e-10	2.126300e+04	6.368997e+03
2	1989.084494	1.753046e-11	7.408000e-01	1.753046e-11	2.161000e+03	1.834000e+03
2	47405.982034	4.213304e-08	8.569001e-01	1.180154e-16	5.265000e+04	4.437600e+04
2	2095.253331	4.819074e-13	9.514000e-01	1.289070e-32	1.771900e+04	3.222600e+04
2	415.275841	4.570638e-09	9.757000e-01	2.061821e-11	4.706000e+03	1.496000e+03
2	2151.083419	9.149194e-14	7.732000e-01	9.149194e-14	1.130700e+04	1.898600e+04
2	1936.276466	4.475276e-11	9.973000e-01	5.991681e-18	3.274000e+04	3.706300e+04
2	2258.208632	7.301479e-11	9.055000e-01	5.990293e-19	4.076900e+04	4.327800e+04
2	2107.300689	3.352232e-13	9.514000e-01	6.383908e-33	1.858600e+04	3.723200e+04
2	426.680990	6.680062e-11	7.654801e-01	1.473299e-11	4.784002e+04	1.593905e+04
2	28013.083626	9.434117e-08	8.542002e-01	9.173803e-14	5.034900e+04	2.860500e+04
2	2418.888341	1.510583e-15	8.920000e-01	2.469500e-34	2.786700e+04	4.256700e+04
2	448.184536	2.034619e-11	7.354000e-01	1.284756e-11	1.712000e+03	2.079400e+04
2	383.668867	8.852489e-06	7.699359e-01	6.519354e-10	5.884929e+04	6.954647e+03
2	456.964521	1.597723e-09	7.632904e-01	3.892952e-12	3.901599e+04	1.904117e+04
2	2013.118093	8.361305e-12	9.190000e-01	6.280266e-29	8.441000e+03	1.776300e+04
2	1925.339441	1.555525e-10	9.622000e-01	1.358569e-28	5.084000e+03	1.068800e+04
2	2143.360784	9.746297e-14	7.705000e-01	9.746297e-14	1.123900e+04	1.903500e+04
2	2117.587657	2.571260e-15	9.946000e-01	3.731683e-17	5.923400e+04	3.291000e+04
2	-1.000000	-1.000000e+00	-1.000000e+00	-1.000000e+00	-1.000000e+00	-1.000000e+00
2	1230.393536	1.026439e-12	8.218000e-01	5.905218e-13	1.029500e+04	5.400300e+04
2	1366.572398	9.032438e-13	9.190000e-01	2.144277e-27	2.297700e+04	2.120000e+02
2	2181.966011	2.970081e-14	9.406045e-01	2.438700e-33	2.335000e+04	3.761500e+04
2	2068.126890	1.029931e-12	9.136000e-01	3.937333e-30	1.318600e+04	2.120800e+04
2	2251.638406	5.753167e-14	8.758000e-01	1.668981e-28	1.855500e+04	1.328800e+04
2	2185.217061	3.107697e-13	8.353000e-01	1.887233e-29	1.347000e+04	1.623500e+04
2	3379.189410	2.299795e-16	9.325000e-01	7.273038e-19	2.084400e+04	4.252200e+04
2	3818.679381	6.369841e-11	8.893000e-01	6.369841e-11	1.279800e+04	4.953600e+04
2	1182.853187	3.223801e-12	8.326000e-01	6.067539e-13	7.759000e+03	5.418800e+04
2	1288.759178	9.010373e-13	9.946000e-01	2.405268e-16	2.846400e+04	2.853600e+04
2	946.125749	2.218452e-09	9.514000e-01	4.587254e-13	3.047500e+04	1.118900e+04
2	107145.103728	7.888089e-09	9.892000e-01	1.482483e-12	5.653600e+04	2.196600e+04
2	1666.706920	1.597969e-11	8.893000e-01	5.159304e-16	4.508400e+04	2.790300e+04
2	505.536031	4.711422e-11	7.616674e-01	7.075415e-13	4.736128e+04	2.310696e+04
2	385.175903	1.000000e-05	7.701009e-01	9.774258e-10	4.241801e+04	5.977021e+03
2	2798.187419	2.371673e-16	7.300000e-01	1.411169e-16	2.864300e+04	4.691700e+04
2	923.026750	1.355257e-13	7.624000e-01	2.384972e-15	8.806000e+03	3.718700e+04
2	4165.458928	1.509177e-07	7.300000e-01	9.611215e-09	2.471994e+04	3.757297e+04
2	2219.621813	1.801200e-13	8.245000e-01	1.801200e-13	1.454800e+04	1.900000e+01
2	77035.291427	1.749003e-08	9.028001e-01	1.373467e-15	5.605500e+04	3.862500e+04
2	2733.460278	4.491073e-16	7.462000e-01	2.537043e-36	2.738100e+04	5.882500e+04
2	1434.734907	2.632016e-13	9.109000e-01	2.632016e-13	1.685200e+04	5.686200e+04
2	2163.963881	5.839800e-14	9.136000e-01	2.973331e-36	2.009700e+04	5.187400e+04
2	1085.587245	4.182081e-11	9.703000e-01	3.181646e-13	3.914900e+04	1.190900e+04
2	1355.221355	6.664104e-11	7.407999e-01	8.492574e-12	4.417400e+04	1.405200e+04
2	391.966176	1.191105e-09	7.687413e-01	1.191105e-09	4.989600e+04	5.469007e+03
2	388.157248	2.963689e-10	9.568000e-01	6.343199e-12	9.840000e+03	3.417000e+03
2	4687.089020	1.354757e-07	9.027258e-01	1.568927e-13	5.068200e+04	5.856800e+04
2	2443.639799	1.481726e-15	8.056000e-01	1.481726e-15	8.424000e+03	2.767800e+04
2	2347.201243	2.746448e-14	8.299000e-01	2.746448e-14	1.912700e+04	4.687000e+03
2	4192.692759	1.000000e-05	7.575713e-01	1.000000e-08	2.997302e+04	2.648999e+04
2	4340.396091	2.689136e-06	8.408111e-01	8.766829e-10	5.991100e+04	3.579000e+04
2	2182.813687	1.830007e-13	8.812000e-01	8.700344e-27	1.595300e+04	6.396000e+03
2	63353.911344	1.738566e-07	8.839003e-01	7.530280e-16	4.687900e+04	4.003900e+04
2	2708.304823	4.630046e-16	8.083000e-01	5.379178e-19	2.831700e+04	1.530000e+02
2	4259.152685	1.230259e-08	8.163989e-01	1.000000e-08	3.016500e+04	3.365900e+04
2	398.711322	1.000000e-05	7.704480e-01	3.000432e-09	4.727203e+04	3.268569e+03
2	2014.450757	1.045044e-11	9.109000e-01	2.062926e-29	7.427000e+03	1.813000e+04
2	3154.753200	5.301528e-18	7.408000e-01	3.938546e-20	3.677700e+04	5.380900e+04
2	420.662967	1.775500e-10	7.657603e-01	1.965155e-11	4.554701e+04	1.525104e+04
2	112702.882614	1.237138e-07	9.460002e-01	2.859208e-15	4.717800e+04	3.689700e+04
2	1905.090145	7.415513e-12	9.352000e-01	5.230163e-17	4.552800e+04	3.264200e+04
2	2939.824752	1.322569e-16	7.543000e-01	6.790306e-21	3.012100e+04	5.223400e+04
2	958.616718	1.761925e-10	9.784000e-01	1.018291e-12	3.471800e+04	9.071000e+03
2	2191.501733	1.744831e-06	9.163047e-01	2.773409e-13	5.597400e+04	1.279900e+04
2	2309.869357	8.300746e-15	8.947000e-01	1.650065e-36	2.390400e+04	5.166000e+04
2	1991.131988	4.206728e-11	8.974000e-01	1.192459e-27	3.403000e+03	1.064100e+04
2	490.139414	3.370627e-09	9.703004e-01	9.322433e-13	4.919000e+03	8.769000e+03
2	406.010284	1.132457e-09	7.654159e-01	5.264731e-11	4.075200e+04	1.283400e+04
2	568.064691	2.481881e-14	7.516000e-01	2.794593e-15	1.641800e+04	3.737800e+04
2	2089.967047	1.650763e-12	8.758000e-01	1.120444e-29	1.047700e+04	1.732800e+04
2	2027.670005	8.198739e-12	8.974000e-01	9.735438e-29	7.370000e+03	1.511800e+04
2	981.026217	2.811375e-11	9.811000e-01	2.213359e-12	3.898900e+04	7.197000e+03
2	2036.169621	6.331580e-13	9.433000e-01	3.127953e-17	5.139500e+04	3.375000e+04
2	383.664699	1.000000e-05	7.699348e-01	6.501726e-10	5.293718e+04	6.961183e+03
2	-1.000000	-1.000000e+00	-1.000000e+00	-1.000000e+00	-1.000000e+00	-1.000000e+00
2	1972.533761	5.896260e-11	8.110000e-01	5.193366e-31	4.010000e+02	3.050700e+04
2	2348.343125	2.868477e-14	7.300000e-01	2.796929e-15	1.744400e+04	1.032300e+04
2	4531.124351	9.060517e-06	8.515442e-01	7.838709e-12	5.177100e+04	4.788700e+04
2	1234.848426	9.077043e-10	9.919000e-01	5.200316e-15	2.810300e+04	2.144400e+04
2	2210.258332	5.142672e-14	8.974001e-01	7.942572e-34	1.963600e+04	3.660000e+04
2	1181.082648	1.392385e-11	8.326000e-01	1.297924e-13	4.240000e+03	5.811800e+04
2	2006.276340	1.790764e-11	8.407000e-01	1.240152e-31	3.848000e+03	2.799500e+04
2	2364.138973	8.706192e-15	8.758000e-01	1.070437e-32	2.308000e+04	2.799800e+04
2	391.460348	1.515957e-06	7.703256e-01	1.892341e-09	5.538601e+04	4.381831e+03
2	2247.463138	7.181722e-14	8.704000e-01	7.180348e-31	1.785300e+04	2.115600e+04
2	391.861025	1.000000e-05	7.703342e-01	1.950041e-09	4.354169e+04	4.309288e+03
2	-1.000000	-1.000000e+00	-1.000000e+00	-1.000000e+00	-1.000000e+00	-1.000000e+00
2	1972.922607	3.870485e-11	9.946000e-01	6.227741e-18	3.491800e+04	3.699800e+04
2	2036.607585	7.411058e-12	9.406000e-01	1.348254e-17	4.528700e+04	3.571000e+04
2	1223.305843	1.080412e-08	8.866000e-01	6.616715e-15	2.879900e+04	2.194500e+04
2	2639.910642	8.475442e-16	8.218002e-01	7.691567e-35	2.717300e+04	4.778700e+04
2	502.781596	1.000000e-05	7.651395e-01	3.828708e-12	5.367600e+04	1.930700e+04
2	4424.828435	9.432237e-06	8.542301e-01	1.185562e-10	5.542200e+04	4.107100e+04
2	3623.291833	2.199943e-16	9.784000e-01	7.953627e-20	1.526700e+04	4.711000e+04
2	1077.122171	1.696067e-11	7.489000e-01	3.965463e-13	2.421000e+03	5.124700e+04
2	3554.528880	3.044423e-07	7.948003e-01	8.724332e-13	4.743300e+04	2.312400e+04
2	2913.020526	9.864739e-17	7.678000e-01	8.587594e-20	3.109900e+04	4.368700e+04
2	934.081262	3.414315e-08	8.839000e-01	2.253345e-13	2.601100e+04	1.363300e+04
2	3616.599212	5.899792e-16	9.595000e-01	8.039742e-20	1.257800e+04	4.725900e+04
2	3934.168159	1.000000e-05	7.327305e-01	1.375831e-13	5.672400e+04	3.312000e+04
2	2427.186042	7.478900e-15	8.488000e-01	5.852879e-36	2.265400e+04	5.036500e+04
2	1048.985823	1.420962e-11	7.437888e-01	3.763910e-13	4.813200e+04	2.189000e+04
2	396.425172	8.996613e-11	7.681651e-01	8.996613e-11	4.992484e+04	1.168525e+04
2	4499.667147	7.906417e-06	9.406988e-01	2.760832e-11	5.424700e+04	4.584100e+04
2	-1.000000	-1.000000e+00	-1.000000e+00	-1.000000e+00	-1.000000e+00	-1.000000e+00
2	1971.306976	1.462901e-10	9.055000e-01	1.517943e-28	7.410000e+02	1.498900e+04
2	1234.876566	1.402342e-08	8.785000e-01	5.143051e-15	2.834300e+04	2.266200e+04
2	1727.527038	1.665600e-13	9.190000e-01	1.257579e-30	2.704400e+04	2.315400e+04
2	2063.146874	2.520033e-12	8.947000e-01	2.739015e-33	1.011800e+04	3.748900e+04
2	1361.398548	1.003963e-10	7.678000e-01	9.727624e-16	4.706800e+04	3.916100e+04
2	3287.263944	5.999507e-16	8.569000e-01	5.206071e-19	2.083900e+04	4.445800e+04
2	2237.538361	6.908035e-15	9.379213e-01	2.418971e-35	2.660000e+04	4.651800e+04
2	2521.429089	1.727836e-16	9.001000e-01	5.952775e-35	3.335100e+04	4.420600e+04
2	384.313081	1.000000e-05	7.700325e-01	8.214057e-10	4.265891e+04	6.396854e+03
2	2014.748633	6.005561e-12	9.271000e-01	3.440923e-30	9.770000e+03	2.449200e+04
2	388.314625	1.390890e-09	9.333517e-01	1.390890e-09	5.120120e+03	4.861598e+04
2	385.991526	2.641726e-10	7.692409e-01	2.641726e-10	4.979232e+04	9.117761e+03
2	706.154871	6.632348e-13	7.354000e-01	4.074694e-15	9.902000e+03	3.955400e+04
2	2316.389519	4.696960e-14	7.813000e-01	3.025299e-35	1.699700e+04	5.002200e+04
2	483.821067	5.953834e-09	7.614982e-01	1.319744e-12	3.520496e+04	2.154797e+04
2	415.526156	1.761496e-09	9.649000e-01	7.026494e-12	6.084000e+03	3.710000e+03
2	492.627191	7.290274e-06	7.664784e-01	4.391904e-12	5.887531e+04	1.900326e+04
2	540.947256	6.514868e-10	7.593440e-01	1.768681e-13	4.024076e+04	2.629098e+04
2	2682.724912	1.048146e-14	7.813000e-01	1.048146e-14	3.570000e+02	3.367300e+04
2	-1.000000	-1.000000e+00	-1.000000e+00	-1.000000e+00	-1.000000e+00	-1.000000e+00
2	1187.894515	7.249229e-11	9.946000e-01	2.145380e-14	3.339100e+04	1.810300e+04
2	2951.170773	1.158053e-19	7.759000e-01	1.158053e-19	2.418500e+04	5.160100e+04
2	2333.764411	1.856023e-14	8.677000e-01	7.468567e-33	2.101100e+04	3.617900e+04
2	383.798758	5.088231e-07	7.697697e-01	4.536428e-10	4.448132e+04	7.829807e+03
2	4567.622366	1.936219e-06	9.730011e-01	5.295222e-12	5.456700e+04	5.029900e+04
2	2625.648848	1.255456e-17	7.813000e-01	1.255456e-17	1.926800e+04	4.028900e+04
2	777.181657	1.855137e-07	8.272002e-01	2.125271e-12	2.296400e+04	9.379000e+03
2	2300.909332	1.608387e-15	9.325000e-01	1.917222e-33	2.968600e+04	3.541200e+04
2	739.249259	4.481497e-09	9.757061e-01	1.234125e-14	4.688000e+03	1.915400e+04
2	1982.649688	3.780551e-11	8.164000e-01	2.231351e-30	1.572000e+03	2.636500e+04
2	1991.418667	3.167162e-11	8.434000e-01	3.287224e-27	2.528000e+03	1.146200e+04
2	397.567267	2.247224e-08	7.704310e-01	2.813335e-09	5.138355e+04	3.423982e+03
2	2297.255910	5.654289e-14	8.272000e-01	6.855274e-30	1.736300e+04	2.330000e+04
2	440.426255	2.947603e-10	7.644993e-01	7.882553e-12	4.368331e+04	1.740255e+04
2	2457.319235	6.304355e-15	8.326000e-01	6.304355e-15	2.265400e+04	1.122600e+04
2	2495.783174	5.236300e-15	7.300000e-01	1.510098e-15	2.143800e+04	4.947200e+04
2	2831.040246	5.330802e-17	9.028000e-01	6.297382e-22	3.578200e+04	5.489200e+04
2	390.537038	9.742477e-06	7.692657e-01	1.755043e-10	5.536132e+04	1.012107e+04
2	383.706765	1.000000e-05	7.699456e-01	6.668343e-10	4.553172e+04	6.900103e+03
2	2446.591044	9.300942e-15	7.921000e-01	4.339953e-36	2.099000e+04	5.436300e+04
2	384.506875	2.742161e-06	7.700509e-01	8.596159e-10	5.119573e+04	6.287097e+03
2	1491.109553	1.420645e-11	9.757000e-01	5.634993e-20	1.794200e+04	4.733000e+04
2	2905.600368	2.551012e-19	7.786000e-01	2.551012e-19	2.637900e+04	4.955200e+04
2	2380.098974	2.865191e-15	8.920000e-01	2.254867e-29	2.633900e+04	1.592200e+04
2	211706.315015	6.900000e-16	7.597000e-01	2.540786e-34	4.158000e+04	5.434300e+04
2	1316.931237	7.255479e-09	8.488000e-01	2.062244e-15	3.061900e+04	2.538600e+04
2	8254.263960	1.839339e-06	8.029029e-01	1.010046e-14	3.663500e+04	3.382400e+04
2	2017.565986	1.936472e-16	7.705000e-01	1.936472e-16	9.495000e+03	4.305800e+04
2	530.842706	3.918767e-14	7.489000e-01	2.747679e-14	1.579600e+04	3.223800e+04
2	1584.672907	1.249324e-09	9.649000e-01	1.848088e-16	3.102600e+04	2.942600e+04
2	2540.750786	1.378881e-15	8.569000e-01	3.238073e-29	2.688400e+04	2.007900e+04
2	2363.502898	2.814244e-12	8.515000e-01	2.702799e-19	5.030200e+04	4.621600e+04
2	488.417734	1.293697e-12	9.568000e-01	3.404004e-16	2.253000e+04	2.632000e+04
2	4390.776004	3.165185e-10	8.299052e-01	3.165185e-10	3.873500e+04	4.733200e+04
2	4488.029238	8.837957e-12	9.594742e-01	8.837957e-12	4.402500e+04	5.428100e+04
2	-1.000000	-1.000000e+00	-1.000000e+00	-1.000000e+00	-1.000000e+00	-1.000000e+00
2	759.994202	2.173743e-14	7.408000e-01	4.631862e-16	1.773500e+04	4.288800e+04
2	3328.192723	2.427128e-18	7.813000e-01	1.949553e-20	3.719000e+04	5.332100e+04
2	790.333375	1.000000e-05	7.469187e-01	1.114600e-11	1.354589e+04	1.323041e+04
2	1884.656383	1.991270e-12	9.082000e-01	1.072252e-16	4.981700e+04	3.130100e+04
2	1234.934594	1.936024e-12	7.705000e-01	7.342722e-14	7.943000e+03	5.739200e+04
2	2770.889120	1.910132e-16	7.975000e-01	7.197971e-18	1.413900e+04	4.065600e+04
2	397.949669	1.268484e-06	7.689481e-01	1.045384e-10	5.999385e+04	1.137053e+04
2	546.333610	1.079778e-11	7.603270e-01	1.915115e-13	5.074520e+04	2.620504e+04
2	959.908977	8.522536e-09	9.783899e-01	8.963305e-16	3.423000e+03	2.533800e+04
2	1080.596310	1.581301e-09	8.731000e-01	1.216671e-13	3.393500e+04	1.527000e+04
2	4295.342958	1.000000e-05	8.353196e-01	2.569047e-09	4.804800e+04	3.298300e+04
2	110492.894755	3.000000e-16	7.840000e-01	4.615509e-36	4.288400e+04	5.531100e+04
2	3151.618995	6.804098e-16	8.029000e-01	1.056424e-19	9.081000e+03	5.020400e+04
2	780.458462	5.825709e-09	9.622000e-01	6.432348e-12	2.741700e+04	4.776000e+03
2	4581.918533	4.896606e-06	8.218111e-01	1.623704e-12	5.876800e+04	5.125700e+04
2	2166.978267	4.325451e-13	8.272000e-01	2.283308e-36	1.251600e+04	5.192400e+04
2	405.354569	1.000000e-05	7.705165e-01	4.168792e-09	3.697000e+04	2.474076e+03
2	4687.364805	2.217199e-06	8.693735e-01	1.304257e-13	4.535800e+04	5.858800e+04
2	820.164510	7.318219e-09	9.433000e-01	2.892536e-12	2.790700e+04	6.860000e+03
2	862.351166	8.023129e-09	8.164000e-01	3.740723e-12	3.097200e+04	8.349000e+03
2	152695.137968	2.968843e-16	7.489000e-01	1.264796e-33	4.224300e+04	4.792700e+04
2	2207.353421	1.211769e-13	8.785000e-01	7.336959e-36	1.685400e+04	4.937100e+04
2	1104.549884	3.555929e-10	8.353000e-01	1.988977e-13	3.845100e+04	1.486100e+04
2	490.756747	1.392554e-11	7.354000e-01	1.145716e-12	2.622000e+03	2.646000e+04
2	3539.406935	5.299933e-16	9.460000e-01	1.591275e-19	1.796900e+04	4.583900e+04
2	3080.075804	5.143156e-16	8.407000e-01	3.483649e-18	4.701000e+03	4.066500e+04
2	383.788540	4.849575e-10	9.341477e-01	4.849575e-10	7.656001e+03	4.897100e+04
2	422.819060	1.000000e-05	7.702709e-01	7.584940e-09	2.366798e+04	1.006938e+03
2	3079.293963	6.112213e-17	7.516000e-01	4.693079e-22	3.169800e+04	5.995900e+04
2	1956.009165	2.834862e-10	9.298000e-01	6.624863e-32	6.760000e+02	2.964800e+04
2	4485.044639	4.180990e-11	8.110064e-01	4.180990e-11	4.446500e+04	4.779900e+04
2	1964.573506	2.345416e-10	9.163000e-01	1.473745e-28	1.900000e+02	9.322000e+03
2	383.907177	4.245433e-10	9.341289e-01	5.096126e-11	7.981978e+03	5.567195e+04
2	1431.367047	1.453699e-09	9.622000e-01	9.073382e-16	3.084800e+04	2.575400e+04
2	2877.141491	1.932065e-07	9.946005e-01	1.105005e-16	5.608300e+04	3.044800e+04
2	1497.032009	1.213721e-10	8.434000e-01	1.166877e-15	4.098700e+04	2.687100e+04
2	2201.881146	2.975018e-14	7.651000e-01	2.975018e-14	1.470200e+04	2.203000e+04
2	-1.000000	-1.000000e+00	-1.000000e+00	-1.000000e+00	-1.000000e+00	-1.000000e+00
2	2192.715651	1.843806e-13	8.731000e-01	4.638314e-29	1.567200e+04	1.718700e+04
2	1080.597803	3.396557e-10	9.837984e-01	3.088646e-16	1.182400e+04	2.789500e+04
2	446.254589	6.431001e-13	7.543000e-01	4.831537e-13	8.641000e+03	2.509200e+04
2	2835.023721	3.480808e-19	7.705000e-01	3.480808e-19	3.092000e+04	4.955400e+04
2	3711.156575	5.699994e-16	9.838000e-01	3.232771e-20	1.485800e+04	4.909700e+04
2	128301.706889	9.700000e-16	7.570000e-01	1.839252e-35	3.944900e+04	5.405400e+04
2	383.571638	5.459091e-06	7.698453e-01	5.318875e-10	5.091420e+04	7.445855e+03
2	1970.618454	1.616765e-11	9.055000e-01	1.211162e-29	1.607300e+04	1.109000e+04
2	3079.059649	3.142699e-17	8.704000e-01	5.085673e-20	3.538600e+04	4.609400e+04
2	712.882111	1.511591e-14	9.433000e-01	5.086499e-19	3.282900e+04	3.975100e+04
2	380.975211	1.265357e-10	9.455822e-01	1.292382e-12	1.133395e+04	5.845004e+03
2	72515.225014	3.421745e-08	9.541001e-01	1.570412e-11	5.316500e+04	1.628400e+04
2	2187.602405	2.149247e-13	8.704000e-01	3.555758e-33	1.522200e+04	3.501800e+04
2	1847.242849	1.327357e-13	9.190000e-01	4.031735e-16	5.635300e+04	2.809500e+04
2	416.924074	5.371269e-09	9.336448e-01	5.371269e-09	1.824060e+03	4.048002e+04
2	969.923464	9.807409e-08	9.109002e-01	6.591981e-14	2.265400e+04	1.619700e+04
2	2417.130562	5.507808e-16	7.867000e-01	5.507808e-16	1.956100e+04	3.090700e+04
2	1134.514047	6.450751e-12	8.812000e-01	1.763495e-12	7.289000e+03	5.232100e+04
2	2654.026928	1.831095e-16	8.704000e-01	1.053418e-32	3.208700e+04	3.447400e+04
2	31276.729028	6.566388e-17	8.542000e-01	1.262382e-36	4.572700e+04	5.665100e+04
2	2303.918023	2.766221e-14	8.704000e-01	3.010594e-35	2.013900e+04	4.562900e+04
2	4482.190188	4.592527e-11	8.163997e-01	4.592527e-11	4.424000e+04	4.713900e+04
2	2013.639297	1.594415e-11	8.785000e-01	5.080734e-27	5.081000e+03	9.216000e+03
2	2029.460208	3.033678e-10	9.001000e-01	6.341240e-27	9.011000e+03	1.752000e+03
2	2020.192503	3.146797e-06	8.326064e-01	1.211175e-11	4.982300e+04	5.125000e+03
2	55506.028775	3.098447e-08	9.109001e-01	8.298283e-13	5.467900e+04	2.334600e+04
2	971.289962	7.765313e-11	9.217000e-01	5.014346e-12	4.017100e+04	5.762000e+03
2	23756.146287	2.206277e-08	8.596001e-01	4.355605e-12	5.812800e+04	1.934100e+04
2	2675.174434	2.764070e-17	7.975000e-01	2.764070e-17	2.409800e+04	3.745900e+04
2	4410.789613	1.218148e-10	9.189999e-01	1.218148e-10	3.928900e+04	4.708100e+04
2	384.761667	1.000000e-05	7.700718e-01	9.064545e-10	4.373495e+04	6.159011e+03
2	4482.090004	4.208384e-11	9.082000e-01	4.208384e-11	4.337200e+04	4.659700e+04
2	1983.298980	1.897556e-11	9.973000e-01	1.897556e-11	5.062600e+04	1.970000e+03
2	384.196161	3.826137e-10	9.342927e-01	6.101136e-11	8.228976e+03	5.423795e+04
2	688.564372	1.345062e-09	7.678000e-01	2.336565e-13	4.176000e+04	2.606400e+04
2	3793.798500	7.399981e-16	9.379000e-01	1.108568e-20	1.234800e+04	5.196700e+04
2	430.144363	9.854656e-09	9.324998e-01	9.854656e-09	3.910000e+02	4.246200e+04
2	1287.388145	8.961326e-13	8.380000e-01	1.380877e-13	1.094300e+04	5.806400e+04
2	2311.523686	5.006686e-14	7.813000e-01	1.035027e-29	1.684600e+04	2.139800e+04
2	400.375951	1.000000e-05	7.704653e-01	3.275003e-09	3.525694e+04	3.056892e+03
2	160011.406207	4.600000e-16	7.867000e-01	5.257693e-35	3.836100e+04	4.978100e+04
2	3038.902316	2.613856e-17	8.272000e-01	4.625430e-22	3.522300e+04	5.478400e+04
2	2227.742106	1.471231e-13	8.434008e-01	2.670123e-33	1.543200e+04	3.953300e+04
2	2852.204497	6.898179e-16	9.946000e-01	1.404916e-16	1.035300e+04	2.989300e+04
2	4535.542881	9.999991e-06	8.136969e-01	5.037684e-12	4.850500e+04	4.817700e+04
2	36919.386548	6.300000e-16	8.461000e-01	1.086621e-37	3.957100e+04	5.830000e+04
2	798.530250	1.342264e-08	9.163000e-01	4.577530e-12	2.743900e+04	6.030000e+03
2	3985.116043	5.774001e-06	9.430120e-01	1.000000e-08	1.126600e+04	4.645400e+04
2	4182.273474	9.703052e-08	7.300000e-01	9.829145e-09	2.581826e+04	3.382808e+04
2	191980.460568	1.000000e-05	9.783933e-01	2.008615e-17	5.935600e+04	4.849700e+04
2	2971.694614	2.107539e-15	9.946000e-01	5.754639e-21	5.968900e+04	5.285500e+04
2	1952.568627	1.387252e-10	8.704000e-01	8.886624e-18	4.006700e+04	3.767500e+04
2	384.548717	1.000000e-05	7.700470e-01	8.645038e-10	3.322496e+04	6.273012e+03
2	2562.421923	5.329768e-16	8.164000e-01	5.329768e-16	1.254500e+04	2.965000e+04
2	908.429133	9.348442e-09	8.704000e-01	8.520552e-13	2.955600e+04	1.067000e+04
2	2624.318806	8.672547e-16	8.326000e-01	1.397352e-34	2.735700e+04	4.674600e+04
2	2415.944594	2.754160e-15	8.083000e-01	2.754160e-15	9.844000e+03	2.607000e+04
2	-1.000000	-1.000000e+00	-1.000000e+00	-1.000000e+00	-1.000000e+00	-1.000000e+00
2	1252.760989	2.170817e-12	7.354000e-01	3.699439e-15	7.193000e+03	5.997900e+04
2	108178.657323	5.557029e-08	9.217002e-01	1.511898e-16	4.958400e+04	4.381600e+04
2	3118.301324	1.031169e-16	9.865000e-01	1.107850e-17	1.241100e+04	3.580300e+04
2	605.100212	4.373060e-09	9.730001e-01	9.219444e-14	4.505000e+03	1.434700e+04
2	1416.027556	4.007141e-08	9.163000e-01	4.178831e-16	2.468500e+04	2.801400e+04
2	2767.870106	1.811798e-16	8.299000e-01	6.291392e-35	3.097200e+04	4.484000e+04
2	4331.203147	1.895732e-09	7.866922e-01	1.895732e-09	3.499600e+04	4.001400e+04
2	387.003879	4.961089e-07	7.689678e-01	2.371267e-10	2.993697e+04	9.364018e+03
2	3072.094451	6.469613e-18	7.381000e-01	4.042978e-18	3.647400e+04	4.306600e+04
2	1795.142108	1.999820e-10	9.055000e-01	5.155822e-17	3.825700e+04	3.302300e+04
2	652.785803	8.025793e-08	9.945992e-01	1.923915e-13	1.483000e+03	1.288300e+04
2	3253.290936	4.673537e-08	9.487001e-01	2.843712e-18	5.412600e+04	3.925300e+04
2	4578.321914	9.999996e-06	9.109027e-01	3.175278e-12	5.430600e+04	5.101500e+04
2	2268.394948	8.891953e-14	8.164000e-01	2.185730e-35	1.607800e+04	4.852200e+04
2	-1.000000	-1.000000e+00	-1.000000e+00	-1.000000e+00	-1.000000e+00	-1.000000e+00
2	1583.816869	9.932196e-10	9.541000e-01	2.224537e-16	3.230000e+04	2.909300e+04
2	2567.284621	6.236320e-16	8.785000e-01	1.273187e-22	2.944300e+04	5.453900e+04
2	178874.381552	5.596136e-16	7.354000e-01	7.463978e-20	4.075000e+04	5.548000e+04
2	2180.727976	7.443180e-10	8.977433e-01	1.508575e-10	6.852000e+03	5.412000e+04
2	2079.482301	1.939129e-11	9.811008e-01	5.345691e-21	1.331100e+04	5.137100e+04
2	4101.641558	8.603285e-07	7.300000e-01	9.981298e-09	2.040418e+04	3.289116e+04
2	1620.014649	1.661921e-12	9.973000e-01	1.661921e-12	4.448900e+04	7.651000e+03
2	4663.353047	7.540085e-07	8.380012e-01	1.000000e-08	4.646200e+04	2.853600e+04
2	2122.019025	9.836780e-13	8.380000e-01	2.936653e-27	1.077000e+04	1.009000e+04
2	2158.601971	4.363872e-13	8.596000e-01	1.570181e-27	1.322200e+04	1.240100e+04
2	1239.131836	2.144793e-11	9.730000e-01	6.340773e-19	1.673000e+04	4.175300e+04
2	2871.778966	1.141206e-16	7.543000e-01	7.390418e-35	3.067200e+04	5.106500e+04
2	1205.550057	2.300064e-12	9.594998e-01	2.300064e-12	4.819300e+04	7.127000e+03
2	2529.708137	1.042873e-16	9.055000e-01	2.262526e-33	3.477500e+04	4.017900e+04
2	1131.448059	9.067672e-12	7.975000e-01	5.482979e-13	4.645000e+03	5.349500e+04
2	1168.585069	6.002062e-09	9.136000e-01	1.549552e-14	2.951500e+04	1.959000e+04
2	541.286145	4.073201e-09	7.585499e-01	1.488777e-13	3.549097e+04	2.662212e+04
2	629.625089	6.300155e-11	7.527883e-01	8.995014e-13	4.500900e+04	2.158000e+04
2	1435.215317	1.406874e-15	9.352000e-01	1.631517e-18	3.841200e+04	3.402200e+04
2	3605.670688	8.133154e-09	9.460000e-01	8.569484e-20	5.756400e+04	4.725500e+04
2	50200.424499	4.053822e-08	9.217001e-01	5.366318e-11	5.379000e+04	1.331700e+04
2	1525.857350	8.219776e-14	8.731000e-01	2.273881e-14	5.887200e+04	1.926800e+04
2	395.896217	2.551501e-09	9.329678e-01	2.551501e-09	3.659985e+03	5.851200e+04
2	93758.494170	2.213605e-08	9.811001e-01	6.383073e-12	5.306500e+04	1.845500e+04
2	-1.000000	-1.000000e+00	-1.000000e+00	-1.000000e+00	-1.000000e+00	-1.000000e+00
2	253829.468286	5.700000e-16	7.678000e-01	7.467322e-35	4.239600e+04	5.683000e+04
2	3890.118446	1.300000e-16	9.109000e-01	1.394873e-21	2.589400e+04	5.680900e+04
2	2175.862917	8.538328e-13	9.298000e-01	7.129421e-18	5.120700e+04	3.729800e+04
2	2140.752998	6.915947e-13	8.245000e-01	7.043469e-27	1.134200e+04	1.049500e+04
2	101452.545716	1.085281e-07	9.352002e-01	3.320014e-15	4.825100e+04	3.654100e+04
2	1931.608068	1.040067e-10	7.381000e-01	8.786763e-15	4.303100e+04	3.082000e+04
2	991.041230	3.176020e-08	9.676001e-01	4.723167e-14	2.279000e+04	1.643700e+04
2	1771.547745	7.881127e-13	7.381000e-01	7.881127e-13	8.770000e+03	2.094900e+04
2	3835.407165	9.920231e-09	9.864085e-01	9.920231e-09	2.827990e+03	3.149999e+04
2	607.730002	1.996423e-09	7.570000e-01	1.134103e-14	3.699200e+04	3.270500e+04
2	2098.763628	1.365705e-12	7.921000e-01	1.365705e-12	9.122000e+03	4.260000e+02
2	1398.799834	7.637535e-13	9.190000e-01	2.202572e-32	2.338100e+04	3.090100e+04
2	1038.702871	8.771519e-15	7.651000e-01	2.907814e-15	1.328800e+04	3.665500e+04
2	1506.367784	9.109574e-11	8.839000e-01	1.603612e-15	4.083400e+04	2.532700e+04
2	2786.902347	2.647698e-16	7.300000e-01	2.593518e-16	2.838800e+04	3.628000e+04
2	2340.734434	1.048246e-12	8.947000e-01	1.105845e-18	5.180600e+04	4.205400e+04
2	1663.318008	2.425453e-12	9.676000e-01	7.679041e-16	4.652900e+04	2.611100e+04
2	2882.610563	1.044638e-16	7.408000e-01	9.844249e-33	3.068500e+04	3.898500e+04
2	614.303222	3.223573e-13	9.649000e-01	2.969869e-16	2.617500e+04	2.717600e+04
2	1565.160896	3.592723e-10	8.758000e-01	4.586824e-16	3.756900e+04	2.838800e+04
2	1131.289411	2.211265e-09	9.468435e-01	2.206366e-09	3.734995e+03	3.497012e+04
2	2727.541037	4.222443e-18	7.489000e-01	4.222443e-18	3.576300e+04	4.536500e+04
2	54974.720223	4.570700e-08	8.974001e-01	7.862459e-14	5.266700e+04	2.899100e+04
2	2370.143594	2.356976e-14	7.921000e-01	1.488109e-28	1.879800e+04	1.800800e+04
2	4235.160522	1.265946e-08	8.461888e-01	1.000000e-08	2.913600e+04	4.255900e+04
2	1002.277029	4.101089e-10	9.838000e-01	2.307510e-13	3.186100e+04	1.256400e+04
2	1971.995399	5.500823e-11	7.975000e-01	7.837573e-33	3.420000e+02	3.371200e+04
2	1126.858335	1.836638e-13	7.705000e-01	1.836638e-13	1.049900e+04	2.693000e+04
2	2227.324313	1.561928e-13	8.299000e-01	1.561928e-13	1.499100e+04	1.604000e+03
2	1152.687921	1.551123e-11	7.518959e-01	1.551123e-11	5.933100e+04	1.495800e+04
2	2734.265284	4.287077e-16	7.732000e-01	4.208198e-33	2.788700e+04	4.110400e+04
2	4490.625165	3.108133e-11	8.995160e-01	3.108133e-11	4.401500e+04	4.787600e+04
2	426.978601	9.386983e-09	9.326477e-01	9.386983e-09	5.129832e+02	5.556301e+04
2	2114.442037	2.686030e-13	9.487000e-01	1.841956e-34	1.883700e+04	4.148000e+04
2	4509.293014	4.844757e-06	7.894244e-01	7.249963e-12	4.670100e+04	4.646500e+04
2	4247.810096	1.810161e-08	7.300000e-01	8.959793e-09	3.000403e+04	3.712008e+04
2	18241.024643	7.187246e-08	8.488002e-01	9.212070e-12	5.257300e+04	1.753100e+04
