8	2051.013342	3.478591e-14	8.776000e-01	3.221922e-37	1.765200e+04	5.909700e+04
8	3972.760017	6.747677e-06	9.303033e-01	7.611207e-13	5.603300e+04	5.324400e+04
8	452.462204	1.000000e-05	8.647271e-01	2.049662e-10	3.267898e+04	1.070201e+04
8	482.085015	1.783697e-06	8.624205e-01	1.840774e-12	4.507796e+04	2.212909e+04
8	4017.711496	1.337453e-06	8.640005e-01	4.824986e-14	5.986900e+04	5.769700e+04
8	2219.803345	1.181043e-15	8.317000e-01	2.241756e-19	2.469000e+04	1.189000e+04
8	1709.750065	4.509645e-11	9.439000e-01	2.177895e-17	4.098400e+04	3.487200e+04
8	14838.660074	2.145205e-08	9.184003e-01	1.397101e-14	5.143500e+04	3.408600e+04
8	1909.343952	1.849906e-12	9.592000e-01	6.158333e-31	1.200000e+04	2.810700e+04
8	2022.968375	2.834497e-14	9.354000e-01	2.408629e-33	2.019900e+04	3.599200e+04
8	2649.779077	6.489560e-16	9.898000e-01	2.542044e-18	1.024800e+04	3.906300e+04
8	447.756452	1.000000e-05	8.644787e-01	9.353990e-11	4.076200e+04	1.260700e+04
8	1902.140193	9.087222e-12	9.422000e-01	4.716512e-32	6.677000e+03	3.515100e+04
8	2425.079165	1.008146e-14	9.949000e-01	1.707005e-20	5.603400e+04	5.038400e+04
8	3456.565723	1.626769e-06	9.330011e-01	1.000000e-08	1.506100e+04	5.261400e+04
8	1249.114996	1.690978e-11	8.878000e-01	1.662088e-12	3.055000e+03	5.008600e+04
8	23192.534040	1.000000e-08	9.523995e-01	1.000000e-08	5.948600e+04	9.200000e+02
8	1341.747159	1.248666e-13	8.390487e-01	9.695550e-15	5.901195e+04	3.061500e+04
8	464.369343	1.000000e-05	8.649669e-01	5.626674e-10	4.397600e+04	8.249000e+03
8	473.775327	1.000000e-05	8.627102e-01	2.861777e-12	4.948800e+04	2.106098e+04
8	1993.782492	1.598316e-13	8.793000e-01	1.598316e-13	7.043000e+03	2.819000e+04
8	1886.366428	2.125994e-11	8.555000e-01	2.125994e-11	1.466000e+03	3.700000e+02
8	3728.365274	6.019688e-06	8.963761e-01	1.450875e-09	5.379500e+04	3.317700e+04
8	59801.360802	1.268806e-08	9.830000e-01	3.389297e-15	5.350400e+04	3.750300e+04
8	3654.037582	1.000000e-05	8.796156e-01	8.733808e-09	5.477830e+04	2.797949e+04
8	2069.672005	2.145327e-14	8.487000e-01	9.804024e-29	1.817000e+04	2.055100e+04
8	131892.584590	5.230372e-08	9.201002e-01	1.000000e-08	5.209700e+04	2.279600e+04
8	1969.915067	3.479334e-13	8.963000e-01	5.555526e-30	1.265200e+04	2.420500e+04
8	3598.095737	1.176313e-07	8.300000e-01	9.908022e-09	2.422647e+04	3.096337e+04
8	4016.142595	1.738789e-13	9.898000e-01	1.738789e-13	5.410400e+04	5.875000e+04
8	2254.555587	6.669093e-16	8.317000e-01	1.034536e-20	2.603000e+04	1.888000e+04
8	2337.445194	2.879324e-16	9.201000e-01	1.193439e-16	1.644800e+04	3.152300e+04
8	637.760687	1.767607e-10	8.568524e-01	7.412508e-15	4.417554e+04	3.531789e+04
8	450.219884	1.000000e-05	8.646450e-01	1.537163e-10	4.288796e+04	1.140102e+04
8	619.713553	2.331543e-14	9.558000e-01	3.605351e-19	3.286400e+04	4.030100e+04
8	2274.370872	3.527966e-16	8.946000e-01	3.802777e-33	2.898300e+04	3.439500e+04
8	1143.313644	3.329234e-09	9.830000e-01	1.882215e-14	2.705200e+04	1.832000e+04
8	6198.253320	3.961919e-07	8.980005e-01	5.940549e-14	4.367100e+04	3.058800e+04
8	2261.460745	5.968949e-16	8.589000e-01	7.226134e-36	2.682600e+04	5.104400e+04
8	2116.111868	4.863183e-15	9.167000e-01	2.399854e-32	2.353800e+04	3.249100e+04
8	1238.891317	4.743078e-12	8.393019e-01	7.131088e-15	4.976300e+04	3.136900e+04
8	447.203017	1.000000e-05	8.641485e-01	4.064191e-11	5.076600e+04	1.463000e+04
8	1200.461698	3.215981e-12	9.388000e-01	1.549649e-27	2.090300e+04	2.116000e+03
8	452.251917	5.093725e-10	9.711000e-01	2.647322e-13	9.618000e+03	1.100700e+04
8	1227.209793	2.194749e-10	9.439000e-01	6.593963e-14	3.700700e+04	1.599300e+04
8	521.009702	7.759614e-07	8.651106e-01	6.292192e-09	5.871406e+04	2.378881e+03
8	2265.044177	5.701400e-16	8.453000e-01	4.662935e-35	2.665300e+04	4.967200e+04
8	267814.882261	1.568567e-08	9.524000e-01	1.000000e-08	5.661500e+04	2.263900e+04
8	1965.272704	1.630108e-13	8.674000e-01	1.630108e-13	9.571000e+03	1.627700e+04
8	1201.253663	6.492307e-09	9.371000e-01	9.306513e-15	2.878000e+04	2.078100e+04
8	487.533352	1.000000e-05	8.651128e-01	1.864325e-09	3.614400e+04	5.337039e+03
8	483.478333	6.419280e-10	9.542472e-01	6.419280e-10	7.890019e+03	4.377797e+04
8	553.154639	1.577810e-08	9.535156e-01	1.000000e-08	1.419998e+02	4.898546e+04
8	551.657542	3.332889e-11	9.966000e-01	1.920777e-14	2.138200e+04	1.806600e+04
8	755.016828	9.014155e-12	9.694000e-01	4.772765e-13	1.755000e+04	5.725300e+04
8	1684.854166	1.713224e-10	9.558000e-01	1.696066e-17	3.697700e+04	3.520600e+04
8	3667.334766	6.410676e-10	9.948956e-01	6.410676e-10	2.820100e+04	4.409300e+04
8	1004.870395	4.326727e-13	9.915000e-01	3.165636e-18	2.940300e+04	3.838600e+04
8	757.708529	4.061885e-11	8.508138e-01	8.600207e-14	4.567900e+04	2.880500e+04
8	-1.000000	-1.000000e+00	-1.000000e+00	-1.000000e+00	-1.000000e+00	-1.000000e+00
8	2150.901894	3.833794e-15	8.368000e-01	3.034787e-15	2.176200e+04	2.430700e+04
8	418.228832	1.636071e-10	9.643000e-01	2.456515e-12	1.188500e+04	4.808000e+03
8	1889.132663	1.498723e-11	9.762000e-01	1.073194e-30	9.476000e+03	2.198700e+04
8	1644.003540	2.428229e-09	8.412969e-01	1.268316e-09	3.871200e+04	4.569929e+02
8	467.728335	6.389715e-10	9.535850e-01	6.389715e-10	7.936962e+03	5.003097e+04
8	2141.437007	7.595544e-13	9.830000e-01	2.403404e-19	4.818200e+04	4.454700e+04
8	3881.079733	1.380220e-11	9.251999e-01	1.380220e-11	4.476500e+04	5.461800e+04
8	2505.962818	3.025018e-19	8.810000e-01	3.025018e-19	2.269500e+04	4.741500e+04
8	1919.234834	9.858405e-13	9.779000e-01	9.013354e-36	1.636700e+04	5.081500e+04
8	463.548655	5.343899e-10	9.535834e-01	4.089197e-15	8.375000e+03	4.633000e+03
8	3315.436121	2.600000e-16	9.932000e-01	2.424922e-22	2.779900e+04	5.988600e+04
8	2633.373980	2.610926e-17	8.725000e-01	2.240007e-20	3.349600e+04	5.025900e+04
8	673.053267	3.016711e-15	8.317000e-01	1.420925e-15	2.243000e+04	4.586600e+04
8	471.733080	7.078903e-11	9.881000e-01	1.322799e-13	1.653400e+04	1.344000e+04
8	1890.443813	2.352829e-11	9.031000e-01	2.382258e-32	2.716000e+03	3.651000e+04
8	347.832743	1.448958e-12	8.436000e-01	5.427120e-13	7.463000e+03	2.698400e+04
8	453.913566	1.000000e-05	8.647771e-01	2.425887e-10	5.240302e+04	1.029297e+04
8	447.157666	1.000000e-05	8.642475e-01	5.327778e-11	2.904599e+04	1.397200e+04
8	1884.155789	8.813858e-11	9.541000e-01	4.274050e-30	2.096000e+03	2.260400e+04
8	447.610412	1.000000e-05	8.644627e-01	8.943950e-11	5.868700e+04	1.271582e+04
8	-1.000000	-1.000000e+00	-1.000000e+00	-1.000000e+00	-1.000000e+00	-1.000000e+00
8	3602.436712	1.048785e-07	8.300000e-01	8.648233e-09	2.451378e+04	2.732414e+04
8	529.252106	1.930607e-11	9.490000e-01	1.164191e-26	1.649900e+04	3.250000e+02
8	1187.694445	1.233091e-09	9.473000e-01	4.077453e-14	3.248800e+04	1.706800e+04
8	435.159640	3.453205e-10	9.608544e-01	4.734362e-14	9.845984e+03	1.356498e+04
8	482.472892	9.270068e-06	8.624076e-01	1.805429e-12	5.319393e+04	2.217601e+04
8	3983.261536	1.084470e-06	8.911761e-01	3.253406e-13	4.437500e+04	5.425700e+04
8	-1.000000	-1.000000e+00	-1.000000e+00	-1.000000e+00	-1.000000e+00	-1.000000e+00
8	2218.799622	7.390173e-16	9.065000e-01	4.327282e-36	2.763200e+04	4.994400e+04
8	3049.898054	9.999921e-18	9.150000e-01	2.755995e-21	2.000300e+04	5.659000e+04
8	429.855493	1.227377e-10	9.592000e-01	7.059608e-12	1.227500e+04	9.750000e+02
8	478.361881	1.000000e-05	8.625475e-01	2.228019e-12	4.407404e+04	2.166698e+04
8	1902.150618	5.112173e-12	8.963000e-01	5.112173e-12	5.371000e+03	3.615000e+03
8	579.461916	5.109297e-09	9.561130e-01	5.109297e-09	2.736998e+03	3.560299e+04
8	3531.832976	3.423054e-07	9.048009e-01	1.000000e-08	1.989300e+04	4.817700e+04
8	1289.388496	3.864535e-11	9.898000e-01	1.306527e-14	3.695900e+04	1.909700e+04
8	78314.412774	9.934039e-09	9.881000e-01	2.002597e-16	5.328100e+04	4.426800e+04
8	1970.797506	2.809433e-13	8.470000e-01	7.881630e-26	1.201700e+04	1.168400e+04
8	1917.572721	1.730664e-12	8.470000e-01	3.304091e-13	5.116000e+03	1.673400e+04
8	2205.095030	1.471524e-16	8.793000e-01	1.471524e-16	2.095400e+04	3.281800e+04
8	45904.849015	3.424882e-15	8.691000e-01	5.402941e-21	3.746100e+04	5.821600e+04
8	357.582980	2.304688e-12	8.402000e-01	1.039887e-12	6.523000e+03	2.611700e+04
8	476.138105	1.000000e-05	8.626253e-01	2.510011e-12	3.933598e+04	2.137849e+04
8	1306.575282	3.365528e-12	9.847000e-01	6.783169e-14	4.417600e+04	1.526100e+04
8	1920.888080	2.304754e-12	8.929000e-01	2.304754e-12	7.949000e+03	5.400000e+01
8	449.669870	2.409821e-06	8.638607e-01	2.175451e-11	5.981502e+04	1.614595e+04
8	2551.487567	3.560196e-17	8.776000e-01	8.118545e-19	3.266700e+04	4.204200e+04
8	815.360203	4.783607e-10	8.487000e-01	1.141105e-14	3.905300e+04	3.343400e+04
8	469.098406	5.881949e-10	9.537170e-01	5.881949e-10	8.132016e+03	4.750400e+04
8	1930.036483	1.099187e-12	9.439000e-01	9.375034e-31	1.189800e+04	2.374400e+04
8	2659.884110	9.000000e-17	9.507000e-01	4.089426e-22	3.263200e+04	5.687200e+04
8	1073.637246	6.913536e-09	9.830000e-01	5.431181e-14	2.522200e+04	1.580500e+04
8	537.921254	8.582324e-06	8.588685e-01	5.273051e-11	1.538399e+04	1.354699e+04
8	2204.508582	2.800000e-16	9.575000e-01	2.611715e-39	3.362800e+04	5.982800e+04
8	1471.631173	5.570049e-14	9.966000e-01	5.570049e-14	5.177500e+04	1.543100e+04
8	518.211485	1.000000e-05	8.648759e-01	4.971734e-09	2.259903e+04	2.934202e+03
8	3788.127731	9.999999e-06	9.321246e-01	3.726780e-10	5.012800e+04	3.759200e+04
8	2049.113499	3.500331e-14	8.555000e-01	6.927637e-35	1.714500e+04	4.679000e+04
8	67486.056382	4.226593e-16	8.436000e-01	3.136781e-22	4.247800e+04	5.344400e+04
8	1640.052633	1.604642e-12	8.405028e-01	1.604642e-12	5.802600e+04	1.853400e+04
8	-1.000000	-1.000000e+00	-1.000000e+00	-1.000000e+00	-1.000000e+00	-1.000000e+00
8	1848.879506	3.716173e-12	9.949000e-01	3.716173e-12	4.896600e+04	5.548000e+03
8	622.846992	1.818789e-09	8.572584e-01	1.186467e-14	3.857833e+04	3.418840e+04
8	458.807090	9.939239e-12	9.555730e-01	9.939239e-12	1.803503e+04	5.715696e+04
8	486.118290	1.000000e-05	8.622875e-01	1.512138e-12	4.656799e+04	2.260500e+04
8	523.845259	1.000000e-05	8.651043e-01	6.875214e-09	4.288106e+04	2.163325e+03
8	3836.577414	1.113365e-10	8.860906e-01	1.113365e-10	4.093500e+04	4.437900e+04
8	1893.712323	9.480136e-12	8.351000e-01	9.480136e-12	3.321000e+03	2.210000e+02
8	379.985829	1.860307e-11	9.881000e-01	4.526568e-12	1.973800e+04	4.971000e+03
8	2210.842902	9.443338e-16	9.031000e-01	2.837279e-33	2.693200e+04	3.857800e+04
8	2043.140704	4.015493e-14	8.810000e-01	4.015493e-14	1.735700e+04	8.750000e+03
8	2037.697560	1.557006e-15	8.606000e-01	1.557006e-15	1.423100e+04	2.889900e+04
8	371.877064	1.303135e-11	9.677000e-01	3.030779e-13	1.818700e+04	1.026800e+04
8	1956.719482	1.374110e-13	8.674000e-01	1.374110e-13	2.945000e+03	1.739500e+04
8	2974.936147	1.690376e-16	8.742000e-01	1.690376e-16	6.027000e+03	4.461600e+04
8	424.614145	5.462923e-13	8.334000e-01	6.859541e-15	1.009500e+04	4.048600e+04
8	1912.654190	1.633543e-12	9.779000e-01	1.543328e-30	1.514800e+04	2.229600e+04
8	2532.011757	1.899999e-16	8.555000e-01	3.494113e-21	2.430600e+04	5.974600e+04
8	2240.941779	1.532431e-16	8.436000e-01	1.532431e-16	2.845100e+04	3.389600e+04
8	1883.893447	1.045650e-10	9.439000e-01	1.549681e-26	8.700000e+02	7.012000e+03
8	3663.739126	1.000000e-05	9.026193e-01	9.567520e-09	4.915501e+04	2.864213e+04
8	857.532954	2.324621e-12	9.439000e-01	5.268708e-27	2.166600e+04	7.150000e+02
8	3729.467184	1.000000e-05	9.252193e-01	1.954209e-09	4.900000e+04	3.325600e+04
8	1085.699788	2.579278e-10	9.507000e-01	3.120640e-11	3.626600e+04	1.078000e+03
8	458.668856	1.000000e-05	8.632800e-01	8.976196e-12	2.394999e+04	1.828299e+04
8	3455.670010	4.745422e-06	8.300000e-01	8.976701e-09	1.500505e+04	4.052010e+04
8	2642.039473	5.317844e-18	8.691000e-01	7.596170e-20	3.760500e+04	4.587800e+04
8	1952.502712	4.074728e-13	9.388000e-01	2.313547e-36	1.397300e+04	5.213000e+04
8	2708.464589	6.559850e-12	9.252000e-01	5.568900e-28	1.921900e+04	2.008000e+03
8	5800.525737	9.500000e-16	9.490000e-01	3.145572e-38	3.861900e+04	5.978800e+04
8	1933.271659	1.469093e-12	9.014000e-01	1.407606e-26	9.348000e+03	1.014400e+04
8	428.024493	4.081251e-16	9.711000e-01	1.824023e-16	4.295800e+04	2.774000e+04
8	1940.784664	8.682516e-13	8.725000e-01	8.682516e-13	9.800000e+03	2.630000e+03
8	3635.054127	6.026657e-08	9.608979e-01	1.000000e-08	2.319000e+04	3.190300e+04
8	449.715366	1.295553e-10	9.540375e-01	1.295553e-10	1.181497e+04	5.597397e+04
8	1894.137127	4.967786e-12	8.487000e-01	4.967786e-12	2.052000e+03	1.028200e+04
8	1917.780417	3.074560e-12	9.354000e-01	9.139530e-33	8.904000e+03	2.761000e+04
8	1012.704245	7.224433e-11	8.506005e-01	7.224433e-11	5.641400e+04	1.247100e+04
8	448.219015	5.550981e-10	9.643000e-01	8.466439e-14	8.900000e+03	1.288000e+04
8	3118.306005	7.800000e-16	9.881000e-01	1.974723e-21	2.592400e+04	5.513600e+04
8	2202.423372	1.580230e-15	8.300000e-01	1.120783e-19	2.397600e+04	1.566800e+04
8	20906.315863	1.972459e-07	9.116001e-01	2.401466e-17	4.736100e+04	4.930000e+04
8	448.408451	7.177884e-06	8.639780e-01	2.782631e-11	5.409002e+04	1.554894e+04
8	-1.000000	-1.000000e+00	-1.000000e+00	-1.000000e+00	-1.000000e+00	-1.000000e+00
8	490.251008	1.493808e-10	9.555968e-01	1.493808e-10	1.138138e+04	4.520817e+04
8	789.342395	5.235302e-09	8.487000e-01	4.244689e-14	3.294900e+04	3.013500e+04
8	694.440692	9.076438e-11	8.538006e-01	7.841082e-11	4.418000e+04	1.234200e+04
8	1727.434205	1.873691e-11	9.949000e-01	1.021644e-17	3.698600e+04	3.575800e+04
8	490.481261	1.000000e-05	8.651167e-01	2.104659e-09	3.280509e+04	5.042025e+03
8	2247.554794	3.994106e-17	8.776000e-01	3.827260e-17	1.936700e+04	3.619800e+04
8	946.928594	2.471736e-12	8.466455e-01	4.730842e-16	5.213700e+04	4.098500e+04
8	3603.680402	1.218674e-17	8.725000e-01	1.218674e-17	1.486700e+04	5.087400e+04
8	828.790012	7.674783e-08	8.453001e-01	3.631089e-13	2.567000e+04	2.404100e+04
8	2266.519677	5.156323e-16	8.742000e-01	3.881886e-36	2.752400e+04	5.231200e+04
8	1489.223781	1.868182e-11	9.422000e-01	1.173375e-15	4.330500e+04	2.557000e+04
8	449.388167	2.467594e-10	8.642890e-01	6.928254e-11	5.041102e+04	1.332896e+04
8	4021.946721	3.573896e-07	9.864000e-01	1.640930e-13	5.860300e+04	5.812900e+04
8	682.802271	2.166023e-12	9.473000e-01	5.140641e-31	2.181800e+04	2.388900e+04
8	3005.551186	1.000000e-05	8.318266e-01	2.373458e-14	5.887300e+04	3.917100e+04
8	1041.426222	2.126160e-10	8.419000e-01	1.464038e-14	4.023000e+04	3.068400e+04
8	2228.221642	9.199124e-16	8.844000e-01	8.248965e-30	2.642600e+04	2.443700e+04
8	469.521919	1.086268e-14	9.745000e-01	2.829487e-18	3.527200e+04	3.784800e+04
8	2270.288418	5.061013e-16	8.657000e-01	1.860268e-31	2.736500e+04	3.267700e+04
8	2706.775693	1.743135e-17	8.895000e-01	3.164750e-20	3.437500e+04	4.945300e+04
8	2503.002124	2.591999e-17	8.419000e-01	3.077243e-20	3.298500e+04	5.288000e+04
8	1911.438903	1.342555e-12	9.609000e-01	2.666469e-34	1.297500e+04	4.100700e+04
8	2413.393749	8.183106e-18	8.929000e-01	8.183106e-18	2.652600e+04	3.891500e+04
8	1707.459031	8.245166e-12	9.983000e-01	8.245166e-12	4.132700e+04	3.523000e+03
8	3926.207340	4.203348e-12	9.302997e-01	4.203348e-12	4.804000e+04	5.312400e+04
8	2142.155100	9.214231e-16	9.337000e-01	2.386015e-34	2.832400e+04	4.073600e+04
8	1889.198648	1.702147e-11	8.504000e-01	4.201033e-26	2.222000e+03	6.897000e+03
8	616.172230	4.632400e-09	8.574569e-01	1.470050e-14	3.636797e+04	3.367502e+04
8	2137.550894	4.066484e-15	9.048000e-01	5.326981e-18	2.352500e+04	5.971000e+03
8	1323.441828	1.217579e-08	9.218000e-01	5.651926e-16	2.778400e+04	2.778100e+04
8	2008.056744	1.062921e-13	8.912000e-01	1.976684e-36	1.534300e+04	5.637700e+04
8	642.911164	4.347749e-12	9.473000e-01	4.772605e-28	2.012900e+04	6.645000e+03
8	3248.158675	6.471386e-12	9.065000e-01	6.471386e-12	7.275000e+03	4.526800e+04
8	1177.088321	1.521446e-12	8.351000e-01	1.521446e-12	7.833000e+03	2.397200e+04
8	8340.220901	9.500000e-16	9.439000e-01	1.203985e-37	3.851100e+04	5.639300e+04
8	2075.234224	1.724637e-14	9.014000e-01	1.724637e-14	1.996200e+04	7.726000e+03
8	420.479290	2.510019e-14	8.436000e-01	3.696266e-17	1.687300e+04	4.940300e+04
8	1897.000162	1.255048e-11	9.031000e-01	6.051584e-28	4.234000e+03	1.272400e+04
8	907.332393	5.555428e-10	8.525247e-01	5.555428e-10	5.127900e+04	7.687996e+03
8	1356.633262	1.305360e-10	9.762000e-01	2.802796e-15	3.606100e+04	2.291900e+04
8	16085.678807	4.612720e-09	9.252001e-01	6.047017e-14	5.903200e+04	3.056700e+04
8	713.759981	2.888249e-11	8.544351e-01	6.559044e-16	4.773110e+04	4.108570e+04
8	498.222934	1.000000e-05	8.651302e-01	2.868373e-09	4.700307e+04	4.289472e+03
8	1925.141027	2.221164e-12	9.099000e-01	1.632171e-28	8.625000e+03	1.638200e+04
8	839.160216	1.818843e-15	9.898000e-01	1.842783e-17	4.172900e+04	3.427300e+04
8	1109.403097	1.155119e-09	9.507000e-01	4.046993e-13	3.248000e+04	1.153200e+04
8	374.349852	2.128790e-11	9.932000e-01	8.584401e-12	2.077000e+04	3.480000e+03
8	447.057669	1.000000e-05	8.643570e-01	6.788384e-11	3.372199e+04	1.338500e+04
8	2026.071177	2.264931e-14	9.371000e-01	9.769847e-31	2.083600e+04	2.801800e+04
8	1888.047061	2.830805e-11	8.929000e-01	1.641405e-26	1.973000e+03	1.036200e+04
8	-1.000000	-1.000000e+00	-1.000000e+00	-1.000000e+00	-1.000000e+00	-1.000000e+00
8	1908.333362	5.040211e-12	8.895000e-01	3.110784e-27	6.046000e+03	1.206700e+04
8	2086.301635	3.103255e-16	9.609000e-01	1.137443e-22	3.295900e+04	5.179900e+04
8	47985.323585	1.738955e-16	8.640000e-01	7.868261e-36	4.460000e+04	5.354200e+04
8	2319.316523	1.291583e-16	9.031000e-01	7.275807e-35	3.163800e+04	4.747900e+04
8	2293.022932	1.337150e-17	8.776000e-01	1.337150e-17	1.909400e+04	3.870100e+04
8	9449.009171	5.354421e-07	9.082006e-01	5.589359e-14	4.199200e+04	3.074500e+04
8	1154.177163	5.996784e-08	8.759003e-01	1.051434e-15	2.508000e+04	2.837300e+04
8	-1.000000	-1.000000e+00	-1.000000e+00	-1.000000e+00	-1.000000e+00	-1.000000e+00
8	487.878737	4.648193e-10	9.546976e-01	4.648193e-10	8.654028e+03	4.351196e+04
8	2000.778602	1.265520e-13	9.048000e-01	2.757842e-30	1.533000e+04	2.383400e+04
8	3779.970007	1.510684e-07	8.402019e-01	5.216055e-11	5.955600e+04	3.700000e+04
8	1255.361071	3.608506e-16	9.779000e-01	3.608506e-16	4.225100e+04	1.748000e+04
8	2109.273063	6.327602e-15	9.133000e-01	6.327602e-15	2.277600e+04	3.629000e+03
8	2242.938708	1.939833e-06	8.763746e-01	1.000000e-08	2.028600e+04	4.450151e+02
8	1099.923269	7.442212e-09	9.779000e-01	4.093871e-13	1.500000e+01	5.649300e+04
8	4002.155079	1.827179e-08	9.796000e-01	3.482464e-13	5.302500e+04	5.611800e+04
8	757.418531	9.435124e-12	8.511533e-01	2.179780e-13	4.943800e+04	2.656800e+04
8	1764.758610	3.841285e-09	8.402002e-01	3.841285e-09	4.542600e+04	9.000000e+00
8	1388.939900	3.227737e-13	8.657000e-01	6.923389e-14	1.204600e+04	5.699800e+04
8	557.917391	1.085436e-15	9.626000e-01	2.087752e-21	4.026600e+04	5.321600e+04
8	2957.604295	2.399963e-16	9.184000e-01	1.180786e-20	1.832900e+04	5.306700e+04
8	518.330840	5.771245e-09	9.533765e-01	5.771245e-09	2.589033e+03	5.422302e+04
8	2498.990130	3.182681e-17	8.521000e-01	1.248371e-18	3.305300e+04	4.090300e+04
8	3097.885949	5.500001e-16	9.677000e-01	4.303334e-22	2.621100e+04	5.855900e+04
8	4018.473622	6.803810e-11	9.150000e-01	1.641144e-29	1.358000e+04	1.049700e+04
8	1885.454356	3.107813e-11	8.623000e-01	4.585418e-27	1.010000e+03	1.238500e+04
8	2657.695400	4.399860e-16	8.878000e-01	5.358438e-20	1.769900e+04	5.101500e+04
8	2384.321787	8.843574e-17	9.116000e-01	4.296394e-17	2.141600e+04	3.418900e+04
8	446.961727	1.000000e-05	8.643408e-01	6.473791e-11	5.672832e+04	1.350032e+04
8	500.601956	7.621621e-16	9.728000e-01	7.621621e-16	4.157000e+04	2.344700e+04
8	1523.735607	1.463342e-10	9.864000e-01	1.191300e-16	3.432500e+04	3.017200e+04
8	3962.415089	1.734014e-12	8.436000e-01	1.734014e-12	5.217400e+04	5.417000e+04
8	3162.986965	1.626325e-12	8.606000e-01	1.626325e-12	9.170000e+03	4.651700e+04
8	1076.796295	3.910806e-08	9.643001e-01	2.275736e-14	2.278900e+04	1.814800e+04
8	3501.736192	1.445799e-06	8.300000e-01	9.187060e-09	1.796131e+04	3.136200e+04
8	481.156103	3.443378e-11	9.507000e-01	2.862793e-30	1.507800e+04	1.879300e+04
8	1994.276896	1.519405e-13	8.691000e-01	1.032721e-30	1.394300e+04	2.730000e+04
8	2320.162395	4.011714e-12	9.813000e-01	1.292816e-20	4.420200e+04	5.121500e+04
8	744.119510	6.402276e-16	9.710959e-01	6.402276e-16	4.148800e+04	2.075300e+04
8	383.298044	1.629218e-11	8.487000e-01	1.458728e-14	1.020000e+03	3.485200e+04
8	1898.890910	4.361225e-12	9.643000e-01	2.521827e-30	1.057900e+04	2.399300e+04
8	1150.944490	8.713521e-10	9.524000e-01	1.361397e-13	3.309500e+04	1.410300e+04
8	3014.411091	9.000000e-17	9.881000e-01	8.452591e-21	3.174700e+04	5.178800e+04
8	460.499259	8.251321e-12	9.556827e-01	8.251321e-12	1.848703e+04	5.785996e+04
8	1254.916102	1.977254e-11	8.623000e-01	6.782978e-13	2.078000e+03	5.095900e+04
8	2831.615599	4.799943e-16	9.677000e-01	1.334024e-19	2.403300e+04	4.600200e+04
8	1131.765040	2.247486e-14	8.606000e-01	7.359645e-17	1.100900e+04	4.659700e+04
8	2001.227381	8.378774e-14	9.286000e-01	5.521761e-31	1.724200e+04	2.495400e+04
8	1220.395947	2.261184e-12	8.368000e-01	1.335834e-12	6.803000e+03	4.535100e+04
8	1891.963708	1.003139e-11	9.677000e-01	7.443468e-33	9.064000e+03	3.602100e+04
8	2046.005302	3.156280e-15	8.453000e-01	2.593821e-15	1.901600e+04	2.954000e+04
8	1451.999160	8.764254e-11	9.405000e-01	1.013345e-15	3.947300e+04	2.595000e+04
8	2233.184918	4.675865e-16	9.116000e-01	2.107077e-31	2.890900e+04	2.835800e+04
8	428.690440	2.592016e-10	9.608865e-01	2.734624e-14	1.054000e+04	1.488200e+04
8	500.038012	7.346815e-12	8.589000e-01	8.816687e-14	6.730000e+02	2.977200e+04
8	1950.795686	5.577190e-13	9.320000e-01	3.981863e-34	1.284700e+04	4.067700e+04
8	1123.532402	1.430782e-07	8.640002e-01	6.280589e-16	4.517100e+04	4.143700e+04
8	1086.389793	4.908178e-09	9.558000e-01	1.506538e-13	2.855200e+04	1.379900e+04
8	452.438432	1.000000e-05	8.647323e-01	2.061752e-10	4.762501e+04	1.068799e+04
8	1371.284366	1.926110e-12	9.048000e-01	5.338528e-14	8.778000e+03	5.943600e+04
8	470.650397	1.000000e-05	8.650293e-01	8.226159e-10	5.169594e+04	7.325997e+03
8	2132.148359	5.012718e-09	9.647076e-01	5.012718e-09	3.131997e+03	3.108402e+04
8	502.532312	1.000000e-05	8.617612e-01	7.393307e-13	2.775415e+04	2.433398e+04
8	880.794696	8.231105e-07	8.861010e-01	1.464496e-12	1.829600e+04	1.033700e+04
8	3917.561648	3.165656e-08	9.182519e-01	1.000000e-08	5.631200e+04	2.793000e+04
8	1957.546328	4.848446e-13	8.674000e-01	4.993788e-29	1.113300e+04	1.730000e+04
8	1118.444715	1.641568e-11	9.915000e-01	1.400025e-11	3.866800e+04	2.391000e+03
8	3578.298907	1.980341e-07	8.300000e-01	9.945412e-09	2.292313e+04	3.397908e+04
8	927.655755	2.403211e-16	9.847000e-01	7.669122e-20	4.521800e+04	4.664500e+04
8	1544.100254	2.719617e-13	8.504000e-01	2.719617e-13	1.249000e+04	5.116000e+04
8	4012.606920	4.514006e-06	8.334002e-01	5.104522e-15	3.088400e+04	5.761400e+04
8	530.242867	4.986658e-11	9.813000e-01	4.689860e-15	1.622000e+04	2.117400e+04
8	1157.468299	1.374431e-10	9.711000e-01	4.119638e-13	3.644600e+04	1.115100e+04
8	464.824060	1.000000e-05	8.630529e-01	5.008809e-12	3.123998e+04	1.970500e+04
8	1202.177792	3.981064e-12	8.385000e-01	2.313715e-12	5.473000e+03	4.452300e+04
8	2365.448134	1.222723e-16	8.334000e-01	7.694932e-32	3.002400e+04	3.179200e+04
8	449.391736	1.000000e-05	8.638843e-01	2.284780e-11	4.001197e+04	1.602703e+04
8	1393.795551	1.609063e-13	8.402000e-01	3.485805e-14	1.319600e+04	5.562700e+04
8	518.024603	1.000000e-05	8.613353e-01	4.063446e-13	3.181318e+04	2.578234e+04
8	3938.164991	6.288148e-06	8.758967e-01	1.315939e-12	5.761200e+04	5.002000e+04
8	3708.607857	3.605565e-06	9.014451e-01	2.718974e-09	5.721800e+04	3.176700e+04
8	489.583027	1.000000e-05	8.650863e-01	1.981251e-09	2.758800e+04	5.186999e+03
8	556.347883	9.169894e-06	8.603393e-01	1.139568e-13	5.595740e+04	2.885303e+04
8	1312.178427	1.188283e-12	8.589000e-01	3.231003e-13	8.779000e+03	5.256500e+04
8	2113.629904	2.527751e-07	8.725003e-01	9.258952e-16	4.469900e+04	4.054100e+04
8	397.928549	1.327107e-12	8.521000e-01	1.616435e-14	6.602000e+03	3.427700e+04
8	484.715885	1.000000e-05	8.623331e-01	1.617495e-12	3.866598e+04	2.244200e+04
8	560.529433	1.000000e-05	8.602358e-01	1.003907e-13	5.975942e+04	2.915889e+04
8	3990.133759	4.914749e-07	8.657006e-01	1.499876e-13	5.312400e+04	5.493000e+04
8	4014.040423	8.430806e-06	9.779015e-01	2.152373e-13	5.511000e+04	5.731800e+04
8	1926.314437	2.093853e-12	9.099000e-01	4.149961e-29	8.767000e+03	2.004700e+04
8	101532.246189	9.781181e-17	8.368000e-01	8.332076e-19	4.590500e+04	5.940700e+04
8	1391.516014	1.622763e-10	9.949000e-01	5.201236e-16	3.156000e+04	2.661500e+04
8	2076.703372	1.351318e-14	9.150000e-01	5.397755e-34	2.103200e+04	4.000900e+04
8	33078.096964	1.814094e-15	8.725000e-01	1.515464e-35	3.899300e+04	5.330200e+04
8	1922.484906	2.517499e-12	9.065000e-01	6.043387e-30	8.212000e+03	2.095500e+04
8	1897.625440	6.811934e-12	9.592000e-01	1.651687e-29	8.850000e+03	2.019500e+04
8	677.117054	2.692661e-17	9.779000e-01	2.347458e-21	4.941300e+04	5.404400e+04
8	2841.139991	7.316215e-11	9.218000e-01	5.658460e-28	1.339000e+04	4.666000e+03
8	1317.035182	3.721333e-11	8.572000e-01	3.832260e-14	4.430000e+02	5.784800e+04
8	2026.534468	6.366204e-14	8.929000e-01	1.289342e-32	1.661300e+04	3.678300e+04
8	3754.665229	3.019573e-06	9.628150e-01	1.265024e-09	5.681700e+04	3.509000e+04
8	476.854584	4.165687e-10	9.543412e-01	4.165687e-10	8.941003e+03	4.482601e+04
8	378.840636	2.645039e-11	9.915000e-01	7.613985e-12	1.971400e+04	3.760000e+03
8	479.920500	5.782233e-06	8.624939e-01	2.054335e-12	5.265155e+04	2.186343e+04
8	514.784683	5.612869e-09	9.560622e-01	2.542622e-12	2.802101e+03	1.702939e+03
8	2069.086644	8.000000e-16	9.660000e-01	1.590583e-36	3.090600e+04	5.704500e+04
8	2008.172622	1.060750e-13	8.878000e-01	1.067441e-28	1.525600e+04	1.905100e+04
8	2418.087412	1.625718e-17	9.031000e-01	1.625718e-17	2.188300e+04	3.683600e+04
8	1511.711699	6.435661e-13	9.949000e-01	1.199034e-15	4.552300e+04	2.466300e+04
8	532.393471	5.178287e-06	8.650814e-01	8.897742e-09	5.545901e+04	1.536016e+03
8	528.692271	1.157683e-09	9.555021e-01	1.157683e-09	6.384020e+03	3.979400e+04
8	1191.599825	6.438321e-11	9.388000e-01	7.885155e-13	4.034400e+04	1.017100e+04
8	1257.065607	7.162228e-16	9.524000e-01	3.852376e-20	4.119400e+04	4.458000e+04
8	447.372355	1.000000e-05	8.641178e-01	3.796748e-11	3.553985e+04	1.479506e+04
8	1234.894728	3.102998e-12	9.966000e-01	1.264830e-13	4.049500e+04	1.362200e+04
8	1761.773540	1.054646e-13	9.779000e-01	9.226944e-17	5.389600e+04	3.089800e+04
8	4589.573748	1.000000e-05	8.300353e-01	1.000000e-08	3.954300e+04	7.984000e+03
8	661.171964	1.468043e-10	8.560574e-01	3.508926e-15	4.426358e+04	3.709529e+04
8	472.620851	1.000000e-05	8.622334e-01	6.281706e-12	1.888100e+04	1.908123e+04
8	6496.198344	4.463866e-09	9.013999e-01	4.463866e-09	3.471000e+03	5.858300e+04
8	456.780699	1.000000e-05	8.648462e-01	3.185807e-10	4.653298e+04	9.631016e+03
8	2597.944424	6.834668e-17	9.881000e-01	4.973581e-18	1.551400e+04	3.754100e+04
8	711.218751	1.235444e-08	9.615686e-01	1.000000e-08	2.120382e+02	3.180396e+04
8	462.750845	1.000000e-05	8.649464e-01	5.047323e-10	4.707896e+04	8.513040e+03
8	3962.716213	3.846437e-07	8.351008e-01	5.888358e-14	4.840900e+04	5.243700e+04
8	1215.093999	1.039760e-12	8.404686e-01	1.039760e-12	5.382800e+04	1.922899e+04
8	1201.727971	3.586167e-09	9.473000e-01	1.259814e-14	2.980000e+04	1.985400e+04
8	1068.715145	6.936535e-11	8.419000e-01	6.324532e-16	4.306600e+04	3.832200e+04
8	2528.088039	4.661059e-08	9.779001e-01	1.230514e-17	5.653400e+04	3.559900e+04
8	852.601817	1.000000e-05	8.521163e-01	2.564395e-16	4.364300e+04	4.344400e+04
8	2902.597640	1.400000e-16	9.813000e-01	1.452877e-20	3.111500e+04	5.039800e+04
8	1165.862576	2.186910e-11	8.334000e-01	1.601511e-12	1.268000e+03	4.313000e+04
8	125986.849079	1.523917e-17	8.895000e-01	9.580528e-19	5.010100e+04	5.783500e+04
8	428.974825	1.967881e-10	9.949000e-01	1.608166e-12	1.615600e+04	7.515000e+03
8	2040.749930	3.635275e-14	9.133000e-01	2.183780e-31	1.860400e+04	3.008300e+04
8	3154.002626	1.000000e-17	9.932000e-01	4.020363e-21	1.834900e+04	5.369100e+04
8	1020.997956	1.380962e-08	9.371001e-01	6.874729e-13	2.689300e+04	1.053000e+04
8	1901.736776	7.295043e-12	8.810000e-01	4.718396e-27	4.938000e+03	1.395000e+04
8	448.983044	1.143646e-10	9.540838e-01	1.143646e-10	1.211800e+04	5.677701e+04
8	453.103189	1.000000e-05	8.636227e-01	1.360253e-11	4.951869e+04	1.728448e+04
8	1280.620404	1.644139e-10	9.779000e-01	1.043749e-14	3.529100e+04	1.979100e+04
8	2141.300159	3.750854e-15	9.048000e-01	1.294613e-30	2.371700e+04	2.484500e+04
8	2090.417981	1.363547e-14	8.470000e-01	1.363547e-14	1.921000e+04	5.030000e+02
8	44219.219843	3.528334e-08	9.881000e-01	1.452200e-12	5.097600e+04	2.293100e+04
8	2107.578393	8.117809e-15	9.031000e-01	3.949386e-37	2.182500e+04	5.876100e+04
8	502.872548	1.000000e-05	8.651315e-01	3.409162e-09	4.761007e+04	3.869438e+03
8	3088.773902	7.399967e-16	9.983000e-01	9.660245e-21	8.007000e+03	5.164200e+04
8	-1.000000	-1.000000e+00	-1.000000e+00	-1.000000e+00	-1.000000e+00	-1.000000e+00
8	2056.999432	2.204691e-15	9.490000e-01	1.055544e-35	2.724400e+04	5.013200e+04
8	1040.835781	1.853024e-09	9.796000e-01	8.241002e-13	2.899700e+04	9.364000e+03
8	2091.977685	1.406708e-16	9.745000e-01	4.279212e-37	3.701600e+04	5.431100e+04
8	2254.761716	2.174703e-16	9.184000e-01	2.430611e-31	3.101000e+04	2.736200e+04
8	460.749501	1.000000e-05	8.649047e-01	4.311837e-10	3.028998e+04	8.895012e+03
8	1937.940324	1.194501e-12	9.014000e-01	8.994965e-34	9.845000e+03	3.888200e+04
8	3782.291012	1.000000e-08	8.776007e-01	1.000000e-08	5.847400e+04	7.300000e+01
8	533.194869	2.300177e-16	9.762000e-01	2.641584e-19	4.441400e+04	4.328400e+04
8	488.947694	1.000000e-05	8.651164e-01	1.979742e-09	3.653600e+04	5.191000e+03
8	1914.885065	3.980229e-12	9.252000e-01	4.197255e-28	7.797000e+03	1.501800e+04
8	1042.820898	8.632146e-10	9.643000e-01	1.118852e-11	3.237000e+04	3.322000e+03
8	2203.236825	2.000000e-17	9.609000e-01	4.327853e-36	3.897400e+04	5.392200e+04
8	611.544957	5.169928e-09	8.576260e-01	1.708468e-14	3.620191e+04	3.331797e+04
8	109821.735831	5.309890e-09	9.847000e-01	9.642842e-19	5.798800e+04	5.690500e+04
8	2041.411911	1.000165e-14	9.405000e-01	2.477200e-33	2.301000e+04	3.870100e+04
8	2486.766671	9.844791e-14	9.915000e-01	4.208518e-21	5.156600e+04	5.359200e+04
8	2337.085930	1.711233e-16	8.691000e-01	4.370866e-35	2.998700e+04	4.894500e+04
8	406.707800	3.030954e-11	9.813000e-01	4.930100e-13	1.746200e+04	1.011500e+04
8	478.010609	1.204977e-09	9.534245e-01	1.204977e-09	6.398024e+03	5.641496e+04
8	1028.101833	4.685866e-16	9.557999e-01	7.226614e-20	4.223400e+04	4.391400e+04
8	3882.666271	1.687356e-11	9.579118e-01	1.687356e-11	4.359500e+04	4.883800e+04
8	2222.374098	6.827429e-18	8.606000e-01	6.827429e-18	2.384300e+04	4.178400e+04
8	2261.739042	1.952341e-16	8.708000e-01	1.952341e-16	7.553000e+03	4.426300e+04
8	468.223040	9.782844e-06	8.650081e-01	7.152308e-10	5.667802e+04	7.665968e+03
8	443.461450	2.400366e-10	9.558000e-01	3.916764e-13	1.047800e+04	6.373000e+03
8	1550.702291	6.072443e-13	8.419000e-01	6.072443e-13	9.553000e+03	2.369400e+04
8	2111.010514	1.216356e-16	8.572000e-01	1.216356e-16	2.229300e+04	3.531200e+04
8	31148.169671	8.326920e-08	9.643001e-01	1.087683e-12	4.934400e+04	2.362200e+04
8	533.251399	1.000000e-05	8.650787e-01	9.123709e-09	4.202600e+04	1.475000e+03
8	538.580377	1.643999e-08	9.711000e-01	9.693381e-12	1.213000e+03	2.361000e+03
8	447.491107	1.000000e-05	8.642980e-01	6.305073e-11	2.722398e+04	1.356202e+04
8	595.398800	1.250869e-08	8.606011e-01	1.000000e-08	3.736000e+04	1.071000e+03
8	1110.225888	1.357031e-09	9.541000e-01	2.958889e-13	3.188500e+04	1.221900e+04
8	478.510493	1.237345e-09	9.534195e-01	1.237345e-09	6.333673e+03	5.958853e+04
8	3088.097256	2.854338e-08	8.323792e-01	7.636467e-09	4.987100e+04	8.379999e+03
8	3933.527882	4.575836e-07	9.728001e-01	4.353483e-12	5.937000e+04	4.959800e+04
8	772.844386	7.712932e-12	9.439000e-01	1.467023e-27	1.876000e+04	2.291000e+03
8	953.091913	1.415798e-11	8.657000e-01	1.415798e-11	1.267000e+03	1.753300e+04
8	1493.952842	1.221895e-10	9.711000e-01	3.029188e-16	3.672500e+04	2.822000e+04
8	1472.023846	8.108414e-12	9.609000e-01	2.084127e-15	4.438000e+04	2.386300e+04
8	485.857326	1.757470e-06	8.622960e-01	1.531050e-12	5.697402e+04	2.257492e+04
8	1813.195720	3.049959e-10	9.405000e-01	2.095907e-18	3.630800e+04	4.038700e+04
8	1880.097079	5.109833e-11	9.727999e-01	1.388134e-30	5.944000e+03	2.419700e+04
8	2159.911378	2.781719e-15	8.997000e-01	3.321207e-30	2.425900e+04	2.616000e+04
8	2639.318602	5.074013e-19	9.048000e-01	5.074013e-19	2.936300e+04	4.492100e+04
8	1276.707505	8.252046e-12	9.065000e-01	8.252046e-12	5.533000e+03	4.612500e+04
8	7985.145493	8.067034e-07	9.048010e-01	8.910939e-14	4.017800e+04	2.961900e+04
8	1107.601969	4.409675e-09	9.575000e-01	8.681596e-14	2.871700e+04	1.508300e+04
8	449.774692	1.000000e-05	8.646230e-01	1.433241e-10	4.282999e+04	1.157100e+04
8	446.889196	1.000000e-05	8.642763e-01	5.509333e-11	4.908701e+04	1.389181e+04
8	20217.548407	3.002868e-17	9.031000e-01	1.624121e-35	4.876900e+04	5.305800e+04
8	1935.882168	1.267021e-12	8.929000e-01	2.836578e-30	9.458000e+03	2.137000e+04
8	449.214449	2.629804e-06	8.638998e-01	2.358603e-11	5.975788e+04	1.594992e+04
8	741.649064	1.382837e-13	8.555000e-01	9.401757e-17	1.062200e+04	4.623200e+04
8	1910.888458	4.864940e-12	9.082000e-01	2.972956e-29	6.681000e+03	2.082900e+04
8	3475.047078	1.308395e-06	9.148494e-01	1.000000e-08	1.624700e+04	5.318900e+04
8	-1.000000	-1.000000e+00	-1.000000e+00	-1.000000e+00	-1.000000e+00	-1.000000e+00
8	847.109160	1.322893e-08	9.914981e-01	5.219021e-16	4.747000e+03	2.655303e+04
8	1332.119820	9.049877e-12	8.759000e-01	5.643375e-14	4.272000e+03	5.813700e+04
8	447.443137	1.000000e-05	8.641032e-01	3.664648e-11	4.935193e+04	1.488105e+04
8	1933.290942	4.943343e-13	8.521000e-01	1.529665e-13	6.447000e+03	1.854600e+04
8	1343.591742	1.627325e-12	9.694000e-01	7.703478e-14	4.781700e+04	1.518100e+04
8	4016.103051	2.015094e-13	9.473000e-01	2.015094e-13	5.637000e+04	5.860800e+04
8	1916.613970	2.477377e-12	8.538000e-01	1.797230e-26	6.935000e+03	1.106100e+04
8	11823.293844	1.473908e-08	8.997000e-01	1.391061e-16	5.728500e+04	4.511300e+04
8	456.426946	1.000000e-05	8.633879e-01	1.180917e-11	2.323000e+04	1.761499e+04
8	1085.781460	8.896010e-10	9.439000e-01	1.932539e-12	3.348400e+04	7.914000e+03
8	1122.810262	1.106298e-09	9.065000e-01	6.802482e-13	3.432200e+04	1.136200e+04
8	468.791470	4.474221e-10	9.539417e-01	4.474221e-10	8.788026e+03	4.652996e+04
8	3576.148885	1.000000e-05	8.363278e-01	9.140928e-09	5.054803e+04	2.282791e+04
8	3429.846539	9.259662e-06	8.300000e-01	7.973619e-09	1.334588e+04	4.279317e+04
8	3870.704781	8.722223e-06	8.708115e-01	1.189739e-11	5.085900e+04	4.415400e+04
8	458.202852	1.000000e-05	8.632484e-01	1.158266e-11	2.180101e+04	1.765200e+04
8	1980.923221	2.321605e-13	8.759000e-01	4.241266e-29	1.308800e+04	2.050200e+04
8	468.397328	1.000000e-05	8.629033e-01	3.983448e-12	2.879600e+04	2.025900e+04
8	1864.274455	3.214967e-10	9.796000e-01	3.075071e-29	2.741000e+03	1.783600e+04
8	838.171715	4.792288e-09	9.615517e-01	4.792288e-09	2.650027e+03	3.269602e+04
8	3990.828525	9.999990e-06	8.928982e-01	2.496621e-13	5.719500e+04	5.499600e+04
8	73437.319563	1.290949e-08	9.456003e-01	1.000000e-08	5.974800e+04	2.402100e+04
8	397.631301	5.439090e-11	9.620020e-01	5.186817e-15	1.436600e+04	1.907700e+04
8	3920.440096	7.681837e-06	9.626007e-01	6.483385e-12	5.406800e+04	4.842600e+04
8	2091.922085	1.932221e-15	9.405000e-01	1.514284e-34	2.695800e+04	4.305800e+04
8	2201.197716	1.301268e-15	8.963000e-01	3.017928e-31	2.595200e+04	2.858900e+04
8	1188.877560	1.082056e-08	9.014000e-01	8.605502e-15	2.872500e+04	2.199000e+04
8	3913.824654	5.658652e-12	9.184000e-01	1.724537e-31	1.959000e+04	1.895300e+04
8	1095.379202	6.875521e-10	9.286000e-01	3.078740e-12	3.478300e+04	7.124000e+03
8	448.301473	9.951752e-06	8.645293e-01	1.080043e-10	5.091801e+04	1.225796e+04
8	2081.055003	1.141427e-11	9.592000e-01	2.330214e-19	4.359900e+04	4.503500e+04
8	3794.246825	2.006528e-10	9.217999e-01	2.006528e-10	3.804200e+04	5.580600e+04
8	2157.177850	2.365382e-15	9.099000e-01	7.546320e-29	2.499300e+04	1.822400e+04
8	503.993348	6.271431e-13	8.623000e-01	6.271431e-13	6.800000e+03	2.500900e+04
8	479.916030	1.000000e-05	8.650868e-01	1.324772e-09	5.767497e+04	6.167737e+03
8	2222.671104	6.500741e-16	9.082000e-01	3.143264e-34	2.799800e+04	4.531600e+04
8	1903.604417	4.748323e-12	8.827000e-01	4.748323e-12	5.543000e+03	3.130000e+03
8	449.268064	1.149477e-10	9.540936e-01	1.149477e-10	1.210500e+04	5.557000e+04
8	1884.647067	8.261487e-11	9.524000e-01	1.548259e-31	2.094000e+03	2.936500e+04
8	3056.055849	9.399988e-16	9.745000e-01	1.213993e-20	1.707500e+04	5.148500e+04
8	2015.649543	3.377630e-18	8.453000e-01	3.377630e-18	3.026500e+04	4.748400e+04
8	2165.044356	5.086681e-16	9.337000e-01	1.040357e-32	2.974500e+04	3.585900e+04
8	3918.407606	3.398664e-07	8.504016e-01	1.207628e-12	4.329500e+04	4.825500e+04
8	4006.280208	6.749196e-06	9.558000e-01	2.550705e-13	5.691200e+04	5.653200e+04
8	1779.588532	1.000000e-05	8.402227e-01	2.254671e-16	4.642400e+04	4.050100e+04
8	2739.907178	2.199618e-16	9.490000e-01	5.883450e-19	1.775800e+04	4.314500e+04
8	3469.494198	3.321120e-06	8.300000e-01	9.592838e-09	1.589188e+04	3.687317e+04
8	1493.407656	6.683938e-11	9.660000e-01	4.498678e-16	3.867300e+04	2.737700e+04
8	1901.283133	5.643350e-12	8.691000e-01	5.643350e-12	5.040000e+03	1.870000e+03
8	1228.049528	6.092554e-11	9.388000e-01	2.245007e-13	4.048100e+04	1.317700e+04
8	364.571720	9.314667e-12	9.796000e-01	4.703610e-12	2.008500e+04	4.612000e+03
8	1262.571098	1.057419e-09	9.303000e-01	9.792149e-15	3.362200e+04	2.081800e+04
8	2124.650689	5.038375e-15	9.082000e-01	5.645210e-29	2.313300e+04	1.889000e+04
8	2217.845286	1.215099e-15	8.691000e-01	4.865363e-37	2.538500e+04	5.859600e+04
8	-1.000000	-1.000000e+00	-1.000000e+00	-1.000000e+00	-1.000000e+00	-1.000000e+00
8	3843.381503	7.829038e-12	9.864024e-01	7.829038e-12	4.169100e+04	5.822500e+04
8	473.034407	1.000000e-05	8.627370e-01	2.986059e-12	3.745092e+04	2.095802e+04
8	2882.489652	7.700000e-16	9.796000e-01	1.099113e-21	2.805900e+04	5.586200e+04
8	2182.004802	1.931755e-15	8.946000e-01	1.539107e-34	2.496500e+04	4.137100e+04
8	1951.300592	5.149689e-13	8.572000e-01	5.149689e-13	1.062600e+04	7.353000e+03
8	389.021006	8.880232e-14	9.626000e-01	1.930470e-18	2.976700e+04	3.757300e+04
8	2602.629286	5.148153e-12	8.538000e-01	5.148153e-12	6.097000e+03	4.320500e+04
8	822.823494	2.930997e-10	9.405000e-01	4.442303e-29	9.956000e+03	5.769000e+03
8	4106.507388	8.005650e-15	8.861000e-01	8.005650e-15	5.405000e+03	3.539300e+04
8	97823.208244	1.000000e-05	9.880998e-01	9.321509e-18	5.908400e+04	5.155800e+04
8	451.607315	1.000000e-05	8.637167e-01	1.862840e-11	2.535398e+04	1.651705e+04
8	18162.020220	1.045001e-07	9.133002e-01	2.161518e-16	4.691600e+04	4.406900e+04
8	456.476960	9.763634e-06	8.634131e-01	2.816841e-11	2.028497e+04	1.547599e+04
8	2060.787487	6.638102e-15	8.776000e-01	6.638102e-15	1.286600e+04	2.378400e+04
8	3175.239168	6.300030e-16	9.218000e-01	6.178614e-22	1.757200e+04	5.966000e+04
8	2450.152201	2.503020e-13	9.915000e-01	4.937764e-21	4.919800e+04	5.323100e+04
8	523.185212	1.000000e-05	8.650767e-01	6.604164e-09	2.768999e+04	2.258998e+03
8	1370.622241	4.479672e-09	9.625421e-01	4.479672e-09	3.034992e+03	3.183898e+04
8	576.305684	2.756377e-08	8.635282e-01	1.000000e-08	4.621198e+04	9.930014e+02
8	1898.040053	6.662136e-12	8.317000e-01	3.244129e-23	4.137000e+03	4.219000e+03
8	3911.345624	7.208019e-06	9.184084e-01	6.215287e-12	5.877800e+04	4.762400e+04
8	1126.833943	4.307302e-11	9.881000e-01	1.944848e-12	3.709100e+04	7.191000e+03
8	17058.980836	5.596574e-09	9.218001e-01	8.444260e-15	5.777300e+04	3.529700e+04
8	51939.782944	1.621505e-15	8.521000e-01	2.161744e-35	3.926700e+04	5.280000e+04
8	1889.536029	1.352248e-11	9.949000e-01	1.352248e-11	5.692600e+04	2.461000e+03
8	621.820999	1.987184e-09	8.572913e-01	1.226224e-14	3.837685e+04	3.410972e+04
8	1930.647033	1.261970e-12	8.946000e-01	1.261970e-12	9.212000e+03	4.817000e+03
8	2965.037316	8.600000e-16	9.966000e-01	6.570434e-22	3.355700e+04	5.714100e+04
8	515.167804	4.560237e-09	9.535296e-01	4.560237e-09	3.153030e+03	4.268596e+04
8	379.473659	2.314441e-11	8.504000e-01	1.749594e-11	2.640000e+02	1.783100e+04
8	2932.600641	2.410956e-17	8.708000e-01	2.410956e-17	1.146200e+04	4.925000e+04
8	1103.579021	3.077753e-09	9.439000e-01	1.957744e-13	3.035600e+04	1.339600e+04
8	446.892865	1.000000e-05	8.642659e-01	5.370115e-11	5.749509e+04	1.395392e+04
8	2566.382027	1.393051e-17	8.861000e-01	8.942172e-23	3.611800e+04	5.919000e+04
8	1971.066840	3.094058e-13	8.691000e-01	1.469885e-29	1.224500e+04	2.197600e+04
8	555.465082	1.653199e-08	8.598208e-01	1.095068e-13	3.559201e+04	2.890602e+04
8	987.736549	9.533854e-09	9.099000e-01	4.123275e-11	2.880400e+04	1.361000e+03
8	1906.813836	6.307919e-12	9.082000e-01	1.152319e-27	6.055000e+03	1.205400e+04
8	610.404398	1.278702e-10	8.578315e-01	1.783414e-14	4.556134e+04	3.323195e+04
8	2052.457710	3.306118e-14	8.640000e-01	6.028475e-37	1.746000e+04	5.863800e+04
8	20861.813799	9.553758e-09	9.269001e-01	3.820964e-15	5.486500e+04	3.720200e+04
8	1684.611249	7.484534e-11	8.410599e-01	7.484534e-11	5.268100e+04	9.949999e+03
8	1930.962854	7.228373e-13	8.368000e-01	5.344785e-13	8.684000e+03	1.620800e+04
8	1941.692905	4.954844e-13	9.456000e-01	2.324646e-33	1.394300e+04	3.792300e+04
8	1886.624467	5.433443e-11	9.524000e-01	3.080379e-25	3.110000e+03	1.988000e+03
8	501.128958	9.663943e-07	8.651314e-01	3.198194e-09	5.847052e+04	4.024790e+03
8	500.316897	8.897705e-06	8.651312e-01	3.103335e-09	5.331101e+04	4.098011e+03
8	549.801802	1.057417e-08	9.539663e-01	1.000000e-08	1.084959e+03	3.813297e+04
8	423.863077	1.232259e-12	9.779000e-01	4.890651e-15	2.460800e+04	2.087100e+04
8	487.016279	2.351215e-11	9.507000e-01	1.082503e-28	1.600500e+04	1.611500e+04
8	486.636997	9.749380e-06	8.651113e-01	1.795602e-09	5.702908e+04	5.428422e+03
8	3704.159608	2.107158e-06	8.827417e-01	2.322125e-09	5.903600e+04	3.145300e+04
8	403.161012	1.067643e-10	9.779000e-01	4.719562e-12	1.405800e+04	4.550000e+03
8	1554.685720	5.541003e-10	9.099000e-01	4.698729e-17	3.594400e+04	3.403300e+04
8	530.859964	1.000000e-05	8.650749e-01	8.438833e-09	3.002599e+04	1.663998e+03
8	499.964412	1.000000e-05	8.651311e-01	3.062807e-09	4.888699e+04	4.129978e+03
8	2933.700651	1.614048e-07	8.334001e-01	7.657063e-13	2.884200e+04	2.928300e+04
8	1824.754914	5.502606e-11	9.490000e-01	3.895880e-18	4.022100e+04	3.875800e+04
8	702.506778	1.477447e-10	9.864000e-01	4.858692e-16	1.440600e+04	2.665000e+04
8	2217.750055	1.889647e-12	9.898000e-01	5.409684e-20	4.455100e+04	4.783900e+04
8	1930.188971	1.658355e-12	8.963000e-01	5.766301e-30	8.907000e+03	1.906600e+04
8	1918.697957	1.827514e-12	8.351000e-01	2.482327e-13	6.746000e+03	1.759100e+04
8	2267.096419	2.418603e-16	9.116000e-01	4.499433e-21	3.047300e+04	3.189000e+04
8	4022.994293	1.638724e-13	9.133000e-01	1.638724e-13	5.774700e+04	5.892200e+04
8	1382.913149	5.601796e-11	9.456000e-01	4.698165e-15	4.036800e+04	2.222600e+04
8	1538.921997	2.784869e-13	9.388000e-01	7.567768e-30	2.681900e+04	1.946700e+04
8	3686.064937	1.264021e-12	9.218000e-01	5.113249e-31	2.320600e+04	2.206200e+04
8	4006.070173	7.138619e-07	9.404926e-01	2.295667e-13	4.746800e+04	5.651100e+04
8	457.387083	1.000000e-05	8.633898e-01	8.880011e-12	3.455298e+04	1.831800e+04
8	2077.136932	1.849862e-14	8.878000e-01	2.655939e-31	1.941400e+04	2.778100e+04
8	2159.363796	3.082478e-15	8.929000e-01	2.731242e-30	2.380800e+04	2.650600e+04
8	520.037397	5.243607e-10	9.557919e-01	5.243607e-10	8.301004e+03	4.149701e+04
8	480.187858	1.000000e-05	8.650721e-01	1.322430e-09	2.939700e+04	6.170999e+03
8	1715.819661	1.139222e-11	9.558000e-01	3.545785e-17	4.383100e+04	3.349400e+04
8	1415.895942	4.569684e-16	9.796000e-01	4.569684e-16	4.106300e+04	3.093000e+03
8	473.209694	1.000000e-05	8.627309e-01	2.955462e-12	5.302789e+04	2.098299e+04
8	3058.605959	6.099897e-16	9.473000e-01	8.909271e-21	1.286200e+04	5.277800e+04
8	1359.070275	6.181289e-13	9.014000e-01	2.549659e-13	1.140100e+04	5.534300e+04
8	2612.062430	4.997258e-17	9.847000e-01	4.090043e-18	1.995700e+04	3.804000e+04
8	4009.451188	1.126107e-08	8.691000e-01	7.679447e-14	5.312000e+04	5.685500e+04
8	552.712790	4.576562e-06	8.665168e-01	2.557578e-11	1.889900e+04	1.568700e+04
8	982.309899	5.488982e-10	8.436000e-01	6.148584e-14	3.796800e+04	2.793600e+04
8	496.573708	3.513042e-06	8.651290e-01	2.692869e-09	5.806400e+04	4.443008e+03
8	1937.532400	1.221162e-12	9.031000e-01	3.724189e-29	9.844000e+03	1.944500e+04
8	354.090630	1.952307e-11	8.317000e-01	6.672502e-13	1.490000e+03	3.145900e+04
8	477.106311	1.133013e-09	9.534461e-01	1.133013e-09	6.547002e+03	5.179401e+04
8	507.606108	7.820994e-15	8.436000e-01	5.069595e-19	1.943600e+04	5.935900e+04
8	425.298056	1.394101e-10	9.609000e-01	5.226383e-12	1.206500e+04	2.245000e+03
8	1968.129900	3.012876e-13	8.453000e-01	3.012876e-13	1.181400e+04	1.073000e+03
8	499.540929	1.000000e-05	8.618698e-01	8.334363e-13	4.975502e+04	2.404606e+04
8	3893.956504	1.500517e-11	8.928987e-01	1.500517e-11	4.570600e+04	5.077900e+04
8	733.775261	2.580692e-09	9.603234e-01	2.580692e-09	4.192994e+03	3.473503e+04
8	3980.850132	9.999998e-06	8.894904e-01	3.475204e-13	5.672200e+04	5.402300e+04
8	507.578994	1.000000e-05	8.650457e-01	3.803630e-09	2.517402e+04	3.597123e+03
8	3958.525003	9.301904e-06	9.710772e-01	1.742476e-12	5.072300e+04	5.189700e+04
8	596.031217	5.973761e-09	9.881001e-01	6.601543e-14	5.852000e+03	1.510000e+04
8	1895.043496	1.662336e-11	9.490000e-01	1.059818e-27	5.694000e+03	9.177000e+03
8	2066.986456	1.508815e-14	9.201000e-01	4.885099e-34	2.097300e+04	2.959900e+04
8	1895.021548	1.146371e-11	8.725000e-01	5.559562e-27	3.646000e+03	1.164700e+04
8	4001.760348	1.577377e-08	9.201000e-01	2.267550e-13	5.286200e+04	5.607900e+04
8	527.286508	6.101834e-09	9.536896e-01	6.101834e-09	2.437035e+03	4.048295e+04
8	552.622080	3.227707e-08	8.599349e-01	1.207710e-13	3.416002e+04	2.867298e+04
8	543.875559	8.015851e-16	8.402000e-01	1.740652e-16	2.531800e+04	4.635300e+04
8	3958.772214	1.787170e-12	8.946035e-01	1.787170e-12	5.138900e+04	5.416400e+04
8	465.523355	1.000000e-05	8.630269e-01	4.755100e-12	4.552459e+04	1.983134e+04
8	2711.989737	1.000000e-05	8.385491e-01	2.752776e-10	3.661800e+04	1.296700e+04
8	4025.867046	9.999965e-06	9.965970e-01	1.475085e-13	5.933800e+04	5.853500e+04
8	2153.617205	2.174040e-15	9.150000e-01	1.436932e-27	2.538900e+04	1.426200e+04
8	449.736193	1.000000e-05	8.646081e-01	1.395116e-10	3.123000e+04	1.163600e+04
8	903.151272	5.283314e-08	8.569101e-01	1.000000e-08	5.303198e+04	2.919981e+02
8	7757.024945	4.747989e-08	9.014006e-01	2.539341e-14	4.807900e+04	3.263700e+04
8	2265.310295	5.556044e-16	8.623000e-01	1.163552e-31	2.706900e+04	3.449000e+04
8	7557.167533	3.262379e-07	9.065004e-01	4.111024e-13	4.478800e+04	2.593600e+04
8	10926.250369	8.811992e-07	9.133011e-01	8.503430e-14	3.953600e+04	2.973900e+04
8	517.606440	3.266387e-11	9.490000e-01	3.754792e-29	1.522200e+04	1.350000e+04
8	2324.017247	2.273170e-13	9.932000e-01	2.515475e-20	4.887100e+04	4.952800e+04
8	1971.882911	1.969240e-13	9.354000e-01	4.071348e-36	1.553300e+04	5.229300e+04
8	1296.884596	1.795728e-11	8.470000e-01	6.643810e-14	2.002000e+03	5.527900e+04
8	1041.641460	2.067319e-09	9.388000e-01	6.219939e-12	3.159500e+04	5.204000e+03
8	1429.394388	2.529455e-09	9.558000e-01	2.122793e-16	3.020300e+04	2.931000e+04
8	483.858642	3.312591e-06	8.651025e-01	1.588737e-09	4.440499e+04	5.726002e+03
8	1883.563753	7.872588e-11	9.150000e-01	2.165387e-27	1.870000e+02	1.367400e+04
8	24166.023463	7.356836e-16	8.895000e-01	8.965896e-21	4.107700e+04	5.112000e+04
8	3594.577451	1.290774e-07	8.300000e-01	8.954693e-09	2.399403e+04	5.233998e+04
8	1964.766450	4.039057e-13	9.133000e-01	9.930296e-37	1.283800e+04	5.659600e+04
8	506.577863	3.403838e-09	9.535118e-01	3.403838e-09	3.864964e+03	4.355897e+04
8	880.720469	3.057671e-10	8.470000e-01	6.268848e-16	3.996600e+04	4.026700e+04
8	1187.686468	1.304810e-10	9.966000e-01	2.052807e-14	3.106800e+04	1.793800e+04
8	482.879888	2.810471e-11	8.505640e-01	2.618300e-11	2.799937e+02	1.660100e+04
8	346.946690	5.645763e-12	8.453000e-01	2.051897e-14	3.975000e+03	3.445600e+04
8	7881.402209	1.617533e-07	8.912001e-01	2.096540e-16	4.838600e+04	4.412700e+04
8	454.237792	1.000000e-05	8.647859e-01	2.508154e-10	5.512898e+04	1.021196e+04
8	1159.002353	3.230163e-09	9.354000e-01	8.557373e-28	4.161000e+03	3.480000e+03
8	2677.377013	3.666010e-11	9.235000e-01	2.389794e-27	1.505900e+04	4.075000e+03
8	2596.593606	1.000000e-05	8.352268e-01	2.211673e-15	5.634200e+04	3.408300e+04
8	2012.977615	9.161201e-14	8.963000e-01	1.639315e-29	1.584200e+04	2.131400e+04
8	2641.987689	9.894164e-18	9.541000e-01	2.339831e-18	1.845800e+04	3.985900e+04
8	3583.551172	1.725372e-07	8.300000e-01	9.261326e-09	2.326787e+04	4.599319e+04
8	367.913661	8.263722e-12	8.521000e-01	4.012871e-12	2.492000e+03	2.117400e+04
8	3746.649878	1.457210e-09	8.861015e-01	1.457210e-09	3.421900e+04	4.024500e+04
8	425.014548	1.080308e-10	9.796000e-01	5.648751e-13	1.420800e+04	9.730000e+03
8	518.126958	1.000000e-05	8.651162e-01	5.739591e-09	4.538106e+04	2.602472e+03
8	3760.807286	4.891544e-06	8.878610e-01	4.991415e-10	5.369000e+04	3.554400e+04
8	478.010039	1.000000e-05	8.650776e-01	1.208521e-09	5.649300e+04	6.391002e+03
8	797.136132	2.735925e-09	8.487000e-01	2.217873e-14	3.461400e+04	3.175500e+04
8	3960.076006	1.079884e-12	9.235000e-01	1.079884e-12	5.146500e+04	5.817400e+04
8	1383.869719	1.023583e-15	8.674000e-01	1.023583e-15	3.938000e+03	4.028200e+04
8	1450.612085	1.443933e-10	9.558000e-01	7.026689e-16	3.741900e+04	2.650700e+04
8	389.995775	1.675431e-13	8.402000e-01	7.805675e-14	1.277600e+04	3.219600e+04
8	1404.152621	2.137398e-12	9.371000e-01	2.130781e-30	2.189800e+04	1.955600e+04
8	766.143718	1.799956e-17	8.385000e-01	1.317423e-18	3.417200e+04	5.797100e+04
8	2272.784969	1.000000e-05	8.368238e-01	1.411311e-17	5.386600e+04	4.656900e+04
8	450.381527	1.000000e-05	8.646526e-01	1.574999e-10	4.436811e+04	1.134198e+04
8	3998.805456	9.672031e-09	9.405000e-01	3.055015e-13	5.631900e+04	5.578400e+04
8	2067.264425	2.893895e-15	9.439000e-01	5.166964e-36	2.621600e+04	5.144300e+04
8	3750.611847	8.614344e-10	9.201675e-01	8.614344e-10	3.451100e+04	4.360400e+04
8	1274.792002	2.398190e-10	9.643000e-01	1.316162e-14	3.558500e+04	1.945100e+04
8	517.339797	1.000000e-05	8.650763e-01	5.439612e-09	2.685900e+04	2.729999e+03
8	2092.632474	2.263761e-15	9.388000e-01	1.626926e-34	2.647100e+04	4.403200e+04
8	2424.010905	1.294569e-13	9.932000e-01	8.184330e-21	5.029600e+04	5.206700e+04
8	449.137308	1.000000e-05	8.645874e-01	1.283464e-10	4.517700e+04	1.183900e+04
8	18387.720809	8.846481e-08	9.456002e-01	3.503031e-11	4.938900e+04	1.523200e+04
8	451.402460	1.000000e-05	8.644793e-01	1.331503e-10	2.410899e+04	1.174100e+04
8	1948.209939	7.793450e-13	9.014000e-01	3.546872e-32	1.087000e+04	3.225300e+04
8	1305.794297	1.334969e-12	9.082000e-01	1.334969e-12	9.820000e+03	5.117000e+04
8	452.718660	1.000000e-05	8.647300e-01	2.095543e-10	3.104999e+04	1.064800e+04
8	507.539115	1.000000e-05	8.651297e-01	4.025607e-09	4.607303e+04	3.465216e+03
8	2754.518493	2.507939e-12	8.358624e-01	5.219931e-14	5.435901e+04	3.399200e+04
8	448.855608	7.277998e-06	8.645696e-01	1.216272e-10	5.992900e+04	1.196956e+04
8	389.582036	2.091834e-11	9.847000e-01	1.802576e-12	1.884500e+04	7.113000e+03
8	500.236522	1.000000e-05	8.647478e-01	2.392405e-09	2.153327e+04	4.703694e+03
8	2056.497307	1.512182e-14	8.878000e-01	1.512182e-14	9.900000e+03	2.123600e+04
8	3149.158028	1.003353e-08	9.975551e-01	1.000000e-08	8.329004e+03	3.495894e+04
8	1062.387934	5.655415e-13	9.847000e-01	6.452721e-20	2.717600e+04	4.715000e+04
8	514.689204	1.000000e-05	8.651219e-01	5.131174e-09	5.275901e+04	2.875025e+03
8	81476.285383	8.946518e-16	8.300000e-01	6.200772e-18	4.069400e+04	4.619800e+04
8	876.670392	6.210137e-10	8.470000e-01	8.193168e-14	3.804400e+04	2.819500e+04
8	2902.183769	8.599473e-16	9.626000e-01	8.575171e-20	1.084300e+04	4.727900e+04
8	2048.985453	2.902426e-14	9.133000e-01	2.263328e-37	1.914200e+04	5.487800e+04
8	2734.707960	2.899344e-16	9.745000e-01	7.755283e-19	1.974400e+04	4.201300e+04
8	2084.308345	8.355206e-15	9.235000e-01	7.656899e-37	2.253400e+04	5.511500e+04
8	1170.000660	1.188092e-12	9.405000e-01	2.537378e-27	2.330600e+04	2.911000e+03
8	74163.478795	2.831148e-08	9.847001e-01	2.302215e-16	4.974700e+04	4.393500e+04
8	2545.335002	1.599760e-16	8.878000e-01	3.887681e-19	1.979700e+04	4.637700e+04
8	3701.445445	9.999997e-06	9.422199e-01	4.996247e-09	5.746200e+04	3.126100e+04
8	631.759047	7.938861e-09	9.846997e-01	2.446693e-14	4.530000e+03	1.738700e+04
8	826.763552	9.997422e-12	8.507359e-01	1.005134e-17	4.942294e+04	5.093990e+04
8	1993.729222	1.420550e-13	8.487000e-01	1.714425e-17	1.367700e+04	1.326900e+04
8	2943.262206	6.800000e-16	9.915000e-01	3.936473e-20	2.564100e+04	4.844200e+04
8	491.500461	1.000000e-05	8.621154e-01	1.179566e-12	3.711386e+04	2.320589e+04
8	3716.653001	1.521835e-09	9.372115e-01	1.521835e-09	3.233599e+04	5.587301e+04
8	3971.165036	1.246227e-12	9.065000e-01	1.246227e-12	5.268300e+04	5.372700e+04
8	1912.824074	4.364190e-12	9.099000e-01	5.454734e-30	6.999000e+03	2.292200e+04
8	518.734403	5.786315e-09	9.533892e-01	5.786315e-09	2.582028e+03	4.823897e+04
8	473.705801	1.000000e-05	8.625217e-01	3.368743e-12	2.166632e+04	2.064298e+04
8	3796.423342	6.909480e-06	8.555248e-01	7.884286e-11	4.840900e+04	3.822900e+04
8	889.679030	1.592458e-12	9.439000e-01	5.005392e-30	2.258200e+04	2.015500e+04
8	787.803620	1.097149e-14	8.640000e-01	1.097149e-14	2.383000e+03	3.455500e+04
8	1886.777733	3.486666e-11	8.963000e-01	1.547919e-31	1.564000e+03	3.299100e+04
8	1630.132830	4.641011e-12	9.813000e-01	1.369757e-16	4.386200e+04	2.992300e+04
8	465.722903	1.000000e-05	8.649825e-01	6.138775e-10	5.542944e+04	8.037328e+03
8	448.503900	3.355424e-10	9.559495e-01	1.376466e-13	9.620000e+03	8.271000e+03
8	2562.317172	1.695490e-06	8.810021e-01	3.048798e-14	3.672600e+04	3.216500e+04
8	798.879745	2.572293e-08	9.863969e-01	1.309442e-15	1.950000e+03	2.432700e+04
8	367.508774	5.294024e-12	9.677000e-01	6.719869e-15	2.029500e+04	1.929800e+04
8	1898.194448	9.996747e-12	9.524000e-01	1.636326e-27	7.214000e+03	1.148600e+04
8	2079.362821	2.735818e-18	8.470000e-01	2.735818e-18	1.784000e+04	4.749100e+04
8	3930.953115	5.739786e-07	8.453053e-01	5.845463e-13	5.139700e+04	4.938100e+04
8	546.670553	1.430557e-10	8.602101e-01	1.469702e-13	4.806583e+04	2.820979e+04
8	1984.504706	9.443823e-12	9.388000e-01	8.171428e-19	4.516600e+04	4.261400e+04
8	1568.248851	5.471736e-11	9.286000e-01	1.719591e-16	4.115300e+04	3.040500e+04
8	502.952320	1.000000e-05	8.617605e-01	7.254172e-13	2.993300e+04	2.438099e+04
8	1915.172887	3.828658e-12	9.116000e-01	1.707327e-33	7.372000e+03	4.068800e+04
8	3754.199041	1.358600e-09	8.588976e-01	1.358600e-09	3.493600e+04	4.101400e+04
8	3952.371596	5.677264e-06	8.522742e-01	3.915778e-13	4.514700e+04	5.133100e+04
8	446.930923	1.000000e-05	8.642333e-01	4.961453e-11	5.086201e+04	1.414598e+04
8	6425.601161	9.100196e-08	9.048001e-01	1.476460e-12	5.130900e+04	2.284900e+04
8	2939.840038	1.000000e-05	8.335267e-01	5.571303e-15	5.269100e+04	4.088700e+04
8	2135.205073	2.256683e-06	9.303028e-01	5.349064e-15	4.448900e+04	2.228300e+04
8	2052.318317	3.355300e-14	8.708000e-01	8.121008e-37	1.757700e+04	5.971300e+04
8	2254.146991	5.024152e-13	9.320000e-01	3.877973e-31	2.541300e+04	2.525900e+04
8	1890.757868	1.621194e-11	8.657000e-01	3.430338e-28	2.657000e+03	1.698300e+04
8	2292.091461	1.697260e-18	8.606000e-01	1.697260e-18	3.264200e+04	4.492700e+04
8	1304.971107	2.003475e-11	8.368000e-01	1.763437e-14	1.546000e+03	5.634700e+04
8	4761.506813	5.104681e-08	9.047541e-01	1.000000e-08	5.320900e+04	2.678500e+04
8	1230.655235	3.449883e-12	9.745000e-01	1.559442e-12	4.544300e+04	7.914000e+03
8	503.986490	8.408897e-06	8.651313e-01	3.549362e-09	5.425303e+04	3.771428e+03
8	1380.906147	2.570667e-09	9.354000e-01	5.334020e-16	3.117400e+04	2.757100e+04
8	2189.460722	2.147531e-12	9.303000e-01	2.859665e-29	2.190700e+04	1.220100e+04
8	1554.186781	6.900000e-16	9.813000e-01	1.362758e-22	3.835100e+04	5.768700e+04
8	2798.412575	4.999755e-17	9.541000e-01	2.856475e-19	2.346400e+04	4.468200e+04
8	2360.411160	8.861914e-18	8.402000e-01	8.861914e-18	3.468200e+04	4.244900e+04
8	3697.171728	2.471507e-09	9.407556e-01	2.471507e-09	3.096002e+04	5.656198e+04
8	1912.328523	2.365224e-12	9.915000e-01	2.482186e-18	4.352600e+04	3.906900e+04
8	3836.193077	1.452595e-06	8.402092e-01	9.274509e-12	4.659000e+04	4.136500e+04
8	2053.706260	1.342075e-12	9.320000e-01	4.895511e-28	2.303900e+04	7.411000e+03
8	1992.547924	1.047688e-11	9.932000e-01	9.046850e-18	1.517600e+04	3.506000e+04
8	518.668218	6.763053e-09	9.949000e-01	7.546192e-13	7.641000e+03	9.331000e+03
8	2188.688279	1.994982e-15	8.759000e-01	7.353920e-37	2.438000e+04	5.788700e+04
8	2155.822669	5.444042e-16	9.354000e-01	4.529956e-30	2.968000e+04	2.154100e+04
8	487.684736	1.000000e-05	8.651141e-01	1.878220e-09	5.253580e+04	5.319050e+03
8	2178.904219	2.474271e-15	8.606000e-01	1.404577e-37	2.351900e+04	5.910900e+04
8	3940.512873	1.205068e-06	8.504028e-01	5.521289e-13	5.337900e+04	5.024100e+04
8	2380.589458	9.809890e-17	8.334000e-01	2.090910e-30	3.053700e+04	3.364300e+04
8	457.441413	3.348241e-10	9.536920e-01	3.348241e-10	9.510030e+03	5.848996e+04
8	648.170313	1.267276e-14	8.538000e-01	5.967690e-17	1.694400e+04	4.739400e+04
8	1891.103574	1.197440e-11	8.300000e-01	6.101255e-12	2.692000e+03	7.036000e+03
8	30881.799762	1.232569e-08	9.269000e-01	3.264486e-17	5.852600e+04	4.857600e+04
8	2090.426364	8.942661e-16	9.472838e-01	9.849141e-35	2.927300e+04	4.640100e+04
8	1580.652898	8.100000e-16	9.864000e-01	2.696379e-22	3.877100e+04	5.828100e+04
8	103319.398033	1.000000e-08	8.997551e-01	1.000000e-08	5.932100e+04	2.250300e+04
8	1283.983462	2.656934e-12	8.827000e-01	1.031162e-12	7.386000e+03	5.107500e+04
8	32876.659741	1.413144e-07	9.711002e-01	3.466676e-12	4.643900e+04	2.082800e+04
8	472.147274	1.021620e-09	9.762000e-01	6.838431e-13	8.421000e+03	9.113000e+03
8	2630.053052	1.300000e-16	9.813000e-01	6.337769e-22	3.445300e+04	5.626200e+04
8	1984.789461	2.125287e-13	8.895000e-01	3.984189e-31	1.364200e+04	2.710600e+04
8	3758.349010	5.090785e-06	8.997637e-01	6.383148e-10	5.467900e+04	3.536200e+04
8	2238.421819	2.452135e-18	8.521000e-01	2.452135e-18	1.917200e+04	4.565100e+04
8	1921.820086	4.215101e-13	9.796000e-01	1.006168e-35	1.884800e+04	4.592800e+04
8	1330.482785	5.321382e-13	8.487000e-01	2.097164e-13	1.049900e+04	5.258500e+04
8	2269.279882	6.132266e-20	8.504000e-01	6.132266e-20	2.046600e+04	5.576600e+04
8	7647.312624	1.258651e-15	9.201000e-01	8.028595e-37	3.984300e+04	5.899600e+04
8	1166.454499	2.901087e-09	9.621148e-01	2.901087e-09	4.011007e+03	3.316201e+04
8	524.271458	1.000000e-05	8.650995e-01	6.946352e-09	3.259600e+04	2.137999e+03
8	856.909899	7.146418e-13	9.456000e-01	7.677589e-28	2.451300e+04	4.716000e+03
8	2416.337213	4.812916e-17	8.759000e-01	9.175685e-38	3.312500e+04	5.962700e+04
8	1878.782175	8.803128e-12	8.385000e-01	8.803128e-12	1.039000e+03	1.192300e+04
8	457.788767	1.000000e-05	8.648666e-01	3.472065e-10	4.986200e+04	9.421988e+03
8	1203.698736	2.139780e-16	9.558000e-01	4.778048e-22	4.401300e+04	1.778500e+04
8	1933.591152	1.149868e-12	8.572000e-01	5.521778e-28	8.847000e+03	1.606400e+04
8	474.741785	1.000000e-05	8.650587e-01	1.025145e-09	4.086800e+04	6.791016e+03
8	447.053649	1.000000e-05	8.642101e-01	4.746733e-11	3.188099e+04	1.425298e+04
8	1266.405022	7.718417e-12	9.082000e-01	1.699975e-12	5.541000e+03	5.073700e+04
8	615.664593	8.830597e-09	8.628349e-01	8.830597e-09	5.126101e+04	1.165096e+03
8	381.209261	2.206463e-11	9.762000e-01	1.118459e-12	1.764500e+04	7.899000e+03
8	1943.154293	7.714750e-13	8.589000e-01	7.714750e-13	9.827000e+03	2.640000e+02
8	568.049274	2.111955e-10	8.593782e-01	7.123997e-14	4.571719e+04	2.993441e+04
8	1991.216925	2.443811e-14	9.507000e-01	5.294707e-34	2.160400e+04	3.695200e+04
8	1913.474311	4.342635e-12	9.201000e-01	2.327903e-27	7.379000e+03	1.174600e+04
8	1007.365720	1.000000e-05	8.504327e-01	1.542152e-11	3.770500e+04	1.627400e+04
8	398.215500	2.584981e-10	9.949000e-01	1.999126e-11	1.550500e+04	1.442000e+03
8	626.045349	8.308136e-12	8.574024e-01	1.092594e-14	5.213113e+04	3.440887e+04
8	128139.296861	3.121601e-17	8.572000e-01	1.508901e-18	4.837000e+04	5.798500e+04
8	2815.420646	1.524957e-11	9.235000e-01	1.320260e-28	1.718200e+04	1.201100e+04
8	1473.956471	3.108588e-11	9.167000e-01	1.163500e-15	4.301200e+04	2.623100e+04
8	3946.813146	3.628963e-06	9.184277e-01	1.771547e-12	5.301200e+04	5.081000e+04
8	2127.888305	6.850696e-17	9.626000e-01	2.046684e-34	3.673300e+04	4.543500e+04
8	1598.844101	3.010325e-12	9.949000e-01	1.434691e-16	4.161200e+04	2.962800e+04
8	456.574510	1.000000e-05	8.640266e-01	1.106715e-10	2.060498e+04	1.216102e+04
8	1695.320241	2.266386e-16	8.674000e-01	2.266386e-16	1.929000e+04	4.390400e+04
8	2825.533074	1.531103e-08	8.351000e-01	1.840696e-13	3.279700e+04	3.136700e+04
8	371.336463	4.492887e-13	8.521000e-01	3.994424e-14	9.286000e+03	3.212500e+04
8	28371.997127	1.412308e-07	9.320002e-01	4.022139e-16	4.624100e+04	4.259300e+04
8	450.928554	1.000000e-05	8.637646e-01	1.799385e-11	3.385995e+04	1.660602e+04
8	3875.567129	2.504429e-11	8.911154e-01	2.504429e-11	4.431900e+04	5.159300e+04
8	3997.228773	4.590838e-13	9.201000e-01	4.590838e-13	5.512800e+04	5.619600e+04
8	480.214433	1.000000e-05	8.616270e-01	6.730468e-12	1.767635e+04	1.886167e+04
8	606.811272	8.580746e-13	9.507000e-01	2.584107e-28	2.403900e+04	8.658000e+03
8	1901.427008	6.268704e-12	9.541000e-01	4.334883e-30	8.504000e+03	2.191400e+04
8	1023.505402	6.017306e-09	9.116000e-01	5.425016e-12	2.990600e+04	6.208000e+03
8	2331.901684	1.698106e-16	8.793000e-01	2.388073e-36	3.026300e+04	5.300000e+04
8	3586.444310	1.599056e-07	8.300000e-01	9.211497e-09	2.345808e+04	3.065412e+04
8	452.894739	2.090999e-10	9.538509e-01	2.090999e-10	1.065301e+04	5.606301e+04
8	3639.061692	4.511282e-07	8.633953e-01	8.973806e-09	5.719146e+04	2.696464e+04
8	1136.958616	1.111410e-13	9.864000e-01	3.625861e-20	3.131400e+04	4.849700e+04
8	1126.579085	4.439163e-10	9.626000e-01	4.569550e-13	3.416200e+04	1.103600e+04
8	1863.912431	7.894875e-07	8.776010e-01	5.708727e-14	4.060100e+04	3.064400e+04
8	1900.394658	4.254071e-11	9.031000e-01	3.954647e-19	4.262300e+04	4.555300e+04
8	3998.251650	1.206491e-07	8.725002e-01	1.293137e-13	5.354000e+04	5.573100e+04
8	517.941217	1.000000e-05	8.650922e-01	5.608203e-09	2.813700e+04	2.656999e+03
8	1879.308937	7.121655e-11	9.694000e-01	1.444594e-28	4.607000e+03	1.624800e+04
8	1895.729148	1.754244e-11	9.354000e-01	8.646092e-29	4.695000e+03	1.602400e+04
8	2312.638454	2.680856e-16	8.300000e-01	7.908703e-22	2.813100e+04	2.505400e+04
8	3677.231082	1.379944e-08	8.317000e-01	1.000000e-08	2.957100e+04	5.982400e+04
8	1930.771125	1.688076e-12	9.116000e-01	1.009508e-32	9.343000e+03	3.628800e+04
8	694.705573	4.358713e-09	9.597066e-01	4.358713e-09	2.936023e+03	3.383101e+04
8	1589.309969	1.112037e-10	8.424541e-01	1.112037e-10	5.070797e+04	9.515000e+03
8	721.392592	4.050044e-10	9.599704e-01	4.050044e-10	8.744038e+03	3.925395e+04
8	2170.287206	3.060892e-20	8.487000e-01	3.060892e-20	3.651000e+04	5.799400e+04
8	1973.153549	2.543208e-13	8.487000e-01	2.543208e-13	1.226200e+04	5.835000e+03
8	3692.845151	8.665310e-06	8.590052e-01	1.798610e-09	5.992200e+04	3.066000e+04
8	1907.903971	6.281567e-12	9.235000e-01	7.557834e-29	6.625000e+03	1.984300e+04
8	2050.212838	3.476062e-14	8.912000e-01	9.515684e-29	1.800700e+04	1.809600e+04
8	1788.892718	1.034381e-10	9.541000e-01	4.906048e-18	3.834700e+04	3.811700e+04
8	450.456407	9.943218e-06	8.646561e-01	1.592635e-10	5.561502e+04	1.131494e+04
8	1967.066014	3.801464e-14	9.575000e-01	6.756103e-32	2.117000e+04	3.298900e+04
8	2546.391498	6.491268e-16	9.830000e-01	9.497559e-18	1.834900e+04	3.611200e+04
8	518.787685	1.000000e-05	8.651150e-01	5.862829e-09	5.037613e+04	2.550799e+03
8	1947.373392	4.458847e-13	9.422000e-01	4.049567e-32	1.396600e+04	3.127300e+04
8	1898.032398	1.043653e-11	8.912000e-01	6.675872e-29	4.337000e+03	1.563500e+04
8	1546.294794	1.155754e-12	9.949000e-01	1.155754e-12	4.674400e+04	8.212000e+03
8	447.885828	1.000000e-05	8.642152e-01	5.505470e-11	2.568500e+04	1.388900e+04
8	2301.845673	1.051675e-16	9.150000e-01	9.686994e-37	3.258800e+04	5.015100e+04
8	501.934978	1.000000e-05	8.617950e-01	7.555479e-13	3.191600e+04	2.428300e+04
8	469.090795	1.000000e-05	8.634131e-01	1.452073e-10	1.856499e+04	1.144902e+04
8	953.444128	1.313967e-07	9.116001e-01	7.578999e-13	2.217200e+04	1.093700e+04
8	499.400579	8.266777e-06	8.618740e-01	8.383242e-13	5.481101e+04	2.403192e+04
8	1421.619701	1.755910e-13	8.606000e-01	3.176283e-14	1.339100e+04	5.860300e+04
8	501.683219	1.000000e-05	8.618059e-01	7.629113e-13	4.612778e+04	2.425987e+04
8	1249.532333	1.886164e-14	8.708000e-01	1.886164e-14	6.633000e+03	3.329200e+04
8	1526.924016	9.596520e-11	9.320000e-01	1.128490e-29	1.270300e+04	1.382600e+04
8	2350.713354	1.260966e-16	8.793000e-01	3.523255e-37	3.096100e+04	5.640100e+04
8	1920.187508	2.545357e-12	8.861000e-01	1.732054e-25	7.601000e+03	6.497000e+03
8	2178.368313	1.089706e-15	9.184000e-01	1.089706e-15	2.717400e+04	5.443000e+03
8	1905.666043	5.389668e-12	9.490000e-01	2.136876e-32	8.423000e+03	3.299800e+04
8	448.861363	2.877230e-06	8.645700e-01	1.217651e-10	5.589500e+04	1.196681e+04
8	3453.157400	2.407143e-06	9.130146e-01	1.000000e-08	1.479500e+04	4.375200e+04
8	3828.003169	6.988933e-06	9.507871e-01	1.270383e-10	5.418200e+04	4.068500e+04
8	1884.676270	6.024205e-11	9.133000e-01	1.592755e-29	7.750000e+02	2.220300e+04
8	13190.593003	1.038115e-06	9.099012e-01	2.336174e-15	3.828200e+04	3.837300e+04
8	3676.269395	1.425983e-08	8.300011e-01	1.000000e-08	2.951900e+04	1.076000e+03
8	1928.010640	1.925198e-12	9.099000e-01	9.696886e-31	8.969000e+03	2.314300e+04
8	528.022019	7.486786e-09	9.534546e-01	7.486786e-09	1.953009e+03	4.413602e+04
8	479.240659	1.000000e-05	8.650837e-01	1.282716e-09	4.501056e+04	6.246160e+03
8	1049.777673	1.133837e-08	9.473000e-01	2.398140e-13	2.691500e+04	1.284400e+04
8	1063.113808	4.416406e-10	9.694000e-01	7.955631e-12	3.365600e+04	4.065000e+03
8	1046.119553	1.135150e-08	9.303000e-01	4.080987e-13	2.766000e+04	1.193000e+04
8	500.023435	2.971246e-09	9.533916e-01	2.971246e-09	4.201965e+03	4.757597e+04
8	448.406395	4.332681e-10	9.592000e-01	7.442463e-12	9.217000e+03	8.810000e+02
8	2784.145581	9.961237e-18	9.422000e-01	3.025066e-19	1.856100e+04	4.484800e+04
8	1188.283927	2.202995e-10	8.385000e-01	7.158588e-13	4.003200e+04	2.002000e+04
8	1591.625617	4.355701e-10	9.677000e-01	3.844491e-17	3.380400e+04	3.308900e+04
8	2227.901417	1.049756e-17	8.657000e-01	1.049756e-17	2.293700e+04	4.023300e+04
8	469.151026	1.790656e-09	9.711000e-01	1.517334e-11	6.607000e+03	1.285000e+03
8	3135.495548	1.700000e-16	9.660000e-01	3.378024e-21	2.333400e+04	5.449700e+04
8	1899.933389	3.037944e-12	9.796000e-01	1.248166e-29	1.403800e+04	1.930100e+04
8	448.344158	1.000000e-05	8.643032e-01	7.140073e-11	2.518499e+04	1.325700e+04
8	1256.910180	1.374287e-10	9.966000e-01	4.634345e-15	3.093400e+04	2.145500e+04
8	1305.602523	2.295990e-11	8.402000e-01	2.541830e-14	1.279000e+03	5.644300e+04
8	457.698583	3.426366e-10	9.536848e-01	3.426366e-10	9.454031e+03	5.896494e+04
8	448.517586	1.000000e-05	8.639707e-01	2.772915e-11	3.137700e+04	1.555700e+04
8	761.844476	1.000000e-05	8.708044e-01	1.404788e-12	2.216100e+04	2.286200e+04
8	419.780008	8.274949e-13	9.592000e-01	1.591738e-14	2.435700e+04	1.561300e+04
8	62199.280253	4.829365e-09	9.796000e-01	1.001374e-15	5.838700e+04	4.042200e+04
8	3559.585905	8.044208e-06	8.342564e-01	9.288537e-09	5.874700e+04	2.179800e+04
8	3052.500245	5.198801e-10	9.982504e-01	1.842424e-11	1.660201e+04	5.881399e+04
8	1353.146775	6.940251e-13	8.589000e-01	1.020792e-13	1.006900e+04	5.549400e+04
8	1055.231036	1.000000e-08	8.555001e-01	1.000000e-08	5.924400e+04	2.800000e+01
8	1962.015677	4.192433e-15	9.915000e-01	1.143606e-17	5.961900e+04	3.555200e+04
8	546.895978	1.344166e-08	8.572001e-01	3.826229e-12	3.298200e+04	2.005500e+04
8	884.448160	2.314579e-16	8.317000e-01	1.486521e-17	2.844600e+04	5.644800e+04
8	465.168298	9.908342e-06	8.649763e-01	5.926033e-10	5.287894e+04	8.123038e+03
8	3091.502433	1.000000e-05	8.351155e-01	1.000000e-08	4.836500e+04	5.125000e+03
8	939.246869	1.000000e-05	8.504345e-01	4.869546e-14	4.475800e+04	3.055600e+04
8	955.120114	3.325024e-14	9.830000e-01	4.409679e-20	3.347800e+04	4.791000e+04
8	1992.419727	1.567250e-13	9.116000e-01	9.877449e-28	1.504700e+04	1.253100e+04
8	853.094219	1.000000e-05	8.521336e-01	1.897012e-12	4.655800e+04	2.165900e+04
8	3842.915495	1.923843e-11	9.694000e-01	1.923843e-11	4.154600e+04	5.451300e+04
8	1274.735267	3.616202e-12	8.657000e-01	7.674986e-13	6.249000e+03	5.088600e+04
8	552.350953	5.371558e-15	9.813000e-01	5.479866e-17	3.768600e+04	3.144700e+04
8	80768.894969	5.860142e-17	8.419000e-01	1.835350e-21	4.721000e+04	5.418500e+04
8	462.366009	1.000000e-05	8.649265e-01	4.834304e-10	2.992900e+04	8.617000e+03
8	1375.187379	9.549897e-13	8.538000e-01	2.286372e-14	9.201000e+03	5.882500e+04
8	1003.383327	7.983145e-09	9.762000e-01	6.099612e-13	2.572700e+04	1.013200e+04
8	1205.853224	5.268009e-12	9.728000e-01	3.515610e-12	4.454000e+04	5.985000e+03
8	2001.404609	1.287344e-13	8.878000e-01	3.584818e-29	1.479400e+04	1.692000e+04
8	489.808627	5.364667e-06	8.636682e-01	7.485308e-10	2.021095e+04	7.464034e+03
8	3902.398735	8.940587e-06	9.354112e-01	9.896326e-12	5.460100e+04	4.684400e+04
8	515.991278	1.000000e-05	8.651199e-01	5.355396e-09	4.783400e+04	2.770994e+03
8	2246.249671	2.309985e-07	9.677003e-01	7.729388e-16	5.839400e+04	2.610800e+04
8	671.721397	2.106882e-10	8.556718e-01	2.489788e-15	4.319810e+04	3.790704e+04
8	3034.499678	3.000000e-16	9.898000e-01	1.597052e-20	2.450400e+04	5.058900e+04
8	1878.667485	2.322348e-10	9.626000e-01	1.929124e-29	7.440000e+02	2.154100e+04
8	3817.542664	9.100248e-06	9.321134e-01	1.517658e-10	5.569200e+04	3.986100e+04
8	1668.520115	3.167732e-13	9.932000e-01	1.512235e-16	4.805800e+04	2.953000e+04
8	1148.549080	1.427881e-11	9.881000e-01	2.270684e-19	2.026300e+04	4.438800e+04
8	2413.483538	1.968158e-16	9.252000e-01	3.801698e-17	2.186400e+04	3.400700e+04
8	3168.457733	6.499992e-16	9.898000e-01	2.770340e-21	2.185800e+04	5.455100e+04
8	3889.283564	1.721115e-06	8.691023e-01	6.157925e-12	4.758500e+04	4.571900e+04
8	446.984587	3.693290e-06	8.642088e-01	4.679492e-11	5.587702e+04	1.428795e+04
8	458.728249	9.503561e-06	8.648840e-01	3.748528e-10	5.697605e+04	9.235859e+03
8	1469.091295	1.082082e-09	9.643000e-01	1.618828e-16	3.177800e+04	2.979400e+04
8	521.175241	1.000000e-05	8.651102e-01	6.324793e-09	4.277962e+04	2.366306e+03
8	1897.792448	1.192051e-11	9.048000e-01	8.974861e-27	4.411000e+03	9.355000e+03
8	493.761951	1.000000e-05	8.649004e-01	2.049718e-09	2.284499e+04	5.090998e+03
8	29817.487395	1.294647e-07	9.439002e-01	5.953899e-15	4.738100e+04	3.614400e+04
8	466.657358	1.000000e-05	8.649898e-01	6.487151e-10	3.395800e+04	7.903030e+03
8	2535.209115	4.585156e-08	8.725001e-01	2.225071e-16	5.084100e+04	4.395500e+04
8	1923.518897	1.650639e-12	8.521000e-01	1.650639e-12	7.831000e+03	2.292000e+03
8	3859.243489	1.775135e-06	8.997220e-01	2.861920e-11	5.923600e+04	4.320500e+04
8	3615.636024	3.494168e-06	8.484280e-01	9.416546e-09	5.347402e+04	2.539691e+04
8	2377.774992	1.764534e-09	9.659663e-01	1.764534e-09	5.839996e+03	3.360998e+04
8	3981.850147	1.864273e-07	8.555003e-01	1.487624e-13	5.183400e+04	5.412500e+04
8	901.314303	9.870339e-09	9.915000e-01	1.685764e-11	2.257700e+04	1.936000e+03
8	2659.400509	8.701304e-18	9.286000e-01	1.678831e-21	3.836200e+04	5.398900e+04
8	59900.034005	4.779545e-08	9.762001e-01	8.641710e-16	4.988300e+04	4.077400e+04
8	459.992801	9.903184e-06	8.632659e-01	7.121173e-12	5.305101e+04	1.885298e+04
8	453.964811	1.000000e-05	8.635653e-01	1.297237e-11	2.709300e+04	1.739700e+04
8	447.005508	1.000000e-05	8.643496e-01	6.636547e-11	3.593199e+04	1.344000e+04
8	1881.502561	1.337275e-10	9.592000e-01	9.948211e-26	1.640000e+03	3.653000e+03
8	1389.261530	1.950086e-09	9.966000e-01	1.079824e-16	2.427300e+04	3.026000e+04
8	1100.816299	4.705915e-09	9.439000e-01	1.368504e-13	2.928800e+04	1.425000e+04
8	447.261240	1.000000e-05	8.641389e-01	3.982807e-11	3.589999e+04	1.467900e+04
8	1432.526751	4.946573e-11	9.592000e-01	1.663694e-15	3.991600e+04	2.442100e+04
8	1917.537185	1.485425e-06	9.320030e-01	2.871452e-12	5.755000e+04	7.245000e+03
8	1883.939399	5.862223e-11	8.980000e-01	2.241099e-26	3.550000e+02	7.232000e+03
8	503.614871	1.000000e-05	8.651314e-01	3.502128e-09	5.449001e+04	3.804010e+03
8	1364.283109	6.016311e-12	9.915000e-01	7.842520e-15	4.118900e+04	2.028300e+04
8	1117.221843	6.242576e-10	9.354000e-01	1.003960e-12	3.475400e+04	9.662000e+03
8	451.284211	1.269250e-14	9.796000e-01	5.836837e-16	3.553000e+04	2.585700e+04
8	2054.429929	3.091257e-14	8.555000e-01	5.055544e-36	1.744000e+04	5.306500e+04
8	3682.941049	1.000000e-05	9.320191e-01	7.682182e-09	5.273500e+04	2.996700e+04
8	645.091885	3.054787e-10	8.538000e-01	1.222038e-13	4.137200e+04	2.825600e+04
8	494.518839	1.000000e-05	8.651174e-01	2.465348e-09	3.052900e+04	4.657000e+03
8	3742.724343	2.159924e-09	8.402301e-01	2.159924e-09	3.414900e+04	3.676000e+04
8	460.625876	7.623171e-06	8.632371e-01	6.774413e-12	5.507304e+04	1.897394e+04
8	470.893814	1.000000e-05	8.626620e-01	3.925131e-12	2.207915e+04	2.027645e+04
8	3213.477778	6.000005e-17	9.898000e-01	1.774083e-21	1.891500e+04	5.558100e+04
8	1902.071533	9.754610e-12	9.269000e-01	1.045954e-28	5.707000e+03	1.888200e+04
8	522.791077	2.738710e-07	8.651067e-01	6.653706e-09	5.320600e+04	2.242990e+03
8	2175.673052	1.826365e-15	9.048000e-01	1.460341e-28	2.542600e+04	1.959300e+04
8	433.432258	1.989127e-11	9.561281e-01	3.063679e-16	1.641500e+04	2.128500e+04
8	2647.387872	8.916096e-17	9.609000e-01	2.307612e-18	1.285000e+04	3.975700e+04
8	4034.999261	1.000000e-05	8.396945e-01	3.066376e-12	1.064122e+04	1.567202e+04
8	1259.161450	8.125227e-13	9.966000e-01	1.977291e-13	4.388400e+04	1.255800e+04
8	2353.001026	1.604190e-16	8.963000e-01	8.041252e-21	3.076400e+04	4.739800e+04
8	513.444598	4.009984e-09	9.532335e-01	2.558672e-09	3.468998e+03	4.319699e+04
8	1925.211766	1.967862e-12	8.844000e-01	1.445235e-27	8.176000e+03	1.359900e+04
8	64187.382345	5.165308e-09	9.762001e-01	3.353732e-16	5.481600e+04	4.303600e+04
8	1340.754133	3.431646e-09	9.456000e-01	8.654806e-16	2.998900e+04	2.621000e+04
8	1880.281100	1.647554e-10	9.609000e-01	3.766845e-26	1.348000e+03	4.761000e+03
8	1902.127394	9.608619e-12	9.371000e-01	1.943556e-29	6.242000e+03	2.052800e+04
8	3520.873050	8.819779e-07	8.300000e-01	9.749809e-09	1.919299e+04	3.257901e+04
8	1886.626753	2.127721e-11	9.677000e-01	5.692259e-32	7.257000e+03	3.251000e+04
8	1010.753299	1.562614e-08	9.167000e-01	1.521397e-12	2.734400e+04	9.119000e+03
8	2000.559088	1.308802e-13	8.810000e-01	1.129015e-29	1.458000e+04	2.107100e+04
8	2137.245455	3.654780e-15	9.099000e-01	4.553689e-30	2.395800e+04	2.409600e+04
8	3891.156489	1.654385e-11	8.793003e-01	1.654385e-11	4.566300e+04	5.217100e+04
8	2227.921008	1.050794e-15	8.538000e-01	2.639198e-30	2.539000e+04	2.755900e+04
8	1114.754385	8.376057e-11	9.830000e-01	2.308942e-12	3.632800e+04	6.847000e+03
8	1893.385589	1.735750e-11	9.031000e-01	1.242259e-30	3.451000e+03	2.338700e+04
8	1167.629333	7.996868e-10	9.779000e-01	4.240881e-14	3.131000e+04	1.646700e+04
8	1082.803588	1.075423e-12	8.442401e-01	6.344660e-13	5.384100e+04	2.251800e+04
8	2239.577633	8.890170e-17	8.351000e-01	8.890170e-17	2.987400e+04	3.891800e+04
8	1241.290723	6.050939e-10	9.405000e-01	2.165639e-14	3.460400e+04	1.870800e+04
8	1899.767187	1.024601e-11	9.473000e-01	6.564350e-29	6.736000e+03	1.749800e+04
8	451.582321	8.429666e-06	8.647022e-01	1.857029e-10	5.900001e+04	1.094197e+04
8	2278.839726	4.368045e-16	8.674000e-01	1.281871e-32	2.775000e+04	3.693200e+04
8	893.440875	1.452742e-09	9.842729e-01	2.523282e-17	8.511000e+03	3.348400e+04
8	2131.122594	4.264785e-16	8.725000e-01	4.264785e-16	1.916200e+04	3.075100e+04
8	384.121843	3.206299e-11	9.745000e-01	1.499737e-12	1.658900e+04	7.090000e+03
8	4255.829733	2.520541e-15	8.844000e-01	2.520541e-15	1.377900e+04	3.816900e+04
8	3639.322698	8.503469e-06	8.663378e-01	9.664472e-09	5.565101e+04	2.698198e+04
8	655.824810	8.308562e-11	8.562761e-01	4.184712e-15	4.578529e+04	3.668055e+04
8	3309.598421	3.700004e-16	9.677000e-01	2.946569e-22	2.138100e+04	5.994400e+04
8	2018.068873	7.602459e-14	9.048000e-01	2.953390e-28	1.654800e+04	1.490700e+04
8	520.188135	9.175035e-06	8.651123e-01	6.130673e-09	5.564207e+04	2.442137e+03
8	491.802166	1.000000e-05	8.651229e-01	2.229293e-09	5.544608e+04	4.902398e+03
8	1935.436360	1.307391e-12	9.235000e-01	5.962826e-32	1.040800e+04	3.320600e+04
8	1054.918649	1.503549e-09	9.371000e-01	5.583891e-12	3.247000e+04	5.500000e+03
8	24736.608477	1.219501e-07	9.303001e-01	1.325011e-15	4.785000e+04	3.974100e+04
8	736.934743	3.886224e-09	8.504000e-01	4.017839e-14	3.405000e+04	3.056000e+04
8	1351.888106	7.991779e-13	9.574999e-01	1.390578e-13	5.048900e+04	1.396900e+04
8	1958.177739	1.605856e-13	8.691000e-01	1.605856e-13	5.435000e+03	1.676900e+04
8	514.355693	1.103837e-09	9.550015e-01	1.103837e-09	6.527012e+03	4.059201e+04
8	2634.584155	8.299595e-16	9.881000e-01	2.746485e-18	2.237400e+04	3.886300e+04
8	1274.302736	2.514947e-12	9.983000e-01	1.900970e-14	3.909200e+04	1.810100e+04
8	487.158496	1.000000e-05	8.622538e-01	1.439560e-12	4.880099e+04	2.272401e+04
8	3708.967693	5.774344e-09	8.300000e-01	5.176996e-09	3.179207e+04	4.238712e+04
8	339.616825	3.291819e-11	8.392128e-01	7.922558e-14	1.133627e+02	3.243600e+04
8	1282.060480	8.093360e-12	8.436000e-01	1.312829e-13	3.861000e+03	5.298700e+04
8	1060.020999	2.260241e-09	9.048000e-01	5.322696e-12	3.257500e+04	6.470000e+03
8	3605.901508	1.643695e-07	8.878002e-01	6.995299e-14	4.817100e+04	3.017900e+04
8	1892.896915	1.708812e-11	8.963000e-01	2.145797e-30	3.288000e+03	2.664000e+04
8	2031.025019	1.227627e-14	9.422000e-01	1.396775e-36	2.262800e+04	5.045800e+04
8	2022.146606	6.167716e-14	9.133000e-01	1.030446e-28	1.734000e+04	1.776200e+04
8	1302.490572	5.818606e-12	8.708000e-01	2.202448e-13	5.218000e+03	5.438500e+04
8	1414.130132	2.331921e-09	8.878000e-01	8.207078e-17	3.294300e+04	3.370900e+04
8	85078.164439	1.000000e-05	9.846953e-01	3.509256e-17	5.802500e+04	4.841400e+04
8	1998.006228	1.153897e-13	8.300000e-01	3.007540e-16	1.382700e+04	8.841000e+03
8	457.464881	1.000000e-05	8.633461e-01	9.962472e-12	2.413599e+04	1.803100e+04
8	1933.193881	1.055553e-12	9.405000e-01	1.282760e-31	1.177700e+04	3.145700e+04
8	6288.600877	9.500000e-16	9.592000e-01	1.597480e-37	3.401800e+04	5.594600e+04
8	3066.356685	2.780474e-07	8.776004e-01	9.379197e-16	4.390400e+04	4.052300e+04
8	357.728991	9.723550e-13	8.436000e-01	2.543919e-15	8.289000e+03	3.958500e+04
8	452.423525	1.000000e-05	8.636646e-01	1.473622e-11	5.543307e+04	1.709041e+04
8	539.098141	1.000000e-05	8.646844e-01	8.856085e-09	2.148597e+04	1.519119e+03
8	1206.734114	5.540474e-13	8.407358e-01	4.230383e-14	5.526198e+04	2.758100e+04
8	639.254428	1.066312e-10	8.568285e-01	7.086953e-15	4.542709e+04	3.542729e+04
8	3309.989202	4.000052e-17	9.966000e-01	4.818743e-22	1.133600e+04	5.840200e+04
8	1897.276684	7.103136e-12	8.810000e-01	7.103136e-12	4.297000e+03	3.119000e+03
8	998.376553	4.509004e-09	9.626000e-01	5.056964e-12	2.833300e+04	5.263000e+03
8	926.079446	1.000000e-05	8.504227e-01	2.163824e-16	4.867100e+04	4.379900e+04
8	534.363781	8.853488e-09	8.608907e-01	2.295161e-13	4.709799e+04	2.716200e+04
