35	1306.349119	4.700000e-16	9.934000e-01	1.426631e-21	2.388000e+04	5.518000e+04
35	386.439602	9.977328e-06	8.066762e-01	9.669952e-11	5.002889e+04	1.197305e+04
35	1715.540227	9.098743e-07	7.800000e-01	9.939995e-09	2.030922e+04	3.091808e+04
35	888.242495	9.104603e-16	8.482000e-01	9.104603e-16	2.569700e+04	1.554100e+04
35	1779.102171	2.402670e-09	8.877985e-01	2.402670e-09	3.313500e+04	4.299700e+04
35	779.694077	2.128652e-11	8.768000e-01	6.484818e-20	2.357000e+03	4.066500e+04
35	595.477199	2.821033e-11	7.888000e-01	3.440565e-13	1.110000e+02	5.003700e+04
35	1849.149345	9.107242e-06	8.768114e-01	4.347513e-12	5.232100e+04	4.927300e+04
35	1868.925855	5.916842e-06	8.460068e-01	3.932176e-13	5.608800e+04	5.449100e+04
35	12713.281472	3.500000e-16	9.296000e-01	9.355845e-37	3.919000e+04	5.391700e+04
35	1854.514987	2.052681e-06	9.098012e-01	3.268667e-12	5.840700e+04	5.064600e+04
35	1849.902466	7.817770e-12	8.878000e-01	7.817770e-12	4.896900e+04	5.010600e+04
35	941.111700	4.335955e-12	9.406000e-01	1.942217e-29	1.972100e+04	1.228400e+04
35	-1.000000	-1.000000e+00	-1.000000e+00	-1.000000e+00	-1.000000e+00	-1.000000e+00
35	374.166124	4.058439e-06	8.072615e-01	3.840434e-10	5.617031e+04	8.655890e+03
35	778.260256	1.628068e-11	9.076000e-01	1.169957e-25	3.938000e+03	1.648000e+03
35	817.704375	3.013065e-14	8.988000e-01	6.428939e-28	1.871200e+04	1.611300e+04
35	1020.319401	1.963147e-11	9.560000e-01	9.555960e-21	4.269500e+04	5.130100e+04
35	976.916412	2.552067e-11	7.844000e-01	1.742323e-14	4.658400e+04	2.867500e+04
35	1819.297799	1.000000e-16	9.648000e-01	3.441965e-38	3.999100e+04	5.633000e+04
35	588.244249	1.437306e-11	8.790000e-01	4.018193e-12	3.410000e+03	4.966800e+04
35	779.929916	2.022550e-12	8.372000e-01	2.022550e-12	7.131000e+03	2.117000e+03
35	526.514493	1.184302e-09	9.472000e-01	7.185567e-13	3.293300e+04	9.340000e+03
35	472.169608	2.118184e-09	8.023417e-01	3.373880e-13	3.979795e+04	2.543303e+04
35	611.986967	2.523605e-12	8.218000e-01	1.137454e-13	6.448000e+03	5.670300e+04
35	407.177717	1.000000e-05	8.042627e-01	2.763614e-11	5.280600e+04	1.490200e+04
35	671.314081	2.412488e-12	9.912000e-01	8.644879e-16	4.387100e+04	2.475900e+04
35	442.177489	3.329158e-10	8.040722e-01	1.987529e-12	4.654497e+04	2.125802e+04
35	946.022676	1.229463e-11	9.362000e-01	1.135895e-19	4.487700e+04	4.595600e+04
35	539.298281	1.794150e-09	9.230000e-01	1.549932e-13	3.290000e+04	1.331600e+04
35	605.617804	4.747708e-11	9.428000e-01	1.440616e-14	4.121800e+04	1.867400e+04
35	505.303097	1.335274e-12	9.560000e-01	2.824745e-15	2.243000e+04	1.343900e+04
35	808.703614	6.079527e-14	8.944000e-01	6.079527e-14	1.688600e+04	4.923000e+03
35	26438.217823	5.933609e-08	8.966007e-01	2.323445e-15	4.613200e+04	3.785000e+04
35	778.578123	6.746108e-12	8.636000e-01	2.618375e-31	4.900000e+03	3.241600e+04
35	468.765413	3.831455e-07	9.538006e-01	2.544161e-13	1.822700e+04	1.173100e+04
35	368.528742	1.000000e-05	8.075952e-01	1.032165e-09	4.268611e+04	6.276445e+03
35	397.871333	1.000000e-05	8.061878e-01	3.657002e-11	3.621696e+04	1.431010e+04
35	797.214152	2.128795e-10	9.054000e-01	4.693631e-18	3.878300e+04	3.794300e+04
35	1735.800774	8.412501e-06	7.883783e-01	8.205201e-09	4.839304e+04	2.446194e+04
35	1837.122070	8.417669e-07	7.932017e-01	2.114312e-12	5.797300e+04	4.630600e+04
35	875.129232	1.031405e-15	8.988000e-01	2.583693e-31	2.670200e+04	2.938200e+04
35	860.922197	2.428971e-15	8.922000e-01	2.428971e-15	2.447400e+04	4.988000e+03
35	491.478010	5.887528e-08	7.932001e-01	1.722016e-12	2.762600e+04	1.967600e+04
35	455.324327	2.083589e-10	8.033455e-01	9.073751e-13	4.653907e+04	2.311067e+04
35	874.294418	1.716134e-15	8.504000e-01	1.593785e-30	2.427700e+04	2.792500e+04
35	801.824938	1.137703e-13	8.438000e-01	1.044685e-33	1.425400e+04	4.205400e+04
35	1050.792157	4.686666e-08	9.428001e-01	3.468467e-18	5.712700e+04	3.807600e+04
35	517.539834	2.210380e-13	9.912000e-01	1.050597e-17	2.973500e+04	3.482200e+04
35	498.521783	3.839481e-08	9.032000e-01	5.128531e-13	2.588500e+04	1.078200e+04
35	476.195484	1.478716e-08	8.064001e-01	7.885316e-13	5.504200e+04	2.360600e+04
35	1854.723810	9.999990e-06	9.340048e-01	3.698100e-12	5.600900e+04	5.070000e+04
35	881.268934	4.233679e-16	9.164000e-01	3.901627e-22	2.945100e+04	4.886800e+04
35	1727.447956	3.394396e-07	7.800000e-01	9.440302e-09	2.274719e+04	3.492012e+04
35	365.902098	1.000000e-05	8.078285e-01	2.517568e-09	3.869908e+04	4.129511e+03
35	788.553978	2.631067e-13	9.296000e-01	9.785196e-36	1.472300e+04	4.630500e+04
35	778.904516	3.756769e-12	8.504000e-01	3.756769e-12	5.879000e+03	4.260000e+02
35	906.676818	4.059499e-16	7.800000e-01	8.938105e-17	2.646500e+04	3.280900e+04
35	919.316644	2.659838e-16	8.526000e-01	7.122868e-22	2.868200e+04	1.603700e+04
35	873.101091	1.383283e-16	9.318000e-01	4.315140e-31	3.288700e+04	2.096800e+04
35	1805.311030	4.104220e-06	8.042499e-01	7.040313e-11	5.037000e+04	3.896200e+04
35	1800.417519	9.775131e-07	8.064121e-01	1.172197e-10	5.948000e+04	3.788800e+04
35	550.610521	2.808053e-09	8.922000e-01	5.906295e-14	3.270400e+04	1.613000e+04
35	787.056255	5.594195e-13	8.482000e-01	2.720072e-30	1.054800e+04	2.249700e+04
35	19299.352465	2.243401e-07	8.878003e-01	1.690972e-14	4.586800e+04	3.313100e+04
35	806.811030	3.934797e-14	9.230000e-01	3.934797e-14	1.894900e+04	4.104000e+03
35	1002.571663	7.176485e-12	8.922000e-01	1.958707e-20	4.768300e+04	5.077300e+04
35	368.685786	9.969295e-10	9.580470e-01	9.969295e-10	6.359996e+03	5.935899e+04
35	635.725586	7.884821e-11	9.912000e-01	8.656113e-16	3.509800e+04	2.475200e+04
35	670.914005	2.600369e-10	9.934000e-01	1.190550e-16	3.137600e+04	2.934500e+04
35	926.971267	2.074359e-16	8.240000e-01	5.915960e-32	2.871500e+04	3.204100e+04
35	1219.237229	7.699889e-16	9.714000e-01	2.322149e-20	1.462900e+04	4.913600e+04
35	1767.811674	4.208403e-06	8.901741e-01	6.960521e-09	5.902600e+04	3.098500e+04
35	730.992766	1.578623e-11	7.889126e-01	1.578623e-11	5.425100e+04	1.236400e+04
35	537.427338	1.824793e-11	9.494000e-01	6.023837e-31	1.618500e+04	2.117600e+04
35	895.503962	6.961224e-16	8.460000e-01	2.903349e-21	2.630100e+04	2.600600e+04
35	1855.883799	6.446259e-06	9.692102e-01	3.888565e-12	5.581700e+04	5.100100e+04
35	383.164214	1.373002e-10	9.591773e-01	1.373002e-10	1.112504e+04	5.372398e+04
35	342.318709	1.141080e-10	9.736000e-01	1.197424e-14	1.256900e+04	1.751400e+04
35	1840.563857	8.453048e-06	9.603897e-01	1.721009e-11	5.157900e+04	4.713400e+04
35	1854.684894	9.999993e-06	8.965951e-01	2.928115e-12	5.299900e+04	5.069000e+04
35	821.600494	6.982182e-15	9.296000e-01	1.143608e-33	2.341700e+04	3.752100e+04
35	937.016397	1.338886e-14	9.736000e-01	7.332913e-19	5.985700e+04	4.125700e+04
35	803.256555	6.500382e-15	9.472000e-01	4.951792e-32	2.470100e+04	3.155400e+04
35	776.161600	4.124482e-11	9.516000e-01	7.033731e-17	3.807000e+03	2.394700e+04
35	598.596297	1.935481e-11	9.362000e-01	4.439108e-14	4.377800e+04	1.610200e+04
35	900.388452	5.652817e-16	8.152000e-01	1.007392e-33	2.623100e+04	3.806700e+04
35	612.679265	1.124118e-11	8.284000e-01	1.289838e-13	2.970000e+03	5.673900e+04
35	3850.394775	1.975152e-07	8.878024e-01	1.000000e-08	5.026300e+04	2.685800e+04
35	966.910206	2.374901e-18	8.328000e-01	2.374901e-18	2.014100e+04	4.212500e+04
35	1838.082020	1.436276e-11	9.338685e-01	1.436276e-11	4.523400e+04	5.073000e+04
35	401.938814	2.279177e-12	9.868000e-01	5.318763e-16	2.333500e+04	2.562400e+04
35	744.644584	3.794960e-11	7.866000e-01	5.485944e-17	4.561000e+04	4.258600e+04
35	852.608775	2.231378e-15	9.120000e-01	2.231378e-15	2.534400e+04	6.231000e+03
35	-1.000000	-1.000000e+00	-1.000000e+00	-1.000000e+00	-1.000000e+00	-1.000000e+00
35	873.463133	1.758156e-15	8.240000e-01	1.962800e-30	2.372800e+04	2.746200e+04
35	811.785592	5.752616e-15	9.406000e-01	6.526108e-34	2.452400e+04	4.050700e+04
35	840.940317	8.730435e-15	8.460000e-01	4.636488e-37	2.036700e+04	5.436500e+04
35	1023.740280	7.798910e-16	9.340000e-01	4.559437e-18	2.231900e+04	3.733300e+04
35	942.540520	2.131560e-17	8.416000e-01	2.131560e-17	2.191900e+04	3.642400e+04
35	1019.950028	3.077731e-17	8.218000e-01	1.128176e-21	3.276000e+04	5.480200e+04
35	849.726956	3.938095e-15	8.987999e-01	3.190146e-35	2.353600e+04	4.563500e+04
35	845.260988	6.011135e-15	7.910000e-01	4.659687e-27	2.032100e+04	1.908100e+04
35	837.034825	1.086099e-14	8.592000e-01	1.426680e-34	2.012100e+04	4.580300e+04
35	516.388667	9.824716e-06	8.017628e-01	4.378572e-14	3.154900e+04	3.041900e+04
35	372.765289	4.726864e-10	9.583959e-01	4.726864e-10	8.156026e+03	5.947899e+04
35	614.078064	3.299714e-12	9.670000e-01	2.839561e-14	4.650000e+04	1.679700e+04
35	20940.267775	1.967927e-16	8.768000e-01	7.267173e-37	4.367500e+04	5.738100e+04
35	378.423853	1.000000e-05	8.070286e-01	2.255607e-10	2.889500e+04	9.934000e+03
35	779.183441	5.102089e-11	9.164000e-01	3.248528e-16	1.131000e+03	2.313600e+04
35	784.849763	7.743394e-13	9.120000e-01	1.004835e-31	1.140300e+04	2.986200e+04
35	54316.897486	1.000000e-05	9.251998e-01	4.565275e-17	5.585900e+04	4.712300e+04
35	933.505066	1.539669e-16	8.548000e-01	4.075339e-20	3.000300e+04	1.298600e+04
35	1856.455370	2.746689e-12	9.010000e-01	2.746689e-12	5.030900e+04	5.523100e+04
35	791.348082	3.501320e-13	8.856000e-01	4.294801e-34	1.250200e+04	4.354300e+04
35	833.826187	1.246824e-14	8.284000e-01	1.818376e-30	1.920300e+04	2.465400e+04
35	861.401479	3.774710e-11	9.582000e-01	9.465856e-19	4.093000e+04	4.083600e+04
35	806.297289	2.322959e-16	9.758000e-01	2.046094e-36	3.660200e+04	5.114800e+04
35	1851.449704	9.376325e-06	9.009980e-01	4.198043e-12	5.079000e+04	4.985800e+04
35	814.319122	4.230612e-14	8.834000e-01	4.230612e-14	1.745200e+04	5.409000e+03
35	862.348508	3.520780e-16	9.296000e-01	2.019574e-31	3.054400e+04	2.687100e+04
35	1149.322462	1.000062e-17	8.372000e-01	3.163986e-21	2.651100e+04	5.722900e+04
35	1855.018931	4.693523e-12	7.910000e-01	4.693523e-12	5.071800e+04	5.348700e+04
35	1814.007753	5.739286e-12	9.956040e-01	5.739286e-12	4.000600e+04	5.650100e+04
35	1023.659796	2.492469e-17	8.592000e-01	4.710936e-21	3.391200e+04	5.042600e+04
35	839.725767	9.364994e-15	8.526000e-01	2.369368e-37	2.033300e+04	5.833800e+04
35	518.484961	1.905167e-09	9.604000e-01	2.988675e-11	3.099200e+04	2.260000e+02
35	790.044689	5.990146e-11	8.790000e-01	7.493865e-18	4.267500e+04	3.745600e+04
35	939.733054	1.510520e-17	8.372000e-01	1.510520e-17	1.484800e+04	3.749600e+04
35	-1.000000	-1.000000e+00	-1.000000e+00	-1.000000e+00	-1.000000e+00	-1.000000e+00
35	841.321572	5.518431e-15	9.054000e-01	2.528514e-19	2.295600e+04	1.152100e+04
35	365.624363	1.000000e-05	8.079806e-01	5.590336e-09	4.699733e+04	2.207970e+03
35	367.005953	1.000000e-05	8.077122e-01	1.564156e-09	3.980313e+04	5.275634e+03
35	96980.313041	1.000000e-05	9.669974e-01	8.276465e-18	5.942500e+04	5.111200e+04
35	842.172421	7.371665e-15	8.042000e-01	7.371665e-15	2.004100e+04	2.460000e+03
35	408.520673	1.731947e-10	9.845999e-01	7.176418e-16	1.278200e+04	2.487400e+04
35	780.196412	2.171977e-12	8.460000e-01	6.219859e-34	7.262000e+03	4.233800e+04
35	779.237426	3.328973e-12	8.548000e-01	1.077309e-33	6.412000e+03	3.573100e+04
35	392.732675	1.000000e-05	8.064020e-01	5.539714e-11	3.466499e+04	1.331200e+04
35	771.860404	2.068638e-11	9.692000e-01	1.042950e-28	7.862000e+03	1.891100e+04
35	1783.621032	1.000000e-05	8.747245e-01	1.629310e-09	5.075200e+04	3.428400e+04
35	857.616432	3.632470e-15	8.658000e-01	4.101365e-29	2.284600e+04	1.892100e+04
35	1040.198220	3.999902e-17	8.130000e-01	3.272339e-21	1.788700e+04	5.903000e+04
35	844.118813	3.273462e-12	9.824000e-01	2.558618e-18	4.485500e+04	3.830400e+04
35	-1.000000	-1.000000e+00	-1.000000e+00	-1.000000e+00	-1.000000e+00	-1.000000e+00
35	846.092729	4.623978e-15	9.010000e-01	1.586865e-30	2.322700e+04	2.207000e+04
35	365.514908	9.577680e-06	8.079098e-01	3.713730e-09	5.627173e+04	3.193247e+03
35	1803.243318	4.921150e-10	9.076007e-01	4.921150e-10	3.747900e+04	4.080500e+04
35	571.777815	1.560716e-11	9.626000e-01	3.669176e-13	4.290800e+04	1.077100e+04
35	610.707083	3.772583e-09	8.878000e-01	1.582892e-15	3.207000e+04	2.475700e+04
35	36798.456942	2.018926e-07	9.318002e-01	4.465703e-14	4.548500e+04	3.083500e+04
35	1727.940573	1.000000e-05	7.845177e-01	8.356429e-09	4.187077e+04	2.289505e+04
35	807.187087	3.053442e-14	9.274000e-01	3.471976e-31	1.977700e+04	2.789100e+04
35	1828.366935	1.000000e-05	8.394272e-01	2.065093e-11	4.786100e+04	4.420600e+04
35	544.550031	5.972790e-10	9.252000e-01	2.985338e-13	3.557900e+04	1.172600e+04
35	834.006758	1.288868e-14	8.526000e-01	9.299844e-36	1.958000e+04	5.195600e+04
35	778.171613	8.420389e-12	8.944000e-01	6.419521e-28	5.123000e+03	1.509000e+04
35	1784.059403	2.379933e-06	7.998339e-01	3.590151e-10	5.245500e+04	3.438000e+04
35	640.212062	2.463087e-12	9.274000e-01	1.184074e-14	4.934000e+04	1.934500e+04
35	1755.385249	5.894893e-06	8.262436e-01	8.750345e-09	5.609200e+04	2.843400e+04
35	543.539026	1.123219e-11	9.978000e-01	2.846726e-13	3.642400e+04	1.103000e+04
35	780.586067	3.860707e-11	8.702000e-01	5.572259e-18	6.060000e+02	3.292200e+04
35	857.861156	3.485553e-15	8.723938e-01	2.833361e-37	2.309700e+04	5.846600e+04
35	623.278362	8.412512e-13	7.998000e-01	1.982350e-14	8.726000e+03	5.931600e+04
35	869.105868	2.275290e-12	8.460000e-01	2.275290e-12	7.708000e+03	4.842300e+04
35	1002.912013	4.531222e-17	8.922000e-01	3.770332e-21	3.335700e+04	5.039500e+04
35	1776.379960	9.999997e-06	8.659225e-01	2.739382e-09	5.468300e+04	3.276400e+04
35	893.716904	1.843213e-16	9.164000e-01	1.057464e-33	3.144000e+04	4.062000e+04
35	956.368162	5.203970e-20	8.042000e-01	5.203970e-20	3.425800e+04	5.376000e+04
35	392.689827	1.000000e-05	8.064046e-01	5.558341e-11	3.610799e+04	1.330402e+04
35	6981.496219	3.800000e-16	9.296000e-01	1.010426e-37	3.517400e+04	5.822800e+04
35	944.620915	1.061666e-16	7.954000e-01	1.823377e-32	2.980600e+04	3.946400e+04
35	579.556690	4.181309e-09	8.614000e-01	7.043686e-15	3.242100e+04	2.192100e+04
35	394.259479	4.112935e-09	9.933465e-01	2.176444e-14	7.377000e+03	1.708900e+04
35	1796.407980	9.999999e-06	9.055252e-01	7.022802e-10	5.286900e+04	3.701500e+04
35	1502.622446	7.179870e-10	7.845512e-01	1.740733e-10	4.213500e+04	1.411001e+04
35	1865.667818	2.011915e-06	9.442716e-01	1.244967e-12	4.363700e+04	5.360000e+04
35	1854.356129	9.433687e-06	8.834024e-01	2.725393e-12	5.538900e+04	5.060500e+04
35	1840.368965	8.165336e-06	8.130139e-01	3.788579e-12	5.132800e+04	4.708800e+04
35	827.862144	1.474487e-14	7.800000e-01	3.342042e-15	1.805100e+04	1.997800e+04
35	779.591111	4.540132e-11	9.076000e-01	1.420645e-17	1.228000e+03	2.982700e+04
35	6110.439708	4.234473e-08	8.659513e-01	8.547966e-09	5.404729e+04	1.229052e+03
35	552.266908	1.125092e-11	9.934000e-01	6.972377e-13	3.927300e+04	8.934000e+03
35	795.714036	2.028991e-13	8.482000e-01	1.287341e-32	1.296400e+04	3.752000e+04
35	399.343359	3.321135e-11	9.602014e-01	3.321135e-11	1.453401e+04	5.616900e+04
35	629.394652	8.790628e-10	8.900000e-01	1.368718e-15	3.566200e+04	2.505300e+04
35	499.708869	3.684154e-09	9.780000e-01	8.517790e-12	2.783400e+04	3.070000e+03
35	64549.584231	1.809900e-08	9.736001e-01	1.028897e-14	5.237200e+04	3.433600e+04
35	368.551041	1.000000e-05	8.075936e-01	1.026795e-09	4.304900e+04	6.289001e+03
35	798.106439	1.613745e-13	8.966000e-01	1.750855e-26	1.465300e+04	9.269000e+03
35	1042.671131	7.269201e-14	9.824000e-01	1.847389e-20	5.448100e+04	4.952600e+04
35	1826.159138	6.495187e-11	9.053997e-01	6.495187e-11	4.269600e+04	4.577200e+04
35	511.471555	7.991285e-09	9.912000e-01	4.192108e-14	2.359200e+04	1.563000e+04
35	39844.398663	6.630383e-08	9.626003e-01	1.000000e-08	4.920100e+04	5.070000e+02
35	1821.435306	1.216289e-10	7.800000e-01	1.212166e-10	4.259200e+04	5.564425e+04
35	1819.570099	2.123203e-06	8.064058e-01	2.143143e-11	5.858400e+04	4.216600e+04
35	965.503788	1.770258e-16	9.494000e-01	5.289931e-17	1.532900e+04	3.171000e+04
35	812.777652	4.040516e-14	7.976000e-01	4.040516e-14	1.591700e+04	8.305000e+03
35	854.196110	2.715677e-14	9.978000e-01	3.502818e-18	5.155700e+04	3.744300e+04
35	371.803437	9.367855e-07	8.073912e-01	5.495140e-10	5.670629e+04	7.793744e+03
35	800.031306	1.155827e-13	8.086000e-01	1.903067e-29	1.360800e+04	2.225800e+04
35	1226.188812	2.929717e-12	9.362000e-01	2.170525e-31	2.068800e+04	2.235500e+04
35	778.855936	3.281404e-11	9.120000e-01	2.955494e-14	1.799000e+03	1.358900e+04
35	339.769919	9.212075e-11	9.736000e-01	6.658814e-14	1.311400e+04	1.345700e+04
35	374.073290	1.000000e-05	8.072630e-01	3.905506e-10	3.266053e+04	8.615005e+03
35	1866.411515	7.949990e-06	9.890139e-01	1.396805e-12	5.033000e+04	5.380200e+04
35	478.850809	2.938026e-10	8.020455e-01	2.269564e-13	4.445001e+04	2.637599e+04
35	479.940411	4.947772e-08	9.736001e-01	4.372096e-13	2.184800e+04	1.022900e+04
35	343.474940	1.435606e-10	9.736000e-01	5.850953e-13	1.208700e+04	8.287000e+03
35	1323.599578	8.200006e-16	9.604000e-01	9.363263e-22	1.398000e+04	5.649600e+04
35	339.553186	1.343828e-12	9.714000e-01	9.193109e-16	2.294500e+04	2.319900e+04
35	536.386487	2.522490e-09	9.934000e-01	1.506279e-14	2.572900e+04	1.802800e+04
35	620.743661	4.480486e-11	8.614000e-01	1.330187e-13	2.680000e+02	5.788700e+04
35	786.833372	6.355279e-13	8.812000e-01	6.229965e-31	1.096700e+04	3.054600e+04
35	386.162223	1.000000e-05	8.066884e-01	9.926624e-11	4.249795e+04	1.191006e+04
35	499.363032	8.614915e-09	9.560000e-01	1.415617e-12	2.750100e+04	7.613000e+03
35	527.171872	5.115006e-16	9.780000e-01	5.115006e-16	4.169300e+04	2.243600e+04
35	883.722967	4.778805e-18	8.108000e-01	4.778805e-18	1.799900e+04	4.229500e+04
35	92385.692033	1.468775e-15	7.800000e-01	7.821540e-16	3.895700e+04	4.506800e+04
35	1815.764632	1.542418e-10	8.437999e-01	1.542418e-10	4.104800e+04	4.709700e+04
35	617.710437	1.716568e-11	7.910000e-01	2.227806e-14	1.347000e+03	5.755500e+04
35	482.442165	4.606908e-10	8.018271e-01	1.834261e-13	4.317698e+04	2.687406e+04
35	839.786062	7.052396e-16	8.174000e-01	7.052396e-16	2.060100e+04	2.936300e+04
35	333.077161	3.768920e-14	7.910000e-01	6.971836e-15	1.528600e+04	3.630400e+04
35	860.065680	2.793554e-15	8.856000e-01	8.012560e-34	2.395700e+04	3.875700e+04
35	6483.663564	1.619738e-06	8.460025e-01	7.657849e-15	3.629100e+04	3.497800e+04
35	811.388249	1.902461e-11	7.888000e-01	1.902461e-11	1.607000e+03	3.830300e+04
35	611.759188	1.985211e-11	8.702000e-01	2.700174e-13	2.427000e+03	5.631800e+04
35	948.841555	9.257743e-17	8.416000e-01	4.688852e-37	3.091500e+04	5.818200e+04
35	1235.138780	7.291975e-15	8.152000e-01	7.291975e-15	1.198400e+04	3.500300e+04
35	906.571459	4.280439e-16	7.976000e-01	6.427407e-33	2.660000e+04	4.051800e+04
35	775.902847	2.639848e-11	9.494000e-01	7.736732e-17	4.799000e+03	2.176900e+04
35	1830.641905	9.754999e-06	8.570074e-01	2.119222e-11	5.946200e+04	4.474300e+04
35	797.890691	1.623706e-13	8.988000e-01	2.362434e-30	1.470400e+04	2.583300e+04
35	879.795254	8.193119e-16	8.988227e-01	1.050962e-35	2.724600e+04	5.017000e+04
35	378.637648	1.000000e-05	8.053727e-01	1.419837e-09	1.808297e+04	5.285282e+03
35	1090.355013	2.354533e-17	8.394000e-01	2.374597e-20	3.239600e+04	5.018000e+04
35	418.176198	9.727257e-12	7.998000e-01	2.269727e-13	4.600000e+02	2.710800e+04
35	581.828057	3.971665e-09	8.636000e-01	6.475075e-15	3.250300e+04	2.205300e+04
35	735.888614	3.716140e-16	9.626000e-01	6.333346e-26	4.192700e+04	5.870000e+02
35	803.530534	1.011090e-13	8.526000e-01	7.399470e-36	1.470600e+04	5.243200e+04
35	981.979650	2.953666e-17	7.844000e-01	1.453246e-30	3.260200e+04	3.438600e+04
35	556.054925	1.168562e-14	9.912000e-01	1.730696e-18	3.651300e+04	3.894400e+04
35	511.978303	4.412388e-08	9.494001e-01	4.910491e-14	2.380300e+04	1.568900e+04
35	527.936172	1.590014e-13	9.582000e-01	1.750822e-17	2.766200e+04	3.008500e+04
35	415.274866	4.676576e-06	8.054925e-01	1.061556e-11	4.579100e+04	1.728085e+04
35	1844.643326	6.568959e-06	8.592357e-01	5.674256e-12	4.910200e+04	4.814200e+04
35	812.773776	2.044849e-14	9.252000e-01	9.301421e-27	2.063100e+04	8.068000e+03
35	798.354730	1.203029e-13	7.844000e-01	1.203029e-13	1.314800e+04	8.670000e+02
35	516.704827	5.760837e-10	9.868000e-01	1.611250e-11	3.116600e+04	1.449000e+03
35	785.629439	6.976779e-13	8.504000e-01	4.476056e-33	1.006400e+04	3.989400e+04
35	810.996641	7.397573e-15	9.934000e-01	3.006659e-17	5.778800e+04	3.254000e+04
35	893.681928	5.701427e-16	8.856000e-01	3.487441e-36	2.769700e+04	5.250200e+04
35	383.456460	1.296269e-10	9.591439e-01	1.296269e-10	1.126793e+04	5.957706e+04
35	882.785652	8.305356e-16	8.922000e-01	9.326030e-34	2.700500e+04	3.959900e+04
35	777.449747	1.668858e-11	9.252000e-01	1.865748e-29	4.542000e+03	2.808400e+04
35	822.335035	2.537181e-14	8.394000e-01	9.310142e-30	1.772500e+04	2.274400e+04
35	1878.998075	2.657356e-06	8.768005e-01	1.821373e-13	4.816300e+04	5.733200e+04
35	1740.020967	1.000068e-08	9.855188e-01	1.000000e-08	2.436200e+04	3.744300e+04
35	368.223878	4.849451e-06	8.076168e-01	1.110200e-09	5.755402e+04	6.100999e+03
35	756.240968	5.530617e-12	9.890000e-01	7.966001e-21	1.625100e+04	4.965200e+04
35	628.184615	6.959863e-11	8.878000e-01	5.248046e-15	4.210100e+04	2.194400e+04
35	564.606539	4.480145e-10	9.890000e-01	1.244636e-14	3.132300e+04	1.852000e+04
35	369.792372	8.094568e-10	9.581608e-01	8.094568e-10	6.860011e+03	5.240203e+04
35	522.394526	1.463750e-09	9.868000e-01	1.162405e-13	2.883400e+04	1.325600e+04
35	519.265649	2.022492e-08	7.991547e-01	1.719104e-14	3.233401e+04	3.232697e+04
35	29062.502820	2.488922e-06	8.966012e-01	6.394627e-16	3.579800e+04	4.090400e+04
35	918.841297	1.483724e-16	8.966000e-01	5.415300e-34	3.119600e+04	4.275400e+04
35	-1.000000	-1.000000e+00	-1.000000e+00	-1.000000e+00	-1.000000e+00	-1.000000e+00
35	622.411943	1.188373e-12	8.702000e-01	9.031535e-14	9.191000e+03	5.910100e+04
35	931.856359	1.496420e-13	9.846000e-01	4.082612e-19	5.231500e+04	4.247900e+04
35	1075.876921	7.829223e-08	9.098002e-01	1.447502e-18	5.839600e+04	4.059300e+04
35	840.234585	8.838212e-15	8.724000e-01	8.505193e-19	2.090400e+04	1.379200e+04
35	1795.068556	5.140675e-06	8.460646e-01	4.438258e-10	5.716100e+04	3.672600e+04
35	387.839116	1.000000e-05	8.066145e-01	8.493279e-11	5.345401e+04	1.228499e+04
35	1033.700406	5.438547e-18	8.438000e-01	2.613609e-36	3.751600e+04	5.377200e+04
35	621.245832	6.777246e-16	9.626000e-01	3.382032e-22	4.067900e+04	5.635000e+04
35	779.947528	2.449167e-12	8.548000e-01	1.022140e-30	7.148000e+03	2.938300e+04
35	2792.210045	7.000000e-17	9.516000e-01	1.557121e-37	3.950600e+04	5.398300e+04
35	545.019539	6.640701e-10	9.164000e-01	2.963634e-13	3.561600e+04	1.187500e+04
35	403.490488	1.000000e-05	8.059580e-01	2.394884e-11	3.516898e+04	1.532701e+04
35	366.838490	4.809331e-07	8.077271e-01	1.654117e-09	5.880203e+04	5.141011e+03
35	612.483713	2.946421e-11	8.526000e-01	2.707188e-13	1.098000e+03	5.581200e+04
35	1881.781085	1.653421e-07	9.868069e-01	2.515440e-13	4.648700e+04	5.814200e+04
35	14137.067701	1.816478e-07	8.834002e-01	1.000000e-08	5.085500e+04	2.530000e+02
35	584.577531	2.591655e-11	8.350000e-01	5.232211e-12	1.069000e+03	4.764100e+04
35	936.711005	1.031565e-16	9.142000e-01	3.252315e-21	3.248200e+04	4.883000e+04
35	852.382411	2.677074e-15	9.076000e-01	5.782979e-31	2.474900e+04	2.556000e+04
35	430.264602	3.345834e-06	8.048903e-01	4.157689e-12	3.076919e+04	1.952719e+04
35	15746.786966	1.077143e-15	8.834000e-01	5.712589e-37	3.965700e+04	5.913400e+04
35	776.633090	7.144809e-13	9.714000e-01	5.030324e-31	1.623700e+04	2.669400e+04
35	633.543346	9.010221e-13	9.846000e-01	1.098092e-14	4.780600e+04	1.886300e+04
35	1847.012678	4.736515e-12	8.965999e-01	4.736515e-12	4.857900e+04	5.983500e+04
35	1801.710226	1.000000e-05	8.240845e-01	1.712205e-10	5.051300e+04	3.816900e+04
35	428.536206	1.000000e-05	8.046172e-01	4.635131e-12	2.190301e+04	1.922900e+04
35	6605.386989	1.198780e-15	9.142000e-01	2.771061e-21	3.935200e+04	5.077000e+04
35	777.592288	2.616584e-11	9.318000e-01	1.720855e-15	3.596000e+03	1.695800e+04
35	402.723718	8.985891e-09	8.050091e-01	8.985891e-09	4.472614e+04	5.941189e+02
35	561.415245	3.149236e-11	9.846000e-01	1.704254e-13	3.884300e+04	1.237200e+04
35	780.378432	1.523758e-12	7.844000e-01	1.523758e-12	7.080000e+03	3.416000e+03
35	339.814888	1.035060e-10	9.780000e-01	3.098327e-13	1.326500e+04	1.019300e+04
35	636.409581	3.437952e-12	9.912000e-01	3.558628e-15	4.298200e+04	2.144800e+04
35	546.318304	1.422117e-11	9.934000e-01	1.814558e-12	3.868500e+04	6.645000e+03
35	798.419472	1.642467e-13	8.680000e-01	3.317086e-31	1.388000e+04	2.942000e+04
35	1844.490432	6.866036e-12	8.834000e-01	6.866036e-12	4.797400e+04	5.904200e+04
35	819.933048	1.825684e-14	9.142000e-01	6.711990e-28	2.043400e+04	1.189400e+04
35	590.727866	3.221190e-12	8.878000e-01	3.221190e-12	7.237000e+03	5.036600e+04
35	780.799624	1.982513e-12	8.724000e-01	6.678673e-33	8.035000e+03	3.767600e+04
35	384.398293	1.000000e-05	8.067675e-01	1.176815e-10	5.243200e+04	1.150089e+04
35	892.482498	2.586403e-16	9.120000e-01	3.322745e-35	3.045200e+04	4.544000e+04
35	806.108489	2.511935e-06	9.538068e-01	7.072587e-14	5.517700e+04	1.480500e+04
35	795.307827	1.137701e-13	9.274000e-01	9.268140e-33	1.662700e+04	3.390100e+04
35	547.593123	4.388741e-10	9.654505e-01	4.314391e-10	8.049028e+03	3.922497e+04
35	378.177770	2.051095e-10	9.592848e-01	1.670422e-13	1.018300e+04	2.813000e+03
35	1776.930825	9.999999e-06	8.816814e-01	3.040875e-09	5.232100e+04	3.287900e+04
35	371.511255	7.686144e-10	9.584482e-01	7.686144e-10	6.968012e+03	4.649603e+04
35	365.933981	1.000000e-05	8.078235e-01	2.537145e-09	3.187102e+04	4.110239e+03
35	855.416673	3.007738e-15	8.966000e-01	1.825252e-36	2.410400e+04	5.318000e+04
35	1762.558500	8.846876e-16	8.174000e-01	8.846876e-16	2.481000e+03	4.001800e+04
35	396.401079	1.000000e-05	8.062496e-01	4.104649e-11	5.100334e+04	1.403273e+04
35	371.416928	4.677586e-06	8.074135e-01	5.860518e-10	4.958903e+04	7.638820e+03
35	433.697986	1.348867e-09	8.045594e-01	3.332243e-12	4.450301e+04	2.003699e+04
35	368.480251	1.000000e-05	8.075986e-01	1.043826e-09	5.985893e+04	6.249406e+03
35	640.730111	4.054624e-09	9.824000e-01	1.829663e-16	2.701000e+04	2.844800e+04
35	1878.965901	9.009347e-08	8.702000e-01	1.716166e-13	5.021300e+04	5.732300e+04
35	826.989848	9.939289e-15	8.020000e-01	1.485595e-16	1.523100e+04	3.467900e+04
35	47369.039205	5.321956e-09	9.824000e-01	6.986840e-12	5.874400e+04	1.878100e+04
35	82073.661377	1.913468e-08	9.009999e-01	1.000000e-08	5.767000e+04	2.331000e+04
35	398.740304	4.393394e-15	7.822000e-01	1.182971e-15	2.085800e+04	4.406000e+04
35	-1.000000	-1.000000e+00	-1.000000e+00	-1.000000e+00	-1.000000e+00	-1.000000e+00
35	811.056411	5.232330e-14	8.944000e-01	1.042347e-27	1.726900e+04	1.471700e+04
35	547.322404	3.995242e-10	7.888000e-01	1.214952e-11	3.969500e+04	1.293500e+04
35	370.102882	1.000000e-05	8.073086e-01	9.901598e-10	2.305599e+04	6.351003e+03
35	574.140864	1.625057e-12	9.890000e-01	1.338336e-12	4.546200e+04	7.417000e+03
35	381.985381	1.000000e-05	8.068776e-01	1.503371e-10	4.251397e+04	1.091197e+04
35	756.387402	3.650094e-10	9.252000e-01	1.467750e-17	3.678700e+04	3.497800e+04
35	370.658106	7.997996e-12	9.824000e-01	1.161883e-15	1.970300e+04	2.361300e+04
35	-1.000000	-1.000000e+00	-1.000000e+00	-1.000000e+00	-1.000000e+00	-1.000000e+00
35	778.596445	5.616496e-12	8.680000e-01	1.064487e-33	5.437000e+03	4.504800e+04
35	24600.167452	1.000000e-05	8.877984e-01	6.493959e-16	3.703700e+04	4.086400e+04
35	1813.234685	6.971060e-06	9.078257e-01	1.632416e-10	5.383000e+04	4.072500e+04
35	426.831223	1.000000e-05	8.048197e-01	5.130219e-12	2.303299e+04	1.900097e+04
35	501.048316	3.335744e-08	8.702000e-01	8.432340e-13	2.705700e+04	1.029700e+04
35	1763.939909	1.000000e-05	7.998626e-01	1.919812e-09	4.662800e+04	3.019000e+04
35	831.340086	1.499028e-14	8.548000e-01	1.499028e-14	1.926700e+04	2.671000e+03
35	941.845831	8.528265e-17	8.812000e-01	4.528646e-21	3.202500e+04	2.453600e+04
35	772.266619	7.886161e-12	9.670000e-01	1.092870e-30	9.854000e+03	2.806700e+04
35	702.228564	1.999568e-16	9.648000e-01	1.999568e-16	4.336300e+04	1.471700e+04
35	515.571803	1.584946e-09	9.670000e-01	1.614563e-11	3.097900e+04	1.642000e+03
35	870.158225	2.016308e-15	8.614000e-01	2.016308e-15	2.413000e+04	6.566000e+03
35	824.909337	2.098601e-14	8.284000e-01	4.603600e-36	1.797500e+04	5.348900e+04
35	807.405330	6.053926e-14	9.054000e-01	6.053926e-14	1.724700e+04	3.582000e+03
35	912.479952	3.372681e-16	8.592000e-01	1.737998e-21	2.827000e+04	1.874200e+04
35	1065.770735	8.665989e-16	9.780000e-01	2.158092e-18	1.616800e+04	3.875300e+04
35	1182.893201	1.000000e-05	7.844128e-01	1.486824e-14	4.315900e+04	2.913300e+04
35	877.520416	5.047314e-17	8.218000e-01	5.047314e-17	2.328700e+04	3.560200e+04
35	1709.765481	6.484748e-06	7.811658e-01	7.528859e-09	4.849203e+04	1.975992e+04
35	366.227095	7.188325e-08	8.080342e-01	8.257617e-09	5.701649e+04	1.268069e+03
35	686.121308	2.729457e-11	8.438000e-01	2.191561e-16	4.542400e+04	3.080000e+04
35	1807.446907	3.941615e-10	8.042179e-01	3.941615e-10	3.932400e+04	4.383100e+04
35	780.364688	1.777022e-12	8.262000e-01	1.777022e-12	7.337000e+03	3.320000e+02
35	546.470735	3.182078e-10	9.406000e-01	3.692062e-13	3.654000e+04	1.101200e+04
35	1877.918156	2.278710e-06	8.438011e-01	1.409482e-13	5.723000e+04	5.702100e+04
35	860.130581	2.806624e-15	8.834000e-01	2.806624e-15	2.387600e+04	1.025300e+04
35	-1.000000	-1.000000e+00	-1.000000e+00	-1.000000e+00	-1.000000e+00	-1.000000e+00
35	833.425930	7.468660e-15	9.120000e-01	7.468660e-15	2.247600e+04	6.850000e+02
35	1732.580193	1.000000e-05	7.871552e-01	9.119490e-09	4.673502e+04	2.381196e+04
35	516.457807	7.937342e-09	8.966000e-01	5.479655e-13	2.999400e+04	1.074600e+04
35	399.600095	8.421344e-06	8.061176e-01	3.200081e-11	5.899559e+04	1.463088e+04
35	-1.000000	-1.000000e+00	-1.000000e+00	-1.000000e+00	-1.000000e+00	-1.000000e+00
35	409958.451458	5.176938e-08	8.878000e-01	1.000000e-08	5.091300e+04	2.116400e+04
35	928.958815	1.779594e-16	7.800000e-01	1.954222e-19	2.838200e+04	9.676000e+03
35	432.597124	3.511459e-08	8.046646e-01	3.585208e-12	3.741996e+04	1.986802e+04
35	780.650662	5.081411e-11	9.164000e-01	8.582796e-25	1.502000e+03	1.957000e+03
35	367.158544	1.161507e-08	9.573642e-01	1.000000e-08	4.459178e+02	5.939897e+04
35	779.209075	2.369954e-11	8.834000e-01	1.207553e-14	1.866000e+03	1.584000e+04
35	1825.842377	9.523543e-06	8.878155e-01	4.478282e-11	5.329200e+04	4.361400e+04
35	889.537203	4.765336e-12	9.098000e-01	8.321734e-19	4.823100e+04	4.184100e+04
35	405.273803	2.336390e-09	9.846006e-01	2.973049e-15	6.643000e+03	2.156500e+04
35	777.797856	9.665448e-12	9.098000e-01	5.806261e-33	5.267000e+03	3.446100e+04
35	1839.545503	9.999998e-06	8.636023e-01	9.787005e-12	5.119400e+04	4.688500e+04
35	10423.141076	4.833615e-07	8.548007e-01	1.029337e-15	4.157000e+04	3.975200e+04
35	488.806717	2.418121e-08	7.899838e-01	7.781498e-12	2.941800e+04	1.394900e+04
35	829.852045	6.054396e-15	8.350000e-01	6.054396e-15	1.053000e+04	2.335600e+04
35	778.651890	7.207472e-11	9.406000e-01	1.600729e-13	5.740000e+02	1.036800e+04
35	1864.877646	8.937631e-06	8.240009e-01	4.155374e-13	5.894700e+04	5.338700e+04
35	778.666308	5.360468e-12	8.592000e-01	4.356684e-32	5.359000e+03	3.468300e+04
35	726.779977	1.635982e-09	9.472000e-01	2.053407e-17	3.209800e+04	3.389800e+04
35	777.732631	1.160155e-12	9.450000e-01	1.622526e-30	1.207100e+04	2.274500e+04
35	792.012150	3.173955e-13	8.658000e-01	2.992972e-28	1.226300e+04	1.502200e+04
35	771.750411	6.124938e-11	9.208000e-01	1.640999e-17	4.143300e+04	3.479100e+04
35	1058.091242	1.154061e-17	8.944000e-01	4.944661e-20	3.609200e+04	4.580000e+04
35	782.658265	1.192391e-12	8.526000e-01	1.832035e-27	8.827000e+03	1.194400e+04
35	435.803306	7.188804e-09	8.044515e-01	2.940744e-12	4.017457e+04	2.033347e+04
35	896.841111	2.291013e-18	8.042000e-01	2.291013e-18	3.272500e+04	4.458200e+04
35	773.993297	3.164211e-12	9.560000e-01	6.289025e-32	1.063500e+04	2.984400e+04
35	1838.625122	2.279039e-11	8.107999e-01	2.279039e-11	4.649100e+04	4.964700e+04
35	597.828886	1.484383e-11	7.954000e-01	3.103019e-13	1.762000e+03	5.169900e+04
35	860.179320	8.753549e-16	9.208000e-01	3.523467e-34	2.794000e+04	3.959200e+04
35	804.204195	7.327771e-14	8.064000e-01	7.327771e-14	1.450200e+04	1.210100e+04
35	546.364083	1.715980e-10	9.384000e-01	1.777796e-11	3.819400e+04	1.749000e+03
35	515.433404	4.617640e-09	9.098000e-01	2.253415e-11	3.097200e+04	1.594000e+03
35	1869.191820	6.990551e-13	9.296000e-01	6.990551e-13	5.323400e+04	5.791200e+04
35	591.693593	1.313132e-12	9.692000e-01	4.531177e-13	4.866000e+04	1.020000e+04
35	814.438344	3.801037e-14	8.064000e-01	4.763686e-35	1.620800e+04	5.160500e+04
35	605.248023	3.445924e-11	8.702000e-01	7.731651e-13	1.095000e+03	5.364300e+04
35	962.010136	5.082666e-18	8.262000e-01	5.082666e-18	3.293400e+04	4.016700e+04
35	838.241073	1.014953e-14	8.504000e-01	2.094052e-29	2.009900e+04	2.215700e+04
35	1804.858323	5.500759e-06	8.350660e-01	1.603570e-10	5.523400e+04	3.886000e+04
35	1315.298430	8.900001e-16	9.868000e-01	9.902636e-22	2.136100e+04	5.605500e+04
35	968.893508	9.651830e-16	9.648000e-01	4.615517e-17	1.481500e+04	3.184400e+04
35	385.517849	1.318553e-10	9.596489e-01	1.318553e-10	1.119300e+04	4.917117e+04
35	374.599978	1.000000e-05	8.072385e-01	3.615656e-10	4.000103e+04	8.800986e+03
35	796.900011	1.434646e-10	9.340000e-01	5.242272e-18	3.879100e+04	3.722200e+04
35	1873.628915	4.254351e-08	8.152000e-01	1.299498e-13	5.572000e+04	5.580200e+04
35	848.145076	2.392860e-15	9.164000e-01	2.392860e-15	2.535700e+04	1.275000e+03
35	867.290306	6.071814e-19	7.976000e-01	6.071814e-19	3.167500e+04	5.037500e+04
35	688.584068	7.220063e-10	8.922000e-01	1.280559e-16	3.609200e+04	3.054500e+04
35	899.206822	8.836938e-17	8.350000e-01	8.836938e-17	1.876800e+04	3.342600e+04
35	1816.994804	9.999997e-06	8.527289e-01	7.054407e-11	5.155200e+04	4.157600e+04
35	1834.932537	9.728976e-06	8.834026e-01	1.841060e-11	5.061800e+04	4.576700e+04
35	720.946797	4.074562e-11	9.516000e-01	9.172338e-17	4.114200e+04	3.038700e+04
35	440.515613	2.725701e-11	9.956000e-01	8.263176e-16	2.021900e+04	2.477300e+04
35	1880.509272	9.999997e-06	8.371840e-01	9.483845e-14	5.842300e+04	5.777100e+04
35	1879.644845	9.537045e-06	9.956023e-01	3.319668e-13	5.743400e+04	5.751900e+04
35	-1.000000	-1.000000e+00	-1.000000e+00	-1.000000e+00	-1.000000e+00	-1.000000e+00
35	787.709871	5.610728e-13	8.834000e-01	2.587159e-34	1.132000e+04	4.626500e+04
35	369.449152	8.555243e-06	8.075335e-01	8.440313e-10	5.475204e+04	6.760839e+03
35	-1.000000	-1.000000e+00	-1.000000e+00	-1.000000e+00	-1.000000e+00	-1.000000e+00
35	738.378624	6.586842e-13	7.822000e-01	6.586842e-13	8.756000e+03	2.237600e+04
35	762.499705	3.510798e-11	9.494000e-01	2.351284e-17	4.163000e+04	3.356300e+04
35	40333.313866	1.000000e-05	9.053996e-01	5.156090e-17	4.624600e+04	4.683300e+04
35	861.736946	2.852660e-15	8.372000e-01	2.852660e-15	2.277000e+04	1.579800e+04
35	1728.261053	7.710742e-06	7.854589e-01	9.885968e-09	5.639323e+04	2.294568e+04
35	1723.657173	6.256189e-06	7.833409e-01	8.667594e-09	4.803505e+04	2.205796e+04
35	112398.728875	1.545138e-16	8.196000e-01	9.090201e-20	4.465200e+04	5.777400e+04
35	823.746084	4.224503e-16	9.670000e-01	2.505374e-37	3.316300e+04	5.306700e+04
35	604.826957	4.482504e-11	9.054000e-01	2.365241e-14	4.273500e+04	1.805500e+04
35	1306.221784	5.700010e-16	8.988000e-01	8.540051e-22	1.768900e+04	5.767700e+04
35	1310.246981	3.100003e-16	9.714000e-01	1.354397e-21	1.974700e+04	5.553200e+04
35	3269.845749	3.287232e-09	8.328001e-01	2.319006e-14	5.887600e+04	3.231100e+04
35	964.192475	2.658923e-19	8.196000e-01	2.658923e-19	2.167800e+04	4.822200e+04
35	358.041246	1.947914e-09	9.719341e-01	4.452357e-12	5.712077e+03	3.229951e+03
35	374.055602	1.000000e-05	8.072673e-01	3.901445e-10	4.110295e+04	8.617952e+03
35	777.536499	1.147030e-14	8.086000e-01	1.147030e-14	1.562900e+04	3.400200e+04
35	590.505981	1.750294e-12	8.064000e-01	9.996074e-13	7.072000e+03	5.006000e+04
35	825.301765	2.167628e-14	8.658000e-01	7.001468e-32	1.863300e+04	3.111500e+04
35	778.975214	4.954942e-12	7.888000e-01	2.654622e-23	4.328000e+03	5.034000e+03
35	1789.664907	1.365260e-09	8.591921e-01	1.365260e-09	3.527100e+04	4.184800e+04
35	794.025034	2.553607e-13	8.900000e-01	1.959336e-34	1.337200e+04	4.545300e+04
35	552.633636	1.000000e-05	8.004432e-01	6.937122e-15	5.987279e+04	3.479882e+04
35	1181.872249	7.299985e-16	9.494000e-01	3.812101e-20	2.161400e+04	4.814900e+04
35	369.637585	1.216883e-09	9.582697e-01	1.216883e-09	5.861026e+03	4.527299e+04
35	601.720463	1.089975e-11	7.976000e-01	1.967578e-13	2.541000e+03	5.318800e+04
35	781.018071	1.896174e-12	8.966000e-01	1.995406e-27	8.765000e+03	1.342400e+04
35	11346.468421	3.236758e-08	8.878001e-01	7.157166e-11	5.525700e+04	1.317300e+04
35	1843.407871	9.999999e-06	9.120058e-01	1.005428e-11	5.405000e+04	4.783500e+04
35	793.153662	2.348985e-13	8.306000e-01	2.348985e-13	1.225800e+04	4.137000e+03
35	1225.284988	6.199963e-16	9.626000e-01	1.938333e-20	1.380300e+04	4.964400e+04
35	826.116331	1.324989e-14	9.098000e-01	2.765454e-30	2.103200e+04	2.055200e+04
35	1083.541695	4.499546e-16	9.912000e-01	1.286507e-18	1.372200e+04	3.981400e+04
35	523.372996	3.490142e-10	7.994873e-01	1.422027e-14	4.260656e+04	3.285619e+04
35	601.024987	2.813389e-11	8.658000e-01	1.119073e-12	1.486000e+03	5.258900e+04
35	31806.599804	2.622075e-15	8.482000e-01	3.950663e-22	3.756500e+04	5.724200e+04
35	861.472701	3.077547e-15	8.416000e-01	3.077547e-15	2.273100e+04	8.431000e+03
35	1792.465445	9.829432e-06	8.549588e-01	6.228656e-10	5.823000e+04	3.616600e+04
35	815.674875	1.623044e-12	9.450000e-01	4.432872e-31	2.205200e+04	1.999700e+04
35	779.325206	1.305732e-11	8.526000e-01	1.078114e-17	2.996000e+03	2.949300e+04
35	378.458008	5.800633e-06	8.070447e-01	2.219407e-10	5.127075e+04	9.975091e+03
35	395.404000	1.000000e-05	8.062912e-01	4.445561e-11	4.478905e+04	1.384100e+04
35	1300.963392	4.934892e-20	8.724000e-01	3.455106e-22	4.593000e+04	5.947300e+04
35	365.754571	1.301418e-07	8.078511e-01	2.784208e-09	5.604598e+04	3.887096e+03
35	786.028785	5.740144e-13	8.680000e-01	5.740144e-13	1.069300e+04	5.092000e+03
35	776.796997	2.799977e-11	9.428000e-01	4.757669e-15	4.109000e+03	1.342200e+04
35	779.606110	3.928257e-11	9.186000e-01	1.008495e-24	2.207000e+03	2.186000e+03
35	779.122982	1.149792e-11	8.504000e-01	8.830242e-16	3.198000e+03	2.032100e+04
35	578.428522	4.816799e-10	8.922000e-01	3.069547e-14	3.712300e+04	1.768200e+04
35	872.340468	1.880212e-15	8.394000e-01	1.317827e-17	2.384800e+04	2.773000e+03
35	799.678058	1.341375e-13	8.372000e-01	9.048001e-34	1.374000e+04	3.801900e+04
35	368.543085	1.101894e-06	8.075337e-01	1.000000e-08	5.558797e+04	7.130484e+02
35	552.939984	4.558428e-07	8.042005e-01	2.391002e-14	3.648400e+04	3.197000e+04
35	1756.359670	2.304553e-08	8.304807e-01	1.000000e-08	2.862700e+04	4.792200e+04
35	94947.860974	7.500000e-16	8.460000e-01	7.874540e-38	3.759100e+04	5.805300e+04
35	1840.146083	1.000000e-05	8.504157e-01	7.898661e-12	4.975000e+04	4.703200e+04
35	520.842993	1.237580e-09	9.450000e-01	1.728356e-28	6.072000e+03	7.067000e+03
35	817.723638	3.421883e-14	8.482000e-01	3.421883e-14	1.717600e+04	5.271000e+03
35	903.624384	3.693197e-16	8.856000e-01	3.693197e-16	2.871600e+04	8.232000e+03
35	996.863028	6.983762e-13	9.604000e-01	4.996951e-20	5.086000e+04	4.751000e+04
35	795.502443	1.720023e-13	8.570000e-01	1.720023e-13	1.325500e+04	8.978000e+03
35	32348.402673	1.372587e-07	9.252002e-01	8.093791e-14	4.762600e+04	2.941600e+04
35	785.152860	7.591827e-13	8.526000e-01	3.398745e-33	9.906000e+03	3.760500e+04
35	672.134521	2.776031e-09	8.592000e-01	9.381112e-17	3.348300e+04	3.216400e+04
35	795.669196	4.811458e-14	8.218000e-01	4.811458e-14	3.947000e+03	1.928800e+04
35	805.296798	8.334542e-11	8.944000e-01	4.700113e-18	4.145200e+04	3.816400e+04
35	786.702841	5.989426e-13	8.526000e-01	5.729731e-35	1.047200e+04	4.828800e+04
35	833.695718	1.692353e-15	9.340000e-01	2.397729e-29	2.704500e+04	1.729600e+04
35	1775.104830	4.730067e-06	8.680582e-01	3.114702e-09	5.646700e+04	3.249800e+04
35	1268.561536	3.900000e-16	9.538000e-01	1.774295e-22	2.642700e+04	5.976200e+04
35	1789.998765	9.477765e-06	8.659163e-01	8.699492e-10	5.991500e+04	3.563800e+04
35	369.358060	1.000000e-05	8.074265e-01	1.051346e-09	2.414400e+04	6.216000e+03
35	353.269318	1.962247e-10	9.661538e-01	4.029554e-14	1.065900e+04	1.300100e+04
35	690.682042	2.141757e-09	8.724000e-01	6.555949e-17	3.384500e+04	3.258700e+04
35	916.615728	1.991088e-16	8.240000e-01	6.444528e-18	1.501000e+03	4.038800e+04
35	1691.673236	5.008333e-07	9.812868e-01	1.000000e-08	1.516300e+04	4.341900e+04
35	876.926477	8.003831e-15	8.108000e-01	8.003831e-15	9.466000e+03	3.473000e+04
35	430.665500	7.528778e-06	8.049026e-01	4.064642e-12	5.004413e+04	1.958437e+04
35	553.984599	4.622283e-11	7.976538e-01	1.443035e-15	4.695902e+04	3.816297e+04
35	365.497661	2.802543e-06	8.079212e-01	3.946475e-09	5.413581e+04	3.046826e+03
35	1830.272363	2.125592e-06	7.976284e-01	5.383016e-12	4.782300e+04	4.466100e+04
35	787.641577	3.761059e-13	7.800000e-01	2.868003e-13	1.037400e+04	3.066400e+04
35	790.752877	3.576411e-13	9.010000e-01	3.458150e-33	1.288700e+04	3.897300e+04
35	368.726144	9.840109e-06	8.075816e-01	9.862398e-10	5.240644e+04	6.386018e+03
35	919.783624	1.192704e-18	8.152000e-01	1.192704e-18	2.881400e+04	4.507600e+04
35	526.910639	1.429375e-09	9.538000e-01	3.821607e-13	3.211000e+04	1.076800e+04
35	585.497798	5.194252e-12	7.954000e-01	9.237500e-13	4.291000e+03	4.893000e+04
35	841.629127	1.536439e-10	8.812000e-01	1.013460e-18	4.024200e+04	4.202000e+04
35	530.898407	6.434790e-09	9.252000e-01	9.072272e-14	2.962900e+04	1.455400e+04
35	-1.000000	-1.000000e+00	-1.000000e+00	-1.000000e+00	-1.000000e+00	-1.000000e+00
35	781.527329	1.105991e-12	9.274000e-01	6.684683e-34	1.117000e+04	3.678100e+04
35	807.748419	5.089502e-15	9.450000e-01	1.520497e-32	2.512200e+04	3.168500e+04
35	844.201207	6.754023e-15	8.812000e-01	6.780049e-35	2.175700e+04	4.673700e+04
35	1807.571795	3.964566e-10	8.812003e-01	3.964566e-10	3.885800e+04	4.058800e+04
35	779.882696	4.903497e-11	9.054000e-01	4.163471e-18	9.860000e+02	3.263800e+04
35	773.063144	1.117465e-10	9.714000e-01	3.055875e-18	4.055000e+03	2.910500e+04
35	683.382228	1.749771e-10	9.736000e-01	1.595211e-16	3.589800e+04	2.885800e+04
35	371.423904	6.811044e-10	9.583750e-01	6.811044e-10	7.267031e+03	4.821700e+04
35	1778.489391	1.000000e-05	8.859688e-01	2.768636e-09	4.561500e+04	3.320500e+04
35	1851.633331	1.118482e-12	9.780051e-01	1.118482e-12	4.848900e+04	5.890000e+04
35	782.157965	1.455706e-12	8.856000e-01	5.099882e-33	9.097000e+03	3.893500e+04
35	1023.427756	5.831834e-17	8.020000e-01	1.860071e-21	2.972800e+04	5.901700e+04
35	493.709110	3.465444e-11	8.013448e-01	9.417279e-14	4.929902e+04	2.845942e+04
35	890.000338	1.606086e-18	7.998000e-01	1.606086e-18	2.670000e+04	4.677600e+04
35	812.145815	9.141167e-15	9.362000e-01	1.286826e-35	2.313900e+04	4.878600e+04
35	1817.690175	8.636308e-06	9.846269e-01	1.614526e-10	5.403600e+04	4.173400e+04
35	368.622466	8.061833e-06	8.075887e-01	1.009896e-09	4.598934e+04	6.328954e+03
35	480.596159	8.364591e-10	8.019253e-01	2.045066e-13	4.175321e+04	2.661237e+04
35	831.059051	6.964897e-16	9.428000e-01	3.299259e-34	2.971800e+04	4.327800e+04
35	1700.322983	2.060109e-07	7.808399e-01	9.466736e-09	5.189404e+04	1.833388e+04
35	371.104071	9.221881e-06	8.074318e-01	6.183062e-10	5.684393e+04	7.509881e+03
35	383.862425	1.000000e-05	8.067863e-01	1.244378e-10	3.182297e+04	1.136602e+04
35	798.086783	2.482563e-10	9.010000e-01	4.274467e-18	3.852300e+04	3.824400e+04
35	64872.623580	1.486152e-08	9.824000e-01	3.268292e-14	5.257000e+04	3.158800e+04
35	1884.509480	5.914792e-08	8.460000e-01	6.823894e-14	5.727800e+04	5.894800e+04
35	846.185514	6.332518e-15	8.218000e-01	6.688629e-30	2.068400e+04	2.586500e+04
35	823.840566	2.064394e-14	8.944000e-01	1.418415e-28	1.947700e+04	1.614800e+04
35	1229.730931	4.499997e-16	9.384000e-01	1.412792e-20	1.849900e+04	5.064700e+04
35	778.893880	4.179023e-12	8.680000e-01	3.400965e-28	6.147000e+03	1.586300e+04
35	971.517009	4.259931e-17	8.372000e-01	1.042680e-35	3.263000e+04	4.999600e+04
35	807.665911	6.621126e-14	8.482000e-01	6.621126e-14	1.556200e+04	8.010000e+03
35	813.799737	5.736237e-16	7.932000e-01	5.736237e-16	2.146100e+04	3.414200e+04
35	429.823098	7.977317e-12	9.582000e-01	2.861536e-13	1.808200e+04	2.558000e+03
35	497.447844	4.649193e-12	9.538000e-01	1.333066e-27	1.942500e+04	7.030000e+03
35	1876.337819	3.232369e-13	9.428000e-01	3.232369e-13	5.493100e+04	5.947300e+04
35	828.238548	1.779232e-14	8.438000e-01	1.779232e-14	1.864500e+04	1.411000e+03
35	660.050232	8.487543e-12	9.824000e-01	1.134346e-15	4.247400e+04	2.420600e+04
35	91651.487230	1.801412e-15	7.822000e-01	1.165154e-19	3.848600e+04	5.846200e+04
35	778.715812	5.197912e-12	8.504000e-01	1.665128e-33	5.254000e+03	4.076600e+04
35	778.326057	6.726314e-12	8.878000e-01	1.241241e-26	5.483000e+03	1.062600e+04
35	816.658250	1.830109e-14	9.208000e-01	2.059088e-36	2.069800e+04	4.879500e+04
35	776.351472	2.416935e-10	9.648000e-01	7.772333e-15	3.260000e+02	1.592900e+04
35	513.777541	2.760259e-09	9.406000e-01	2.941838e-12	3.113000e+04	6.047000e+03
35	368.257820	6.142560e-06	8.076144e-01	1.101015e-09	5.009302e+04	6.120998e+03
35	578.696438	2.765642e-13	7.963152e-01	1.435875e-16	5.940569e+04	4.350602e+04
35	595.361086	3.794328e-09	8.020000e-01	1.805637e-15	3.887000e+04	3.804500e+04
35	876.829425	1.300251e-15	8.812000e-01	5.483661e-34	2.563900e+04	3.589600e+04
35	1894.912499	3.734678e-11	9.230000e-01	4.569356e-28	1.463200e+04	5.743000e+03
35	1814.902213	3.034410e-06	8.240632e-01	5.337502e-11	5.003500e+04	4.110200e+04
35	366.984326	1.000000e-05	8.077141e-01	1.574355e-09	5.476499e+04	5.260010e+03
35	1714.121942	1.024204e-06	7.800000e-01	9.077740e-09	2.001703e+04	4.838500e+04
35	772.061052	4.839158e-10	9.780000e-01	2.078783e-27	1.726000e+03	8.460000e+03
35	956.712837	7.122633e-17	8.064000e-01	6.435353e-36	3.090200e+04	4.905100e+04
35	422.659440	3.584891e-13	7.954000e-01	3.768070e-16	9.087000e+03	4.259100e+04
35	778.480824	5.564959e-12	8.856000e-01	1.501519e-29	5.881000e+03	2.458300e+04
35	575.005289	2.145486e-12	9.956000e-01	1.640924e-13	4.240400e+04	1.236300e+04
35	847.439637	5.875682e-14	8.130000e-01	5.875682e-14	4.875000e+03	2.998500e+04
35	350.030359	5.146447e-10	9.868000e-01	4.131807e-13	1.067500e+04	9.972000e+03
35	864.643034	1.658661e-11	9.296000e-01	1.254882e-18	4.439700e+04	4.057000e+04
35	877.788131	2.494621e-10	7.867612e-01	2.494621e-10	5.325700e+04	5.741999e+03
35	780.465791	1.844219e-12	8.284000e-01	1.250800e-26	7.332000e+03	1.205500e+04
35	426.250671	1.974064e-11	9.956000e-01	1.486173e-15	2.097700e+04	2.340200e+04
35	832.826407	1.373559e-14	8.658000e-01	4.888567e-30	1.971100e+04	2.356600e+04
35	26919.655318	1.234442e-15	8.636000e-01	1.637802e-21	3.928200e+04	5.646500e+04
35	1863.293658	1.103664e-12	9.406000e-01	1.103664e-12	5.152200e+04	5.712200e+04
35	433.002316	5.489418e-07	8.046952e-01	3.515273e-12	3.158500e+04	1.992000e+04
35	368.736295	1.000000e-05	8.075808e-01	9.843674e-10	3.981100e+04	6.390569e+03
35	780.697446	1.973089e-12	8.614000e-01	9.266998e-29	7.803000e+03	1.836600e+04
35	60308.878534	1.569819e-08	9.362000e-01	7.759182e-17	5.686600e+04	4.588200e+04
35	861.269990	2.400000e-16	9.406000e-01	2.709692e-37	3.243700e+04	5.220700e+04
35	787.261752	4.432853e-13	8.284000e-01	4.432853e-13	1.062400e+04	5.744000e+03
35	833.557252	1.320213e-14	8.504000e-01	1.830425e-33	1.947900e+04	4.161700e+04
35	1362.712431	2.600001e-16	9.978000e-01	2.810418e-22	1.842000e+04	5.881000e+04
35	1079.360648	1.899890e-16	9.340000e-01	1.104291e-18	2.351200e+04	4.072500e+04
35	533.565136	1.000000e-05	7.976631e-01	2.453993e-12	5.162400e+04	2.022600e+04
35	15018.758918	1.561074e-06	8.878019e-01	5.831262e-13	3.715600e+04	2.468600e+04
35	638.179578	8.194410e-09	8.812000e-01	3.241175e-16	3.029000e+04	2.862200e+04
35	920.166816	2.133823e-16	8.768000e-01	3.490589e-36	2.976200e+04	5.182400e+04
35	797.236611	1.845908e-13	8.702000e-01	1.355685e-36	1.365200e+04	5.321300e+04
35	564.837504	3.653287e-11	9.362000e-01	2.917426e-11	4.218600e+04	5.830000e+02
35	761.618392	1.000000e-05	7.888129e-01	9.701610e-14	5.010900e+04	2.472900e+04
35	66965.180212	1.160263e-08	9.824000e-01	2.007398e-14	5.367400e+04	3.274800e+04
35	772.567192	7.615832e-12	9.648000e-01	1.475865e-30	9.628000e+03	2.567500e+04
35	777.492286	4.301731e-10	9.648000e-01	5.451840e-18	3.437500e+04	3.674600e+04
35	417.603480	1.015466e-09	9.978000e-01	4.145291e-15	1.337100e+04	2.100300e+04
35	922.203339	8.658878e-20	7.998000e-01	8.658878e-20	3.088800e+04	5.424700e+04
35	1760.037282	1.000000e-05	7.822126e-01	1.000000e-08	5.895400e+04	4.210000e+03
35	720.603167	1.817466e-12	9.472000e-01	2.681034e-29	2.176200e+04	1.315000e+04
35	365.664228	9.999999e-06	8.079868e-01	5.822456e-09	5.964801e+04	2.109958e+03
35	725.221266	1.305857e-11	9.318000e-01	1.351849e-16	4.493300e+04	2.974500e+04
35	642.544463	1.259336e-14	9.582000e-01	9.037535e-19	3.373200e+04	3.720400e+04
35	-1.000000	-1.000000e+00	-1.000000e+00	-1.000000e+00	-1.000000e+00	-1.000000e+00
35	474.872091	1.346429e-10	9.649409e-01	1.318610e-10	1.086300e+04	4.284200e+04
35	82316.979781	9.019814e-09	9.912000e-01	2.820833e-15	5.289500e+04	3.741000e+04
35	1054.347620	7.298520e-16	9.934000e-01	3.078301e-18	1.306000e+04	3.779700e+04
35	2024.440284	5.625791e-16	9.428000e-01	1.837808e-34	4.109800e+04	4.490800e+04
35	393.033723	7.495163e-06	8.063909e-01	5.399055e-11	5.271171e+04	1.337401e+04
35	994.576891	3.386660e-17	9.208000e-01	5.203613e-23	3.521000e+04	5.969100e+04
35	779.516303	1.157037e-11	8.284000e-01	1.749705e-17	2.822000e+03	2.958500e+04
35	804.491253	5.933773e-14	9.186000e-01	1.530627e-35	1.779700e+04	4.881000e+04
35	812.381019	4.226842e-14	8.284000e-01	4.226842e-14	1.618500e+04	1.173500e+04
35	542.787959	7.888975e-11	9.736000e-01	2.987242e-12	3.792300e+04	5.638000e+03
35	625.034724	9.970299e-11	8.658000e-01	4.998743e-15	4.171000e+04	2.260400e+04
35	423.230631	4.188455e-12	7.954000e-01	1.597825e-15	3.222000e+03	3.921700e+04
35	762.178196	1.078349e-11	9.230000e-01	4.019897e-17	4.574300e+04	3.268700e+04
35	828.940257	3.117244e-15	9.318000e-01	7.546893e-35	2.546200e+04	4.266600e+04
35	621.256488	1.089976e-09	7.932000e-01	1.089976e-09	4.437100e+04	4.291000e+03
35	778.746250	5.788336e-12	8.394000e-01	1.396175e-24	4.785000e+03	3.403000e+03
35	1873.688601	9.999708e-06	8.988011e-01	3.954784e-13	5.610400e+04	5.581700e+04
35	31788.040494	1.275462e-07	9.142004e-01	1.023889e-14	4.566700e+04	3.433500e+04
35	1855.723404	1.635882e-12	9.516000e-01	1.635882e-12	4.968500e+04	5.722100e+04
35	827.565375	1.689075e-14	8.108000e-01	3.121975e-36	1.819300e+04	5.537700e+04
35	1875.495117	8.676438e-06	9.053896e-01	3.389725e-13	5.880100e+04	5.632800e+04
35	821.184837	9.432048e-16	9.472000e-01	1.521904e-32	2.931100e+04	3.301300e+04
35	710.816045	1.690715e-09	8.526000e-01	1.840372e-17	3.485700e+04	3.623700e+04
35	594.533525	4.669082e-11	9.010000e-01	4.875225e-14	4.276100e+04	1.642200e+04
35	861.973351	2.731671e-15	7.954000e-01	2.731671e-15	2.223700e+04	5.450000e+02
35	639.621318	1.051801e-09	8.416000e-01	3.179034e-16	3.626900e+04	3.002100e+04
35	1861.688091	9.999983e-06	8.438037e-01	8.245794e-13	5.837600e+04	5.253000e+04
35	666.994747	5.662532e-10	9.010000e-01	3.295296e-16	3.646600e+04	2.816600e+04
35	778.758542	6.519584e-12	8.416000e-01	3.683882e-27	4.540000e+03	1.288500e+04
35	362.276913	2.234689e-09	9.610909e-01	2.909937e-13	4.590999e+03	6.591000e+03
35	1814.551439	1.881596e-10	8.438015e-01	1.881596e-10	4.066800e+04	4.486600e+04
35	868.264255	1.896927e-15	8.834000e-01	1.896927e-15	2.480700e+04	7.468000e+03
35	1724.888398	9.999867e-09	9.954809e-01	9.999867e-09	2.139900e+04	3.807500e+04
35	1847.552977	4.850265e-06	7.998034e-01	1.140482e-12	5.083900e+04	4.887500e+04
35	460.725351	1.925338e-12	8.042000e-01	3.902991e-13	2.452000e+03	2.550400e+04
35	929.168012	7.950252e-15	9.846000e-01	9.168981e-19	5.978200e+04	4.063600e+04
35	1283.814913	2.399766e-16	9.956000e-01	3.422708e-21	1.337500e+04	5.321800e+04
35	374.841238	3.479444e-06	8.072261e-01	3.497449e-10	5.753101e+04	8.880983e+03
35	10076.424017	1.711506e-14	8.922000e-01	2.969162e-32	3.308300e+04	3.470200e+04
35	506.804455	1.198845e-09	8.003666e-01	4.134923e-14	3.993893e+04	3.035389e+04
35	419.279317	1.392274e-15	9.713966e-01	6.163396e-16	3.924300e+04	2.383900e+04
35	418.810415	8.858442e-10	9.669999e-01	2.788685e-12	6.155000e+03	5.516700e+04
35	1215.355487	1.807619e-16	9.538000e-01	1.211959e-21	4.378600e+04	5.180600e+04
35	1802.363338	5.790452e-10	8.283999e-01	5.790452e-10	3.805700e+04	4.215300e+04
35	570.366370	2.579140e-09	8.746000e-01	1.767984e-14	3.334300e+04	1.937800e+04
35	409.150633	3.741702e-06	8.057331e-01	1.602713e-11	5.362313e+04	1.629176e+04
35	817.621451	1.861591e-14	9.186000e-01	1.224232e-35	2.056400e+04	4.520600e+04
35	774.339205	1.518732e-12	9.692000e-01	7.778299e-35	1.410600e+04	4.354100e+04
35	400.340756	8.744680e-07	8.060873e-01	3.025104e-11	5.618001e+04	1.476597e+04
35	896.744915	6.618267e-16	8.240000e-01	6.617137e-35	2.601200e+04	4.787800e+04
35	436.619957	1.218072e-10	8.043826e-01	2.776220e-12	4.970326e+04	2.046792e+04
35	1851.371547	9.999998e-06	9.164029e-01	4.689820e-12	5.244400e+04	4.983800e+04
35	606.203677	1.329207e-11	8.746000e-01	4.805072e-13	3.495000e+03	5.495900e+04
35	1245.615401	2.646931e-06	8.174041e-01	2.759985e-14	3.430300e+04	3.182400e+04
35	1294.664714	8.599989e-16	9.252000e-01	1.981903e-21	1.421100e+04	5.529800e+04
35	1764.751432	1.000000e-05	8.725255e-01	7.678073e-09	5.331000e+04	3.035400e+04
35	778.580857	1.804455e-11	9.032000e-01	7.537909e-20	3.522000e+03	3.725900e+04
35	365.635542	1.000000e-05	8.079775e-01	5.559585e-09	3.477197e+04	2.221060e+03
35	829.310623	1.699054e-14	8.614000e-01	3.870884e-31	1.911200e+04	2.773300e+04
35	1816.142493	8.642324e-11	9.383972e-01	8.642324e-11	4.027300e+04	4.712700e+04
35	1838.878223	2.986571e-06	9.098026e-01	1.538372e-11	5.643000e+04	4.672200e+04
35	1712.571658	8.694940e-06	7.816658e-01	9.823137e-09	4.666166e+04	2.001293e+04
35	728.627484	1.729407e-10	9.186000e-01	5.022136e-17	3.889900e+04	3.223700e+04
35	1549.486563	1.000000e-05	7.822128e-01	1.247130e-12	5.465400e+04	2.797400e+04
35	815.658402	1.787752e-14	9.230000e-01	2.863904e-28	2.085100e+04	1.343000e+04
35	478.942137	8.054218e-12	9.538000e-01	5.794348e-28	1.809900e+04	9.052000e+03
35	998.783110	3.813389e-08	8.350000e-01	8.129860e-19	5.962600e+04	4.450700e+04
35	835.804563	1.081960e-14	8.174000e-01	4.470624e-30	1.935000e+04	2.783200e+04
35	1774.497789	9.999999e-06	8.262573e-01	1.807697e-09	5.149800e+04	3.237200e+04
35	425.490366	1.409137e-10	9.633861e-01	1.409137e-10	1.079899e+04	4.368398e+04
35	1860.592242	6.161939e-06	9.713955e-01	2.410568e-12	5.846300e+04	5.223800e+04
35	1848.887373	1.000000e-05	8.041947e-01	1.214253e-12	5.403800e+04	4.921000e+04
35	56130.536400	9.365226e-08	9.362001e-01	2.232886e-16	4.798500e+04	4.339700e+04
35	777.557521	2.830261e-12	9.362000e-01	1.033637e-27	9.358000e+03	1.197300e+04
35	796.017870	1.578321e-14	9.714000e-01	1.066108e-34	2.529800e+04	4.478500e+04
35	863.090217	5.383012e-11	9.626000e-01	7.776122e-19	3.974400e+04	4.123400e+04
35	827.150146	1.898711e-14	8.746000e-01	1.356771e-34	1.915000e+04	4.445800e+04
35	779.328324	1.635144e-11	8.548000e-01	6.848598e-15	2.229000e+03	1.732400e+04
35	1872.507318	6.978879e-13	8.922000e-01	6.978879e-13	5.477200e+04	5.663600e+04
35	783.625195	8.684102e-13	8.240000e-01	8.387218e-33	9.058000e+03	3.863000e+04
35	779.803404	1.936279e-12	7.998000e-01	1.936279e-12	6.679000e+03	3.107000e+03
35	781.393386	2.264224e-11	9.934000e-01	2.264224e-11	5.051800e+04	5.930000e+02
35	779.129184	7.700357e-12	8.196000e-01	1.712352e-24	3.750000e+03	3.520000e+03
35	832.886449	6.531162e-15	9.164000e-01	1.988932e-30	2.296900e+04	2.354300e+04
35	1787.731510	6.784022e-07	7.844163e-01	5.797879e-11	4.522500e+04	3.522600e+04
35	859.676132	3.400000e-16	9.318000e-01	1.594812e-36	3.079300e+04	5.147900e+04
35	572.997687	1.086213e-10	9.516000e-01	6.360709e-14	3.869400e+04	1.505700e+04
35	820.701188	2.714619e-14	8.878000e-01	1.029812e-29	1.864100e+04	2.226700e+04
35	-1.000000	-1.000000e+00	-1.000000e+00	-1.000000e+00	-1.000000e+00	-1.000000e+00
35	779.730430	2.977535e-11	8.592000e-01	1.183604e-14	6.110000e+02	1.710600e+04
35	368.603333	1.000000e-05	8.075900e-01	1.014419e-09	4.327634e+04	6.318195e+03
35	526.378919	6.370029e-09	8.020000e-01	2.266800e-14	3.728500e+04	3.195600e+04
35	376.865528	2.695812e-10	9.586996e-01	2.695812e-10	9.507025e+03	5.910800e+04
35	990.545024	4.109144e-17	7.932000e-01	7.798943e-20	3.129700e+04	4.960000e+04
35	370.471184	4.075033e-06	8.074696e-01	6.922613e-10	5.975961e+04	7.237964e+03
35	394.098157	1.034053e-08	9.617599e-01	1.000000e-08	4.280214e+02	3.417699e+04
35	566.165679	2.811857e-12	7.910582e-01	1.997567e-12	5.239300e+04	1.843300e+04
35	1804.659509	1.000000e-05	8.483277e-01	1.993233e-10	5.032700e+04	3.881600e+04
35	-1.000000	-1.000000e+00	-1.000000e+00	-1.000000e+00	-1.000000e+00	-1.000000e+00
35	817.136457	1.062944e-15	9.494000e-01	6.319094e-33	2.919600e+04	3.492600e+04
35	9178.815873	6.300000e-16	9.406000e-01	1.755073e-38	3.633300e+04	5.843400e+04
35	778.913688	7.886855e-12	8.394000e-01	3.363891e-24	4.041000e+03	2.355000e+03
35	781.216010	4.583607e-13	9.428000e-01	8.478591e-31	1.415300e+04	2.761900e+04
35	1121.228057	4.599335e-16	9.846000e-01	4.217195e-19	1.554200e+04	4.242100e+04
35	465.602319	3.447316e-16	9.868000e-01	1.549386e-18	4.355000e+04	3.898000e+04
35	812.767798	5.039977e-14	8.702000e-01	1.010649e-29	1.673500e+04	2.378900e+04
35	345.280647	1.209358e-09	9.978000e-01	1.972255e-12	1.296400e+04	6.384000e+03
35	821.082567	1.013457e-15	9.516000e-01	6.795997e-21	2.925000e+04	4.332000e+04
35	990.390570	1.894544e-16	8.504000e-01	5.729719e-18	2.453200e+04	3.863700e+04
35	388.241115	1.000000e-05	8.065969e-01	8.188045e-11	5.166901e+04	1.237298e+04
35	779.534592	1.839206e-11	8.680000e-01	3.627493e-18	2.471000e+03	3.224200e+04
35	39275.052699	1.000000e-05	9.890026e-01	1.000000e-08	1.741000e+04	1.282000e+03
35	444.979848	5.628425e-10	9.955981e-01	1.029635e-15	1.308700e+04	2.426200e+04
35	68848.915654	5.059328e-09	9.648000e-01	1.123998e-15	5.873400e+04	3.958600e+04
35	821.795624	1.092738e-14	7.910000e-01	1.092738e-14	1.811100e+04	2.299000e+04
35	47484.952552	4.355966e-08	9.494001e-01	2.419795e-14	4.979100e+04	3.229800e+04
35	402.255778	8.688031e-09	9.889997e-01	1.367374e-14	4.366000e+03	1.811800e+04
35	1764.779802	1.481477e-07	8.218013e-01	1.757961e-14	4.371600e+04	3.292900e+04
35	789.554120	4.308337e-13	8.702000e-01	1.674460e-34	1.163300e+04	4.742900e+04
35	857.398864	2.446943e-15	9.010000e-01	2.446943e-15	2.473300e+04	7.890000e+02
35	1122.457928	5.199914e-16	9.956000e-01	4.052078e-19	1.777500e+04	4.240900e+04
35	7159.328543	6.045570e-07	8.570007e-01	2.557559e-13	4.205800e+04	2.662700e+04
35	803.467974	8.258312e-14	9.032000e-01	8.258312e-14	1.632600e+04	7.675000e+03
35	600.526457	2.395470e-11	9.098000e-01	1.228681e-12	3.058000e+03	5.327600e+04
35	1866.820656	1.286150e-12	9.076000e-01	1.286150e-12	5.305400e+04	5.499200e+04
35	792.675559	3.002177e-13	8.834000e-01	4.104434e-33	1.281200e+04	3.898000e+04
35	793.224829	3.257940e-14	8.152000e-01	3.257940e-14	9.788000e+03	2.064300e+04
35	851.087554	5.090557e-15	8.350000e-01	2.939365e-35	2.142900e+04	5.043500e+04
35	777.356433	7.481766e-12	9.230000e-01	2.201284e-26	6.380000e+03	9.444000e+03
35	377.950325	1.000000e-05	8.070694e-01	2.356426e-10	4.826001e+04	9.830989e+03
35	426.629501	1.512794e-11	9.633697e-01	1.512794e-11	1.624902e+04	5.014100e+04
35	436.852558	9.234557e-06	8.046698e-01	2.826802e-12	5.793399e+04	2.045528e+04
35	30769.906370	8.368601e-09	9.428000e-01	8.645667e-12	5.935100e+04	1.826200e+04
35	602.588913	1.024124e-10	8.746000e-01	1.931910e-14	4.144900e+04	1.917200e+04
35	809.757331	2.183569e-18	7.932000e-01	2.183569e-18	3.446600e+04	4.828600e+04
35	559.313123	3.474085e-11	9.648000e-01	2.623139e-11	4.073700e+04	4.970000e+02
35	376.051040	8.299015e-06	8.071640e-01	2.980233e-10	5.808100e+04	9.266007e+03
35	366.490451	1.892041e-09	9.577994e-01	1.892041e-09	4.817309e+03	5.690688e+04
35	796.374546	1.958350e-13	8.658000e-01	1.958350e-13	1.340400e+04	2.430000e+02
35	561.633429	6.658672e-12	7.906308e-01	6.658672e-12	5.028286e+04	1.517005e+04
35	485.712365	2.378241e-08	7.901289e-01	1.253197e-12	2.944800e+04	1.816902e+04
35	52937.337789	2.092367e-08	9.604001e-01	2.838739e-14	5.313200e+04	3.192000e+04
35	776.242242	2.306386e-11	9.450000e-01	2.410175e-19	4.839000e+03	3.245600e+04
35	779.097881	7.360870e-12	8.174000e-01	7.484857e-20	3.820000e+03	3.373600e+04
35	350.208429	1.353194e-09	9.934000e-01	1.336065e-12	1.005100e+04	7.302000e+03
35	783.055382	1.164857e-12	8.680000e-01	3.507929e-33	9.208000e+03	3.666900e+04
35	777.049413	9.525119e-12	9.274000e-01	5.515837e-31	5.991000e+03	3.216700e+04
35	821.585713	1.226991e-14	9.208000e-01	7.102572e-37	2.165200e+04	5.719700e+04
35	534.699513	8.941269e-09	7.954000e-01	7.010324e-15	3.291100e+04	3.374700e+04
35	65093.043953	6.010352e-19	8.196000e-01	6.010352e-19	4.815600e+04	5.999000e+04
35	370.770661	1.331411e-08	9.578593e-01	1.000000e-08	8.400857e+01	3.923500e+04
35	1828.185835	9.999997e-06	8.988163e-01	3.922326e-11	5.492300e+04	4.416300e+04
35	538.259631	3.691410e-10	9.560000e-01	5.623396e-13	3.537400e+04	9.823000e+03
35	830.629842	1.486055e-14	8.262000e-01	5.682097e-30	1.875100e+04	2.462500e+04
35	1729.920808	1.000000e-05	7.854756e-01	8.650353e-09	5.536102e+04	2.328396e+04
35	415.465682	9.967986e-09	8.041309e-01	9.967986e-09	4.264794e+04	2.510226e+02
35	792.964617	2.807005e-13	8.966000e-01	9.176453e-32	1.333300e+04	3.183700e+04
35	448.467069	2.138340e-10	8.037237e-01	1.362906e-12	4.700336e+04	2.214984e+04
35	478.677089	6.650409e-08	7.899731e-01	8.297777e-12	2.689200e+04	1.373100e+04
35	366.356407	1.000000e-05	8.077740e-01	1.991854e-09	4.969310e+04	4.693615e+03
35	371.245677	1.468766e-10	9.604000e-01	1.300761e-13	1.121400e+04	8.844000e+03
35	55695.945492	5.100000e-16	8.812000e-01	5.159725e-37	3.780600e+04	5.749500e+04
35	501.572755	4.953228e-10	9.978000e-01	3.427162e-13	2.697700e+04	1.058400e+04
35	533.723862	2.179159e-09	8.944000e-01	3.729438e-13	3.328400e+04	1.170700e+04
35	1747.341549	3.974310e-09	9.890156e-01	3.974310e-09	2.594300e+04	4.018700e+04
35	1752.248139	7.414243e-06	8.160026e-01	8.918833e-09	5.685037e+04	2.779402e+04
35	658.599444	1.017433e-10	9.560000e-01	6.596870e-16	3.859400e+04	2.574600e+04
35	589.757823	4.472905e-13	9.934000e-01	2.812106e-13	4.741100e+04	1.110300e+04
35	1845.201941	9.831750e-06	8.943968e-01	7.449916e-12	5.639200e+04	4.828100e+04
35	564.732081	3.426650e-09	8.526000e-01	1.937343e-14	3.310100e+04	1.981700e+04
35	805.290982	6.816567e-14	8.108000e-01	6.816567e-14	1.475600e+04	1.170900e+04
35	1858.343061	2.018611e-08	7.844000e-01	8.267172e-14	5.213300e+04	5.175300e+04
35	553.140284	8.179805e-10	9.120000e-01	1.121983e-13	3.523200e+04	1.425400e+04
35	777.206838	2.860117e-14	7.910000e-01	2.860117e-14	1.262400e+04	2.546800e+04
35	838.815179	9.128156e-15	8.152000e-01	1.056273e-36	1.971400e+04	5.980800e+04
35	792.197135	1.457128e-13	7.888000e-01	1.267925e-14	1.168700e+04	2.445800e+04
35	492.009719	6.300559e-06	8.026517e-01	1.496628e-13	5.197502e+04	2.748795e+04
35	878.144074	1.455362e-15	8.394000e-01	6.419923e-34	2.444800e+04	3.376100e+04
35	597.793218	4.684004e-13	7.891148e-01	1.008065e-14	5.678000e+04	2.998800e+04
35	869.757391	8.611130e-18	8.064000e-01	8.611130e-18	2.393200e+04	4.143600e+04
35	837.053394	1.076610e-14	8.658000e-01	1.328036e-36	2.028600e+04	5.500500e+04
35	17111.707217	2.807733e-07	8.680004e-01	2.226814e-16	4.370700e+04	4.337900e+04
35	421.191600	1.000000e-05	8.052610e-01	7.258327e-12	3.374991e+04	1.819303e+04
35	1776.714857	4.947023e-06	8.548436e-01	2.350407e-09	5.869400e+04	3.283400e+04
35	947.472855	9.390813e-12	9.758000e-01	9.127070e-20	4.300300e+04	4.597000e+04
35	558.396821	1.041319e-10	8.482000e-01	4.512853e-12	4.197600e+04	6.963000e+03
35	793.767993	2.488569e-07	9.780007e-01	1.960053e-13	5.377500e+04	1.212800e+04
35	1882.985193	9.043795e-06	9.758094e-01	2.095983e-13	5.997400e+04	5.849600e+04
35	854.141405	2.665231e-16	9.956000e-01	5.456345e-22	4.695900e+04	5.724700e+04
35	811.593252	3.340507e-14	9.164000e-01	3.264635e-30	1.908000e+04	2.195600e+04
35	780.334641	8.754010e-13	8.108000e-01	8.754010e-13	6.058000e+03	1.201800e+04
35	660.356193	1.197356e-12	9.758000e-01	3.039688e-15	4.825000e+04	2.196600e+04
35	399.409892	1.092755e-06	8.061254e-01	3.246890e-11	5.697201e+04	1.459599e+04
35	456.735649	4.084195e-08	8.031778e-01	8.461768e-13	3.340390e+04	2.326286e+04
35	599.900922	8.036781e-12	8.922000e-01	8.036781e-12	5.299000e+03	4.756200e+04
35	433.527445	1.000000e-05	8.047275e-01	3.420514e-12	2.599400e+04	1.999100e+04
35	817.664310	2.020444e-14	9.164000e-01	5.046684e-35	2.027900e+04	4.687200e+04
35	862.592079	2.166079e-11	8.834000e-01	9.992219e-19	4.512900e+04	4.199700e+04
35	779.343686	1.966508e-11	8.812000e-01	1.839443e-18	2.636000e+03	3.317000e+04
35	800.931900	4.286349e-10	9.384000e-01	3.152151e-18	3.585500e+04	3.832800e+04
35	615.879213	3.604090e-12	8.680000e-01	1.314552e-13	6.483000e+03	5.809100e+04
35	796.923603	1.911599e-13	8.746000e-01	1.025269e-35	1.367100e+04	5.283700e+04
35	831.765098	1.231288e-14	8.944000e-01	1.383737e-35	2.070200e+04	4.308400e+04
35	870.516706	2.042488e-15	8.438000e-01	2.120188e-37	2.373800e+04	5.591000e+04
35	489.933002	1.359848e-08	8.011827e-01	1.163632e-13	3.436442e+04	2.791123e+04
35	778.347728	4.965137e-11	9.318000e-01	5.388680e-15	1.737000e+03	1.667600e+04
35	366.014737	8.807267e-06	8.078134e-01	2.351625e-09	5.008908e+04	4.293763e+03
35	727.554400	1.542356e-11	9.626000e-01	9.202083e-17	4.291200e+04	3.025400e+04
35	742.530486	1.446639e-09	9.054000e-01	1.466467e-17	3.397800e+04	3.531100e+04
35	141481.481853	1.526526e-17	7.844000e-01	1.493451e-17	4.932600e+04	5.459200e+04
35	817.236776	3.071274e-13	9.098000e-01	3.071274e-13	1.411100e+04	5.521000e+04
35	746.968641	3.423685e-11	8.724000e-01	3.855736e-17	4.424600e+04	3.383100e+04
35	779.005762	2.861753e-11	9.032000e-01	4.661621e-16	2.175000e+03	2.184500e+04
35	715.154851	1.030572e-11	9.692000e-01	1.533261e-16	4.342400e+04	2.899900e+04
35	13130.590295	9.863864e-08	8.900001e-01	1.069612e-11	5.079800e+04	1.772800e+04
35	531.931310	6.375899e-16	9.846000e-01	3.549476e-21	4.136300e+04	5.262000e+04
35	778.113910	2.736866e-11	9.252000e-01	1.262846e-14	3.036000e+03	1.383000e+04
35	1787.238347	5.299944e-06	8.946094e-01	1.420012e-09	5.742500e+04	3.505000e+04
35	366.673964	3.882330e-06	8.077423e-01	1.754714e-09	5.139619e+04	4.998851e+03
35	83438.250087	1.000000e-05	9.625951e-01	4.608939e-17	5.613700e+04	4.710700e+04
35	1817.931723	1.083463e-10	9.472008e-01	1.083463e-10	4.005800e+04	4.467500e+04
35	798.360700	1.549029e-13	8.438000e-01	2.325007e-35	1.352100e+04	5.304400e+04
35	922.724268	1.739015e-16	8.834000e-01	3.004202e-33	3.042000e+04	3.608400e+04
35	1849.007245	6.481234e-06	8.108069e-01	1.516138e-12	5.251700e+04	4.923900e+04
35	1062.435344	9.099665e-16	9.384000e-01	1.411530e-18	2.144900e+04	4.002000e+04
35	1884.420639	1.409050e-06	7.910011e-01	1.218280e-14	4.818800e+04	5.894200e+04
35	800.899527	1.277278e-13	8.636000e-01	1.277278e-13	1.437300e+04	1.048000e+03
35	778.925144	4.397270e-11	9.208000e-01	1.429508e-17	1.814000e+03	2.918500e+04
35	1741.093517	3.697595e-06	7.955095e-01	9.802823e-09	5.853645e+04	2.552752e+04
35	5740.214205	6.165666e-07	8.438007e-01	1.154268e-14	4.155700e+04	3.399800e+04
35	11929.475872	2.678269e-06	8.856032e-01	1.103935e-11	3.500900e+04	1.764900e+04
35	397.042214	9.479361e-12	9.956000e-01	5.617421e-15	2.269900e+04	2.028600e+04
35	887.022046	9.612485e-16	8.108000e-01	1.183759e-36	2.492000e+04	5.694000e+04
35	413.097618	1.000000e-05	8.055708e-01	1.226693e-11	3.140499e+04	1.693300e+04
35	542.449407	1.143280e-12	7.989427e-01	4.316449e-15	5.672474e+04	3.571528e+04
35	473.972971	1.791010e-09	9.867999e-01	1.109258e-16	7.612000e+03	2.930300e+04
35	365.764016	4.679118e-07	8.079991e-01	6.330981e-09	5.016989e+04	1.908214e+03
35	5152.629054	9.323394e-16	9.208000e-01	3.142284e-35	3.995900e+04	5.186300e+04
35	845.482936	3.140949e-15	9.142000e-01	4.520933e-20	2.462100e+04	1.333300e+04
35	834.272858	1.208731e-14	8.790000e-01	2.240204e-33	2.032600e+04	3.835000e+04
35	384.594134	1.000000e-05	8.067562e-01	1.155763e-10	3.377699e+04	1.154401e+04
35	1308.182340	9.600006e-16	9.912000e-01	1.362613e-21	2.114400e+04	5.530800e+04
35	77975.747551	1.022114e-08	9.802000e-01	1.528154e-15	5.409600e+04	3.886100e+04
35	1548.241334	1.000000e-05	7.822128e-01	5.423456e-13	4.716900e+04	2.991200e+04
35	627.144621	6.963266e-12	9.186000e-01	1.586644e-14	4.702300e+04	1.878400e+04
35	599.729065	5.639609e-11	8.790000e-01	2.013514e-12	1.110000e+02	5.142300e+04
35	1832.447685	2.169884e-11	8.856016e-01	2.169884e-11	4.501700e+04	5.562500e+04
35	378.941807	1.000000e-05	8.070213e-01	2.098353e-10	5.342900e+04	1.011000e+04
35	799.081008	1.367635e-13	8.283998e-01	3.616575e-36	1.353700e+04	5.247100e+04
35	1798.741788	5.535067e-06	8.922668e-01	5.211588e-10	5.839200e+04	3.752100e+04
35	1032.051880	3.600000e-16	9.670000e-01	1.853849e-22	3.066200e+04	5.800800e+04
35	1005.457707	1.818494e-09	9.318000e-01	4.779782e-28	5.254000e+03	2.432000e+03
35	366.881395	3.803937e-09	9.578018e-01	3.803937e-09	3.122016e+03	4.340802e+04
35	1808.105703	4.021992e-10	7.800000e-01	3.610422e-10	3.957802e+04	5.068893e+04
35	1829.395622	2.613108e-06	9.098007e-01	3.781562e-11	5.398900e+04	4.444800e+04
35	1079.162851	3.499807e-16	9.032000e-01	5.107408e-19	2.395900e+04	4.274800e+04
35	959.170428	1.884429e-14	9.890000e-01	2.785695e-19	5.670900e+04	4.330900e+04
35	826.205631	2.336223e-16	9.582000e-01	2.391904e-34	3.355000e+04	4.148800e+04
35	792.706557	2.139436e-13	8.460000e-01	2.139436e-13	1.234200e+04	9.904000e+03
35	1074.948754	7.246935e-15	9.978000e-01	2.828524e-20	3.201300e+04	4.817700e+04
35	400808.587335	1.222210e-07	8.878023e-01	1.000000e-08	4.691800e+04	2.119100e+04
35	806.278049	3.560809e-14	7.910000e-01	2.088623e-15	1.468900e+04	2.876400e+04
35	1793.662877	5.124003e-06	9.165295e-01	9.553003e-10	5.473200e+04	3.642300e+04
35	464.180716	2.050370e-10	9.494000e-01	1.341113e-28	1.035100e+04	9.079000e+03
35	970.973232	3.547849e-18	8.108000e-01	3.789304e-19	3.402300e+04	4.710800e+04
35	1779.236370	1.888688e-09	9.186189e-01	1.888688e-09	3.292900e+04	4.202800e+04
35	808.300904	6.971105e-14	8.570000e-01	3.761394e-31	1.567800e+04	3.040500e+04
35	906.424594	3.412966e-17	9.274000e-01	3.386646e-36	3.596800e+04	4.660800e+04
35	836.745314	3.316722e-16	8.130000e-01	3.316722e-16	2.173800e+04	3.169900e+04
35	525.012216	1.381505e-09	7.992022e-01	1.231740e-14	3.904900e+04	3.316200e+04
35	781.589458	1.619049e-12	8.724000e-01	2.199854e-25	8.520000e+03	7.217000e+03
35	899.265977	5.688286e-16	8.614000e-01	3.475515e-34	2.709700e+04	4.356600e+04
35	593.313837	3.751066e-10	9.652512e-01	3.743315e-10	8.491000e+03	3.936323e+04
35	979.497004	3.316596e-17	8.064000e-01	6.135933e-36	3.267000e+04	5.123200e+04
35	591.493309	5.014485e-13	9.912000e-01	2.856162e-13	4.786100e+04	1.108600e+04
35	342.882038	1.071021e-12	7.932000e-01	1.051720e-13	7.126000e+03	2.965600e+04
35	782.263071	3.526057e-07	9.670011e-01	1.020744e-12	5.134000e+04	8.305000e+03
35	574.784697	3.745006e-08	8.438000e-01	1.537256e-15	2.730000e+04	2.617800e+04
35	570.536072	4.861823e-11	9.142000e-01	3.668636e-13	4.226600e+04	1.140400e+04
35	584.772063	7.309718e-12	8.372000e-01	3.503574e-12	4.161000e+03	4.874800e+04
35	1128.874795	1.791230e-12	8.944000e-01	1.791230e-12	9.747000e+03	4.991400e+04
35	855.492513	3.763240e-15	8.790000e-01	5.096703e-20	2.308000e+04	1.677100e+04
35	578.744583	3.361041e-13	9.824000e-01	3.095219e-22	2.573000e+04	5.783300e+04
35	1807.528503	8.378625e-06	8.901047e-01	2.379414e-10	5.650700e+04	3.945000e+04
35	796.675008	1.664012e-13	8.218000e-01	4.872713e-36	1.295800e+04	5.398600e+04
35	838.172633	1.010727e-14	8.658000e-01	4.656798e-37	2.043500e+04	5.905200e+04
35	773.935436	1.475165e-12	9.625999e-01	1.729146e-35	1.326000e+04	4.808200e+04
35	365.781483	1.000000e-05	8.080010e-01	6.416069e-09	4.424293e+04	1.876052e+03
35	523.438100	2.219274e-10	7.995345e-01	1.428025e-14	4.375801e+04	3.285397e+04
35	810.975548	5.307757e-14	8.306000e-01	2.206087e-37	1.582000e+04	5.418200e+04
35	699.579678	2.996441e-11	9.230000e-01	2.747125e-16	4.316900e+04	2.822300e+04
35	1726.996838	3.522866e-07	7.800000e-01	9.010356e-09	2.265521e+04	3.372307e+04
35	1841.772081	5.081641e-06	8.218062e-01	4.143209e-12	5.962400e+04	4.743200e+04
35	1026.104106	1.191704e-14	9.890000e-01	4.227456e-20	5.786700e+04	4.759000e+04
35	1184.681089	7.804711e-11	9.318000e-01	1.565175e-29	1.282400e+04	8.827000e+03
35	885.514721	1.058797e-15	8.438000e-01	6.346390e-35	2.527700e+04	4.754900e+04
35	599.929883	2.651097e-16	9.648000e-01	3.829486e-20	4.293800e+04	4.560500e+04
35	775.079852	1.163358e-11	9.494000e-01	4.391964e-28	6.856000e+03	1.818500e+04
35	495.022879	2.131083e-10	8.011718e-01	8.646583e-14	4.467372e+04	2.864612e+04
35	787.785405	6.707400e-14	8.152000e-01	6.707400e-14	6.016000e+03	1.903600e+04
35	1206.133735	3.600000e-16	9.362000e-01	1.708107e-22	2.700300e+04	5.964700e+04
35	725.236755	3.752953e-10	9.472000e-01	3.679032e-17	3.578700e+04	3.255300e+04
35	927.718276	7.223786e-17	9.384000e-01	2.297054e-22	3.444500e+04	5.576200e+04
35	48261.730139	1.169849e-08	9.692000e-01	5.083561e-13	5.584100e+04	2.504200e+04
35	589.038790	3.858716e-11	9.076000e-01	5.390263e-12	1.833000e+03	4.948600e+04
35	819.963161	5.919055e-15	8.262000e-01	5.919055e-15	7.410000e+03	2.398900e+04
35	769.192560	1.753957e-12	9.978000e-01	1.753957e-12	5.014800e+04	6.702000e+03
35	965.297596	5.899887e-16	9.670000e-01	5.118850e-17	1.818900e+04	3.157300e+04
35	878.043162	6.450192e-07	9.296014e-01	1.450540e-15	5.787300e+04	2.426500e+04
35	1057.705750	3.821390e-17	8.240000e-01	2.063275e-20	3.145000e+04	5.066100e+04
35	595.924798	1.409870e-10	9.538000e-01	1.130178e-14	3.791100e+04	1.911200e+04
35	1137.139627	1.000000e-16	9.560000e-01	3.750011e-22	3.196500e+04	5.709000e+04
35	366.260764	9.481828e-09	8.077855e-01	2.150834e-09	4.824001e+04	4.507983e+03
35	1840.267489	1.177996e-11	8.944010e-01	1.177996e-11	4.652500e+04	5.324200e+04
35	1825.909225	4.374681e-06	7.998075e-01	9.058727e-12	5.261600e+04	4.363400e+04
35	1684.792400	1.000000e-05	7.805205e-01	9.602565e-09	4.976450e+04	1.692273e+04
35	585.759803	2.691547e-11	8.328000e-01	4.568390e-12	9.380000e+02	4.788800e+04
35	779.000355	3.862332e-12	8.856000e-01	1.209994e-31	6.758000e+03	3.056500e+04
35	870.295743	1.995967e-15	8.614000e-01	1.995967e-15	2.415200e+04	8.777000e+03
35	1135.110528	8.199704e-16	9.978000e-01	2.808515e-19	1.337600e+04	4.322500e+04
35	1065.270016	2.047254e-14	9.890000e-01	1.134802e-20	5.648500e+04	5.056300e+04
35	914.871459	3.183563e-16	8.064000e-01	1.233859e-30	2.742600e+04	2.994300e+04
35	503.631467	3.327745e-09	9.846000e-01	4.264999e-13	2.718000e+04	1.018300e+04
35	27122.536281	4.125709e-07	8.944006e-01	9.520983e-16	4.172700e+04	3.996200e+04
35	1864.343050	1.961011e-07	8.635999e-01	7.976169e-13	4.792300e+04	5.324200e+04
35	777.979027	7.260410e-12	9.054000e-01	9.475100e-31	5.810000e+03	2.708500e+04
35	1095.415611	3.022967e-18	8.526000e-01	3.058570e-21	3.850400e+04	5.207100e+04
35	1701.768457	1.000000e-05	7.808755e-01	9.072303e-09	5.163702e+04	1.854996e+04
35	79695.338281	3.883441e-16	7.976000e-01	8.471294e-35	4.209800e+04	4.814000e+04
35	1753.142896	3.017374e-06	7.910579e-01	2.616011e-09	4.676300e+04	2.798500e+04
35	396.414517	1.000000e-05	8.062487e-01	4.100695e-11	3.815900e+04	1.403500e+04
35	812.202562	5.042732e-14	8.658000e-01	5.042732e-14	1.661000e+04	5.949000e+03
35	1713.365806	1.091025e-06	7.800000e-01	9.465744e-09	1.986106e+04	4.098475e+04
35	366.097883	1.000000e-05	8.077998e-01	3.333989e-09	2.584100e+04	3.444996e+03
35	378.970701	1.000000e-05	8.070199e-01	2.091398e-10	5.480801e+04	1.011799e+04
35	614.984930	7.341732e-13	8.658000e-01	3.031194e-13	1.024300e+04	5.590200e+04
35	1743.730164	8.182879e-06	7.970660e-01	8.679363e-09	5.778695e+04	2.606280e+04
35	1079.147370	1.920332e-17	9.032000e-01	1.243609e-18	1.649800e+04	4.106700e+04
35	785.292665	5.544831e-13	8.416000e-01	5.544831e-13	1.003800e+04	7.541000e+03
35	602.373166	5.313602e-14	9.912000e-01	4.193410e-19	3.299500e+04	4.218900e+04
35	780.566310	1.543402e-07	9.120009e-01	1.911517e-12	5.990500e+04	7.520000e+03
35	940.499072	1.208541e-16	7.888000e-01	1.327194e-36	2.940700e+04	5.904700e+04
35	365.989171	1.000000e-05	8.078167e-01	2.385721e-09	4.727901e+04	4.259096e+03
35	808.061857	7.036357e-14	8.526000e-01	8.611730e-36	1.556600e+04	5.253200e+04
35	515.047996	5.708638e-09	9.318000e-01	4.881791e-13	2.968200e+04	1.045900e+04
35	805.495123	3.156367e-14	9.296000e-01	6.341703e-34	1.980700e+04	3.991500e+04
35	1871.494598	2.305872e-07	7.954001e-01	7.345445e-14	5.555800e+04	5.521200e+04
35	65917.248988	1.472975e-08	9.758000e-01	1.023849e-14	5.315800e+04	3.434800e+04
35	776.434829	9.797816e-12	9.362000e-01	2.277701e-26	6.366000e+03	5.703000e+03
35	798.799714	1.177382e-13	8.482000e-01	1.177382e-13	1.379400e+04	1.129700e+04
35	905.410615	4.682191e-16	8.438000e-01	2.658147e-31	2.718400e+04	2.961100e+04
35	992.293097	7.983728e-13	9.780000e-01	4.712749e-20	4.898400e+04	4.744900e+04
35	6371.773475	1.028130e-07	8.504010e-01	6.496871e-14	4.542600e+04	2.989000e+04
35	1000.860912	5.506046e-13	8.372000e-01	5.506046e-13	1.104100e+04	5.143600e+04
35	1795.523992	1.000000e-05	9.057889e-01	7.591389e-10	5.000000e+04	3.682400e+04
35	853.815235	1.727220e-16	9.538000e-01	2.399919e-21	3.365100e+04	4.887400e+04
35	1137.669070	3.999998e-17	9.384000e-01	3.526791e-20	3.192200e+04	4.780800e+04
35	609.057598	2.841610e-12	8.922000e-01	4.028835e-13	7.650000e+03	5.578700e+04
35	-1.000000	-1.000000e+00	-1.000000e+00	-1.000000e+00	-1.000000e+00	-1.000000e+00
35	773.711561	2.781376e-12	9.582000e-01	8.149685e-30	1.119400e+04	2.372300e+04
35	479.871208	1.127916e-07	9.428001e-01	4.754484e-13	2.180200e+04	1.037500e+04
35	1841.510943	9.999999e-06	8.174030e-01	3.822174e-12	5.261500e+04	4.736800e+04
35	441.398479	7.752898e-06	8.042132e-01	2.138634e-12	2.313098e+04	2.109301e+04
35	365.767828	1.000000e-05	8.079996e-01	6.352551e-09	4.760294e+04	1.900026e+03
35	1847.349496	2.161687e-07	7.866022e-01	3.875627e-13	5.380300e+04	4.886400e+04
35	818.550888	1.400540e-14	9.230019e-01	1.220942e-34	2.143400e+04	4.135900e+04
35	782.219117	1.248050e-12	8.416000e-01	3.431017e-31	8.505000e+03	3.153000e+04
35	1095.977087	1.120394e-16	8.086000e-01	1.120394e-16	1.026700e+04	4.482900e+04
35	811.867320	5.249249e-14	8.834000e-01	1.920729e-29	1.696000e+04	2.043100e+04
35	809.327709	1.173917e-07	8.086002e-01	3.426928e-15	4.663800e+04	3.671600e+04
35	831.709819	1.398899e-14	8.284000e-01	1.398899e-14	1.893000e+04	4.125000e+03
35	603.552557	2.000151e-12	8.020000e-01	1.777585e-13	6.685000e+03	5.399600e+04
35	599.049462	5.706397e-12	9.076000e-01	1.264664e-12	6.438000e+03	5.316300e+04
35	944.514591	5.927791e-17	8.922000e-01	8.995096e-34	3.320500e+04	4.151800e+04
35	686.798392	2.004101e-10	8.350000e-01	3.683196e-17	4.055800e+04	3.548500e+04
35	614.093819	3.921134e-10	8.944000e-01	4.273329e-15	3.757700e+04	2.229000e+04
35	805.131927	5.302101e-15	8.020000e-01	5.302101e-15	1.759000e+04	2.579200e+04
35	1863.680383	2.226331e-07	8.371999e-01	6.038084e-13	4.737900e+04	5.306400e+04
35	1724.331047	2.601473e-06	7.839828e-01	9.872146e-09	5.607603e+04	2.217092e+04
35	921.720172	2.403511e-16	8.548000e-01	7.139029e-36	2.896500e+04	5.359200e+04
35	1853.588021	5.193804e-12	8.306000e-01	5.193804e-12	5.010900e+04	5.243300e+04
35	853.497557	2.506923e-15	9.076000e-01	2.506923e-15	2.490400e+04	3.287000e+03
35	1876.141991	9.999991e-06	8.283987e-01	1.329661e-13	5.934000e+04	5.651300e+04
35	851.294397	5.092357e-15	8.438000e-01	1.025268e-32	2.159300e+04	3.616100e+04
35	1837.442301	3.487163e-06	8.790018e-01	1.394079e-11	5.002900e+04	4.637300e+04
35	810.720436	2.453147e-14	9.252000e-01	2.453147e-14	2.019000e+04	2.584000e+03
35	389.510096	7.779222e-11	9.604000e-01	7.779222e-11	1.246800e+04	5.794400e+04
35	1788.233808	2.070866e-09	8.284009e-01	2.070866e-09	3.497700e+04	3.767800e+04
35	813.416788	2.731546e-11	7.888000e-01	2.731546e-11	7.390000e+02	3.739600e+04
35	1875.777697	4.833717e-13	8.459999e-01	4.833717e-13	5.600500e+04	5.827500e+04
