29	339.603888	1.885439e-06	7.917500e-01	5.326710e-13	4.993705e+04	2.525109e+04
29	409.113375	1.071835e-08	9.172000e-01	2.630607e-11	2.795700e+04	1.660000e+02
29	294.491507	4.183091e-10	7.929330e-01	1.332378e-11	4.356700e+04	1.739087e+04
29	84149.758438	4.697403e-09	9.494000e-01	4.032832e-17	5.943700e+04	4.797900e+04
29	1289.342963	4.519211e-13	9.103000e-01	4.519211e-13	5.404100e+04	5.941800e+04
29	973.585832	1.058915e-17	7.769000e-01	2.604222e-20	3.285000e+04	5.586600e+04
29	964.116464	1.259822e-10	7.953000e-01	3.477419e-17	4.769000e+04	4.830100e+04
29	275.100350	1.000000e-05	7.965239e-01	6.142899e-09	4.365397e+04	2.692310e+03
29	1012.517034	9.429439e-06	7.704450e-01	1.724485e-12	5.332899e+04	3.297402e+04
29	831.462242	7.931176e-13	9.310000e-01	2.113614e-28	1.131600e+04	1.515700e+04
29	1246.379812	9.637664e-06	8.965008e-01	1.521026e-11	5.283800e+04	4.614100e+04
29	1122.349457	9.058880e-08	8.941624e-01	1.000000e-08	2.324900e+04	5.908300e+04
29	18364.197801	1.587197e-06	8.850019e-01	2.859410e-13	3.682600e+04	2.681900e+04
29	532.644498	1.782064e-09	9.563000e-01	2.822152e-16	3.072500e+04	2.692700e+04
29	338.038439	9.295595e-15	9.885000e-01	3.163589e-15	3.717500e+04	2.064500e+04
29	825.281734	8.296907e-13	7.700000e-01	2.815995e-13	7.672000e+03	4.971200e+04
29	967.676126	4.402896e-17	8.528000e-01	8.225091e-36	3.222400e+04	5.101400e+04
29	823.875704	1.141214e-12	8.919000e-01	1.141214e-12	7.906000e+03	5.878000e+03
29	559.130887	1.076449e-13	9.885000e-01	5.581856e-22	3.131500e+04	5.632200e+04
29	833.149922	3.075180e-13	9.103000e-01	3.075180e-13	1.165300e+04	8.585000e+03
29	970.868523	1.662377e-16	8.482000e-01	5.246001e-23	2.876000e+04	5.991300e+04
29	815.884426	2.994089e-11	8.873000e-01	1.234751e-24	1.130000e+03	3.566000e+03
29	561.755995	4.056140e-12	7.861000e-01	1.489723e-14	4.052000e+03	5.891200e+04
29	471.986913	1.074977e-10	9.793000e-01	1.574511e-13	3.583700e+04	1.179200e+04
29	831.806822	1.777450e-07	8.045011e-01	1.641677e-13	4.345900e+04	2.812500e+04
29	516.822695	5.910628e-09	9.172000e-01	5.370993e-16	2.943200e+04	2.589400e+04
29	421.043893	3.553414e-08	9.356000e-01	7.191287e-14	2.429700e+04	1.410900e+04
29	633.521288	2.495117e-14	8.183000e-01	2.495117e-14	1.698000e+04	5.968300e+04
29	1192.541098	4.598054e-10	9.356076e-01	4.598054e-10	3.530800e+04	4.425600e+04
29	765.847063	4.327089e-12	9.632000e-01	1.112118e-19	4.539700e+04	4.489100e+04
29	295.638148	1.337447e-12	7.746000e-01	1.091661e-13	6.415000e+03	3.248200e+04
29	344.947271	8.852331e-11	9.954000e-01	1.792153e-15	1.803400e+04	2.219300e+04
29	450.974525	6.157636e-10	9.287000e-01	1.859132e-12	3.469700e+04	6.419000e+03
29	832.624200	6.774109e-13	9.195000e-01	1.146085e-32	1.123300e+04	3.738000e+04
29	933.581767	2.370482e-16	8.275000e-01	2.370482e-16	2.783100e+04	1.701100e+04
29	6565.550387	1.505797e-15	9.126000e-01	5.608638e-35	3.937400e+04	4.575900e+04
29	863.760179	5.808875e-16	7.838000e-01	5.808875e-16	1.927800e+04	3.263900e+04
29	885.297050	4.322368e-15	8.988000e-01	4.322368e-15	2.244800e+04	1.443900e+04
29	281.772421	1.000000e-05	7.936057e-01	1.246186e-10	1.838099e+04	1.194503e+04
29	848.969185	1.044434e-14	7.953000e-01	1.044434e-14	9.187000e+03	2.364100e+04
29	817.900716	1.789932e-11	9.517000e-01	5.974043e-32	4.947000e+03	3.272700e+04
29	326.061072	5.472969e-10	7.897541e-01	3.699633e-13	4.108098e+04	2.590106e+04
29	630.739812	6.536826e-13	9.885000e-01	1.121098e-16	4.718000e+04	2.878200e+04
29	657.000426	5.224890e-11	9.011000e-01	9.717208e-18	4.178200e+04	3.545700e+04
29	273.104116	1.000000e-05	7.959163e-01	7.488835e-10	3.595303e+04	7.774968e+03
29	282.486129	6.771692e-06	7.949425e-01	8.429474e-11	5.348600e+04	1.304701e+04
29	869.524842	1.412530e-14	9.218000e-01	3.158522e-30	2.057000e+04	2.464100e+04
29	859.822651	3.310097e-14	9.218000e-01	1.207391e-28	1.854100e+04	1.486900e+04
29	454.416564	3.156085e-10	9.287000e-01	9.152412e-12	3.637600e+04	2.574000e+03
29	975.994788	8.599999e-16	9.609000e-01	5.435407e-20	2.732300e+04	4.455400e+04
29	523.735948	2.535091e-12	9.056999e-01	2.044011e-12	4.932300e+04	6.520000e+03
29	815.661592	9.050105e-11	9.425000e-01	3.973551e-29	4.340000e+02	2.159000e+04
29	939.744459	1.686487e-17	8.068000e-01	1.686487e-17	1.619000e+04	3.774000e+04
29	1004.441563	6.055983e-15	8.022000e-01	6.055983e-15	4.846000e+03	3.603800e+04
29	477.587976	7.321612e-10	9.264000e-01	4.980953e-14	3.434500e+04	1.510200e+04
29	1114.334709	8.627386e-06	7.738293e-01	8.582287e-09	5.505302e+04	2.185997e+04
29	898.466443	1.918934e-15	9.080000e-01	1.918934e-15	2.480000e+04	7.202000e+03
29	769.893496	2.100347e-11	9.402000e-01	1.297157e-27	1.645800e+04	1.190000e+02
29	549.400783	6.381147e-12	9.632000e-01	7.944347e-15	4.444000e+04	1.903700e+04
29	857.247443	2.681710e-14	8.022000e-01	2.681710e-14	1.625700e+04	1.141400e+04
29	303.133679	6.490014e-11	7.920610e-01	4.528178e-12	4.752502e+04	1.996547e+04
29	882.184191	6.282975e-15	9.011000e-01	1.023143e-29	2.178200e+04	1.909800e+04
29	954.365842	1.000000e-05	7.746129e-01	8.288280e-09	5.333400e+04	6.013000e+03
29	945.020520	1.403803e-16	8.482000e-01	1.403803e-16	2.943900e+04	4.035000e+03
29	2255.890718	2.365282e-15	9.379000e-01	6.628712e-23	3.829600e+04	5.610700e+04
29	1301.519466	1.968661e-13	9.655000e-01	1.968661e-13	5.538300e+04	5.937200e+04
29	477.030081	3.983054e-11	9.471000e-01	8.213470e-12	4.078500e+04	2.617000e+03
29	320.519560	1.250620e-10	7.903720e-01	6.644845e-13	4.500979e+04	2.452554e+04
29	966.702199	4.076651e-17	8.068000e-01	2.110167e-35	3.159200e+04	5.165100e+04
29	282.206271	1.596301e-11	9.655000e-01	3.599279e-13	1.736600e+04	6.497000e+03
29	975.150903	2.041073e-17	9.080000e-01	3.572952e-33	3.547600e+04	3.898500e+04
29	913.940620	8.254627e-16	8.758000e-01	3.565556e-31	2.589100e+04	2.900200e+04
29	365.506397	6.262884e-10	7.865489e-01	6.847772e-15	3.982816e+04	3.536173e+04
29	1269.853316	8.167995e-06	8.574085e-01	1.692626e-12	5.765600e+04	5.088100e+04
29	274.013713	1.000000e-05	7.957581e-01	4.971871e-10	3.536183e+04	8.763890e+03
29	277.163989	7.448428e-09	9.587858e-01	7.448428e-09	2.209037e+03	4.092800e+04
29	28914.573882	9.900000e-16	8.551000e-01	2.855998e-37	4.009800e+04	5.739300e+04
29	911.461294	9.058321e-16	8.827000e-01	9.058321e-16	2.581100e+04	1.476300e+04
29	896.545283	2.302615e-15	8.574000e-01	3.425263e-30	2.307900e+04	2.579900e+04
29	812.770726	1.947613e-10	9.747000e-01	9.178615e-29	2.085000e+03	1.993900e+04
29	896.674995	2.171033e-15	8.436000e-01	3.460239e-31	2.294800e+04	2.970700e+04
29	822.333883	3.686700e-12	9.080000e-01	7.069381e-32	6.772000e+03	3.309100e+04
29	783.650086	2.231906e-14	9.977000e-01	2.231906e-14	5.642200e+04	1.618400e+04
29	289.450188	3.365476e-11	7.944285e-01	3.365476e-11	5.973745e+04	1.526007e+04
29	1237.012519	9.651034e-06	8.712231e-01	2.579412e-11	5.759500e+04	4.431400e+04
29	487.429498	1.989746e-11	9.356000e-01	1.950916e-11	4.306400e+04	6.570000e+02
29	816.544220	1.336668e-11	8.505000e-01	6.729570e-29	2.269000e+03	2.174500e+04
29	287.970955	5.539373e-06	7.945502e-01	4.060516e-11	5.494607e+04	1.480902e+04
29	304.908400	7.266613e-08	7.914495e-01	3.828651e-12	2.970805e+04	2.030805e+04
29	74290.208853	1.319939e-08	9.701000e-01	3.345444e-15	5.388100e+04	3.747400e+04
29	578.654747	2.164150e-10	8.804000e-01	2.727405e-16	3.874600e+04	2.809400e+04
29	489.604235	7.890374e-12	9.494000e-01	2.180385e-27	1.880300e+04	3.860000e+02
29	1174.187100	3.559552e-06	8.622951e-01	2.430889e-09	5.648300e+04	3.266900e+04
29	1257.104852	4.446434e-12	9.126000e-01	4.446434e-12	4.778100e+04	5.644300e+04
29	1177.335222	9.000001e-16	9.241000e-01	2.704684e-22	2.076600e+04	5.870300e+04
29	936.568122	2.217178e-16	8.850000e-01	4.829345e-37	2.919800e+04	5.648500e+04
29	586.667957	1.353039e-15	7.746000e-01	1.353039e-15	2.297500e+04	4.012000e+04
29	278.646780	3.735071e-09	7.951692e-01	1.576478e-10	4.439496e+04	1.152803e+04
29	444.225113	1.882942e-13	9.908000e-01	3.688353e-18	3.069400e+04	3.646100e+04
29	586.640903	3.233478e-10	9.126000e-01	9.607189e-17	3.685500e+04	2.997400e+04
29	871.546773	9.715544e-15	8.045000e-01	1.662219e-35	1.876000e+04	5.107800e+04
29	9436.191580	3.084561e-16	9.057000e-01	1.585810e-36	4.315200e+04	5.444100e+04
29	869.099400	1.585809e-14	9.149000e-01	1.055105e-31	2.003600e+04	3.200100e+04
29	834.596748	4.750216e-13	8.965000e-01	2.397466e-34	1.135600e+04	4.194000e+04
29	878.697666	6.937016e-15	8.390000e-01	3.569364e-33	2.012900e+04	3.907200e+04
29	273.526571	1.000000e-05	7.958360e-01	6.045939e-10	3.851682e+04	8.291782e+03
29	819.448065	6.882995e-14	9.172000e-01	1.469714e-19	5.809000e+04	4.481500e+04
29	894.748991	1.042964e-09	9.977000e-01	8.137896e-17	3.376000e+03	2.903400e+04
29	617.359764	1.810993e-10	9.379000e-01	2.119008e-17	3.738100e+04	3.314300e+04
29	1113.624444	4.425622e-07	7.700000e-01	9.614863e-09	2.161187e+04	3.323070e+04
29	857.600473	4.231902e-14	9.172000e-01	3.300205e-27	1.778200e+04	1.299700e+04
29	433.600996	6.284871e-09	9.839000e-01	2.679800e-14	2.502900e+04	1.595700e+04
29	265.506416	3.570663e-10	9.816000e-01	4.393899e-12	1.143400e+04	3.200000e+03
29	1138.615383	4.800000e-16	9.724000e-01	7.253950e-21	2.248600e+04	5.092200e+04
29	304.021808	9.394964e-06	7.935720e-01	7.883750e-12	5.746900e+04	1.876104e+04
29	1162.132825	7.500016e-16	8.735000e-01	4.475404e-22	2.024300e+04	5.842600e+04
29	489.213026	3.154787e-09	9.690653e-01	3.154227e-09	4.058002e+03	3.383200e+04
29	548.582851	1.233164e-12	8.505000e-01	4.457298e-13	7.987000e+03	5.415700e+04
29	838.438981	2.444635e-13	8.620000e-01	4.573658e-31	1.212100e+04	2.898300e+04
29	852.272269	4.045378e-14	7.884000e-01	4.045378e-14	1.513300e+04	7.291000e+03
29	344.025457	3.449044e-11	9.540000e-01	2.871371e-31	1.523500e+04	2.139500e+04
29	510.609873	3.591844e-14	9.586000e-01	5.998012e-19	3.178300e+04	3.382200e+04
29	815.929652	8.446067e-12	9.839000e-01	8.446067e-12	5.878200e+04	2.214000e+03
29	333.143041	1.511949e-09	7.890335e-01	1.774482e-13	3.829597e+04	2.763107e+04
29	630.707410	1.433358e-10	9.448000e-01	1.149663e-17	3.765300e+04	3.447400e+04
29	996.565490	1.023914e-17	8.735000e-01	9.317647e-37	3.605900e+04	5.182900e+04
29	489.143176	1.264206e-11	7.838000e-01	5.814828e-12	1.262000e+03	4.338600e+04
29	273.378342	1.000000e-05	7.963894e-01	3.396150e-09	4.371501e+04	4.123999e+03
29	833.135218	2.716484e-13	7.723000e-01	7.050693e-24	1.037900e+04	1.040400e+04
29	965.520845	3.989371e-17	7.861000e-01	6.662441e-32	3.133400e+04	3.632200e+04
29	436.156221	1.478466e-08	9.494000e-01	3.503061e-14	2.584000e+04	1.566000e+04
29	840.831908	1.593864e-13	8.344000e-01	4.440842e-34	1.261300e+04	3.775900e+04
29	279.487621	1.031217e-06	7.951277e-01	1.359682e-10	3.180398e+04	1.188796e+04
29	1054.301158	7.305874e-19	7.930000e-01	4.529764e-21	4.052000e+04	4.965000e+04
29	903.374927	1.410616e-15	8.390000e-01	1.410616e-15	2.387500e+04	3.544000e+03
29	1183.315675	6.000018e-16	9.931000e-01	1.259547e-21	1.683800e+04	5.475300e+04
29	1162.017612	9.000002e-16	9.310000e-01	3.734921e-21	1.417000e+04	5.294200e+04
29	68237.129488	2.313402e-15	8.045000e-01	6.505601e-19	3.834400e+04	4.568800e+04
29	35464.014613	2.881348e-08	9.287001e-01	2.934779e-13	5.322500e+04	2.675900e+04
29	30886.942605	1.457085e-08	9.034000e-01	1.536395e-14	5.716900e+04	3.382800e+04
29	845.826116	1.319479e-13	8.942000e-01	1.269654e-35	1.435400e+04	4.975000e+04
29	876.299088	7.349837e-15	9.264000e-01	1.491962e-30	2.231600e+04	2.349400e+04
29	558.030678	5.432974e-13	8.482000e-01	2.930968e-13	9.909000e+03	5.515500e+04
29	306.867123	1.854603e-11	9.586000e-01	4.478467e-27	1.671600e+04	6.689000e+03
29	848.989672	9.894933e-14	9.103000e-01	1.372162e-31	1.551900e+04	2.748400e+04
29	764.426676	3.488319e-12	9.287000e-01	2.157670e-19	4.771000e+04	4.377900e+04
29	1055.427787	5.493895e-19	7.700000e-01	2.979293e-19	4.095500e+04	4.286800e+04
29	497.353219	1.470530e-09	9.724000e-01	1.763636e-15	3.001800e+04	2.248200e+04
29	501.693285	2.445274e-11	8.091000e-01	5.681534e-12	4.600000e+01	4.599900e+04
29	920.345080	4.800000e-16	9.678000e-01	2.576247e-37	4.059600e+04	5.944900e+04
29	898.596109	3.737479e-17	7.953000e-01	3.737479e-17	1.717100e+04	3.716600e+04
29	861.950098	2.644801e-14	9.241000e-01	4.963359e-31	1.916800e+04	2.746500e+04
29	815.859350	3.490752e-11	8.988000e-01	1.221312e-27	1.066000e+03	1.636400e+04
29	1225.191414	5.008443e-11	9.171997e-01	5.008443e-11	4.152200e+04	5.019600e+04
29	564.200047	2.942685e-09	8.390000e-01	9.885177e-17	3.306000e+04	3.158700e+04
29	1240.814944	2.472619e-17	7.976000e-01	2.472619e-17	9.783000e+03	4.913100e+04
29	1177.879103	2.790040e-09	8.482000e-01	2.790040e-09	3.306800e+04	3.980800e+04
29	973.049049	2.880737e-17	7.976000e-01	3.808527e-35	3.225500e+04	4.951000e+04
29	527.632209	4.354657e-11	9.678000e-01	5.812668e-15	3.924600e+04	1.972600e+04
29	824.421137	1.738720e-12	8.643000e-01	1.151734e-26	7.469000e+03	9.761000e+03
29	1283.552664	2.768328e-06	8.160032e-01	2.994778e-13	5.730600e+04	5.377500e+04
29	856.965161	2.109592e-14	9.448000e-01	1.036144e-32	2.076000e+04	3.335100e+04
29	836.223673	1.898216e-13	7.815000e-01	1.898216e-13	1.132800e+04	7.675000e+03
29	436.338588	1.768971e-09	8.965000e-01	1.949881e-11	3.307500e+04	1.213000e+03
29	563.830127	5.098724e-13	9.517000e-01	9.582775e-32	2.539500e+04	2.907500e+04
29	819.422314	8.104379e-12	9.149000e-01	6.269059e-33	5.097000e+03	3.350800e+04
29	1232.479952	4.518288e-11	8.803962e-01	4.518288e-11	4.289400e+04	4.894800e+04
29	1216.506739	1.629882e-10	9.356001e-01	1.629882e-10	3.886200e+04	4.320600e+04
29	982.470680	1.983372e-17	9.425000e-01	4.620961e-22	3.679400e+04	5.373900e+04
29	1109.575594	6.040375e-07	7.700000e-01	7.004539e-09	2.084203e+04	3.785800e+04
29	1286.094825	8.327250e-09	8.022000e-01	6.994729e-16	5.734400e+04	4.119500e+04
29	881.393139	6.762738e-15	8.919000e-01	1.551447e-36	2.134600e+04	5.338800e+04
29	305.980706	9.102189e-11	7.917558e-01	3.251777e-12	4.649002e+04	2.075097e+04
29	547.187774	1.724033e-11	9.540000e-01	4.882726e-15	4.251700e+04	2.027800e+04
29	1204.156385	3.308848e-06	8.344350e-01	1.996079e-10	5.760300e+04	3.812400e+04
29	1267.131815	5.109444e-06	8.265281e-01	1.416615e-12	3.853500e+04	5.032000e+04
29	838.552230	1.901661e-13	8.298000e-01	1.901661e-13	1.208900e+04	2.730000e+03
29	822.389073	1.720240e-12	8.045000e-01	2.155548e-29	6.421000e+03	2.078400e+04
29	662.930823	3.113699e-14	8.367000e-01	3.113699e-14	1.689000e+04	5.966500e+04
29	936.949173	1.817171e-17	7.999000e-01	1.817171e-17	2.904200e+04	3.765500e+04
29	1104.550873	8.928094e-07	7.700000e-01	8.060955e-09	1.987597e+04	3.337404e+04
29	52816.199785	1.566967e-08	9.632000e-01	1.946704e-13	5.461000e+04	2.774500e+04
29	816.977418	1.595573e-11	9.655000e-01	2.388149e-30	6.600000e+03	1.958900e+04
29	294.166228	3.287760e-06	7.941513e-01	2.028440e-11	5.778200e+04	1.648278e+04
29	648.500942	1.574948e-10	9.080000e-01	6.952791e-18	3.880000e+04	3.611700e+04
29	710.664016	6.491816e-16	7.953000e-01	6.491816e-16	7.862000e+03	4.136800e+04
29	1004.895709	6.982886e-18	8.367000e-01	4.292714e-37	3.616900e+04	5.878100e+04
29	820.282653	6.510574e-12	9.172000e-01	2.003593e-27	5.705000e+03	1.251600e+04
29	276.430419	1.687599e-07	7.954686e-01	2.506014e-10	5.783100e+04	1.041779e+04
29	532.416339	1.721780e-09	9.494000e-01	3.354267e-16	3.119600e+04	2.659800e+04
29	836.606505	4.196943e-14	9.770000e-01	1.260378e-36	2.274700e+04	4.882100e+04
29	280.489133	5.937071e-06	7.951004e-01	1.150729e-10	5.901796e+04	1.229604e+04
29	827.578622	7.077909e-13	8.068000e-01	6.953420e-34	8.590000e+03	4.167800e+04
29	1263.278563	1.000000e-05	7.860968e-01	5.760542e-13	5.343600e+04	4.954200e+04
29	1061.410156	2.461705e-17	9.402000e-01	1.257337e-21	3.498300e+04	5.386000e+04
29	1218.846472	7.000001e-17	9.862000e-01	1.451431e-22	2.679500e+04	5.961400e+04
29	273.989754	1.000000e-05	7.955593e-01	9.566177e-10	2.144098e+04	7.140955e+03
29	273.062345	1.000000e-05	7.963464e-01	2.877259e-09	4.047406e+04	4.524484e+03
29	1156.465640	8.411082e-06	8.344819e-01	6.294774e-09	5.466400e+04	2.947500e+04
29	824.842702	1.352496e-12	8.390000e-01	1.587223e-28	7.577000e+03	1.818000e+04
29	276.557791	8.993653e-06	7.965895e-01	8.723856e-09	5.562119e+04	1.844865e+03
29	1224.043484	6.400010e-16	9.724000e-01	1.464851e-22	1.443800e+04	5.975300e+04
29	828.714298	1.115408e-12	9.425000e-01	3.275036e-33	1.107000e+04	3.545300e+04
29	828.377218	6.532039e-13	8.390000e-01	6.532039e-13	9.201000e+03	3.451000e+03
29	839.661196	2.716209e-13	9.126000e-01	1.888807e-32	1.318200e+04	3.351300e+04
29	518.705573	4.603532e-11	9.402000e-01	2.273147e-14	4.074100e+04	1.679700e+04
29	1150.218663	3.000000e-16	9.609000e-01	3.630544e-22	2.654700e+04	5.738500e+04
29	851.636808	4.802554e-14	9.103000e-01	4.802554e-14	1.647900e+04	1.216100e+04
29	1280.831002	8.928841e-06	9.930893e-01	1.502349e-12	5.676100e+04	5.319000e+04
29	822.899213	1.938592e-12	8.390247e-01	1.348699e-33	6.712000e+03	4.339200e+04
29	1091.092042	6.899904e-16	9.655000e-01	1.104349e-19	1.504500e+04	4.490600e+04
29	34533.505544	4.194489e-16	8.482000e-01	4.469048e-36	4.242300e+04	5.557600e+04
29	827.349943	9.714183e-13	9.540000e-01	2.551372e-30	1.218300e+04	2.288500e+04
29	836.167578	2.680694e-13	8.344000e-01	7.077463e-31	1.137200e+04	2.682500e+04
29	421.794963	8.670065e-09	7.909281e-01	8.670065e-09	4.096495e+04	8.479992e+02
29	1176.724806	4.915321e-06	8.160631e-01	1.067263e-09	5.335700e+04	3.312800e+04
29	511.125780	1.516271e-11	9.425000e-01	1.692294e-13	4.344100e+04	1.199900e+04
29	825.213106	5.220140e-13	9.655000e-01	4.665324e-31	1.488500e+04	2.665100e+04
29	836.602737	3.855711e-13	9.057000e-01	6.092876e-33	1.212300e+04	3.662800e+04
29	446.244967	1.618213e-09	9.333000e-01	4.154947e-13	3.209500e+04	9.956000e+03
29	828.219203	7.964825e-13	8.413000e-01	7.689495e-31	8.890000e+03	2.250600e+04
29	374.580874	1.194056e-10	7.861244e-01	2.935802e-15	4.388501e+04	3.740300e+04
29	912.151723	8.336372e-16	9.034000e-01	4.804809e-34	2.662000e+04	4.395100e+04
29	1105.071449	1.223280e-11	9.995631e-01	1.223280e-11	3.033700e+04	4.948400e+04
29	915.148372	5.525635e-16	7.815000e-01	1.965728e-34	2.515700e+04	4.577700e+04
29	1143.984264	7.199998e-16	9.747000e-01	7.649620e-21	1.923100e+04	5.083400e+04
29	917.539212	4.928922e-16	7.861000e-01	6.037041e-32	2.548900e+04	3.050100e+04
29	832.754598	3.498224e-13	8.091000e-01	2.023647e-32	1.031400e+04	3.591800e+04
29	1273.740027	8.150298e-06	8.896064e-01	1.622401e-12	5.967900e+04	5.169100e+04
29	916.354567	7.089524e-16	8.850000e-01	7.089524e-16	2.647500e+04	4.939000e+03
29	46191.503458	1.869616e-08	9.149001e-01	6.271280e-16	5.419300e+04	4.146600e+04
29	893.340857	2.628428e-15	8.390000e-01	4.161006e-34	2.241400e+04	4.232200e+04
29	1231.418447	1.000000e-05	8.482279e-01	3.134682e-11	5.068300e+04	4.323800e+04
29	560.303513	1.132978e-12	8.551000e-01	1.704448e-13	8.282000e+03	5.673000e+04
29	3098.550566	4.939625e-06	8.229077e-01	7.281353e-14	3.118900e+04	3.009000e+04
29	274.462625	1.000000e-05	7.957221e-01	2.052994e-09	2.108398e+04	5.289285e+03
29	644.667874	1.572618e-10	9.103000e-01	8.221507e-18	3.873400e+04	3.569600e+04
29	1198.567096	2.100000e-16	9.241000e-01	3.584592e-22	2.138300e+04	5.823600e+04
29	826.233470	9.507526e-13	8.206000e-01	8.290583e-30	8.104000e+03	2.421100e+04
29	273.543058	3.610015e-09	9.587266e-01	3.610015e-09	3.976038e+03	5.162999e+04
29	1013.359980	8.599716e-16	9.356000e-01	2.001506e-18	2.175000e+04	3.838300e+04
29	318.610917	1.324077e-13	7.792000e-01	8.268838e-16	1.147700e+04	4.220900e+04
29	275.552269	6.869217e-09	9.585194e-01	6.869217e-09	2.422034e+03	5.112396e+04
29	281.418091	3.781084e-10	9.908000e-01	2.415574e-13	1.295100e+04	1.052500e+04
29	272.972539	6.632748e-07	7.963319e-01	2.723665e-09	5.491101e+04	4.657008e+03
29	18111.308438	1.764993e-06	8.873021e-01	6.504545e-13	3.640200e+04	2.484600e+04
29	1023.686903	9.886260e-06	7.704391e-01	1.224606e-14	4.826201e+04	4.530600e+04
29	301.672820	3.271599e-11	7.922435e-01	5.383075e-12	4.935792e+04	1.955787e+04
29	276.181656	1.000000e-05	7.954946e-01	2.656512e-10	4.321694e+04	1.027702e+04
29	354.645071	1.684152e-08	7.868642e-01	1.866848e-14	3.167892e+04	3.290793e+04
29	1007.773721	9.914531e-06	7.704717e-01	1.334187e-11	3.367903e+04	2.767899e+04
29	1217.722012	1.063575e-10	9.102997e-01	1.063575e-10	3.995000e+04	4.707700e+04
29	834.452639	3.339188e-13	8.367000e-01	4.183041e-30	1.088800e+04	2.376400e+04
29	721.429993	9.627711e-07	7.999012e-01	1.935112e-14	3.798000e+04	3.325100e+04
29	575.018223	2.090406e-10	9.149000e-01	2.391106e-16	3.788000e+04	2.782000e+04
29	1018.873909	1.328906e-06	7.704362e-01	1.093783e-13	5.684999e+04	3.990701e+04
29	306.197252	1.539851e-10	7.917045e-01	3.172641e-12	4.514810e+04	2.080595e+04
29	1103.439336	7.199726e-16	9.126000e-01	5.920809e-20	1.602300e+04	4.694300e+04
29	1048.883151	7.367326e-07	7.704564e-01	9.668369e-09	5.239502e+04	1.552796e+04
29	815.616322	1.923606e-11	7.746000e-01	2.383320e-21	1.460000e+02	4.770000e+02
29	1272.118131	3.165316e-12	9.218000e-01	3.165316e-12	5.110900e+04	5.146300e+04
29	-1.000000	-1.000000e+00	-1.000000e+00	-1.000000e+00	-1.000000e+00	-1.000000e+00
29	283.114415	1.554822e-07	7.944654e-01	7.276645e-11	3.153196e+04	1.336103e+04
29	439.091327	3.391768e-10	9.747000e-01	8.020606e-12	3.347300e+04	2.387000e+03
29	272.635525	8.159120e-06	7.960488e-01	1.082272e-09	5.387224e+04	6.885926e+03
29	1281.546633	9.999976e-06	9.172054e-01	1.010612e-12	5.564100e+04	5.334300e+04
29	571.251161	1.226292e-13	9.908000e-01	1.324240e-14	5.085500e+04	1.758000e+04
29	834.561605	3.977566e-13	8.666000e-01	1.209555e-35	1.105500e+04	5.068900e+04
29	1301.114497	4.592255e-08	7.952999e-01	3.681109e-14	5.398100e+04	5.765200e+04
29	93510.693335	6.496683e-09	9.793000e-01	4.074631e-16	5.745400e+04	4.249300e+04
29	896.628556	1.631176e-15	9.218000e-01	1.631176e-15	2.559500e+04	1.527900e+04
29	388.426110	7.482948e-09	9.976865e-01	1.538579e-16	9.224000e+03	2.793300e+04
29	273.679856	1.000000e-05	7.956719e-01	9.928047e-10	2.204598e+04	7.060975e+03
29	817.155747	9.946646e-12	8.505000e-01	5.284757e-27	2.984000e+03	1.259300e+04
29	96999.945857	2.944383e-15	7.746000e-01	7.192832e-19	3.780800e+04	5.403500e+04
29	75035.022798	1.300315e-15	7.930000e-01	5.362703e-34	3.972900e+04	4.978400e+04
29	817.985791	1.074466e-11	8.964995e-01	1.234558e-33	3.854000e+03	4.301500e+04
29	274.825157	2.055779e-09	7.956331e-01	3.836279e-10	4.936399e+04	9.387974e+03
29	1155.819177	1.447323e-08	8.196254e-01	1.000000e-08	2.935700e+04	5.227500e+04
29	675.817599	2.147814e-12	9.862000e-01	6.289941e-18	4.463400e+04	3.545800e+04
29	1703.025148	1.425065e-07	8.666001e-01	1.000000e-08	5.296300e+04	2.734500e+04
29	832.440630	3.691073e-13	8.114000e-01	1.413299e-30	1.022200e+04	2.694700e+04
29	994.446111	5.907170e-17	9.034000e-01	4.459388e-22	3.239000e+04	5.454400e+04
29	161582.932928	1.529956e-17	8.597000e-01	2.875983e-19	5.077000e+04	5.771300e+04
29	1237.322999	4.093377e-11	8.205619e-01	4.093377e-11	4.418000e+04	4.987100e+04
29	286.404136	8.746383e-06	7.946576e-01	4.932094e-11	5.516401e+04	1.433999e+04
29	565.624840	4.199393e-10	9.379000e-01	1.784103e-16	3.527300e+04	2.820200e+04
29	274.557726	1.000000e-05	7.962073e-01	3.896177e-09	2.327699e+04	3.771983e+03
29	517.107545	6.130469e-09	8.873000e-01	7.327954e-16	3.019400e+04	2.564600e+04
29	842.190286	1.811044e-14	9.793000e-01	1.069877e-34	2.525700e+04	4.486400e+04
29	20648.918043	8.478659e-08	8.712001e-01	1.663126e-15	5.016400e+04	3.914000e+04
29	838.791851	6.554382e-14	9.586000e-01	6.718019e-31	1.912000e+04	2.479500e+04
29	884.063186	3.462397e-15	7.700000e-01	3.941021e-16	2.069600e+04	3.474400e+04
29	53195.071108	1.369230e-08	9.425000e-01	8.196990e-15	5.569800e+04	3.533200e+04
29	817.051996	1.004804e-11	8.459000e-01	4.737284e-31	2.871000e+03	2.984400e+04
29	1173.849633	8.265840e-06	8.160352e-01	1.312237e-09	5.362300e+04	3.260900e+04
29	451.099365	1.339866e-08	9.264000e-01	1.873027e-14	2.707800e+04	1.741700e+04
29	272.536955	1.000000e-05	7.961041e-01	1.275569e-09	5.018872e+04	6.489099e+03
29	599.553415	2.135968e-16	9.954000e-01	4.325983e-20	4.804100e+04	4.665400e+04
29	456.603166	9.968001e-10	9.218000e-01	3.462095e-13	3.373800e+04	1.054100e+04
29	913.669434	6.865731e-16	8.114000e-01	1.381613e-32	2.509400e+04	3.844800e+04
29	892.884400	2.747464e-15	8.781000e-01	2.747464e-15	2.304400e+04	1.438800e+04
29	1265.044442	4.953858e-12	8.827000e-01	4.953858e-12	4.910900e+04	5.169500e+04
29	330.689485	6.813330e-14	9.816000e-01	2.709506e-17	3.136000e+04	3.136800e+04
29	6319.178543	2.541960e-07	8.551003e-01	1.020742e-10	4.705800e+04	1.268100e+04
29	456.090771	4.302875e-11	9.908000e-01	2.074188e-12	3.606600e+04	5.509000e+03
29	894.827345	2.540004e-15	8.551000e-01	2.540004e-15	2.280100e+04	4.349000e+03
29	865.396695	1.667062e-14	8.206000e-01	1.587747e-32	1.774000e+04	3.573200e+04
29	1071.508568	4.752567e-18	8.919000e-01	9.816264e-20	3.513000e+04	4.555500e+04
29	824.890751	2.210892e-12	9.080000e-01	4.771852e-29	8.003000e+03	1.755500e+04
29	275.603417	4.384462e-12	7.792000e-01	1.645018e-12	3.289000e+03	2.457000e+04
29	273.985536	4.960419e-10	9.596832e-01	2.858333e-15	8.771000e+03	5.426000e+03
29	273.685626	1.000000e-05	7.958097e-01	5.644788e-10	4.397736e+04	8.457566e+03
29	970.343269	4.516456e-19	7.999000e-01	4.516456e-19	3.156100e+04	4.695400e+04
29	272.848504	2.359926e-09	9.589022e-01	2.359926e-09	5.001998e+03	5.016500e+04
29	-1.000000	-1.000000e+00	-1.000000e+00	-1.000000e+00	-1.000000e+00	-1.000000e+00
29	271.999566	5.525438e-10	9.793000e-01	1.946709e-13	1.009500e+04	1.054900e+04
29	879.476918	5.029126e-15	7.838000e-01	3.821446e-29	2.000800e+04	2.504900e+04
29	889.121233	3.291495e-15	9.172000e-01	3.291495e-15	2.385200e+04	1.820000e+02
29	1194.049881	7.679701e-10	8.895305e-01	7.679701e-10	3.560700e+04	4.137600e+04
29	375.408887	4.228468e-15	7.884000e-01	3.659259e-15	1.764600e+04	3.751600e+04
29	532.303884	4.595383e-11	8.136999e-01	3.049978e-14	4.397900e+04	1.927100e+04
29	2344.347507	1.519500e-15	9.379000e-01	3.048876e-34	3.934800e+04	4.275000e+04
29	460.076870	8.728010e-16	9.678000e-01	1.182871e-16	4.081200e+04	2.528500e+04
29	1138.952892	5.958038e-06	7.926226e-01	8.285380e-09	5.674302e+04	2.630696e+04
29	1247.072588	1.212893e-11	8.896000e-01	1.212893e-11	4.587500e+04	5.385200e+04
29	915.747423	5.452895e-16	7.861000e-01	1.449262e-34	2.525300e+04	4.920900e+04
29	799.849660	1.944138e-13	9.885000e-01	6.172618e-20	5.023400e+04	4.599500e+04
29	381.330803	1.374100e-16	9.839000e-01	8.969326e-19	4.598400e+04	3.919400e+04
29	273.614533	7.988422e-06	7.958214e-01	5.816104e-10	5.733699e+04	8.385387e+03
29	1005.897962	6.811118e-06	7.704938e-01	3.097858e-11	5.023700e+04	2.543400e+04
29	861.649565	2.429380e-14	8.367000e-01	4.769831e-29	1.712500e+04	2.041100e+04
29	1173.035733	2.400000e-16	9.954000e-01	2.103155e-21	2.073100e+04	5.358200e+04
29	280.549695	9.847784e-06	7.950954e-01	1.139343e-10	5.003201e+04	1.232003e+04
29	1119.402751	2.853667e-07	7.700000e-01	8.159320e-09	2.269905e+04	4.749598e+04
29	1271.710391	1.522495e-12	9.149000e-01	1.522495e-12	5.054600e+04	5.789400e+04
29	492.640146	5.166367e-09	9.011000e-01	3.352461e-15	3.025900e+04	2.184100e+04
29	1122.183480	4.100001e-16	9.333000e-01	8.690212e-22	2.501200e+04	5.561400e+04
29	292.697482	5.659423e-11	7.932063e-01	1.675623e-11	4.880700e+04	1.685401e+04
29	929.223415	3.258083e-16	8.919000e-01	3.485195e-35	2.848400e+04	4.535900e+04
29	289.423739	6.032355e-11	7.936013e-01	2.638931e-11	4.910500e+04	1.577391e+04
29	815.869992	6.452258e-11	9.425000e-01	4.922135e-31	1.255000e+03	2.563800e+04
29	626.056978	1.436901e-15	9.609000e-01	3.947624e-20	3.951900e+04	4.255400e+04
29	553.265091	1.053648e-12	8.436000e-01	2.848784e-13	8.234000e+03	5.508800e+04
29	1127.672447	9.999998e-06	7.723141e-01	1.000000e-08	4.607400e+04	5.619000e+03
29	1180.128157	5.543050e-06	8.989100e-01	2.122389e-09	5.617600e+04	3.374200e+04
29	637.896879	7.110399e-09	7.831260e-01	7.110399e-09	4.254594e+04	1.439984e+02
29	1222.688674	1.292468e-11	9.815939e-01	1.292468e-11	4.094100e+04	5.481800e+04
29	35592.995878	2.835802e-16	8.482000e-01	1.283330e-35	4.335400e+04	5.545400e+04
29	352.421997	4.704467e-09	9.668853e-01	4.704467e-09	2.894001e+03	3.377700e+04
29	1149.529727	3.095714e-08	7.700000e-01	7.730941e-09	2.822209e+04	3.455197e+04
29	534.730602	4.480029e-11	8.666000e-01	2.144323e-14	4.303900e+04	1.812800e+04
29	833.405263	4.028985e-13	8.459000e-01	1.925079e-33	1.060800e+04	4.070400e+04
29	486.470109	5.924281e-10	9.241000e-01	3.036203e-14	3.495900e+04	1.630700e+04
29	603.690987	2.141090e-11	9.448000e-01	1.604074e-16	4.244800e+04	2.837400e+04
29	837.625240	1.016475e-08	8.712000e-01	2.791145e-13	5.487500e+04	1.195200e+04
29	816.411197	1.177403e-11	8.228862e-01	4.717880e-32	2.076000e+03	3.973700e+04
29	822.298368	3.256061e-12	8.918652e-01	2.603327e-33	6.609000e+03	3.871300e+04
29	369.736217	4.367042e-09	7.858722e-01	3.942096e-15	3.482000e+04	3.661300e+04
29	434.758828	3.162150e-07	8.574005e-01	8.292724e-15	2.106300e+04	2.059000e+04
29	395.087294	1.953836e-06	8.137008e-01	3.801264e-14	1.735800e+04	1.872800e+04
29	1115.151530	1.000000e-05	7.743688e-01	9.308899e-09	3.490002e+04	2.198599e+04
29	389.266479	5.019212e-10	9.746996e-01	3.152347e-13	7.816000e+03	5.846100e+04
29	556.963950	1.854123e-12	9.678000e-01	1.209243e-14	4.721700e+04	1.800100e+04
29	-1.000000	-1.000000e+00	-1.000000e+00	-1.000000e+00	-1.000000e+00	-1.000000e+00
29	1030.570447	8.599365e-16	9.954000e-01	1.692421e-18	1.960900e+04	3.841500e+04
29	267.642351	3.006459e-10	9.931000e-01	4.818995e-12	1.419000e+04	3.369000e+03
29	910.443494	8.942442e-16	8.298000e-01	7.505563e-31	2.478000e+04	2.745700e+04
29	889.320583	3.503624e-15	8.459000e-01	1.906689e-30	2.186600e+04	2.690500e+04
29	1221.139172	2.280226e-12	9.356000e-01	3.989526e-31	2.180900e+04	2.268200e+04
29	858.753301	2.755506e-14	8.183000e-01	2.755506e-14	1.650800e+04	3.953000e+03
29	837.490702	1.687925e-13	8.068000e-01	1.687925e-13	1.183800e+04	9.054000e+03
29	854.787533	3.466274e-14	7.976000e-01	3.466274e-14	1.564400e+04	1.182000e+03
29	1192.226603	9.190614e-10	9.378974e-01	9.190614e-10	3.435600e+04	3.898100e+04
29	1230.982694	1.000000e-05	8.114175e-01	1.792097e-11	4.861800e+04	4.315600e+04
29	894.628935	2.393316e-15	8.367000e-01	2.393316e-15	2.259200e+04	4.725000e+03
29	882.024512	4.633438e-15	9.264000e-01	2.687108e-28	2.341400e+04	1.592500e+04
29	851.179533	7.522756e-14	9.080000e-01	7.522756e-14	1.606800e+04	3.731000e+03
29	418.132891	6.927344e-10	9.908000e-01	3.174113e-12	2.910900e+04	4.480000e+03
29	272.730986	6.204815e-06	7.962808e-01	2.265772e-09	5.403481e+04	5.101583e+03
29	663.658075	4.958126e-13	9.586000e-01	5.871819e-17	5.121000e+04	3.056400e+04
29	6834.751797	1.762448e-06	8.367099e-01	9.639687e-15	3.264800e+04	3.493800e+04
29	1290.904709	5.220836e-13	9.195000e-01	5.220836e-13	5.410100e+04	5.740600e+04
29	9920.359063	1.198965e-06	8.528014e-01	5.508691e-14	3.832500e+04	3.076600e+04
29	951.078838	7.350947e-17	9.218000e-01	3.204459e-22	3.297000e+04	5.090900e+04
29	851.559101	7.430101e-14	8.896000e-01	1.790451e-28	1.560000e+04	1.685300e+04
29	938.173677	2.042814e-16	8.528000e-01	5.970105e-21	2.865600e+04	2.482100e+04
29	835.311042	2.079866e-13	7.999000e-01	2.079866e-13	1.114000e+04	9.987000e+03
29	541.050027	4.124847e-11	9.287000e-01	5.756667e-15	4.149000e+04	2.018200e+04
29	958.254531	6.968880e-17	8.804000e-01	2.110325e-37	3.178000e+04	5.880600e+04
29	475.123011	8.577871e-11	8.988000e-01	2.805163e-11	4.061900e+04	2.960000e+02
29	837.503155	1.610280e-13	7.746000e-01	1.610280e-13	1.163900e+04	8.973000e+03
29	-1.000000	-1.000000e+00	-1.000000e+00	-1.000000e+00	-1.000000e+00	-1.000000e+00
29	1193.394378	1.000000e-05	8.413541e-01	4.805661e-10	4.160100e+04	3.615100e+04
29	300.181221	9.598612e-06	7.937915e-01	1.119684e-11	4.830070e+04	1.791540e+04
29	884.604511	4.736448e-15	8.436000e-01	4.307031e-31	2.111300e+04	3.015900e+04
29	552.244107	1.023506e-12	8.666000e-01	4.417951e-13	8.763000e+03	5.459500e+04
29	730.977193	5.433428e-12	9.333000e-01	7.777739e-19	4.641000e+04	4.079600e+04
29	589.141519	9.685870e-10	8.252000e-01	3.766312e-17	3.609500e+04	3.447600e+04
29	819.030321	7.978225e-12	9.011000e-01	3.496697e-30	4.703000e+03	2.422300e+04
29	1227.620238	6.018465e-07	7.907456e-01	1.184725e-11	5.479500e+04	4.252000e+04
29	816.050807	2.028768e-11	8.620000e-01	1.930536e-23	1.491000e+03	1.689000e+03
29	286.517302	3.502904e-09	7.939278e-01	4.148938e-11	3.954895e+04	1.469103e+04
29	923.414935	5.220121e-17	9.448000e-01	3.993302e-36	3.511000e+04	5.041700e+04
29	273.554841	1.000000e-05	7.957198e-01	7.997955e-10	2.310298e+04	7.594958e+03
29	986.037270	3.219093e-17	8.712000e-01	1.084485e-21	3.315800e+04	5.114500e+04
29	933.134783	2.344516e-16	9.034000e-01	1.719855e-36	2.960200e+04	5.159800e+04
29	1050.809091	4.999859e-16	9.333000e-01	4.876153e-19	2.113600e+04	4.177400e+04
29	273.198085	1.000000e-05	7.960706e-01	1.977428e-09	2.379598e+04	5.414203e+03
29	877.332118	8.781393e-15	8.735000e-01	2.464675e-34	2.027200e+04	4.338300e+04
29	1119.981687	1.000000e-05	7.763401e-01	9.540921e-09	3.259502e+04	2.284599e+04
29	491.643027	1.897911e-09	8.919000e-01	1.030572e-14	3.301400e+04	1.934900e+04
29	867.430298	1.876445e-14	9.103000e-01	2.438697e-31	1.947800e+04	2.753400e+04
29	1216.828441	1.000000e-05	8.390551e-01	8.356722e-11	4.813700e+04	4.047700e+04
29	547.302160	6.797038e-12	8.091000e-01	1.250103e-13	3.152000e+03	5.568300e+04
29	301.510878	1.049913e-10	7.922058e-01	5.495964e-12	4.642306e+04	1.950195e+04
29	816.852179	2.510193e-11	9.287000e-01	5.177777e-26	2.882000e+03	6.206000e+03
29	1110.387723	5.673559e-07	7.700000e-01	9.758119e-09	2.099703e+04	5.237800e+04
29	352.763500	1.373688e-10	7.877367e-01	2.620409e-14	4.391575e+04	3.221035e+04
29	272.511789	5.051058e-07	7.961336e-01	1.396118e-09	5.522399e+04	6.271025e+03
29	1248.132076	3.194403e-07	7.769026e-01	8.094757e-13	5.024800e+04	4.655900e+04
29	2273.153912	5.631353e-07	8.183007e-01	1.274404e-13	4.216600e+04	2.874500e+04
29	1231.000440	6.110775e-06	8.482171e-01	3.235170e-11	5.828500e+04	4.315800e+04
29	1279.054325	3.595083e-06	8.850284e-01	1.008650e-12	5.423500e+04	5.281200e+04
29	1251.056835	2.082493e-18	7.769000e-01	2.082493e-18	3.859100e+04	4.500400e+04
29	858.049944	4.126901e-14	8.873000e-01	2.339073e-32	1.693900e+04	3.331700e+04
29	1245.228507	2.040367e-11	8.827747e-01	2.040367e-11	4.514303e+04	4.923475e+04
29	518.180108	2.932594e-11	8.551000e-01	2.959562e-12	4.250000e+02	4.948100e+04
29	284.699034	8.232548e-13	7.769000e-01	6.604857e-13	7.480000e+03	2.735000e+04
29	531.878552	4.383243e-13	9.816000e-01	3.858983e-13	4.942100e+04	9.635000e+03
29	272.507778	1.000000e-05	7.961441e-01	1.442559e-09	4.664101e+04	6.192000e+03
29	267.748659	7.374417e-10	9.701000e-01	7.165873e-12	8.555000e+03	8.190000e+02
29	1250.635259	1.028575e-11	9.263955e-01	1.028575e-11	4.573400e+04	5.112200e+04
29	825.019291	1.100156e-12	8.114000e-01	5.781376e-31	7.604000e+03	3.045000e+04
29	822.283874	1.345712e-12	9.792818e-01	3.370964e-33	1.495700e+04	3.739600e+04
29	23106.284613	1.000000e-05	8.757916e-01	1.326314e-15	3.537300e+04	3.968000e+04
29	1154.886745	1.000000e-05	8.482058e-01	8.419373e-09	5.582600e+04	2.919000e+04
29	272.804809	1.020429e-09	9.593133e-01	7.615940e-10	7.025038e+03	5.076600e+04
29	562.623602	1.098829e-11	9.310000e-01	3.881645e-15	4.474000e+04	2.108300e+04
29	525.086645	7.701606e-15	9.885000e-01	4.373214e-21	3.740400e+04	5.166800e+04
29	1229.062840	1.000000e-05	7.999149e-01	1.517110e-11	4.581500e+04	4.279100e+04
29	842.425992	1.674963e-13	9.356000e-01	2.523336e-33	1.526700e+04	3.856600e+04
29	856.529222	3.476066e-14	8.252000e-01	1.192765e-35	1.607600e+04	5.036500e+04
29	702.912503	1.000000e-05	7.792129e-01	2.681454e-13	4.991900e+04	2.491900e+04
29	355.786534	1.053558e-13	7.815000e-01	5.602567e-17	1.146000e+04	4.803700e+04
29	26550.254855	9.962227e-08	8.827003e-01	1.220768e-15	4.691600e+04	3.987800e+04
29	7654.184109	2.402058e-08	8.597000e-01	3.312170e-11	5.709000e+04	1.539200e+04
29	869.758551	1.586811e-14	8.850000e-01	6.870466e-30	1.914800e+04	2.082200e+04
29	275.194134	5.217996e-09	9.587531e-01	5.217996e-09	3.076997e+03	4.328599e+04
29	993.832863	5.293466e-12	9.379000e-01	1.189093e-29	1.978000e+04	1.361500e+04
29	292.289273	1.570641e-10	9.566406e-01	4.326082e-11	1.156100e+04	5.508100e+04
29	48130.411028	2.450042e-08	9.494000e-01	9.942779e-14	5.438000e+04	2.935600e+04
29	331.488602	8.190893e-13	9.632000e-01	1.156091e-14	2.435000e+04	1.311600e+04
29	1268.313833	5.556546e-06	8.827065e-01	2.403995e-12	4.877700e+04	5.056200e+04
29	1012.746133	2.580340e-20	7.999000e-01	2.580340e-20	3.278500e+04	5.367500e+04
29	274.431669	1.000000e-05	7.964829e-01	5.055414e-09	5.071899e+04	3.163010e+03
29	686.183306	6.600279e-14	8.436000e-01	6.600279e-14	1.534200e+04	5.780900e+04
29	272.597741	1.000000e-05	7.960661e-01	1.138798e-09	4.939701e+04	6.762986e+03
29	1177.636758	1.000000e-05	8.114462e-01	9.041951e-10	4.819400e+04	3.329300e+04
29	827.084258	9.923548e-13	8.482000e-01	7.496424e-35	8.492000e+03	4.225000e+04
29	893.407868	2.617269e-15	8.390000e-01	1.570528e-29	2.242400e+04	2.472500e+04
29	549.909590	1.492093e-12	7.816757e-01	1.492093e-12	5.784900e+04	2.138000e+04
29	529.864561	2.274408e-12	7.815000e-01	2.301081e-13	5.378000e+03	5.110700e+04
29	1109.145784	1.899894e-16	9.632000e-01	4.934522e-20	1.456600e+04	4.676000e+04
29	25207.702342	1.827572e-08	9.195000e-01	1.205110e-11	5.691600e+04	1.783200e+04
29	358.817488	1.180128e-10	7.872979e-01	1.447812e-14	4.418509e+04	3.362141e+04
29	874.988845	8.515637e-15	8.275000e-01	3.931157e-29	1.944300e+04	1.994200e+04
29	1194.655466	2.199936e-16	8.505000e-01	3.642578e-22	1.801600e+04	5.986400e+04
29	815.817644	4.961703e-11	9.218000e-01	3.558841e-31	9.579971e+02	3.139400e+04
29	1202.445179	5.124463e-10	8.158313e-01	5.124463e-10	3.779600e+04	5.221500e+04
29	872.486762	1.047315e-14	9.241000e-01	1.047315e-14	2.137000e+04	3.883000e+03
29	282.215219	9.831529e-10	7.945757e-01	8.206377e-11	4.411501e+04	1.307599e+04
29	67257.473523	7.855641e-08	9.494002e-01	8.742949e-16	4.626000e+04	4.067500e+04
29	482.370982	2.716408e-10	9.379000e-01	8.229837e-14	3.637700e+04	1.376700e+04
29	1282.999394	8.137180e-13	8.803999e-01	8.137180e-13	5.308600e+04	5.900500e+04
29	912.203475	8.625457e-16	8.988000e-01	2.994558e-36	2.639800e+04	5.366500e+04
29	530.197945	5.310340e-12	9.747000e-01	2.882946e-14	4.392900e+04	1.587700e+04
29	551.200256	5.061387e-10	9.747000e-01	1.578893e-16	3.245700e+04	2.810000e+04
29	465.997842	5.343533e-09	9.103000e-01	1.978122e-14	2.990800e+04	1.751100e+04
29	824.534323	1.479340e-12	9.747000e-01	9.532418e-21	4.712800e+04	5.033900e+04
29	53686.086681	2.196428e-08	9.333001e-01	1.764880e-15	5.311200e+04	3.900000e+04
29	1096.675993	3.436384e-17	9.195000e-01	1.412490e-21	3.251700e+04	5.452300e+04
29	840.921327	4.769310e-07	9.494013e-01	1.318333e-13	5.160000e+04	1.254900e+04
29	838.248170	1.472063e-13	7.700000e-01	2.675672e-14	1.181100e+04	4.751200e+04
29	274.177428	1.000000e-05	7.957336e-01	4.691306e-10	3.395999e+04	8.904013e+03
29	825.713384	1.586046e-12	8.827000e-01	4.798115e-28	8.107000e+03	1.521800e+04
29	303.154949	2.344475e-06	7.936209e-01	8.519370e-12	4.879716e+04	1.857415e+04
29	454.996036	3.218297e-10	9.632000e-01	6.802492e-13	3.457300e+04	8.444000e+03
29	315.051506	2.486652e-10	7.927635e-01	1.884918e-12	4.486574e+04	2.214780e+04
29	574.146040	2.846374e-10	9.126000e-01	2.068771e-16	3.717700e+04	2.819000e+04
29	500.034774	1.074707e-11	8.229000e-01	9.236747e-12	2.265000e+03	4.549100e+04
29	766.278269	1.172015e-11	9.954000e-01	1.172015e-11	4.392100e+04	1.237000e+03
29	433.133158	1.738864e-09	9.195000e-01	1.413074e-11	3.242500e+04	1.643000e+03
29	824.601469	2.620477e-12	9.287000e-01	3.321431e-28	8.340000e+03	1.378700e+04
29	932.829005	2.386846e-16	9.034000e-01	1.671561e-21	2.956000e+04	2.397900e+04
29	816.251365	2.163986e-11	8.850000e-01	1.454832e-28	1.859000e+03	1.432800e+04
29	272.532698	7.003837e-06	7.961078e-01	1.289943e-09	5.803421e+04	6.462038e+03
29	1161.235401	4.148963e-10	9.930994e-01	4.148963e-10	2.972300e+04	4.625800e+04
29	273.149103	1.000000e-05	7.963511e-01	2.986375e-09	3.225900e+04	4.434104e+03
29	937.478132	1.761470e-16	9.057000e-01	1.822121e-32	3.034900e+04	3.344000e+04
29	298.260592	1.143835e-11	7.936204e-01	1.143835e-11	5.630901e+04	1.784299e+04
29	846.850098	9.406088e-14	8.482000e-01	1.761191e-36	1.412300e+04	5.619700e+04
29	289.297936	2.082405e-08	7.935066e-01	2.799076e-11	3.454600e+04	1.561797e+04
29	476.127747	2.223511e-09	9.126000e-01	2.115253e-14	3.202900e+04	1.732000e+04
29	308.541113	3.695250e-10	7.914172e-01	2.431146e-12	4.280293e+04	2.143208e+04
29	1255.869506	9.999994e-06	8.367125e-01	4.078656e-12	5.417800e+04	4.802800e+04
29	822.395923	1.871125e-12	8.183000e-01	7.293628e-28	6.439000e+03	1.800200e+04
29	1145.570457	7.482901e-07	8.128039e-01	9.444571e-09	5.849904e+04	2.750651e+04
29	1236.926871	4.378385e-11	9.217998e-01	4.378385e-11	4.305800e+04	4.584500e+04
29	816.251972	2.163093e-11	8.850000e-01	3.049754e-31	1.860000e+03	3.096100e+04
29	1240.429468	9.030574e-06	8.459222e-01	1.532827e-11	5.937700e+04	4.497700e+04
29	1096.579017	5.700000e-16	9.540000e-01	1.175298e-21	2.588000e+04	5.447900e+04
29	273.283546	1.000000e-05	7.958769e-01	6.837848e-10	3.159896e+04	7.994017e+03
29	317.271605	9.955257e-13	7.909955e-01	9.769152e-13	5.739657e+04	2.364697e+04
29	507.207907	4.048769e-13	9.540000e-01	8.595858e-28	2.594600e+04	3.685000e+03
29	279.441481	9.890310e-10	7.950219e-01	1.349487e-10	4.611502e+04	1.189597e+04
29	272.983710	2.739474e-09	9.588230e-01	2.739474e-09	4.642996e+03	5.865100e+04
29	275.051599	1.000000e-05	7.954294e-01	4.044884e-10	2.280400e+04	9.238198e+03
29	287.886354	4.965758e-12	9.862000e-01	6.203311e-14	2.216400e+04	1.359200e+04
29	538.722852	3.205434e-10	9.448000e-01	9.102047e-16	3.564000e+04	2.431900e+04
29	439.765998	1.000000e-05	7.975723e-01	9.999909e-09	5.700400e+04	7.160000e+02
29	275.146587	3.472371e-10	9.598802e-01	3.472371e-10	9.630000e+03	5.680574e+04
29	319.616644	6.680482e-12	7.906702e-01	7.492012e-13	5.247070e+04	2.426593e+04
29	279.526484	2.815572e-06	7.951807e-01	1.354618e-10	5.820676e+04	1.190242e+04
29	1169.623905	1.000000e-05	8.781195e-01	3.884832e-09	5.155300e+04	3.184600e+04
29	276.961758	1.000000e-05	7.953540e-01	2.249531e-10	2.592196e+04	1.067191e+04
29	827.876258	3.402960e-13	9.632000e-01	1.354476e-31	1.563300e+04	2.510900e+04
29	273.287505	4.123919e-06	7.963783e-01	3.250643e-09	5.607321e+04	4.229777e+03
29	333.808584	2.357926e-13	9.816000e-01	1.911096e-17	2.845800e+04	3.221400e+04
29	960.932315	4.982043e-17	7.930000e-01	1.637968e-19	1.892400e+04	5.025200e+04
29	275.392744	3.219548e-06	7.955816e-01	3.240947e-10	4.910590e+04	9.797044e+03
29	278.455398	3.738297e-09	7.952009e-01	1.636647e-10	4.483099e+04	1.143902e+04
29	443.476234	1.557929e-10	7.791999e-01	1.377239e-11	4.171900e+04	1.472800e+04
29	856.348560	4.385181e-14	8.666000e-01	9.065265e-30	1.631000e+04	2.360100e+04
29	25009.739181	1.275046e-07	8.666005e-01	4.413711e-17	4.448800e+04	4.776500e+04
29	32308.940191	4.793288e-08	9.356001e-01	5.338261e-12	5.100200e+04	1.979100e+04
29	890.909662	3.358803e-15	9.034000e-01	2.361213e-35	2.333300e+04	5.020300e+04
29	51489.245334	8.003761e-09	9.310000e-01	2.166242e-15	5.808500e+04	3.851100e+04
29	820.899683	1.422984e-12	9.701000e-01	2.616944e-32	1.313300e+04	3.204100e+04
29	528.477558	1.856989e-12	9.816000e-01	1.856989e-12	4.640000e+04	5.665000e+03
29	925.176795	3.393255e-16	7.976000e-01	3.636214e-33	2.652800e+04	3.879700e+04
29	1203.738630	5.133879e-10	8.504955e-01	5.133879e-10	3.755300e+04	4.112000e+04
29	863.156379	1.566629e-14	7.746000e-01	2.141309e-28	1.719700e+04	2.271700e+04
29	839.692157	1.639449e-13	8.183000e-01	8.751440e-35	1.227200e+04	4.584900e+04
29	487.248751	5.115627e-11	9.609000e-01	2.362024e-13	3.935300e+04	1.100200e+04
29	292.026638	8.677758e-09	7.931505e-01	1.896779e-11	3.627993e+04	1.654105e+04
29	275.213617	9.419087e-06	7.965300e-01	6.332832e-09	5.342505e+04	2.618748e+03
29	895.871415	2.175788e-15	8.321000e-01	2.527298e-34	2.273500e+04	4.368200e+04
29	774.015899	1.276461e-12	9.747000e-01	1.193405e-19	4.750700e+04	4.462100e+04
29	904.432227	1.459422e-15	8.712000e-01	4.141036e-35	2.444700e+04	4.515900e+04
29	830.482070	6.903106e-13	8.689000e-01	1.167530e-26	9.785000e+03	1.063000e+04
29	1159.855705	1.173536e-08	8.275862e-01	1.000000e-08	2.983603e+04	3.583590e+04
29	1273.542844	8.143051e-06	8.551032e-01	1.220500e-12	5.185700e+04	5.165000e+04
29	679.000534	4.900000e-16	9.839000e-01	9.130409e-23	3.950000e+04	5.758100e+04
29	817.208557	6.103174e-12	8.275000e-01	6.103174e-12	3.336000e+03	1.213000e+03
29	326.274190	2.281652e-09	7.895927e-01	3.589098e-13	3.746095e+04	2.595408e+04
29	815.787552	3.908102e-11	9.011000e-01	1.654076e-31	8.580000e+02	3.503500e+04
29	297.977424	1.958312e-12	9.655000e-01	4.034720e-15	2.237400e+04	1.717300e+04
29	812.728303	2.175374e-10	9.747000e-01	5.837187e-30	1.817000e+03	2.065000e+04
29	867.068281	1.556811e-14	8.321000e-01	1.204692e-33	1.809700e+04	3.918500e+04
29	299.180583	2.012057e-08	7.922114e-01	7.550272e-12	3.337794e+04	1.871504e+04
29	478.132500	5.808165e-11	9.126000e-01	2.059407e-11	4.119400e+04	8.320000e+02
29	612.614967	2.754255e-10	8.643000e-01	3.978767e-17	3.850000e+04	3.293500e+04
29	918.248623	5.566489e-16	9.057000e-01	2.003077e-33	2.764500e+04	3.898900e+04
29	934.311405	2.569712e-16	8.666000e-01	2.569712e-16	2.841100e+04	3.540000e+03
29	273.163450	8.186376e-10	9.594731e-01	8.186376e-10	7.554031e+03	4.890014e+04
29	549.238943	2.668588e-12	8.528000e-01	3.056711e-13	6.176000e+03	5.518200e+04
29	854.624466	2.333456e-14	9.471000e-01	1.615551e-36	2.067000e+04	5.338900e+04
29	895.422420	2.427357e-15	9.057000e-01	3.544217e-37	2.417300e+04	5.775000e+04
29	833.451523	5.258910e-13	9.241000e-01	5.258910e-13	1.192900e+04	1.182000e+03
29	821.786891	7.386236e-13	9.954000e-01	4.973120e-21	4.447600e+04	5.162200e+04
29	276.514935	9.926014e-11	9.632000e-01	1.677703e-12	1.286300e+04	1.872000e+03
29	747.405083	3.275124e-11	9.885000e-01	1.270657e-22	1.302700e+04	5.802400e+04
29	533.628073	8.833469e-13	7.723000e-01	3.609637e-14	7.524000e+03	5.168200e+04
29	822.155020	1.556928e-12	7.792000e-01	1.925272e-26	6.287000e+03	1.149900e+04
29	936.879631	2.032313e-16	8.275000e-01	2.829494e-21	2.820000e+04	2.645300e+04
29	1130.260029	1.268041e-07	7.700000e-01	9.889914e-09	2.471218e+04	3.912908e+04
29	820.024455	4.934750e-12	8.781000e-01	1.519598e-29	5.265000e+03	1.983400e+04
29	294.231359	1.267366e-08	7.928505e-01	1.416002e-11	3.504600e+04	1.723084e+04
29	50352.315200	9.993874e-09	9.678000e-01	8.350274e-13	5.673000e+04	2.425000e+04
29	265.787099	4.265892e-10	9.724000e-01	1.303082e-12	1.004200e+04	5.281000e+03
29	885.677013	4.895904e-15	9.011000e-01	9.934835e-32	2.237200e+04	2.810300e+04
29	815.950039	3.886599e-11	9.149000e-01	7.245878e-27	1.304000e+03	1.163400e+04
29	406.721358	2.595075e-15	7.884000e-01	1.108620e-15	1.863200e+04	4.033800e+04
29	825.785504	1.370379e-12	8.643000e-01	1.750768e-27	8.041000e+03	1.208700e+04
29	-1.000000	-1.000000e+00	-1.000000e+00	-1.000000e+00	-1.000000e+00	-1.000000e+00
29	273.919996	4.117173e-06	7.964437e-01	4.248649e-09	5.389273e+04	3.583006e+03
29	278.446800	1.622181e-10	9.605423e-01	5.439790e-12	1.145593e+04	5.955701e+04
29	1161.610056	1.000000e-05	8.689195e-01	6.398795e-09	4.708200e+04	3.040200e+04
29	1184.572365	7.944149e-10	9.378959e-01	7.944149e-10	3.384300e+04	4.286500e+04
29	509.925167	1.062377e-11	9.356000e-01	4.250103e-13	4.464600e+04	9.880000e+03
29	817.472975	2.009468e-11	9.356000e-01	4.189950e-31	3.728000e+03	2.970700e+04
29	48910.449242	1.791312e-08	9.586000e-01	3.236672e-13	5.431300e+04	2.652500e+04
29	55407.267465	8.335014e-09	9.241000e-01	2.652822e-16	5.906400e+04	4.351300e+04
29	274.743826	1.061711e-08	9.724000e-01	1.148458e-11	2.367000e+03	1.230000e+02
29	479.589064	3.104053e-11	9.471000e-01	1.196767e-11	4.141400e+04	1.706000e+03
29	1113.083530	3.003234e-06	7.735988e-01	8.823555e-09	5.154822e+04	2.163714e+04
29	865.479262	1.791604e-14	8.597000e-01	1.791604e-14	1.821000e+04	1.040600e+04
29	1190.882459	4.768073e-06	8.735094e-01	8.058043e-10	5.812700e+04	3.569300e+04
29	979.725084	9.590346e-16	9.701000e-01	1.877809e-17	1.786800e+04	3.309100e+04
29	283.424875	8.153161e-10	7.943908e-01	6.694462e-11	4.406445e+04	1.355900e+04
29	107403.319089	1.000000e-05	9.677856e-01	1.467030e-17	5.775300e+04	5.036500e+04
29	-1.000000	-1.000000e+00	-1.000000e+00	-1.000000e+00	-1.000000e+00	-1.000000e+00
29	1186.346383	1.000000e-05	8.091856e-01	4.570562e-10	4.595500e+04	3.487000e+04
29	24526.567484	6.602972e-07	8.758005e-01	6.279428e-16	4.138300e+04	4.146200e+04
29	816.617942	2.954988e-11	9.310000e-01	2.598651e-29	2.585000e+03	2.151400e+04
29	581.801821	1.454656e-10	9.517000e-01	1.244644e-16	3.726700e+04	2.888500e+04
29	274.318123	1.000000e-05	7.964672e-01	4.830474e-09	3.204906e+04	3.272427e+03
29	272.695263	1.672588e-07	7.962708e-01	2.188070e-09	5.424597e+04	5.185861e+03
29	513.360617	1.105580e-09	8.459000e-01	5.846591e-15	3.539000e+04	2.175500e+04
29	275.627514	1.000000e-05	7.949765e-01	6.288791e-10	1.981500e+04	8.110995e+03
29	273.986171	1.000000e-05	7.960799e-01	2.805525e-09	2.281001e+04	4.560998e+03
29	307.512720	1.267449e-09	7.914426e-01	2.741621e-12	3.974805e+04	2.113658e+04
29	528.890434	3.657444e-08	8.596999e-01	1.209711e-16	2.636300e+04	3.045700e+04
29	825.766679	1.056489e-12	8.252000e-01	5.223352e-29	7.928000e+03	1.838600e+04
29	860.827694	1.382784e-14	9.447782e-01	1.414894e-35	2.177300e+04	4.838700e+04
29	857.914722	2.577625e-14	7.907000e-01	2.577625e-14	1.624500e+04	1.224000e+03
29	813.374035	3.070247e-10	9.724000e-01	3.937371e-28	5.500000e+02	1.379700e+04
29	815.673409	6.506670e-11	9.241000e-01	1.034087e-29	3.880000e+02	2.669200e+04
29	310.011606	1.714890e-09	7.911660e-01	2.067009e-12	3.884790e+04	2.180405e+04
29	828.651655	9.283531e-13	8.735000e-01	1.788905e-31	9.177000e+03	3.073300e+04
29	816.208413	9.882289e-12	7.746000e-01	6.165083e-25	1.761000e+03	6.830000e+03
29	303.913945	9.204493e-06	7.935781e-01	7.959729e-12	4.663296e+04	1.873792e+04
29	1270.122084	2.134012e-12	9.402000e-01	2.134012e-12	4.937500e+04	5.471800e+04
29	831.241160	4.790310e-13	8.896000e-01	4.790310e-13	1.077300e+04	5.545000e+03
29	427.420285	8.549646e-09	9.149000e-01	4.853811e-13	2.859400e+04	9.825000e+03
29	1187.285885	6.778251e-06	8.944816e-01	1.228014e-09	5.839000e+04	3.503900e+04
29	857.282934	4.496770e-14	9.103000e-01	1.143239e-34	1.739900e+04	4.395300e+04
29	930.543444	3.030191e-17	9.448000e-01	1.080169e-35	3.640200e+04	4.927000e+04
29	1283.179233	5.524031e-06	8.850021e-01	7.129727e-13	5.759000e+04	5.369300e+04
29	816.477697	1.606772e-12	8.689000e-01	3.728934e-20	5.138500e+04	4.884300e+04
29	903.614249	1.288400e-15	8.206000e-01	7.520155e-35	2.376900e+04	4.607700e+04
29	1072.228126	2.503033e-16	9.034000e-01	3.008758e-19	3.840000e+03	4.341800e+04
29	282.286031	2.253802e-07	7.946131e-01	8.353399e-11	3.115100e+04	1.303600e+04
29	9775.843111	2.312422e-07	8.413003e-01	1.042134e-15	4.550500e+04	4.025300e+04
29	504.447069	6.128877e-11	9.218000e-01	1.536949e-11	4.110000e+02	4.658300e+04
29	-1.000000	-1.000000e+00	-1.000000e+00	-1.000000e+00	-1.000000e+00	-1.000000e+00
29	1080.666844	1.400155e-06	9.424287e-01	1.000000e-08	1.487700e+04	4.207600e+04
29	434.987302	1.347849e-09	9.287000e-01	1.146989e-11	3.273400e+04	2.026000e+03
29	1152.644832	1.300000e-16	9.218000e-01	5.504386e-21	2.034600e+04	5.217700e+04
29	713.773207	5.767459e-12	9.563000e-01	1.246815e-18	4.512900e+04	3.945400e+04
29	287.059393	6.027372e-06	7.946123e-01	4.541653e-11	5.742100e+04	1.453892e+04
29	851.382792	6.778036e-14	8.919000e-01	6.778036e-14	1.580900e+04	6.288000e+03
29	836.238302	9.724721e-14	7.953000e-01	9.724721e-14	6.949000e+03	1.803300e+04
29	713.642669	2.035555e-12	9.816000e-01	1.285701e-18	4.550700e+04	3.914000e+04
29	490.070036	1.539045e-11	7.815000e-01	4.439422e-12	7.520000e+02	4.361400e+04
29	272.697124	7.412354e-06	7.962714e-01	2.192454e-09	4.703502e+04	5.181029e+03
29	860.770228	2.945689e-14	9.241000e-01	2.227753e-29	1.891100e+04	1.842300e+04
29	1246.124853	9.300823e-06	8.666104e-01	1.225669e-11	5.713500e+04	4.609100e+04
29	666.527235	2.902774e-15	9.931000e-01	3.033793e-16	5.961500e+04	2.643200e+04
29	-1.000000	-1.000000e+00	-1.000000e+00	-1.000000e+00	-1.000000e+00	-1.000000e+00
29	495.916573	4.589507e-11	8.873000e-01	9.169338e-13	4.249800e+04	8.751000e+03
29	420.792309	4.048406e-16	9.701000e-01	2.472459e-20	4.266300e+04	4.595400e+04
29	504.517956	1.996657e-11	8.114000e-01	4.777428e-12	5.750000e+02	4.657500e+04
29	901.818858	1.553115e-15	8.735000e-01	1.553115e-15	2.428200e+04	1.569500e+04
29	1134.948250	8.575200e-07	8.022017e-01	1.000000e-08	2.193300e+04	2.776100e+04
29	1020.819518	9.996867e-06	7.704366e-01	4.573499e-14	5.111799e+04	4.206601e+04
29	818.861303	4.117729e-12	8.091000e-01	9.439469e-33	4.390000e+03	4.045200e+04
29	1157.070578	6.077376e-06	8.408579e-01	6.571558e-09	5.567300e+04	2.958400e+04
29	566.184816	2.229923e-12	7.999000e-01	2.247171e-14	5.700000e+03	5.939800e+04
29	882.045426	6.125718e-15	9.080000e-01	6.510484e-31	2.205800e+04	2.734100e+04
29	928.571527	7.504612e-12	7.723000e-01	7.504612e-12	3.356000e+03	3.656100e+04
29	1108.913757	2.899999e-16	9.908000e-01	4.408438e-20	2.237900e+04	4.674800e+04
29	305.656989	1.160014e-06	7.911295e-01	3.639584e-12	2.268700e+04	2.039400e+04
29	916.349368	5.612113e-16	8.252000e-01	5.612113e-16	2.570100e+04	2.007400e+04
29	354.453816	1.066901e-09	7.873296e-01	2.073641e-14	3.868274e+04	3.272715e+04
29	601.869158	1.971398e-13	9.908000e-01	1.100047e-15	4.964600e+04	2.343600e+04
29	273.213275	1.000000e-05	7.958941e-01	7.037914e-10	4.070902e+04	7.924999e+03
29	462.243827	6.993428e-16	9.701000e-01	6.993428e-16	4.117800e+04	3.598000e+03
29	274.703898	1.187675e-09	9.598832e-01	1.187675e-09	6.617996e+03	4.317499e+04
29	826.164449	9.896071e-13	8.252000e-01	2.876886e-34	8.085000e+03	4.093400e+04
29	533.982063	1.656138e-10	9.954000e-01	2.276580e-16	3.090600e+04	2.706700e+04
29	1206.544437	2.170907e-10	9.264000e-01	2.170907e-10	3.768500e+04	4.496000e+04
29	273.145041	1.000000e-05	7.961567e-01	2.230633e-09	2.465998e+04	5.128057e+03
29	543.069329	7.777369e-11	8.873000e-01	5.230351e-15	4.116000e+04	2.103600e+04
29	818.395380	1.386332e-11	9.540000e-01	5.568070e-31	5.742000e+03	2.783900e+04
29	1168.886934	7.653116e-09	7.700000e-01	7.249907e-09	3.171299e+04	4.642325e+04
29	940.717071	1.787847e-16	8.804000e-01	2.128448e-37	2.958300e+04	5.666100e+04
29	272.583240	5.261973e-07	7.962301e-01	1.904329e-09	5.859182e+04	5.521312e+03
29	427.908233	2.656774e-10	9.471000e-01	6.956959e-30	1.032700e+04	1.320200e+04
29	910.899186	9.464086e-16	8.528000e-01	5.070897e-34	2.507300e+04	4.259700e+04
29	857.338421	3.805796e-14	8.551000e-01	4.251009e-29	1.640800e+04	2.108100e+04
29	1208.008928	7.963106e-06	8.991584e-01	2.799254e-10	5.288400e+04	3.883500e+04
29	932.141775	2.819377e-16	8.505000e-01	5.279251e-33	2.785900e+04	3.670800e+04
29	274.380393	4.321085e-10	9.597845e-01	3.576972e-14	9.105000e+03	4.860000e+02
29	290.581044	7.668067e-12	7.746000e-01	1.178835e-13	2.201000e+03	3.231100e+04
29	1144.312530	2.807453e-08	8.435962e-01	1.000000e-08	2.727700e+04	5.579100e+04
29	820.329167	4.838479e-12	8.850000e-01	5.076860e-28	5.479000e+03	1.487200e+04
29	844.589432	8.147980e-14	8.735000e-01	8.147980e-14	1.411500e+04	1.191300e+04
29	1053.931996	1.529832e-08	9.678000e-01	6.308575e-19	5.489800e+04	4.092300e+04
29	853.002836	6.551768e-14	8.919000e-01	1.204622e-33	1.596000e+04	3.818200e+04
29	276.347915	6.178314e-06	7.965815e-01	8.331629e-09	5.391101e+04	1.956011e+03
29	1270.428945	5.625836e-07	8.960117e-01	2.227393e-12	4.228700e+04	5.100100e+04
29	798.926483	4.439272e-14	8.022000e-01	4.439272e-14	1.668000e+03	3.126400e+04
29	824.106227	1.626543e-12	9.241000e-01	1.626543e-12	8.736000e+03	2.835000e+03
29	96404.093460	6.946901e-09	9.839000e-01	4.501478e-16	5.656100e+04	4.225600e+04
29	273.756783	1.000000e-05	7.957980e-01	5.484697e-10	3.827402e+04	8.526989e+03
29	1288.453923	5.748030e-06	9.195090e-01	5.695226e-13	5.832700e+04	5.483400e+04
29	273.720521	1.000000e-05	7.964256e-01	3.936276e-09	4.594955e+04	3.767479e+03
29	909.302402	8.530023e-16	9.149000e-01	9.155923e-35	2.696100e+04	4.453700e+04
29	859.867388	2.671698e-14	8.275000e-01	1.911746e-34	1.673900e+04	4.532900e+04
29	899.471274	1.504531e-15	8.022000e-01	1.504531e-15	2.310900e+04	1.229500e+04
29	816.189141	9.752967e-12	7.700000e-01	7.206304e-12	1.729000e+03	5.659800e+04
29	812.623073	5.522867e-11	9.379000e-01	7.528474e-29	1.413100e+04	8.511000e+03
29	473.314123	6.237453e-10	9.563000e-01	4.086195e-14	3.336000e+04	1.522500e+04
29	463.530063	2.746608e-06	7.895616e-01	9.616925e-09	5.669758e+04	4.367882e+02
29	34527.450305	1.099998e-07	9.425003e-01	6.753268e-12	4.675200e+04	1.922600e+04
29	272.907498	2.449329e-09	9.588907e-01	2.449329e-09	4.911970e+03	4.968191e+04
29	828.741913	5.952922e-13	8.068000e-01	4.388392e-30	9.005000e+03	2.681300e+04
29	849.834653	4.936056e-14	7.815000e-01	1.175981e-29	1.457200e+04	2.585700e+04
29	269.285568	3.797023e-11	9.885000e-01	2.874410e-12	1.784800e+04	4.507000e+03
29	280.840200	2.045813e-06	7.950718e-01	1.086797e-10	5.122203e+04	1.243396e+04
29	860.050831	3.037054e-14	8.735000e-01	3.037054e-14	1.728600e+04	7.738000e+03
29	6098.460799	3.822444e-08	8.505001e-01	1.638951e-11	5.488100e+04	1.708300e+04
29	582.586939	9.357659e-14	9.885000e-01	8.777168e-15	5.211700e+04	1.857200e+04
29	279.944646	3.426456e-09	7.949507e-01	1.232984e-10	4.270264e+04	1.211111e+04
29	887.670514	4.332263e-15	8.781000e-01	3.235387e-28	2.204700e+04	1.948000e+04
29	-1.000000	-1.000000e+00	-1.000000e+00	-1.000000e+00	-1.000000e+00	-1.000000e+00
29	273.898712	9.966202e-06	7.964419e-01	4.215338e-09	5.299916e+04	3.602021e+03
29	911.194738	8.399184e-16	8.252000e-01	5.045746e-34	2.484800e+04	4.421900e+04
29	927.463895	3.625731e-16	8.482000e-01	1.006237e-35	2.722700e+04	5.202000e+04
29	27447.035884	1.000000e-08	9.332999e-01	1.000000e-08	5.922100e+04	1.022000e+03
29	531.161524	1.443511e-12	9.724000e-01	1.443511e-12	4.797500e+04	6.388000e+03
29	91914.279499	4.272814e-16	7.838000e-01	1.323296e-35	4.238000e+04	5.110100e+04
29	823.658769	1.789289e-12	9.172000e-01	1.789289e-12	8.339000e+03	2.365000e+03
29	1165.317789	9.902666e-06	8.832196e-01	5.515670e-09	5.261700e+04	3.107000e+04
29	850.047747	3.492021e-15	7.723000e-01	3.492021e-15	2.001700e+04	3.178100e+04
29	887.399786	3.856960e-15	8.390000e-01	4.241042e-34	2.151200e+04	4.116900e+04
29	986.989682	1.000000e-05	7.725750e-01	9.948516e-09	4.619500e+04	7.118000e+03
29	1264.720296	3.217098e-12	9.011000e-01	3.217098e-12	4.910800e+04	5.547400e+04
29	876.668122	9.329852e-15	8.781000e-01	7.461723e-35	2.023600e+04	4.571100e+04
29	859.394750	3.058726e-14	8.459000e-01	1.077522e-32	1.674800e+04	3.608000e+04
29	839.271858	5.614221e-14	7.815000e-01	1.328102e-14	1.159800e+04	2.466500e+04
29	869.276623	1.010202e-14	7.792000e-01	6.958610e-29	1.829800e+04	2.076800e+04
29	2407.800349	1.250445e-08	8.228999e-01	1.000000e-08	5.752700e+04	6.710000e+02
29	841.982722	1.903728e-13	8.988000e-01	1.903728e-13	1.358100e+04	1.306000e+03
29	837.122382	2.095577e-13	8.114000e-01	8.835420e-29	1.157500e+04	1.856900e+04
29	342.848688	8.390259e-14	7.861000e-01	4.669017e-15	1.124200e+04	3.713400e+04
29	1263.771446	2.710642e-12	9.471010e-01	2.710642e-12	4.817600e+04	5.489700e+04
29	1150.157869	4.483604e-09	9.908104e-01	4.483604e-09	2.533200e+04	3.582300e+04
29	869.570853	5.215411e-15	9.977000e-01	3.603120e-21	5.507400e+04	5.233300e+04
29	436.354897	2.141205e-09	9.264000e-01	1.452953e-12	3.166000e+04	7.040000e+03
29	821.919929	2.940549e-12	8.689000e-01	7.528412e-30	6.304000e+03	2.387500e+04
29	540.446044	2.286853e-12	7.816719e-01	2.286853e-12	5.624200e+04	2.023100e+04
29	306.007450	8.073995e-10	7.916267e-01	3.254761e-12	4.097483e+04	2.073300e+04
29	816.117716	1.818165e-11	8.551000e-01	1.114545e-29	1.615000e+03	2.362600e+04
29	988.229535	1.546342e-17	8.735000e-01	2.141524e-33	3.510500e+04	3.980700e+04
29	926.019712	3.491806e-16	8.827000e-01	3.491806e-16	2.792000e+04	2.076700e+04
29	653.736629	9.724505e-11	7.953000e-01	1.376477e-15	4.894200e+04	3.955200e+04
29	111944.807550	1.000000e-05	9.723986e-01	1.438040e-17	5.143800e+04	5.041200e+04
29	1101.008258	2.309979e-06	7.716164e-01	8.282284e-09	5.475412e+04	1.978063e+04
29	534.368160	1.721904e-09	9.310000e-01	4.065865e-16	3.202100e+04	2.636400e+04
29	776.925410	1.000000e-05	7.769129e-01	5.955080e-14	5.108700e+04	2.684100e+04
29	277.875232	6.676086e-12	7.704473e-01	5.607695e-12	2.603000e+03	2.990600e+04
29	134261.482909	1.019533e-16	8.252000e-01	5.814189e-19	4.586800e+04	5.769700e+04
29	1266.168758	2.635003e-12	8.826998e-01	2.635003e-12	4.985400e+04	5.893700e+04
29	1109.671963	5.899946e-16	9.241000e-01	4.363028e-20	1.688900e+04	4.747000e+04
29	842.280405	1.839493e-13	9.310000e-01	1.287667e-32	1.482500e+04	3.329000e+04
29	200848.879456	4.818267e-17	7.838000e-01	4.818267e-17	4.768400e+04	5.231200e+04
29	273.347340	1.000000e-05	7.958682e-01	6.571376e-10	4.214901e+04	8.090606e+03
29	353.831116	2.031435e-08	9.930918e-01	1.123466e-15	4.158000e+03	2.327500e+04
29	919.601436	5.333348e-16	8.321000e-01	5.964016e-21	2.602900e+04	2.741200e+04
29	821.723456	1.747068e-12	8.045000e-01	1.747068e-12	6.258000e+03	2.716000e+03
29	860.852382	2.408623e-14	8.229000e-01	1.144155e-35	1.690700e+04	5.183300e+04
29	302.133348	2.486371e-13	7.746000e-01	1.946389e-13	1.045400e+04	3.113100e+04
29	1232.295395	1.368870e-06	7.861051e-01	6.481211e-12	5.352900e+04	4.341800e+04
29	350.037136	7.154674e-11	7.880235e-01	3.496039e-14	4.562604e+04	3.153582e+04
29	868.559034	4.968990e-18	7.815000e-01	4.968990e-18	1.725800e+04	4.615900e+04
29	786.083482	4.981188e-13	8.620000e-01	3.071895e-19	5.451500e+04	4.422100e+04
29	316.899402	1.710222e-09	7.904887e-01	9.683938e-13	3.853394e+04	2.360304e+04
29	1122.225067	6.657435e-06	7.773369e-01	9.335660e-09	5.983899e+04	2.325852e+04
29	388.040617	2.008149e-13	7.930000e-01	8.142372e-14	7.790000e+02	2.979600e+04
29	815.633271	3.349665e-11	8.597000e-01	2.464377e-30	2.270000e+02	2.914900e+04
29	272.580839	1.000000e-05	7.962289e-01	1.896704e-09	4.539400e+04	5.531001e+03
29	1166.044333	9.000007e-16	9.701000e-01	2.924561e-21	1.593600e+04	5.305900e+04
29	272.624321	1.106172e-09	9.592268e-01	1.106172e-09	6.833041e+03	5.737900e+04
29	825.581005	1.950021e-12	9.080000e-01	2.262368e-30	8.305000e+03	2.493500e+04
29	275.791805	7.271142e-09	9.585055e-01	7.271142e-09	2.284548e+03	5.023100e+04
29	815.715653	1.967923e-11	8.114000e-01	6.497560e-31	6.420000e+02	3.296500e+04
29	1137.656190	1.299999e-16	9.678000e-01	1.093847e-20	2.253500e+04	5.009500e+04
29	521.183636	3.755741e-12	8.252000e-01	2.070420e-12	4.846000e+03	4.937800e+04
29	865.237374	1.920150e-14	8.458998e-01	1.397574e-38	1.785100e+04	5.967600e+04
29	930.327744	6.361676e-17	7.746000e-01	6.361676e-17	2.940500e+04	3.699000e+04
29	1187.659303	1.000000e-05	7.976923e-01	2.977514e-10	4.036400e+04	3.511000e+04
29	815.395099	1.614075e-10	9.586000e-01	3.129741e-27	1.860000e+02	1.224900e+04
29	836.558115	3.586252e-13	8.896000e-01	5.025210e-33	1.184400e+04	3.669400e+04
29	863.467602	1.818228e-14	8.091000e-01	1.818228e-14	1.734900e+04	1.465000e+03
29	274.265029	4.728479e-09	9.586363e-01	4.728479e-09	3.323971e+03	5.048598e+04
29	292.703002	1.028520e-10	7.931888e-01	1.678465e-11	4.730317e+04	1.684786e+04
29	54100.694973	1.524932e-08	9.563000e-01	4.945584e-14	5.489500e+04	3.103000e+04
29	628.335627	6.868195e-11	9.241000e-01	2.717683e-17	4.036400e+04	3.274300e+04
29	844.171122	8.256460e-16	7.792000e-01	8.256460e-16	1.905800e+04	3.411400e+04
29	900.001508	1.490027e-15	8.045000e-01	1.758456e-36	2.317200e+04	5.313300e+04
29	815.919971	1.553763e-11	8.114000e-01	1.036232e-27	1.215000e+03	1.581300e+04
29	82194.503140	9.842499e-09	9.793000e-01	2.461163e-15	5.438000e+04	3.820700e+04
29	606.872409	6.574035e-08	8.022004e-01	5.064472e-13	4.815100e+04	2.541300e+04
29	1305.609724	9.999996e-06	8.918772e-01	1.061052e-13	5.920000e+04	5.866900e+04
29	315.357630	6.491237e-13	7.746000e-01	4.277615e-15	8.128000e+03	3.998200e+04
29	878.534995	7.679806e-15	8.597000e-01	8.338695e-37	2.028900e+04	5.594200e+04
29	362.107368	1.091181e-08	7.858836e-01	8.519817e-09	3.173695e+04	4.730298e+02
29	882.354755	3.964994e-15	7.792000e-01	3.964994e-15	2.048400e+04	1.597700e+04
29	418.472823	8.798098e-09	7.895166e-01	8.798098e-09	3.663388e+04	6.890480e+02
29	824.073931	1.884164e-12	8.666000e-01	1.603459e-28	7.325000e+03	1.721800e+04
29	873.427811	9.519291e-15	8.275000e-01	9.146588e-33	1.918000e+04	3.710900e+04
29	367.405653	7.749329e-12	9.931000e-01	4.104613e-16	2.276700e+04	2.561600e+04
29	853.898312	4.809548e-14	8.436000e-01	9.624483e-32	1.563100e+04	2.831200e+04
29	674.124014	3.416002e-15	9.931000e-01	1.813912e-16	5.919900e+04	2.763000e+04
29	314.537195	6.359419e-10	9.677999e-01	4.448744e-13	7.853000e+03	5.925300e+04
29	519.460912	2.035172e-09	8.804000e-01	1.657581e-15	3.312200e+04	2.386600e+04
29	272.539363	7.265602e-10	9.598308e-01	2.701559e-15	7.870013e+03	1.218198e+04
29	865.140577	2.230553e-14	8.781000e-01	8.879801e-34	1.817300e+04	4.179800e+04
29	1018.236873	9.423200e-06	7.704363e-01	1.450007e-13	4.812895e+04	3.920601e+04
29	319.294517	2.799710e-08	7.899870e-01	7.524408e-13	3.137201e+04	2.416402e+04
29	305.246162	6.936702e-12	7.919632e-01	3.553020e-12	5.305063e+04	2.055590e+04
29	272.958060	9.991346e-06	7.963293e-01	2.698198e-09	5.060194e+04	4.679700e+03
29	19774.216766	1.000000e-05	9.171986e-01	9.999984e-09	4.915900e+04	1.336000e+03
29	1111.466218	4.420187e-06	7.733571e-01	9.249305e-09	5.188141e+04	2.134760e+04
29	340.706953	3.129844e-15	9.839000e-01	1.058376e-16	3.884900e+04	2.828400e+04
29	279.477672	1.000000e-05	7.950644e-01	1.368372e-10	2.441298e+04	1.186597e+04
29	868.507340	1.263181e-14	9.310036e-01	6.441999e-34	2.123300e+04	4.223400e+04
29	838.520880	3.002279e-13	9.287000e-01	1.430692e-30	1.354900e+04	2.260400e+04
29	830.809561	6.109191e-13	8.574000e-01	1.532516e-30	9.836000e+03	2.660400e+04
29	833.826933	5.438182e-13	9.034000e-01	4.459891e-29	1.123000e+04	1.744300e+04
29	277.044603	9.769583e-06	7.966066e-01	9.663096e-09	5.073517e+04	1.597808e+03
29	30842.310006	1.118302e-07	9.080003e-01	3.998273e-14	4.653000e+04	3.153800e+04
29	1007.764163	3.899971e-16	7.976000e-01	1.273341e-20	2.224400e+04	5.485300e+04
29	883.834407	4.017960e-15	9.264000e-01	1.229368e-31	2.375300e+04	2.940400e+04
29	858.524161	3.723847e-14	8.712000e-01	2.079173e-32	1.679900e+04	3.272800e+04
29	870.726565	1.414633e-14	9.126000e-01	2.728261e-33	2.022700e+04	3.790800e+04
29	526.745821	1.644362e-12	9.678000e-01	2.494394e-13	4.752600e+04	1.080700e+04
29	838.205686	1.904495e-13	8.160000e-01	1.967003e-34	1.187700e+04	4.706800e+04
29	670.639785	2.384997e-11	9.724000e-01	3.011970e-18	4.034600e+04	3.727100e+04
29	849.899576	7.149067e-14	8.505000e-01	8.709055e-28	1.482000e+04	1.446400e+04
29	850.043356	8.817523e-14	8.988000e-01	6.138111e-29	1.544300e+04	1.763300e+04
29	450.722922	1.386392e-08	8.344000e-01	7.659673e-14	2.927700e+04	1.604200e+04
29	860.327587	1.912529e-14	7.700000e-01	1.999149e-15	1.666200e+04	4.462600e+04
29	276.029734	3.590552e-09	9.593515e-01	3.590552e-09	3.950985e+03	4.079897e+04
29	621.692247	4.513108e-10	7.815000e-01	4.513108e-10	4.928600e+04	7.434000e+03
29	61943.278551	1.141880e-08	9.402000e-01	7.201386e-16	5.584600e+04	4.113700e+04
29	619.834934	4.916001e-12	9.586000e-01	1.406543e-16	4.540100e+04	2.853300e+04
29	272.556607	1.000000e-05	7.960895e-01	1.220831e-09	5.745999e+04	6.595016e+03
29	310.277991	1.164723e-10	7.913206e-01	2.001062e-12	4.563079e+04	2.190400e+04
29	916.399648	3.019475e-16	9.310000e-01	3.018714e-31	3.011800e+04	2.767100e+04
29	38152.837057	5.343579e-08	9.195002e-01	1.878004e-14	4.967600e+04	3.334800e+04
29	905.743409	1.523746e-14	8.022000e-01	1.523746e-14	5.921000e+03	3.383000e+04
29	273.872070	5.265363e-10	9.596317e-01	5.265363e-10	8.624975e+03	5.567498e+04
29	828.047283	2.585722e-13	9.770000e-01	9.249609e-35	1.842100e+04	4.201800e+04
29	545.405698	1.821408e-12	9.931000e-01	6.021227e-15	4.328300e+04	1.941800e+04
29	583.137912	2.495578e-15	7.769000e-01	2.495578e-15	2.136000e+04	3.778100e+04
29	825.056271	1.049538e-12	8.275000e-01	1.049538e-12	7.871000e+03	2.508000e+03
29	924.076486	4.480039e-16	8.873000e-01	4.111757e-21	2.761200e+04	2.478300e+04
29	853.583103	4.761468e-14	8.367000e-01	8.085436e-31	1.552900e+04	2.787700e+04
29	1289.530282	7.264266e-06	9.034114e-01	4.716028e-13	5.772100e+04	5.506900e+04
29	822.770313	2.301160e-12	8.597001e-01	1.854060e-32	6.699000e+03	3.705100e+04
29	1154.594366	3.491105e-18	9.057000e-01	7.067868e-22	3.630600e+04	5.674000e+04
29	127372.718899	9.427323e-17	7.907000e-01	1.670733e-18	4.613300e+04	5.207700e+04
29	888.715196	3.701065e-15	8.827000e-01	3.701065e-15	2.247000e+04	1.304100e+04
29	863.196843	1.839833e-14	8.068000e-01	8.215401e-31	1.728600e+04	3.005500e+04
29	826.382352	1.076407e-12	8.436000e-01	1.086138e-29	8.210000e+03	1.991700e+04
29	-1.000000	-1.000000e+00	-1.000000e+00	-1.000000e+00	-1.000000e+00	-1.000000e+00
29	277.021946	1.000000e-05	7.966058e-01	9.618356e-09	4.788601e+04	1.609020e+03
29	1241.923995	3.977256e-06	7.953023e-01	4.832324e-12	5.607400e+04	4.527300e+04
29	501.340951	3.059835e-11	9.103000e-01	4.751002e-13	4.288000e+04	9.950000e+03
29	830.683119	5.765838e-13	8.459000e-01	1.116941e-26	9.750000e+03	1.137100e+04
29	354.445545	5.268786e-10	9.977000e-01	1.061810e-15	1.552800e+04	2.342500e+04
29	917.461794	5.192336e-13	9.172000e-01	5.192336e-13	1.285900e+04	5.359600e+04
29	1222.539159	1.220616e-10	8.206014e-01	1.220616e-10	4.139300e+04	4.797200e+04
29	277.243232	8.912203e-06	7.953874e-01	2.095140e-10	5.003801e+04	1.084999e+04
29	23794.522224	1.004222e-07	8.988001e-01	1.000000e-08	4.695700e+04	4.680000e+02
29	307.113739	8.210447e-12	7.917764e-01	2.872013e-12	5.251501e+04	2.106195e+04
29	873.397797	1.140372e-14	8.666000e-01	9.834032e-38	1.950100e+04	5.903300e+04
29	295.769587	8.165336e-07	7.933817e-01	1.000000e-08	2.356200e+04	1.092997e+03
29	276.687462	8.702790e-09	9.584817e-01	8.702790e-09	1.848936e+03	4.615203e+04
29	904.353481	3.833935e-16	9.402000e-01	2.996042e-33	3.006300e+04	3.623500e+04
29	1294.645917	4.636116e-13	7.976000e-01	4.636116e-13	5.606500e+04	5.754500e+04
29	6210.378192	1.651271e-07	8.551003e-01	1.438349e-10	4.801600e+04	1.185500e+04
29	379.777297	3.933202e-07	8.551005e-01	2.028549e-12	2.057300e+04	7.541000e+03
29	820.196555	2.722304e-12	7.999000e-01	5.573215e-26	5.245000e+03	8.430000e+03
29	828.380317	5.103086e-13	7.700000e-01	3.524179e-13	8.838000e+03	2.004700e+04
29	815.915339	5.096371e-11	9.310000e-01	2.320740e-30	1.264000e+03	2.247600e+04
29	34871.817474	2.951911e-08	9.678000e-01	3.798139e-09	5.287400e+04	3.982000e+03
29	982.286429	4.303944e-17	9.034000e-01	2.626411e-22	3.333800e+04	5.429700e+04
29	136169.878437	1.460329e-16	7.769000e-01	2.054591e-17	4.479800e+04	5.356800e+04
29	278.126729	1.733564e-10	9.604627e-01	1.117775e-11	1.129797e+04	5.834097e+04
29	820.227179	5.835683e-12	9.034000e-01	3.117128e-30	5.525000e+03	2.269600e+04
29	826.964313	3.392626e-13	7.723000e-01	3.392626e-13	9.169000e+03	1.966200e+04
29	966.513919	1.073176e-09	7.723000e-01	2.691192e-14	3.849600e+04	3.666100e+04
29	818.713815	1.267723e-11	9.402000e-01	3.326044e-30	5.073000e+03	2.272400e+04
29	1118.202535	3.124560e-07	7.700000e-01	9.716023e-09	2.247425e+04	3.422098e+04
29	435.081952	3.444959e-09	8.597000e-01	6.465936e-12	3.227200e+04	4.635000e+03
29	20166.341413	1.078034e-06	8.804017e-01	2.415188e-14	3.775300e+04	3.274400e+04
29	352.033421	2.467425e-11	7.879961e-01	2.978887e-14	4.828796e+04	3.193209e+04
29	277.237298	1.000000e-05	7.965767e-01	9.731330e-09	2.801898e+04	1.577938e+03
29	335.046704	1.406333e-14	9.701000e-01	1.619997e-18	3.426300e+04	3.644500e+04
29	832.399826	6.254949e-13	8.942000e-01	1.093487e-31	1.063400e+04	3.174600e+04
29	276.226679	4.444136e-06	7.965767e-01	8.108434e-09	5.529084e+04	2.021617e+03
29	953.971883	8.500303e-17	8.344000e-01	9.647118e-22	3.034800e+04	2.438300e+04
29	974.423888	3.085374e-17	8.413000e-01	1.299246e-35	3.282400e+04	5.036500e+04
29	305.016373	9.069044e-11	7.908058e-01	4.601765e-12	4.596700e+04	1.985100e+04
29	85841.361223	1.381693e-15	7.907000e-01	8.667500e-19	3.953500e+04	4.705900e+04
29	832.583496	3.828375e-13	8.390000e-01	3.828375e-13	1.052800e+04	3.576000e+03
29	1131.869568	1.125760e-07	7.700000e-01	8.846353e-09	2.500793e+04	3.029175e+04
29	852.427260	4.253658e-14	7.999000e-01	4.253658e-14	1.518700e+04	5.076000e+03
29	970.336196	3.798352e-17	8.436000e-01	4.111779e-36	3.238600e+04	4.811100e+04
29	693.553756	1.721749e-10	9.425000e-01	5.165656e-19	3.729400e+04	4.161400e+04
29	280.835934	4.020942e-07	7.948780e-01	1.069963e-10	3.111602e+04	1.245299e+04
29	497.077695	4.867656e-12	9.724000e-01	3.207933e-12	4.438100e+04	4.628000e+03
29	810.327400	1.802400e-10	9.815999e-01	3.528144e-29	3.679000e+03	1.697800e+04
29	587.030739	8.807309e-13	9.908000e-01	9.155801e-16	4.585600e+04	2.386400e+04
29	832.988825	5.780472e-13	8.942000e-01	1.283960e-34	1.082300e+04	4.649700e+04
29	846.330991	1.253676e-13	8.942000e-01	2.593768e-32	1.447600e+04	3.228300e+04
29	838.158368	1.731532e-13	8.206000e-01	1.731532e-13	1.207300e+04	7.031000e+03
29	889.847198	3.498317e-15	9.080000e-01	6.356949e-36	2.338400e+04	4.838300e+04
29	296.911493	1.685154e-09	7.925951e-01	9.830875e-12	3.981488e+04	1.810546e+04
29	847.732638	6.279355e-14	8.229000e-01	6.279355e-14	1.444800e+04	1.064800e+04
29	1127.020217	9.579427e-08	8.546098e-01	1.000000e-08	2.402500e+04	4.152200e+04
29	911.014982	9.746918e-16	8.873000e-01	3.288812e-33	2.578800e+04	3.716600e+04
29	891.345086	2.602692e-15	8.160000e-01	2.602692e-15	2.202600e+04	1.306800e+04
29	851.275518	4.557272e-14	8.321000e-01	4.557272e-14	1.530000e+04	1.175200e+04
29	510.517207	1.737005e-12	9.770000e-01	1.737005e-12	4.659800e+04	6.031000e+03
29	10730.704190	1.377759e-08	8.735000e-01	3.479526e-11	5.961100e+04	1.527600e+04
29	535.313937	5.265147e-12	9.149000e-01	1.617494e-12	6.107000e+03	5.219100e+04
29	1158.536430	1.000000e-05	8.804215e-01	8.799578e-09	4.676000e+04	2.984800e+04
29	302.112219	5.456358e-12	9.632000e-01	1.924692e-13	1.980100e+04	6.482000e+03
29	275.816126	1.000000e-05	7.965592e-01	7.369833e-09	4.440301e+04	2.252369e+03
29	272.548572	4.107660e-06	7.962110e-01	1.787042e-09	5.392904e+04	5.674838e+03
29	419.601349	3.551100e-10	9.931000e-01	1.533656e-11	3.004800e+04	6.500000e+02
29	82731.647284	6.070699e-09	9.632000e-01	3.173946e-16	5.839400e+04	4.308700e+04
29	2533.637862	4.115722e-08	8.780999e-01	1.000000e-08	5.841600e+04	2.692900e+04
29	979.425563	3.065260e-17	8.160000e-01	9.605148e-18	3.097900e+04	3.592000e+04
29	366.054091	4.981540e-13	9.609000e-01	2.390068e-27	2.543100e+04	8.329000e+03
29	818.194877	6.089908e-12	8.367000e-01	9.918347e-28	3.911000e+03	1.489700e+04
29	277.798994	2.038416e-09	9.716043e-01	2.545556e-14	6.285346e+03	1.495000e+04
29	824025.569124	6.599242e-08	8.804001e-01	1.000000e-08	4.892900e+04	2.017900e+04
29	918.599826	5.088416e-16	9.103000e-01	5.088416e-16	2.801200e+04	7.324000e+03
29	990.073835	2.481887e-16	9.908000e-01	1.162354e-17	1.185100e+04	3.403400e+04
29	395.440604	1.227943e-10	7.845410e-01	2.839691e-16	4.348807e+04	4.290900e+04
29	21186.945103	9.702985e-08	8.735001e-01	2.198588e-15	4.954500e+04	3.847400e+04
29	815.777952	1.753215e-11	8.068000e-01	1.390419e-26	8.490000e+02	1.420800e+04
29	551.938209	6.845846e-13	8.781000e-01	6.645012e-13	9.985000e+03	5.380900e+04
29	1000.588462	3.195550e-16	9.425000e-01	7.572024e-18	1.765400e+04	3.548200e+04
29	120797.280007	3.216798e-17	7.930000e-01	2.374144e-20	4.877600e+04	5.875900e+04
29	1150.798516	1.820629e-07	8.321201e-01	1.000000e-08	5.152500e+04	2.806400e+04
29	512.019101	6.530914e-12	7.976000e-01	1.945199e-12	3.067000e+03	4.786600e+04
29	1260.629138	9.999989e-06	9.815882e-01	7.549685e-12	5.392200e+04	4.898800e+04
29	281.777531	6.847205e-10	7.946430e-01	8.833335e-11	4.521185e+04	1.290144e+04
29	894.879181	2.085081e-15	9.195000e-01	4.322924e-32	2.502300e+04	3.078500e+04
29	838.865979	1.621154e-14	9.700999e-01	2.419092e-33	2.385500e+04	3.858300e+04
29	50498.670956	1.000000e-05	9.056973e-01	3.536775e-17	4.871100e+04	4.828900e+04
29	1158.892513	2.199999e-16	9.609000e-01	3.688552e-21	2.125200e+04	5.260700e+04
29	572.691644	1.049068e-10	7.998999e-01	1.049068e-10	4.358700e+04	2.070000e+02
29	562.257724	5.266326e-14	9.954000e-01	5.266326e-14	5.154100e+04	1.415600e+04
29	919.277050	4.336251e-16	7.792000e-01	2.998406e-31	2.569100e+04	2.946700e+04
29	815.791610	2.201644e-11	8.413000e-01	2.618937e-26	8.850000e+02	1.027000e+04
29	656.672193	1.282028e-07	8.022008e-01	2.461451e-13	4.477800e+04	2.714800e+04
29	334.272196	1.060420e-09	7.889772e-01	1.587874e-13	3.916313e+04	2.790017e+04
29	825.273003	3.395328e-13	9.724000e-01	1.760530e-31	1.694300e+04	3.186600e+04
29	816.926946	2.152353e-11	9.195000e-01	1.731174e-24	2.897000e+03	3.044000e+03
29	274.009576	1.000000e-05	7.957597e-01	4.974664e-10	5.231530e+04	8.762665e+03
29	862.646348	2.380268e-14	8.482000e-01	8.601949e-33	1.738600e+04	3.887700e+04
29	285.620459	1.514876e-08	7.940513e-01	4.812087e-11	3.618193e+04	1.433803e+04
29	743.182264	4.705449e-12	8.689000e-01	7.142485e-19	4.866700e+04	4.210400e+04
29	1155.657390	7.622504e-18	9.080000e-01	1.967032e-22	3.508400e+04	5.948200e+04
29	1298.537445	3.309448e-13	7.976000e-01	3.309448e-13	5.694300e+04	5.821000e+04
29	821.368687	1.868187e-12	9.655000e-01	1.017412e-30	1.180000e+04	2.590500e+04
29	887.806496	3.273827e-15	8.160000e-01	3.273827e-15	2.148800e+04	1.233900e+04
29	33537.038377	1.384667e-08	9.287000e-01	7.006463e-13	5.692800e+04	2.467000e+04
29	489.435276	3.424972e-09	8.965000e-01	6.459779e-15	3.141400e+04	2.037200e+04
29	610.582893	9.929324e-10	9.333000e-01	1.049105e-17	3.330100e+04	3.481800e+04
29	867.812236	1.000000e-05	8.045045e-01	1.138697e-13	2.822900e+04	2.900300e+04
29	325.421354	1.043935e-15	9.793000e-01	1.043935e-15	4.098400e+04	2.234100e+04
29	891.066896	3.474698e-15	8.850000e-01	4.459013e-35	2.273700e+04	4.628000e+04
29	1139.171148	5.599983e-16	9.862000e-01	1.130308e-20	1.565500e+04	4.987500e+04
29	828.194691	8.799915e-13	9.080000e-01	8.799915e-13	9.926000e+03	3.126000e+03
29	481.104683	5.201605e-12	9.908000e-01	3.600749e-19	2.296300e+04	4.179800e+04
29	494.145852	1.584471e-10	9.816000e-01	1.107978e-14	3.455800e+04	1.807300e+04
29	272.595760	4.631812e-06	7.962358e-01	1.941309e-09	5.947821e+04	5.474862e+03
29	499.643875	2.515665e-09	9.655000e-01	1.214751e-15	2.925200e+04	2.342200e+04
29	323.568189	5.040676e-11	7.885721e-01	1.127997e-12	4.656000e+04	2.311500e+04
29	274.757385	6.153433e-06	7.956581e-01	3.881518e-10	5.091770e+04	9.361672e+03
29	1290.567757	3.586815e-06	9.563001e-01	5.690248e-13	5.645200e+04	5.529600e+04
29	816.071790	4.691296e-11	9.356000e-01	1.257619e-28	1.674000e+03	1.703000e+04
29	273.752178	7.099813e-06	7.957990e-01	5.493159e-10	4.483078e+04	8.523303e+03
29	837.309489	2.665323e-13	8.551000e-01	1.046238e-35	1.177400e+04	4.168900e+04
29	500.914215	1.577252e-11	8.436000e-01	1.134357e-11	1.704000e+03	4.574400e+04
29	823.451555	2.311139e-12	8.781000e-01	8.175732e-33	7.092000e+03	3.522500e+04
29	21745.933999	3.583095e-08	8.758004e-01	2.855417e-15	4.875300e+04	3.785000e+04
29	893.993464	2.486367e-15	9.126000e-01	2.486367e-15	2.434800e+04	2.788000e+03
29	451.689573	2.666298e-09	9.126000e-01	1.681415e-13	3.157700e+04	1.239300e+04
29	1227.338672	1.053909e-10	8.275126e-01	1.053909e-10	4.227300e+04	4.305100e+04
29	376.297711	1.632223e-09	7.884000e-01	1.632223e-09	4.472400e+04	5.664000e+03
29	295.382258	9.586605e-06	7.940767e-01	1.789441e-11	4.951094e+04	1.678505e+04
29	447.108748	2.064319e-09	8.942000e-01	7.337104e-13	3.274800e+04	9.159000e+03
29	959.945940	5.671421e-17	8.965000e-01	1.758780e-33	3.270700e+04	3.630300e+04
29	540.188792	3.926409e-11	9.149000e-01	6.948628e-13	1.249000e+03	5.434000e+04
29	933.489045	2.056474e-16	9.103000e-01	5.970800e-21	3.014500e+04	1.658600e+04
29	276.479395	1.425361e-06	7.954636e-01	2.477935e-10	5.090401e+04	1.044498e+04
29	856.266006	4.118622e-14	8.528000e-01	3.297429e-34	1.617500e+04	4.474700e+04
29	63067.065817	1.445652e-08	9.172000e-01	1.406576e-17	5.875400e+04	5.046400e+04
29	906.750267	1.236179e-15	8.597000e-01	1.230568e-20	2.458700e+04	2.019800e+04
