32	293.412630	6.441508e-08	8.195652e-01	1.077654e-11	3.229400e+04	1.749300e+04
32	593.594244	2.495501e-13	9.960000e-01	3.134709e-17	4.797000e+04	3.206900e+04
32	721.672995	3.361675e-10	9.740000e-01	3.056613e-25	2.910000e+02	2.111000e+03
32	49490.238282	1.260269e-08	9.680000e-01	1.037352e-12	5.591100e+04	2.338000e+04
32	723.828755	5.138711e-12	9.400000e-01	2.140407e-35	7.068000e+03	5.058800e+04
32	279.831256	4.428858e-06	8.211266e-01	6.498988e-11	5.785901e+04	1.324996e+04
32	506.156939	9.345585e-12	8.840000e-01	6.806935e-13	3.670000e+03	5.408600e+04
32	670.419609	1.432881e-11	9.700000e-01	2.317781e-19	4.289700e+04	4.365700e+04
32	726.064474	1.788033e-12	9.320000e-01	1.181334e-33	9.241000e+03	4.144300e+04
32	729.048741	5.026618e-13	8.460000e-01	6.505486e-31	9.945000e+03	3.061500e+04
32	736.215132	1.721025e-13	9.160000e-01	1.721025e-13	1.423800e+04	5.140000e+02
32	520.383233	1.499893e-13	8.120000e-01	6.148087e-14	1.222900e+04	5.546400e+04
32	21060.670064	9.300000e-16	9.300000e-01	2.237246e-38	3.577700e+04	5.905800e+04
32	719.181902	3.164539e-12	9.740000e-01	3.154315e-31	1.161600e+04	2.748400e+04
32	721.786710	4.139571e-13	9.720000e-01	2.403346e-34	1.616600e+04	4.357600e+04
32	266.965500	1.000000e-05	8.222361e-01	1.220530e-09	4.673890e+04	6.167303e+03
32	1195.209723	5.066742e-06	9.020633e-01	1.481147e-10	5.921900e+04	4.076700e+04
32	394.250584	1.065501e-13	8.140000e-01	1.269890e-16	1.027200e+04	4.517400e+04
32	500.435011	1.050649e-11	9.380000e-01	1.050649e-11	5.468000e+03	4.771500e+04
32	570.822510	1.198813e-11	8.900000e-01	1.198813e-11	3.709000e+03	4.593600e+04
32	727.125718	9.716407e-13	9.460000e-01	2.308118e-32	1.143100e+04	3.464500e+04
32	955.535859	3.400002e-16	9.040000e-01	3.705027e-22	2.581900e+04	5.817200e+04
32	524.363700	2.185951e-11	8.300000e-01	4.819723e-14	4.970000e+02	5.837600e+04
32	724.150838	5.133216e-12	8.440000e-01	1.015421e-21	4.298000e+03	4.330500e+04
32	1280.230970	1.000000e-05	9.892773e-01	1.000000e-08	1.609200e+04	3.031500e+04
32	742.811221	5.488921e-14	8.540000e-01	1.855517e-28	1.540300e+04	1.849800e+04
32	393.083480	1.390572e-08	9.520000e-01	3.912902e-13	2.689200e+04	1.027400e+04
32	726.904393	1.543166e-13	8.060000e-01	1.543166e-13	1.046500e+04	2.040100e+04
32	457.933902	1.084130e-10	9.200000e-01	2.308335e-13	4.043200e+04	1.204600e+04
32	810.631685	2.300882e-16	8.720000e-01	2.300882e-16	2.873000e+04	8.040000e+03
32	518.582519	3.962215e-16	9.940000e-01	8.110501e-21	4.493200e+04	5.084200e+04
32	675.359045	1.280939e-12	8.940000e-01	1.280939e-12	5.755700e+04	8.412000e+03
32	1120.094958	1.000000e-05	8.131936e-01	9.235765e-09	5.111988e+04	2.553976e+04
32	1066.514581	3.246901e-06	8.004872e-01	9.001772e-09	5.232810e+04	1.717414e+04
32	19455.986565	4.038944e-09	8.920001e-01	1.265293e-14	5.958400e+04	3.392200e+04
32	1232.326106	4.518304e-06	8.020002e-01	1.090762e-13	3.685400e+04	4.931900e+04
32	508.192825	9.112912e-12	8.400000e-01	2.897772e-13	2.802000e+03	5.450200e+04
32	732.586803	4.555375e-14	9.680000e-01	2.068875e-19	5.767300e+04	4.395100e+04
32	268.382764	9.130990e-06	8.220279e-01	6.316320e-10	5.813402e+04	7.758975e+03
32	52554.947463	1.786415e-08	9.900000e-01	2.548426e-11	5.193200e+04	1.569200e+04
32	793.454670	8.639548e-17	9.620000e-01	1.763213e-21	3.502800e+04	5.010600e+04
32	1214.057974	4.894156e-06	9.760615e-01	4.838417e-11	5.399000e+04	4.477400e+04
32	301.819886	8.376343e-06	8.199047e-01	5.606324e-12	5.367700e+04	1.915902e+04
32	-1.000000	-1.000000e+00	-1.000000e+00	-1.000000e+00	-1.000000e+00	-1.000000e+00
32	747.856766	2.229385e-14	9.400000e-01	1.580705e-33	2.018400e+04	3.909900e+04
32	487.959403	2.522093e-12	9.800000e-01	7.802356e-14	4.627500e+04	1.380800e+04
32	729.369522	4.594322e-13	8.800000e-01	4.594322e-13	1.067700e+04	5.106000e+03
32	286.566146	9.936781e-06	8.207210e-01	2.740865e-11	5.033345e+04	1.533298e+04
32	759.739307	9.964355e-15	8.720000e-01	4.091347e-34	1.984100e+04	4.121100e+04
32	768.486655	4.720034e-15	8.800000e-01	4.946216e-35	2.179800e+04	4.516900e+04
32	276.163930	5.354193e-06	8.213699e-01	1.130894e-10	4.803201e+04	1.191297e+04
32	724.430172	3.676163e-12	8.820000e-01	1.986766e-32	5.913000e+03	3.882600e+04
32	266.770155	9.437225e-06	8.222800e-01	1.418692e-09	5.348925e+04	5.803714e+03
32	725.121704	2.283938e-12	8.780000e-01	4.589839e-28	6.968000e+03	1.719600e+04
32	1102.904279	4.754462e-07	8.000000e-01	9.839777e-09	2.199217e+04	3.348388e+04
32	267.033207	7.446894e-07	8.225845e-01	4.860448e-09	5.797001e+04	2.826969e+03
32	1239.854469	4.389053e-06	8.260045e-01	8.717190e-13	5.594100e+04	5.053400e+04
32	274.069051	1.145677e-08	9.674357e-01	1.000000e-08	6.860113e+02	3.778301e+04
32	481.074912	1.716252e-10	9.140000e-01	7.943687e-15	3.946700e+04	2.018900e+04
32	32182.307146	1.000000e-05	9.398767e-01	1.000000e-08	5.540500e+04	3.630000e+02
32	1149.643954	6.606854e-06	9.319543e-01	7.441391e-09	5.738300e+04	3.148500e+04
32	117355.552601	1.051366e-16	8.360000e-01	5.897572e-20	4.569100e+04	5.793700e+04
32	736.912302	1.430419e-13	9.320000e-01	1.283100e-33	1.532500e+04	3.885700e+04
32	421.629036	9.935004e-10	9.360000e-01	6.565201e-12	3.425400e+04	3.704000e+03
32	722.272449	2.236982e-11	9.560000e-01	2.766052e-19	4.489000e+03	3.342100e+04
32	525.384545	3.952081e-12	8.560000e-01	6.147449e-14	5.137000e+03	5.926800e+04
32	277.109362	3.612640e-06	8.213051e-01	9.725904e-11	5.844501e+04	1.227698e+04
32	292.967578	1.944208e-09	8.196845e-01	1.122130e-11	4.111396e+04	1.740903e+04
32	278.363894	1.000000e-05	8.212214e-01	8.035067e-11	4.352205e+04	1.273792e+04
32	266.658281	3.550660e-09	9.669157e-01	3.550660e-09	3.586000e+03	5.469900e+04
32	70178.773574	7.538526e-08	9.660002e-01	3.271329e-15	4.609900e+04	3.715300e+04
32	1247.196805	8.494295e-07	9.219737e-01	1.871644e-12	4.825500e+04	5.224200e+04
32	423.384936	1.090988e-09	9.960000e-01	5.953385e-15	2.691000e+04	1.974900e+04
32	266.494286	2.048220e-09	9.671132e-01	7.636355e-15	4.917001e+03	2.116979e+03
32	660.729798	2.348795e-12	9.380000e-01	1.487386e-18	4.940800e+04	3.983700e+04
32	480.800028	1.432970e-10	9.480000e-01	4.989451e-15	3.856100e+04	2.073700e+04
32	688.093332	3.352508e-12	9.560000e-01	2.633593e-19	4.758100e+04	4.354700e+04
32	267.288999	1.000000e-05	8.226138e-01	5.621999e-09	4.351900e+04	2.475001e+03
32	859.318687	1.173360e-17	8.020000e-01	1.173360e-17	3.427100e+04	3.759400e+04
32	295.821852	1.095378e-07	8.202137e-01	1.003968e-11	5.422943e+04	1.775473e+04
32	18844.495313	1.358438e-08	9.160000e-01	5.775658e-11	5.902700e+04	1.371600e+04
32	267.405394	1.000000e-05	8.226244e-01	5.952046e-09	3.807000e+04	2.337000e+03
32	264.862660	1.054137e-11	9.940000e-01	6.426794e-13	2.141600e+04	8.478000e+03
32	555.532612	1.318180e-10	9.920000e-01	9.370302e-18	3.393200e+04	3.489900e+04
32	329.573297	4.369215e-08	8.162583e-01	1.735149e-13	3.069199e+04	2.724297e+04
32	453.113596	3.210219e-10	9.920000e-01	3.183510e-15	3.171600e+04	2.127300e+04
32	799.128640	4.817699e-16	8.820000e-01	4.817699e-16	2.723300e+04	6.925000e+03
32	550.623207	2.401704e-13	9.620000e-01	1.892372e-28	2.681400e+04	1.124000e+03
32	1136.232046	4.064012e-08	8.219996e-01	1.000000e-08	2.836400e+04	3.034300e+04
32	41774.571123	3.312941e-15	8.540000e-01	8.776149e-35	3.712100e+04	4.850000e+04
32	2592.814116	4.400000e-16	8.500000e-01	1.005803e-36	2.926400e+04	5.291000e+04
32	311.808526	3.944935e-09	8.180002e-01	3.944935e-09	4.629800e+04	3.173000e+03
32	723.439296	9.729953e-12	9.340000e-01	1.071656e-25	5.232000e+03	3.488000e+03
32	739.090835	9.366466e-14	8.620000e-01	8.061995e-33	1.428900e+04	3.854100e+04
32	793.798640	6.862525e-16	8.660000e-01	7.646103e-34	2.603000e+04	4.124900e+04
32	1176.462381	9.999990e-06	9.342044e-01	8.728981e-10	5.399400e+04	3.689900e+04
32	1177.353586	7.742555e-06	8.800929e-01	5.143794e-10	5.901300e+04	3.708100e+04
32	319.450265	8.614839e-08	8.160001e-01	6.462126e-13	2.871800e+04	2.399000e+04
32	767.125665	3.803751e-15	9.280000e-01	4.022735e-34	2.383200e+04	4.213900e+04
32	1225.500208	9.999998e-06	9.380044e-01	1.466107e-11	5.465500e+04	4.728300e+04
32	279.739672	1.136911e-08	9.683606e-01	1.000000e-08	6.269899e+02	3.600498e+04
32	724.065599	1.352155e-11	8.560000e-01	4.119682e-17	1.988000e+03	2.830900e+04
32	271.564977	1.338758e-08	9.668718e-01	1.000000e-08	3.530091e+02	4.029400e+04
32	416.955253	8.038027e-16	9.900000e-01	2.574801e-20	4.195200e+04	4.802200e+04
32	618.305752	3.665219e-11	9.420000e-01	2.764172e-18	4.227200e+04	3.834200e+04
32	282.056572	4.517210e-09	8.208147e-01	4.702086e-11	4.231100e+04	1.401066e+04
32	322.928941	2.774975e-12	9.900000e-01	1.097506e-16	2.324700e+04	2.889900e+04
32	518.585368	2.802936e-12	8.640000e-01	1.501540e-13	6.132000e+03	5.730400e+04
32	449.844229	8.350496e-11	9.380000e-01	2.432781e-12	4.040100e+04	6.080000e+03
32	771.310263	2.033939e-15	9.340000e-01	2.239181e-32	2.560600e+04	2.968500e+04
32	1224.105037	9.999999e-06	8.600208e-01	7.855665e-12	5.081600e+04	4.697400e+04
32	748.315748	3.312828e-14	8.840000e-01	1.038041e-33	1.726600e+04	4.249600e+04
32	-1.000000	-1.000000e+00	-1.000000e+00	-1.000000e+00	-1.000000e+00	-1.000000e+00
32	864.573703	1.053750e-17	8.300000e-01	3.464574e-35	3.507700e+04	5.248400e+04
32	600.625083	1.696025e-11	9.940000e-01	2.524060e-18	3.834800e+04	3.791000e+04
32	-1.000000	-1.000000e+00	-1.000000e+00	-1.000000e+00	-1.000000e+00	-1.000000e+00
32	266.997920	1.000000e-05	8.222293e-01	1.204465e-09	3.378400e+04	6.199001e+03
32	556.687621	4.090041e-10	9.240000e-01	2.093844e-17	3.692800e+04	3.394400e+04
32	754.864933	1.674039e-14	9.080000e-01	9.935976e-34	1.956000e+04	4.124000e+04
32	280.244769	9.685549e-06	8.211004e-01	6.133521e-11	5.452471e+04	1.338963e+04
32	516.719617	4.115694e-10	9.300000e-01	2.073768e-16	3.669500e+04	2.849300e+04
32	386.430085	6.654143e-15	9.860000e-01	2.894964e-22	3.610200e+04	5.787500e+04
32	523.088449	5.166496e-12	8.860000e-01	1.155354e-13	5.158000e+03	5.866400e+04
32	284.563710	5.619192e-15	8.100000e-01	1.630055e-15	1.898100e+04	3.971900e+04
32	761.523915	8.696496e-15	9.060000e-01	9.052687e-31	2.105600e+04	2.790800e+04
32	439.529411	1.694985e-10	9.540000e-01	1.935725e-11	3.782200e+04	8.190000e+02
32	283.669334	3.737081e-11	9.694903e-01	1.953713e-11	1.455900e+04	5.491499e+04
32	407.307016	1.746216e-09	9.760000e-01	4.887766e-13	3.027800e+04	9.444000e+03
32	736.771005	1.625637e-13	9.100000e-01	2.486009e-27	1.419100e+04	1.227700e+04
32	724.699857	3.291046e-12	9.020000e-01	5.974437e-27	6.709000e+03	1.181100e+04
32	765.199926	2.324139e-16	9.600000e-01	3.370206e-34	3.262600e+04	4.145800e+04
32	67353.483602	1.436321e-08	9.500000e-01	3.761734e-16	5.528100e+04	4.229000e+04
32	266.607768	4.312051e-07	8.225058e-01	3.391527e-09	5.983701e+04	3.697017e+03
32	759.727850	8.402925e-15	8.420000e-01	8.402925e-15	1.961400e+04	1.117300e+04
32	1123.685471	3.387693e-08	9.120302e-01	1.000000e-08	2.619700e+04	4.377100e+04
32	1238.680747	2.496910e-12	9.800000e-01	2.496910e-12	4.754600e+04	5.458400e+04
32	563.496177	9.201211e-11	9.160000e-01	3.939612e-17	4.096200e+04	3.262400e+04
32	733.585718	1.533586e-13	8.000000e-01	2.146310e-14	1.201900e+04	1.738000e+04
32	793.067632	6.594049e-16	8.380000e-01	6.594049e-16	2.556900e+04	1.131700e+04
32	382.198537	2.924199e-08	8.080001e-01	3.922171e-14	2.911200e+04	2.785100e+04
32	716.555856	1.000000e-05	8.061225e-01	1.046968e-14	4.861800e+04	3.073900e+04
32	730.430435	4.528960e-13	8.800000e-01	1.354138e-26	1.091200e+04	9.861000e+03
32	724.765905	2.233171e-12	8.380000e-01	3.638174e-25	6.203000e+03	7.991000e+03
32	518.690618	2.390774e-16	9.860000e-01	2.390774e-16	4.367900e+04	2.101100e+04
32	737.233368	1.478004e-13	9.000000e-01	4.322514e-28	1.411700e+04	1.516200e+04
32	1114.425138	1.000000e-05	8.079219e-01	8.858424e-09	3.859884e+04	2.439109e+04
32	1223.094619	9.999999e-06	9.900202e-01	2.360074e-11	5.011300e+04	4.675000e+04
32	782.457847	4.414226e-17	9.580000e-01	1.089697e-34	3.640100e+04	4.685700e+04
32	269.773009	4.520753e-10	9.678596e-01	4.520753e-10	8.558000e+03	4.988400e+04
32	767.263932	8.707894e-16	9.500000e-01	7.745476e-33	2.860500e+04	3.404000e+04
32	422.444423	3.021352e-10	8.080000e-01	2.570293e-12	4.062200e+04	1.810100e+04
32	1105.567291	3.799399e-07	8.000000e-01	9.886572e-09	2.254782e+04	3.229006e+04
32	266.977699	1.000000e-05	8.222336e-01	1.212559e-09	3.777397e+04	6.183076e+03
32	291.147011	2.598280e-07	9.979807e-01	1.095774e-13	3.900001e+01	1.277400e+04
32	803.285442	3.132324e-16	8.180000e-01	3.132324e-16	2.697100e+04	1.609700e+04
32	485.572258	9.687347e-13	8.099540e-01	8.663584e-13	7.579096e+03	2.373227e+04
32	724.190211	1.462666e-11	9.020000e-01	1.517066e-12	1.067000e+03	6.471000e+03
32	500.991144	1.405378e-11	8.140000e-01	2.409432e-13	1.299000e+03	5.237800e+04
32	259.961836	1.034410e-09	9.753649e-01	1.276535e-13	7.230000e+03	1.065200e+04
32	751.996010	2.141750e-14	8.740000e-01	6.320046e-32	1.806800e+04	2.665000e+04
32	509.223465	3.199636e-11	9.080000e-01	3.698136e-15	4.389400e+04	2.212100e+04
32	1174.945203	7.637498e-06	8.780929e-01	6.110261e-10	5.809800e+04	3.659000e+04
32	131264.190958	5.192208e-17	8.020000e-01	2.383226e-18	4.694400e+04	5.668200e+04
32	419.373030	8.521341e-09	8.170360e-01	8.521341e-09	5.827702e+04	3.291427e+02
32	266.505957	2.761146e-09	9.669975e-01	2.761146e-09	4.194000e+03	5.554300e+04
32	282.578115	6.287384e-10	8.207568e-01	4.358301e-11	4.677699e+04	1.419102e+04
32	289.030585	3.590870e-11	9.880000e-01	1.371950e-15	1.683000e+04	2.289800e+04
32	1165.652407	8.049488e-06	8.501400e-01	8.576144e-10	5.392200e+04	3.470600e+04
32	454.049067	1.241649e-09	9.920000e-01	9.023505e-16	2.833400e+04	2.424200e+04
32	125257.584316	5.300001e-16	8.560000e-01	1.141423e-36	3.749500e+04	5.720700e+04
32	760.973200	4.406579e-15	9.399997e-01	1.284626e-33	2.407300e+04	3.960000e+04
32	717.855787	1.255878e-11	9.780000e-01	1.214500e-29	9.076000e+03	2.167500e+04
32	503.973029	5.165472e-10	9.720000e-01	1.770793e-16	3.371200e+04	2.828100e+04
32	301.327170	4.207569e-15	9.820000e-01	4.143902e-20	3.696500e+04	4.621600e+04
32	-1.000000	-1.000000e+00	-1.000000e+00	-1.000000e+00	-1.000000e+00	-1.000000e+00
32	1187.287240	2.652435e-10	9.119964e-01	2.652435e-10	3.856200e+04	4.566800e+04
32	1081.639902	3.035238e-06	8.000000e-01	8.903193e-09	1.741302e+04	4.695004e+04
32	72182.837288	8.160833e-09	9.600000e-01	7.980323e-16	5.688900e+04	4.050700e+04
32	413.430362	1.109981e-08	9.640000e-01	1.712043e-14	2.670300e+04	1.759600e+04
32	819.927728	1.148428e-16	8.180000e-01	1.148428e-16	2.931900e+04	1.677400e+04
32	274.210371	1.592819e-10	9.683408e-01	1.592819e-10	1.108299e+04	5.496798e+04
32	1240.981098	1.957774e-12	9.460000e-01	1.957774e-12	4.981200e+04	5.747600e+04
32	809.115932	2.112599e-16	8.520000e-01	2.112599e-16	2.825800e+04	2.484800e+04
32	313.345823	2.599950e-10	8.179730e-01	1.063446e-12	4.440682e+04	2.301370e+04
32	490.513298	3.001307e-11	9.740000e-01	4.418614e-15	4.068600e+04	2.069800e+04
32	1255.166081	1.316416e-12	9.080000e-01	1.316416e-12	5.366600e+04	5.462100e+04
32	1010.894874	1.300001e-16	9.380000e-01	2.619087e-22	2.799200e+04	5.885400e+04
32	732.680524	2.275911e-13	8.960000e-01	2.275911e-13	1.261600e+04	7.675000e+03
32	743.416389	2.689768e-15	8.240000e-01	2.689768e-15	1.207400e+04	2.721900e+04
32	267.020474	1.000000e-05	8.225828e-01	4.821479e-09	5.531517e+04	2.846434e+03
32	442.017935	8.942214e-10	9.040000e-01	9.871841e-14	3.562100e+04	1.438800e+04
32	83895.167289	2.678092e-16	8.240000e-01	4.136625e-21	4.299700e+04	5.490300e+04
32	272.519996	2.187243e-10	9.681311e-01	2.187243e-10	1.032003e+04	5.936300e+04
32	361.271791	3.356387e-14	8.180000e-01	3.356387e-14	1.289600e+04	3.175500e+04
32	748.101392	2.287941e-14	8.060000e-01	2.287941e-14	1.665300e+04	3.760000e+02
32	516.793323	6.038700e-08	8.220003e-01	1.027583e-14	4.425100e+04	3.435600e+04
32	737.728817	1.336090e-13	9.260000e-01	2.446912e-32	1.523400e+04	3.208300e+04
32	275.742180	1.366373e-10	9.688229e-01	1.366373e-10	1.142004e+04	4.936599e+04
32	433.244597	4.192558e-10	9.960000e-01	6.477064e-15	2.929400e+04	1.955100e+04
32	753.512149	1.445432e-14	9.320000e-01	4.170485e-30	2.082200e+04	2.340000e+04
32	739.204222	2.325979e-14	8.200000e-01	2.325979e-14	1.414100e+04	2.123000e+04
32	312.844169	2.729538e-09	8.193630e-01	2.098683e-12	5.954601e+04	2.152593e+04
32	279.567766	6.828837e-06	8.211434e-01	6.745955e-11	4.881234e+04	1.315996e+04
32	263.387892	6.332038e-11	9.820000e-01	1.176089e-11	1.461800e+04	6.830000e+02
32	762.115853	1.753931e-16	8.240000e-01	1.753931e-16	2.000700e+04	3.370200e+04
32	850.192466	7.797906e-18	9.280000e-01	4.557939e-24	3.852300e+04	5.899200e+04
32	12766.567729	1.241979e-07	8.860002e-01	1.000000e-08	5.158100e+04	1.860000e+02
32	274.727225	9.890879e-06	8.214721e-01	1.441641e-10	4.597900e+04	1.132690e+04
32	338.193323	1.081799e-07	9.980000e-01	8.201764e-16	2.166020e+03	2.437900e+04
32	331.655875	1.358849e-09	8.164297e-01	1.429781e-13	3.942379e+04	2.775700e+04
32	1168.621336	1.000000e-05	9.001248e-01	1.273755e-09	5.378400e+04	3.530600e+04
32	721.609310	1.002725e-10	9.660000e-01	9.151061e-17	1.559000e+03	2.428100e+04
32	749.807530	2.283442e-14	8.400000e-01	6.465080e-37	1.722700e+04	5.944500e+04
32	1259.518992	6.369026e-13	9.440000e-01	6.369026e-13	5.366000e+04	5.770800e+04
32	731.940578	3.169387e-13	8.720000e-01	1.992755e-27	1.158500e+04	1.404000e+04
32	550.529858	6.665160e-12	9.360000e-01	4.030011e-16	4.686500e+04	2.684700e+04
32	394.327347	8.912960e-06	8.158424e-01	5.179032e-15	5.244800e+04	3.594262e+04
32	24702.670907	2.093395e-08	8.900003e-01	2.748101e-16	5.093700e+04	4.303000e+04
32	288.545349	4.499878e-09	8.201161e-01	1.966450e-11	3.983392e+04	1.607707e+04
32	535.393915	1.461376e-14	8.020000e-01	1.031003e-14	1.762800e+04	5.541800e+04
32	529.643606	4.242171e-13	8.820000e-01	1.034912e-13	1.108800e+04	5.883100e+04
32	290.537397	8.133240e-06	8.204979e-01	1.747164e-11	5.560002e+04	1.641895e+04
32	1222.905474	1.053881e-11	9.199999e-01	1.053881e-11	4.633900e+04	5.564000e+04
32	1226.438820	4.061114e-06	8.800041e-01	8.342826e-12	5.969500e+04	4.749200e+04
32	724.265400	4.141103e-12	8.700000e-01	3.495706e-32	5.348000e+03	4.139500e+04
32	1219.987058	4.089241e-06	8.080008e-01	1.574659e-12	5.025300e+04	4.609500e+04
32	269.535538	1.000000e-05	8.219033e-01	4.406092e-10	4.927697e+04	8.628989e+03
32	792.040391	7.672581e-16	8.620000e-01	1.087096e-30	2.568200e+04	2.943100e+04
32	6627.935253	1.249961e-07	8.520003e-01	5.352696e-16	4.692700e+04	4.144300e+04
32	412.967304	1.375547e-08	9.140000e-01	5.719782e-14	2.847300e+04	1.548600e+04
32	753.321076	1.460731e-14	8.480000e-01	1.460731e-14	1.831900e+04	1.335800e+04
32	1195.762840	1.000000e-05	8.601248e-01	8.739619e-11	4.730800e+04	4.088300e+04
32	723.461905	1.591637e-11	9.300000e-01	4.631617e-20	3.823000e+03	3.879200e+04
32	724.496095	3.838876e-12	9.240000e-01	9.459043e-29	7.067000e+03	1.720400e+04
32	1208.897208	3.192044e-12	9.940005e-01	3.192044e-12	4.270300e+04	5.810500e+04
32	51149.850954	9.918708e-09	9.660000e-01	4.100101e-13	5.705900e+04	2.560600e+04
32	504.266415	5.773823e-12	8.579996e-01	7.604307e-14	4.948400e+04	1.639600e+04
32	312.630958	5.618284e-10	8.179893e-01	1.146495e-12	4.249299e+04	2.282901e+04
32	723.902326	6.271590e-12	9.220000e-01	4.051385e-31	5.804000e+03	3.062000e+04
32	533.109073	1.900047e-10	9.160000e-01	1.502364e-16	3.913700e+04	2.949700e+04
32	737.408294	1.034711e-15	9.820171e-01	3.478598e-36	3.273200e+04	5.062700e+04
32	728.757436	4.666865e-13	8.220000e-01	1.981318e-28	9.698000e+03	1.826300e+04
32	744.252781	4.934530e-14	9.280000e-01	4.934530e-14	1.769800e+04	1.291000e+03
32	269.066162	5.151050e-10	9.677057e-01	5.151050e-10	8.250041e+03	5.375599e+04
32	618.183558	1.010180e-10	9.080000e-01	1.997753e-18	4.097000e+04	3.970500e+04
32	269.070288	1.000000e-05	8.219511e-01	5.046821e-10	4.508395e+04	8.301021e+03
32	319.841011	2.145296e-14	8.080000e-01	1.930118e-18	1.582300e+04	5.582900e+04
32	267.524618	7.387038e-06	8.221406e-01	8.930158e-10	4.821002e+04	6.922288e+03
32	261.944543	1.051561e-10	9.960000e-01	1.590706e-11	1.698200e+04	7.500000e+02
32	526.973875	1.538674e-11	9.540000e-01	8.083105e-16	4.386400e+04	2.495200e+04
32	267.019477	5.098700e-07	8.225827e-01	4.818350e-09	5.797299e+04	2.848003e+03
32	714.238783	8.997053e-12	9.660000e-01	3.825429e-20	4.439500e+04	4.781500e+04
32	1199.491796	1.742168e-10	8.419978e-01	1.742168e-10	4.140600e+04	4.355500e+04
32	723.761117	3.600327e-11	9.280000e-01	1.626701e-14	1.244000e+03	1.432100e+04
32	266.495984	3.616276e-06	8.224575e-01	2.768173e-09	5.222500e+04	4.187999e+03
32	270.667371	1.765561e-08	9.980000e-01	7.814556e-13	6.505000e+03	8.057000e+03
32	277.671856	1.000000e-05	8.212646e-01	8.918070e-11	3.365836e+04	1.248595e+04
32	752.164744	1.187805e-14	8.120000e-01	1.187805e-14	1.750000e+04	2.163100e+04
32	849.467454	2.189487e-06	8.880027e-01	2.171084e-17	5.063100e+04	3.470100e+04
32	643.980715	1.127132e-12	9.440000e-01	4.829461e-18	5.100200e+04	3.703000e+04
32	926.754877	8.300000e-16	9.960000e-01	7.982321e-21	3.285400e+04	5.042200e+04
32	268.451289	3.945177e-06	8.226990e-01	9.015090e-09	5.488901e+04	1.333039e+03
32	379.285150	6.663845e-06	8.164574e-01	1.488713e-14	5.150520e+04	3.341514e+04
32	736.611164	1.369836e-13	9.120000e-01	1.369836e-13	1.449300e+04	6.855000e+03
32	315.676921	3.850700e-09	8.176214e-01	8.138392e-13	3.745273e+04	2.362408e+04
32	463.624813	3.741660e-10	9.480000e-01	8.891000e-15	3.614700e+04	1.936700e+04
32	1098.878551	6.691631e-07	8.000000e-01	9.000054e-09	2.114600e+04	4.050800e+04
32	289.605427	4.204966e-08	8.199792e-01	1.731474e-11	3.405599e+04	1.637403e+04
32	324.605096	1.434262e-11	8.184991e-01	5.008382e-13	5.251153e+04	2.497919e+04
32	724.002193	7.571255e-12	8.860000e-01	2.006704e-18	4.259000e+03	2.497200e+04
32	1202.181990	4.233318e-06	8.240444e-01	2.134707e-11	4.945200e+04	4.223600e+04
32	748.591527	1.612856e-06	9.520020e-01	2.514044e-14	4.557400e+04	1.688400e+04
32	723.596869	6.671414e-12	8.260000e-01	6.671414e-12	9.310000e+02	6.487000e+03
32	271.894924	2.565886e-10	9.681110e-01	2.565886e-10	9.928992e+03	5.228798e+04
32	281.530454	3.114023e-10	9.920000e-01	2.017455e-14	1.274100e+04	1.672200e+04
32	733.461381	8.769058e-14	9.560000e-01	5.280820e-30	1.796500e+04	2.204500e+04
32	267.237066	1.000000e-05	8.226084e-01	5.470639e-09	4.942800e+04	2.541001e+03
32	268.180597	1.000000e-05	8.226809e-01	8.175728e-09	3.506800e+04	1.569202e+03
32	779.002914	1.994069e-15	8.980000e-01	3.406965e-31	2.431000e+04	2.827100e+04
32	735.642341	4.329701e-15	8.160000e-01	4.329701e-15	1.201500e+04	2.768800e+04
32	723.741411	4.108640e-11	9.180000e-01	2.509553e-16	7.300000e+02	2.367900e+04
32	1226.178040	8.679705e-06	8.740091e-01	7.950324e-12	5.423400e+04	4.743400e+04
32	1261.712971	1.315405e-07	9.439998e-01	5.467770e-13	4.854200e+04	5.573900e+04
32	723.194463	6.697661e-11	9.419999e-01	5.659472e-18	6.650000e+02	3.153600e+04
32	725.354733	1.934731e-12	8.700000e-01	2.533071e-33	7.187000e+03	3.863300e+04
32	724.117065	8.083243e-12	8.400000e-01	5.486010e-19	3.048000e+03	3.720600e+04
32	605.668942	2.546724e-10	8.920000e-01	2.228749e-18	3.908900e+04	3.984100e+04
32	278.031134	2.401316e-06	8.212434e-01	8.444742e-11	4.998156e+04	1.261790e+04
32	63202.492353	9.600000e-16	8.700000e-01	8.166256e-37	3.378700e+04	5.497400e+04
32	1208.240242	8.590066e-11	8.360007e-01	8.590066e-11	4.333000e+04	4.480400e+04
32	1101.316290	3.492092e-06	8.023764e-01	7.652882e-09	3.097599e+04	2.178201e+04
32	754.162306	6.709504e-15	9.459484e-01	6.829821e-36	2.342100e+04	5.052400e+04
32	518.405810	3.403857e-13	8.240000e-01	1.018320e-13	1.046000e+04	5.591000e+04
32	494.892035	5.319931e-10	9.940000e-01	9.377805e-17	2.971800e+04	2.952500e+04
32	810.850296	4.800001e-16	8.980000e-01	3.134655e-36	2.727000e+04	5.840000e+04
32	267.553428	1.000000e-05	8.226328e-01	6.323599e-09	3.329958e+04	2.190220e+03
32	563.713486	2.641854e-11	8.620000e-01	7.884610e-17	4.553000e+04	3.255300e+04
32	700.875115	2.983633e-12	9.840000e-01	8.484477e-20	4.523500e+04	4.579200e+04
32	745.709537	2.235926e-16	8.080000e-01	2.235926e-16	2.463800e+04	3.686100e+04
32	726.516309	9.760737e-13	8.360000e-01	1.926753e-33	8.164000e+03	4.404900e+04
32	747.633290	2.383408e-14	8.040000e-01	2.349268e-28	1.652500e+04	2.173800e+04
32	837.714286	1.042771e-16	9.260000e-01	8.468100e-21	3.188300e+04	4.770100e+04
32	1163.067933	4.856261e-06	8.800591e-01	1.628625e-09	5.921700e+04	3.418400e+04
32	559.231379	3.510278e-14	8.240000e-01	3.510278e-14	7.751000e+03	3.144300e+04
32	735.899341	1.653466e-13	9.340000e-01	7.516439e-30	1.506800e+04	1.988700e+04
32	769.858493	3.248161e-15	9.240000e-01	3.589111e-33	2.403900e+04	3.682800e+04
32	290.759154	8.775967e-06	8.204857e-01	1.705399e-11	4.741033e+04	1.647729e+04
32	1203.984002	1.034703e-10	8.939999e-01	1.034703e-10	4.188300e+04	4.521500e+04
32	313.758831	4.106677e-08	9.979960e-01	4.010268e-15	4.480000e+03	2.063800e+04
32	665.918557	9.149910e-12	9.680000e-01	3.808370e-19	4.420100e+04	4.254600e+04
32	434.620645	1.502836e-15	9.920000e-01	1.378255e-19	4.114000e+04	4.433100e+04
32	1178.931819	8.505649e-06	8.440789e-01	2.596028e-10	5.232100e+04	3.740400e+04
32	11018.318802	4.395430e-08	8.920001e-01	8.090115e-11	5.333600e+04	1.289900e+04
32	766.738530	4.843053e-15	8.460000e-01	2.688122e-35	2.101700e+04	4.986400e+04
32	1018.773089	3.341805e-10	9.440000e-01	1.129743e-31	9.431000e+03	1.449300e+04
32	267.395620	8.659032e-09	8.221619e-01	9.635919e-10	4.958601e+04	6.737987e+03
32	29622.823133	1.587509e-15	8.740000e-01	8.602445e-35	3.887000e+04	4.739900e+04
32	655.490222	2.745779e-14	9.700000e-01	1.197929e-17	5.880900e+04	3.458900e+04
32	769.976270	3.870126e-15	8.560000e-01	5.706650e-33	2.174200e+04	3.795900e+04
32	518.722293	1.337334e-12	8.860000e-01	2.298356e-13	8.422000e+03	5.690600e+04
32	275.307753	5.565341e-06	8.214302e-01	1.304090e-10	5.494501e+04	1.156898e+04
32	43363.617950	4.600000e-16	9.020000e-01	8.795775e-37	3.671000e+04	5.705600e+04
32	766.820118	5.291073e-15	8.700000e-01	2.993722e-35	2.129700e+04	4.705800e+04
32	266.552582	7.577770e-06	8.224870e-01	3.129961e-09	5.380207e+04	3.891053e+03
32	766.586576	5.420306e-15	8.740000e-01	5.420306e-15	2.132700e+04	5.874000e+03
32	-1.000000	-1.000000e+00	-1.000000e+00	-1.000000e+00	-1.000000e+00	-1.000000e+00
32	268.850086	7.579897e-07	8.219748e-01	5.403653e-10	5.647622e+04	8.135992e+03
32	1250.810072	1.969797e-12	9.559997e-01	1.969797e-12	5.215900e+04	5.345800e+04
32	723.101552	1.493601e-11	9.420000e-01	2.963532e-20	4.582000e+03	3.459500e+04
32	1269.969333	3.163928e-13	9.580000e-01	3.163928e-13	5.719000e+04	5.798400e+04
32	390.324674	1.121062e-07	8.760001e-01	1.094059e-13	2.426700e+04	1.484900e+04
32	1129.870169	5.155200e-08	8.000000e-01	7.930078e-09	2.751302e+04	3.409699e+04
32	274.962201	1.000000e-05	8.214509e-01	1.385008e-10	3.246798e+04	1.142311e+04
32	272.156877	9.045219e-09	9.672940e-01	9.045219e-09	1.277011e+03	3.859401e+04
32	729.459241	4.852795e-13	8.559994e-01	1.575546e-34	1.022400e+04	4.598300e+04
32	633.554724	1.000377e-12	9.820000e-01	4.411195e-18	4.832100e+04	3.675600e+04
32	1096.533745	1.000000e-05	8.018790e-01	8.653480e-09	3.443100e+04	2.088300e+04
32	266.580941	1.000000e-05	8.223380e-01	1.745260e-09	5.456801e+04	5.303017e+03
32	285.676677	1.375785e-06	8.217202e-01	1.000000e-08	5.348762e+04	7.704267e+02
32	802.414403	1.041632e-18	8.200000e-01	1.041632e-18	2.747900e+04	4.663000e+04
32	268.742308	1.000000e-05	8.219867e-01	5.593688e-10	5.295947e+04	8.052494e+03
32	554.858821	4.785615e-10	9.540000e-01	1.446808e-17	3.519000e+04	3.433800e+04
32	724.132195	1.357722e-11	8.540000e-01	5.435606e-14	1.561000e+03	1.352700e+04
32	437.957599	1.612185e-08	8.440000e-01	3.970434e-15	2.976100e+04	2.420100e+04
32	723.748727	8.114057e-12	9.200000e-01	6.088434e-28	5.107000e+03	1.381800e+04
32	269.302880	1.000000e-05	8.219269e-01	4.709638e-10	4.208499e+04	8.468048e+03
32	103997.627467	1.000000e-05	9.719959e-01	2.399770e-17	5.930000e+04	4.877700e+04
32	769.545199	2.198236e-15	9.360000e-01	3.314281e-29	2.552200e+04	1.720500e+04
32	421.159398	5.923025e-10	9.640000e-01	1.017936e-11	3.403400e+04	2.250000e+03
32	896.202704	8.720812e-18	8.980000e-01	3.495537e-20	3.623000e+04	4.630100e+04
32	1151.480108	1.000000e-05	8.281225e-01	1.539457e-09	4.791000e+04	3.185500e+04
32	410.606662	1.000000e-05	8.140659e-01	3.267337e-15	4.281400e+04	3.701500e+04
32	962.356655	5.099999e-16	9.980000e-01	8.237396e-20	2.504000e+04	4.572900e+04
32	422.601888	6.225704e-09	9.140000e-01	5.311531e-14	3.045300e+04	1.566400e+04
32	281.958271	2.997540e-10	8.208239e-01	4.751324e-11	4.896286e+04	1.398610e+04
32	1171.449177	1.667299e-09	8.198203e-01	1.667299e-09	3.581100e+04	4.184700e+04
32	724.175536	2.895335e-12	9.500000e-01	3.127391e-31	9.043000e+03	2.642800e+04
32	1492.837231	1.900000e-16	9.900000e-01	0.000000e+00	1.220500e+04	3.820900e+04
32	320.618075	2.933591e-10	8.173945e-01	4.808537e-13	4.374500e+04	2.489800e+04
32	776.063099	2.236418e-15	9.140000e-01	3.815420e-34	2.454700e+04	4.322800e+04
32	522.848250	2.573390e-14	9.660000e-01	4.561748e-20	3.220300e+04	4.173400e+04
32	438.132267	1.885592e-10	9.480000e-01	4.738457e-12	3.787800e+04	4.319000e+03
32	970.346892	8.100000e-16	9.540000e-01	1.596923e-21	2.467100e+04	5.451100e+04
32	724.078378	1.041565e-11	8.600000e-01	4.195911e-16	2.719000e+03	2.238600e+04
32	3228.927696	3.100000e-16	9.600000e-01	1.243010e-37	3.658100e+04	5.243000e+04
32	272.833791	1.000000e-05	8.216150e-01	2.050590e-10	4.396150e+04	1.047618e+04
32	416.042167	2.362358e-09	9.140000e-01	1.723895e-11	3.288200e+04	1.739000e+03
32	724.262883	4.506494e-12	8.960000e-01	1.580550e-32	5.780000e+03	4.198100e+04
32	307.385297	2.494653e-08	9.940027e-01	6.277385e-15	3.004000e+03	1.954800e+04
32	308.946110	1.003878e-11	8.140000e-01	7.454610e-14	2.500000e+01	3.018900e+04
32	1227.035943	9.999998e-06	8.900172e-01	8.807299e-12	4.819500e+04	4.762500e+04
32	271.814854	2.551332e-10	9.680626e-01	2.551332e-10	9.946988e+03	5.546697e+04
32	781.630705	1.606768e-15	8.620000e-01	1.523853e-35	2.394100e+04	5.326400e+04
32	1042.421044	1.200000e-16	9.720000e-01	1.925979e-21	2.050200e+04	5.453300e+04
32	358.112787	9.413805e-09	8.190716e-01	9.413805e-09	4.939601e+04	4.250808e+02
32	815.884373	5.375589e-18	8.340000e-01	5.375589e-18	1.694900e+04	4.086100e+04
32	716.302670	1.713509e-11	9.820000e-01	1.089303e-32	9.206000e+03	3.469900e+04
32	1094.044812	7.388096e-08	9.885106e-01	1.000000e-08	1.915000e+04	3.831300e+04
32	7998.647962	1.071926e-06	8.560006e-01	5.006359e-16	3.991500e+04	4.160300e+04
32	714.760075	1.228773e-11	9.840000e-01	3.122304e-32	1.053300e+04	3.330600e+04
32	799.673928	4.194489e-16	8.320000e-01	2.308505e-21	2.652600e+04	2.310600e+04
32	1174.369779	1.412297e-09	8.040059e-01	1.412297e-09	3.646200e+04	4.321800e+04
32	934.361582	5.300000e-16	9.420000e-01	6.178274e-22	2.640800e+04	5.615600e+04
32	289.966978	5.354475e-10	9.707309e-01	5.354475e-10	7.920992e+03	4.139398e+04
32	344.363774	1.035755e-10	9.980000e-01	2.678332e-16	1.866900e+04	2.699900e+04
32	365.718099	2.385799e-11	9.620000e-01	1.051769e-29	1.573400e+04	1.411900e+04
32	263.588703	7.139204e-12	9.880000e-01	9.093689e-14	2.067400e+04	1.291500e+04
32	738.293753	1.280373e-13	9.160000e-01	1.111918e-35	1.496300e+04	5.098000e+04
32	542.885487	1.100189e-10	9.580000e-01	6.731871e-17	3.865200e+04	3.071400e+04
32	1242.231305	3.048102e-12	9.240000e-01	3.048102e-12	4.998300e+04	5.448500e+04
32	402.521072	2.172160e-10	8.142708e-01	2.172160e-10	5.998800e+04	9.944000e+03
32	440.666267	8.218312e-09	9.280000e-01	4.520356e-15	2.927400e+04	2.126800e+04
32	276.226617	1.000000e-05	8.213641e-01	1.119609e-10	3.505000e+04	1.193700e+04
32	723.696283	3.281535e-11	9.400000e-01	1.200556e-13	2.195000e+03	8.315000e+03
32	1060.984246	2.000001e-17	9.620000e-01	8.051135e-22	2.166400e+04	5.663000e+04
32	806.558040	2.786794e-16	8.960000e-01	2.786794e-16	2.889600e+04	3.203000e+03
32	724.052934	9.081573e-12	8.680000e-01	6.484090e-18	3.322000e+03	3.018100e+04
32	722.966762	6.483647e-12	9.520000e-01	2.451847e-28	7.227000e+03	1.414100e+04
32	1173.555136	7.640221e-06	9.162561e-01	9.755878e-10	5.301100e+04	3.630700e+04
32	724.121550	8.189154e-12	8.500000e-01	2.826635e-15	3.109000e+03	1.812400e+04
32	773.406101	2.579555e-15	8.260000e-01	2.579555e-15	2.214800e+04	6.735000e+03
32	512.826127	8.930063e-13	8.168096e-01	4.152203e-14	5.501596e+04	2.212209e+04
32	1172.431509	1.051446e-09	9.000009e-01	1.051446e-09	3.550200e+04	4.145800e+04
32	486.180062	1.372197e-11	9.120000e-01	6.275188e-12	3.523000e+03	4.908800e+04
32	721.010032	6.241152e-12	9.660000e-01	3.569686e-32	8.671000e+03	3.746400e+04
32	760.772864	7.957944e-14	8.280000e-01	7.957944e-14	5.770000e+03	2.948900e+04
32	296.867066	7.673680e-06	8.201590e-01	9.042353e-12	5.808902e+04	1.800694e+04
32	373.830452	1.920678e-13	9.900000e-01	1.835034e-18	2.940100e+04	3.835100e+04
32	23849.993425	7.200000e-16	9.100000e-01	1.049967e-35	3.436200e+04	5.067700e+04
32	439.382950	4.011260e-09	9.460000e-01	7.175810e-15	3.030000e+04	1.989900e+04
32	765.039651	6.370026e-15	8.820000e-01	1.650405e-19	2.113600e+04	2.020500e+04
32	758.742987	1.076588e-14	8.680000e-01	4.640612e-20	1.956900e+04	1.749600e+04
32	723.671305	3.180388e-11	9.380000e-01	5.752033e-25	2.547000e+03	5.819000e+03
32	529.257931	2.335413e-11	9.320000e-01	7.333913e-16	4.385600e+04	2.550200e+04
32	511.768369	7.118185e-12	8.640000e-01	2.984152e-13	3.875000e+03	5.555300e+04
32	511.102432	2.572861e-09	9.040000e-01	1.045401e-16	3.295700e+04	3.058600e+04
32	769.445378	4.383496e-15	8.840000e-01	7.181652e-31	2.207100e+04	2.972100e+04
32	723.647719	8.553013e-12	9.260000e-01	4.029324e-26	5.206000e+03	7.591000e+03
32	727.621560	2.870516e-14	9.820000e-01	4.463861e-36	2.463700e+04	5.268800e+04
32	730.505977	5.253658e-13	9.180000e-01	1.432865e-30	1.164300e+04	2.608000e+04
32	759.063085	2.673764e-16	8.200000e-01	2.673764e-16	2.267700e+04	3.291600e+04
32	640.451788	3.773526e-14	9.940000e-01	9.136720e-18	5.381700e+04	3.495100e+04
32	276.948131	5.908242e-06	8.213161e-01	9.974813e-11	5.313783e+04	1.221598e+04
32	441.938294	7.636707e-10	9.840000e-01	7.520774e-15	3.130700e+04	1.932200e+04
32	1177.358423	5.981808e-06	8.780745e-01	5.023687e-10	5.746900e+04	3.708200e+04
32	781.944188	1.245081e-15	8.060000e-01	1.245081e-15	2.354200e+04	1.202000e+04
32	1251.213078	6.845616e-08	8.700000e-01	7.830846e-13	5.228400e+04	5.319400e+04
32	264.682933	5.940831e-12	8.080000e-01	5.940831e-12	2.926000e+03	2.096700e+04
32	971.171556	2.468084e-13	9.540000e-01	9.954065e-29	2.677000e+04	9.619000e+03
32	1118.989242	1.000000e-05	8.130376e-01	9.996261e-09	3.804097e+04	2.531402e+04
32	703.446969	4.726919e-14	9.960000e-01	2.763196e-19	5.217700e+04	4.297600e+04
32	736.187185	1.762713e-13	9.220000e-01	4.983874e-37	1.441300e+04	5.734800e+04
32	724.192791	4.472051e-12	8.600000e-01	1.626582e-14	4.947000e+03	2.224000e+03
32	916.799102	9.192951e-16	9.720000e-01	7.646463e-19	1.444600e+04	4.092900e+04
32	1038.572642	6.999382e-17	8.960000e-01	1.746452e-21	1.388900e+04	5.616100e+04
32	723.874075	7.426472e-12	9.100000e-01	6.765481e-25	4.983000e+03	3.654000e+03
32	597.819540	3.979973e-16	9.700000e-01	4.885481e-21	4.210800e+04	1.136100e+04
32	578.974036	4.457713e-12	9.920000e-01	2.052363e-17	4.245900e+04	3.308900e+04
32	6294.764146	1.000000e-05	8.719007e-01	1.000000e-08	4.452100e+04	5.960000e+02
32	746.346544	4.118911e-14	8.820000e-01	5.817695e-35	1.669800e+04	4.997900e+04
32	471.503827	6.038660e-11	9.920000e-01	3.357773e-15	3.590600e+04	2.115000e+04
32	723.972651	6.566623e-12	9.020000e-01	3.408199e-25	5.038000e+03	5.437000e+03
32	517.965681	3.898667e-11	9.020000e-01	2.818564e-13	6.820000e+02	5.677900e+04
32	593.054414	1.473412e-11	9.020000e-01	2.468928e-17	4.602100e+04	3.401000e+04
32	394.803363	1.000000e-05	8.140639e-01	2.186547e-13	5.886000e+04	2.684600e+04
32	14326.379170	3.906681e-08	9.060001e-01	3.144354e-10	5.444700e+04	9.635000e+03
32	1234.533253	2.254362e-06	8.140022e-01	7.669367e-13	5.172000e+04	4.932300e+04
32	1374.143569	1.498123e-12	9.460000e-01	4.670393e-29	2.245100e+04	9.878000e+03
32	1110.860458	8.290063e-06	8.063676e-01	9.546741e-09	5.562002e+04	2.366697e+04
32	358.273316	3.143958e-14	9.900000e-01	4.680197e-18	3.361100e+04	3.616700e+04
32	23705.964329	7.100000e-16	9.240000e-01	1.986751e-37	3.750800e+04	5.946400e+04
32	294.754766	1.051367e-15	9.819996e-01	6.085588e-17	4.038900e+04	2.926300e+04
32	6902.068052	7.394162e-08	9.160001e-01	1.000000e-08	5.414800e+04	2.647000e+04
32	1169.210168	2.184159e-09	8.000000e-01	2.132082e-09	3.542513e+04	3.997292e+04
32	743.928284	3.576668e-08	9.900001e-01	3.689922e-14	5.834400e+04	1.552300e+04
32	436.675571	1.812652e-09	9.120000e-01	5.610251e-14	3.360600e+04	1.557400e+04
32	287.493596	4.751961e-07	8.202067e-01	2.299184e-11	2.868004e+04	1.570197e+04
32	283.815625	2.496001e-11	9.900000e-01	5.977185e-15	1.814400e+04	1.952000e+04
32	934.468470	8.058270e-17	9.280000e-01	3.426187e-19	7.877000e+03	4.340900e+04
32	1154.170644	6.716096e-06	8.300846e-01	1.324323e-09	5.092800e+04	3.239500e+04
32	800.943565	4.282105e-16	8.700012e-01	8.856498e-35	2.722700e+04	4.631100e+04
32	741.512195	5.281063e-14	8.180000e-01	5.281063e-14	1.485000e+04	6.930000e+02
32	1230.718532	1.101277e-17	8.240000e-01	1.101277e-17	1.973600e+04	5.058100e+04
32	267.071877	1.175624e-09	9.673280e-01	1.175624e-09	6.256994e+03	5.315999e+04
32	773.432886	5.674640e-13	9.560000e-01	4.202665e-27	2.476500e+04	3.730000e+02
32	12943.171628	1.826810e-08	8.960000e-01	2.421914e-11	5.803800e+04	1.580200e+04
32	10591.681108	2.691703e-07	8.740003e-01	5.762504e-14	4.554500e+04	3.029400e+04
32	1219.027476	1.000000e-05	8.780085e-01	1.554559e-11	4.981000e+04	4.585600e+04
32	572.509610	2.301360e-10	9.260000e-01	1.230599e-17	3.830100e+04	3.514400e+04
32	787.761033	4.487822e-16	9.340000e-01	4.487822e-16	2.921000e+04	6.739000e+03
32	267.321923	9.999999e-06	8.221720e-01	9.875945e-10	5.860497e+04	6.679042e+03
32	529.410813	5.092057e-09	9.520000e-01	1.642350e-27	2.832000e+03	1.643000e+03
32	1177.197533	2.318766e-10	9.580005e-01	2.318766e-10	3.675600e+04	4.964100e+04
32	781.010093	1.358928e-15	8.100000e-01	3.270955e-30	2.339900e+04	2.603300e+04
32	891.842401	2.253988e-18	8.200000e-01	2.253988e-18	1.573600e+04	5.426700e+04
32	1082.220099	6.040938e-06	8.008507e-01	9.536449e-09	4.905913e+04	1.861356e+04
32	4463.564161	2.418808e-07	8.500003e-01	1.516839e-14	4.588700e+04	3.347600e+04
32	726.771617	9.400346e-13	8.440000e-01	5.487069e-27	8.401000e+03	1.344900e+04
32	304.270267	4.910761e-06	8.197817e-01	4.467823e-12	5.937901e+04	1.970597e+04
32	1060.992433	8.500006e-16	9.360000e-01	2.521605e-22	2.008500e+04	5.949100e+04
32	732.916938	1.775581e-13	8.700000e-01	1.775581e-13	1.218400e+04	1.062400e+04
32	748.177028	3.467778e-14	8.940000e-01	1.135980e-33	1.741500e+04	3.957900e+04
32	1066.492645	2.700000e-16	9.640000e-01	5.961014e-22	1.674600e+04	5.727800e+04
32	-1.000000	-1.000000e+00	-1.000000e+00	-1.000000e+00	-1.000000e+00	-1.000000e+00
32	740.572896	8.911338e-14	9.220000e-01	5.109241e-32	1.604900e+04	2.938100e+04
32	725.535482	1.650218e-12	8.580000e-01	6.394125e-26	7.317000e+03	8.528000e+03
32	66059.311833	1.559561e-08	9.380000e-01	4.845600e-17	5.986500e+04	4.712700e+04
32	724.128209	5.223830e-12	8.900000e-01	7.579363e-29	5.263000e+03	2.239000e+04
32	737.893485	1.077568e-13	8.720000e-01	1.077568e-13	1.411600e+04	5.738000e+03
32	269.968901	3.192253e-11	9.940000e-01	1.508738e-13	1.880900e+04	1.196200e+04
32	419.392785	1.321037e-08	8.800000e-01	5.235450e-14	2.950000e+04	1.649400e+04
32	1229.022334	1.461496e-11	8.720001e-01	1.461496e-11	4.801300e+04	4.815300e+04
32	259.595434	1.036902e-11	9.780000e-01	8.784079e-14	1.843300e+04	1.185300e+04
32	750.008849	1.812263e-14	9.380000e-01	1.812263e-14	2.057200e+04	8.880000e+02
32	263.631800	1.136036e-11	9.920000e-01	4.922464e-13	2.055700e+04	9.062000e+03
32	442.744774	3.142816e-10	9.560000e-01	9.906467e-14	3.614800e+04	1.351900e+04
32	509.479417	1.000852e-12	9.060000e-01	8.201282e-13	9.667000e+03	5.413800e+04
32	269.902792	1.338531e-08	9.665917e-01	1.000000e-08	3.760214e+02	4.799601e+04
32	724.889099	2.543371e-12	8.740000e-01	5.054694e-32	6.616000e+03	3.738600e+04
32	328.679792	4.161985e-11	8.169243e-01	2.080823e-13	4.838777e+04	2.690768e+04
32	519.448070	3.903082e-13	8.660000e-01	2.521285e-13	1.092400e+04	5.605100e+04
32	781.092185	1.661729e-15	8.600000e-01	6.168423e-33	2.382000e+04	3.564600e+04
32	61852.345621	2.735885e-16	8.420000e-01	3.438029e-22	4.307000e+04	5.606000e+04
32	723.318361	6.508530e-11	9.380000e-01	2.370801e-18	5.450000e+02	3.359300e+04
32	86366.107495	5.976797e-09	9.680000e-01	2.137658e-16	5.837400e+04	4.362800e+04
32	726.132176	1.773853e-12	9.160000e-01	2.417955e-30	8.642000e+03	2.432900e+04
32	718.987027	1.982924e-12	9.780000e-01	4.481741e-28	1.352300e+04	1.617900e+04
32	784.197576	8.347757e-16	9.340000e-01	2.928478e-23	2.776800e+04	5.522400e+04
32	519.123872	3.886236e-11	8.799999e-01	3.886236e-11	4.543700e+04	3.340000e+02
32	491.725320	6.003906e-11	8.820000e-01	1.383994e-14	4.300800e+04	1.961600e+04
32	267.096966	1.000000e-05	8.222107e-01	1.121227e-09	4.614113e+04	6.372375e+03
32	729.741968	5.370871e-13	9.400000e-01	3.577829e-29	1.252600e+04	1.855400e+04
32	724.148448	7.393715e-12	8.520000e-01	5.663796e-14	3.342000e+03	1.143400e+04
32	469.323401	2.055253e-11	8.100000e-01	3.934017e-12	3.050000e+02	4.444600e+04
32	26929.568660	3.501162e-08	9.040004e-01	5.400034e-15	4.880000e+04	3.595500e+04
32	725.701092	2.115289e-12	9.240000e-01	9.301114e-30	8.507000e+03	2.148800e+04
32	-1.000000	-1.000000e+00	-1.000000e+00	-1.000000e+00	-1.000000e+00	-1.000000e+00
32	1197.689371	2.026178e-10	8.400013e-01	2.026178e-10	4.104000e+04	4.322000e+04
32	692.329950	1.192834e-11	9.240000e-01	1.468637e-19	4.583500e+04	4.538700e+04
32	266.973089	1.000000e-05	8.225762e-01	4.672860e-09	4.210294e+04	2.922128e+03
32	439.327973	1.466375e-09	9.060000e-01	6.242664e-14	3.432000e+04	1.544000e+04
32	55741.034059	1.096364e-08	9.400000e-01	8.686356e-16	5.638800e+04	4.030500e+04
32	8207.852056	1.368366e-06	8.820016e-01	1.215604e-10	3.884300e+04	1.191500e+04
32	1233.045023	9.999999e-06	9.917894e-01	9.892427e-12	5.400000e+04	4.897500e+04
32	266.960103	5.201971e-07	8.222372e-01	1.225041e-09	5.545291e+04	6.158389e+03
32	320.248515	2.707542e-10	8.174284e-01	5.008481e-13	4.396498e+04	2.480202e+04
32	723.500259	2.841252e-11	9.380000e-01	1.368538e-14	2.524000e+03	1.307000e+04
32	1185.535096	1.690860e-10	9.559956e-01	1.690860e-10	3.789100e+04	4.696000e+04
32	725.457175	1.477297e-12	8.340000e-01	2.316821e-27	7.129000e+03	1.339800e+04
32	1246.362514	2.359220e-12	9.160000e-01	2.359220e-12	5.102700e+04	5.468300e+04
32	725.207477	2.262983e-12	8.840000e-01	8.025541e-33	7.134000e+03	4.225000e+04
32	720.065276	1.748507e-12	9.720000e-01	7.872666e-33	1.268800e+04	3.726400e+04
32	732.752254	2.498497e-13	8.580000e-01	3.390563e-33	1.185800e+04	4.095800e+04
32	728.654623	6.077736e-13	9.460000e-01	4.363368e-29	1.256500e+04	1.890800e+04
32	517.044711	4.815985e-09	8.840000e-01	4.971924e-17	3.191600e+04	3.283100e+04
32	757.322039	1.113653e-14	8.460008e-01	8.178009e-35	1.904400e+04	4.658100e+04
32	78698.447695	1.900000e-16	8.340000e-01	1.210567e-35	4.322300e+04	4.918200e+04
32	771.158490	3.544871e-15	8.580000e-01	1.210902e-32	2.199000e+04	3.685400e+04
32	724.973909	1.953677e-12	8.380000e-01	1.362451e-32	6.526000e+03	3.848400e+04
32	728.606779	7.513595e-13	9.380000e-01	1.930615e-25	1.161400e+04	6.044000e+03
32	765.890771	3.978290e-17	8.180000e-01	3.978290e-17	2.223800e+04	3.838800e+04
32	775.081946	2.770911e-15	8.860000e-01	6.021102e-36	2.320700e+04	5.059200e+04
32	478.993523	1.419658e-09	8.860000e-01	1.754305e-15	3.493600e+04	2.439600e+04
32	718.969483	1.300331e-10	9.780000e-01	5.603442e-18	3.249000e+03	2.882700e+04
32	281.361232	1.530122e-10	9.660000e-01	2.337277e-29	1.121100e+04	9.290000e+03
32	430.744807	1.824156e-09	9.100000e-01	1.363586e-13	3.365300e+04	1.349100e+04
32	751.674722	1.073805e-14	9.440000e-01	7.965709e-32	2.216900e+04	2.607300e+04
32	279.360806	4.556845e-10	9.696458e-01	4.556845e-10	8.397014e+03	4.295200e+04
32	1263.415826	2.782528e-06	9.079980e-01	3.614423e-13	5.853600e+04	5.616000e+04
32	822.047961	1.034197e-16	8.220000e-01	2.416290e-35	2.963100e+04	5.244300e+04
32	1147.143984	5.550469e-11	9.440000e-01	5.010782e-29	1.375900e+04	1.057800e+04
32	1140.875164	4.791503e-06	8.320638e-01	4.090426e-09	5.374800e+04	2.972700e+04
32	414.857135	4.362680e-08	9.420001e-01	6.315528e-15	2.454100e+04	2.025500e+04
32	448.210742	1.818416e-09	8.920000e-01	2.107902e-14	3.416600e+04	1.834400e+04
32	747.719473	3.460396e-14	8.780000e-01	6.637625e-30	1.701800e+04	2.305300e+04
32	732.955472	2.806849e-13	8.840000e-01	1.635869e-27	1.215700e+04	1.239000e+04
32	549.129643	6.652468e-14	8.480000e-01	6.652468e-14	1.495100e+04	5.821800e+04
32	792.012242	4.591082e-16	9.260000e-01	3.115341e-37	2.877700e+04	5.654800e+04
32	1177.876172	4.973793e-06	8.180624e-01	1.193901e-10	4.722900e+04	3.719200e+04
32	1240.474974	9.241599e-06	8.480093e-01	1.483150e-12	5.347400e+04	5.067500e+04
32	730.250043	3.302334e-13	8.220000e-01	8.263952e-28	1.052900e+04	1.788800e+04
32	267.014894	4.732034e-09	9.695462e-01	2.192612e-12	3.096020e+03	1.371970e+03
32	277.352126	1.124671e-10	9.691606e-01	1.124671e-10	1.187099e+04	4.880598e+04
32	83741.394748	5.657485e-08	9.220001e-01	1.000000e-08	5.243400e+04	2.371200e+04
32	881.921304	5.095029e-16	9.680000e-01	3.779081e-18	2.046000e+04	3.726500e+04
32	266.814328	4.122473e-09	9.668696e-01	4.122473e-09	3.224993e+03	5.450098e+04
32	1151.935610	9.140563e-06	8.241151e-01	1.278620e-09	4.752500e+04	3.194700e+04
32	880.716951	8.867544e-18	8.560000e-01	1.785376e-20	3.565900e+04	4.708900e+04
32	725.252731	1.634459e-12	8.340000e-01	3.931988e-32	6.885000e+03	3.871200e+04
32	44359.026194	1.199747e-08	9.460000e-01	7.969874e-14	5.749300e+04	2.952800e+04
32	774.647384	3.542231e-16	8.240000e-01	3.542231e-16	2.368700e+04	3.093700e+04
32	804.335271	3.339179e-16	8.900000e-01	1.362950e-30	2.830300e+04	2.743000e+04
32	1192.179288	6.234621e-06	8.840777e-01	1.599327e-10	5.676000e+04	4.013500e+04
32	722.815574	1.609923e-11	9.480000e-01	8.012943e-29	4.753000e+03	2.524900e+04
32	524.387019	6.102119e-13	9.200000e-01	2.324891e-13	1.132300e+04	5.762900e+04
32	724.055136	6.111376e-12	8.820000e-01	7.394922e-32	4.683000e+03	3.918700e+04
32	598.885889	2.034134e-10	9.360000e-01	2.990901e-18	3.821500e+04	3.825000e+04
32	283.602423	2.741115e-09	8.206446e-01	3.790199e-11	4.265092e+04	1.452204e+04
32	422.546654	3.617235e-10	9.780000e-01	2.105275e-11	3.399900e+04	3.160000e+02
32	407.516019	1.057869e-07	8.420002e-01	1.073995e-14	2.511100e+04	2.195000e+04
32	769.525489	3.846374e-15	9.160000e-01	7.305336e-20	2.333000e+04	1.633000e+04
32	736.265981	1.369520e-13	8.560000e-01	2.929283e-31	1.325800e+04	3.115200e+04
32	1049.341697	3.385830e-11	9.460000e-01	1.645013e-27	1.494600e+04	2.951000e+03
32	723.704773	1.108323e-11	9.180000e-01	2.140296e-18	4.276000e+03	2.442000e+04
32	20588.676187	4.428371e-08	8.960006e-01	2.060361e-14	4.807200e+04	3.275800e+04
32	372.277868	7.019975e-17	9.880000e-01	1.542702e-20	4.716100e+04	4.896700e+04
32	450.133185	7.287011e-10	9.420000e-01	1.883911e-14	3.476400e+04	1.766900e+04
32	1184.494059	4.494176e-10	8.920002e-01	4.494176e-10	3.793600e+04	4.282200e+04
32	723.993611	3.195375e-11	8.800000e-01	2.941802e-16	2.190000e+02	2.441200e+04
32	1702.133567	8.900000e-16	9.740000e-01	7.363346e-37	3.632800e+04	5.564800e+04
32	723.778960	2.320213e-11	9.300000e-01	8.654163e-14	2.643000e+03	8.884000e+03
32	759.131813	1.032848e-14	8.900000e-01	1.032848e-14	2.014900e+04	1.028100e+04
32	1218.560828	9.522985e-06	8.700073e-01	1.465778e-11	5.726300e+04	4.575400e+04
32	787.491679	9.466502e-16	8.320000e-01	6.112047e-34	2.461400e+04	4.618600e+04
32	454.732092	8.168753e-09	9.500000e-01	9.875456e-16	2.831800e+04	2.452400e+04
32	305.749393	2.876727e-10	8.185929e-01	2.480480e-12	4.462689e+04	2.100095e+04
32	780.037795	2.470839e-16	9.560000e-01	8.683286e-22	3.198900e+04	5.009200e+04
32	755.226838	1.494465e-14	8.660000e-01	4.773733e-30	1.874700e+04	2.210300e+04
32	512.077478	7.960170e-14	8.040000e-01	6.681381e-14	1.361800e+04	5.246600e+04
32	49430.289750	7.242776e-09	9.480000e-01	2.335790e-14	5.870100e+04	3.246300e+04
32	505.526012	7.168197e-16	9.840000e-01	7.168197e-16	4.051800e+04	3.437000e+03
32	1100.643162	5.556730e-06	8.028392e-01	9.716424e-09	5.270302e+04	2.162497e+04
32	1178.429176	6.705948e-07	8.140084e-01	8.885065e-11	5.684100e+04	3.730800e+04
32	1109.939362	8.171376e-07	8.057459e-01	9.286705e-09	5.645398e+04	2.348204e+04
32	753.607880	1.159303e-14	9.380000e-01	6.785366e-36	2.164600e+04	5.298500e+04
32	766.931880	4.111590e-15	8.180000e-01	4.111590e-15	2.090600e+04	1.245000e+04
32	749.245932	2.616201e-14	9.280000e-01	2.616201e-14	1.922200e+04	5.190000e+02
32	727.450895	2.684289e-07	9.760015e-01	6.416688e-13	5.663800e+04	8.834000e+03
32	1136.318629	7.045279e-06	8.320379e-01	5.895949e-09	5.403800e+04	2.881200e+04
32	723.404454	1.075161e-11	9.340000e-01	1.379827e-32	4.990000e+03	4.438900e+04
32	266.495927	2.851832e-09	8.223926e-01	2.153303e-09	5.510018e+04	4.795018e+03
32	298.873598	9.026594e-06	8.200549e-01	7.425154e-12	4.800311e+04	1.848188e+04
32	724.146581	4.965896e-12	8.600000e-01	9.857293e-33	4.695000e+03	3.908100e+04
32	742.562707	5.935592e-14	9.320000e-01	5.779403e-29	1.743700e+04	1.732800e+04
32	295.504199	1.762227e-15	9.860000e-01	4.814010e-17	3.959100e+04	3.034900e+04
32	261.692555	5.090066e-10	9.819445e-01	5.122248e-12	9.659981e+03	2.767000e+03
32	358.206056	6.058207e-06	8.173375e-01	6.575689e-14	4.457120e+04	2.985285e+04
32	723.921152	1.021860e-11	9.000000e-01	8.059095e-25	3.909000e+03	3.362000e+03
32	511.247793	1.324621e-12	9.060000e-01	6.264150e-13	8.992000e+03	5.482500e+04
32	726.935661	2.760282e-13	8.260000e-01	2.760282e-13	3.158000e+03	1.562500e+04
32	727.317950	7.168713e-13	8.280000e-01	2.460586e-26	8.767000e+03	1.016600e+04
32	267.737779	6.821318e-09	9.667336e-01	6.821318e-09	2.006996e+03	5.080499e+04
32	98906.851941	2.042631e-15	8.060000e-01	8.079245e-19	3.826900e+04	5.029800e+04
32	731.297404	8.295205e-15	9.820000e-01	1.029657e-35	2.764600e+04	5.064500e+04
32	1048.462561	1.000000e-05	8.359801e-01	1.000000e-08	5.059400e+04	4.110000e+02
32	291.288971	6.330681e-09	8.198288e-01	1.388307e-11	3.843090e+04	1.690107e+04
32	269.686110	1.289590e-08	9.665878e-01	1.000000e-08	4.670054e+02	5.340300e+04
32	266.870577	1.000000e-05	8.222563e-01	1.308511e-09	3.926599e+04	5.999062e+03
32	447.527167	6.892579e-10	9.720000e-01	9.637013e-15	3.299700e+04	1.886900e+04
32	1115.515747	1.000000e-05	8.093705e-01	9.574855e-09	4.648426e+04	2.461080e+04
32	310.680219	7.586951e-10	8.181336e-01	1.422219e-12	4.184497e+04	2.231503e+04
32	732.426830	2.466890e-13	8.460000e-01	1.054956e-34	1.165400e+04	5.077200e+04
32	1234.842364	7.836124e-12	9.500000e-01	7.836124e-12	4.798800e+04	5.037200e+04
32	307.168256	9.819689e-06	8.196383e-01	3.439548e-12	5.201607e+04	2.033610e+04
32	297.978369	6.469524e-06	8.201012e-01	8.102497e-12	4.693338e+04	1.827147e+04
32	767.663304	4.895528e-15	8.680000e-01	4.709592e-36	2.143700e+04	4.922200e+04
32	811.558598	2.008849e-16	8.960000e-01	4.561373e-21	2.966600e+04	2.386300e+04
32	2099.686995	9.200000e-16	9.520000e-01	8.118899e-37	4.042300e+04	5.581100e+04
32	426.710712	8.855478e-09	8.520000e-01	4.615070e-14	3.110500e+04	1.786300e+04
32	719.338776	9.141688e-13	9.820000e-01	9.888730e-31	1.628300e+04	2.370900e+04
32	741.135144	7.371396e-14	8.760000e-01	7.371396e-14	1.515000e+04	3.861000e+03
32	447.731299	1.550339e-08	9.740000e-01	5.280542e-16	2.503100e+04	2.569200e+04
32	275.109155	1.000000e-05	8.214444e-01	1.349130e-10	4.537398e+04	1.148701e+04
32	900.351986	3.209818e-18	8.500000e-01	1.490584e-20	3.786300e+04	4.787600e+04
32	723.949567	1.801607e-11	8.880000e-01	6.551352e-19	2.071000e+03	3.637500e+04
32	562.316984	5.511891e-10	9.560000e-01	8.621564e-18	3.471700e+04	3.551000e+04
32	1194.283753	1.318359e-10	9.120000e-01	1.318359e-10	4.021500e+04	4.902800e+04
32	1219.183301	4.112588e-06	8.400067e-01	8.218604e-12	5.115500e+04	4.589100e+04
32	737.173116	1.516207e-13	9.060000e-01	1.593656e-31	1.423300e+04	3.232000e+04
32	792.191700	6.614587e-16	9.100000e-01	1.707908e-36	2.729500e+04	5.203200e+04
32	293.648173	1.465985e-10	8.183485e-01	1.893902e-11	4.600400e+04	1.604000e+04
32	379.070030	8.037887e-08	9.580000e-01	1.020522e-13	2.218500e+04	1.341300e+04
32	317.854267	5.768046e-08	8.172346e-01	6.383210e-13	3.049199e+04	2.416601e+04
32	947.238980	5.398318e-16	9.340000e-01	1.673536e-19	1.701100e+04	4.492400e+04
32	336.342270	6.610832e-09	8.159144e-01	8.343666e-14	3.525100e+04	2.900599e+04
32	717.317943	3.913053e-11	9.800000e-01	4.575204e-30	6.752000e+03	2.243400e+04
32	379.694919	3.462815e-08	9.780001e-01	1.147925e-13	2.261800e+04	1.289200e+04
32	1222.282430	1.743984e-11	9.379735e-01	1.743984e-11	4.520600e+04	4.977600e+04
32	724.041683	1.982684e-11	8.920000e-01	3.380807e-14	1.509000e+03	1.344500e+04
32	726.782052	7.212255e-13	8.000000e-01	4.420906e-13	8.300000e+03	1.687000e+04
32	720.250647	9.258741e-13	9.740000e-01	3.626171e-31	1.457900e+04	2.974600e+04
32	775.202537	1.399807e-15	9.340000e-01	2.189841e-34	2.649800e+04	4.372200e+04
32	736.511051	1.697576e-13	9.120000e-01	1.744597e-26	1.415200e+04	1.095700e+04
32	736.710553	1.324712e-13	8.620000e-01	7.412253e-30	1.346000e+04	2.465000e+04
32	447.500344	2.979886e-10	8.110643e-01	2.979886e-10	4.040500e+04	2.469998e+03
32	537.876429	1.256557e-10	9.260000e-01	1.335003e-16	3.983200e+04	2.959300e+04
32	967.598984	1.173701e-19	8.860000e-01	4.564046e-20	3.830000e+04	4.895500e+04
32	266.741683	2.646820e-09	8.223648e-01	2.223938e-09	4.747100e+04	4.712996e+03
32	848.358310	2.571348e-17	8.520000e-01	5.209832e-37	3.341900e+04	5.491000e+04
32	823.624957	3.900000e-16	9.600000e-01	3.684554e-21	2.994600e+04	4.970400e+04
32	841.836678	5.689606e-18	8.360000e-01	5.689606e-18	3.284500e+04	3.973300e+04
32	726.395612	2.016324e-11	8.000000e-01	2.016324e-11	2.320000e+02	3.294000e+04
32	543.240812	2.758834e-13	8.900000e-01	2.758834e-13	1.253900e+04	5.594300e+04
32	747.558362	3.041169e-14	8.480000e-01	2.224540e-28	1.669400e+04	1.911700e+04
32	767.215227	4.654407e-15	8.460000e-01	2.545138e-37	2.111100e+04	5.732000e+04
32	308.438104	2.879580e-10	9.919031e-01	1.231002e-15	1.288300e+04	2.333600e+04
32	789.888667	4.940282e-14	8.560000e-01	4.940282e-14	1.640800e+04	5.822200e+04
32	267.357707	1.000000e-05	8.226207e-01	5.823647e-09	5.115518e+04	2.389793e+03
32	723.623433	1.575578e-11	9.220000e-01	7.477441e-19	3.507000e+03	3.344400e+04
32	503.485828	6.998067e-10	9.480000e-01	2.498593e-16	3.456700e+04	2.778200e+04
32	1127.412353	6.290587e-08	8.000000e-01	9.592649e-09	2.701699e+04	3.630319e+04
32	268.298841	1.000000e-05	8.220377e-01	6.512452e-10	3.813798e+04	7.685045e+03
32	304.195877	1.073538e-11	8.188552e-01	2.998431e-12	5.309505e+04	2.056796e+04
32	830.729876	9.956921e-19	8.040000e-01	1.375755e-20	3.897700e+04	5.984200e+04
32	272.030824	1.471324e-06	8.216796e-01	2.416403e-10	5.431423e+04	1.007980e+04
32	1265.497469	1.502103e-07	9.899981e-01	4.760295e-13	4.625300e+04	5.667800e+04
32	1267.693721	9.999989e-06	8.699918e-01	1.607876e-13	5.819300e+04	5.722900e+04
32	300.198933	1.557771e-11	8.183289e-01	1.557771e-11	5.535800e+04	1.661500e+04
32	31039.057436	3.300000e-16	8.820000e-01	1.177029e-37	4.189700e+04	5.909500e+04
32	1225.576872	1.640509e-06	8.220111e-01	2.645891e-12	5.487500e+04	4.730400e+04
32	298.502543	7.895781e-06	8.200741e-01	7.697915e-12	5.923401e+04	1.839493e+04
32	324.866900	1.370186e-10	8.171222e-01	3.068291e-13	4.550143e+04	2.597270e+04
32	724.161352	8.815913e-12	8.560000e-01	1.749297e-13	2.757000e+03	1.016300e+04
32	507.838175	2.027227e-10	9.760000e-01	2.397324e-16	3.566300e+04	2.752800e+04
32	267.042924	2.424755e-09	9.900000e-01	6.016353e-13	7.348000e+03	8.538000e+03
32	749.023166	3.171948e-14	9.080000e-01	3.684908e-29	1.803600e+04	2.041500e+04
32	1247.736862	2.275600e-06	8.279944e-01	4.544409e-13	5.885600e+04	5.237200e+04
32	376.018438	2.314449e-08	9.780000e-01	6.278355e-13	2.361800e+04	8.815000e+03
32	1196.137027	1.461493e-10	8.899869e-01	1.461493e-10	4.060300e+04	4.784500e+04
32	727.972289	6.608846e-13	8.900000e-01	6.608846e-13	9.984000e+03	4.611000e+03
32	1217.301770	1.424418e-12	9.480000e-01	1.786715e-30	2.256900e+04	1.735300e+04
32	784.993747	1.282236e-15	8.700000e-01	1.001327e-35	2.464600e+04	5.251800e+04
32	272.569080	1.000000e-05	8.216358e-01	2.162362e-10	3.936500e+04	1.034800e+04
32	683.358194	7.137484e-14	9.560000e-01	2.230359e-18	5.738000e+04	3.864800e+04
32	505.162229	4.348693e-11	9.700000e-01	1.144651e-15	4.011900e+04	2.393100e+04
32	1091.481699	5.930461e-06	8.014542e-01	9.715367e-09	5.454650e+04	1.995102e+04
32	1251.422720	4.518300e-06	8.040002e-01	4.471472e-14	4.230000e+04	5.338200e+04
32	1228.630434	1.502870e-06	8.798973e-01	6.869726e-12	4.110200e+04	4.798200e+04
32	566.628119	3.021739e-17	9.740000e-01	9.823987e-21	4.819800e+04	2.280700e+04
32	1184.373473	3.477641e-06	8.580437e-01	2.158861e-10	5.831400e+04	3.852000e+04
32	881.653902	6.996100e-16	9.580000e-01	4.080937e-18	1.762000e+04	3.723200e+04
32	742.333706	2.455215e-13	9.920000e-01	2.455215e-13	2.322600e+04	4.078000e+03
32	275.579051	1.000000e-05	8.214101e-01	1.245869e-10	3.622486e+04	1.167913e+04
32	445.486693	1.126715e-08	9.660000e-01	1.013660e-15	2.651400e+04	2.425500e+04
32	266.520961	1.000000e-05	8.224729e-01	2.949210e-09	5.894470e+04	4.034854e+03
32	1213.635187	3.970697e-11	8.599899e-01	3.970697e-11	4.451300e+04	5.224300e+04
32	749.876193	2.747269e-14	8.800000e-01	6.124113e-37	1.761500e+04	5.498700e+04
32	334.748721	2.434591e-10	8.163459e-01	1.052622e-13	4.368845e+04	2.850620e+04
32	755.854198	1.360641e-14	8.760000e-01	1.360641e-14	1.914800e+04	1.015100e+04
32	733.553073	2.627146e-13	8.920000e-01	1.360628e-31	1.251900e+04	3.031300e+04
32	921.875166	3.152160e-07	8.940007e-01	5.211884e-19	5.425000e+04	4.318900e+04
32	-1.000000	-1.000000e+00	-1.000000e+00	-1.000000e+00	-1.000000e+00	-1.000000e+00
32	1264.051429	4.255390e-08	8.160000e-01	5.578732e-14	5.816900e+04	5.632700e+04
32	617.928917	1.391343e-12	9.920000e-01	5.087872e-18	4.539900e+04	3.631900e+04
32	738.491148	1.054095e-13	8.680000e-01	2.602151e-36	1.413400e+04	5.711100e+04
32	725.150847	1.993383e-12	8.580000e-01	3.242020e-34	6.861000e+03	4.749800e+04
32	874.104820	2.806352e-15	8.260000e-01	2.806352e-15	5.336000e+03	3.747500e+04
32	809.075264	2.443468e-16	8.480000e-01	2.443468e-16	2.808600e+04	5.980000e+03
32	728.413321	8.196641e-13	9.000000e-01	2.812658e-30	1.000400e+04	2.581200e+04
32	825.230251	8.315420e-17	8.980000e-01	5.846399e-33	3.179700e+04	3.903700e+04
32	1204.577267	7.239333e-06	9.080902e-01	7.131839e-11	5.700600e+04	4.274100e+04
32	771.329167	4.122959e-16	9.520000e-01	4.122959e-16	3.055000e+04	1.609000e+03
32	657.148197	1.134036e-11	9.580000e-01	6.144097e-19	4.437400e+04	4.157700e+04
32	294.391731	1.180040e-08	9.959956e-01	1.831600e-14	5.774000e+03	1.703100e+04
32	267.550843	5.561962e-06	8.226382e-01	6.382848e-09	4.944336e+04	2.168074e+03
32	1011.394441	9.500000e-16	9.600000e-01	1.519499e-22	2.430000e+04	5.980600e+04
32	724.352903	2.718370e-12	8.060000e-01	2.718370e-12	5.174000e+03	8.020000e+02
32	266.488398	1.000000e-05	8.223924e-01	2.142756e-09	3.793400e+04	4.807000e+03
32	1241.003940	5.702932e-12	8.340000e-01	5.702932e-12	5.076000e+03	4.441700e+04
32	271.362950	1.000000e-05	8.217350e-01	2.795268e-10	3.728400e+04	9.728001e+03
32	508.667498	7.783816e-11	9.020000e-01	1.892586e-15	4.182200e+04	2.383000e+04
32	468.390115	5.199058e-11	9.749529e-01	5.199058e-11	1.367900e+04	4.460500e+04
32	759.973498	1.005956e-14	8.820000e-01	2.060736e-35	2.005200e+04	5.103500e+04
32	819.229195	1.258465e-16	9.160000e-01	2.903047e-23	3.141100e+04	5.676000e+04
32	517.701106	4.072105e-11	9.020000e-01	2.931252e-13	5.760000e+02	5.667900e+04
32	735.547793	1.698733e-13	9.360000e-01	1.783634e-28	1.509800e+04	1.537600e+04
32	296.362155	6.534440e-06	8.191275e-01	7.820775e-12	2.039100e+04	1.822700e+04
32	546.559160	2.917673e-14	8.260000e-01	2.917673e-14	1.639300e+04	5.921000e+04
32	753.614495	8.326734e-15	9.440000e-01	5.042571e-28	2.278000e+04	1.437000e+04
32	331.937916	1.297305e-11	8.162271e-01	1.297305e-11	5.523600e+04	1.695300e+04
32	1101.106533	1.000000e-05	8.026468e-01	8.652302e-09	3.792703e+04	2.173799e+04
32	531.576534	4.151385e-13	8.460004e-01	5.744276e-14	5.642700e+04	1.768700e+04
32	298.260909	9.988923e-06	8.200866e-01	7.881565e-12	5.912351e+04	1.833811e+04
32	774.021028	2.199790e-16	8.320000e-01	2.199790e-16	1.476700e+04	3.221300e+04
32	418.042536	8.813033e-09	9.040000e-01	7.210147e-14	2.988700e+04	1.513500e+04
32	749.483555	2.363526e-14	8.400000e-01	6.233309e-35	1.714500e+04	4.939400e+04
32	1255.005865	7.642735e-13	9.879972e-01	7.642735e-13	5.034000e+04	5.666100e+04
32	724.184350	3.966843e-12	9.220000e-01	3.966843e-12	1.830000e+03	4.858000e+03
32	311.677648	1.000006e-08	8.206190e-01	1.000000e-08	4.435587e+04	5.591019e+02
32	32250.453636	4.900000e-16	8.740000e-01	7.181816e-37	4.159100e+04	5.817700e+04
32	-1.000000	-1.000000e+00	-1.000000e+00	-1.000000e+00	-1.000000e+00	-1.000000e+00
32	268.206506	1.000000e-05	8.220491e-01	6.732349e-10	4.181790e+04	7.604857e+03
32	724.188471	6.715580e-12	8.800000e-01	2.747254e-12	1.943000e+03	5.883000e+03
32	766.210691	4.928981e-15	9.200000e-01	1.595001e-31	2.288800e+04	2.933900e+04
32	333.656624	5.073703e-09	8.161519e-01	1.127701e-13	3.601131e+04	2.829858e+04
32	497.746528	8.723894e-13	9.820000e-01	7.979039e-14	4.869500e+04	1.373400e+04
32	1183.711229	2.304491e-10	9.378609e-01	2.304491e-10	3.789300e+04	4.745700e+04
32	270.899108	1.000000e-05	8.217510e-01	3.166756e-10	2.783400e+04	9.423000e+03
32	835.142527	5.368624e-17	8.620000e-01	9.772891e-35	3.191200e+04	4.252700e+04
32	766.678929	4.517633e-15	8.300000e-01	3.269679e-36	2.089300e+04	5.742800e+04
32	724.855759	2.011543e-12	8.940000e-01	2.011543e-12	7.209000e+03	3.067000e+03
32	7153.302196	8.906779e-08	8.560011e-01	1.871298e-15	4.475000e+04	3.847000e+04
32	982.161052	1.000000e-05	8.020628e-01	1.871527e-12	4.803300e+04	2.699400e+04
32	740.389292	7.136710e-14	9.380000e-01	7.536541e-30	1.728300e+04	2.017800e+04
32	1140.476601	1.489508e-08	8.560139e-01	1.000000e-08	2.962600e+04	4.493900e+04
32	727.785764	7.601796e-13	9.540000e-01	8.316391e-20	5.146300e+04	4.621000e+04
32	6780.656072	3.838869e-07	8.560005e-01	3.492417e-15	4.345700e+04	3.698400e+04
32	68853.373095	1.000000e-05	9.359500e-01	1.651531e-17	4.469400e+04	4.965100e+04
32	775.279583	1.879991e-15	9.260000e-01	1.879991e-15	2.542400e+04	3.831000e+03
32	742.220340	4.599327e-15	8.240000e-01	4.599327e-15	1.416100e+04	2.572700e+04
32	288.694646	1.920135e-11	9.701250e-01	3.077152e-12	1.614794e+04	5.816521e+04
32	496.979409	2.781496e-12	9.566029e-01	2.744224e-12	9.571102e+03	5.195400e+04
32	733.841108	1.507604e-14	8.220000e-01	1.507604e-14	1.100400e+04	2.324100e+04
32	1030.896226	7.500000e-16	9.560000e-01	2.367971e-21	1.935900e+04	5.422600e+04
32	717.320936	3.945508e-11	9.800000e-01	3.621090e-29	6.732000e+03	2.057800e+04
32	1229.467914	1.000000e-05	8.299954e-01	2.537446e-12	5.169800e+04	4.817100e+04
32	743.606522	4.607736e-14	8.400000e-01	7.303666e-34	1.555500e+04	4.607900e+04
32	752.004897	7.822121e-13	9.000000e-01	7.822121e-13	1.087900e+04	5.262000e+04
32	267.495728	6.211046e-09	9.667529e-01	6.211046e-09	2.234007e+03	5.623101e+04
32	275.288482	1.310491e-10	9.684294e-01	1.310491e-10	1.155601e+04	5.790500e+04
32	350.173036	2.993374e-16	8.040000e-01	2.038046e-18	2.657600e+04	5.708100e+04
32	721.985707	8.466931e-11	9.620000e-01	2.272210e-17	1.550000e+03	2.751600e+04
32	435.518622	7.119827e-10	8.081599e-01	7.119827e-10	3.830799e+04	1.711007e+03
32	289.834091	2.017713e-11	8.200706e-01	1.656378e-11	5.316100e+04	1.649595e+04
32	726.345472	1.650456e-12	9.260000e-01	1.768125e-28	9.184000e+03	1.545600e+04
32	733.292143	1.871977e-13	8.260000e-01	1.209918e-27	1.195800e+04	1.316900e+04
32	724.107381	7.302517e-12	8.580000e-01	9.950185e-16	3.630000e+03	1.874300e+04
32	815.985266	3.475711e-16	9.240000e-01	3.145389e-21	2.911200e+04	4.929800e+04
32	1157.998565	1.000000e-05	9.044192e-01	3.105402e-09	5.158700e+04	3.316300e+04
32	291.773207	2.723012e-10	9.640000e-01	6.885960e-28	9.836000e+03	6.013000e+03
32	417.218779	2.708303e-09	9.900000e-01	1.175963e-14	2.695700e+04	1.819600e+04
32	460.959041	1.763431e-11	8.069442e-01	3.078741e-13	4.770100e+04	2.232600e+04
32	1125.789632	1.000000e-05	8.080603e-01	3.555343e-09	3.651700e+04	2.670400e+04
32	270.436720	5.191393e-06	8.218173e-01	3.475535e-10	5.994599e+04	9.202013e+03
32	272.497752	2.283345e-10	9.682063e-01	2.283345e-10	1.020800e+04	5.164400e+04
32	745.005069	3.996348e-14	9.100000e-01	3.996348e-14	1.725400e+04	1.107200e+04
32	735.596571	1.305558e-13	8.640000e-01	1.305558e-13	1.334200e+04	8.590000e+03
32	728.373596	8.110091e-13	8.960000e-01	5.227437e-31	9.918000e+03	3.112900e+04
32	1170.384343	3.917528e-06	8.220607e-01	2.662452e-10	5.083300e+04	3.566600e+04
32	306.600635	9.340636e-06	8.196662e-01	3.618372e-12	5.658895e+04	2.021400e+04
32	746.036543	2.869198e-14	9.400000e-01	1.755838e-35	1.957800e+04	5.064000e+04
32	873.935355	6.290777e-16	9.940000e-01	6.069825e-18	1.207100e+04	3.592400e+04
32	769.206288	2.718553e-15	9.320000e-01	5.049786e-34	2.481600e+04	4.046600e+04
32	1256.035600	6.799312e-06	8.460047e-01	3.357331e-13	5.903900e+04	5.435300e+04
32	758.125976	9.910666e-15	9.260000e-01	9.910666e-15	2.146000e+04	1.024000e+03
32	765.894749	4.655534e-15	8.560000e-01	4.655534e-15	2.114100e+04	1.646800e+04
32	765.123835	3.311059e-15	8.060000e-01	3.311059e-15	2.077800e+04	2.531900e+04
32	-1.000000	-1.000000e+00	-1.000000e+00	-1.000000e+00	-1.000000e+00	-1.000000e+00
32	1155.364158	1.733806e-06	8.220303e-01	8.894215e-10	5.595300e+04	3.263600e+04
32	378.923038	1.218042e-10	9.979999e-01	3.427373e-17	1.828800e+04	3.179200e+04
32	764.687601	5.237094e-15	8.260000e-01	1.019687e-28	2.047500e+04	2.284100e+04
32	266.652130	1.000000e-05	8.225179e-01	3.576238e-09	5.581414e+04	3.568806e+03
32	1194.633082	6.267854e-11	9.560047e-01	6.267854e-11	4.021700e+04	5.174300e+04
32	2689.636804	5.000000e-16	9.680000e-01	3.171861e-37	3.808600e+04	5.656900e+04
32	731.122585	3.101725e-13	8.420000e-01	4.280358e-29	1.103000e+04	2.233800e+04
32	729.958637	3.970649e-13	8.420000e-01	7.802553e-27	1.043700e+04	1.337500e+04
32	30610.380284	5.300000e-16	8.780000e-01	1.561562e-36	4.105200e+04	5.702500e+04
32	268.804719	1.006291e-08	9.666382e-01	1.000000e-08	1.066995e+03	5.350899e+04
32	295.470700	9.964317e-06	8.202323e-01	1.040277e-11	5.228600e+04	1.766910e+04
32	3090.161939	5.906071e-08	8.860002e-01	1.000000e-08	5.558800e+04	2.681200e+04
32	1179.866814	2.902949e-06	8.560310e-01	3.016125e-10	5.922900e+04	3.759500e+04
32	737.652422	1.056426e-13	9.400000e-01	8.274505e-34	1.644400e+04	4.346900e+04
32	1217.870081	1.324110e-11	9.419961e-01	1.324110e-11	4.497600e+04	5.403400e+04
32	1231.525869	4.639506e-12	9.460012e-01	4.639506e-12	4.763400e+04	5.520200e+04
32	727.249000	9.745603e-13	9.120000e-01	9.745603e-13	9.786000e+03	2.027000e+03
32	747.903630	3.526456e-14	9.100000e-01	3.526456e-14	1.783800e+04	3.131000e+03
32	723.790320	8.532264e-12	9.140000e-01	7.788702e-30	4.777000e+03	2.794300e+04
32	790.490225	7.071686e-16	8.120000e-01	2.483941e-36	2.496700e+04	5.775200e+04
32	451.764946	4.613111e-11	9.720000e-01	3.689483e-13	3.980100e+04	1.017200e+04
32	750.832057	6.608381e-13	9.900000e-01	1.276794e-20	4.783900e+04	5.003300e+04
32	1145.867672	1.387698e-08	8.040022e-01	1.000000e-08	3.072700e+04	4.837900e+04
32	780.260479	1.479777e-15	9.180000e-01	8.423379e-32	2.567300e+04	3.020800e+04
32	466.792750	1.301334e-11	9.680000e-01	4.244011e-13	4.334500e+04	9.885000e+03
32	1169.633556	5.831706e-06	9.102038e-01	1.277812e-09	5.668000e+04	3.551100e+04
32	1154.883542	5.059408e-06	8.240637e-01	1.007387e-09	5.074500e+04	3.253900e+04
32	12493.065001	4.386359e-07	8.860005e-01	7.267740e-13	4.343400e+04	2.422300e+04
32	798.835723	4.768060e-16	8.540000e-01	8.115074e-33	2.663600e+04	3.557200e+04
32	818.583980	1.412460e-16	8.680000e-01	3.365160e-37	2.978300e+04	5.833200e+04
32	-1.000000	-1.000000e+00	-1.000000e+00	-1.000000e+00	-1.000000e+00	-1.000000e+00
32	743.766228	5.874898e-14	8.940000e-01	6.051017e-35	1.615700e+04	4.428200e+04
32	762.333319	6.415281e-15	9.261074e-01	3.971864e-36	2.250400e+04	5.239100e+04
32	-1.000000	-1.000000e+00	-1.000000e+00	-1.000000e+00	-1.000000e+00	-1.000000e+00
32	283.165706	1.609163e-09	9.697469e-01	1.609163e-09	5.302034e+03	3.928199e+04
32	892.603188	1.033493e-17	8.360000e-01	2.025619e-19	3.352200e+04	4.603900e+04
32	275.336949	3.538667e-06	8.214282e-01	1.297636e-10	5.868802e+04	1.158096e+04
32	308.680353	2.906110e-09	8.182319e-01	1.776322e-12	3.857095e+04	2.177705e+04
32	410.642504	2.024007e-09	9.640000e-01	4.850607e-13	3.095400e+04	9.605000e+03
32	406.391196	5.187547e-09	9.120000e-01	6.101945e-12	3.097500e+04	4.297000e+03
32	319.006283	4.656973e-16	8.080000e-01	1.136508e-18	2.491600e+04	5.699000e+04
32	-1.000000	-1.000000e+00	-1.000000e+00	-1.000000e+00	-1.000000e+00	-1.000000e+00
32	335.603833	4.665996e-08	8.157495e-01	8.813656e-14	3.031184e+04	2.883759e+04
32	627.341146	5.175906e-12	8.076350e-01	5.175906e-12	5.698000e+04	1.631600e+04
32	16888.353814	7.985506e-08	8.720001e-01	6.480757e-17	4.951700e+04	4.643900e+04
32	743.840868	1.025943e-15	8.160000e-01	9.646061e-16	1.737100e+04	3.112000e+04
32	417.133719	5.026567e-09	8.760000e-01	5.083247e-13	3.201200e+04	1.117000e+04
32	509.513470	1.778698e-09	9.540000e-01	8.045271e-17	3.190300e+04	3.034600e+04
32	808.585949	2.567088e-16	8.860000e-01	2.567088e-16	2.881500e+04	3.614000e+03
32	266.570397	1.000000e-05	8.223423e-01	1.772890e-09	5.117096e+04	5.265052e+03
32	796.169120	9.154701e-17	9.440000e-01	8.677073e-37	3.358000e+04	5.463600e+04
32	493.282218	2.874831e-09	9.380000e-01	2.014532e-16	3.149300e+04	2.843000e+04
32	512.535394	2.570845e-11	8.580000e-01	3.090247e-13	6.300000e+02	5.523200e+04
32	402.174854	2.872359e-08	9.220000e-01	6.476409e-14	2.637300e+04	1.504200e+04
32	1062.638060	1.503127e-12	9.500000e-01	9.277888e-28	2.243600e+04	4.543000e+03
32	269.101677	1.000000e-05	8.224644e-01	7.729032e-09	2.354300e+04	1.682000e+03
32	1066.009494	1.000000e-05	8.004782e-01	8.757766e-09	3.543202e+04	1.718405e+04
32	438.226297	1.000953e-09	9.140000e-01	1.111601e-13	3.503400e+04	1.390300e+04
32	80375.463969	1.000000e-05	9.539998e-01	5.667356e-17	4.734700e+04	4.675900e+04
32	338.931062	4.299796e-09	8.157591e-01	6.301712e-14	3.626201e+04	2.967699e+04
32	544.424168	1.591646e-12	9.980000e-01	9.007809e-17	4.145200e+04	2.958700e+04
32	-1.000000	-1.000000e+00	-1.000000e+00	-1.000000e+00	-1.000000e+00	-1.000000e+00
32	516.057922	4.680080e-09	8.136093e-01	4.680080e-09	4.243994e+04	1.126033e+03
32	761.420861	7.700347e-15	8.700000e-01	7.700347e-15	2.033800e+04	1.277000e+04
32	1218.646258	9.999999e-06	8.520304e-01	1.104046e-11	4.737500e+04	4.577300e+04
32	269.798737	8.732454e-06	8.218774e-01	4.098352e-10	5.807927e+04	8.803878e+03
32	723.969222	3.099102e-11	8.920000e-01	2.171655e-15	5.120000e+02	1.969800e+04
32	1237.688366	3.165824e-12	9.280000e-01	3.165824e-12	4.928900e+04	5.652800e+04
32	731.461636	2.933402e-13	8.440000e-01	5.841641e-30	1.120100e+04	2.621400e+04
32	725.071426	2.318794e-12	8.760000e-01	2.828227e-31	6.885000e+03	3.127700e+04
32	1244.879997	1.000000e-05	8.479849e-01	9.910003e-13	5.197100e+04	5.169900e+04
32	748.587736	2.458111e-14	8.580000e-01	2.458111e-14	1.725700e+04	1.206100e+04
32	1233.833266	9.527226e-12	9.280022e-01	9.527226e-12	4.900300e+04	4.922800e+04
32	806.778834	2.815332e-16	8.920000e-01	2.815332e-16	2.875900e+04	1.870000e+02
32	889.436085	3.535546e-17	8.220000e-01	1.610255e-21	3.114300e+04	5.766400e+04
32	268.397163	3.374952e-06	8.226960e-01	8.852907e-09	5.047838e+04	1.376944e+03
32	767.757994	4.716523e-15	9.000000e-01	4.716523e-15	2.228600e+04	1.187300e+04
32	730.279038	3.027714e-13	8.280000e-01	3.027714e-13	1.069800e+04	7.724000e+03
32	476.989896	2.280398e-15	9.940000e-01	8.745060e-20	4.092700e+04	4.545200e+04
32	537.066526	4.186314e-10	9.700000e-01	3.059929e-17	3.441300e+04	3.239700e+04
32	720.127508	5.595461e-11	9.720000e-01	8.679662e-18	4.148000e+03	2.718200e+04
32	266.485072	1.000000e-05	8.223933e-01	2.146343e-09	4.877401e+04	4.803015e+03
32	752.686587	1.463392e-14	8.120000e-01	1.463392e-14	1.780900e+04	3.644000e+03
32	284.999635	1.048621e-08	8.204902e-01	3.144650e-11	3.878600e+04	1.496400e+04
32	272.538115	9.040813e-09	8.216384e-01	2.175852e-10	5.827476e+04	1.033300e+04
32	65433.166941	1.400000e-16	8.880000e-01	7.123184e-36	4.051300e+04	5.471000e+04
32	724.017497	6.070993e-12	9.020000e-01	2.377132e-33	5.228000e+03	4.119900e+04
32	742.364799	7.193949e-14	9.040000e-01	2.144492e-35	1.595700e+04	4.687800e+04
32	723.991635	2.718858e-11	9.220000e-01	1.856357e-13	1.384000e+03	9.522000e+03
32	1139.509353	9.380395e-06	8.301148e-01	4.297183e-09	4.964000e+04	2.945300e+04
32	266.667843	3.228215e-09	9.669615e-01	3.228215e-09	3.814989e+03	4.974997e+04
32	821.412543	5.502357e-15	9.620000e-01	5.838847e-34	3.586700e+04	4.119400e+04
32	83409.357040	8.909711e-09	9.740000e-01	9.210820e-16	5.550500e+04	4.016700e+04
32	408.456631	1.151575e-09	9.760000e-01	2.267029e-12	3.132000e+04	5.745000e+03
32	746.303670	4.363600e-14	9.000000e-01	2.640041e-35	1.703400e+04	4.573400e+04
32	285.161133	1.000000e-05	8.202354e-01	3.176708e-11	2.076900e+04	1.490606e+04
32	750.469958	2.174419e-14	8.440000e-01	4.016073e-36	1.741700e+04	5.333700e+04
32	757.092576	1.039816e-14	8.280000e-01	6.504860e-36	1.888400e+04	5.153300e+04
32	711.728022	9.702689e-11	9.860000e-01	1.798600e-31	6.161949e+03	3.184992e+04
32	825.448032	2.812279e-12	9.180000e-01	2.812279e-12	8.560000e+03	4.963100e+04
32	355.325307	2.110727e-13	8.200000e-01	2.110727e-13	1.193000e+03	2.709600e+04
32	266.603223	1.000000e-05	8.223339e-01	1.750610e-09	3.246899e+04	5.295058e+03
32	1214.161622	9.999998e-06	8.560626e-01	1.740716e-11	5.000600e+04	4.479700e+04
32	1254.904833	9.999999e-06	8.859833e-01	6.672375e-13	5.487600e+04	5.407900e+04
32	277.993010	1.000000e-05	8.212459e-01	8.493336e-11	4.211795e+04	1.260404e+04
32	520.168986	5.548935e-11	9.160000e-01	2.555576e-13	2.650000e+02	5.731800e+04
32	-1.000000	-1.000000e+00	-1.000000e+00	-1.000000e+00	-1.000000e+00	-1.000000e+00
32	1045.199173	7.700002e-16	9.900000e-01	1.755793e-22	2.684100e+04	5.941700e+04
32	724.559447	9.169665e-12	8.240000e-01	2.912816e-23	2.536000e+03	4.700000e+02
32	276.542847	1.064392e-10	9.685528e-01	1.064392e-10	1.205805e+04	5.826997e+04
32	1175.931360	5.747955e-10	9.103768e-01	5.747955e-10	3.652000e+04	4.617300e+04
32	291.986638	3.523222e-08	9.899953e-01	3.424176e-14	9.350000e+02	1.541200e+04
32	1247.697842	1.827854e-06	9.619998e-01	2.274435e-12	5.233400e+04	5.236000e+04
32	160924.252746	1.000000e-16	8.220000e-01	2.798686e-35	3.973400e+04	5.365200e+04
32	21107.518633	2.008995e-07	9.060004e-01	3.010114e-13	4.552200e+04	2.634100e+04
32	1198.610755	1.166440e-10	9.359932e-01	1.166440e-10	4.025300e+04	4.552600e+04
32	312.804919	1.763912e-10	8.180386e-01	1.131203e-12	4.542217e+04	2.287005e+04
32	775.308076	2.386128e-15	8.840000e-01	2.386128e-15	2.339000e+04	1.637700e+04
32	639.703948	3.113289e-13	9.920000e-01	3.742894e-18	4.919300e+04	3.703000e+04
32	680.132963	3.270099e-12	9.120000e-01	5.521045e-19	4.952600e+04	4.259000e+04
32	739.884162	6.093093e-14	8.060000e-01	6.093093e-14	1.431500e+04	6.477000e+03
32	278.142540	7.083006e-12	8.060000e-01	1.640479e-14	2.473000e+03	3.550800e+04
32	1244.660258	3.530002e-12	8.620001e-01	3.530002e-12	5.140600e+04	5.225300e+04
32	776.801363	1.975790e-15	8.240000e-01	1.975790e-15	2.274400e+04	3.254000e+03
32	295.282949	5.280863e-09	8.194348e-01	8.474004e-12	3.828197e+04	1.807101e+04
32	273.376975	1.000000e-05	8.215728e-01	1.845176e-10	4.152692e+04	1.073104e+04
32	728.965950	5.258460e-13	8.500000e-01	6.121768e-34	9.913000e+03	4.239300e+04
32	750.013277	2.848125e-14	9.020000e-01	3.169291e-29	1.811000e+04	2.147600e+04
32	274.760632	1.000000e-05	8.214682e-01	1.433687e-10	3.501296e+04	1.134007e+04
32	367.419766	8.529409e-16	9.860000e-01	9.360669e-22	4.095900e+04	5.518900e+04
32	493.041708	2.000230e-11	9.660000e-01	7.116820e-15	4.241000e+04	1.966500e+04
32	271.863188	1.461162e-08	9.900000e-01	1.052699e-11	3.065000e+03	1.622000e+03
32	505.559166	1.101365e-09	8.680000e-01	2.930804e-16	3.599100e+04	2.920000e+04
32	785.413396	1.098424e-15	9.100000e-01	1.098424e-15	2.609200e+04	8.617000e+03
32	892.345331	2.419792e-18	8.000000e-01	1.804538e-18	3.798600e+04	5.061400e+04
32	268.137198	7.174476e-10	9.675580e-01	7.174476e-10	7.449024e+03	5.220901e+04
32	-1.000000	-1.000000e+00	-1.000000e+00	-1.000000e+00	-1.000000e+00	-1.000000e+00
32	293.422969	1.934698e-13	8.100000e-01	1.342064e-15	1.047800e+04	4.022200e+04
32	985.951455	3.900000e-16	9.660000e-01	9.521425e-21	2.479100e+04	5.077400e+04
32	747.683786	3.352189e-14	8.700000e-01	2.907863e-27	1.691200e+04	1.568000e+04
32	266.472467	1.000000e-05	8.224173e-01	2.355305e-09	5.480740e+04	4.578444e+03
32	765.003912	6.460583e-15	8.900000e-01	1.730157e-28	2.130500e+04	1.849400e+04
32	460.856615	7.120428e-11	9.160000e-01	3.798001e-13	4.162800e+04	1.092500e+04
32	879.904073	1.704127e-17	8.740000e-01	1.254161e-22	3.454300e+04	5.806700e+04
32	507.451840	6.539222e-12	8.680000e-01	4.912473e-13	4.166000e+03	5.442500e+04
32	1123.056150	1.000000e-05	8.165541e-01	9.070393e-09	5.760799e+04	2.613918e+04
32	832.677726	5.497688e-17	8.140000e-01	3.479751e-34	3.097300e+04	4.230900e+04
32	764.125994	2.328818e-15	9.440000e-01	1.785037e-32	2.583800e+04	2.687700e+04
32	3082.238691	1.210226e-16	9.480000e-01	3.911166e-36	4.495600e+04	5.185400e+04
32	1235.916158	9.038946e-06	8.660535e-01	3.016959e-12	5.449600e+04	4.962800e+04
32	610.506262	1.915123e-10	9.060000e-01	2.064550e-18	3.941700e+04	3.967200e+04
32	1010.905361	3.999820e-16	8.920000e-01	6.332475e-21	1.040500e+04	5.335500e+04
32	384.955408	1.462199e-08	9.960000e-01	1.583769e-14	2.047300e+04	1.742400e+04
32	724.367172	3.626425e-12	8.660000e-01	2.041771e-30	5.582000e+03	1.997100e+04
32	768.915116	4.438448e-15	8.700000e-01	6.767134e-36	2.171300e+04	5.144300e+04
32	574.937898	1.586041e-10	9.560000e-01	9.344952e-18	3.784800e+04	3.532600e+04
32	268.069911	1.298456e-06	8.220662e-01	7.087285e-10	5.177203e+04	7.480737e+03
32	529.325635	1.403664e-10	9.300000e-01	2.008368e-16	3.940300e+04	2.857000e+04
32	467.147059	3.901465e-09	9.880000e-01	2.174764e-16	2.650100e+04	2.761900e+04
32	726.391037	1.170652e-12	8.580000e-01	4.209490e-29	8.145000e+03	2.066300e+04
32	44338.219695	1.075551e-07	9.400001e-01	2.362835e-14	4.827400e+04	3.243500e+04
32	788.788753	9.558287e-16	8.600000e-01	9.558287e-16	2.512300e+04	8.780000e+02
32	737.642630	1.349752e-14	9.620000e-01	2.791589e-35	2.307100e+04	4.940500e+04
32	1138.896023	9.999999e-06	8.521579e-01	7.619370e-09	5.235200e+04	2.932900e+04
32	801.943133	4.019264e-16	8.760000e-01	1.850922e-31	2.751400e+04	2.813900e+04
32	467.789247	1.023085e-11	8.220000e-01	8.498589e-12	2.199000e+03	4.445600e+04
32	791.145624	2.894070e-16	9.500000e-01	1.331069e-20	3.103500e+04	4.490100e+04
32	1242.319518	6.493024e-07	8.578709e-01	1.492673e-12	4.087900e+04	5.110500e+04
32	336.720259	1.662821e-11	8.164203e-01	9.068889e-14	5.045631e+04	2.889183e+04
32	582.965734	5.717979e-12	9.640000e-01	3.866494e-17	4.571400e+04	3.193400e+04
32	288.650959	7.464694e-12	8.140000e-01	4.968851e-13	9.770000e+02	2.572100e+04
32	387.661865	4.724951e-07	8.480007e-01	2.084673e-14	2.128500e+04	1.997600e+04
32	43254.113819	1.922375e-08	9.380001e-01	2.246031e-14	5.437000e+04	3.255600e+04
32	770.956767	3.774676e-15	8.720000e-01	5.567695e-33	2.214100e+04	3.921600e+04
32	459.837961	6.978182e-10	8.060000e-01	2.163177e-15	3.838000e+04	3.411100e+04
32	727.703628	7.241066e-13	8.480000e-01	2.532788e-32	9.105000e+03	3.859000e+04
32	273.835898	1.253662e-09	8.215358e-01	1.694099e-10	5.555298e+04	1.093699e+04
32	832.401157	4.199783e-07	9.380009e-01	6.128365e-17	5.360600e+04	3.125400e+04
32	267.005265	1.747344e-09	9.672509e-01	1.747344e-09	5.293024e+03	4.716801e+04
32	266.578973	1.000000e-05	8.223391e-01	1.753187e-09	4.022121e+04	5.292041e+03
32	476.199134	1.055023e-11	9.260000e-01	1.076388e-12	4.611200e+04	8.244000e+03
32	961.402711	9.999278e-17	9.940000e-01	9.333265e-20	1.310300e+04	4.550200e+04
