17	1208.157084	1.170499e-09	7.700000e-01	1.131696e-09	3.288805e+04	4.246297e+04
17	1407.505048	1.827365e-08	9.471000e-01	2.933424e-13	5.163900e+04	5.334800e+04
17	-1.000000	-1.000000e+00	-1.000000e+00	-1.000000e+00	-1.000000e+00	-1.000000e+00
17	1103.834196	4.700000e-16	9.747000e-01	1.333879e-21	4.013200e+04	5.771000e+04
17	189.386254	2.952999e-13	8.896000e-01	2.952999e-13	6.064000e+03	2.685900e+04
17	1198.696189	6.101924e-15	7.999000e-01	4.563887e-15	2.131200e+04	2.711200e+04
17	1467.627539	7.798546e-12	9.379000e-01	9.426644e-13	1.889200e+04	2.395700e+04
17	1013.912403	1.273305e-08	9.953999e-01	2.433186e-09	1.062000e+03	5.063000e+03
17	42.295933	1.498205e-09	9.172000e-01	4.493701e-12	7.925000e+03	6.860000e+03
17	1329.182540	1.931776e-06	8.643137e-01	4.733539e-12	4.634300e+04	4.491900e+04
17	150.244561	9.454325e-07	9.632015e-01	3.073103e-13	1.113000e+04	1.352800e+04
17	212.052326	1.609638e-12	8.413000e-01	5.073573e-16	4.984000e+04	4.174500e+04
17	116.576422	4.237893e-10	8.574000e-01	1.956459e-13	3.629500e+04	2.751300e+04
17	1015.648704	7.723701e-09	8.872995e-01	1.169836e-09	2.271000e+03	6.833000e+03
17	108.107446	1.403270e-09	8.659662e-01	1.403270e-09	6.182146e+03	3.281000e+04
17	254.474222	2.322346e-10	8.206000e-01	4.043938e-15	3.689000e+04	3.591700e+04
17	1344.002719	4.999428e-17	9.724000e-01	1.840142e-19	1.694600e+04	4.742200e+04
17	4230.733965	2.578285e-17	7.723000e-01	1.253994e-18	4.903000e+04	5.602000e+04
17	47.119512	1.000000e-05	8.895439e-01	3.072790e-10	4.921510e+04	1.016999e+04
17	49.082239	5.892354e-10	8.545554e-01	5.892354e-10	8.526020e+03	3.864301e+04
17	288.382244	1.401984e-13	7.861000e-01	1.301294e-16	1.517700e+04	4.893700e+04
17	276.235123	6.599521e-15	9.540000e-01	2.788431e-18	3.842200e+04	4.086000e+04
17	77.416492	3.108068e-07	8.679648e-01	4.611704e-12	2.042787e+04	1.996606e+04
17	74.721356	7.212713e-07	8.683153e-01	6.038464e-12	1.836900e+04	1.931437e+04
17	-1.000000	-1.000000e+00	-1.000000e+00	-1.000000e+00	-1.000000e+00	-1.000000e+00
17	1327.111029	6.399271e-16	9.724000e-01	5.646270e-19	1.371800e+04	4.478800e+04
17	201.454824	1.135695e-09	8.275000e-01	4.499035e-12	3.292700e+04	1.900600e+04
17	91.101866	4.042184e-06	8.836143e-01	7.180457e-12	5.949300e+04	1.921632e+04
17	1249.484584	1.975425e-16	7.999000e-01	9.932621e-21	3.113600e+04	4.953100e+04
17	1084.720338	1.159567e-07	8.163625e-01	1.000000e-08	2.070300e+04	3.486700e+04
17	45.650684	1.000000e-05	8.901865e-01	2.398355e-09	2.009002e+04	5.203092e+03
17	69.599111	2.748042e-11	8.862299e-01	2.748042e-11	5.711303e+04	1.598723e+04
17	128.208778	3.841825e-10	8.827000e-01	6.093655e-13	3.806100e+04	2.499100e+04
17	1165.522962	9.400000e-16	9.563000e-01	3.193561e-22	3.428400e+04	5.468700e+04
17	663.294171	5.988681e-11	8.104702e-01	5.988681e-11	4.829400e+04	1.608300e+04
17	15569.225667	9.300000e-16	8.091000e-01	1.025307e-19	4.308400e+04	5.037800e+04
17	1421.724975	4.500000e-16	9.287000e-01	6.897545e-37	3.634200e+04	5.765400e+04
17	56.315577	1.409830e-10	8.880631e-01	8.642724e-11	5.713507e+04	1.322717e+04
17	1250.637840	1.579172e-06	8.620185e-01	1.051559e-10	5.175100e+04	3.702400e+04
17	425.334867	7.191424e-12	8.781000e-01	2.609362e-16	4.669200e+04	4.348900e+04
17	106.537480	1.079136e-08	8.666000e-01	4.186154e-13	2.862100e+04	2.575000e+04
17	1354.374920	3.344401e-12	9.425000e-01	3.344401e-12	4.638900e+04	4.817000e+04
17	48.969767	6.743725e-06	8.892108e-01	2.196129e-10	5.449682e+04	1.097984e+04
17	49.818646	1.984915e-06	8.872720e-01	1.853843e-10	2.084603e+04	1.135598e+04
17	1021.295999	1.132228e-08	8.282169e-01	2.147380e-10	1.347113e+03	1.093002e+04
17	900.677467	9.316855e-06	7.719771e-01	2.745181e-11	5.998900e+04	2.664400e+04
17	132.159721	1.245467e-09	8.549990e-01	4.869351e-14	3.347134e+04	3.081583e+04
17	55.754739	1.361993e-08	8.574000e-01	1.149695e-11	1.143000e+03	7.710000e+02
17	49.024439	9.356664e-06	8.858770e-01	2.261608e-09	1.465898e+04	5.259018e+03
17	49.090446	9.558850e-06	8.906363e-01	5.514347e-09	4.832797e+04	3.201031e+03
17	197.038362	7.997320e-08	8.826999e-01	7.672880e-14	2.477700e+04	2.994100e+04
17	1264.792074	6.881945e-17	7.723000e-01	1.190391e-31	3.319500e+04	3.850800e+04
17	144.231914	2.895241e-12	8.444031e-01	2.676479e-12	8.516825e+03	2.235204e+04
17	88.561204	7.694025e-08	8.873001e-01	6.957198e-12	2.651100e+04	1.919900e+04
17	250.810832	4.931097e-09	8.850000e-01	2.537126e-14	3.153100e+04	3.259400e+04
17	1321.916005	4.999168e-16	9.379000e-01	2.696274e-19	1.050800e+04	4.704300e+04
17	844.956869	1.067041e-12	9.126000e-01	6.538391e-16	5.287000e+04	4.135700e+04
17	94.271854	1.000000e-05	8.406992e-01	2.358232e-10	9.993946e+03	9.536016e+03
17	1407.503758	5.400000e-16	9.931000e-01	6.109895e-21	2.197500e+04	5.511900e+04
17	1848.642639	1.000000e-05	9.516996e-01	2.931767e-16	5.842700e+04	4.327500e+04
17	128.757016	6.550473e-09	8.551000e-01	5.518710e-14	2.932000e+04	3.049100e+04
17	69.095431	1.000000e-05	8.605677e-01	1.036619e-09	1.079698e+04	6.572988e+03
17	982.097334	8.917949e-06	7.720853e-01	8.642074e-09	5.130902e+04	1.603704e+04
17	1603.857732	2.207863e-08	9.471000e-01	5.526672e-16	4.984200e+04	4.176900e+04
17	901.668344	8.359296e-09	7.719027e-01	8.540165e-13	3.379700e+04	3.492500e+04
17	130.173083	8.461248e-08	8.515506e-01	1.000000e-08	2.252798e+04	7.679990e+02
17	202.443759	4.125634e-09	8.528000e-01	4.125634e-09	4.288700e+04	4.130000e+03
17	101.168141	1.114956e-08	8.669682e-01	1.000000e-08	1.109993e+03	2.845987e+04
17	1108.167012	9.080409e-11	7.746000e-01	3.127400e-12	1.298500e+04	2.108900e+04
17	1178.756696	2.273903e-06	8.574001e-01	1.598865e-09	5.530800e+04	3.005900e+04
17	945.055831	1.000000e-05	9.908155e-01	1.112040e-10	2.037700e+04	1.250100e+04
17	900.403059	1.000000e-05	7.720114e-01	9.315777e-11	3.418802e+04	2.354299e+04
17	416.939330	1.003514e-15	9.724000e-01	2.889450e-20	4.404000e+04	5.154800e+04
17	9865.816344	3.000000e-16	8.367000e-01	1.594053e-35	3.875200e+04	4.760900e+04
17	73.804467	1.358265e-07	8.708851e-01	7.100828e-12	2.274100e+04	1.897700e+04
17	1242.238097	1.567175e-18	8.344000e-01	1.567175e-18	2.573100e+04	4.608100e+04
17	1236.001224	6.961824e-16	8.942000e-01	6.071235e-17	1.824500e+04	3.510600e+04
17	451.793553	5.414464e-16	9.724000e-01	5.498875e-21	4.546100e+04	5.542000e+04
17	44.712502	3.276483e-09	8.897706e-01	8.833145e-10	3.894219e+04	7.611061e+03
17	44.890213	1.000000e-05	8.905627e-01	2.077849e-09	2.485108e+04	5.556988e+03
17	230.652763	7.007558e-13	8.965000e-01	1.756062e-13	5.451600e+04	2.801100e+04
17	45.597108	2.681754e-09	8.503846e-01	2.681754e-09	4.942066e+03	5.080616e+04
17	63.899223	1.524280e-08	8.865908e-01	8.743656e-09	3.003220e+04	1.983163e+03
17	1402.889557	1.000000e-05	7.975976e-01	6.379509e-14	5.594100e+04	5.292800e+04
17	617.534787	1.473657e-15	9.931000e-01	5.913714e-17	5.734000e+04	3.353900e+04
17	180.529080	9.900343e-10	8.321000e-01	9.768289e-14	3.341800e+04	2.861200e+04
17	1158.833757	7.721439e-12	8.091000e-01	7.721439e-12	1.863000e+03	1.071000e+04
17	1235.088243	6.563679e-16	7.792000e-01	6.840364e-34	2.798200e+04	5.088600e+04
17	1123.918742	1.000000e-05	9.839044e-01	6.707729e-10	6.663000e+03	8.037000e+03
17	1264.528082	2.792719e-16	9.287000e-01	1.722742e-17	1.574200e+04	3.738800e+04
17	74.927792	9.313376e-12	8.618786e-01	4.746533e-13	1.847600e+04	5.513000e+04
17	44.303597	1.000000e-05	8.901755e-01	7.628865e-10	2.511961e+04	7.975488e+03
17	1118.346011	9.841874e-08	8.458946e-01	1.000000e-08	2.197600e+04	2.715900e+04
17	240.863177	1.170731e-15	8.873000e-01	3.753944e-19	4.039900e+04	4.422300e+04
17	735.745690	1.203460e-12	9.540000e-01	1.203460e-12	6.291000e+03	2.340700e+04
17	46.559477	4.173715e-06	8.896533e-01	3.466827e-10	5.533427e+04	9.879041e+03
17	304.681487	3.351244e-08	9.379001e-01	5.513341e-11	5.326900e+04	1.422400e+04
17	1215.963002	2.067947e-15	8.137001e-01	5.068249e-36	2.591500e+04	5.704100e+04
17	184.589866	2.878365e-11	8.367000e-01	9.852292e-14	4.249100e+04	2.886400e+04
17	1223.415281	3.836682e-08	9.655001e-01	6.129316e-14	5.042300e+04	3.052000e+04
17	1347.710994	9.999999e-17	9.333000e-01	4.652260e-20	3.048400e+04	5.079300e+04
17	655.615098	1.055915e-08	9.586000e-01	5.054878e-12	5.732300e+04	1.994900e+04
17	57.983546	2.176867e-07	8.805756e-01	5.136298e-11	2.304884e+04	1.435099e+04
17	43.883512	2.629050e-09	8.749902e-01	2.402891e-11	5.481861e+03	1.570063e+03
17	1201.619835	1.504356e-09	7.700000e-01	1.344090e-09	3.225698e+04	3.418802e+04
17	1330.631879	5.199043e-16	9.931000e-01	7.102259e-19	5.357000e+03	4.399600e+04
17	47.448845	2.488967e-07	8.894819e-01	2.876791e-10	5.580721e+04	1.032892e+04
17	722.927027	4.581345e-08	9.632001e-01	4.834655e-12	4.994600e+04	2.005300e+04
17	1382.086944	7.200000e-16	9.954000e-01	2.128495e-20	3.041000e+04	5.205600e+04
17	61.604523	4.522764e-11	8.867071e-01	4.522764e-11	4.774225e+04	1.475794e+04
17	911.692887	8.620680e-16	8.390000e-01	9.033437e-21	4.066700e+04	5.505600e+04
17	57.511272	5.905636e-09	8.826465e-01	5.750089e-11	3.258016e+04	1.411699e+04
17	147910.215656	2.400000e-16	8.022000e-01	7.450132e-21	4.847900e+04	5.720800e+04
17	1335.554400	1.000000e-05	8.020161e-01	1.302219e-12	3.870001e+04	4.563600e+04
17	1099.561282	2.026531e-07	8.045000e-01	1.000000e-08	2.052800e+04	2.588800e+04
17	193.059175	1.789046e-13	8.206000e-01	2.729764e-15	1.436000e+04	3.935400e+04
17	51.124668	3.158976e-09	8.888363e-01	1.593980e-10	4.775497e+04	1.175199e+04
17	51.260500	1.000000e-05	8.801171e-01	1.255433e-09	1.284194e+04	6.570027e+03
17	1220.585807	8.315116e-20	8.137000e-01	8.315116e-20	2.683900e+04	5.541600e+04
17	158.004782	5.999890e-11	8.505000e-01	1.017610e-14	4.093800e+04	3.457700e+04
17	80.497309	5.089249e-06	8.849011e-01	1.332878e-11	5.554348e+04	1.772826e+04
17	-1.000000	-1.000000e+00	-1.000000e+00	-1.000000e+00	-1.000000e+00	-1.000000e+00
17	1330.920564	8.699287e-16	9.586000e-01	2.955717e-19	1.045100e+04	4.650100e+04
17	48.249199	1.000000e-05	8.890670e-01	3.551847e-09	1.711688e+04	4.233045e+03
17	62.319066	6.988082e-10	8.596632e-01	6.988082e-10	8.005064e+03	3.607700e+04
17	1319.301287	1.000000e-05	7.837982e-01	9.983483e-13	4.678300e+04	4.421000e+04
17	51.069785	1.000000e-05	8.864231e-01	3.900276e-09	1.484388e+04	3.956044e+03
17	248.863836	1.836444e-11	9.126000e-01	3.143495e-12	1.593500e+04	4.796700e+04
17	151.226389	9.467285e-12	8.601406e-01	9.467285e-12	5.492100e+04	1.865800e+04
17	46.447251	3.344179e-09	8.503683e-01	3.344179e-09	4.409073e+03	5.630518e+04
17	924.697798	7.617793e-11	9.319988e-01	7.611890e-11	3.504004e+03	1.368700e+04
17	88.295470	5.552667e-08	8.750455e-01	1.000000e-08	2.508889e+04	1.313097e+03
17	640.116000	8.499169e-16	9.908000e-01	1.997318e-16	5.970100e+04	3.069200e+04
17	46.130485	2.553226e-10	9.172000e-01	2.115830e-13	1.215800e+04	1.416000e+04
17	573.159550	7.712544e-13	9.908000e-01	5.700606e-19	4.246600e+04	4.448600e+04
17	1291.545565	8.799992e-16	8.505000e-01	2.427666e-20	2.254900e+04	5.463600e+04
17	69.923359	4.978688e-09	8.757649e-01	1.217269e-11	3.153489e+04	1.776604e+04
17	1212.077283	3.533556e-16	8.643000e-01	5.940204e-37	3.146500e+04	5.790700e+04
17	156.605465	9.735419e-08	8.365872e-01	1.000000e-08	2.180828e+04	3.128428e+02
17	56.248534	6.370233e-06	8.796973e-01	6.375836e-11	1.450919e+04	1.380641e+04
17	908.043271	2.197301e-09	7.746000e-01	2.197301e-09	5.309000e+03	3.347800e+04
17	60.310854	3.755127e-08	9.356000e-01	3.306255e-11	7.990000e+02	2.185000e+03
17	1368.434929	1.885663e-12	7.884000e-01	1.885663e-12	4.895700e+04	5.205200e+04
17	656.450498	3.687833e-10	8.114999e-01	3.687833e-10	4.709900e+04	1.175300e+04
17	650.972174	1.856807e-16	8.505000e-01	3.698737e-21	4.445000e+04	5.238600e+04
17	1075.651963	2.068399e-07	7.700000e-01	8.703878e-09	1.993832e+04	2.755988e+04
17	46.323129	3.037046e-09	9.494000e-01	4.357751e-12	7.491000e+03	7.071000e+03
17	912.191716	2.470566e-09	9.862000e-01	5.827333e-13	9.400000e+01	5.204400e+04
17	49.663229	2.058083e-09	8.530953e-01	2.058083e-09	5.527012e+03	3.631413e+04
17	183.351897	1.181963e-11	8.493205e-01	1.101991e-11	5.430000e+03	1.886300e+04
17	80.627660	1.274931e-08	8.699752e-01	3.718684e-12	2.853784e+04	2.054010e+04
17	48.264151	2.475114e-10	8.516740e-01	2.475114e-10	1.068999e+04	5.019705e+04
17	978.143838	2.876605e-07	9.931004e-01	1.168530e-10	3.922500e+04	1.238100e+04
17	1249.209697	7.700000e-16	9.356000e-01	2.666167e-21	3.129300e+04	5.381000e+04
17	73.802796	1.000000e-05	8.529869e-01	1.382497e-10	1.044904e+04	1.124469e+04
17	1292.990643	6.699995e-16	8.528000e-01	2.713601e-20	2.423200e+04	5.407800e+04
17	1024.379615	1.801559e-06	7.768480e-01	1.000000e-08	1.447100e+04	4.272800e+04
17	538.056006	5.266835e-11	8.804000e-01	8.015025e-17	4.174500e+04	4.629300e+04
17	1329.175846	6.199999e-16	9.287000e-01	1.044077e-19	2.704000e+04	4.871800e+04
17	55.276547	7.470080e-07	8.821106e-01	7.562068e-11	2.041490e+04	1.343904e+04
17	215.955044	6.911083e-09	8.205999e-01	1.039957e-09	2.827100e+04	5.319000e+03
17	141.078185	1.555219e-12	8.459000e-01	7.330744e-14	8.622000e+03	3.087700e+04
17	283.704010	1.000000e-08	8.861722e-01	1.000000e-08	6.949744e+02	2.642900e+04
17	1287.430806	5.576297e-07	8.021989e-01	9.143845e-12	4.007500e+04	4.071700e+04
17	50.504800	8.385609e-09	8.781000e-01	1.743350e-11	2.746000e+03	2.521000e+03
17	334.314779	1.781024e-09	9.263998e-01	5.629760e-12	4.130000e+03	4.626300e+04
17	2965.012324	2.357142e-17	7.907000e-01	6.253164e-37	4.925100e+04	5.911000e+04
17	44.534257	1.000000e-05	8.899356e-01	6.915606e-10	2.171104e+04	8.208986e+03
17	1499.074783	1.473067e-08	9.977000e-01	8.186994e-13	4.857700e+04	2.429700e+04
17	55.348394	1.232926e-08	8.506547e-01	1.000000e-08	1.256719e+03	5.623089e+04
17	454.132317	2.509315e-06	9.443335e-01	8.995643e-12	1.981600e+04	1.856500e+04
17	94.340916	1.140201e-11	8.712000e-01	1.140201e-11	5.063100e+04	1.810600e+04
17	52.722966	1.643081e-10	8.574000e-01	2.311163e-13	1.164800e+04	5.947000e+04
17	74.838201	8.122652e-09	8.730181e-01	6.954345e-12	2.996753e+04	1.907577e+04
17	1205.086939	5.571836e-16	8.758000e-01	1.160423e-21	3.076300e+04	4.887700e+04
17	621.293020	1.000000e-05	8.183238e-01	1.800964e-15	5.909600e+04	3.985600e+04
17	1300.615823	1.699921e-16	9.425000e-01	1.542505e-18	2.226800e+04	4.284000e+04
17	118.214049	1.967365e-10	8.609565e-01	1.696371e-13	3.835183e+04	2.790406e+04
17	901.026438	1.841799e-10	7.746000e-01	1.267033e-10	4.168000e+04	1.954400e+04
17	49.052129	3.551461e-08	8.827001e-01	9.480757e-10	2.989900e+04	7.417000e+03
17	51.760552	4.827444e-10	8.870350e-01	1.378531e-10	4.128308e+04	1.207197e+04
17	178.984535	6.656220e-12	9.080000e-01	6.656220e-12	1.827000e+03	1.938200e+04
17	157.455836	2.278374e-09	8.505000e-01	7.092035e-15	3.180100e+04	3.538600e+04
17	67.720046	6.212736e-10	8.780899e-01	1.651719e-11	3.709293e+04	1.706901e+04
17	1014.831928	1.858916e-09	7.700000e-01	1.681813e-11	5.712163e+03	1.691204e+04
17	52.997340	1.000000e-05	8.862353e-01	5.185098e-09	1.476497e+04	3.264999e+03
17	18294.574543	2.100000e-16	8.206000e-01	8.019082e-21	4.688400e+04	5.616700e+04
17	114.563508	2.741909e-10	8.616905e-01	2.209221e-13	3.755761e+04	2.727274e+04
17	46.489055	1.000000e-05	8.896544e-01	3.524679e-10	2.870118e+04	9.838883e+03
17	1412.455706	2.048739e-13	9.540000e-01	2.048739e-13	5.187800e+04	5.613500e+04
17	47.809182	1.000000e-05	8.888329e-01	2.683456e-10	1.957193e+04	1.048603e+04
17	722.221183	6.538635e-13	9.172000e-01	3.976905e-15	5.521300e+04	3.706500e+04
17	1870.663694	4.961641e-12	9.402000e-01	5.728186e-17	5.167900e+04	4.715300e+04
17	91.425575	7.729221e-08	8.632764e-01	1.167018e-12	2.355994e+04	2.322103e+04
17	47.125279	1.000000e-05	8.906695e-01	3.867119e-09	3.036786e+04	4.058051e+03
17	1286.814434	9.599914e-16	9.057000e-01	1.430026e-18	2.446000e+04	4.323900e+04
17	810.309538	1.000000e-05	7.976631e-01	7.402613e-12	5.020800e+04	2.212400e+04
17	324.713112	7.602594e-13	9.034000e-01	7.578204e-14	5.471500e+04	3.002700e+04
17	47.321412	3.682078e-09	8.492813e-01	1.756277e-09	4.171000e+03	4.434600e+04
17	316.411232	9.311250e-14	9.793000e-01	3.411738e-19	3.425200e+04	4.573700e+04
17	1167.380038	1.000000e-05	7.907123e-01	8.017462e-10	5.174400e+04	3.276000e+03
17	46.580549	9.798115e-06	8.859582e-01	4.700567e-10	1.516100e+04	9.073998e+03
17	53.429900	1.732411e-10	8.861470e-01	1.072167e-10	4.306779e+04	1.266688e+04
17	50.260030	7.282921e-06	8.889953e-01	1.801654e-10	5.416300e+04	1.145711e+04
17	44.041646	1.000000e-05	8.904573e-01	1.197625e-09	3.325335e+04	6.888242e+03
17	323.722893	1.442727e-15	9.977000e-01	1.070123e-18	5.125400e+04	4.292200e+04
17	1294.574287	2.999871e-16	8.965000e-01	3.144772e-19	2.274800e+04	4.744400e+04
17	1240.750986	1.210378e-10	9.333000e-01	1.210378e-10	3.527700e+04	4.359600e+04
17	1062.103313	3.501902e-06	7.764369e-01	9.761190e-09	5.808353e+04	1.920699e+04
17	47.946518	4.537507e-09	8.503811e-01	4.537507e-09	3.672023e+03	5.584596e+04
17	259.383014	2.378413e-16	9.034000e-01	1.253549e-20	4.436900e+04	5.265000e+04
17	1989.543164	1.973693e-09	9.517000e-01	1.521618e-16	5.647000e+04	4.483400e+04
17	44.146435	2.557819e-06	8.905204e-01	1.405466e-09	5.423198e+04	6.502031e+03
17	1243.302679	6.105483e-17	9.103000e-01	6.105483e-17	2.283000e+04	3.473300e+04
17	56.328243	5.195583e-08	8.825667e-01	6.639971e-11	2.715475e+04	1.376479e+04
17	1231.987506	6.129408e-11	9.218000e-01	7.995058e-12	1.393200e+04	1.882700e+04
17	2473.500996	1.000000e-05	9.746994e-01	3.459594e-16	5.555200e+04	4.287100e+04
17	50.598405	1.672553e-10	8.528000e-01	7.186352e-11	1.162000e+04	4.744400e+04
17	149.943871	1.596648e-08	8.827001e-01	6.393181e-12	3.730000e+02	4.800600e+04
17	136.420595	1.164400e-08	8.505006e-01	9.624621e-09	2.783500e+04	1.167000e+03
17	901.484165	4.697072e-06	7.719627e-01	3.176772e-12	5.761598e+04	3.201706e+04
17	1274.798040	1.098977e-16	9.149000e-01	4.111977e-18	2.088000e+04	4.103600e+04
17	58.731076	8.519162e-11	8.597260e-01	8.519162e-11	1.311830e+04	4.181400e+04
17	-1.000000	-1.000000e+00	-1.000000e+00	-1.000000e+00	-1.000000e+00	-1.000000e+00
17	56.899598	1.447322e-08	8.506938e-01	8.598199e-09	8.689999e+02	4.897300e+04
17	60.090560	1.308141e-11	8.275000e-01	1.216457e-11	4.237000e+03	1.940700e+04
17	912.042138	1.662814e-11	7.769000e-01	1.075549e-14	4.519200e+04	4.008000e+04
17	57.617726	5.317951e-09	8.804980e-01	3.744543e-09	5.498600e+04	4.168999e+03
17	58.371489	6.677670e-11	8.871407e-01	6.612821e-11	4.873351e+04	1.386196e+04
17	47.184390	1.000000e-05	8.902836e-01	3.590384e-09	2.049204e+04	4.230040e+03
17	71.895252	2.318589e-11	8.859247e-01	2.318589e-11	5.647002e+04	1.639415e+04
17	267.423390	2.174485e-11	8.237537e-01	1.007918e-12	4.288400e+04	2.260600e+04
17	666.437784	2.546385e-11	8.110128e-01	2.546385e-11	5.507400e+04	1.813900e+04
17	900.066197	1.105812e-09	9.961959e-01	1.105812e-09	1.694397e+04	5.487200e+04
17	151.183462	4.474041e-08	8.321001e-01	3.297186e-10	2.375600e+04	8.640000e+03
17	60.386915	1.018758e-08	8.805996e-01	3.856784e-11	3.064910e+04	1.505006e+04
17	954.396083	5.237484e-12	9.172000e-01	5.237484e-12	9.683000e+03	2.016000e+04
17	83.719939	7.247811e-07	8.845051e-01	1.095877e-11	5.464628e+04	1.819933e+04
17	1422.284927	9.999999e-06	8.481991e-01	7.447188e-14	5.756100e+04	5.503600e+04
17	50.253148	1.000000e-05	8.905971e-01	6.577562e-09	3.493186e+04	2.775049e+03
17	836.643784	1.000000e-05	8.045101e-01	1.106059e-16	5.955300e+04	4.721300e+04
17	319.471489	3.791591e-11	8.850000e-01	5.389823e-15	4.315400e+04	3.629200e+04
17	53.469958	1.000000e-05	8.903445e-01	9.768472e-09	2.330400e+04	1.817006e+03
17	914.002667	1.000000e-05	7.793921e-01	3.090705e-11	3.330500e+04	2.140900e+04
17	1797.803936	1.835319e-16	8.298000e-01	3.401825e-20	4.448300e+04	5.438400e+04
17	71.063458	1.681713e-10	8.772619e-01	1.175999e-11	4.021497e+04	1.788204e+04
17	65.798132	2.451215e-11	8.583846e-01	1.328022e-13	1.618504e+04	5.918198e+04
17	1176.159381	1.522533e-13	8.643001e-01	1.207323e-36	1.695300e+04	5.995600e+04
17	1465.287233	1.581791e-08	9.770000e-01	5.781981e-14	5.228900e+04	3.065400e+04
17	57.960919	6.813423e-09	8.536903e-01	6.813423e-09	2.624015e+03	3.295814e+04
17	44.094113	1.000000e-05	8.903149e-01	9.227591e-10	2.731686e+04	7.517050e+03
17	1146.827658	7.164160e-13	9.770000e-01	7.164160e-13	7.879000e+03	2.463100e+04
17	1392.330693	4.644020e-13	9.033999e-01	4.644020e-13	5.069600e+04	5.553400e+04
17	1315.032936	1.059175e-07	7.838005e-01	1.188587e-12	5.390700e+04	4.376900e+04
17	407.877279	6.096378e-10	9.424999e-01	2.493608e-12	5.843000e+03	4.820600e+04
17	1262.768617	2.621368e-06	8.344226e-01	4.725811e-11	4.655600e+04	3.822400e+04
17	1206.417506	2.556664e-16	8.827000e-01	4.504735e-37	3.289300e+04	5.859200e+04
17	1123.305904	1.000000e-05	8.280930e-01	9.358358e-09	5.497405e+04	2.469665e+04
17	409.716019	4.089322e-12	8.049190e-01	6.752041e-13	4.691900e+04	2.203300e+04
17	844.058861	1.000000e-05	9.164186e-01	1.572629e-09	7.989896e+03	5.566038e+03
17	117.102408	1.625798e-11	8.574000e-01	5.194511e-13	2.524000e+03	2.600000e+04
17	395.359226	5.068690e-06	9.287079e-01	1.134512e-12	2.904300e+04	2.355800e+04
17	1330.887658	1.870978e-12	9.931005e-01	1.870978e-12	4.123500e+04	5.091900e+04
17	193.773452	3.532991e-12	8.330237e-01	7.081855e-13	2.084801e+04	5.805100e+04
17	848.145089	1.000000e-08	9.217995e-01	1.000000e-08	5.046300e+04	6.090000e+02
17	705.118325	1.082294e-07	9.264001e-01	1.778472e-14	4.556400e+04	3.350500e+04
17	44.418988	1.444950e-09	8.506627e-01	1.444950e-09	6.431953e+03	4.403627e+04
17	75.760643	2.626986e-11	8.781000e-01	2.626986e-11	5.153600e+04	1.611100e+04
17	1085.964510	8.230959e-08	9.517001e-01	2.487900e-14	4.674900e+04	3.268400e+04
17	1141.462338	4.473726e-09	9.654986e-01	4.473726e-09	2.482100e+04	3.297700e+04
17	44.159707	7.634446e-06	8.905251e-01	1.424197e-09	5.200196e+04	6.470075e+03
17	216.792233	1.000000e-05	8.620201e-01	1.000000e-08	5.725600e+04	1.189000e+03
17	1237.922990	3.889237e-16	9.379000e-01	2.455769e-16	1.627100e+04	3.092800e+04
17	78.043373	7.302405e-08	8.693874e-01	4.555893e-12	2.414383e+04	2.002912e+04
17	206.991556	3.487500e-11	8.459000e-01	4.132809e-16	4.214300e+04	4.222500e+04
17	1326.811939	4.699980e-16	9.977000e-01	9.888159e-19	1.760300e+04	4.316700e+04
17	83.279398	4.533312e-12	8.745367e-01	3.922564e-12	4.887988e+04	2.051135e+04
17	616.888247	1.058757e-10	8.149211e-01	1.058757e-10	4.893003e+04	1.447400e+04
17	1213.735324	1.439552e-18	8.137000e-01	1.439552e-18	2.231900e+04	4.845100e+04
17	50.000826	1.000000e-05	8.872892e-01	3.688105e-09	1.536813e+04	4.107983e+03
17	2372.288981	4.600000e-16	8.804000e-01	6.381310e-37	3.473800e+04	5.647800e+04
17	47.484066	1.000000e-05	8.905554e-01	4.045533e-09	2.340512e+04	3.946983e+03
17	1166.912843	2.869793e-13	7.884000e-01	2.869793e-13	1.164700e+04	2.007600e+04
17	1246.315585	2.196260e-06	8.344154e-01	8.969732e-11	4.916700e+04	3.660700e+04
17	1966.012761	8.629549e-13	9.379000e-01	2.613917e-17	5.403900e+04	4.900600e+04
17	1161.872909	1.036728e-06	9.701024e-01	7.527971e-11	5.360100e+04	3.340000e+02
17	845.820538	1.000000e-05	8.022147e-01	2.197057e-15	5.168900e+04	4.058200e+04
17	1369.949311	7.906755e-12	8.045000e-01	1.193841e-13	1.885600e+04	2.890600e+04
17	47.882600	1.427220e-06	8.894023e-01	2.649818e-10	5.390200e+04	1.052707e+04
17	1009.476768	3.911067e-16	9.172000e-01	3.911067e-16	2.114300e+04	4.261700e+04
17	904.018081	7.450857e-09	7.746000e-01	1.569671e-12	3.051300e+04	2.943100e+04
17	1343.089244	1.199996e-16	9.287000e-01	4.000764e-20	2.037300e+04	5.167800e+04
17	523.572081	2.414334e-10	7.976000e-01	2.414334e-10	3.703100e+04	2.676000e+03
17	167.192308	5.307299e-08	8.264613e-01	8.113732e-10	2.322494e+04	6.171907e+03
17	1286.049873	2.112805e-13	9.747000e-01	2.112805e-13	1.255800e+04	2.756400e+04
17	133.702539	1.000000e-05	8.309504e-01	5.189969e-10	9.613900e+03	7.196037e+03
17	93.128843	1.338313e-08	8.647654e-01	1.092616e-12	2.801985e+04	2.342004e+04
17	855.735343	9.748292e-06	7.882586e-01	9.998905e-09	5.677599e+04	6.103990e+03
17	900.668105	1.000000e-05	7.719777e-01	2.841848e-11	3.136102e+04	2.655599e+04
17	74.131027	2.176459e-12	8.896000e-01	1.010793e-15	2.272400e+04	2.615700e+04
17	1285.660404	2.261435e-11	8.827000e-01	3.367125e-12	1.633000e+04	2.090300e+04
17	54.266246	4.384237e-06	8.820507e-01	8.719752e-11	1.603112e+04	1.309096e+04
17	123.233756	4.600840e-11	8.507437e-01	1.561132e-12	4.173400e+04	2.244900e+04
17	1204.151750	5.668883e-16	8.850000e-01	4.108089e-23	3.104800e+04	5.862700e+04
17	11769.253052	4.200000e-16	9.126000e-01	2.143125e-21	4.678300e+04	5.803900e+04
17	1277.533174	3.999813e-16	8.597000e-01	1.508256e-19	2.228300e+04	5.022500e+04
17	1336.676489	4.554753e-07	7.999020e-01	1.159895e-12	5.066500e+04	4.576200e+04
17	1044.095496	7.234141e-09	9.936915e-01	7.234141e-09	1.852798e+04	4.613800e+04
17	1457.734535	5.704849e-09	8.827000e-01	2.025074e-14	5.916100e+04	5.918400e+04
17	143.115891	3.371591e-09	8.919000e-01	1.141577e-12	3.423600e+04	2.353700e+04
17	52.945443	8.623601e-09	8.481998e-01	8.623601e-09	2.114000e+03	5.855100e+04
17	123.749510	7.369318e-12	8.623985e-01	1.439593e-13	4.667212e+04	2.834632e+04
17	1389.463622	2.200000e-16	9.885000e-01	1.500734e-20	2.949700e+04	5.298300e+04
17	350.570661	5.256908e-16	7.815000e-01	1.025751e-16	2.842200e+04	5.027100e+04
17	1252.072999	1.122569e-16	7.953000e-01	1.357432e-36	3.246000e+04	5.629600e+04
17	56.574673	1.000000e-05	8.942123e-01	1.221557e-10	2.353900e+04	1.237600e+04
17	1191.930591	2.937457e-14	9.126000e-01	2.612556e-14	9.714000e+03	2.023200e+04
17	49.308150	1.000000e-05	8.902329e-01	5.281353e-09	2.039986e+04	3.297507e+03
17	1155.279667	9.449389e-06	8.873172e-01	5.119072e-09	5.000000e+04	2.779300e+04
17	1035.595875	4.988577e-10	7.700000e-01	1.805276e-10	8.883000e+03	4.063900e+04
17	1450.818269	2.062103e-07	8.987996e-01	3.145267e-14	4.857600e+04	5.835600e+04
17	815.710735	3.014915e-10	7.884000e-01	2.119080e-14	3.738700e+04	3.562300e+04
17	261.696872	4.461814e-13	8.712000e-01	1.946988e-15	5.363400e+04	3.869700e+04
17	732.043628	3.154428e-08	9.425001e-01	1.394076e-13	5.041700e+04	2.856800e+04
17	853.193746	1.280731e-10	7.883025e-01	1.280731e-10	4.616300e+04	1.634600e+04
17	66.844666	5.385921e-12	8.856072e-01	3.646355e-14	2.046400e+04	1.715900e+04
17	278.953934	2.217099e-10	9.103000e-01	4.927297e-13	5.033000e+04	2.557800e+04
17	1276.023834	4.660166e-17	8.459000e-01	2.103774e-20	3.515600e+04	4.996300e+04
17	239.818551	2.185422e-12	8.896000e-01	5.269762e-14	5.081200e+04	3.086800e+04
17	44.374324	1.000000e-05	8.901913e-01	7.134965e-10	3.272726e+04	8.138016e+03
17	1249.670047	2.511723e-07	9.862008e-01	1.981797e-16	5.701400e+04	3.080200e+04
17	1340.337410	1.299999e-16	9.563000e-01	1.566171e-19	2.893600e+04	4.783900e+04
17	1108.565849	8.160705e-11	7.700000e-01	1.730219e-11	1.324204e+04	1.722096e+04
17	1297.500039	2.397067e-16	9.977000e-01	6.867271e-18	1.174900e+04	3.861100e+04
17	44.369499	1.169345e-09	8.508257e-01	1.169345e-09	6.940975e+03	4.347401e+04
17	1209.073728	6.057327e-15	9.402000e-01	4.825757e-15	9.818000e+03	2.381000e+04
17	130.703252	2.850599e-09	9.908000e-01	1.547785e-16	1.191700e+04	3.124600e+04
17	894.127716	5.550857e-08	7.769012e-01	5.477243e-10	2.803000e+04	1.506400e+04
17	921.272504	9.608955e-12	7.793907e-01	9.608955e-12	5.388900e+04	2.412300e+04
17	48.955280	1.000000e-05	8.811773e-01	4.869043e-10	1.319797e+04	8.889010e+03
17	1392.275997	5.999999e-16	9.609000e-01	5.676371e-21	1.199800e+04	5.572500e+04
17	1333.037598	9.599999e-16	9.632000e-01	2.044201e-19	2.696400e+04	4.681400e+04
17	48.753535	1.000000e-05	8.906457e-01	5.219990e-09	4.982610e+04	3.333556e+03
17	1240.667528	8.192198e-07	8.137144e-01	7.722417e-11	4.949800e+04	3.606900e+04
17	372.168434	1.432585e-10	8.853474e-01	1.375205e-10	3.615200e+04	1.959817e+02
17	256.705272	1.000000e-05	8.482212e-01	7.155428e-13	5.509700e+04	2.496100e+04
17	44.035066	1.107085e-09	8.506061e-01	1.107085e-09	7.077846e+03	5.212416e+04
17	189.314678	1.095087e-09	8.298000e-01	6.340296e-13	3.308600e+04	2.392500e+04
17	720.959692	1.936100e-12	9.563000e-01	1.936100e-12	4.525000e+03	2.226200e+04
17	434.627966	1.053626e-14	9.908000e-01	5.983607e-21	4.141500e+04	5.509400e+04
17	1237.842801	1.900042e-10	8.711999e-01	1.900042e-10	3.570900e+04	4.877400e+04
17	333.020658	4.152094e-14	8.735000e-01	5.714501e-16	5.952700e+04	4.163400e+04
17	137.716767	1.000000e-05	9.103155e-01	2.003855e-11	2.064400e+04	1.668700e+04
17	1139.515818	1.001011e-08	8.604617e-01	1.000000e-08	2.604000e+04	3.430200e+04
17	1367.636682	2.800000e-16	9.586000e-01	2.413760e-20	2.607200e+04	5.226100e+04
17	417.453675	3.369154e-16	9.701000e-01	6.562632e-20	4.636000e+04	4.963100e+04
17	79.379089	5.430059e-11	8.459000e-01	3.495360e-12	3.130000e+02	2.177400e+04
17	799.654045	5.935596e-07	9.263031e-01	7.321624e-15	3.232200e+04	3.562400e+04
17	39.850963	9.082288e-10	8.850000e-01	1.840999e-13	8.258000e+03	1.377500e+04
17	81.528651	5.439908e-08	8.712001e-01	3.411235e-12	2.500400e+04	2.075000e+04
17	146.034742	4.147833e-09	8.597000e-01	2.560250e-14	3.061200e+04	3.239900e+04
17	1367.354667	6.900000e-16	9.540000e-01	2.007327e-20	2.317000e+04	5.278400e+04
17	109.266383	5.485895e-09	8.965000e-01	7.029863e-12	3.698300e+04	1.922000e+04
17	64.174628	1.669417e-10	8.803985e-01	2.574875e-11	4.084565e+04	1.603191e+04
17	297.583899	3.210288e-14	7.769000e-01	2.764692e-16	1.862800e+04	4.926100e+04
17	1286.800234	7.921852e-07	8.781097e-01	2.938307e-11	5.592400e+04	4.060400e+04
17	700.935056	2.576048e-10	8.012830e-01	1.935471e-10	1.044599e+04	3.561800e+04
17	117.254428	4.620608e-13	8.707673e-01	4.620608e-13	5.514828e+04	2.567797e+04
17	640.518167	1.000000e-05	9.678155e-01	8.787426e-11	1.480500e+04	1.306900e+04
17	250.839715	5.756103e-16	8.919000e-01	4.014664e-21	4.211000e+04	5.499900e+04
17	1356.610566	1.199988e-16	9.540000e-01	4.458655e-20	1.654700e+04	5.100800e+04
17	1283.681014	1.070872e-17	7.907000e-01	6.601007e-34	3.792600e+04	4.268500e+04
17	252.081544	1.431839e-12	8.505000e-01	1.113097e-16	5.020600e+04	4.543300e+04
17	1024.316653	1.576875e-14	7.792000e-01	1.576875e-14	2.046100e+04	3.348100e+04
17	342.533244	1.174834e-09	8.827000e-01	2.726735e-15	3.459200e+04	3.790600e+04
17	514.046743	1.645214e-06	9.126007e-01	2.012409e-14	3.212100e+04	3.322400e+04
17	173.295977	4.460275e-10	8.459000e-01	2.530343e-15	3.576600e+04	3.783300e+04
17	1251.648690	9.737553e-18	8.505000e-01	2.580660e-35	3.957200e+04	5.166100e+04
17	1407.455319	4.298540e-06	9.608939e-01	3.123893e-13	5.497200e+04	5.334200e+04
17	8101.928859	8.200000e-16	8.482000e-01	2.349760e-36	3.638700e+04	5.144800e+04
17	241.882744	9.965700e-09	8.776494e-01	9.965700e-09	5.104611e+04	9.762111e+02
17	464.142991	8.152001e-16	9.724000e-01	1.461194e-21	4.451500e+04	5.850900e+04
17	1233.496448	4.428375e-18	8.321000e-01	4.428375e-18	3.091800e+04	4.369300e+04
17	278.754197	3.544781e-14	9.609000e-01	9.318939e-19	3.492600e+04	4.345500e+04
17	874.316768	1.000000e-05	7.838153e-01	5.751097e-10	5.209000e+04	1.353000e+04
17	495.842691	1.000000e-05	8.253087e-01	2.937213e-11	4.793100e+04	1.691200e+04
17	371.718046	1.007072e-15	7.930000e-01	2.950581e-18	2.686500e+04	5.680900e+04
17	1246.529321	2.357786e-10	8.183006e-01	2.357786e-10	3.636000e+04	4.018800e+04
17	45.135863	9.923760e-06	8.899683e-01	5.109449e-10	5.420507e+04	8.943608e+03
17	195.250613	4.021584e-11	8.528000e-01	1.342340e-15	4.194100e+04	3.946200e+04
17	1238.367939	7.342965e-07	8.505122e-01	1.499588e-10	5.557700e+04	3.582600e+04
17	294.297718	3.801357e-10	9.103001e-01	3.234742e-14	8.771000e+03	5.979200e+04
17	1347.742302	1.399995e-16	9.701000e-01	1.391889e-19	2.926100e+04	4.795300e+04
17	959.636031	3.658922e-13	9.632000e-01	3.658922e-13	1.914000e+03	2.624400e+04
17	123.040984	5.074219e-13	8.252000e-01	1.113223e-13	1.193000e+04	3.052900e+04
17	99.946816	1.000000e-05	8.689121e-01	4.771186e-11	3.874600e+04	1.473600e+04
17	333.179433	6.391645e-11	8.833475e-01	7.260821e-12	1.605099e+03	1.966100e+04
17	363.478040	5.078526e-09	8.082494e-01	1.222920e-09	3.351715e+03	3.462921e+04
17	250.776333	7.041166e-08	9.241001e-01	9.054936e-12	4.957400e+04	1.858000e+04
17	513.652523	5.826891e-09	9.182492e-01	3.555968e-09	3.649026e+03	3.020587e+04
17	139.128462	4.512727e-06	9.072704e-01	2.863900e-11	1.533000e+04	1.574599e+04
17	77.967534	5.613461e-08	8.697099e-01	4.639215e-12	2.482613e+04	1.999219e+04
17	1363.809596	7.700000e-16	9.103000e-01	9.894693e-37	3.810100e+04	5.366600e+04
17	116.294365	4.835080e-08	8.547487e-01	1.264906e-13	2.431976e+04	2.845484e+04
17	1139.883419	1.455283e-08	7.921256e-01	1.000000e-08	2.622599e+04	3.426604e+04
17	44.664450	6.223715e-10	8.509239e-01	6.223715e-10	8.467038e+03	4.989806e+04
17	49.513657	1.000000e-05	8.860714e-01	1.950296e-10	1.564304e+04	1.120997e+04
17	1092.570067	1.040996e-07	7.700000e-01	8.095042e-09	2.164818e+04	3.023508e+04
17	351.745891	1.283378e-10	9.471000e-01	8.065157e-11	9.238000e+03	3.937800e+04
17	1373.076740	1.535629e-12	9.609000e-01	1.535629e-12	4.819300e+04	5.000300e+04
17	915.838458	6.988319e-11	7.746000e-01	6.988319e-11	5.071100e+04	2.128000e+04
17	152.631003	6.309361e-06	8.903747e-01	1.253024e-10	1.151702e+04	1.188602e+04
17	192.286003	9.820831e-13	8.413000e-01	4.968775e-15	5.114200e+04	3.627500e+04
17	50.152219	1.812610e-10	8.522988e-01	1.584982e-12	1.143464e+04	5.860199e+04
17	71.077931	1.000000e-05	8.558971e-01	2.961479e-10	1.056598e+04	9.480005e+03
17	1478.238917	4.733666e-12	8.459000e-01	2.213406e-13	2.009000e+04	2.742700e+04
17	1243.958886	2.196619e-10	8.298034e-01	2.196619e-10	3.621200e+04	4.373700e+04
17	1373.656928	6.100000e-16	9.379000e-01	3.112177e-21	2.764300e+04	5.669000e+04
17	1182.909419	2.186395e-09	8.251990e-01	2.186395e-09	3.045400e+04	5.256600e+04
17	284.729100	1.529175e-10	8.390000e-01	1.529175e-10	1.163000e+04	3.721800e+04
17	230.067666	9.412952e-11	8.781000e-01	1.329402e-14	4.070500e+04	3.411300e+04
17	1650.153162	9.200000e-16	9.218000e-01	5.282899e-37	3.480700e+04	5.275600e+04
17	1338.880289	2.599890e-16	9.471000e-01	1.151630e-19	1.595900e+04	4.888900e+04
17	233.552234	4.388157e-09	8.160000e-01	1.098083e-13	2.938000e+04	2.736400e+04
17	900.471008	6.583908e-11	9.966483e-01	6.583908e-11	2.442689e+04	5.887520e+04
17	373.373320	1.437322e-09	9.447998e-01	2.497041e-11	3.579000e+03	4.235800e+04
17	160.431453	1.915676e-12	8.919000e-01	5.894183e-13	5.204000e+04	2.511100e+04
17	108.182499	6.123407e-09	8.603071e-01	2.989402e-13	2.971834e+04	2.649173e+04
17	50.246233	1.000000e-05	8.905484e-01	6.499305e-09	2.537347e+04	2.802971e+03
17	478.057183	2.661854e-12	9.931000e-01	1.369810e-17	3.847200e+04	3.697700e+04
17	349.362288	1.076104e-07	9.471003e-01	3.172265e-10	4.773200e+04	1.000400e+04
17	112.076214	5.175443e-11	8.574000e-01	4.830317e-13	4.163600e+04	2.536900e+04
17	51.221505	5.690843e-08	8.866101e-01	1.472258e-10	2.899598e+04	1.190402e+04
17	353.768795	2.437079e-10	9.263999e-01	7.334160e-13	9.015000e+03	5.143800e+04
17	1245.539768	3.096520e-16	8.919000e-01	2.122754e-17	2.195100e+04	3.762600e+04
17	45.751170	1.000000e-05	8.906675e-01	2.806887e-09	3.266599e+04	4.831999e+03
17	618.943070	1.892348e-10	9.034000e-01	1.523963e-15	4.030400e+04	3.934200e+04
17	1658.537864	9.206508e-09	9.586000e-01	1.824278e-15	5.384900e+04	3.891800e+04
17	93.450122	4.772100e-10	8.620001e-01	1.754266e-12	3.627700e+04	2.228800e+04
17	4667.568204	1.334940e-17	8.045000e-01	1.017225e-18	5.062600e+04	5.653100e+04
17	27023.029293	2.353979e-17	7.907000e-01	2.353979e-17	5.008200e+04	5.536000e+04
17	66.227494	3.991873e-11	8.800319e-01	2.085681e-11	4.433924e+04	1.653898e+04
17	1241.547080	5.700000e-16	8.712000e-01	9.257880e-23	2.966600e+04	5.954800e+04
17	1588.701938	3.216577e-08	9.632001e-01	4.749835e-15	4.862500e+04	3.663300e+04
17	-1.000000	-1.000000e+00	-1.000000e+00	-1.000000e+00	-1.000000e+00	-1.000000e+00
17	78.083372	6.478978e-06	8.670673e-01	9.842544e-09	1.257407e+04	1.249983e+03
17	61.660547	5.193492e-11	8.872970e-01	5.188670e-11	5.693427e+04	1.445604e+04
17	178.163044	2.456539e-09	8.965000e-01	7.592790e-11	4.444000e+03	4.039400e+04
17	1281.240467	2.266123e-17	7.723000e-01	2.171050e-19	3.572000e+04	4.971900e+04
17	370.928491	7.743737e-13	9.172000e-01	7.743737e-13	8.721000e+03	2.454100e+04
17	45.877608	1.000000e-05	8.868914e-01	7.193752e-10	1.541397e+04	8.055929e+03
17	1142.313879	4.075728e-09	9.540000e-01	2.264979e-14	5.905000e+04	3.290700e+04
17	894.268348	1.000000e-05	7.838156e-01	3.053608e-11	5.459100e+04	2.049800e+04
17	44.988512	1.000000e-05	8.906396e-01	2.212928e-09	4.641600e+04	5.406153e+03
17	1098.516618	3.957018e-13	9.701000e-01	3.957018e-13	9.289000e+03	2.605900e+04
17	1123.871688	3.036341e-08	8.344001e-01	1.000000e-08	2.403400e+04	2.990200e+04
17	82.976473	5.977203e-07	8.722097e-01	1.000000e-08	1.889006e+04	1.290089e+03
17	235.926208	3.186461e-09	8.160000e-01	2.198372e-11	3.016500e+04	1.442300e+04
17	1221.941238	6.100000e-16	8.413000e-01	4.228992e-36	2.922000e+04	5.762000e+04
17	1179.222140	3.247947e-09	8.045000e-01	3.247947e-09	2.992600e+04	3.378100e+04
17	-1.000000	-1.000000e+00	-1.000000e+00	-1.000000e+00	-1.000000e+00	-1.000000e+00
17	744.664259	3.084016e-09	8.372246e-01	2.580808e-09	4.538161e+03	2.895800e+04
17	371.917437	1.668411e-14	8.965000e-01	1.668411e-14	1.060000e+04	3.369900e+04
17	1651.272885	9.891413e-16	7.769000e-01	1.480841e-18	1.786100e+04	5.143400e+04
17	139.080686	6.000246e-09	8.509741e-01	2.398272e-14	2.939922e+04	3.244193e+04
17	2414.075091	4.834465e-09	9.609000e-01	8.168470e-17	5.838300e+04	4.630700e+04
17	524.693579	1.563253e-10	9.034000e-01	4.510249e-15	4.106400e+04	3.675900e+04
17	104.444503	1.185168e-11	8.797021e-01	1.857998e-12	4.747916e+04	2.247755e+04
17	44.321848	1.000000e-05	8.899918e-01	8.306769e-10	2.123389e+04	7.765774e+03
17	725.591475	1.000000e-08	8.689000e-01	1.000000e-08	5.945000e+04	1.220000e+02
17	823.089441	6.058336e-08	9.540002e-01	3.205732e-13	4.797400e+04	2.656600e+04
17	1279.478631	1.199933e-16	9.218000e-01	3.949103e-18	2.466900e+04	4.095300e+04
17	1336.076167	6.684258e-08	9.195000e-01	5.628379e-17	5.817000e+04	4.721500e+04
17	67.531338	1.769347e-06	8.716364e-01	1.382951e-11	1.645703e+04	1.736385e+04
17	1113.685197	1.000000e-05	8.111558e-01	9.832591e-09	5.398859e+04	2.376281e+04
17	573.640757	1.824859e-12	9.885000e-01	3.133853e-19	4.093100e+04	4.591700e+04
17	1161.501971	1.491444e-10	8.436000e-01	4.256835e-12	1.179100e+04	2.034400e+04
17	78.511037	3.757685e-09	8.719845e-01	4.846158e-12	3.177609e+04	1.993702e+04
17	44.528207	3.508071e-06	8.905982e-01	1.820032e-09	5.230598e+04	5.878060e+03
17	195.378693	1.353148e-07	8.045001e-01	1.791047e-11	2.072900e+04	1.387500e+04
17	1342.410192	2.999998e-17	9.402000e-01	1.211973e-19	3.420300e+04	4.830400e+04
17	55.031883	3.445368e-10	8.579176e-01	3.445368e-10	9.758048e+03	3.851101e+04
17	51.125730	8.809531e-09	8.712000e-01	6.989600e-12	2.477000e+03	4.226000e+03
17	77.212434	1.284332e-08	8.576954e-01	8.694148e-09	9.749792e+02	3.029017e+04
17	1413.637514	1.000000e-05	8.182893e-01	6.956597e-14	5.554700e+04	5.407200e+04
17	478.024020	1.000000e-05	8.276061e-01	2.281992e-13	5.173700e+04	2.818300e+04
17	48.518055	1.000000e-05	8.841183e-01	1.386731e-09	1.390189e+04	6.411049e+03
17	190.430630	2.749438e-09	8.275000e-01	3.113033e-12	3.070000e+04	1.988200e+04
17	1223.869262	5.668819e-10	8.434681e-01	5.668819e-10	3.395600e+04	3.686900e+04
17	335.301220	4.373349e-16	9.655000e-01	1.130683e-17	4.541600e+04	3.753900e+04
17	66.455020	4.446250e-07	8.739788e-01	1.639553e-11	2.014220e+04	1.699971e+04
17	1111.157780	1.069863e-08	9.699109e-01	1.000000e-08	2.209502e+04	3.170500e+04
17	50.532380	1.613899e-06	8.889507e-01	1.732537e-10	5.049759e+04	1.155141e+04
17	1259.503557	2.782264e-16	9.264000e-01	2.462834e-17	9.791000e+03	3.658500e+04
17	1338.293006	8.599965e-16	9.402000e-01	9.130194e-20	1.541200e+04	4.954300e+04
17	1402.574330	1.000000e-05	8.228932e-01	1.239301e-13	5.615100e+04	5.282100e+04
17	103.479197	3.187166e-12	8.685225e-01	7.151388e-13	4.917398e+04	2.455235e+04
17	60.280736	5.249973e-07	8.781984e-01	3.671771e-11	2.036896e+04	1.512101e+04
17	360.027646	2.604833e-11	8.091000e-01	2.195328e-29	1.602400e+04	1.869700e+04
17	316.805171	4.901506e-15	9.517000e-01	5.433832e-20	3.897200e+04	5.010200e+04
17	46.934250	1.000000e-05	8.906775e-01	3.724354e-09	4.231590e+04	4.149034e+03
17	1371.459897	1.000000e-05	9.286986e-01	1.693846e-16	5.157200e+04	4.459300e+04
17	914.638115	4.583940e-10	7.997454e-01	4.425479e-10	9.020037e+03	3.256196e+04
17	174.048122	1.822335e-10	8.896000e-01	3.066892e-13	4.041900e+04	2.666200e+04
17	56.940221	1.288847e-07	8.816712e-01	6.010000e-11	2.463300e+04	1.399000e+04
17	71.026414	2.535705e-09	8.598691e-01	2.524693e-09	4.873997e+03	3.271100e+04
17	1152.008137	4.879533e-11	9.425000e-01	3.039028e-28	7.282000e+03	1.562700e+04
17	1146.351263	1.212881e-08	7.781549e-01	1.000000e-08	2.690194e+04	3.368187e+04
17	896.517681	3.598826e-16	9.540000e-01	3.598826e-16	4.495700e+04	5.680000e+02
17	46.497714	1.000000e-05	8.896238e-01	3.520749e-10	2.587895e+04	9.841033e+03
17	1165.841953	7.292042e-13	8.942000e-01	4.169677e-30	1.441100e+04	2.343700e+04
17	54.936668	1.172047e-08	8.506501e-01	1.000000e-08	1.378709e+03	4.461692e+04
17	50.799526	7.020046e-09	8.504906e-01	7.020046e-09	2.617077e+03	4.395496e+04
17	484.080472	7.819707e-12	9.862000e-01	2.708993e-17	3.776800e+04	3.544800e+04
17	45.598134	2.581817e-06	8.898577e-01	4.423026e-10	5.343810e+04	9.291584e+03
17	1340.977767	1.145510e-06	9.655018e-01	2.774081e-14	3.410700e+04	3.241600e+04
17	253.899507	2.445121e-11	8.625233e-01	2.445121e-11	3.916006e+03	1.674116e+04
17	55.513004	5.229529e-09	8.839988e-01	7.661752e-11	3.338397e+04	1.344403e+04
17	366.841749	2.867743e-10	9.217999e-01	3.371206e-14	8.929000e+03	5.938300e+04
17	1226.854530	1.956308e-16	8.436000e-01	2.595643e-35	3.225200e+04	5.420000e+04
17	55.247164	6.716119e-06	8.882288e-01	9.692319e-11	5.775900e+04	1.295118e+04
17	94.732053	5.480406e-11	8.691941e-01	1.264948e-12	4.208596e+04	2.316701e+04
17	46.983117	1.000000e-05	8.895700e-01	3.161043e-10	4.047407e+04	1.010171e+04
17	1222.650943	3.739988e-16	8.528000e-01	2.517209e-17	1.733400e+04	3.857200e+04
17	101.892615	1.721680e-07	8.804003e-01	1.834262e-12	2.303200e+04	2.233000e+04
17	885.244725	1.000000e-05	7.907156e-01	1.460189e-12	5.535400e+04	2.666100e+04
17	62.674164	1.659313e-08	9.631961e-01	3.855857e-13	4.202000e+03	1.284300e+04
17	870.429935	1.277458e-08	9.563000e-01	2.882642e-13	5.496700e+04	2.681900e+04
17	52.040218	1.353145e-08	9.356000e-01	1.762624e-11	3.272000e+03	3.700000e+03
17	1264.492959	5.895180e-16	9.126000e-01	9.103869e-18	1.797800e+04	3.919600e+04
17	44.706338	1.000000e-05	8.906168e-01	1.977224e-09	3.550186e+04	5.678051e+03
17	716.703091	1.198496e-11	8.321000e-01	1.198496e-11	6.393000e+03	1.828100e+04
17	-1.000000	-1.000000e+00	-1.000000e+00	-1.000000e+00	-1.000000e+00	-1.000000e+00
17	113.859278	5.834259e-12	8.942000e-01	5.834259e-12	8.170000e+02	1.972100e+04
17	1312.582781	5.121549e-07	9.816009e-01	1.863658e-18	5.352300e+04	4.186400e+04
17	44.433588	1.000000e-05	8.896984e-01	9.990950e-10	1.918089e+04	7.313038e+03
17	75.066370	9.302967e-12	8.790903e-01	9.302967e-12	4.821418e+04	1.849345e+04
17	935.243765	2.502829e-13	7.746000e-01	1.454896e-15	5.572400e+04	4.589600e+04
17	1340.659265	5.829304e-12	8.275000e-01	5.829304e-12	4.577400e+04	4.810100e+04
17	96.895419	2.401443e-12	8.756373e-01	2.401443e-12	5.156607e+04	2.185519e+04
17	44.774076	5.269747e-06	8.906238e-01	2.035894e-09	5.187514e+04	5.607470e+03
17	1199.190394	5.099007e-16	8.160000e-01	4.116077e-16	2.239000e+04	3.405400e+04
17	480.486701	7.007444e-09	9.195000e-01	8.100220e-14	5.221600e+04	2.988800e+04
17	1174.761772	4.214751e-09	7.700000e-01	4.062992e-09	2.966908e+04	4.357718e+04
17	46.829973	1.000000e-05	8.906782e-01	3.642658e-09	4.594709e+04	4.202605e+03
17	675.353387	1.000000e-05	8.114936e-01	1.725926e-12	5.606400e+04	2.443700e+04
17	1262.748170	4.548587e-16	9.862000e-01	7.121379e-17	1.119600e+04	3.322100e+04
17	1953.993545	8.200000e-16	9.080000e-01	5.066420e-36	3.707400e+04	5.225100e+04
17	44.228997	1.000000e-05	8.902524e-01	7.878042e-10	3.919496e+04	7.899024e+03
17	56.856647	8.019624e-09	8.527148e-01	8.019624e-09	2.251012e+03	3.346299e+04
17	1432.338397	5.295139e-07	8.666005e-01	5.723890e-14	5.808400e+04	5.619000e+04
17	252.699673	1.000000e-05	8.643133e-01	1.000000e-08	4.498700e+04	1.005000e+03
17	1267.362100	1.421521e-09	9.701000e-01	5.711257e-12	6.371000e+03	1.963500e+04
17	46.805573	5.202617e-09	9.103000e-01	9.385021e-12	4.718000e+03	5.008000e+03
17	1063.924824	9.350076e-17	9.977000e-01	9.350076e-17	5.780700e+04	4.360000e+02
17	86.305324	4.090607e-11	8.275000e-01	1.567554e-12	1.438000e+03	2.424800e+04
17	497.880092	7.736375e-07	9.149012e-01	3.382133e-14	3.404900e+04	3.198100e+04
17	1276.662996	8.133764e-11	8.045000e-01	8.133764e-11	3.946400e+04	4.037400e+04
17	1023.767797	3.942636e-08	9.632001e-01	2.057971e-13	4.955400e+04	2.762200e+04
17	46.282369	3.216566e-09	8.503693e-01	3.216566e-09	4.503030e+03	5.546956e+04
17	696.611011	1.399280e-14	9.540000e-01	1.143015e-18	5.700800e+04	4.334400e+04
17	85.690038	4.910128e-09	8.687419e-01	2.334706e-12	3.080938e+04	2.165251e+04
17	1031.020493	2.653196e-07	9.701004e-01	5.470447e-13	4.170500e+04	2.527600e+04
17	1162.342184	3.473169e-12	8.344000e-01	3.473169e-12	3.367000e+03	1.078900e+04
17	877.481195	1.342997e-09	7.819978e-01	1.345633e-10	3.641400e+04	1.696600e+04
17	63.290018	2.593015e-09	8.796050e-01	2.720003e-11	3.382714e+04	1.588198e+04
17	146.844822	2.548706e-13	7.999000e-01	8.580575e-14	1.380700e+04	3.248100e+04
17	46.749730	1.988202e-08	8.905497e-01	3.341753e-09	3.757095e+04	4.407269e+03
17	47.853722	2.623477e-06	8.918302e-01	3.189067e-10	2.250700e+04	1.006099e+04
17	559.891850	9.064348e-13	9.402000e-01	9.064348e-13	5.451000e+03	2.409500e+04
17	363.205618	1.000000e-05	8.459126e-01	1.123640e-15	4.503300e+04	4.030200e+04
17	3284.621294	1.000000e-05	9.907893e-01	1.320754e-16	5.360100e+04	4.515500e+04
17	1194.892111	7.570061e-17	9.379000e-01	6.022629e-35	3.912500e+04	5.017700e+04
17	330.678600	1.190518e-15	8.689000e-01	9.097154e-19	4.016100e+04	4.111600e+04
17	48.781213	9.101615e-06	8.840440e-01	2.611656e-10	1.436100e+04	1.045200e+04
17	49.540149	4.165089e-09	8.513517e-01	4.021635e-09	3.859030e+03	3.709397e+04
17	46.557316	3.426954e-09	8.503694e-01	3.426954e-09	4.349996e+03	5.302602e+04
17	231.313618	6.789372e-09	8.160000e-01	9.356708e-15	2.830300e+04	3.338100e+04
17	122.523680	5.173472e-13	8.647281e-01	1.925843e-13	5.349218e+04	2.768865e+04
17	55.616601	3.641768e-09	8.544511e-01	3.641768e-09	4.120001e+03	3.392500e+04
17	1390.138199	2.300000e-16	9.471000e-01	3.669196e-21	2.237500e+04	5.692900e+04
17	49.216233	6.545699e-09	8.624654e-01	2.828406e-12	3.018102e+03	5.383002e+03
17	114.170257	3.872410e-09	8.698969e-01	3.670911e-09	3.695998e+03	3.042859e+04
17	46.026188	1.000000e-05	8.906751e-01	3.020964e-09	5.141510e+04	4.654556e+03
17	1257.300618	3.561163e-18	8.827000e-01	3.561163e-18	2.396600e+04	4.216500e+04
17	819.666074	1.046450e-13	9.195000e-01	2.255606e-15	5.938300e+04	3.841400e+04
17	925.905937	1.000000e-05	7.976592e-01	1.000000e-08	5.596800e+04	3.779000e+03
17	859.086318	2.107594e-08	7.864814e-01	2.395268e-09	3.289000e+04	9.589999e+03
17	1192.935861	1.064074e-15	8.160000e-01	1.064074e-15	1.987600e+04	3.188900e+04
17	202.378465	4.380064e-13	8.942000e-01	4.380064e-13	8.356000e+03	2.594200e+04
17	1134.665744	2.960296e-09	9.632141e-01	2.960296e-09	2.547800e+04	3.876000e+04
17	138.526900	1.153116e-06	8.160018e-01	1.803463e-11	1.545100e+04	1.479600e+04
17	1036.051011	9.911825e-06	1.000000e+00	4.902360e-10	6.870989e+03	8.925005e+03
17	403.626823	6.548516e-15	8.482000e-01	1.145668e-21	3.600100e+04	5.709000e+04
17	1591.694094	4.168535e-09	9.471000e-01	5.896034e-16	5.625800e+04	4.161500e+04
17	1394.432744	8.400000e-16	9.862000e-01	1.426235e-21	3.170100e+04	5.796500e+04
17	918.655095	7.725837e-08	9.563002e-01	1.848595e-13	4.654000e+04	2.788300e+04
17	1254.674728	1.767949e-10	8.182832e-01	1.767949e-10	3.714200e+04	4.027600e+04
17	1406.336459	3.800001e-16	9.816000e-01	4.489253e-21	2.496200e+04	5.594500e+04
17	1256.825224	9.075592e-16	9.195000e-01	2.416038e-17	1.361700e+04	3.675700e+04
17	38.634098	4.866645e-10	8.790428e-01	3.340521e-13	9.626375e+03	1.207538e+04
17	63.828642	1.405645e-09	8.796198e-01	2.575191e-11	3.535561e+04	1.601583e+04
17	714.536046	2.558581e-12	9.563000e-01	2.558581e-12	4.965000e+03	2.159800e+04
17	1389.741207	7.799148e-13	8.482000e-01	7.799148e-13	5.116600e+04	5.176100e+04
17	1199.673289	1.429273e-14	9.218000e-01	1.083604e-14	7.892000e+03	2.218200e+04
17	66.645906	4.696720e-11	8.797813e-01	1.981544e-11	4.387733e+04	1.665899e+04
17	1264.187788	1.134072e-16	7.953000e-01	5.061574e-18	3.182700e+04	4.012900e+04
17	1668.991718	9.647664e-16	7.999000e-01	1.121503e-22	4.041000e+04	5.970600e+04
17	587.074165	9.342321e-13	9.839000e-01	8.718574e-19	4.354200e+04	4.357200e+04
17	241.093073	6.400295e-12	8.712000e-01	3.374989e-15	4.701700e+04	3.737100e+04
17	128.938052	3.130145e-11	8.597863e-01	8.716141e-14	4.290744e+04	2.951421e+04
17	350.810649	2.357945e-08	9.011000e-01	3.936137e-14	3.052900e+04	3.160900e+04
17	1389.158070	1.277159e-06	8.873013e-01	4.620097e-13	5.773700e+04	5.131100e+04
17	1359.029998	8.517495e-13	9.494000e-01	8.517495e-13	4.711400e+04	5.599500e+04
17	103.213658	2.203631e-08	8.528000e-01	6.941393e-13	2.620600e+04	2.431800e+04
17	904.596784	1.495477e-10	9.342762e-01	1.488206e-10	1.863014e+03	1.206600e+04
17	158.344450	3.318269e-09	8.436000e-01	3.318269e-09	3.078900e+04	3.546000e+03
17	49.487709	8.373600e-06	8.905792e-01	5.063178e-09	1.932300e+04	3.391000e+03
17	82.724968	5.176252e-10	8.717921e-01	3.429555e-12	3.670393e+04	2.077979e+04
17	907.270998	1.646864e-08	7.794426e-01	9.980944e-09	2.998800e+04	6.993000e+03
17	1203.689725	1.880234e-18	8.114000e-01	1.880234e-18	1.846000e+04	4.817400e+04
17	1016.008411	5.175119e-09	8.344000e-01	6.059523e-10	3.239000e+03	8.422000e+03
17	51.790996	3.218322e-08	9.839000e-01	8.418613e-12	4.669000e+03	5.353000e+03
17	44.143607	1.000000e-05	8.896122e-01	9.059147e-10	3.881600e+04	7.564000e+03
17	123.351533	7.116179e-12	8.804000e-01	1.305791e-12	1.372000e+03	2.338700e+04
17	668.100459	1.043702e-11	9.218000e-01	1.336026e-14	5.198400e+04	3.418700e+04
17	1247.569633	8.099999e-16	8.873000e-01	3.583805e-20	2.893400e+04	4.811900e+04
17	-1.000000	-1.000000e+00	-1.000000e+00	-1.000000e+00	-1.000000e+00	-1.000000e+00
17	268.907867	4.851113e-11	9.103000e-01	4.851113e-11	8.850000e+02	1.470800e+04
17	1371.823058	7.009644e-07	8.367017e-01	5.832510e-13	5.006300e+04	4.943300e+04
17	1214.311574	2.721060e-15	9.218000e-01	1.858151e-15	8.791000e+03	2.639100e+04
17	1241.189929	3.021114e-10	8.297537e-01	3.021114e-10	3.574300e+04	3.826300e+04
17	933.466028	2.760012e-11	9.974119e-01	2.760012e-11	2.662996e+04	4.499300e+04
17	1852.280155	2.166707e-13	9.448000e-01	1.161975e-16	5.915900e+04	4.547200e+04
17	1461.305458	2.939853e-09	9.287000e-01	2.293722e-14	5.840200e+04	5.961000e+04
17	1170.671931	1.406725e-06	8.804034e-01	2.685235e-09	5.977700e+04	2.927800e+04
17	902.202801	7.552970e-12	7.719288e-01	1.350998e-13	5.102399e+04	3.939402e+04
17	91.335788	2.761130e-12	8.722097e-01	1.960525e-12	4.986354e+04	2.216058e+04
17	102.231635	4.418078e-08	8.574000e-01	4.484691e-13	2.465500e+04	2.544400e+04
17	1659.471299	5.182738e-09	9.494000e-01	5.575015e-16	5.587400e+04	4.174700e+04
17	77.050577	5.845820e-11	8.666000e-01	4.073304e-11	4.216200e+04	1.481400e+04
17	1250.768334	2.199923e-16	8.367000e-01	1.705925e-18	2.756100e+04	4.478500e+04
17	1022.190012	9.442784e-10	7.700000e-01	1.036173e-11	7.345230e+03	1.831908e+04
17	518.052236	2.942345e-12	9.816000e-01	2.541376e-17	4.100400e+04	3.565400e+04
17	1354.418712	5.799998e-16	9.310000e-01	1.960866e-20	1.994400e+04	5.328300e+04
17	180.630934	6.499184e-11	8.369759e-01	2.724362e-14	4.043500e+04	3.197399e+04
17	45.924826	1.000000e-05	8.878364e-01	4.810718e-10	1.650092e+04	9.050064e+03
17	50.377423	1.000000e-05	8.905686e-01	6.658657e-09	2.705899e+04	2.744953e+03
17	1289.634903	9.200000e-16	9.632000e-01	2.000780e-21	3.235600e+04	5.537100e+04
17	541.950414	1.456228e-11	9.586000e-01	8.070838e-19	3.910300e+04	4.408300e+04
17	159.016648	2.037406e-10	8.505000e-01	8.035428e-15	3.785700e+04	3.512500e+04
17	1295.353104	9.399784e-16	9.816000e-01	6.065433e-18	2.274300e+04	3.904800e+04
17	605.613191	1.720010e-13	8.942000e-01	3.522745e-16	5.635800e+04	4.280900e+04
17	1352.846032	1.000000e-05	8.918814e-01	2.234445e-12	5.064800e+04	4.739300e+04
17	1157.264456	8.297860e-12	9.356000e-01	1.024728e-31	1.100400e+04	3.207300e+04
17	1011.393195	3.116102e-09	9.977000e-01	3.234089e-10	5.760100e+04	9.928000e+03
17	46.235827	1.000000e-05	8.893836e-01	2.347521e-09	1.768900e+04	5.239738e+03
17	44.056542	1.000000e-05	8.904469e-01	1.208080e-09	2.826798e+04	6.867002e+03
17	1245.781843	3.096299e-11	8.620000e-01	4.163083e-12	1.557400e+04	2.039400e+04
17	1180.731452	3.351919e-09	7.700000e-01	3.270093e-09	3.024404e+04	4.054212e+04
17	1258.261072	6.894180e-16	9.310000e-01	3.230744e-17	1.885700e+04	3.583800e+04
17	1298.130168	2.319543e-18	9.494000e-01	2.319543e-18	2.528000e+04	4.178700e+04
17	45.245393	2.417291e-09	8.503907e-01	2.417291e-09	5.192872e+03	5.949313e+04
17	166.528828	5.548076e-08	8.896001e-01	4.343120e-13	2.687000e+04	2.583900e+04
17	220.080709	9.076103e-11	9.011000e-01	5.174164e-14	1.256600e+04	5.888900e+04
17	1211.285318	6.650015e-16	8.827000e-01	6.650015e-16	2.009700e+04	2.967600e+04
17	521.503681	4.074769e-13	9.839000e-01	6.750848e-16	4.565000e+04	2.787700e+04
17	1210.438569	1.849590e-15	8.367147e-01	2.632376e-37	2.671500e+04	5.944700e+04
17	53.386481	9.221236e-09	8.507679e-01	9.221236e-09	1.954073e+03	3.861996e+04
17	488.063366	3.028264e-10	8.919000e-01	1.216261e-15	3.827700e+04	3.985600e+04
17	1042.626483	4.041315e-10	7.746001e-01	4.041315e-10	3.569700e+04	1.869000e+03
17	168.599993	1.757839e-09	8.344000e-01	1.229208e-11	3.196900e+04	1.684600e+04
17	69.675954	6.952132e-08	8.738220e-01	1.165194e-11	2.472384e+04	1.783098e+04
17	99.068124	5.950058e-09	8.528000e-01	3.046108e-11	2.952600e+04	1.518500e+04
17	904.133478	2.931935e-06	7.719999e-01	8.733117e-14	4.842700e+04	4.082200e+04
17	168.341597	9.536532e-08	8.206001e-01	1.786946e-10	2.169000e+04	9.546000e+03
17	1291.575050	2.000000e-16	9.218000e-01	1.107275e-20	3.266700e+04	5.193800e+04
17	298.226234	6.220756e-12	9.103000e-01	3.414414e-13	5.346500e+04	2.644900e+04
17	96.510078	7.389296e-09	8.712001e-01	2.332639e-12	2.441000e+03	5.247600e+04
17	634.607358	1.000000e-05	8.137954e-01	4.707798e-11	3.998200e+04	1.650900e+04
17	104.388129	1.000000e-05	8.666198e-01	2.264126e-10	4.729200e+04	1.100700e+04
17	79.290307	6.550354e-07	8.659236e-01	3.644211e-12	1.842404e+04	2.049400e+04
17	1223.289300	2.035071e-15	7.723000e-01	1.173604e-27	2.518500e+04	2.500600e+04
17	1559.298735	1.622683e-08	9.517000e-01	1.277403e-15	5.089500e+04	3.977100e+04
17	1207.705802	1.393782e-15	8.505000e-01	3.508928e-34	2.776500e+04	4.551100e+04
17	247.094874	1.573451e-12	9.034000e-01	3.383750e-13	5.394800e+04	2.645900e+04
17	61.105079	2.528643e-09	8.808335e-01	3.590829e-11	3.417288e+04	1.522904e+04
17	64.792222	5.930325e-09	8.712000e-01	4.120593e-11	3.079400e+04	1.478800e+04
17	89.148843	1.066945e-08	8.665751e-01	1.611469e-12	2.870784e+04	2.251048e+04
17	140.918021	1.916416e-09	8.965001e-01	2.186448e-12	3.734100e+04	2.200400e+04
17	44.380446	1.000000e-05	8.904982e-01	1.615224e-09	2.477710e+04	6.164987e+03
17	263.456533	1.915453e-15	8.758000e-01	4.747580e-20	3.909600e+04	4.860600e+04
17	3292.981163	3.246722e-08	9.862000e-01	7.709032e-17	5.339700e+04	4.643500e+04
17	44.214813	1.320341e-06	8.905416e-01	1.495823e-09	5.781399e+04	6.351633e+03
17	67.325739	4.158173e-08	8.755878e-01	1.561837e-11	2.623189e+04	1.715305e+04
17	716.451991	6.477124e-12	9.632000e-01	6.477124e-12	4.320000e+02	1.935500e+04
17	52.418688	8.698889e-09	8.505494e-01	8.698889e-09	2.099018e+03	4.368595e+04
17	52.610209	9.454446e-06	8.779053e-01	1.435205e-10	1.277999e+04	1.178200e+04
17	593.211281	2.860070e-09	8.091027e-01	2.860070e-09	3.277800e+04	1.422000e+03
17	44.336418	7.487446e-10	8.508192e-01	7.487446e-10	8.021010e+03	4.933500e+04
17	44.122556	1.000000e-05	8.903078e-01	8.701977e-10	4.620098e+04	7.659012e+03
17	91.441721	1.288236e-11	8.896000e-01	1.288236e-11	7.910000e+02	1.788200e+04
17	696.839116	1.000000e-05	9.747155e-01	4.722053e-10	1.293700e+04	9.009000e+03
17	2044.220687	2.121435e-08	9.770001e-01	2.717864e-15	4.972100e+04	3.795900e+04
17	1497.889025	3.300000e-16	9.080000e-01	3.421020e-36	4.001500e+04	5.573500e+04
17	46.761045	1.896481e-09	8.517109e-01	1.896481e-09	5.752964e+03	3.829700e+04
17	441.018848	1.502438e-10	9.655000e-01	1.841965e-17	3.274500e+04	3.660600e+04
17	1402.649579	5.135658e-08	7.907000e-01	4.721528e-14	5.091500e+04	5.297700e+04
17	58.428762	4.634988e-06	8.778421e-01	4.620836e-11	1.492600e+04	1.455300e+04
17	300.542196	5.144992e-14	9.977000e-01	9.020607e-19	4.267000e+04	4.332000e+04
17	121.943781	6.790014e-09	8.965000e-01	4.286657e-12	3.550900e+04	2.040100e+04
17	189.518095	1.000000e-05	9.195108e-01	3.377034e-11	1.530900e+04	1.539100e+04
17	79.809144	8.380776e-10	9.839000e-01	2.285446e-14	1.342700e+04	1.946400e+04
17	2846.089393	1.000000e-05	9.815824e-01	1.975613e-16	5.256500e+04	4.420100e+04
17	939.613817	2.205820e-07	8.919003e-01	1.000000e-08	1.940200e+04	3.100000e+01
17	1279.321634	5.363636e-17	7.953000e-01	6.009066e-22	3.398100e+04	5.893800e+04
17	1371.616419	9.499776e-16	9.862000e-01	4.564878e-20	8.884000e+03	5.051200e+04
17	50.177299	1.000000e-05	8.906007e-01	6.507382e-09	4.113211e+04	2.800985e+03
17	248.975154	6.290412e-11	9.057000e-01	3.815509e-14	1.333400e+04	5.949800e+04
17	128.543867	7.255009e-11	8.298000e-01	1.713436e-29	1.359200e+04	1.590700e+04
17	139.160955	1.960379e-08	8.491283e-01	2.071954e-14	2.638396e+04	3.274401e+04
17	125.272324	1.000000e-05	8.269871e-01	4.713633e-09	9.731758e+03	1.739088e+03
17	1114.719982	3.158866e-08	8.205876e-01	1.000000e-08	2.384500e+04	5.081500e+04
17	873.092929	1.227955e-08	9.655000e-01	1.213193e-12	5.573000e+04	2.336900e+04
17	106.258210	4.425514e-09	8.613330e-01	3.607696e-13	3.058166e+04	2.605623e+04
17	1278.750562	4.265941e-16	9.448000e-01	8.937193e-18	1.247800e+04	3.867300e+04
17	1560.223855	1.000000e-05	9.770118e-01	1.000000e-08	1.628900e+04	7.720000e+02
17	1013.941598	3.121436e-09	7.700000e-01	3.620505e-10	4.462000e+03	1.178200e+04
17	1163.271215	2.095430e-12	9.264000e-01	4.499343e-16	5.254600e+04	4.225600e+04
17	611.976919	1.135879e-12	9.241000e-01	3.325910e-14	5.943300e+04	3.200900e+04
17	1216.024549	7.840979e-10	8.872992e-01	7.840979e-10	3.287200e+04	3.506500e+04
17	908.500926	5.885600e-11	9.287000e-01	5.885600e-11	4.026000e+03	1.431700e+04
17	1326.976725	2.942722e-06	8.528061e-01	4.604664e-12	4.964200e+04	4.469300e+04
17	59.404258	2.730089e-09	8.838173e-01	1.841566e-09	3.332049e+04	5.700037e+03
17	53.418181	1.083388e-10	8.543227e-01	4.533316e-11	1.264594e+04	4.660503e+04
17	595.515118	3.097638e-12	9.264000e-01	2.258675e-19	4.456400e+04	4.761100e+04
17	1301.808374	2.961793e-11	7.884002e-01	2.961793e-11	4.201500e+04	4.412800e+04
17	112.009343	1.000000e-05	8.666194e-01	3.433439e-11	5.297700e+04	1.554000e+04
17	112.095931	1.533449e-07	8.586456e-01	9.986742e-09	2.133089e+04	9.634565e+02
17	1384.655762	3.000000e-17	9.609000e-01	9.206582e-21	2.126200e+04	5.459500e+04
17	45.985760	2.953076e-09	8.503941e-01	2.953076e-09	4.709000e+03	4.713100e+04
17	742.934567	1.000000e-05	9.770155e-01	1.078203e-10	1.884600e+04	1.258100e+04
17	904.857662	3.867224e-11	7.723000e-01	3.867224e-11	5.773600e+04	2.506300e+04
17	111.510224	3.497692e-08	8.568581e-01	1.966098e-13	2.521197e+04	2.742891e+04
17	1320.285484	9.499992e-16	8.781000e-01	1.380940e-20	1.360500e+04	5.534300e+04
17	49.160269	2.015087e-06	8.906342e-01	5.576008e-09	4.589485e+04	3.174166e+03
17	436.440850	1.864813e-12	8.942000e-01	1.864813e-12	1.007700e+04	2.264100e+04
17	407.029665	5.670459e-12	8.302654e-01	5.670459e-12	5.207500e+04	2.023000e+04
17	192.067156	1.000000e-05	8.551278e-01	4.192574e-12	5.106000e+04	2.066800e+04
17	899.913512	2.212850e-09	9.957267e-01	2.212850e-09	1.481998e+04	5.830500e+04
17	1074.142950	5.534488e-07	9.632009e-01	1.361614e-13	3.814500e+04	2.861100e+04
17	49.111640	1.603984e-07	8.883765e-01	2.116812e-10	2.887002e+04	1.105399e+04
17	1218.523901	5.371703e-07	8.367067e-01	2.711662e-10	5.636800e+04	3.390100e+04
17	272.962433	3.060382e-16	9.448000e-01	1.107668e-16	4.508700e+04	3.206700e+04
17	811.194724	3.405662e-09	7.930000e-01	3.571536e-10	3.326700e+04	1.283300e+04
17	1188.465219	2.491588e-09	7.700000e-01	2.308950e-09	3.098893e+04	3.670214e+04
17	324.818717	1.000000e-05	8.438668e-01	1.190346e-09	8.948747e+03	5.386077e+03
17	513.310982	2.967869e-12	8.238258e-01	2.967869e-12	5.821700e+04	2.234300e+04
17	247.205445	2.696236e-09	9.033998e-01	5.734686e-13	4.157000e+03	5.268200e+04
17	112.614478	9.900490e-08	8.758000e-01	6.776470e-13	2.380200e+04	2.467400e+04
17	60.356900	9.321549e-06	8.664263e-01	7.122277e-11	1.149395e+04	1.322915e+04
17	615.426615	1.259106e-12	9.747000e-01	1.677472e-19	4.398800e+04	4.755900e+04
17	44.326717	1.000000e-05	8.902115e-01	7.344604e-10	5.631303e+04	8.068196e+03
17	1360.634176	6.353088e-06	9.195026e-01	1.919930e-12	5.003500e+04	4.821900e+04
17	1633.204344	3.985115e-09	9.724000e-01	1.193759e-14	5.847000e+04	3.442800e+04
17	401.471538	1.225218e-11	8.019286e-01	1.671540e-12	4.413200e+04	1.942600e+04
17	2815.072010	7.405396e-16	7.746000e-01	6.420759e-34	4.105300e+04	5.094800e+04
17	55.573785	2.389630e-11	8.380012e-01	2.299787e-11	2.737000e+03	1.752500e+04
17	1280.385551	1.306335e-17	7.723000e-01	5.306571e-18	3.688200e+04	4.619100e+04
17	187.079762	1.933081e-12	9.724000e-01	6.435285e-17	2.645900e+04	3.344800e+04
17	38.930811	7.650488e-10	8.758000e-01	1.945457e-13	8.469000e+03	1.318300e+04
17	53.587064	8.263991e-06	8.884751e-01	1.169309e-10	4.876707e+04	1.249898e+04
17	-1.000000	-1.000000e+00	-1.000000e+00	-1.000000e+00	-1.000000e+00	-1.000000e+00
17	54.654480	6.827857e-06	8.813334e-01	8.167869e-11	1.473611e+04	1.323595e+04
17	1979.756974	1.000000e-08	7.717826e-01	1.000000e-08	5.533800e+04	3.366999e+03
17	89.621764	5.153827e-12	8.824463e-01	5.153827e-12	5.107171e+04	2.002004e+04
17	59.907362	8.739988e-06	8.875662e-01	6.092893e-11	5.460114e+04	1.406949e+04
17	901.722944	9.664883e-06	7.719643e-01	2.002397e-12	5.178509e+04	3.315600e+04
17	256.985238	9.848023e-11	8.873000e-01	2.762162e-14	4.119300e+04	3.240000e+04
17	100.777778	6.337655e-10	8.651804e-01	6.548656e-13	3.566317e+04	2.468797e+04
17	1376.593785	9.023532e-07	8.229010e-01	3.822077e-13	5.376700e+04	4.995900e+04
17	1555.168568	1.000000e-05	7.769133e-01	1.000000e-08	3.669500e+04	4.869000e+03
17	1224.738452	9.377816e-16	8.091000e-01	1.684600e-35	2.770000e+04	5.319500e+04
17	1378.045655	1.000000e-05	8.504903e-01	5.321631e-13	5.150800e+04	5.010200e+04
17	1404.124233	6.613211e-07	9.378929e-01	3.259369e-13	5.792700e+04	5.296900e+04
17	46.376268	8.455908e-08	8.896903e-01	3.616698e-10	5.005259e+04	9.776975e+03
17	430.158427	7.173161e-10	9.011000e-01	1.132688e-14	3.759400e+04	3.456500e+04
17	666.522795	1.386421e-09	9.769999e-01	1.548011e-12	1.511000e+03	4.950000e+04
17	902.711438	9.937081e-06	7.719770e-01	4.358125e-13	4.631398e+04	3.690000e+04
17	253.506966	2.315324e-12	9.126000e-01	2.315324e-12	4.803000e+03	2.190800e+04
17	3224.273803	7.800000e-16	8.942000e-01	7.182722e-37	3.609000e+04	5.151700e+04
17	54.442784	3.146137e-08	9.701000e-01	1.229278e-11	3.177000e+03	4.525000e+03
17	1100.481875	9.397604e-09	9.609000e-01	7.990567e-14	5.572900e+04	2.988800e+04
17	480.234391	2.624187e-16	9.701000e-01	1.046017e-21	4.692700e+04	5.929000e+04
17	820.101985	6.263653e-10	7.932323e-01	6.263653e-10	4.660400e+04	1.203500e+04
17	320.303135	4.670130e-15	7.861000e-01	8.781411e-17	2.326800e+04	4.983600e+04
17	172.456577	8.777513e-12	8.413000e-01	3.997727e-14	4.561300e+04	3.119100e+04
17	1200.585880	8.800000e-16	9.080000e-01	4.707617e-35	3.144700e+04	4.957700e+04
17	1215.613058	2.353722e-16	9.149000e-01	7.672328e-22	3.427100e+04	5.453100e+04
17	3247.592672	4.035761e-16	7.700000e-01	2.474513e-16	4.249600e+04	5.131400e+04
17	47.887751	1.000000e-05	8.836603e-01	8.908634e-10	1.380804e+04	7.473962e+03
17	157.247563	1.064230e-10	8.482000e-01	1.083401e-14	3.944100e+04	3.439000e+04
17	47.031237	3.795885e-09	8.503716e-01	3.795885e-09	4.103038e+03	5.195094e+04
17	1171.934693	2.561051e-06	8.643051e-01	2.224508e-09	5.581500e+04	2.940100e+04
17	628.365850	1.000000e-05	8.160879e-01	2.439416e-13	5.653200e+04	2.867600e+04
17	900.739534	5.318578e-06	7.719734e-01	2.200262e-11	3.719900e+04	2.720000e+04
17	283.977153	8.802562e-13	8.275000e-01	8.802562e-13	1.184900e+04	2.509200e+04
17	308782.047478	7.100000e-16	8.183000e-01	3.917148e-21	4.705900e+04	5.751100e+04
17	63.194233	1.172552e-08	8.539904e-01	1.000000e-08	1.303036e+03	3.194301e+04
17	72.971474	2.286969e-11	7.884000e-01	1.243081e-11	3.028000e+03	2.193300e+04
17	44.501497	1.000000e-05	8.900423e-01	1.412513e-09	2.001904e+04	6.480988e+03
17	652.688329	1.000000e-05	8.160315e-01	2.110962e-15	4.129700e+04	3.962400e+04
17	1362.121900	7.604783e-07	8.252006e-01	7.355565e-13	5.691600e+04	4.839800e+04
17	1014.720159	2.674308e-09	7.976000e-01	6.389045e-10	4.834000e+03	8.293000e+03
17	102.412352	6.218822e-10	8.655669e-01	6.218822e-10	8.160960e+03	3.486501e+04
17	900.307373	1.000000e-05	7.720405e-01	1.677289e-10	2.866202e+04	2.202399e+04
17	501.797085	2.390553e-11	9.471000e-01	8.746263e-18	3.850700e+04	3.863100e+04
17	57.122983	1.462336e-08	8.507806e-01	1.000000e-08	8.432638e+02	4.243190e+04
17	1386.064525	7.173091e-13	8.873000e-01	7.173091e-13	5.011900e+04	5.383700e+04
17	1749.164734	1.406441e-08	9.770000e-01	1.140993e-14	5.221900e+04	3.453400e+04
17	321.119171	3.739355e-09	9.655000e-01	6.379805e-16	2.469100e+04	2.820900e+04
17	1109.758854	5.249243e-08	7.700000e-01	8.366823e-09	2.335603e+04	3.763995e+04
17	88.911478	2.909033e-06	8.604191e-01	1.000000e-08	1.413398e+04	1.049997e+03
17	47.265505	3.071104e-10	8.509681e-01	1.624176e-11	1.016592e+04	5.392290e+04
17	72.932182	9.307362e-10	8.666000e-01	5.745368e-11	3.513100e+04	1.395000e+04
17	215.047640	4.900585e-14	7.930000e-01	4.864482e-15	1.771600e+04	3.974400e+04
17	84.337696	6.134584e-07	8.634372e-01	2.133415e-12	1.842204e+04	2.174495e+04
17	241.577551	8.001859e-11	8.252000e-01	4.686152e-13	3.961400e+04	2.452900e+04
17	45.018781	2.495579e-08	8.899951e-01	5.328971e-10	4.623097e+04	8.842057e+03
17	1025.649082	1.220707e-08	8.367002e-01	5.489350e-09	1.169000e+03	3.103000e+03
17	62159.494398	1.214837e-08	8.689001e-01	1.000000e-08	5.792600e+04	2.027800e+04
17	1339.468616	7.400000e-16	8.942000e-01	4.055262e-21	2.684600e+04	5.642000e+04
17	45.433491	1.000000e-05	8.897813e-01	4.691849e-10	2.333608e+04	9.147021e+03
17	1241.731736	2.711996e-16	7.953000e-01	3.708527e-34	3.037000e+04	4.618000e+04
17	57.426544	2.387857e-08	9.218000e-01	2.751131e-11	1.392000e+03	2.548000e+03
17	1016.696171	5.008171e-09	7.700000e-01	1.089974e-11	3.321254e+03	1.758698e+04
17	111.789623	3.533883e-06	8.360216e-01	1.000000e-08	1.288804e+04	3.400445e+02
17	6023.089973	1.100000e-16	8.436000e-01	0.000000e+00	3.885800e+04	5.282400e+04
17	99.459360	4.820259e-08	8.528001e-01	9.406376e-13	2.424300e+04	2.356700e+04
17	1251.571173	9.700000e-16	9.287000e-01	1.237223e-21	3.021400e+04	5.570900e+04
17	1121.606678	2.468564e-11	7.818606e-01	2.468278e-11	1.907972e+03	1.251805e+04
17	309.823336	8.093182e-11	8.137000e-01	2.277201e-15	3.944600e+04	3.682800e+04
17	82.499338	5.226583e-07	8.729602e-01	1.000000e-08	1.929891e+04	1.303783e+03
17	1366.803099	5.199991e-16	9.885000e-01	6.510892e-20	1.597500e+04	4.965200e+04
17	1353.986971	1.084642e-20	9.172000e-01	1.084642e-20	2.702400e+04	5.496200e+04
17	1226.782479	9.000000e-16	9.264000e-01	4.301169e-37	3.726300e+04	5.755800e+04
17	209.396311	1.886205e-14	9.356000e-01	5.594869e-18	3.514200e+04	3.914700e+04
17	1285.426069	2.480325e-16	9.954000e-01	1.531944e-17	1.046600e+04	3.674600e+04
17	47.513510	1.000000e-05	8.906715e-01	4.185265e-09	4.385501e+04	3.867221e+03
17	1217.993783	3.395713e-15	7.700000e-01	3.373454e-15	2.393400e+04	2.942000e+04
17	383.638540	6.656638e-15	9.655000e-01	6.596001e-21	3.910700e+04	5.503200e+04
17	85.012699	1.000000e-05	8.498322e-01	2.603723e-09	1.034981e+04	4.044068e+03
17	204.873672	4.008728e-11	8.712000e-01	9.648271e-15	4.252500e+04	3.485300e+04
17	110.644450	8.256603e-07	8.510178e-01	9.924507e-09	1.683601e+04	7.890604e+02
17	44.047301	9.909591e-06	8.904673e-01	1.221066e-09	5.420042e+04	6.841498e+03
17	47.409253	1.570207e-06	8.906729e-01	4.101441e-09	5.992000e+04	3.916090e+03
17	1516.879927	3.039001e-13	9.908000e-01	3.039001e-13	1.117600e+04	2.667800e+04
17	179.864186	1.005322e-11	8.712000e-01	1.005322e-11	5.394000e+03	1.878900e+04
17	164.347972	1.148695e-13	8.688999e-01	3.003613e-14	5.724400e+04	3.216400e+04
17	53.641066	7.200413e-08	8.804002e-01	2.016068e-09	2.737400e+04	5.576000e+03
17	357.484177	2.445558e-09	7.907000e-01	2.160555e-14	3.081100e+04	2.820300e+04
17	1137.651985	3.576450e-06	8.891077e-01	1.000000e-08	2.025098e+04	2.621907e+04
17	262.673699	8.767021e-10	8.804000e-01	9.286514e-15	3.530100e+04	3.497400e+04
17	148.149626	1.260174e-13	8.620000e-01	1.088404e-13	1.382500e+04	2.960300e+04
17	1196.923783	1.801327e-09	7.700000e-01	1.590860e-09	3.180407e+04	4.504117e+04
17	294.953847	3.042772e-11	8.942000e-01	3.469892e-14	4.461400e+04	3.187500e+04
17	1297.783574	5.768593e-06	8.941996e-01	2.143105e-11	5.604400e+04	4.170700e+04
17	262.207938	1.000000e-05	8.621253e-01	1.131718e-14	4.889700e+04	3.471700e+04
17	1391.798988	2.799735e-06	9.149028e-01	4.940521e-13	5.877900e+04	5.160000e+04
17	391.275906	1.000000e-05	9.448155e-01	1.464697e-10	1.301000e+04	1.182000e+04
17	45.672046	7.932350e-06	8.906684e-01	2.748900e-09	5.425712e+04	4.882460e+03
17	47.166876	1.000000e-05	8.906755e-01	3.907650e-09	3.803597e+04	4.032992e+03
17	1383.208380	1.000000e-05	8.826731e-01	5.765840e-13	5.117300e+04	5.065900e+04
17	1075.613049	5.208499e-06	7.794101e-01	9.434981e-09	5.473387e+04	2.025898e+04
17	63.893966	1.502414e-08	8.533381e-01	1.000000e-08	7.210757e+02	3.256203e+04
17	44.399343	7.495127e-06	8.905797e-01	1.697031e-09	4.951311e+04	6.046984e+03
17	1159.461443	8.151424e-12	9.126000e-01	8.859256e-29	9.620000e+03	2.118500e+04
17	287.058869	4.807568e-14	9.770000e-01	4.714365e-18	3.553200e+04	3.958000e+04
17	1231.719469	2.691893e-10	8.734996e-01	2.691893e-10	3.487200e+04	4.292600e+04
17	1299.856238	9.699968e-16	9.632000e-01	3.038008e-18	2.580300e+04	4.065600e+04
17	45.393354	4.702104e-10	8.510748e-01	4.702104e-10	9.143980e+03	5.859795e+04
17	303.604943	1.834128e-15	9.953999e-01	1.834128e-15	5.052800e+04	2.472200e+04
17	1371.784000	5.800000e-16	9.724000e-01	2.735257e-20	2.590300e+04	5.174300e+04
17	143.098422	3.799592e-16	7.723000e-01	3.375525e-17	2.907200e+04	5.969800e+04
17	50.542378	3.290829e-06	8.889493e-01	1.730078e-10	5.607051e+04	1.155483e+04
17	1297.093437	6.299957e-16	9.126000e-01	9.370802e-19	2.615800e+04	4.396500e+04
17	840.760635	1.000000e-05	7.930155e-01	1.810451e-11	4.251800e+04	2.048200e+04
17	-1.000000	-1.000000e+00	-1.000000e+00	-1.000000e+00	-1.000000e+00	-1.000000e+00
17	47.727539	6.177734e-10	8.459000e-01	1.613079e-26	8.471000e+03	8.890000e+02
17	44.899904	1.000000e-05	8.906337e-01	2.140641e-09	4.457116e+04	5.486339e+03
17	1076.648357	1.000000e-05	7.799147e-01	9.652940e-09	4.914054e+04	2.033338e+04
17	82.078714	1.637462e-08	8.896299e-01	1.000000e-08	3.685884e+04	1.468069e+03
17	48.475084	1.682320e-09	8.528796e-01	1.682320e-09	6.019064e+03	3.705120e+04
17	79.087776	7.377871e-10	8.729823e-01	4.850602e-12	3.594503e+04	1.995701e+04
17	194.575994	1.570623e-07	9.678004e-01	5.353245e-14	1.521900e+04	1.764600e+04
17	1222.482425	1.680777e-10	9.424998e-01	1.680777e-10	3.388200e+04	4.512300e+04
17	1225.702173	4.266012e-16	8.298000e-01	1.324726e-35	3.003900e+04	5.412300e+04
17	1056.942823	3.711428e-08	9.931001e-01	2.919869e-11	4.760800e+04	1.571700e+04
17	1345.444141	2.301247e-12	9.355745e-01	2.301247e-12	4.544600e+04	5.220000e+04
17	1126.798282	5.942950e-11	7.700000e-01	3.519737e-11	1.400501e+04	3.492998e+04
17	169.483232	2.015084e-09	8.528000e-01	4.163218e-15	3.216500e+04	3.669600e+04
17	126.160060	1.282039e-10	8.591660e-01	9.507713e-14	3.934016e+04	2.928297e+04
17	798.222684	1.000000e-08	9.240991e-01	1.000000e-08	3.209300e+04	6.640000e+02
17	248.168115	3.072755e-09	8.137000e-01	1.364973e-13	3.025000e+04	2.665900e+04
17	1103.777244	6.933435e-08	9.331170e-01	1.000000e-08	1.997900e+04	2.972000e+04
17	1384.154912	2.799999e-16	9.816000e-01	1.731182e-20	2.770000e+04	5.273800e+04
17	50.063816	1.823016e-10	8.525363e-01	1.190045e-10	1.141599e+04	4.681300e+04
17	54.942491	4.174547e-08	8.836938e-01	8.175940e-11	2.810020e+04	1.327992e+04
17	1285.596886	4.197064e-16	9.287000e-01	2.984145e-18	1.280900e+04	4.153700e+04
17	1027.025793	2.271167e-10	9.658757e-01	2.199540e-10	1.556958e+03	1.099902e+04
17	168.396363	2.623380e-13	8.022000e-01	2.080934e-14	1.371500e+04	3.561300e+04
17	1324.209781	7.199493e-16	9.034000e-01	4.425177e-20	1.083100e+04	5.196700e+04
17	102.309372	1.621328e-10	8.656918e-01	1.619704e-10	1.141800e+04	3.814900e+04
17	1213.160563	5.044914e-16	8.367000e-01	4.930040e-17	1.480500e+04	3.779600e+04
17	50.463056	6.314639e-09	9.655000e-01	2.392985e-12	6.694000e+03	8.469000e+03
17	46.579595	2.986127e-06	8.896491e-01	3.451133e-10	4.120407e+04	9.889977e+03
17	1492.512629	1.107305e-09	8.941999e-01	1.107305e-09	7.990000e+03	3.135900e+04
17	1315.074151	1.398445e-16	8.919000e-01	4.614806e-20	1.365900e+04	5.214700e+04
17	811.395849	1.000000e-05	7.976631e-01	6.538250e-12	4.079700e+04	2.241600e+04
17	224.768293	3.649948e-09	8.183000e-01	1.322849e-11	2.984600e+04	1.581100e+04
17	1411.222730	8.598918e-06	9.034049e-01	1.963068e-13	5.910600e+04	5.376900e+04
17	148.839290	1.832975e-09	8.500111e-01	1.294699e-14	3.233684e+04	3.393416e+04
17	197.709951	3.986995e-14	7.861000e-01	2.569583e-14	1.819100e+04	3.670500e+04
17	866.090375	2.925282e-12	9.264000e-01	4.176124e-15	5.412400e+04	3.695700e+04
17	1164.124356	7.845168e-13	9.287000e-01	3.025414e-30	1.617100e+04	2.765900e+04
17	1321.803628	1.351391e-11	7.700000e-01	1.332714e-11	4.415100e+04	5.075006e+04
17	838.938561	1.909808e-11	7.838768e-01	4.998363e-12	1.674500e+04	5.732900e+04
17	748.788120	2.385313e-13	9.103000e-01	1.078379e-15	5.644300e+04	4.016400e+04
17	1268.634770	5.406063e-17	7.700000e-01	1.664793e-17	3.372500e+04	5.449700e+04
17	41.879874	8.719250e-11	8.821017e-01	3.656885e-14	1.380498e+04	1.747300e+04
17	1333.125455	9.999999e-06	9.286989e-01	6.321531e-12	4.814000e+04	4.532300e+04
17	54.474009	2.168221e-09	8.873000e-01	9.434249e-11	3.707600e+04	1.297600e+04
17	91.603676	2.089068e-08	8.648487e-01	1.231652e-12	2.691546e+04	2.312800e+04
17	1393.837366	2.029287e-06	8.666021e-01	3.175894e-13	5.478800e+04	5.183000e+04
17	1321.035755	1.000000e-05	7.975984e-01	2.026063e-12	4.614900e+04	4.415200e+04
17	250.583093	6.501525e-12	8.275000e-01	1.176110e-13	4.605800e+04	2.815100e+04
17	563.828553	6.381562e-13	9.931000e-01	3.165749e-19	4.204900e+04	4.583700e+04
17	479.962297	3.367973e-11	9.448000e-01	5.537794e-14	1.276000e+04	5.787800e+04
17	279.288131	1.000000e-05	8.666205e-01	1.000000e-08	5.611000e+04	9.010000e+02
17	72.972150	6.777912e-11	7.953000e-01	8.628038e-12	4.470000e+02	2.206000e+04
17	52.797783	4.659347e-06	8.836190e-01	1.106420e-10	1.641613e+04	1.254198e+04
17	200.294278	2.577195e-11	8.367000e-01	1.439679e-15	4.276700e+04	3.911500e+04
17	316.719851	1.852425e-10	8.942000e-01	2.402664e-14	4.018400e+04	3.275300e+04
17	1165.185534	5.405774e-13	9.195000e-01	7.914370e-34	1.649100e+04	4.363300e+04
17	45.766081	1.000000e-05	8.898197e-01	4.219962e-10	3.749834e+04	9.404931e+03
17	545.353537	1.095743e-12	9.126000e-01	1.319098e-14	5.411600e+04	3.420600e+04
17	1199.198095	4.700000e-16	9.218000e-01	1.287531e-36	3.353100e+04	5.487800e+04
17	1123.109738	1.731033e-10	7.723000e-01	1.731033e-10	3.776500e+04	5.233000e+03
17	56.719327	1.417015e-08	8.507336e-01	1.000000e-08	9.200643e+02	4.544716e+04
17	1355.033346	1.000000e-05	7.745965e-01	1.952299e-14	5.939500e+04	5.111900e+04
17	1215.476426	3.705345e-16	8.758000e-01	2.292728e-16	1.686700e+04	3.248700e+04
17	1104.626374	1.668085e-08	9.448000e-01	8.493175e-15	5.170100e+04	3.525600e+04
17	1290.843982	3.196904e-08	9.701001e-01	7.189310e-14	4.948700e+04	3.013600e+04
17	1306.190995	8.999961e-17	9.034000e-01	4.931838e-19	3.066200e+04	4.562600e+04
17	102.937034	1.937838e-08	8.606714e-01	4.365172e-13	2.686188e+04	2.557004e+04
17	518.725695	3.491342e-11	9.701000e-01	6.513916e-19	3.603900e+04	4.442600e+04
17	1414.404759	7.100000e-16	9.977000e-01	4.625522e-21	2.126100e+04	5.571700e+04
17	112.352371	3.624238e-11	8.712000e-01	4.059500e-13	4.311200e+04	2.590700e+04
17	1137.015891	1.161097e-09	9.792691e-01	9.789405e-10	2.624300e+04	5.743200e+04
17	275.743656	2.865152e-11	8.433120e-01	2.865152e-11	5.031300e+04	1.618400e+04
17	54.701914	9.186281e-11	8.545375e-01	2.457863e-12	1.304316e+04	5.374098e+04
17	989.768809	1.578617e-09	9.884960e-01	3.856823e-13	1.171000e+03	5.310800e+04
17	1347.379306	5.500001e-16	8.942000e-01	3.498355e-21	2.676600e+04	5.718000e+04
17	1200.353537	7.200000e-16	9.379000e-01	9.100970e-36	3.704300e+04	5.441000e+04
17	1161.963751	6.728024e-11	9.931000e-01	6.727794e-11	5.652100e+04	3.690000e+02
17	1391.973680	6.735688e-13	9.517000e-01	6.735688e-13	5.030800e+04	5.219700e+04
17	228.937539	1.680506e-15	9.264000e-01	3.213797e-18	4.042400e+04	4.026300e+04
17	484.493709	1.535738e-16	8.643000e-01	2.634134e-21	4.497300e+04	5.456300e+04
17	55.675345	9.305804e-08	9.862001e-01	7.432187e-11	2.488000e+03	1.020000e+02
17	1296.459931	3.554585e-07	7.815013e-01	1.989189e-12	4.540700e+04	4.200000e+04
17	73.790445	3.885131e-08	8.721609e-01	7.411274e-12	2.598000e+04	1.890100e+04
17	118.692284	7.993769e-10	8.681877e-01	7.747252e-10	7.532027e+03	3.407401e+04
17	84.467119	9.991067e-06	8.844145e-01	1.048347e-11	4.526400e+04	1.830600e+04
17	1208.173780	1.465251e-15	8.919000e-01	1.465251e-15	1.691900e+04	2.757300e+04
17	44.223402	1.000000e-05	8.905419e-01	1.504274e-09	3.407099e+04	6.338005e+03
17	1296.121703	1.997842e-17	9.816000e-01	5.799876e-18	2.282600e+04	3.919000e+04
17	48.663989	1.000000e-05	8.906466e-01	5.142618e-09	4.095961e+04	3.369633e+03
17	247.777855	2.284134e-14	9.471000e-01	1.215779e-18	3.518700e+04	4.281400e+04
17	63.297792	3.691209e-06	8.738580e-01	2.349633e-11	1.489402e+04	1.611831e+04
17	361.172923	1.380591e-15	9.563000e-01	2.390884e-20	4.215100e+04	5.201600e+04
17	109.378974	3.962822e-06	8.814687e-01	2.821495e-12	5.712763e+04	2.146230e+04
17	44.315143	1.000000e-05	8.901118e-01	7.782590e-10	2.311707e+04	7.925962e+03
17	47.443000	1.000000e-05	8.847221e-01	1.040564e-09	1.416992e+04	7.118712e+03
17	48.103356	2.426250e-06	8.892571e-01	2.543399e-10	2.718299e+04	1.062400e+04
17	90.083328	3.944175e-08	8.647014e-01	1.377862e-12	2.532312e+04	2.284900e+04
17	1312.893938	1.498251e-16	9.494000e-01	7.844783e-19	1.099600e+04	4.434300e+04
17	45.979430	1.000000e-05	8.899583e-01	2.495306e-09	1.911108e+04	5.103002e+03
17	1182.225205	1.494544e-13	8.183000e-01	6.340150e-31	1.579900e+04	2.915800e+04
17	1010.568205	3.963410e-16	9.678000e-01	3.963410e-16	4.575800e+04	5.820000e+02
17	54.752195	4.772468e-08	9.770000e-01	2.531656e-11	2.825000e+03	2.753000e+03
17	146.508031	6.970821e-13	9.379000e-01	7.195690e-17	2.682600e+04	3.320400e+04
17	173.003552	3.854980e-11	8.610009e-01	3.677241e-11	2.469000e+03	1.582400e+04
17	1403.999163	1.468021e-06	8.206001e-01	1.115414e-13	5.396600e+04	5.298300e+04
17	2828.622055	1.000000e-05	9.723952e-01	7.166389e-17	5.527100e+04	4.661300e+04
17	146.476695	1.064625e-08	8.480492e-01	1.244022e-14	2.787850e+04	3.396846e+04
17	148.531371	3.786701e-09	8.873000e-01	5.366374e-13	3.294600e+04	2.531700e+04
17	1281.098911	3.029530e-17	7.861000e-01	7.868335e-21	3.419300e+04	5.951200e+04
17	1396.258330	2.800002e-16	9.356000e-01	1.551098e-21	1.466200e+04	5.915100e+04
17	969.736839	6.112480e-10	7.723000e-01	6.112480e-10	8.395000e+03	5.746800e+04
17	99.713572	2.688801e-09	8.620000e-01	2.688801e-09	3.281300e+04	4.647000e+03
