31	445.914638	2.118044e-11	9.260000e-01	1.221211e-31	2.918000e+03	3.366100e+04
31	171.243784	8.478387e-10	8.176909e-01	6.903790e-14	4.121300e+04	2.956600e+04
31	149.885990	1.000000e-05	8.218745e-01	6.504961e-11	5.138111e+04	1.329783e+04
31	449.999729	1.702449e-13	9.720000e-01	2.559110e-32	1.807600e+04	3.165100e+04
31	778.288035	7.215457e-06	8.340235e-01	1.089505e-10	5.539200e+04	3.892800e+04
31	293.866899	1.357196e-08	8.740000e-01	3.908559e-15	2.950300e+04	2.270600e+04
31	448.825278	2.316608e-12	8.680000e-01	1.596032e-26	6.606000e+03	9.993000e+03
31	357.458182	1.897127e-11	9.300000e-01	3.955794e-16	4.442100e+04	2.683500e+04
31	480.584206	6.038601e-15	8.940000e-01	6.967211e-33	2.142000e+04	3.319600e+04
31	169.769017	8.838355e-09	8.178464e-01	1.018212e-13	3.551020e+04	2.863159e+04
31	453.610685	3.284528e-13	8.000000e-01	3.284528e-13	1.007600e+04	3.452100e+04
31	151.852470	9.826000e-06	8.213959e-01	1.873962e-11	5.504487e+04	1.628729e+04
31	335.148638	4.790619e-12	8.080000e-01	1.077452e-14	3.739000e+03	5.886700e+04
31	159.145826	8.124858e-09	9.662876e-01	8.124858e-09	1.675068e+03	5.647000e+04
31	494.782966	1.048010e-15	8.380000e-01	2.749468e-36	2.432900e+04	5.644900e+04
31	445.312968	4.033119e-11	9.480000e-01	4.047340e-27	2.426000e+03	9.701000e+03
31	326.546047	1.520179e-12	8.360000e-01	3.425942e-13	6.967000e+03	5.379000e+04
31	247.179848	1.133616e-15	9.900000e-01	1.024439e-19	4.133700e+04	4.472500e+04
31	334.563835	1.083208e-11	8.089644e-01	1.083208e-11	5.313400e+04	1.528200e+04
31	468.675644	1.100235e-15	9.640000e-01	4.873991e-35	2.908400e+04	4.361900e+04
31	656.349007	4.000003e-16	9.280000e-01	5.154103e-22	2.369300e+04	5.755600e+04
31	154.860999	4.270021e-10	8.207374e-01	5.982789e-12	4.762700e+04	1.900698e+04
31	167.141562	5.466907e-09	8.183128e-01	1.940288e-13	3.704244e+04	2.711261e+04
31	266.953189	1.100326e-09	9.600000e-01	1.161577e-11	3.269800e+04	1.911000e+03
31	175.882360	3.917971e-13	9.680000e-01	4.901521e-27	2.559500e+04	5.411000e+03
31	160.433804	1.185603e-15	9.800000e-01	2.379947e-19	3.985100e+04	4.164700e+04
31	502.940548	5.427143e-16	8.980000e-01	8.984884e-24	2.721000e+04	5.685700e+04
31	23660.401215	2.528039e-08	9.700001e-01	2.389981e-10	5.300700e+04	1.040300e+04
31	718.738514	8.165536e-06	8.021886e-01	9.824760e-09	5.512602e+04	2.087196e+04
31	499.155647	7.375782e-16	8.940006e-01	2.710855e-37	2.638500e+04	5.964200e+04
31	5197.625571	1.158308e-07	8.600001e-01	3.754394e-16	4.978000e+04	4.225800e+04
31	147.437594	1.671740e-11	9.720000e-01	1.983861e-12	1.688300e+04	2.538000e+03
31	826.251723	3.410218e-07	8.420000e-01	1.224718e-13	4.900600e+04	5.668400e+04
31	174.268566	5.802739e-15	8.120000e-01	1.672393e-17	1.800100e+04	5.011300e+04
31	484.184607	3.838254e-15	9.000000e-01	1.985828e-36	2.266100e+04	5.007600e+04
31	775.939455	3.015352e-10	9.199992e-01	3.015352e-10	3.781600e+04	4.724500e+04
31	450.793249	1.160743e-12	8.720000e-01	1.168446e-29	8.353000e+03	2.436800e+04
31	156.024927	1.000000e-05	8.228965e-01	4.054459e-09	3.483800e+04	3.351000e+03
31	608.371447	9.199235e-16	9.720000e-01	1.461367e-19	1.203200e+04	4.454400e+04
31	164.579023	2.167544e-10	8.188314e-01	3.577074e-13	4.547800e+04	2.568096e+04
31	800.128287	2.758956e-11	8.060000e-01	2.758956e-11	4.640300e+04	4.721600e+04
31	149.508981	1.568193e-10	9.673972e-01	1.568193e-10	1.118201e+04	5.973205e+04
31	479.951812	6.444748e-15	9.040000e-01	3.239845e-37	2.155200e+04	5.600500e+04
31	484.420767	3.681990e-15	8.740000e-01	6.156249e-36	2.209400e+04	5.217500e+04
31	8092.273870	4.687009e-07	8.780006e-01	4.408831e-15	4.229600e+04	3.642300e+04
31	360.271273	1.793937e-13	9.060000e-01	1.793937e-13	1.390800e+04	5.728300e+04
31	492.291258	3.380184e-16	9.520000e-01	4.498211e-21	3.041600e+04	4.477900e+04
31	259.665814	4.170125e-09	9.520000e-01	3.354023e-12	2.983400e+04	5.010000e+03
31	691.441638	7.900022e-16	9.180000e-01	2.862480e-22	1.709900e+04	5.941100e+04
31	508.536856	6.800000e-16	9.820000e-01	2.718716e-21	3.114100e+04	5.058500e+04
31	798.095791	3.687415e-11	8.000000e-01	2.474301e-11	4.569304e+04	5.926094e+04
31	279.728749	9.397716e-10	9.020000e-01	1.262171e-12	3.550300e+04	8.211000e+03
31	276.069630	1.053010e-08	8.720000e-01	7.654123e-14	3.018700e+04	1.570400e+04
31	440.856901	1.353800e-11	9.860000e-01	4.755097e-30	1.076500e+04	2.177900e+04
31	151.986600	8.140603e-10	9.669672e-01	8.140603e-10	7.205026e+03	4.699500e+04
31	447.224629	3.349500e-12	8.500000e-01	3.349500e-12	4.854000e+03	3.366000e+03
31	805.841220	6.346491e-06	8.680214e-01	4.731954e-12	5.740000e+04	4.852700e+04
31	448.521729	2.577484e-12	9.040000e-01	2.577484e-12	7.011000e+03	6.550000e+02
31	308.055994	1.336449e-09	9.220000e-01	3.408016e-15	3.398000e+04	2.190000e+04
31	454.529656	4.889252e-13	9.020000e-01	1.663111e-31	1.118000e+04	2.516800e+04
31	455.725105	2.080596e-13	8.460000e-01	2.080596e-13	1.161600e+04	9.280000e+03
31	479.714153	9.814267e-16	8.340000e-01	9.814267e-16	1.025100e+04	2.822300e+04
31	491.291633	1.077890e-15	8.540000e-01	1.077890e-15	1.790800e+04	2.642700e+04
31	157.379486	7.719771e-09	8.201939e-01	2.736122e-12	3.876622e+04	2.085945e+04
31	459.636971	1.584403e-13	9.220000e-01	2.054264e-28	1.452900e+04	1.649300e+04
31	495.365577	1.063721e-15	8.580000e-01	4.604670e-34	2.467600e+04	4.006100e+04
31	595.679759	5.421271e-10	8.043201e-01	5.421271e-10	5.113000e+04	1.191699e+04
31	522.045465	6.400000e-16	9.880000e-01	2.293797e-22	3.292200e+04	5.614500e+04
31	282.638937	1.486089e-09	8.940000e-01	2.733988e-13	3.456800e+04	1.205500e+04
31	797.902625	9.999997e-06	9.140195e-01	2.363383e-11	5.588300e+04	4.562400e+04
31	581.831492	2.400783e-16	8.440000e-01	3.463982e-20	1.205400e+04	5.170300e+04
31	272.012254	1.362569e-15	9.680000e-01	3.831422e-21	3.917500e+04	4.756000e+04
31	448.175020	2.351685e-12	8.800000e-01	2.351685e-12	6.429000e+03	2.722000e+03
31	173.480980	9.049162e-09	8.172289e-01	4.115645e-14	3.506609e+04	3.076795e+04
31	164.838144	1.542302e-10	8.187939e-01	3.335417e-13	4.628598e+04	2.584794e+04
31	639.607385	1.446219e-09	9.993304e-01	3.579526e-10	1.558200e+04	4.647384e+04
31	452.390230	9.419606e-13	9.180000e-01	7.965920e-31	1.011500e+04	2.711300e+04
31	452.620639	2.141589e-11	8.600000e-01	2.141589e-11	1.770000e+03	4.301100e+04
31	157.331154	1.392953e-06	8.205980e-01	3.095131e-12	4.924502e+04	2.060791e+04
31	779.883913	3.188586e-10	8.499867e-01	3.188586e-10	3.937500e+04	4.896200e+04
31	336.052560	1.229819e-11	8.460000e-01	4.490464e-14	2.117000e+03	5.957700e+04
31	189.139915	7.949304e-09	8.210566e-01	7.949304e-09	4.205600e+04	1.182078e+03
31	781.928835	1.041753e-06	8.140028e-01	2.849062e-11	5.766800e+04	4.013400e+04
31	310.246274	1.045781e-11	9.940000e-01	1.556878e-14	3.954200e+04	1.736600e+04
31	470.453051	2.206313e-14	8.700000e-01	4.287948e-34	1.776600e+04	4.294300e+04
31	447.495316	3.149899e-12	8.200000e-01	7.297449e-27	4.966000e+03	1.037800e+04
31	450.466114	1.807084e-12	9.280000e-01	4.675427e-33	8.926000e+03	4.010600e+04
31	492.833464	1.276838e-15	9.120000e-01	3.352402e-34	2.564200e+04	4.235100e+04
31	434.537033	8.609793e-15	9.920000e-01	8.123650e-18	5.830500e+04	3.508800e+04
31	526.980924	5.965084e-17	8.640000e-01	5.214644e-36	3.154600e+04	5.511100e+04
31	810.055438	2.867346e-12	9.120000e-01	2.867346e-12	4.984800e+04	5.959200e+04
31	447.526952	6.516403e-12	9.420000e-01	6.542893e-29	6.484000e+03	1.742800e+04
31	154.632214	1.000000e-05	8.228484e-01	2.821553e-09	5.025001e+04	4.225017e+03
31	14848.590848	3.373955e-08	9.100013e-01	4.590615e-14	4.635700e+04	3.085500e+04
31	489.359751	1.736461e-15	8.240000e-01	1.155110e-28	2.289900e+04	2.240600e+04
31	159.068856	1.000000e-05	8.229687e-01	8.001427e-09	4.017400e+04	1.711997e+03
31	450.985080	1.408167e-12	9.100000e-01	1.052427e-34	8.885000e+03	4.433900e+04
31	488.658097	2.240232e-15	8.920000e-01	2.240232e-15	2.369600e+04	1.126000e+04
31	342.358016	1.337541e-10	9.160000e-01	5.511139e-16	3.998000e+04	2.630000e+04
31	619.038969	1.428843e-10	8.024246e-01	1.428843e-10	5.156600e+04	1.653800e+04
31	152.172045	1.341082e-14	8.100000e-01	4.285501e-16	1.678200e+04	4.290100e+04
31	41178.207511	5.492235e-09	9.720000e-01	5.868143e-15	5.826700e+04	3.575600e+04
31	470.800626	1.975033e-15	8.040000e-01	1.975033e-15	2.112300e+04	3.156800e+04
31	475.403968	9.490350e-15	8.620000e-01	9.490350e-15	1.949100e+04	1.336900e+04
31	498.086610	8.240041e-16	8.940000e-01	2.418811e-35	2.612400e+04	4.722900e+04
31	491.355483	1.379628e-15	8.200000e-01	3.973273e-36	2.337400e+04	5.438500e+04
31	445.560205	3.725602e-11	9.100000e-01	3.869743e-25	9.940000e+02	3.160000e+03
31	777.095337	2.162461e-10	9.340547e-01	2.162461e-10	3.814000e+04	4.809100e+04
31	554.510901	1.381790e-08	9.460000e-01	6.723817e-18	5.805000e+04	3.610000e+04
31	158.188122	3.634180e-06	8.200055e-01	2.308622e-12	2.352400e+04	2.125600e+04
31	158.523530	7.962488e-11	9.900000e-01	4.989076e-14	1.556300e+04	1.437300e+04
31	7538.382828	8.027690e-06	8.800035e-01	2.734432e-14	3.146600e+04	3.208200e+04
31	638.534111	7.999976e-16	9.540000e-01	1.711507e-20	1.646400e+04	4.962800e+04
31	487.994637	7.359575e-17	9.640000e-01	4.252892e-23	3.541700e+04	5.639700e+04
31	155.183699	1.000000e-05	8.206293e-01	5.718971e-12	2.238096e+04	1.910406e+04
31	510.413712	2.478769e-11	9.480000e-01	3.323869e-28	1.575100e+04	3.140000e+03
31	787.387917	7.400607e-06	8.900192e-01	8.138800e-11	5.423600e+04	4.196000e+04
31	183.822192	3.443862e-09	8.156563e-01	3.188317e-15	3.671637e+04	3.680281e+04
31	454.349920	4.543433e-13	8.820000e-01	2.120754e-30	1.083100e+04	2.562700e+04
31	227.415279	1.539729e-14	8.220000e-01	1.539729e-14	7.578000e+03	3.336200e+04
31	146.308464	1.455501e-11	8.020000e-01	6.034557e-14	9.080000e+02	3.515600e+04
31	186.543500	2.703308e-10	9.713996e-01	2.703308e-10	9.592996e+03	4.185697e+04
31	816.500096	7.351734e-06	8.360026e-01	5.147440e-13	5.570900e+04	5.264800e+04
31	348.809814	1.339460e-11	9.300000e-01	1.202245e-15	4.530600e+04	2.422600e+04
31	465.304127	5.513503e-14	9.020000e-01	2.787260e-34	1.639200e+04	3.851200e+04
31	219.466614	1.177506e-11	9.600000e-01	5.970156e-31	1.748700e+04	1.931400e+04
31	465.182463	5.656477e-14	9.060000e-01	2.751883e-29	1.645000e+04	1.827200e+04
31	149336.788208	6.800000e-16	8.260000e-01	3.450032e-35	3.657200e+04	5.265700e+04
31	112710.367093	5.300000e-16	8.380000e-01	3.695614e-37	3.812500e+04	5.965800e+04
31	789.292815	9.999999e-06	9.640165e-01	1.058973e-10	5.579800e+04	4.261000e+04
31	601.642680	3.200000e-16	9.500000e-01	4.112577e-36	3.219100e+04	4.999800e+04
31	469.884957	1.664436e-14	8.000000e-01	1.005565e-14	1.718000e+04	4.651600e+04
31	448.968066	2.418332e-12	8.820000e-01	2.406027e-27	6.821000e+03	1.359200e+04
31	163.584423	1.962282e-08	9.960000e-01	1.050697e-12	4.696000e+03	7.242000e+03
31	326.490636	2.201019e-14	8.260000e-01	2.201019e-14	4.984000e+03	3.252900e+04
31	486.493166	1.854461e-15	9.300000e-01	1.131969e-33	2.546300e+04	3.959800e+04
31	380.516948	3.045223e-13	9.800000e-01	2.113784e-16	5.159800e+04	2.763900e+04
31	165.690220	2.991399e-09	8.185820e-01	2.775410e-13	3.875794e+04	2.627007e+04
31	534.504924	6.899001e-16	9.940000e-01	2.754254e-17	1.610500e+04	3.226000e+04
31	156.772604	5.399547e-11	8.203110e-01	3.164758e-12	5.113901e+04	2.051698e+04
31	285.833028	1.380996e-11	9.960000e-01	1.380996e-11	3.815400e+04	9.970000e+02
31	791.528097	1.000000e-05	8.460273e-01	2.497210e-11	4.747500e+04	4.338100e+04
31	465.642528	4.604710e-14	8.700000e-01	3.396013e-30	1.601800e+04	2.392600e+04
31	485.104548	3.475655e-15	8.940000e-01	8.645450e-34	2.272700e+04	3.895300e+04
31	39581.257139	4.489206e-09	9.720000e-01	1.113617e-14	5.935800e+04	3.423300e+04
31	178.806648	2.926456e-09	9.959983e-01	1.325418e-14	9.229000e+03	1.766800e+04
31	141.907703	9.322885e-13	8.120000e-01	6.127727e-13	6.609000e+03	2.562400e+04
31	453.896483	6.126705e-13	9.300000e-01	6.521091e-34	1.160600e+04	4.049700e+04
31	184.047604	1.219781e-09	8.157029e-01	3.044539e-15	3.931806e+04	3.692603e+04
31	163.657518	2.597399e-08	9.900000e-01	1.411717e-11	1.809000e+03	8.560000e+02
31	279.313957	7.538212e-10	9.620000e-01	2.004113e-13	3.351100e+04	1.163900e+04
31	194.970795	7.593951e-16	9.840000e-01	3.244149e-21	4.106100e+04	5.193300e+04
31	162.747343	7.277708e-08	8.190770e-01	6.268091e-13	3.141797e+04	2.433402e+04
31	470.120715	3.898040e-14	8.760000e-01	3.898040e-14	1.714400e+04	5.960100e+04
31	501.843565	1.180850e-06	9.380025e-01	5.346953e-16	5.803700e+04	2.603100e+04
31	470.001632	2.024383e-14	8.400000e-01	4.634211e-32	1.737400e+04	3.431900e+04
31	810.321365	8.843602e-06	8.820053e-01	2.879079e-12	5.863600e+04	5.022500e+04
31	489.759491	1.527415e-15	8.060000e-01	1.527415e-15	2.291200e+04	9.992000e+03
31	149.754857	1.000000e-05	8.219293e-01	7.596918e-11	4.480002e+04	1.292488e+04
31	446.224661	1.167517e-11	8.800000e-01	9.697173e-27	2.982000e+03	1.007600e+04
31	152.341536	1.567910e-09	9.685846e-01	5.365852e-14	5.786001e+03	9.544001e+03
31	512.569902	1.809446e-16	9.040000e-01	3.187465e-34	2.998700e+04	4.352900e+04
31	446.477523	8.079681e-12	8.600000e-01	2.293138e-29	3.430000e+03	1.843000e+04
31	87390.737896	3.239033e-18	8.240000e-01	4.317119e-19	5.346800e+04	5.802800e+04
31	469.140830	9.152378e-16	8.240000e-01	9.152378e-16	1.486200e+04	2.955100e+04
31	459.189502	1.757974e-13	9.160000e-01	5.268171e-27	1.406600e+04	1.157000e+04
31	783.023985	9.999997e-06	9.421242e-01	2.170075e-10	5.414200e+04	4.049100e+04
31	446.806641	1.120108e-12	8.120000e-01	1.120108e-12	4.644000e+03	1.375300e+04
31	436.031593	1.827369e-15	8.260000e-01	1.827369e-15	1.575600e+04	3.847900e+04
31	291.953276	1.139384e-08	9.700000e-01	1.185931e-15	2.609200e+04	2.369500e+04
31	769.183840	9.984171e-10	8.774697e-01	9.984171e-10	3.590700e+04	4.698300e+04
31	738.517660	7.203619e-08	8.000000e-01	9.932551e-09	2.661498e+04	2.846077e+04
31	468.912477	2.820390e-14	8.740000e-01	2.362381e-29	1.727200e+04	2.262900e+04
31	161.214959	6.610239e-11	8.194462e-01	8.651089e-13	4.909870e+04	2.359210e+04
31	367.287405	9.511349e-10	9.400000e-01	1.366344e-17	3.411500e+04	3.451300e+04
31	426.090278	1.369226e-12	8.940000e-01	5.808355e-18	5.224200e+04	3.740800e+04
31	142.878046	1.517769e-11	8.060000e-01	4.717455e-12	6.640000e+02	2.243000e+04
31	358.238314	5.208760e-13	8.780000e-01	5.208760e-13	1.067900e+04	5.372000e+04
31	150.744017	8.460961e-06	8.225637e-01	6.497795e-10	5.595075e+04	7.761994e+03
31	499.760908	6.915675e-16	8.940000e-01	6.915675e-16	2.653600e+04	6.663000e+03
31	481.352160	4.961386e-16	9.540000e-01	1.117892e-35	3.005900e+04	4.643600e+04
31	445.651859	3.554414e-11	8.680000e-01	2.859287e-24	2.000000e+01	2.296000e+03
31	364.506636	1.062483e-09	9.600000e-01	1.191636e-17	3.276500e+04	3.455100e+04
31	504.241468	4.274414e-16	8.460000e-01	1.347488e-19	2.658100e+04	4.482000e+03
31	807.338138	1.828735e-12	9.699998e-01	1.828735e-12	4.825700e+04	5.904900e+04
31	150.749783	9.196963e-06	8.225645e-01	6.519444e-10	5.672697e+04	7.753986e+03
31	454.084799	2.557149e-13	9.560000e-01	3.708417e-31	1.520500e+04	2.633500e+04
31	296.160796	1.906440e-13	9.940000e-01	7.924039e-20	3.084500e+04	4.552800e+04
31	256.715959	4.184371e-14	9.900000e-01	9.443621e-20	3.302400e+04	4.496500e+04
31	609.171298	1.000564e-20	8.500000e-01	1.000564e-20	3.784500e+04	5.418200e+04
31	224.399428	8.435546e-12	9.600000e-01	4.342310e-30	1.828800e+04	9.881000e+03
31	315.255751	1.429938e-11	9.380001e-01	9.612334e-14	4.482000e+04	1.372700e+04
31	149.919186	9.999999e-06	8.218619e-01	6.281164e-11	5.796801e+04	1.338197e+04
31	773.625500	4.570837e-10	9.200715e-01	4.570837e-10	3.686500e+04	4.460800e+04
31	451.404108	1.054171e-12	8.860000e-01	5.010697e-25	8.912000e+03	7.869000e+03
31	447.389873	4.040478e-12	9.400000e-01	4.040478e-12	6.667000e+03	1.609000e+03
31	445.795744	1.904388e-11	8.680000e-01	1.042766e-27	1.529000e+03	1.516600e+04
31	149.591763	3.296339e-10	9.675150e-01	4.185845e-14	9.425000e+03	6.444070e+03
31	387.809263	2.741572e-11	9.320000e-01	2.192711e-17	4.340200e+04	3.354800e+04
31	-1.000000	-1.000000e+00	-1.000000e+00	-1.000000e+00	-1.000000e+00	-1.000000e+00
31	606.004424	6.999687e-16	9.840000e-01	1.658323e-19	1.622300e+04	4.411700e+04
31	311.390254	2.905994e-12	9.980000e-01	1.126299e-14	3.990200e+04	1.809300e+04
31	173.618011	9.006766e-16	9.760000e-01	3.950551e-18	4.035100e+04	3.429000e+04
31	190.587935	8.407671e-09	8.206951e-01	8.407671e-09	4.132896e+04	1.028035e+03
31	738.558060	7.168848e-08	8.000000e-01	9.889631e-09	2.662706e+04	3.491882e+04
31	656.423246	1.610203e-21	8.480000e-01	1.610203e-21	3.622000e+04	5.930100e+04
31	155.820898	3.773466e-09	9.664169e-01	3.773466e-09	3.523032e+03	4.914811e+04
31	538.622266	3.586577e-17	8.620000e-01	9.151525e-23	3.258700e+04	5.655100e+04
31	154.684978	2.167067e-08	8.208208e-01	6.465150e-12	3.897801e+04	1.882698e+04
31	149.799102	1.000000e-05	8.223730e-01	3.110425e-10	3.803200e+04	9.535000e+03
31	455.627401	3.379983e-13	8.980000e-01	3.379983e-13	1.190600e+04	1.736000e+03
31	654.012638	2.212817e-18	8.240000e-01	2.212817e-18	1.343500e+04	5.429000e+04
31	428.943499	7.892537e-13	9.940000e-01	1.450229e-18	4.605700e+04	3.903000e+04
31	769.862128	1.199636e-09	8.741381e-01	1.199636e-09	3.576600e+04	4.049500e+04
31	286.964706	3.835973e-10	9.420000e-01	2.579659e-13	3.632800e+04	1.130700e+04
31	162.360159	4.822750e-08	9.980000e-01	2.727131e-12	4.236000e+03	4.956000e+03
31	271.670992	7.880723e-09	9.040000e-01	1.495119e-13	3.010300e+04	1.327000e+04
31	151.176700	1.000000e-05	8.226170e-01	8.185767e-10	4.882101e+04	7.205994e+03
31	151.840112	1.000000e-05	8.225125e-01	8.881281e-10	2.455100e+04	6.995998e+03
31	214.397849	3.059216e-06	9.720038e-01	1.780751e-13	1.208800e+04	1.178900e+04
31	497.394984	8.954093e-16	8.900000e-01	9.653194e-39	2.582000e+04	5.851700e+04
31	585.456491	5.394220e-16	9.260000e-01	6.905238e-19	1.549200e+04	4.164600e+04
31	282.063127	4.882392e-11	9.880000e-01	3.570730e-12	3.743300e+04	4.435000e+03
31	422.615605	2.064597e-09	8.240000e-01	2.103954e-16	5.831400e+04	4.357600e+04
31	236.097736	6.106804e-09	9.560000e-01	1.778532e-28	2.475000e+03	3.050000e+03
31	149.955750	1.000000e-05	8.224190e-01	3.675722e-10	3.955502e+04	9.133206e+03
31	482.019609	4.151191e-15	9.220000e-01	3.860118e-33	2.321100e+04	3.532700e+04
31	154.141324	1.000000e-05	8.228163e-01	2.420037e-09	3.103499e+04	4.594003e+03
31	150.810426	8.205185e-06	8.216101e-01	3.203104e-11	5.139102e+04	1.499995e+04
31	489.811914	7.898563e-16	9.380000e-01	3.766105e-30	2.789300e+04	2.263200e+04
31	273.432712	4.679467e-09	9.760000e-01	2.224111e-14	2.774500e+04	1.670400e+04
31	476.598877	9.160469e-15	8.680000e-01	9.160469e-15	1.979200e+04	8.508000e+03
31	165.369000	5.425096e-11	8.187270e-01	2.887430e-13	4.881794e+04	2.619375e+04
31	149.915910	7.959784e-06	8.224089e-01	3.538341e-10	4.786403e+04	9.224894e+03
31	156.576653	4.294241e-09	9.664408e-01	4.294241e-09	3.208000e+03	4.573200e+04
31	298.863721	1.996468e-10	9.880000e-01	7.771210e-13	7.674000e+03	5.574500e+04
31	485.093871	3.225460e-15	8.880000e-01	3.225460e-15	2.269100e+04	1.356100e+04
31	636.938786	6.399990e-16	9.380000e-01	1.392300e-20	1.939200e+04	5.027700e+04
31	504.062138	4.458750e-16	8.540000e-01	2.185594e-21	2.663700e+04	2.652100e+04
31	449.426688	2.662421e-12	9.380000e-01	1.394775e-34	8.437000e+03	4.341200e+04
31	160.385009	2.599393e-11	8.196086e-01	1.081086e-12	5.162794e+04	2.306568e+04
31	827.925288	2.454719e-06	9.312372e-01	2.608984e-13	4.264200e+04	5.740500e+04
31	782.367587	1.842893e-10	9.459945e-01	1.842893e-10	3.879900e+04	4.397100e+04
31	465.185584	5.350066e-14	8.860000e-01	1.079360e-34	1.603400e+04	4.595500e+04
31	447.060567	5.163806e-12	8.560000e-01	3.227352e-30	4.428000e+03	2.639800e+04
31	298.046895	4.620446e-11	9.300000e-01	1.357365e-12	4.218200e+04	7.517000e+03
31	323.311212	9.307876e-10	9.680000e-01	3.676894e-16	3.252400e+04	2.647000e+04
31	354.755248	6.508763e-12	8.500000e-01	1.168694e-15	4.930400e+04	2.660000e+04
31	776.826700	4.031610e-10	8.740021e-01	4.031610e-10	3.829800e+04	4.741900e+04
31	270.048988	2.275770e-09	9.180000e-01	2.081760e-12	3.278700e+04	6.691000e+03
31	849.512544	3.112538e-11	9.400000e-01	4.627053e-30	1.522400e+04	1.179400e+04
31	785.288416	2.129173e-10	8.299999e-01	2.129173e-10	4.120400e+04	4.148200e+04
31	572.134264	2.062372e-17	8.640000e-01	1.209813e-20	3.304100e+04	5.001900e+04
31	799.438284	3.820131e-12	9.900046e-01	3.820131e-12	4.397400e+04	5.502000e+04
31	517.608564	1.206833e-16	9.380000e-01	8.902701e-23	3.217700e+04	5.642900e+04
31	800.542410	1.000000e-05	9.640110e-01	2.215781e-11	4.875500e+04	4.657500e+04
31	463.456752	6.484935e-14	8.660000e-01	3.756021e-28	1.511700e+04	1.624500e+04
31	320.626122	6.458474e-11	9.898564e-01	1.538948e-21	1.585000e+04	5.432500e+04
31	507.633557	3.262571e-16	8.640000e-01	3.376007e-32	2.757500e+04	3.353900e+04
31	789.668925	1.174787e-10	8.600002e-01	1.174787e-10	4.255800e+04	4.317500e+04
31	456.312840	2.500577e-13	9.240000e-01	2.500577e-13	1.320000e+04	6.412000e+03
31	-1.000000	-1.000000e+00	-1.000000e+00	-1.000000e+00	-1.000000e+00	-1.000000e+00
31	144.927815	2.321547e-12	9.900000e-01	9.292537e-13	2.388500e+04	7.353000e+03
31	601.399970	8.983803e-18	8.900000e-01	8.550760e-22	3.534300e+04	5.578500e+04
31	371.318343	8.432656e-12	9.000000e-01	8.432656e-12	4.735000e+03	4.695100e+04
31	165.138875	1.032908e-09	9.690588e-01	1.032908e-09	6.474007e+03	4.032802e+04
31	720.525719	4.553448e-06	8.025002e-01	9.183907e-09	5.386501e+04	2.137193e+04
31	338.922087	2.016734e-12	8.820000e-01	7.975131e-14	7.234000e+03	5.947600e+04
31	-1.000000	-1.000000e+00	-1.000000e+00	-1.000000e+00	-1.000000e+00	-1.000000e+00
31	477.880314	7.576702e-15	8.980000e-01	7.576702e-15	2.089400e+04	1.270200e+04
31	448.197503	1.513373e-12	9.640000e-01	4.030500e-32	1.169000e+04	3.156800e+04
31	202.759906	2.699124e-08	8.200001e-01	9.698842e-15	3.573100e+04	3.440400e+04
31	5486.812758	2.850890e-08	8.620001e-01	5.270426e-16	5.380300e+04	4.145600e+04
31	452.337503	6.109364e-13	8.460000e-01	3.292544e-34	9.362000e+03	4.779400e+04
31	771.800177	1.000000e-05	8.921169e-01	6.338506e-10	5.304400e+04	3.682900e+04
31	179.255975	9.910253e-06	8.184292e-01	4.674447e-14	4.884611e+04	3.064145e+04
31	635.635699	5.799999e-16	9.900000e-01	1.934245e-20	2.188700e+04	4.891000e+04
31	733.913239	9.029814e-06	8.104407e-01	8.022017e-09	5.848451e+04	2.524902e+04
31	463.442236	9.696085e-07	9.900026e-01	4.657022e-14	5.122700e+04	1.483600e+04
31	393.385972	1.889082e-10	9.460000e-01	4.280506e-18	3.790000e+04	3.711000e+04
31	447.387869	6.322380e-12	9.100000e-01	2.829167e-31	5.274000e+03	3.164800e+04
31	814.866653	6.987841e-06	8.820126e-01	1.435187e-12	5.248600e+04	5.199700e+04
31	445.130894	4.802293e-11	9.520000e-01	2.252434e-31	2.265000e+03	3.270400e+04
31	458.222983	2.093396e-13	9.280000e-01	4.789721e-29	1.409700e+04	1.845400e+04
31	767.779066	2.542523e-07	8.060024e-01	7.472406e-11	5.581500e+04	3.558700e+04
31	786.550889	1.000000e-05	9.160182e-01	1.140256e-10	4.447300e+04	4.167600e+04
31	745.987533	1.000000e-05	8.180603e-01	3.239845e-09	4.252700e+04	2.885800e+04
31	759.150729	7.145092e-06	8.920888e-01	3.068029e-09	5.595200e+04	3.286100e+04
31	796.220058	4.500258e-11	8.260029e-01	4.500258e-11	4.487500e+04	4.826300e+04
31	326.418298	2.829501e-12	9.260000e-01	1.084429e-12	7.741000e+03	5.378500e+04
31	158.071775	6.317675e-09	9.663430e-01	6.317675e-09	2.280007e+03	4.712200e+04
31	451.711156	1.104783e-12	9.080000e-01	3.753353e-33	9.405000e+03	4.027700e+04
31	530.902782	4.014745e-17	8.280000e-01	7.034483e-36	3.177700e+04	5.172500e+04
31	406.889623	2.589109e-12	9.740000e-01	9.144389e-18	4.683200e+04	3.500300e+04
31	451.644458	5.795101e-13	8.660000e-01	5.795101e-13	9.180000e+03	7.707000e+03
31	492.095082	1.219728e-15	9.900000e-01	1.198676e-15	9.413000e+03	2.349000e+04
31	502.964402	8.733199e-17	9.460000e-01	4.874815e-24	3.360200e+04	5.940600e+04
31	446.949521	7.110669e-12	8.900000e-01	3.316419e-33	4.424000e+03	3.527800e+04
31	16864.919305	1.000000e-05	8.999448e-01	3.313379e-16	3.795300e+04	4.256400e+04
31	149.545220	9.551222e-06	8.222506e-01	2.035719e-10	5.282042e+04	1.055485e+04
31	759.552170	5.721149e-06	8.660713e-01	2.158114e-09	5.879900e+04	3.298500e+04
31	59491.570726	5.030999e-17	8.180000e-01	2.895630e-21	4.697000e+04	5.879200e+04
31	-1.000000	-1.000000e+00	-1.000000e+00	-1.000000e+00	-1.000000e+00	-1.000000e+00
31	742.937330	1.000000e-05	8.380701e-01	9.628869e-09	5.329802e+04	2.793897e+04
31	155.700169	1.000000e-05	8.228864e-01	3.739457e-09	3.524801e+04	3.545992e+03
31	-1.000000	-1.000000e+00	-1.000000e+00	-1.000000e+00	-1.000000e+00	-1.000000e+00
31	654.277942	8.400000e-16	9.960000e-01	2.500676e-21	2.712300e+04	5.334700e+04
31	453.226494	6.399969e-13	8.900000e-01	5.547188e-31	1.020900e+04	2.329500e+04
31	155.155852	2.386752e-09	8.206842e-01	5.468443e-12	4.327701e+04	1.922098e+04
31	648.646102	4.400000e-16	9.840000e-01	6.158433e-21	2.357200e+04	5.151500e+04
31	475.768601	1.116338e-14	8.860000e-01	1.874152e-31	1.975600e+04	2.880500e+04
31	154.135776	1.000000e-05	8.228266e-01	2.447237e-09	5.742101e+04	4.568012e+03
31	473.567827	1.527271e-14	8.920000e-01	7.306421e-32	1.916700e+04	3.180200e+04
31	444.394778	5.336599e-11	9.660000e-01	9.920651e-30	3.315000e+03	2.289500e+04
31	443.499913	1.960426e-11	9.800000e-01	5.379078e-28	8.255000e+03	1.101000e+04
31	159.490096	9.821805e-06	8.203414e-01	1.813323e-12	5.436328e+04	2.188951e+04
31	165.440595	1.541871e-07	8.185403e-01	3.163879e-13	2.902200e+04	2.594100e+04
31	275.301248	1.005740e-09	9.640000e-01	2.773822e-13	3.264600e+04	1.083700e+04
31	493.191329	1.341049e-15	8.600000e-01	3.527115e-33	2.417200e+04	3.607100e+04
31	656.171356	1.584802e-20	8.460000e-01	1.584802e-20	3.654500e+04	5.438800e+04
31	155.616779	1.000000e-05	8.228727e-01	3.617010e-09	3.051304e+04	3.625230e+03
31	304.783560	4.776980e-12	9.760000e-01	1.659813e-12	4.509700e+04	6.413000e+03
31	452.166649	7.323333e-13	8.660000e-01	1.574871e-35	9.327000e+03	4.809500e+04
31	1026.306541	5.917893e-16	9.520000e-01	1.360159e-36	4.115500e+04	5.520600e+04
31	491.584796	1.520364e-15	8.480000e-01	1.520364e-15	2.363900e+04	2.304000e+03
31	149.596768	5.016991e-10	9.680000e-01	2.900263e-14	8.486000e+03	1.014900e+04
31	334.371228	8.084874e-13	8.580000e-01	1.981175e-13	8.900000e+03	5.633600e+04
31	149.864589	7.213638e-06	8.218828e-01	6.658571e-11	5.437920e+04	1.324174e+04
31	158.561095	1.000000e-05	8.229600e-01	7.210775e-09	5.455118e+04	1.962948e+03
31	308.466676	7.820720e-11	9.660000e-01	1.794751e-14	3.892400e+04	1.733600e+04
31	480.421529	5.317709e-15	9.200000e-01	3.093764e-34	2.254600e+04	4.144200e+04
31	150.158038	7.240296e-06	8.217818e-01	5.040056e-11	4.743776e+04	1.391096e+04
31	-1.000000	-1.000000e+00	-1.000000e+00	-1.000000e+00	-1.000000e+00	-1.000000e+00
31	161.289360	1.222671e-08	9.662512e-01	1.000000e-08	6.890822e+02	5.246832e+04
31	317.527179	6.713268e-11	9.320000e-01	2.786117e-12	3.470000e+02	5.148700e+04
31	304.822870	5.324669e-10	8.940000e-01	1.949883e-14	3.714900e+04	1.834600e+04
31	305.071751	3.278133e-12	9.860000e-01	8.881212e-13	4.465700e+04	7.805000e+03
31	151.049630	7.295106e-10	9.668332e-01	7.295106e-10	7.481659e+03	5.245597e+04
31	676.991238	5.800003e-16	9.780000e-01	7.423323e-22	2.218400e+04	5.633800e+04
31	508.944475	2.868472e-16	8.620000e-01	2.868472e-16	2.783300e+04	1.113200e+04
31	482.665696	4.413698e-15	9.100000e-01	1.732679e-33	2.263800e+04	3.993700e+04
31	150.640571	1.000000e-05	8.225491e-01	6.112916e-10	5.474401e+04	7.908984e+03
31	453.942086	3.564073e-13	8.280000e-01	5.709650e-28	1.033000e+04	1.664800e+04
31	280.271967	9.903725e-10	9.320000e-01	3.391644e-13	3.436800e+04	1.080400e+04
31	533.963267	2.097676e-12	9.500000e-01	4.684072e-30	2.166600e+04	1.093900e+04
31	483.634794	2.997919e-15	8.060000e-01	2.997919e-15	2.132400e+04	7.380000e+03
31	454.693367	2.636012e-13	8.100000e-01	2.636012e-13	1.075000e+04	3.041000e+03
31	650.371658	5.399997e-16	9.260000e-01	4.563610e-21	1.991900e+04	5.298000e+04
31	279.528241	5.706500e-15	9.880000e-01	1.630453e-22	3.689600e+04	5.911800e+04
31	161.657752	1.715613e-08	8.193063e-01	8.191648e-13	3.523593e+04	2.370708e+04
31	377.215302	8.076033e-11	8.680000e-01	3.063758e-17	4.253000e+04	3.435400e+04
31	292.226522	5.443120e-09	9.740000e-01	1.866461e-15	2.756900e+04	2.258300e+04
31	4127.190513	1.000000e-05	8.619977e-01	1.000000e-08	3.542000e+04	1.670000e+02
31	745.180568	3.238882e-08	8.000000e-01	9.322050e-09	2.861200e+04	5.108700e+04
31	446.969470	3.906412e-12	9.080000e-01	3.906412e-12	4.727000e+03	3.623000e+03
31	293.675400	9.507638e-10	8.440000e-01	9.118289e-14	3.680900e+04	1.654300e+04
31	153.507716	8.846828e-09	8.210843e-01	9.699642e-12	4.425183e+04	1.786406e+04
31	153.613436	1.000000e-05	8.228008e-01	2.088472e-09	5.293100e+04	4.950002e+03
31	573.180207	1.063636e-17	8.420000e-01	1.198120e-20	3.431100e+04	5.059000e+04
31	490.035002	1.705512e-15	8.360000e-01	1.166316e-34	2.314800e+04	4.850100e+04
31	698.628728	9.551307e-06	8.000000e-01	8.842939e-09	1.450509e+04	3.922922e+04
31	303.209350	8.836877e-09	8.580000e-01	1.694978e-15	3.092300e+04	2.530000e+04
31	152.432040	1.000000e-05	8.227277e-01	1.395686e-09	3.800962e+04	5.920940e+03
31	449.084642	3.088803e-12	9.280000e-01	2.895934e-27	7.637000e+03	8.406000e+03
31	505.382561	4.006331e-16	8.900000e-01	1.018190e-34	2.771200e+04	4.202000e+04
31	704.648403	4.425625e-06	8.000000e-01	8.908141e-09	1.639902e+04	4.693104e+04
31	156.697043	1.000000e-05	8.229179e-01	4.777401e-09	4.144296e+04	2.955622e+03
31	311.434400	3.430016e-11	9.520000e-01	4.425099e-14	4.191700e+04	1.537300e+04
31	604.981929	9.099226e-16	9.660000e-01	1.677855e-19	1.725300e+04	4.428200e+04
31	449.409300	2.835393e-13	9.700005e-01	2.306164e-33	1.653600e+04	3.892800e+04
31	142.772836	1.302496e-11	9.760000e-01	1.454746e-15	1.775200e+04	2.115700e+04
31	465.445902	4.270163e-14	8.500000e-01	1.275964e-34	1.578800e+04	4.475300e+04
31	182.194201	7.911198e-12	9.840000e-01	7.911198e-12	2.015100e+04	7.800000e+02
31	458.728038	1.937431e-13	9.180000e-01	2.357468e-33	1.390300e+04	3.776300e+04
31	158.505432	1.000000e-05	8.190893e-01	3.607988e-11	1.716500e+04	1.438794e+04
31	516.860007	1.393289e-16	8.540000e-01	2.569681e-32	2.935900e+04	3.629500e+04
31	509.323326	2.684902e-16	8.480000e-01	1.008319e-31	2.770800e+04	2.933700e+04
31	18049.535992	5.469290e-08	9.060001e-01	7.532577e-16	5.015000e+04	4.062100e+04
31	446.111542	1.163271e-11	8.620000e-01	1.143972e-32	2.592000e+03	3.659000e+04
31	444.493409	7.450897e-12	9.780000e-01	8.955115e-32	1.015000e+04	3.269800e+04
31	152.452756	5.488561e-10	9.780000e-01	2.469928e-14	9.089000e+03	1.499100e+04
31	806.657867	4.984480e-12	9.060000e-01	4.984480e-12	4.860900e+04	5.863600e+04
31	169.883682	5.992437e-12	8.180749e-01	9.408397e-14	5.379721e+04	2.886211e+04
31	150.197268	1.000000e-05	8.224740e-01	4.525007e-10	4.907523e+04	8.632980e+03
31	156.357761	1.406602e-09	8.204087e-01	3.694694e-12	4.347996e+04	2.014908e+04
31	474.387819	1.308512e-14	9.140000e-01	1.308512e-14	2.019000e+04	7.850000e+02
31	548.361749	6.921429e-17	9.280000e-01	5.761514e-23	3.268600e+04	5.949700e+04
31	478.511564	6.942522e-15	8.540000e-01	6.942522e-15	2.017200e+04	2.988000e+03
31	265.487735	7.255762e-09	9.859992e-01	7.255762e-09	1.500000e+01	3.210600e+04
31	1392.104137	2.114259e-06	8.460026e-01	5.765788e-13	3.633400e+04	2.478200e+04
31	561.407071	4.097609e-18	8.460000e-01	2.650063e-34	3.738900e+04	4.516100e+04
31	467.113061	6.211506e-16	9.720000e-01	3.719581e-34	3.145600e+04	4.161000e+04
31	161.638057	8.207613e-12	9.660000e-01	2.346218e-28	1.830600e+04	9.869000e+03
31	469.284911	2.003418e-19	8.120000e-01	2.003418e-19	2.594600e+04	5.372800e+04
31	468.325172	3.110402e-14	8.760000e-01	2.055081e-36	1.708500e+04	5.117300e+04
31	495.268626	6.596432e-16	9.280000e-01	1.408259e-31	2.783000e+04	2.547500e+04
31	463.327432	7.340119e-14	8.860000e-01	1.072412e-31	1.528100e+04	3.230900e+04
31	704.781046	9.100738e-06	8.005930e-01	5.906568e-09	5.514790e+04	1.869771e+04
31	154.567776	1.088302e-06	8.209621e-01	6.826336e-12	5.455802e+04	1.871096e+04
31	446.784311	5.500570e-12	8.380000e-01	3.541775e-24	3.934000e+03	3.952000e+03
31	421.381655	2.769865e-13	9.920000e-01	4.781407e-18	4.946000e+04	3.630700e+04
31	298.726534	8.947592e-11	9.700000e-01	6.354404e-14	3.826000e+04	1.428400e+04
31	27839.402242	1.288906e-08	9.759998e-01	1.000000e-08	5.378800e+04	7.310000e+02
31	468.948562	2.184117e-14	8.320000e-01	2.184117e-14	1.703100e+04	9.126000e+03
31	469.530494	1.807386e-14	8.060000e-01	2.775785e-17	1.707600e+04	1.140800e+04
31	511.178530	2.151068e-16	8.320000e-01	8.332149e-34	2.793400e+04	4.175100e+04
31	328.570649	1.051780e-12	8.940000e-01	8.459257e-13	9.097000e+03	5.376000e+04
31	233.893966	6.973954e-07	8.220009e-01	1.046053e-14	3.757900e+04	3.427200e+04
31	149.973894	1.000000e-05	8.224229e-01	3.734677e-10	3.743983e+04	9.094879e+03
31	150.967902	1.000000e-05	8.225798e-01	7.211898e-10	3.100800e+04	7.510038e+03
31	754.987502	8.394947e-09	8.639960e-01	8.394947e-09	3.116300e+04	3.476000e+04
31	586.089745	7.300000e-16	9.940000e-01	1.847643e-20	3.090400e+04	4.838400e+04
31	156.614005	1.197665e-10	8.203448e-01	3.345454e-12	4.927899e+04	2.038489e+04
31	829.552459	2.248170e-06	8.740046e-01	1.186601e-13	5.934000e+04	5.811600e+04
31	155.032017	3.782106e-06	8.228644e-01	3.148189e-09	5.298001e+04	3.961014e+03
31	148.943686	2.908898e-10	9.689933e-01	6.376410e-13	9.831000e+03	3.383964e+03
31	23177.655081	2.180259e-07	9.440003e-01	2.872158e-13	4.501600e+04	2.648700e+04
31	797.056506	3.959307e-11	8.837741e-01	3.959307e-11	4.475700e+04	4.674600e+04
31	743.156698	4.130493e-08	8.000000e-01	8.691030e-09	2.800405e+04	4.106800e+04
31	805.118974	1.176558e-11	8.959994e-01	1.176558e-11	4.751900e+04	5.014000e+04
31	792.942037	1.000000e-05	8.800076e-01	3.437944e-11	4.949800e+04	4.387200e+04
31	158.612307	3.528278e-11	8.199171e-01	1.808722e-12	5.141602e+04	2.184888e+04
31	34630.267699	7.297514e-16	8.380000e-01	9.994909e-36	4.070000e+04	5.108700e+04
31	302.458215	4.934643e-14	9.620000e-01	5.608461e-33	3.059700e+04	3.399000e+04
31	933.227504	1.243239e-14	8.360000e-01	1.243239e-14	4.414000e+03	3.392300e+04
31	79144.717907	1.939156e-16	8.740000e-01	3.137246e-20	4.480600e+04	5.940800e+04
31	368.662779	3.357676e-14	9.600000e-01	4.970796e-29	3.152500e+04	1.037800e+04
31	758.371899	1.000000e-05	9.063273e-01	3.836460e-09	5.042100e+04	3.262100e+04
31	167.110858	4.090911e-09	8.183258e-01	1.947005e-13	3.776893e+04	2.710606e+04
31	449.840600	7.831960e-13	9.620000e-01	6.645217e-31	1.306100e+04	2.837900e+04
31	465.482360	4.967326e-14	8.820000e-01	4.967326e-14	1.611000e+04	2.070000e+02
31	451.353235	1.288157e-12	9.160000e-01	5.787950e-34	9.295000e+03	4.411600e+04
31	445.652907	2.972184e-11	9.180000e-01	2.527038e-31	1.805000e+03	3.203600e+04
31	371.677215	1.069322e-12	9.560000e-01	4.058401e-16	5.047400e+04	2.639900e+04
31	360.460131	3.627302e-12	9.400000e-01	7.467007e-16	4.820200e+04	2.519100e+04
31	151.021450	6.277998e-07	8.225991e-01	7.564581e-10	5.625104e+04	7.396013e+03
31	283.902745	1.103890e-10	9.620000e-01	8.331251e-12	3.835300e+04	2.691000e+03
31	2285.953407	1.013292e-06	8.500013e-01	2.560840e-14	3.913900e+04	3.222100e+04
31	504.880468	4.252701e-16	8.860000e-01	1.004886e-31	2.746700e+04	2.880000e+04
31	333.129067	3.234997e-16	9.860000e-01	3.234997e-16	4.165800e+04	9.667000e+03
31	151.360322	1.000000e-05	8.214912e-01	2.370414e-11	4.398301e+04	1.572298e+04
31	802.715975	2.251835e-12	9.900889e-01	2.251835e-12	4.525300e+04	5.649900e+04
31	795.744390	2.723437e-11	9.119976e-01	2.723437e-11	4.428800e+04	5.130900e+04
31	183.871233	7.281249e-13	9.660000e-01	1.485105e-30	2.412600e+04	2.682200e+04
31	473.886088	1.449029e-14	8.880000e-01	2.508168e-33	1.918800e+04	3.771100e+04
31	499.520578	6.078325e-16	9.120000e-01	6.078325e-16	2.739600e+04	5.614000e+03
31	154.783985	1.249088e-08	8.207899e-01	6.240347e-12	4.001397e+04	1.891001e+04
31	317.483250	1.146146e-09	8.920000e-01	1.903229e-15	3.526700e+04	2.389900e+04
31	509.410891	4.252814e-17	9.420000e-01	1.304252e-35	3.508900e+04	4.971100e+04
31	828.575604	1.789883e-06	8.260019e-01	5.209431e-14	5.510400e+04	5.769100e+04
31	285.302138	1.045524e-09	9.280000e-01	1.149807e-13	3.438500e+04	1.345200e+04
31	175.782416	5.497565e-08	8.205446e-01	1.000000e-08	3.160799e+04	7.520054e+02
31	258.720478	4.030324e-09	9.680000e-01	1.213560e-12	2.886200e+04	7.250000e+03
31	503.545630	4.593730e-16	8.480000e-01	4.593730e-16	2.645000e+04	5.691000e+03
31	759.734061	1.519193e-08	9.158622e-01	1.000000e-08	5.935600e+04	2.989900e+04
31	461.811474	6.375392e-14	8.520000e-01	6.375392e-14	1.457100e+04	1.168200e+04
31	6590.304189	2.703285e-07	8.780003e-01	7.992920e-14	4.544300e+04	2.952500e+04
31	290.403309	9.293591e-11	9.880000e-01	3.712281e-12	9.512000e+03	5.175400e+04
31	463.674302	5.348928e-14	8.800000e-01	5.348928e-14	1.566300e+04	1.045400e+04
31	455.895164	3.624495e-13	9.100000e-01	1.501440e-35	1.213800e+04	4.940500e+04
31	179.110117	1.135364e-08	8.163104e-01	1.042500e-14	3.403430e+04	3.399979e+04
31	473.450994	2.746729e-15	8.280000e-01	2.746729e-15	1.758000e+04	2.578600e+04
31	185.401961	4.803202e-10	9.712166e-01	4.803202e-10	8.202002e+03	4.053000e+04
31	270.853952	8.891710e-09	9.080000e-01	1.330248e-13	2.968300e+04	1.346600e+04
31	452.948321	6.750363e-13	9.340000e-01	6.750363e-13	1.142100e+04	1.682000e+03
31	234.567100	2.943267e-07	8.279994e-01	5.423202e-11	2.274400e+04	2.504000e+03
31	302.725814	8.973324e-10	9.320000e-01	8.049045e-15	3.461100e+04	1.970300e+04
31	444.749136	7.316734e-11	9.580000e-01	3.604142e-29	1.710000e+03	1.901100e+04
31	149.569495	1.000000e-05	8.220372e-01	1.040828e-10	5.398099e+04	1.216801e+04
31	322.263597	1.314822e-09	9.680000e-01	3.166786e-16	3.165700e+04	2.681900e+04
31	309.967556	2.621934e-11	8.800000e-01	6.477855e-12	9.990000e+02	4.821300e+04
31	287.824056	1.575048e-10	9.280000e-01	3.042895e-12	3.915900e+04	5.608000e+03
31	469.596622	2.754644e-14	9.080000e-01	1.328951e-34	1.822500e+04	4.051800e+04
31	150.998410	8.724577e-06	8.225964e-01	7.474008e-10	5.459990e+04	7.425015e+03
31	463.993862	4.283268e-14	8.080000e-01	7.140509e-29	1.505800e+04	2.163800e+04
31	15539.572050	1.119121e-15	8.780000e-01	6.488885e-36	3.968200e+04	5.404900e+04
31	541.870458	1.765453e-12	9.500000e-01	1.962567e-31	2.207900e+04	2.297500e+04
31	7683.833595	1.930576e-08	8.960000e-01	2.541357e-11	5.763300e+04	1.575900e+04
31	710.133122	4.860030e-06	8.657095e-01	1.000000e-08	1.542692e+04	3.329303e+04
31	334.644315	2.328536e-12	9.140000e-01	2.450508e-13	7.781000e+03	5.735800e+04
31	163.109724	2.479725e-06	8.199448e-01	8.167125e-13	5.782232e+04	2.380034e+04
31	447.738051	3.997903e-12	8.740000e-01	1.357072e-32	5.426000e+03	3.742000e+04
31	381.206309	8.240636e-10	9.340000e-01	5.416995e-18	3.472900e+04	3.674700e+04
31	468.932075	2.715806e-14	8.700000e-01	2.715806e-14	1.726600e+04	4.120000e+03
31	814.331112	1.781966e-12	9.319992e-01	1.781966e-12	5.077300e+04	5.684500e+04
31	449.203606	2.092804e-12	9.140000e-01	2.092804e-12	7.842000e+03	7.380000e+02
31	153.817514	1.000000e-05	8.228088e-01	2.217600e-09	3.467903e+04	4.805239e+03
31	495.597686	7.898053e-16	8.620000e-01	7.841320e-16	1.946900e+04	2.675800e+04
31	764.232347	1.000000e-05	9.143614e-01	1.984729e-09	5.206200e+04	3.443800e+04
31	576.596968	7.599656e-16	8.740000e-01	3.184576e-19	2.057600e+04	4.440300e+04
31	311.638324	4.052580e-11	9.660000e-01	2.243049e-14	4.058500e+04	1.680800e+04
31	818.893711	3.560843e-06	8.380030e-01	3.711544e-13	5.862000e+04	5.361300e+04
31	470.305368	3.286555e-16	9.700000e-01	2.984346e-34	3.268600e+04	4.296400e+04
31	450.320307	9.759240e-13	8.320000e-01	9.759240e-13	7.941000e+03	1.786000e+03
31	320.616644	3.023290e-11	9.120000e-01	1.517563e-12	1.535000e+03	5.267100e+04
31	747.593680	8.495463e-06	8.700697e-01	9.752768e-09	5.321096e+04	2.933906e+04
31	448.090444	4.722769e-12	9.220000e-01	4.135520e-32	6.384000e+03	3.154600e+04
31	641.118169	1.000000e-05	8.041310e-01	9.992393e-09	5.829900e+04	4.021998e+03
31	143.317080	1.149627e-13	8.120000e-01	7.437841e-14	1.152300e+04	3.054400e+04
31	480.572477	2.804832e-15	8.440000e-01	2.804832e-15	1.227100e+04	2.486300e+04
31	762.553488	9.999999e-06	8.561251e-01	1.280824e-09	5.249400e+04	3.391500e+04
31	149.528484	1.000000e-05	8.222324e-01	1.919586e-10	3.795091e+04	1.069609e+04
31	354.731908	2.357996e-13	9.580000e-01	3.372993e-28	2.687300e+04	6.931000e+03
31	6921.203023	2.269808e-08	9.100001e-01	1.000000e-08	5.933400e+04	2.567900e+04
31	451.843477	9.604088e-13	8.920000e-01	4.298780e-34	9.288000e+03	4.439200e+04
31	366.801685	1.390221e-12	8.660000e-01	1.390221e-12	8.150000e+03	5.065800e+04
31	142.182220	6.882652e-12	8.100000e-01	1.155447e-12	2.150000e+03	2.455200e+04
31	482.125768	3.133547e-15	9.320000e-01	3.487115e-32	2.430600e+04	3.160700e+04
31	324.451625	2.760753e-12	8.800000e-01	9.225915e-13	6.429000e+03	5.317000e+04
31	597.875098	6.600000e-16	9.260000e-01	3.384268e-22	2.513200e+04	5.748600e+04
31	36826.184993	2.419790e-08	9.760001e-01	7.646652e-14	5.119700e+04	2.964600e+04
31	821.687810	7.554917e-08	8.780001e-01	4.638594e-13	5.249900e+04	5.475900e+04
31	497.562154	8.459327e-16	8.560000e-01	7.743957e-31	2.517400e+04	2.875800e+04
31	447.962303	4.338080e-12	9.000000e-01	4.818220e-26	5.883000e+03	8.189000e+03
31	453.135349	5.381373e-13	8.600000e-01	1.884883e-31	9.940000e+03	3.182700e+04
31	470.889492	1.666611e-14	8.360000e-01	1.666611e-14	1.773300e+04	1.039300e+04
31	265.092623	9.185628e-10	9.740000e-01	8.588080e-12	3.203300e+04	2.470000e+03
31	510.211013	2.446335e-16	8.440000e-01	1.955393e-37	2.785000e+04	5.612600e+04
31	466.261838	3.372747e-14	8.560000e-01	3.372747e-14	1.634400e+04	1.095300e+04
31	297.904937	1.524083e-10	8.480021e-01	9.822348e-13	4.135600e+04	1.060900e+04
31	461.278257	8.895752e-14	8.540000e-01	3.064286e-34	1.411900e+04	4.487700e+04
31	157.066962	4.022750e-12	9.680000e-01	3.627019e-16	2.007500e+04	2.012500e+04
31	483.927110	3.123163e-15	9.220000e-01	3.123163e-15	2.386200e+04	1.091500e+04
31	744.955922	9.999999e-06	8.436715e-01	8.610254e-09	5.623829e+04	2.854501e+04
31	777.268895	3.657665e-10	8.819917e-01	3.657665e-10	3.838000e+04	4.689000e+04
31	509.076910	1.635842e-17	8.360000e-01	1.635842e-17	1.406300e+04	3.782400e+04
31	478.017618	7.165145e-15	8.580000e-01	7.165145e-15	2.014800e+04	1.127900e+04
31	149.795656	3.044874e-10	9.671236e-01	3.044874e-10	9.585967e+03	5.852129e+04
31	502.136709	1.317059e-16	9.400000e-01	3.195816e-33	3.227600e+04	3.579600e+04
31	445.716147	2.305545e-11	8.680001e-01	5.052528e-31	1.067000e+03	3.344800e+04
31	728.828000	2.299295e-07	8.000000e-01	9.377992e-09	2.372317e+04	3.124804e+04
31	150.416882	1.000000e-05	8.225142e-01	5.301047e-10	4.823701e+04	8.252003e+03
31	315.656224	2.727050e-12	9.440000e-01	1.042851e-12	4.875600e+04	7.939000e+03
31	155.378007	1.719883e-09	9.670663e-01	1.719883e-09	5.381000e+03	4.290900e+04
31	462.150047	4.912999e-14	9.480000e-01	1.215189e-30	1.859300e+04	2.563800e+04
31	355.484045	1.712708e-12	9.920000e-01	4.381044e-16	4.484900e+04	2.580400e+04
31	478.725111	4.762233e-15	9.340000e-01	5.100916e-30	2.340300e+04	2.220200e+04
31	12243.481535	1.000000e-05	8.979834e-01	1.000000e-08	4.623200e+04	1.380000e+02
31	460.161241	1.079111e-13	9.320000e-01	1.079111e-13	1.559900e+04	7.740000e+03
31	453.673048	3.699654e-13	8.300000e-01	3.699654e-13	1.024700e+04	3.166000e+03
31	43525.460726	1.000000e-08	9.880001e-01	1.000000e-08	5.534200e+04	1.780000e+02
31	149.580356	1.000000e-05	8.222769e-01	2.223428e-10	5.420184e+04	1.034269e+04
31	82992.028036	4.222466e-17	8.140000e-01	2.609776e-18	4.725600e+04	5.650100e+04
31	155.059398	1.000000e-05	8.228644e-01	3.167239e-09	3.663277e+04	3.946379e+03
31	150.095020	7.413790e-06	8.218016e-01	5.317974e-11	5.918101e+04	1.378199e+04
31	453.646630	4.706099e-13	8.600000e-01	1.771817e-31	1.026100e+04	3.199200e+04
31	-1.000000	-1.000000e+00	-1.000000e+00	-1.000000e+00	-1.000000e+00	-1.000000e+00
31	21070.932247	3.328641e-08	9.600001e-01	1.000000e-08	5.289600e+04	9.480000e+02
31	627.715910	3.540477e-08	9.160000e-01	3.895727e-20	5.716100e+04	4.842000e+04
31	285.742260	1.418373e-10	9.860000e-01	1.273099e-13	3.513700e+04	1.244800e+04
31	831.388790	1.550697e-06	9.779982e-01	1.855459e-13	4.530300e+04	5.892900e+04
31	152.882280	1.000000e-05	8.227430e-01	1.609653e-09	3.019599e+04	5.576084e+03
31	256.362039	7.252826e-16	9.820000e-01	7.252826e-16	4.037400e+04	7.104000e+03
31	470.565535	6.896653e-16	8.240000e-01	6.896653e-16	1.626300e+04	3.020200e+04
31	451.903566	8.697894e-13	8.800000e-01	9.899203e-29	9.228000e+03	1.773600e+04
31	191.427724	1.395504e-08	9.959885e-01	4.865585e-15	5.498000e+03	2.003900e+04
31	830.823527	1.919234e-13	9.720000e-01	1.919234e-13	5.650900e+04	5.973900e+04
31	406.853072	1.222629e-10	9.520000e-01	1.851785e-18	3.868200e+04	3.895600e+04
31	151.369555	1.000000e-05	8.226376e-01	8.983753e-10	5.092698e+04	6.982010e+03
31	417.982844	1.396946e-11	9.480000e-01	2.599719e-18	4.438100e+04	3.823500e+04
31	301.130426	3.177326e-11	9.620000e-01	2.644211e-13	4.149600e+04	1.098100e+04
31	803.128072	7.790091e-07	8.300708e-01	3.248180e-12	4.192000e+04	4.752300e+04
31	664.106591	1.628171e-17	8.980000e-01	8.607547e-22	3.178300e+04	5.743000e+04
31	487.037765	3.484403e-16	9.500000e-01	8.513438e-32	3.060100e+04	2.973300e+04
31	456.734807	2.990806e-13	9.260000e-01	2.290264e-30	1.316200e+04	2.343400e+04
31	19165.199996	1.904829e-16	8.740000e-01	6.165616e-36	4.387300e+04	5.572000e+04
31	635.675328	7.599992e-16	9.980000e-01	2.229229e-20	1.394300e+04	4.853600e+04
31	186.084758	2.675149e-12	9.880000e-01	9.631275e-17	2.301600e+04	2.895700e+04
31	449.584583	1.174866e-12	8.320000e-01	1.174866e-12	7.381000e+03	4.341000e+03
31	454.286458	2.988902e-13	8.680000e-01	2.988902e-13	1.101100e+04	8.503000e+03
31	268.746170	3.550444e-08	9.600001e-01	8.867517e-15	2.400600e+04	1.907100e+04
31	458.749997	1.915712e-13	9.100000e-01	1.002695e-35	1.366300e+04	4.693600e+04
31	149.511097	1.000000e-05	8.220996e-01	1.257454e-10	4.883428e+04	1.171343e+04
31	337.610626	1.556966e-09	9.040000e-01	1.758789e-16	3.416200e+04	2.921500e+04
31	492.346486	1.537115e-15	8.860000e-01	3.203783e-35	2.444300e+04	4.667900e+04
31	481.544567	4.438302e-15	9.080000e-01	4.438302e-15	2.238100e+04	1.507600e+04
31	282.859893	5.447360e-10	9.380000e-01	4.410820e-13	3.562400e+04	1.008300e+04
31	740.712144	1.000000e-05	8.257741e-01	8.636955e-09	4.779312e+04	2.727296e+04
31	825.110410	4.195908e-13	9.840001e-01	4.195908e-13	5.295900e+04	5.792500e+04
31	468.761412	3.146848e-14	9.040000e-01	1.942710e-30	1.778600e+04	1.989900e+04
31	149.781758	3.992876e-06	8.219172e-01	7.338724e-11	5.810201e+04	1.300799e+04
31	471.320185	3.453605e-15	8.320000e-01	3.453605e-15	8.586000e+03	2.539900e+04
31	37650.186923	3.362332e-16	8.360000e-01	6.015711e-35	4.253400e+04	5.137800e+04
31	807.055848	3.006143e-12	9.560000e-01	3.006143e-12	4.807600e+04	5.699000e+04
31	303.282697	1.315363e-09	9.220000e-01	6.212385e-15	3.402100e+04	2.048200e+04
31	476.253103	1.061055e-14	8.960000e-01	4.578658e-31	2.013900e+04	2.688200e+04
31	230.007225	1.195223e-15	9.800000e-01	1.195223e-15	3.926900e+04	2.040000e+03
31	149.230264	4.614785e-10	9.800000e-01	1.472880e-12	9.764000e+03	5.512000e+03
31	826.730022	8.963107e-06	9.959927e-01	4.460582e-13	4.770400e+04	5.688800e+04
31	799.241276	1.802687e-12	9.960000e-01	1.802687e-12	4.354600e+04	5.691900e+04
31	723.827243	4.194636e-07	8.000000e-01	8.831401e-09	2.222893e+04	3.038102e+04
31	278.694801	8.264932e-13	8.081252e-01	1.753279e-16	5.565000e+04	4.181600e+04
31	574.707845	8.627851e-16	8.960000e-01	1.416735e-18	2.009000e+03	4.064700e+04
31	445.835246	2.320117e-11	9.260000e-01	1.707435e-32	2.698000e+03	3.934400e+04
31	458.163924	2.040487e-13	8.940000e-01	1.559816e-28	1.304800e+04	1.615000e+04
31	328.182652	2.482536e-12	9.520000e-01	4.893760e-14	4.857600e+04	1.513700e+04
31	594.771729	1.099624e-16	8.720000e-01	1.717021e-19	2.111800e+04	4.623400e+04
31	787.651724	4.423644e-11	9.480014e-01	4.423644e-11	4.154200e+04	5.177400e+04
31	177.528354	9.361200e-09	8.165751e-01	1.536699e-14	3.463805e+04	3.308888e+04
31	150.805272	6.456677e-10	9.668672e-01	6.456677e-10	7.775997e+03	5.342399e+04
31	293.296448	2.460654e-09	9.940000e-01	8.611811e-16	2.583200e+04	2.418700e+04
31	155.123520	4.091276e-09	8.206971e-01	5.543736e-12	4.206897e+04	1.918902e+04
31	461.152367	4.200683e-12	9.660000e-01	1.676435e-19	4.629400e+04	4.427900e+04
31	500.381965	5.574182e-16	8.200000e-01	5.168915e-34	2.550200e+04	4.438800e+04
31	166.276035	4.653599e-16	8.140000e-01	3.706805e-16	2.367300e+04	4.263500e+04
31	446.273834	1.246547e-11	8.960000e-01	4.622061e-29	3.229000e+03	1.859800e+04
31	-1.000000	-1.000000e+00	-1.000000e+00	-1.000000e+00	-1.000000e+00	-1.000000e+00
31	502.182294	5.570788e-16	8.820000e-01	2.338656e-35	2.673200e+04	4.861500e+04
31	503.441095	4.311893e-13	9.620000e-01	2.544697e-20	5.236700e+04	4.861900e+04
31	152.340053	9.374995e-06	8.227217e-01	1.349551e-09	5.369720e+04	6.001960e+03
31	677.453027	3.505316e-07	8.003277e-01	9.002091e-09	5.947603e+04	1.546591e+04
31	496.126492	9.439326e-16	8.460000e-01	8.897713e-36	2.472200e+04	5.267600e+04
31	497.464341	3.447463e-17	9.540000e-01	7.991465e-38	3.643100e+04	5.862700e+04
31	349.238765	3.984456e-12	8.020000e-01	3.984456e-12	4.527000e+03	3.922300e+04
31	158.129895	9.675690e-06	8.205009e-01	2.522977e-12	5.728299e+04	2.109790e+04
31	174.004226	7.469192e-10	8.172620e-01	3.543819e-14	4.127180e+04	3.114284e+04
31	154.304005	1.000000e-05	8.228342e-01	2.570045e-09	4.298899e+04	4.450012e+03
31	454.415120	3.731463e-13	8.540000e-01	1.091284e-36	1.069600e+04	5.128500e+04
31	498.280654	6.248624e-16	9.180000e-01	2.020062e-31	2.754800e+04	2.814700e+04
31	513.532251	1.888988e-16	8.840000e-01	8.728911e-37	2.932000e+04	5.669600e+04
31	355.391953	1.241784e-09	9.680000e-01	1.901629e-17	3.179400e+04	3.336900e+04
31	493.349079	1.374286e-15	8.800000e-01	1.374286e-15	2.455800e+04	5.540000e+03
31	445.563887	4.376243e-11	8.980000e-01	4.929412e-28	2.500000e+02	1.916400e+04
31	511.111794	1.409967e-16	9.220000e-01	3.627752e-36	3.122700e+04	4.855500e+04
31	461.081280	5.725539e-14	8.300000e-01	5.725539e-14	1.165400e+04	1.781600e+04
31	801.559184	9.999960e-06	9.519974e-01	1.797348e-11	5.718000e+04	4.694500e+04
31	365.259577	5.070621e-12	8.180000e-01	5.070621e-12	4.212000e+03	4.413700e+04
31	231.244999	8.131912e-09	9.731522e-01	8.131912e-09	1.267023e+03	3.251200e+04
31	737.855208	1.009306e-08	9.823545e-01	1.000000e-08	2.524101e+04	3.662800e+04
31	454.906543	1.002319e-12	8.920000e-01	7.462380e-19	5.308400e+04	4.220700e+04
31	594.688164	2.019555e-11	9.460000e-01	1.296114e-29	1.624800e+04	9.826000e+03
31	722.845541	8.317419e-06	8.033581e-01	9.547650e-09	5.102809e+04	2.201030e+04
31	459.587698	1.295452e-13	8.640000e-01	9.639178e-29	1.342600e+04	1.885600e+04
31	351.039978	2.337077e-14	8.060000e-01	2.337077e-14	1.651800e+04	5.586100e+04
31	449.853303	2.037279e-12	9.060000e-01	1.253327e-29	7.875000e+03	2.278000e+04
31	487.992059	2.187220e-15	9.140000e-01	2.187220e-15	2.443500e+04	5.784000e+03
31	469.370702	6.610989e-16	9.660000e-01	1.965558e-37	3.052600e+04	5.581200e+04
31	45607.051327	2.696888e-08	9.660000e-01	4.113584e-16	5.199200e+04	4.205800e+04
31	251.644129	2.307397e-09	9.880000e-01	1.049221e-11	2.775200e+04	1.830000e+03
31	154.935806	1.000000e-05	8.204575e-01	6.740529e-12	2.078903e+04	1.867899e+04
31	483.861511	9.582337e-16	9.460000e-01	9.582337e-16	2.790500e+04	4.045000e+03
31	808.122358	7.073906e-12	9.079998e-01	7.073906e-12	4.848300e+04	5.165900e+04
31	589.040285	3.899530e-16	9.040000e-01	3.585889e-19	2.035100e+04	4.349700e+04
31	788.827716	7.325689e-11	8.839793e-01	7.325689e-11	4.234900e+04	5.346800e+04
31	150.018704	6.016453e-11	9.678704e-01	6.016453e-11	1.348306e+04	5.763390e+04
31	279.558009	9.726496e-12	9.980000e-01	9.726496e-12	3.710700e+04	1.850000e+03
31	358.140846	9.223676e-10	9.220000e-01	3.525343e-17	3.490300e+04	3.261000e+04
31	548.990898	1.148485e-16	8.780000e-01	5.489532e-21	2.966200e+04	5.082900e+04
31	157.795061	8.995246e-06	8.229447e-01	6.124628e-09	5.953515e+04	2.356650e+03
31	151.174567	5.985996e-10	9.660000e-01	3.847705e-29	7.973000e+03	1.339800e+04
31	698.373841	2.220605e-06	9.478895e-01	1.000000e-08	1.437300e+04	4.581600e+04
31	493.516076	2.781623e-16	9.440000e-01	6.639955e-36	3.073500e+04	5.113000e+04
31	156.846760	3.782636e-06	8.229221e-01	4.948205e-09	5.882210e+04	2.870942e+03
31	415.649934	5.897907e-11	9.100000e-01	2.000917e-18	4.222700e+04	3.949200e+04
31	159.142496	8.583168e-06	8.203815e-01	1.969229e-12	4.998105e+04	2.169184e+04
31	487.803901	2.445435e-15	8.660000e-01	4.373331e-35	2.288300e+04	4.948800e+04
31	939.278650	1.000000e-05	8.000451e-01	1.000000e-08	5.898200e+04	6.881000e+03
31	516.933968	1.251233e-16	8.220000e-01	4.124511e-33	2.902900e+04	4.365500e+04
31	532.093411	6.328328e-16	8.400000e-01	2.280916e-18	2.979000e+03	4.215600e+04
31	768.615815	1.193219e-06	8.260149e-01	2.887817e-10	5.885700e+04	3.581800e+04
31	576.474776	1.000000e-05	8.040267e-01	8.920631e-16	5.000800e+04	4.306700e+04
31	286.511223	1.341043e-10	9.860000e-01	1.182597e-13	3.527800e+04	1.262400e+04
31	145.843618	9.440742e-13	8.140000e-01	2.149943e-13	6.029000e+03	2.776400e+04
31	149.493964	1.000000e-05	8.221483e-01	1.463838e-10	3.993704e+04	1.134798e+04
31	518.769508	1.767526e-18	8.320000e-01	1.767526e-18	1.774800e+04	4.349700e+04
31	154.336477	6.606086e-08	8.209194e-01	7.294374e-12	3.746100e+04	1.854300e+04
31	478.150750	7.067314e-15	8.480000e-01	7.067314e-15	2.001400e+04	2.662000e+03
31	446.639657	7.515734e-12	8.680000e-01	6.133559e-33	3.773000e+03	3.653500e+04
31	1769.816071	9.000000e-16	9.660000e-01	2.230625e-36	3.426500e+04	5.149600e+04
31	764.437554	3.093925e-09	8.000000e-01	2.858196e-09	3.450206e+04	4.332883e+04
31	768.474107	1.542104e-09	8.320366e-01	1.542104e-09	3.572900e+04	4.538400e+04
31	1260.568722	3.474201e-08	8.400001e-01	1.479111e-14	5.369200e+04	3.351600e+04
31	805.183039	7.295952e-06	9.580224e-01	1.097287e-11	5.814900e+04	4.828100e+04
31	272.943357	5.625708e-10	9.540000e-01	2.319117e-11	3.475200e+04	3.190000e+02
31	754.167103	5.404037e-06	8.160363e-01	1.071773e-09	4.932900e+04	3.133700e+04
31	781.565158	3.403186e-10	8.100143e-01	3.403186e-10	3.995100e+04	4.319700e+04
31	477.219384	5.981759e-15	9.340000e-01	7.366874e-29	2.285900e+04	1.498100e+04
31	448.565953	3.909265e-12	9.360000e-01	8.254082e-29	7.417000e+03	1.659800e+04
31	475.846271	1.093308e-14	8.820000e-01	1.141560e-32	1.970700e+04	3.359200e+04
31	378.738367	2.891242e-11	9.440000e-01	3.889455e-17	4.274500e+04	3.203200e+04
31	473.484936	1.439411e-14	8.700000e-01	7.113676e-35	1.877900e+04	4.740500e+04
31	470.371894	1.792597e-14	8.320000e-01	1.792597e-14	1.750600e+04	8.724000e+03
31	448.115097	2.956058e-12	8.580000e-01	2.354237e-29	5.811000e+03	2.047400e+04
31	734.800373	1.000000e-05	8.140864e-01	9.705470e-09	5.389808e+04	2.550982e+04
31	448.114912	4.806157e-12	9.400000e-01	5.491443e-31	7.114000e+03	2.816700e+04
31	445.684264	2.796617e-11	9.120000e-01	7.080996e-31	1.751000e+03	2.914400e+04
31	152.775977	1.000000e-05	8.227516e-01	1.581600e-09	3.998407e+04	5.619736e+03
31	447.749405	3.691571e-12	9.579999e-01	5.195698e-29	8.930000e+03	1.663100e+04
31	590.949942	1.000000e-05	8.040628e-01	1.388188e-11	5.110500e+04	2.072000e+04
31	477.915815	7.293988e-15	8.480000e-01	4.158343e-29	1.994000e+04	2.049400e+04
31	288.024504	2.326076e-13	8.080325e-01	7.052160e-16	5.886107e+04	3.835699e+04
31	163.474698	5.952914e-08	8.189366e-01	5.159436e-13	3.175093e+04	2.479351e+04
31	169.074212	3.343901e-06	8.193496e-01	2.586001e-13	5.734701e+04	2.655292e+04
31	154.565285	1.000000e-05	8.228456e-01	2.768807e-09	4.287507e+04	4.270489e+03
31	316.247722	1.199832e-11	9.380000e-01	4.232721e-12	4.779000e+03	5.051700e+04
31	455.919855	2.254128e-14	9.780005e-01	3.481276e-37	2.399500e+04	5.668800e+04
31	804.957478	1.010607e-11	8.619998e-01	1.010607e-11	4.795500e+04	5.445800e+04
31	163.219090	3.062658e-06	8.199334e-01	7.984160e-13	5.465148e+04	2.385460e+04
31	470.337481	2.453568e-14	8.960022e-01	1.232331e-36	1.814900e+04	5.487300e+04
31	798.477717	9.602681e-06	9.419999e-01	2.633181e-11	5.237500e+04	4.583000e+04
31	832.264310	1.764905e-06	8.460019e-01	4.753054e-14	5.551700e+04	5.932200e+04
31	461.886075	6.709654e-13	9.720000e-01	3.265490e-19	5.044600e+04	4.268700e+04
31	25021.530875	1.383817e-15	8.540000e-01	4.364940e-36	3.918200e+04	5.771400e+04
31	155.938982	4.834383e-12	9.680000e-01	2.583595e-16	1.963800e+04	2.108700e+04
31	160.151069	1.055224e-13	9.720000e-01	3.905720e-17	2.892600e+04	2.809800e+04
31	475.858020	9.259717e-15	9.020000e-01	9.259717e-15	2.042800e+04	1.380500e+04
31	530.657773	4.383168e-16	9.960000e-01	3.732864e-17	8.072000e+03	3.153600e+04
31	475.867114	1.868905e-15	9.520000e-01	7.800402e-33	2.672400e+04	3.471100e+04
31	-1.000000	-1.000000e+00	-1.000000e+00	-1.000000e+00	-1.000000e+00	-1.000000e+00
31	471.984271	1.817968e-14	8.760000e-01	5.644887e-29	1.836000e+04	2.048900e+04
31	446.505883	7.677706e-12	8.560000e-01	1.024295e-32	3.472000e+03	3.577900e+04
31	446.564533	7.742329e-12	8.640000e-01	1.137505e-30	3.616000e+03	3.039600e+04
31	156.360404	3.281552e-07	8.207203e-01	4.018446e-12	5.016705e+04	1.998192e+04
31	788.716933	7.796136e-06	8.900203e-01	6.804885e-11	5.941900e+04	4.241300e+04
31	764.837086	2.943966e-09	8.000000e-01	2.343239e-09	3.462702e+04	4.588293e+04
31	812.997038	2.537761e-12	8.900000e-01	2.537761e-12	5.087000e+04	5.776100e+04
31	452.468452	8.000337e-13	8.920000e-01	2.025689e-29	9.726000e+03	2.037400e+04
31	474.772547	1.141474e-14	9.040000e-01	1.141474e-14	2.009000e+04	1.173200e+04
31	451.195699	1.314620e-12	9.100000e-01	5.379613e-29	9.050000e+03	1.965100e+04
31	295.557698	1.266776e-10	9.180000e-01	4.988200e-13	4.006300e+04	1.012200e+04
31	430.240724	9.029600e-15	9.880000e-01	1.333239e-17	5.923600e+04	3.398400e+04
31	444.498240	1.475850e-10	9.600000e-01	3.904021e-29	1.930000e+02	1.353100e+04
31	446.147786	1.389686e-11	9.540000e-01	2.618909e-29	5.405000e+03	1.835600e+04
31	494.346501	8.910796e-16	9.220000e-01	4.137501e-21	2.686300e+04	1.784900e+04
31	157.771769	9.457105e-06	8.229442e-01	6.093572e-09	5.743723e+04	2.368908e+03
31	5538.724936	3.439214e-08	8.660004e-01	3.377055e-15	4.931600e+04	3.705200e+04
31	762.364731	3.420155e-06	8.100418e-01	2.466317e-10	4.555800e+04	3.386800e+04
31	29815.004633	9.000000e-16	8.660000e-01	2.957016e-36	4.121200e+04	5.707000e+04
31	451.925175	8.409373e-13	8.760000e-01	1.290768e-31	9.216000e+03	2.959300e+04
31	497.328978	9.047811e-16	8.880000e-01	4.797328e-35	2.574300e+04	4.640200e+04
31	489.055819	1.425072e-15	9.280000e-01	6.611796e-22	2.600000e+04	2.077600e+04
31	37451.485792	1.000000e-05	9.439989e-01	1.350822e-16	5.956900e+04	4.468800e+04
31	453.714642	3.230802e-13	8.020000e-01	3.230802e-13	1.014500e+04	1.507000e+03
31	503.766454	4.994164e-07	9.740014e-01	3.996802e-16	5.529900e+04	2.624000e+04
31	120305.558036	3.353201e-17	8.220000e-01	7.989992e-18	4.746200e+04	5.534900e+04
31	238.184186	2.592138e-07	8.200016e-01	1.921569e-12	2.320000e+04	1.190000e+04
31	157.392451	1.000000e-05	8.229356e-01	5.603415e-09	4.863564e+04	2.571116e+03
31	753.587510	1.077307e-08	8.560119e-01	1.000000e-08	3.076100e+04	3.358000e+04
31	445.837540	2.247782e-11	9.160000e-01	1.896221e-31	2.411000e+03	3.051000e+04
31	471.444207	1.035192e-14	8.060000e-01	1.718743e-16	1.733000e+04	3.493900e+04
31	468.518358	3.053392e-14	9.220000e-01	3.061309e-30	1.846100e+04	2.217500e+04
31	497.731053	2.170827e-17	8.300000e-01	2.170827e-17	2.347200e+04	3.770400e+04
31	803.328609	9.999995e-06	9.000105e-01	9.687815e-12	5.437200e+04	4.759400e+04
31	453.338547	6.822006e-13	9.060000e-01	1.835604e-29	1.050000e+04	2.173500e+04
31	156.422643	5.516535e-09	8.204034e-01	3.659354e-12	4.017300e+04	2.017200e+04
31	341.133153	6.938976e-16	9.660000e-01	3.189138e-29	4.074200e+04	1.305500e+04
31	26775.436011	9.500000e-16	9.120000e-01	4.712628e-37	3.535400e+04	5.786500e+04
31	279.348016	5.256075e-10	9.160000e-01	5.709391e-12	3.654100e+04	4.302000e+03
31	510.400634	2.547483e-16	8.720000e-01	3.742977e-32	2.833100e+04	3.419400e+04
31	434.673938	1.117658e-14	9.820000e-01	1.045708e-17	5.974400e+04	3.461000e+04
31	463.047446	4.963931e-14	8.580000e-01	4.963931e-14	1.506500e+04	1.323600e+04
31	151.706745	1.156862e-10	9.681688e-01	1.156862e-10	1.186400e+04	4.861400e+04
31	296.402567	1.043825e-09	9.140000e-01	2.348689e-14	3.487200e+04	1.747800e+04
31	480.890679	4.832125e-15	9.220000e-01	3.127388e-34	2.285000e+04	4.256000e+04
31	592.014913	1.000000e-05	8.040627e-01	2.341021e-11	5.192400e+04	1.949600e+04
31	152.185696	1.000000e-05	8.213355e-01	1.619268e-11	4.913291e+04	1.663800e+04
31	496.628794	9.293581e-16	8.560000e-01	7.521222e-36	2.495300e+04	5.013000e+04
31	322.692764	1.672386e-10	9.240000e-01	3.527659e-15	3.914500e+04	2.178700e+04
31	777.164205	9.999999e-06	8.841247e-01	2.940224e-10	5.174700e+04	3.856000e+04
31	571.743755	1.861485e-17	9.260000e-01	1.484873e-21	3.529900e+04	5.301600e+04
31	158.807304	1.952538e-10	9.880000e-01	4.602484e-14	1.300300e+04	1.447800e+04
31	332.760735	5.141072e-13	8.040000e-01	1.975523e-14	9.040000e+03	5.554700e+04
31	501.226788	3.970391e-16	9.220000e-01	3.970391e-16	2.875200e+04	1.581500e+04
31	449.082461	1.675261e-12	8.360000e-01	2.561272e-25	6.759000e+03	8.122000e+03
31	451.206248	1.396947e-12	9.300000e-01	7.812657e-33	9.627000e+03	3.660500e+04
31	150.467740	1.000000e-05	8.225222e-01	5.480041e-10	3.999290e+04	8.172047e+03
31	771.648263	9.999947e-06	8.440227e-01	3.263267e-10	5.568200e+04	3.678100e+04
31	446.541693	9.361711e-12	9.560000e-01	4.658993e-31	6.514000e+03	2.680500e+04
31	506.835642	5.485651e-17	8.340000e-01	5.485651e-17	2.689300e+04	3.451000e+04
31	327.827436	3.344982e-11	9.340000e-01	6.317543e-15	4.283100e+04	2.024900e+04
31	312.748802	1.827520e-11	9.260000e-01	1.571231e-13	4.468000e+04	1.274600e+04
31	450.996225	1.301631e-12	8.980000e-01	5.224444e-35	8.720000e+03	4.679400e+04
31	483.551367	2.819175e-15	9.280000e-01	2.819175e-15	2.432800e+04	1.259600e+04
31	496.377402	5.268706e-16	9.300000e-01	5.268706e-16	2.845000e+04	1.103900e+04
31	637.162958	5.399979e-16	9.840000e-01	2.014546e-20	1.608600e+04	4.890700e+04
31	752.615037	9.272361e-06	8.641177e-01	4.895891e-09	5.842400e+04	3.086000e+04
31	345.332106	2.222932e-10	9.660000e-01	1.353125e-16	3.628000e+04	2.883300e+04
31	424.275540	3.356043e-11	9.340000e-01	1.221636e-18	4.280100e+04	4.018400e+04
31	523.849143	7.688728e-17	8.780000e-01	7.797740e-35	3.127400e+04	4.887800e+04
31	449.224976	1.898852e-12	9.320000e-01	1.898852e-12	8.475000e+03	2.421000e+03
31	516.354939	1.830738e-16	8.080000e-01	1.873895e-18	2.765300e+04	4.045700e+04
31	456.830932	1.633434e-13	8.100000e-01	1.633434e-13	1.189600e+04	2.979000e+03
31	153.672190	1.000000e-05	8.209940e-01	9.354044e-12	2.447099e+04	1.794199e+04
31	552.589118	3.699010e-16	9.900000e-01	6.960827e-18	1.924800e+04	3.548000e+04
31	446.870211	6.190975e-12	8.640000e-01	1.393747e-27	4.155000e+03	1.238000e+04
31	825.108775	5.436143e-07	9.419632e-01	4.481982e-13	4.520300e+04	5.619500e+04
31	20672.683986	4.014444e-08	9.140005e-01	9.516967e-16	4.754600e+04	4.006800e+04
31	463.705034	4.695807e-14	8.160000e-01	8.019587e-28	1.496600e+04	1.760800e+04
31	2557.387733	7.272721e-07	8.480011e-01	1.845278e-15	3.972400e+04	3.847600e+04
31	435.213906	7.521344e-15	9.880000e-01	9.796675e-18	5.970200e+04	3.469700e+04
31	475.662262	5.886495e-16	9.600000e-01	4.947186e-22	3.016700e+04	4.639800e+04
31	146.563290	4.096897e-12	8.080000e-01	5.572969e-15	3.514000e+03	3.748000e+04
31	456.496819	2.868977e-13	8.900000e-01	6.720615e-35	1.212900e+04	4.710700e+04
31	165.679836	1.126947e-08	9.672387e-01	1.000000e-08	8.070260e+02	3.723001e+04
31	327.781101	1.920439e-10	9.040000e-01	2.277369e-15	3.944000e+04	2.320200e+04
31	322.321732	3.288608e-11	8.980000e-01	1.012867e-12	9.140000e+02	5.340100e+04
31	10902.379355	2.305892e-07	8.800003e-01	1.623012e-16	4.537200e+04	4.424700e+04
31	261.911888	4.346193e-10	9.731938e-01	4.346193e-10	8.513994e+03	3.937800e+04
31	460.252578	1.525208e-10	9.480000e-01	1.525208e-10	1.138800e+04	5.388800e+04
31	189.339440	4.314069e-10	9.980000e-01	2.165619e-15	1.544500e+04	2.195100e+04
31	149.804975	3.608482e-10	9.673574e-01	2.515049e-14	9.193002e+03	6.253999e+03
31	788.717703	1.345543e-10	8.000000e-01	3.118776e-11	4.241309e+04	4.358798e+04
31	184.547860	1.934856e-10	8.157645e-01	2.764143e-15	4.393306e+04	3.717696e+04
31	210.547392	5.350802e-13	9.640000e-01	2.984805e-31	2.488000e+04	2.544700e+04
31	510.737171	1.979769e-16	8.020000e-01	1.979769e-16	2.764100e+04	1.483300e+04
31	463.931014	5.474789e-14	8.500000e-01	1.351679e-32	1.519700e+04	3.535900e+04
31	501.085871	2.543962e-16	9.480000e-01	3.964825e-22	3.108800e+04	5.243700e+04
31	493.167900	1.355807e-15	8.660000e-01	1.355807e-15	2.426900e+04	9.874000e+03
31	467.474957	2.140525e-15	9.620000e-01	2.582046e-35	2.727800e+04	4.633000e+04
31	498.104357	7.567405e-16	8.400000e-01	8.291721e-35	2.513000e+04	4.640800e+04
31	144.097536	5.983587e-12	9.760000e-01	1.279923e-12	1.965000e+04	4.909000e+03
31	148.873975	4.262845e-10	9.940000e-01	8.689759e-12	1.284000e+04	2.127000e+03
31	23626.100967	2.334240e-08	9.439998e-01	1.000000e-08	5.300600e+04	3.400000e+02
31	309.683891	1.567576e-11	8.840000e-01	7.329293e-12	2.338000e+03	4.801100e+04
31	328.287130	1.961658e-11	9.960000e-01	7.037753e-16	3.690900e+04	2.464800e+04
31	2061.356267	2.007783e-06	8.480031e-01	2.261554e-14	3.538300e+04	3.251500e+04
31	488.953540	2.033309e-15	8.500000e-01	1.070453e-36	2.299300e+04	5.713100e+04
31	473.389392	1.505264e-14	8.780000e-01	3.971024e-32	1.885400e+04	3.507700e+04
31	804.628988	1.316866e-11	8.520001e-01	1.316866e-11	4.773400e+04	5.048700e+04
31	485.000308	2.417793e-15	9.280000e-01	2.250631e-33	2.474300e+04	3.809300e+04
31	150.452823	5.257389e-10	9.669311e-01	5.257389e-10	8.271026e+03	5.481801e+04
31	756.647455	5.297723e-09	8.799997e-01	5.297723e-09	3.176600e+04	3.852600e+04
31	25736.548803	2.853398e-08	9.520001e-01	1.000000e-08	5.288400e+04	3.720000e+02
31	486.002811	2.384731e-15	8.500000e-01	2.384731e-15	2.239800e+04	1.884800e+04
31	1421.021435	1.064745e-15	9.460000e-01	6.746026e-35	3.977000e+04	4.633900e+04
31	167.617789	7.072855e-16	8.080000e-01	2.660711e-18	2.388800e+04	5.505300e+04
31	447.810369	4.543458e-12	8.960000e-01	5.368289e-29	5.661000e+03	1.672300e+04
31	387.354277	2.154980e-10	9.000000e-01	8.951508e-18	3.925100e+04	3.624800e+04
31	169.359937	1.771193e-09	8.179706e-01	1.101904e-13	3.957308e+04	2.845604e+04
31	505.687917	3.900599e-16	8.620000e-01	5.397780e-35	2.711400e+04	4.873400e+04
31	699.388707	1.400000e-16	9.940000e-01	1.763788e-22	2.747900e+04	5.941200e+04
31	298.501307	1.031751e-11	9.980000e-01	1.031751e-11	3.768300e+04	1.587000e+03
31	365.852509	1.868748e-09	8.040000e-01	4.751555e-15	3.582000e+04	3.205800e+04
31	200.650987	2.604862e-08	9.959931e-01	2.147318e-15	4.007000e+03	2.196800e+04
31	449.509783	2.287666e-12	9.040000e-01	1.654441e-34	7.537000e+03	4.315500e+04
31	272.152605	7.528967e-09	9.420000e-01	5.493491e-14	2.885200e+04	1.499100e+04
31	520.544728	8.504931e-17	8.020000e-01	2.292311e-30	2.961200e+04	3.216100e+04
31	460.536211	4.324491e-15	8.200000e-01	4.324491e-15	1.359000e+04	2.639900e+04
31	162.207532	2.245559e-09	8.192208e-01	6.862865e-13	4.012000e+04	2.413100e+04
31	795.645098	2.410287e-11	9.179987e-01	2.410287e-11	4.433900e+04	5.247100e+04
31	764.851018	2.485604e-06	8.280316e-01	4.970923e-10	5.623000e+04	3.463300e+04
31	487.716319	2.567048e-15	8.840000e-01	2.545435e-36	2.318300e+04	5.374000e+04
31	509.843318	4.373091e-17	8.420000e-01	4.373091e-17	1.650000e+04	3.497500e+04
31	771.518435	7.075194e-10	9.079999e-01	7.075194e-10	3.618300e+04	4.293800e+04
31	154.178191	4.387067e-12	9.840000e-01	2.464626e-15	2.121300e+04	2.105800e+04
31	447.372462	3.943069e-12	8.440000e-01	9.554069e-30	4.846000e+03	2.362300e+04
31	814.867195	4.629111e-07	9.440008e-01	2.354505e-12	5.866600e+04	5.199700e+04
31	504.703999	6.413788e-16	8.840000e-01	3.667150e-23	2.641700e+04	5.712500e+04
31	156.586536	2.364333e-06	8.229151e-01	4.655461e-09	5.691777e+04	3.017971e+03
31	462.389103	5.823908e-14	9.440000e-01	2.714024e-35	1.793900e+04	4.601800e+04
31	471.992787	1.739147e-14	8.660000e-01	5.254016e-30	1.824400e+04	2.565000e+04
31	445.682319	2.620599e-11	8.560000e-01	6.296227e-31	5.070000e+02	3.334700e+04
31	443.921461	2.005871e-11	9.740000e-01	4.323813e-30	6.971000e+03	1.692600e+04
31	596.414997	2.399696e-16	9.800000e-01	3.239742e-19	1.742400e+04	4.263400e+04
31	229.673578	4.856059e-16	9.800000e-01	4.856059e-16	4.143000e+04	8.650000e+03
31	337.723072	1.774398e-13	8.120000e-01	5.427922e-14	1.171000e+04	5.575600e+04
31	574.796121	3.199801e-16	9.260000e-01	6.732957e-19	2.375600e+04	4.142500e+04
31	770.184424	1.000000e-05	8.621250e-01	5.426663e-10	5.099900e+04	3.631400e+04
31	444.961649	8.258038e-11	9.500000e-01	9.888020e-30	8.200000e+02	2.027400e+04
31	153.893780	6.776346e-13	9.900000e-01	4.045575e-14	2.673900e+04	1.482900e+04
31	476.852616	9.589136e-15	9.080000e-01	1.153499e-29	2.073300e+04	2.145300e+04
31	272.011545	1.686525e-08	9.160000e-01	3.740490e-14	2.783100e+04	1.633100e+04
31	445.638699	3.296478e-11	8.760000e-01	1.260229e-29	3.810000e+02	2.877800e+04
31	31351.567095	7.284971e-09	9.600000e-01	5.484180e-14	5.813500e+04	3.043700e+04
31	149.890720	1.000000e-05	8.218726e-01	6.487988e-11	3.611398e+04	1.330400e+04
31	429.396823	1.498870e-14	9.760000e-01	1.598060e-17	5.974700e+04	3.369500e+04
31	393.978933	8.294478e-16	9.640000e-01	1.195042e-30	4.032600e+04	2.363200e+04
31	783.894169	6.113607e-13	8.380000e-01	6.113607e-13	4.490000e+02	2.463300e+04
31	363.438886	8.699585e-11	9.880000e-01	2.549513e-17	3.595700e+04	3.246900e+04
31	319.140851	3.276423e-13	8.047857e-01	3.117220e-13	1.012700e+04	4.898300e+04
31	214.193765	2.803526e-16	9.760000e-01	2.803526e-16	4.282100e+04	5.589000e+03
31	1728.979064	4.537849e-16	9.440000e-01	1.271338e-36	4.179400e+04	5.229800e+04
31	151.914899	1.050499e-09	9.667436e-01	1.050499e-09	6.602039e+03	4.997701e+04
31	7084.382164	8.855751e-08	8.840011e-01	3.857432e-13	4.537600e+04	2.577100e+04
31	457.284584	2.644825e-13	9.120000e-01	1.428186e-29	1.295600e+04	1.984000e+04
31	162.405096	1.485490e-08	9.662423e-01	1.000000e-08	2.190079e+02	4.981202e+04
31	454.254275	3.037191e-13	8.240000e-01	3.037191e-13	1.059700e+04	5.443000e+03
31	36380.232139	3.558490e-16	8.380000e-01	1.018584e-22	4.239300e+04	5.712400e+04
31	202.232137	1.151258e-12	8.160000e-01	1.609621e-16	5.678100e+04	4.401900e+04
31	542.532414	1.026440e-09	9.802500e-01	1.026440e-09	7.363043e+03	3.647079e+04
31	150.840074	1.000000e-05	8.225765e-01	6.861226e-10	5.367902e+04	7.630972e+03
31	149.570017	6.906085e-06	8.220367e-01	1.039527e-10	5.274511e+04	1.217102e+04
31	466.465975	3.413352e-14	8.400000e-01	3.413352e-14	1.613100e+04	2.752000e+03
31	148.555013	1.025904e-13	9.760000e-01	5.304455e-15	2.922800e+04	1.771900e+04
31	317.298704	8.165776e-12	9.400000e-01	1.261834e-13	4.615300e+04	1.304900e+04
31	330.025233	2.877180e-11	8.559999e-01	1.196789e-14	4.541200e+04	2.075500e+04
31	322.145850	2.872706e-11	9.260000e-01	1.290929e-12	2.154000e+03	5.334400e+04
31	767.695551	2.096847e-06	8.320009e-01	2.358419e-15	3.747900e+04	3.786900e+04
31	150.117051	6.684794e-10	9.760000e-01	2.173908e-13	8.440000e+03	9.452000e+03
31	529.364193	4.602183e-17	8.320000e-01	3.201582e-35	3.152900e+04	5.125500e+04
31	814.086441	3.147767e-12	9.160000e-01	3.147767e-12	5.078300e+04	5.298900e+04
31	696.573076	9.700000e-16	9.960000e-01	2.112092e-22	2.383400e+04	5.899100e+04
31	446.923699	6.956351e-13	9.840000e-01	6.475384e-30	1.729200e+04	2.027300e+04
31	822.073091	6.398905e-06	8.700002e-01	3.945557e-13	5.936300e+04	5.491900e+04
31	446.317913	1.401147e-11	9.200000e-01	4.612963e-27	3.691000e+03	6.047000e+03
31	2457.911122	1.171613e-07	8.540002e-01	1.461328e-13	4.985900e+04	2.807100e+04
31	819.605130	9.999995e-06	8.640003e-01	5.412832e-13	5.820000e+04	5.390200e+04
31	150.279503	1.000000e-05	8.224831e-01	4.757355e-10	3.287799e+04	8.512041e+03
31	452.850376	4.021055e-13	8.180000e-01	4.021055e-13	9.668000e+03	8.869000e+03
31	469.816781	1.735163e-14	9.380000e-01	1.091159e-33	2.051300e+04	4.046900e+04
31	445.654163	2.912028e-11	8.860000e-01	1.918856e-25	9.200000e+02	6.374000e+03
31	826.105285	5.893025e-09	9.040000e-01	2.896551e-13	5.641300e+04	5.662000e+04
31	361.239538	6.961376e-13	9.960000e-01	2.707121e-16	4.534200e+04	2.689100e+04
31	811.518408	2.193625e-12	9.780000e-01	2.193625e-12	4.809000e+04	5.487600e+04
31	812.151255	9.999983e-06	9.360072e-01	3.407907e-12	5.291000e+04	5.093200e+04
31	749.841330	1.846698e-08	8.000000e-01	9.749746e-09	3.001809e+04	3.392701e+04
31	716.423868	1.028895e-06	8.000000e-01	9.909955e-09	2.000382e+04	3.845706e+04
31	322.641752	2.075989e-12	9.120000e-01	2.075989e-12	8.016000e+03	5.177500e+04
31	690.587584	8.619583e-06	8.004190e-01	9.842184e-09	5.565700e+04	1.632600e+04
31	801.841176	9.999999e-06	9.380022e-01	1.590355e-11	4.933100e+04	4.704800e+04
31	631.077839	7.899998e-16	9.120000e-01	3.071425e-21	2.183400e+04	5.381300e+04
31	4254.772826	3.343113e-08	8.700003e-01	1.041267e-12	5.113000e+04	2.339200e+04
31	155.664316	1.000000e-05	8.228870e-01	3.713643e-09	4.599804e+04	3.562855e+03
31	460.918122	8.797930e-14	9.420000e-01	9.717947e-38	1.683600e+04	5.724700e+04
31	164.582266	8.752180e-15	8.100000e-01	9.171869e-18	1.755800e+04	5.181900e+04
31	446.456281	1.064409e-11	8.960000e-01	5.681244e-32	3.610000e+03	2.939800e+04
31	810.950578	9.999649e-06	9.919869e-01	5.449286e-12	5.505100e+04	5.046700e+04
31	-1.000000	-1.000000e+00	-1.000000e+00	-1.000000e+00	-1.000000e+00	-1.000000e+00
31	253.886339	1.207763e-09	9.920000e-01	5.949930e-12	2.834400e+04	3.158000e+03
31	146.552726	3.549169e-14	8.120000e-01	1.082495e-14	1.421700e+04	3.503800e+04
31	445.398574	4.809905e-11	9.300000e-01	3.824176e-27	1.098000e+03	8.917000e+03
31	471.769373	1.626170e-14	8.460000e-01	1.387607e-36	1.800400e+04	5.887300e+04
31	658.668510	7.899997e-16	9.140000e-01	1.944281e-21	1.916800e+04	5.511200e+04
31	173.336022	1.581255e-12	8.160000e-01	6.418385e-15	3.448000e+03	3.575800e+04
31	465.312710	1.472384e-15	9.800000e-01	3.793265e-36	3.097100e+04	5.229400e+04
31	830.760263	1.351287e-07	8.580001e-01	7.686470e-14	5.206800e+04	5.865000e+04
31	447.279980	4.160070e-12	8.440000e-01	2.443546e-30	4.717000e+03	2.927000e+04
31	475.892159	1.059554e-14	9.140000e-01	6.347950e-31	2.069300e+04	2.833300e+04
31	616.576071	7.000000e-16	9.800000e-01	2.515316e-22	2.780300e+04	5.784000e+04
31	287.917616	2.133461e-08	8.400000e-01	2.590177e-15	2.907000e+04	2.534100e+04
31	153969.423676	2.690560e-08	9.200001e-01	1.000000e-08	5.466100e+04	2.226800e+04
31	749.550282	1.912808e-08	8.000000e-01	9.782578e-09	2.993000e+04	5.232600e+04
31	442.638245	2.828248e-10	9.780000e-01	1.219116e-30	1.391000e+03	2.760200e+04
31	156.581088	1.000000e-05	8.229132e-01	4.640265e-09	3.540583e+04	3.025696e+03
31	148.314244	3.730295e-10	9.780000e-01	3.034590e-12	1.004900e+04	3.471000e+03
31	152.768612	9.020347e-06	8.227514e-01	1.578151e-09	5.102305e+04	5.625018e+03
31	159.653584	1.000000e-05	8.229780e-01	8.993870e-09	5.060113e+04	1.430005e+03
31	370.960746	2.340311e-11	9.740000e-01	4.918869e-17	4.126000e+04	3.109900e+04
31	151.370515	7.985876e-06	8.226377e-01	8.987847e-10	5.559934e+04	6.980913e+03
31	803.100587	1.000000e-05	9.040275e-01	1.036953e-11	5.100600e+04	4.751000e+04
31	159.457212	6.589972e-06	8.203452e-01	1.827432e-12	5.592800e+04	2.187094e+04
31	150.095941	1.000000e-05	8.224526e-01	4.169026e-10	4.150858e+04	8.830164e+03
31	36906.844291	1.532374e-08	9.800000e-01	1.532947e-13	5.342800e+04	2.798800e+04
31	445.855605	1.827720e-11	8.800000e-01	3.366066e-27	1.900000e+03	1.180100e+04
31	385.980186	1.049981e-14	9.920000e-01	4.482024e-16	5.781100e+04	2.575700e+04
31	176.081328	1.025079e-08	8.168014e-01	2.189942e-14	3.452604e+04	3.225355e+04
31	145.855839	2.275991e-11	9.840000e-01	1.816731e-13	1.740000e+04	1.089200e+04
31	461.779294	7.759354e-14	8.460000e-01	1.334004e-33	1.429100e+04	3.793400e+04
31	149.501497	1.000000e-05	8.221903e-01	1.674885e-10	3.730896e+04	1.102404e+04
31	152.374705	1.000000e-05	8.212189e-01	1.564119e-11	2.464003e+04	1.670889e+04
31	522.577867	1.028065e-07	8.260002e-01	2.415822e-16	4.671700e+04	4.325700e+04
31	191.811148	5.969679e-10	8.145502e-01	3.702561e-16	4.067715e+04	4.188496e+04
31	470.051197	2.015780e-14	8.500000e-01	2.015780e-14	1.754100e+04	9.116000e+03
31	455.780894	2.441264e-14	9.820000e-01	1.104787e-35	2.478700e+04	5.185100e+04
31	801.286403	8.843458e-06	8.340034e-01	4.770045e-12	5.681900e+04	4.684700e+04
31	453.979219	4.001300e-13	8.480000e-01	4.478356e-30	1.041300e+04	2.341700e+04
31	642.739365	2.756226e-16	8.280000e-01	2.756226e-16	1.408500e+04	4.295300e+04
31	-1.000000	-1.000000e+00	-1.000000e+00	-1.000000e+00	-1.000000e+00	-1.000000e+00
31	799.286646	7.716849e-06	9.000116e-01	1.730737e-11	5.466000e+04	4.612100e+04
31	450.024930	2.031447e-12	9.160000e-01	1.546242e-25	8.201000e+03	6.733000e+03
31	377.202469	2.649532e-11	9.480000e-01	4.400349e-17	4.276800e+04	3.168800e+04
31	150.709970	5.446748e-10	9.880000e-01	3.103592e-12	1.059600e+04	4.406000e+03
31	149.560222	4.548946e-06	8.222627e-01	2.119644e-10	4.975896e+04	1.045768e+04
31	22540.025213	1.924987e-07	9.120002e-01	1.539987e-16	4.566900e+04	4.437600e+04
31	483.273594	3.612820e-15	8.360000e-01	3.612820e-15	2.137900e+04	2.167000e+03
31	61158.381348	1.000000e-05	9.859844e-01	1.064495e-16	5.339900e+04	4.525200e+04
31	158.112182	1.000000e-05	8.229501e-01	6.549218e-09	3.601147e+04	2.194893e+03
31	368.848664	3.810323e-11	9.360000e-01	8.442459e-17	4.240800e+04	3.034800e+04
31	775.477930	7.336498e-10	8.239662e-01	7.336498e-10	3.787000e+04	4.065200e+04
31	511.987086	1.287906e-16	9.220000e-01	7.658889e-36	3.144100e+04	5.055000e+04
31	487.243164	2.675115e-15	8.760000e-01	1.218065e-34	2.289400e+04	4.554600e+04
31	161.109389	9.985701e-09	8.194188e-01	9.433935e-13	3.671096e+04	2.337503e+04
31	473.486101	2.968056e-15	9.520000e-01	1.344668e-36	2.561400e+04	5.327000e+04
31	461.912270	3.970552e-15	9.800000e-01	1.494147e-35	2.859600e+04	4.890100e+04
31	424.417887	3.100864e-11	9.500000e-01	1.072086e-18	4.225500e+04	4.024200e+04
31	152.047864	1.000000e-05	8.213565e-01	1.721148e-11	3.227897e+04	1.649101e+04
31	181.337561	1.154845e-10	8.162666e-01	6.129372e-15	4.543030e+04	3.530422e+04
31	484.979249	3.125471e-15	8.480000e-01	3.125471e-15	2.194000e+04	6.450000e+03
31	358.086348	9.091924e-11	9.080000e-01	1.711166e-16	4.120500e+04	2.919900e+04
31	495.983425	9.576910e-16	8.460000e-01	1.329102e-21	2.468800e+04	2.270400e+04
31	361.426989	6.975719e-10	9.600000e-01	1.946737e-17	3.382300e+04	3.341500e+04
31	394.100435	8.270066e-16	9.640000e-01	2.316937e-35	4.033300e+04	4.902300e+04
31	269.811444	9.988230e-10	9.500000e-01	7.778411e-12	3.352800e+04	3.012000e+03
31	315.974557	1.205738e-08	9.460000e-01	1.848228e-16	2.747700e+04	2.836100e+04
31	445.741977	1.871108e-11	8.340000e-01	1.411154e-31	9.070000e+02	3.609200e+04
31	823.980469	8.583410e-08	8.100017e-01	4.388089e-14	5.822100e+04	5.573800e+04
31	543.546486	1.577585e-17	8.620000e-01	3.265954e-35	3.459600e+04	4.461700e+04
31	444.704517	3.967972e-11	9.640000e-01	4.415787e-29	3.788000e+03	1.684100e+04
31	171.202616	9.732606e-09	8.219290e-01	9.732606e-09	4.915501e+04	9.290307e+02
31	271.401874	9.629583e-09	8.520000e-01	3.015199e-13	3.083400e+04	1.322900e+04
31	447.490609	2.914815e-12	9.180000e-01	2.914815e-12	5.735000e+03	4.147000e+03
31	5838.528183	2.312234e-08	8.859999e-01	1.000000e-08	5.561100e+04	7.980000e+02
31	446.675571	1.008308e-11	9.120000e-01	1.255568e-32	4.213000e+03	3.618000e+04
31	361.576838	2.104161e-10	9.040000e-01	7.575687e-17	3.920200e+04	3.118700e+04
31	469.007026	9.255306e-15	9.500000e-01	3.130904e-34	2.273800e+04	3.930200e+04
31	150.555294	4.613662e-06	8.216719e-01	3.760050e-11	5.719712e+04	1.461486e+04
31	283.617390	9.421107e-09	8.340000e-01	1.010205e-14	3.122900e+04	2.258700e+04
31	159.683061	6.399657e-06	8.229784e-01	9.046114e-09	5.909501e+04	1.416035e+03
31	592.789024	1.000000e-05	8.040628e-01	3.356460e-11	4.866100e+04	1.865100e+04
31	461.120576	3.352109e-15	8.200000e-01	3.352109e-15	1.302800e+04	2.709100e+04
