51	265.285880	3.999874e-16	9.862000e-01	4.322563e-19	1.734700e+04	4.115200e+04
51	237.940513	1.010091e-18	7.815000e-01	1.010091e-18	2.165400e+04	4.842500e+04
51	227.231482	6.451506e-13	8.873000e-01	1.231251e-27	9.823000e+03	1.365000e+04
51	60.384485	4.672995e-08	7.893852e-01	1.756531e-10	3.332398e+04	1.116702e+04
51	59.270640	9.824188e-06	7.905832e-01	7.626072e-10	4.964299e+04	7.712969e+03
51	288.456894	2.000006e-17	9.816000e-01	8.766382e-22	2.972300e+04	5.516700e+04
51	228.299947	1.532352e-06	8.067993e-01	2.306926e-13	5.526800e+04	1.429600e+04
51	59.689348	1.333374e-06	7.903657e-01	4.371336e-10	5.416124e+04	9.050935e+03
51	142.503586	1.586970e-11	9.287000e-01	4.759928e-13	3.338000e+03	5.561200e+04
51	224.538410	7.800733e-11	9.816000e-01	3.052281e-29	4.752000e+03	2.046700e+04
51	241.089421	5.952043e-06	8.737274e-01	2.939089e-09	5.539900e+04	3.265800e+04
51	61.164246	2.093807e-10	7.888748e-01	7.354241e-11	4.584314e+04	1.324315e+04
51	114.879784	4.798146e-09	9.678000e-01	1.094187e-16	2.770200e+04	2.850000e+04
51	283.079737	6.600001e-16	9.264000e-01	3.473455e-22	2.223100e+04	5.752400e+04
51	226.013450	1.611396e-11	9.103000e-01	6.919971e-17	2.632000e+03	2.189600e+04
51	141.659303	1.043875e-11	9.448000e-01	1.582242e-16	4.441200e+04	2.789600e+04
51	234.760982	6.148085e-15	9.103000e-01	7.222468e-32	2.155700e+04	3.489900e+04
51	3070.387914	4.300000e-16	9.264000e-01	5.325860e-38	3.496000e+04	5.830000e+04
51	115.090125	2.528063e-09	9.540000e-01	4.039641e-16	3.021000e+04	2.559300e+04
51	237.970867	1.162890e-08	7.700000e-01	9.857644e-09	3.088307e+04	3.945205e+04
51	72.927975	2.375556e-09	7.832748e-01	2.070513e-14	3.680514e+04	3.259186e+04
51	6311.260235	1.000000e-05	8.987874e-01	6.445150e-10	5.564300e+04	7.963000e+03
51	3314.878414	2.246345e-07	8.321003e-01	4.084029e-16	4.549200e+04	4.203600e+04
51	59.206907	1.000000e-05	7.912681e-01	6.703025e-09	3.100998e+04	2.485110e+03
51	59.007807	1.000000e-05	7.911597e-01	4.371352e-09	3.507897e+04	3.514018e+03
51	64.899674	2.874018e-12	9.770000e-01	2.406153e-12	2.167400e+04	2.431000e+03
51	71.322686	5.102566e-12	9.678000e-01	4.358721e-27	1.970900e+04	1.797000e+03
51	255.388588	3.277435e-17	8.114000e-01	4.643069e-20	3.089400e+04	4.705600e+04
51	227.782703	3.207957e-13	8.689000e-01	1.263180e-29	1.107300e+04	2.362200e+04
51	227.714330	2.905610e-13	8.436000e-01	2.693257e-30	1.080600e+04	2.446800e+04
51	235.270891	3.864428e-15	8.459000e-01	3.864428e-15	2.111900e+04	1.128000e+03
51	125.948979	1.351512e-11	9.609000e-01	3.729038e-14	4.285900e+04	1.485700e+04
51	1190.428836	1.726543e-14	8.344000e-01	1.726543e-14	2.009100e+04	5.884300e+04
51	68.876220	1.720755e-10	7.851245e-01	2.881233e-13	4.391122e+04	2.639773e+04
51	241.642825	4.354673e-16	8.804000e-01	4.354673e-16	2.697200e+04	2.659000e+03
51	20960.156898	2.159686e-08	9.885001e-01	1.065883e-11	5.076300e+04	1.778600e+04
51	267.961360	1.321118e-11	9.447990e-01	1.321118e-11	4.702700e+04	4.812700e+04
51	245.035177	7.571430e-16	9.931000e-01	9.371967e-17	1.091200e+04	2.870400e+04
51	106.933910	3.964122e-10	9.701000e-01	1.512366e-11	3.370700e+04	3.070000e+02
51	217.451934	7.486846e-06	7.711874e-01	9.952702e-09	4.916603e+04	1.886394e+04
51	278.280647	1.553936e-07	7.999001e-01	1.924455e-13	5.300200e+04	5.397800e+04
51	308.913321	1.010732e-08	7.976000e-01	5.081478e-15	5.707600e+04	3.613100e+04
51	17919.555087	2.831648e-08	9.310001e-01	1.943762e-14	5.313100e+04	3.285100e+04
51	225.896037	1.423039e-11	9.333000e-01	2.052333e-27	3.839000e+03	1.460700e+04
51	143.064558	1.468556e-10	9.057000e-01	9.123908e-18	3.921800e+04	3.501300e+04
51	60.185343	1.000000e-05	7.914411e-01	1.000000e-08	5.067899e+04	1.408013e+03
51	236.420370	1.983360e-15	8.068000e-01	8.791038e-32	2.203200e+04	3.350800e+04
51	244.158320	1.164753e-16	9.333000e-01	3.927985e-22	3.177400e+04	4.585000e+04
51	116.216834	1.282235e-09	8.643000e-01	7.957301e-15	3.483800e+04	1.996700e+04
51	230.896489	3.615625e-14	9.241000e-01	3.615625e-14	1.769400e+04	8.199000e+03
51	230.495596	4.767921e-14	8.804000e-01	1.080842e-32	1.588400e+04	3.502600e+04
51	179.616825	1.828944e-10	7.746260e-01	1.828944e-10	5.476400e+04	1.444000e+04
51	104.358208	4.613036e-11	9.977000e-01	2.687104e-13	3.250700e+04	9.793000e+03
51	277.162296	5.499996e-16	9.356000e-01	1.864445e-20	1.859000e+04	4.875700e+04
51	226.138135	7.723542e-12	8.252000e-01	8.065238e-13	1.807000e+03	7.018000e+03
51	128.483972	4.562272e-11	9.057000e-01	6.510998e-15	4.216100e+04	1.967500e+04
51	225.965531	6.772988e-11	9.425000e-01	8.106460e-25	4.880000e+02	3.820000e+02
51	148.323503	9.885936e-16	9.885000e-01	9.885936e-16	4.127600e+04	8.085000e+03
51	245.557293	1.250275e-16	8.804000e-01	4.586012e-31	2.988900e+04	3.007800e+04
51	262.157480	2.370321e-11	9.034164e-01	2.370321e-11	4.398800e+04	5.198400e+04
51	237.913851	6.290204e-09	9.194994e-01	6.290204e-09	2.984700e+04	3.584100e+04
51	264.925730	1.555399e-06	8.114107e-01	5.978424e-12	5.912600e+04	4.607200e+04
51	207.171014	2.069006e-15	7.930000e-01	2.069006e-15	1.196200e+04	3.829800e+04
51	226.462349	1.790683e-12	8.689000e-01	2.034757e-33	6.941000e+03	4.159000e+04
51	241.042868	3.667641e-16	7.976000e-01	2.552535e-35	2.585300e+04	4.923800e+04
51	15235.638217	2.004266e-08	9.425000e-01	1.660566e-12	5.459200e+04	2.223700e+04
51	256.040331	1.000000e-05	8.689168e-01	9.868769e-11	5.214900e+04	4.103600e+04
51	226.448134	1.455696e-12	8.298000e-01	2.235924e-31	6.687000e+03	3.097900e+04
51	99.711712	6.269687e-09	9.379000e-01	3.770579e-13	2.874900e+04	9.566000e+03
51	58.912597	9.994928e-06	7.910092e-01	2.620170e-09	4.471117e+04	4.745100e+03
51	227.975973	2.088491e-13	8.298000e-01	3.285056e-33	1.135100e+04	4.049900e+04
51	262.258072	1.000000e-05	9.034266e-01	3.170026e-11	5.304600e+04	4.454600e+04
51	170.404298	6.219365e-14	9.402000e-01	1.494474e-17	5.759100e+04	3.343700e+04
51	226.060034	3.641487e-11	9.080000e-01	1.320935e-14	1.060000e+02	1.416400e+04
51	233.930679	7.680523e-15	8.735000e-01	7.680523e-15	2.004300e+04	7.791000e+03
51	19639.841295	8.302824e-09	9.816000e-01	1.261458e-11	5.651100e+04	1.738300e+04
51	59.150662	1.000000e-05	7.906582e-01	9.472293e-10	3.175102e+04	7.191028e+03
51	259.586448	3.728560e-16	9.057000e-01	2.339840e-18	2.166000e+03	3.820200e+04
51	68.011450	1.115595e-08	7.850413e-01	4.669645e-13	3.350085e+04	2.517958e+04
51	233.557144	7.798637e-15	8.390000e-01	5.657695e-20	1.933500e+04	1.828800e+04
51	252.075933	3.974233e-10	8.252006e-01	3.974233e-10	3.857500e+04	4.369000e+04
51	59.939996	2.139330e-10	9.839000e-01	8.743245e-13	1.237800e+04	6.347000e+03
51	226.145749	4.861275e-12	8.896000e-01	1.440611e-33	5.016000e+03	4.348800e+04
51	231.555391	5.110525e-15	7.930000e-01	5.110525e-15	1.451600e+04	2.449700e+04
51	250.926860	2.509018e-17	8.965000e-01	3.963317e-36	3.405000e+04	5.246800e+04
51	59.516425	5.049211e-10	9.677707e-01	2.144784e-11	8.684996e+03	5.515199e+04
51	249.569018	3.260706e-17	8.298000e-01	3.260706e-17	3.199500e+04	1.707600e+04
51	128.404061	1.024735e-09	9.172000e-01	4.836130e-17	3.401100e+04	3.098200e+04
51	133.916566	4.558802e-10	9.103000e-01	2.937559e-17	3.624900e+04	3.223800e+04
51	221.999687	2.468097e-11	9.885000e-01	2.792581e-34	9.922000e+03	3.643200e+04
51	229.076697	1.000000e-05	7.883312e-01	9.676792e-09	4.861901e+04	2.566497e+04
51	229.506121	7.173493e-14	8.459000e-01	7.695150e-30	1.419200e+04	2.403500e+04
51	288.063195	3.800017e-16	9.287000e-01	1.092654e-21	1.871100e+04	5.524400e+04
51	228.164519	9.330539e-14	9.609000e-01	6.709908e-32	1.767300e+04	3.193300e+04
51	106.908494	3.353826e-10	9.747000e-01	1.615713e-12	3.369600e+04	5.681000e+03
51	106.809480	3.553872e-09	9.793000e-01	1.417439e-15	2.732500e+04	2.240200e+04
51	16037.169175	1.523506e-07	9.057002e-01	9.746659e-16	4.652000e+04	3.995700e+04
51	232.978485	1.384582e-14	8.988000e-01	5.614265e-33	1.929100e+04	3.795200e+04
51	143.989371	1.306020e-11	8.919000e-01	1.803784e-16	4.568600e+04	2.832100e+04
51	252.475110	2.257144e-10	8.942021e-01	2.257144e-10	3.857600e+04	4.624500e+04
51	234.418234	6.893254e-15	9.218000e-01	8.492246e-31	2.168200e+04	2.606400e+04
51	64.574812	1.200289e-08	7.866570e-01	4.787454e-12	3.401898e+04	1.967300e+04
51	286.518568	6.839564e-06	9.976895e-01	1.521259e-13	5.833600e+04	5.917700e+04
51	60.074203	2.385006e-10	9.684973e-01	5.437273e-12	1.046599e+04	5.661297e+04
51	266.616850	3.394070e-06	9.379046e-01	1.426706e-11	5.300000e+04	4.704400e+04
51	239.833381	6.178253e-16	8.206000e-01	2.079691e-36	2.498900e+04	4.694400e+04
51	62.235336	1.440940e-10	7.882106e-01	2.817563e-11	4.606002e+04	1.551896e+04
51	150.985272	5.402760e-11	9.034000e-01	3.422164e-18	4.179100e+04	3.731000e+04
51	149.491900	2.359747e-12	9.655000e-01	4.661700e-17	4.691800e+04	3.052600e+04
51	227.716500	1.890040e-13	7.700000e-01	5.364585e-14	1.068100e+04	4.116100e+04
51	166.879480	1.526341e-14	9.770000e-01	5.747578e-17	5.863800e+04	2.994300e+04
51	76.575995	9.632585e-10	7.816832e-01	7.777958e-13	3.837500e+04	2.359400e+04
51	138.029910	1.063636e-11	8.390000e-01	5.734603e-15	4.736800e+04	2.146300e+04
51	233.402167	8.260361e-15	8.367000e-01	6.813820e-29	1.915800e+04	2.316800e+04
51	250.997919	2.401676e-17	8.045000e-01	4.967587e-22	3.224000e+04	5.235900e+04
51	277.357578	8.901438e-06	8.988058e-01	9.234055e-13	5.952500e+04	5.340900e+04
51	285.903172	7.990578e-07	8.183003e-01	4.599532e-14	5.551500e+04	5.877900e+04
51	234.994475	2.358203e-08	7.768994e-01	1.000000e-08	2.909000e+04	3.246300e+04
51	232.633307	1.299748e-14	8.528000e-01	5.694210e-36	1.838300e+04	5.245500e+04
51	233.065641	6.407823e-15	9.494000e-01	7.690169e-36	2.321000e+04	4.594500e+04
51	228.821393	9.292478e-14	8.091000e-01	8.703704e-31	1.294800e+04	3.026000e+04
51	222.037280	9.677224e-09	9.947816e-01	9.677224e-09	2.134898e+04	5.227400e+04
51	81.658897	2.418164e-10	7.815000e-01	1.053982e-11	4.166900e+04	1.716800e+04
51	234.885086	3.754626e-15	8.114000e-01	3.754626e-15	2.059900e+04	4.166000e+03
51	2035.252772	8.591967e-07	8.298010e-01	4.699178e-14	3.998900e+04	3.077500e+04
51	132.757219	2.204765e-10	9.057000e-01	1.147071e-16	3.820500e+04	2.914500e+04
51	267.360592	1.000000e-05	8.343826e-01	5.184130e-12	5.081100e+04	4.747500e+04
51	62.121860	5.297264e-11	7.891812e-01	5.297264e-11	5.229298e+04	1.411904e+04
51	235.210959	1.000000e-05	8.506753e-01	9.102144e-09	4.968300e+04	2.929300e+04
51	228.198699	1.182471e-13	9.586000e-01	1.583049e-30	1.689300e+04	2.401000e+04
51	144.780939	1.626925e-11	8.988000e-01	2.295529e-13	2.293000e+03	5.701900e+04
51	64.809931	1.237561e-06	7.888676e-01	1.779260e-11	5.617837e+04	1.674516e+04
51	266.311342	5.804338e-16	9.103000e-01	4.221803e-19	2.833000e+03	4.205400e+04
51	276.087455	2.899981e-16	9.609000e-01	3.022950e-20	1.738200e+04	4.742800e+04
51	231.079216	3.580643e-14	8.896000e-01	2.825157e-35	1.679000e+04	4.102800e+04
51	226.054688	1.960470e-11	8.988000e-01	1.585944e-15	1.659000e+03	1.744200e+04
51	253.645291	3.881911e-18	7.723000e-01	2.383413e-20	3.551100e+04	5.648300e+04
51	59.007558	1.338775e-09	9.669888e-01	1.338775e-09	6.359750e+03	5.881773e+04
51	128.513907	2.566059e-10	9.770000e-01	3.996362e-17	3.411100e+04	3.076200e+04
51	199.420898	2.555447e-14	9.977000e-01	2.555447e-14	5.529400e+04	1.516200e+04
51	36191.089379	1.199604e-15	7.792000e-01	1.484869e-32	3.945900e+04	4.157900e+04
51	58.987056	1.000000e-05	7.908107e-01	1.431408e-09	4.924018e+04	6.198942e+03
51	240.215947	6.419273e-16	8.551000e-01	3.517842e-35	2.551600e+04	4.958300e+04
51	63.152551	2.512914e-10	7.876640e-01	1.345781e-11	4.423501e+04	1.726700e+04
51	237.190321	2.142753e-15	8.965000e-01	2.142753e-15	2.362200e+04	1.069300e+04
51	225.382079	1.000000e-05	7.774664e-01	9.998866e-09	5.336902e+04	2.340397e+04
51	226.840910	8.250770e-13	8.482000e-01	1.937690e-30	8.387000e+03	2.648000e+04
51	236.754960	2.144453e-15	8.459000e-01	1.318345e-33	2.250700e+04	4.065500e+04
51	128.568966	1.487009e-11	9.954000e-01	1.542554e-16	3.713000e+04	2.746700e+04
51	60.023392	2.961216e-10	9.678000e-01	3.449033e-14	1.001300e+04	6.290000e+03
51	59.499263	4.439115e-06	7.904565e-01	5.490146e-10	5.246101e+04	8.503059e+03
51	278.108077	5.314761e-06	9.010986e-01	7.823331e-13	5.698100e+04	5.386800e+04
51	19489.747535	7.113577e-09	9.701000e-01	2.455294e-12	5.815100e+04	2.130000e+04
51	149.931499	1.442732e-14	7.769000e-01	1.361877e-14	1.686900e+04	5.711600e+04
51	123.281862	5.646593e-10	9.080000e-01	6.999823e-16	3.578900e+04	2.488300e+04
51	245.302272	1.246245e-16	8.528000e-01	1.669791e-19	2.930100e+04	5.917000e+03
51	228.170898	2.993015e-13	9.310000e-01	5.478364e-27	1.304800e+04	1.154300e+04
51	61.883216	1.016525e-10	7.884377e-01	3.810481e-11	4.714525e+04	1.480529e+04
51	225.873948	2.388519e-12	9.517000e-01	1.695668e-27	2.144200e+04	1.908000e+03
51	136.366687	2.610047e-12	9.655000e-01	4.173953e-15	4.667100e+04	2.000600e+04
51	138.727701	1.563372e-11	7.976000e-01	2.849394e-13	3.740000e+02	5.286000e+04
51	226.102381	1.096999e-11	8.643000e-01	5.075500e-15	2.286000e+03	1.475800e+04
51	278.158159	9.799996e-16	9.609000e-01	1.294431e-20	1.869500e+04	4.930100e+04
51	142.807811	9.173394e-15	7.907000e-01	9.173394e-15	1.344400e+04	3.483200e+04
51	226.172885	4.286839e-12	8.850000e-01	2.139932e-27	5.205000e+03	1.122400e+04
51	264.206905	1.978861e-11	8.459000e-01	1.978861e-11	4.561400e+04	5.829300e+04
51	252.728309	2.924517e-17	8.390000e-01	1.865165e-21	3.216800e+04	5.087400e+04
51	266.077728	2.729147e-21	7.976000e-01	2.729147e-21	2.939900e+04	5.847000e+04
51	227.982236	4.904388e-14	7.884000e-01	4.904388e-14	9.909000e+03	1.962200e+04
51	146.051666	7.224265e-12	7.746000e-01	6.493179e-15	1.918000e+03	5.797100e+04
51	141.399183	1.426209e-11	8.022000e-01	1.656086e-13	6.690000e+02	5.461400e+04
51	28470.190481	3.333436e-08	9.701001e-01	6.727608e-15	4.942000e+04	3.537100e+04
51	61.191723	7.413013e-11	9.696177e-01	1.558323e-12	1.324536e+04	5.830800e+04
51	59.660928	4.499529e-10	7.903718e-01	4.499529e-10	5.662797e+04	8.981049e+03
51	183.066651	1.901399e-11	9.517000e-01	4.103278e-27	1.647700e+04	3.240000e+02
51	-1.000000	-1.000000e+00	-1.000000e+00	-1.000000e+00	-1.000000e+00	-1.000000e+00
51	230.237421	6.520519e-14	9.195000e-01	3.162571e-27	1.625200e+04	1.358300e+04
51	34807.165610	3.846496e-08	9.770001e-01	8.337747e-16	4.927300e+04	4.032000e+04
51	-1.000000	-1.000000e+00	-1.000000e+00	-1.000000e+00	-1.000000e+00	-1.000000e+00
51	226.810515	8.377694e-13	8.436000e-01	1.084000e-28	8.264000e+03	1.823600e+04
51	60.485368	7.181644e-10	7.893476e-01	1.485715e-10	4.350611e+04	1.157409e+04
51	228.121508	1.453901e-13	8.873000e-01	1.453901e-13	1.246300e+04	9.864000e+03
51	490.626365	4.092475e-08	8.045001e-01	2.718615e-14	5.235500e+04	3.211600e+04
51	128.135858	5.814637e-11	9.149000e-01	3.737177e-15	4.126800e+04	2.085100e+04
51	290.776236	2.700021e-16	9.264000e-01	7.188816e-22	1.496000e+04	5.624900e+04
51	280.283536	4.100001e-16	9.034000e-01	4.687009e-21	2.063000e+04	5.222100e+04
51	106.566156	3.336690e-09	9.149000e-01	3.978750e-14	3.115600e+04	1.523800e+04
51	226.104919	6.267468e-12	8.712000e-01	4.468290e-28	3.966000e+03	1.746500e+04
51	223.962030	4.859004e-06	7.742127e-01	8.003438e-09	5.698757e+04	2.255069e+04
51	268.760368	9.999999e-06	8.689073e-01	5.543045e-12	5.582200e+04	4.828800e+04
51	230.490763	4.728357e-16	9.816000e-01	1.003152e-34	3.354300e+04	4.661100e+04
51	66.771900	4.757112e-09	7.856732e-01	1.047757e-12	3.585693e+04	2.328208e+04
51	72.000784	9.128617e-11	7.840372e-01	4.446679e-14	4.514523e+04	3.084800e+04
51	41833.716956	1.390576e-16	7.792000e-01	5.240241e-33	4.454300e+04	4.521400e+04
51	62.740721	2.309534e-11	7.884796e-01	2.309534e-11	5.171302e+04	1.604397e+04
51	232.391978	1.685556e-14	8.781000e-01	1.334906e-30	1.830100e+04	2.955100e+04
51	255.819416	1.000000e-05	8.871967e-01	1.203166e-10	4.179100e+04	4.091200e+04
51	259.389421	7.100943e-11	8.268903e-01	7.100943e-11	4.278600e+04	5.052200e+04
51	227.633640	2.968274e-13	8.344000e-01	9.162015e-35	1.058900e+04	4.706600e+04
51	234.354252	2.699554e-08	7.700000e-01	9.115822e-09	2.879441e+04	3.627063e+04
51	287.353008	7.000011e-16	9.149000e-01	5.900659e-22	1.953900e+04	5.671700e+04
51	230.476166	5.611541e-14	9.172000e-01	4.657250e-34	1.653000e+04	4.275300e+04
51	234.951701	5.313599e-15	8.896000e-01	5.313599e-15	2.130200e+04	7.598000e+03
51	136.833715	6.146435e-12	8.666000e-01	1.380721e-12	3.867000e+03	5.182500e+04
51	231.015911	3.042223e-14	8.551000e-01	7.383495e-36	1.641000e+04	4.892900e+04
51	2308.172159	9.800000e-16	9.402000e-01	2.002814e-38	3.795700e+04	5.966000e+04
51	59.021226	2.505754e-09	9.724000e-01	4.986754e-13	5.293000e+03	5.690000e+03
51	264.936897	3.305116e-07	9.563007e-01	5.231477e-19	5.566700e+04	4.100000e+04
51	234.441387	5.956990e-15	8.620000e-01	5.956990e-15	2.041100e+04	3.246000e+03
51	246.669894	1.616841e-09	7.700000e-01	1.578184e-09	3.579601e+04	3.650301e+04
51	140.849119	6.702918e-12	9.356000e-01	5.026663e-16	4.594300e+04	2.530300e+04
51	228.784011	1.772071e-13	9.126000e-01	4.298877e-34	1.363100e+04	4.202500e+04
51	65.643222	2.500874e-09	9.953999e-01	2.625819e-14	9.567000e+03	1.529500e+04
51	228.218567	2.887563e-13	9.218000e-01	4.551030e-31	1.277600e+04	2.849700e+04
51	132.904190	4.299903e-11	9.747000e-01	1.179511e-16	3.881900e+04	2.827300e+04
51	235.048938	3.266308e-15	7.976000e-01	7.509502e-31	2.071800e+04	2.943100e+04
51	-1.000000	-1.000000e+00	-1.000000e+00	-1.000000e+00	-1.000000e+00	-1.000000e+00
51	111.664582	7.377016e-10	9.839000e-01	2.367178e-13	6.366000e+03	5.874400e+04
51	290.044534	3.700042e-16	9.793000e-01	7.951431e-22	1.597300e+04	5.546200e+04
51	59.009495	1.000000e-05	7.911635e-01	4.410882e-09	4.023013e+04	3.492520e+03
51	90.426408	4.543635e-16	9.954000e-01	2.902748e-16	4.558400e+04	2.586900e+04
51	228.923209	6.973776e-14	7.884000e-01	6.973776e-14	1.313500e+04	1.233800e+04
51	225.782973	3.204801e-13	9.724000e-01	6.661518e-31	1.612300e+04	2.646300e+04
51	22522.048185	8.296636e-16	8.160000e-01	6.613327e-36	4.033500e+04	5.658600e+04
51	58.924013	1.367693e-06	7.909154e-01	1.954442e-09	5.343801e+04	5.450022e+03
51	100.658090	1.472839e-09	9.908000e-01	2.708975e-14	2.746700e+04	1.532700e+04
51	225.837043	2.776094e-11	9.402000e-01	1.483756e-27	2.537000e+03	1.365800e+04
51	102.437931	3.035356e-09	9.356000e-01	6.049012e-13	3.064400e+04	8.460000e+03
51	270.395750	5.699987e-16	9.333000e-01	5.125687e-20	2.160000e+04	4.634600e+04
51	227.115679	3.658305e-07	9.448009e-01	4.432218e-13	5.922400e+04	9.163000e+03
51	20752.400927	9.394727e-08	9.448002e-01	2.057955e-14	4.638200e+04	3.271400e+04
51	59.018663	4.530866e-09	9.664150e-01	4.530866e-09	3.427974e+03	5.889300e+04
51	233.248326	1.240495e-14	9.126000e-01	5.999313e-30	1.996700e+04	2.149900e+04
51	102.171917	6.706427e-09	9.218000e-01	8.583031e-14	2.919600e+04	1.331000e+04
51	80.015308	2.962073e-12	7.816291e-01	1.368220e-13	5.308800e+04	2.805700e+04
51	226.423434	1.145958e-12	7.769000e-01	3.389193e-26	6.445000e+03	1.022700e+04
51	59.234589	2.331247e-06	7.912921e-01	7.134531e-09	5.198608e+04	2.336003e+03
51	218.858378	9.905330e-07	8.248596e-01	1.000000e-08	1.908500e+04	5.950400e+04
51	273.775122	4.071648e-06	8.321026e-01	1.128337e-12	5.961800e+04	5.124700e+04
51	115.646696	2.190597e-09	8.804000e-01	2.735671e-15	3.314200e+04	2.214400e+04
51	101.743345	8.087656e-09	8.390000e-01	7.696617e-12	3.075600e+04	4.218000e+03
51	231.567971	2.087345e-14	8.505000e-01	2.087345e-14	1.719100e+04	7.080000e+03
51	226.118430	5.565762e-12	8.597000e-01	1.282332e-28	4.009000e+03	1.522400e+04
51	25474.479880	5.033323e-09	9.609000e-01	1.025827e-14	5.911800e+04	3.436900e+04
51	99.987350	5.888716e-09	9.287000e-01	8.451370e-13	2.927100e+04	7.740000e+03
51	59.143478	9.595788e-10	9.671714e-01	9.595788e-10	7.160109e+03	5.508350e+04
51	226.131577	4.894412e-12	8.505000e-01	7.941660e-32	4.137000e+03	3.784300e+04
51	59.324613	8.186833e-09	9.661845e-01	8.186833e-09	2.005025e+03	5.433800e+04
51	226.775151	1.290492e-12	9.033999e-01	3.749534e-34	8.588000e+03	4.416700e+04
51	234.172513	7.019661e-15	8.827000e-01	7.019661e-15	2.045400e+04	9.419000e+03
51	230.201323	6.479425e-14	9.057000e-01	1.070119e-32	1.582000e+04	3.688300e+04
51	225.944509	2.216276e-11	9.241052e-01	8.239976e-19	2.321000e+03	3.258000e+04
51	249.357342	5.388809e-10	9.010662e-01	5.388809e-10	3.647300e+04	4.199400e+04
51	68.426100	1.530416e-12	7.857775e-01	4.799710e-13	5.599059e+04	2.524301e+04
51	117.148706	5.065237e-09	8.804000e-01	4.296363e-16	3.105600e+04	2.648800e+04
51	226.199414	8.818961e-12	7.930000e-01	2.163733e-23	1.741000e+03	6.650000e+02
51	226.141046	4.020105e-12	7.999000e-01	5.014360e-24	3.749000e+03	4.085000e+03
51	82.604193	7.692559e-10	9.586000e-01	2.263224e-29	7.632000e+03	7.703000e+03
51	224.510895	5.969582e-11	9.816000e-01	2.271260e-28	5.400000e+03	1.436500e+04
51	64.363829	9.823330e-07	7.864496e-01	6.452540e-12	2.304731e+04	1.889990e+04
51	221.753138	4.352190e-07	8.304181e-01	1.000000e-08	2.100800e+04	4.393500e+04
51	128.762211	2.193850e-12	9.977000e-01	4.325809e-16	4.007700e+04	2.504100e+04
51	106.004657	5.490700e-10	9.678000e-01	1.238933e-12	3.308700e+04	6.387000e+03
51	2054.692718	3.260393e-07	8.758007e-01	1.000000e-08	4.689500e+04	2.587800e+04
51	229.150903	7.154760e-14	9.540000e-01	2.012238e-31	1.773800e+04	3.073200e+04
51	235.431285	3.394631e-15	9.908000e-01	2.489262e-15	8.462000e+03	2.104400e+04
51	218.088350	8.606243e-11	9.996251e-01	8.606243e-11	2.569600e+04	4.505900e+04
51	85.371903	8.852397e-12	9.632000e-01	5.731543e-29	1.835500e+04	9.062000e+03
51	276.029184	9.999998e-06	8.090988e-01	4.276463e-13	5.941000e+04	5.260400e+04
51	236.373888	1.045365e-08	8.504801e-01	1.000000e-08	2.985703e+04	4.004806e+04
51	219.186347	1.509001e-06	7.715617e-01	9.117949e-09	5.320424e+04	1.977354e+04
51	226.310513	2.583895e-12	8.712000e-01	3.294289e-31	6.107000e+03	3.250600e+04
51	279.388684	1.700006e-16	8.965000e-01	4.762681e-22	2.544000e+04	5.705100e+04
51	226.080544	1.149047e-11	8.827000e-01	2.459988e-15	2.680000e+03	1.435600e+04
51	123.177339	2.075045e-10	9.632000e-01	6.086600e-16	3.585300e+04	2.454600e+04
51	5044.253385	5.693517e-08	8.643001e-01	1.000000e-08	5.003300e+04	1.500000e+02
51	229.854176	8.341771e-14	9.241000e-01	4.183210e-32	1.583200e+04	3.267100e+04
51	227.746727	5.854846e-07	9.908016e-01	1.890946e-13	5.243200e+04	1.075600e+04
51	103.739082	7.925355e-12	7.723000e-01	7.925355e-12	2.131000e+03	2.209300e+04
51	224.361763	2.944413e-06	7.753183e-01	9.199465e-09	5.424547e+04	2.277965e+04
51	226.296923	3.047067e-12	8.965000e-01	1.272683e-28	6.325000e+03	1.790800e+04
51	109.046598	6.756131e-15	7.884000e-01	6.756131e-15	6.513000e+03	3.554100e+04
51	231.121083	5.830869e-08	7.700000e-01	9.988962e-09	2.688914e+04	3.279605e+04
51	237.017131	5.412290e-06	8.897601e-01	8.483214e-09	5.709800e+04	3.033600e+04
51	226.128941	4.613709e-12	9.356000e-01	8.931891e-26	6.664000e+03	4.803000e+03
51	263.188579	3.396887e-17	8.390000e-01	3.624879e-21	3.082600e+04	5.278300e+04
51	61.157632	1.231649e-10	9.702267e-01	1.231649e-10	1.195100e+04	4.595459e+04
51	304.399098	1.729380e-08	7.999001e-01	4.509882e-14	5.365200e+04	3.092600e+04
51	117.827092	9.649349e-10	8.988000e-01	3.007526e-15	3.471700e+04	2.159800e+04
51	244.087256	2.746284e-09	7.700086e-01	2.746284e-09	3.448400e+04	8.551000e+03
51	58.939376	1.000000e-05	7.908808e-01	1.760566e-09	4.412299e+04	5.701235e+03
51	58.949029	2.006848e-06	7.910990e-01	3.523472e-09	5.363304e+04	4.032762e+03
51	15474.376678	1.527462e-07	9.264005e-01	7.550150e-14	4.455700e+04	2.961900e+04
51	84.970675	5.005008e-12	7.884000e-01	5.005008e-12	1.080000e+03	2.001200e+04
51	68.440696	8.132526e-09	9.723997e-01	3.222206e-12	1.904000e+03	5.550500e+04
51	111.467304	6.402491e-11	9.885000e-01	2.796541e-13	3.582100e+04	9.779000e+03
51	133.606139	4.766678e-12	7.861000e-01	5.681908e-13	3.084000e+03	4.978200e+04
51	68.208867	2.493483e-08	7.848688e-01	4.133813e-13	3.144602e+04	2.545088e+04
51	227.692890	2.469449e-13	8.137000e-01	5.225248e-30	1.068300e+04	2.572800e+04
51	256.653340	1.000000e-05	8.804236e-01	9.480614e-11	5.582200e+04	4.138000e+04
51	-1.000000	-1.000000e+00	-1.000000e+00	-1.000000e+00	-1.000000e+00	-1.000000e+00
51	258.876292	1.548153e-11	9.816002e-01	1.548153e-11	4.098400e+04	5.166500e+04
51	232.460631	1.589343e-14	8.735000e-01	1.978987e-32	1.833600e+04	3.592900e+04
51	133.328133	8.765468e-12	9.011000e-01	2.070547e-14	4.644800e+04	1.701000e+04
51	241.432240	3.506528e-16	9.287000e-01	5.911420e-30	2.900900e+04	2.415300e+04
51	230.591580	4.445662e-14	8.781000e-01	1.887749e-31	1.599700e+04	2.662100e+04
51	84.244502	2.948367e-12	9.931000e-01	2.815710e-17	2.435500e+04	3.127100e+04
51	262.076069	6.738052e-18	8.459000e-01	2.556649e-21	3.523400e+04	5.207000e+04
51	59.073955	1.000000e-05	7.912091e-01	5.216375e-09	3.610491e+04	3.089036e+03
51	22339.129178	2.448145e-07	9.172002e-01	7.456529e-17	4.494000e+04	4.601200e+04
51	1105.385779	9.000000e-17	9.609000e-01	6.049265e-38	4.019000e+04	5.984400e+04
51	124.544505	1.649417e-12	9.977000e-01	3.548018e-15	4.079200e+04	2.009600e+04
51	243.419837	2.483689e-09	8.394046e-01	2.483689e-09	3.372300e+04	4.003700e+04
51	233.582598	6.866276e-15	8.183000e-01	1.256696e-31	1.928400e+04	3.350700e+04
51	60.155916	1.083628e-07	7.896026e-01	2.309687e-10	3.175598e+04	1.052201e+04
51	224.310903	3.189132e-07	7.700000e-01	8.340688e-09	2.270118e+04	3.024608e+04
51	280.434825	1.263012e-16	7.930000e-01	1.263012e-16	8.285000e+03	4.490000e+04
51	59.401440	1.000000e-05	7.913433e-01	9.028333e-09	3.156897e+04	1.769014e+03
51	159.457772	1.454906e-11	8.505000e-01	2.794449e-18	4.634400e+04	3.891000e+04
51	235.585151	4.181673e-15	8.896000e-01	2.264964e-35	2.187900e+04	4.935300e+04
51	230.626250	5.075868e-14	9.241000e-01	1.803818e-36	1.701800e+04	5.268900e+04
51	229.218409	1.115041e-13	8.850000e-01	2.426893e-28	1.396900e+04	1.621000e+04
51	274.670144	2.151838e-12	8.482000e-01	2.151838e-12	5.138800e+04	5.641400e+04
51	58331.036838	4.094199e-18	7.723000e-01	3.665941e-18	5.273500e+04	5.434300e+04
51	250.314372	8.923566e-06	8.168993e-01	1.785743e-10	4.237900e+04	3.783400e+04
51	235.539667	4.035557e-15	9.057000e-01	4.035557e-15	2.236200e+04	1.140100e+04
51	238.637202	1.208842e-15	9.172000e-01	4.688643e-30	2.563400e+04	2.152300e+04
51	226.543266	1.401932e-12	8.551000e-01	2.524377e-30	7.245000e+03	2.886900e+04
51	70.367206	9.734571e-06	7.876913e-01	2.055583e-12	4.437181e+04	2.192859e+04
51	389.949793	9.400000e-16	9.724000e-01	3.607370e-37	3.337500e+04	5.573900e+04
51	160.578914	1.000000e-05	7.769153e-01	8.481942e-11	3.837400e+04	1.514900e+04
51	229.313465	1.100911e-13	8.942000e-01	6.592386e-32	1.423300e+04	3.257700e+04
51	245.795875	3.991242e-06	8.440733e-01	7.504035e-10	5.884400e+04	3.530700e+04
51	65.154338	1.397331e-07	7.861617e-01	3.375817e-12	2.770601e+04	2.045901e+04
51	255.402316	3.333286e-06	7.861121e-01	2.040248e-11	4.941800e+04	4.068800e+04
51	227.688748	2.118210e-13	7.861000e-01	3.292931e-26	1.063300e+04	1.304000e+04
51	133.761157	4.327641e-12	8.413003e-01	1.583006e-12	4.960200e+04	7.975000e+03
51	146.817090	3.483444e-12	8.321000e-01	7.099175e-14	4.580000e+03	5.834500e+04
51	70.230686	9.321522e-11	7.846769e-01	1.293127e-13	4.528997e+04	2.831104e+04
51	226.124988	5.425672e-12	7.999000e-01	3.151751e-20	2.989000e+03	4.215400e+04
51	107.316403	6.987665e-10	9.609000e-01	1.781327e-13	3.298800e+04	1.111500e+04
51	267.191907	9.999998e-06	8.505359e-01	6.613493e-12	5.353100e+04	4.737700e+04
51	226.124133	5.386478e-12	8.344000e-01	1.989368e-26	3.607000e+03	1.190900e+04
51	228.219950	1.492918e-13	8.091000e-01	2.891779e-35	1.181500e+04	5.394000e+04
51	45820.125877	1.000000e-05	9.861947e-01	3.997615e-17	5.474300e+04	4.746600e+04
51	159.952346	8.409766e-11	9.517000e-01	4.589471e-29	1.291500e+04	7.186000e+03
51	215.482836	7.509991e-08	7.976005e-01	1.139346e-13	4.673700e+04	2.872700e+04
51	232.023137	2.248037e-14	9.126000e-01	2.248037e-14	1.854300e+04	3.798000e+03
51	79.280231	4.204615e-16	9.816000e-01	2.305527e-20	4.260600e+04	4.635900e+04
51	232.952654	7.792343e-15	7.884000e-01	6.876611e-30	1.853000e+04	2.404500e+04
51	247.705974	3.721623e-10	9.632133e-01	3.721623e-10	3.487600e+04	4.317900e+04
51	236.144539	3.401131e-15	9.034000e-01	3.401131e-15	2.274500e+04	1.564000e+03
51	58.964155	1.566452e-09	9.669092e-01	1.566452e-09	5.981992e+03	5.631098e+04
51	230.165123	4.652188e-14	8.436000e-01	9.423372e-33	1.518100e+04	3.967900e+04
51	256.069309	5.388746e-16	9.931000e-01	4.465338e-18	1.013300e+04	3.574700e+04
51	68.163616	6.935503e-06	7.881346e-01	4.547091e-12	5.970940e+04	2.002222e+04
51	67.724775	3.913399e-08	7.850342e-01	5.711469e-13	3.038804e+04	2.467697e+04
51	273.352734	3.400000e-16	9.931000e-01	8.260829e-21	2.994800e+04	4.972600e+04
51	27626.296583	4.512846e-09	9.632000e-01	4.264446e-15	5.938400e+04	3.645400e+04
51	110.743015	1.102305e-08	7.870850e-01	1.000000e-08	4.859031e+04	3.800107e+02
51	230.740143	4.346283e-14	8.896000e-01	1.036204e-28	1.632900e+04	1.862700e+04
51	226.098571	1.592172e-11	8.344000e-01	4.693580e-17	7.520000e+02	2.746100e+04
51	221.738230	6.293206e-07	7.700000e-01	7.904071e-09	2.103218e+04	2.986117e+04
51	62.639378	3.398903e-11	7.889300e-01	3.382847e-11	5.246897e+04	1.516496e+04
51	122.345479	7.155356e-11	9.494000e-01	1.073399e-14	3.935200e+04	1.793100e+04
51	251.194208	2.223346e-17	9.034000e-01	7.006565e-38	3.453800e+04	5.664200e+04
51	219.250125	1.000000e-05	7.715682e-01	9.113708e-09	2.931101e+04	1.979199e+04
51	247.484788	6.680911e-17	9.034000e-01	5.681403e-37	3.197400e+04	5.256200e+04
51	261.265129	6.974353e-06	8.712153e-01	3.119710e-11	5.867100e+04	4.398200e+04
51	189.879924	5.842252e-10	7.723763e-01	4.411922e-10	4.270800e+04	1.376400e+04
51	63.279622	7.663907e-08	7.872646e-01	1.316877e-11	2.979695e+04	1.726103e+04
51	175.001230	2.395437e-13	9.586000e-01	2.899665e-29	2.696000e+04	1.125300e+04
51	4738.763470	7.367456e-08	8.873000e-01	1.000000e-08	5.085700e+04	1.260000e+03
51	258.934499	3.691172e-11	9.172698e-01	3.691172e-11	4.235200e+04	5.285900e+04
51	235.856978	1.661144e-15	9.471000e-01	1.358644e-28	2.628800e+04	1.667700e+04
51	226.232434	2.257725e-12	7.999000e-01	3.531823e-32	5.144000e+03	3.878500e+04
51	60.177468	2.429054e-09	7.895917e-01	2.132325e-10	4.099697e+04	1.071705e+04
51	226.325231	2.898346e-12	9.011000e-01	9.688918e-27	6.573000e+03	1.147400e+04
51	233.991390	9.337231e-06	8.341401e-01	9.829296e-09	5.390101e+04	2.858300e+04
51	137.213444	1.158917e-11	9.011000e-01	1.612376e-12	3.176000e+03	5.210700e+04
51	224.166760	3.310768e-07	7.700000e-01	9.830312e-09	2.260917e+04	3.419203e+04
51	59.026237	8.055761e-06	7.907678e-01	1.265555e-09	5.637129e+04	6.495060e+03
51	126.686313	4.458977e-12	9.724000e-01	2.450393e-13	4.474400e+04	1.024900e+04
51	253.211119	2.002322e-16	8.275000e-01	3.911365e-22	2.718700e+04	5.709000e+04
51	226.139386	1.434787e-11	9.172000e-01	2.397469e-12	4.400000e+02	4.473000e+03
51	156.616330	1.050560e-10	8.758000e-01	5.243774e-19	4.082700e+04	4.210900e+04
51	138.956008	8.873499e-10	8.827000e-01	4.988023e-18	3.533000e+04	3.679300e+04
51	254.110237	1.425677e-17	8.206000e-01	2.660689e-19	3.333300e+04	4.116200e+04
51	60.023096	2.163422e-07	7.897424e-01	2.731133e-10	3.046195e+04	1.012803e+04
51	236.756445	1.000000e-05	8.993618e-01	9.630463e-09	5.146100e+04	3.018600e+04
51	59.136865	1.000000e-05	7.912183e-01	5.761363e-09	2.902900e+04	2.848003e+03
51	241.026616	1.000000e-05	7.953927e-01	8.008898e-10	3.657900e+04	3.262500e+04
51	227.566494	3.130756e-13	8.321000e-01	1.306622e-35	1.042100e+04	4.029500e+04
51	237.937387	1.191477e-15	8.183000e-01	1.191477e-15	2.341100e+04	2.741000e+03
51	226.313353	1.194863e-11	8.206000e-01	1.194863e-11	3.430000e+02	1.401000e+03
51	67.926494	1.844318e-10	7.854943e-01	5.192623e-13	4.387515e+04	2.499737e+04
51	127.210983	2.340955e-11	9.747000e-01	2.261332e-15	4.034700e+04	2.135800e+04
51	276.934022	2.520687e-07	8.022016e-01	8.036183e-13	4.211800e+04	2.404300e+04
51	131.936394	6.103020e-13	9.609000e-01	6.557646e-32	2.473700e+04	2.731500e+04
51	248.650516	6.822478e-19	7.907000e-01	6.537001e-19	3.576600e+04	4.613500e+04
51	59.492704	1.877071e-09	7.903125e-01	5.295838e-10	4.481808e+04	8.573915e+03
51	299.805447	1.537520e-11	9.448000e-01	1.868196e-31	1.697000e+04	2.223800e+04
51	66.125116	4.542695e-12	7.769000e-01	3.364893e-13	2.578000e+03	2.826300e+04
51	70.204113	8.612904e-12	7.907000e-01	8.612904e-12	5.667600e+04	1.842900e+04
51	226.154048	4.613012e-12	8.827000e-01	3.814866e-26	4.972000e+03	7.866000e+03
51	242.234728	2.953066e-16	8.321000e-01	3.945204e-32	2.690900e+04	3.649700e+04
51	116.991950	2.704133e-10	9.149000e-01	4.064873e-14	3.741900e+04	1.519300e+04
51	62.610215	1.513290e-09	7.878727e-01	2.078757e-11	3.993199e+04	1.622210e+04
51	251.994672	2.681914e-17	9.494000e-01	4.073484e-23	3.586900e+04	5.863900e+04
51	-1.000000	-1.000000e+00	-1.000000e+00	-1.000000e+00	-1.000000e+00	-1.000000e+00
51	3988.499975	4.396722e-09	8.436000e-01	4.989870e-15	5.894800e+04	3.610200e+04
51	229.095950	5.838528e-18	7.792000e-01	5.838528e-18	2.415000e+04	4.582600e+04
51	241.043186	5.231960e-16	8.758000e-01	5.231960e-16	2.643300e+04	8.802000e+03
51	228.821296	1.160589e-13	8.459000e-01	2.621059e-33	1.304400e+04	4.151100e+04
51	60.593110	2.932974e-06	7.900146e-01	1.904720e-10	5.549802e+04	1.104797e+04
51	74.785151	9.484814e-12	9.655000e-01	4.413730e-30	1.820600e+04	1.838400e+04
51	233.835253	7.919313e-15	8.988000e-01	7.919313e-15	2.051300e+04	1.168900e+04
51	236.322444	1.774526e-15	8.321000e-01	1.774526e-15	2.224900e+04	2.027700e+04
51	92.879137	3.570766e-12	9.632000e-01	1.346747e-28	2.052700e+04	7.549000e+03
51	59.130004	1.371324e-09	9.673239e-01	1.371324e-09	6.275006e+03	4.426609e+04
51	63.112985	2.012951e-11	7.878235e-01	1.424533e-11	5.066100e+04	1.715301e+04
51	256.353829	4.893512e-11	9.563018e-01	4.893512e-11	4.018500e+04	4.936000e+04
51	234.253215	3.799493e-15	7.999000e-01	3.799493e-15	1.747200e+04	2.368800e+04
51	251.617922	5.999996e-16	9.287000e-01	5.538834e-20	2.610500e+04	4.429900e+04
51	273.397177	6.699991e-16	9.885000e-01	5.465189e-20	1.893900e+04	4.583100e+04
51	233.987992	9.981109e-07	9.770027e-01	4.775491e-15	5.567700e+04	1.962800e+04
51	28051.640701	2.679950e-08	9.540001e-01	9.801282e-16	5.110100e+04	3.993900e+04
51	243.920805	1.885632e-16	8.505000e-01	3.922100e-21	2.829100e+04	2.100800e+04
51	227.448839	6.079315e-13	9.310000e-01	9.142506e-31	1.134700e+04	2.364200e+04
51	245.306255	9.893126e-17	8.022000e-01	6.971070e-36	2.897800e+04	5.220600e+04
51	173.258982	1.472272e-13	8.045000e-01	1.510860e-18	5.881400e+04	4.286800e+04
51	226.287308	2.891786e-12	8.804000e-01	7.976458e-26	6.045000e+03	6.447000e+03
51	2809.231847	2.421953e-08	8.321000e-01	3.014501e-15	5.490000e+04	3.730500e+04
51	119.152280	4.420936e-11	9.425000e-01	1.757103e-11	4.090100e+04	2.410000e+02
51	241.855657	3.440476e-16	9.310000e-01	3.055866e-16	1.416800e+04	2.656700e+04
51	228.719874	1.177045e-13	8.551000e-01	1.177045e-13	1.311200e+04	5.437000e+03
51	231.504312	2.934862e-14	9.287000e-01	7.187620e-36	1.850600e+04	5.047000e+04
51	59.012159	5.603949e-06	7.911661e-01	4.448682e-09	5.919848e+04	3.472018e+03
51	250.755684	9.594701e-17	8.321000e-01	1.593488e-22	2.921300e+04	5.751000e+04
51	2717.860323	3.130508e-06	8.436038e-01	6.713612e-13	3.417900e+04	2.442000e+04
51	141.549708	2.597835e-13	7.999000e-01	1.959407e-13	1.030400e+04	5.400400e+04
51	4321.577520	1.507557e-15	8.988000e-01	5.773176e-36	3.894100e+04	5.315400e+04
51	238.761994	8.355768e-16	8.068000e-01	5.011222e-33	2.406300e+04	4.076500e+04
51	225.940001	5.293500e-11	9.310000e-01	3.188468e-16	2.390000e+02	2.152700e+04
51	245.170404	1.402659e-16	8.781000e-01	4.565959e-32	2.956600e+04	3.398400e+04
51	173.941890	2.530821e-14	9.862000e-01	2.547521e-18	5.601800e+04	3.705700e+04
51	226.128226	9.145748e-12	8.459000e-01	8.972910e-24	2.535000e+03	5.173000e+03
51	250.890376	9.277919e-06	8.529058e-01	2.659555e-10	5.362700e+04	3.815500e+04
51	149.912663	1.892857e-11	9.057000e-01	1.495950e-17	4.436400e+04	3.387700e+04
51	224.416949	6.267313e-12	9.839000e-01	1.576707e-32	1.143300e+04	2.988000e+04
51	59.846564	9.832364e-06	7.902968e-01	3.692111e-10	5.368902e+04	9.456914e+03
51	225.569081	3.485256e-11	9.563000e-01	1.668103e-26	2.953000e+03	1.009800e+04
51	226.146519	3.928977e-12	8.160000e-01	5.540783e-31	4.058000e+03	3.280600e+04
51	260.475607	1.642133e-17	9.080000e-01	3.558161e-22	3.472600e+04	5.521800e+04
51	59.187597	1.000000e-05	7.910391e-01	4.913274e-09	2.392400e+04	3.215008e+03
51	239.811257	6.407082e-16	8.068000e-01	5.633746e-24	2.468400e+04	5.977400e+04
51	225.989400	1.858839e-11	9.126000e-01	5.053964e-20	2.359000e+03	3.910200e+04
51	217.384920	3.369293e-06	7.710150e-01	7.597747e-09	5.579202e+04	1.911696e+04
51	133.701276	1.171333e-12	9.655000e-01	1.471692e-13	4.869800e+04	1.154000e+04
51	188.990142	6.384831e-10	7.723823e-01	9.868556e-11	4.169100e+04	1.716000e+04
51	146.629731	7.863962e-11	8.850000e-01	9.720400e-18	4.134000e+04	3.521800e+04
51	127.878455	1.344623e-11	7.884000e-01	2.733457e-12	5.980000e+02	4.614400e+04
51	116.229176	4.318248e-09	9.034000e-01	4.791460e-16	3.085800e+04	2.583500e+04
51	134.036960	5.420388e-11	9.356000e-01	4.312204e-12	6.450000e+02	5.011200e+04
51	8761.091969	2.393132e-08	8.873005e-01	1.000000e-08	5.812700e+04	2.452100e+04
51	155.228573	1.203957e-10	9.517000e-01	1.127881e-27	1.205500e+04	1.656000e+03
51	260.215266	7.654016e-06	9.470999e-01	6.360691e-11	5.091900e+04	4.338700e+04
51	239.475605	8.230024e-09	7.700000e-01	7.745397e-09	3.174193e+04	4.163909e+04
51	226.397824	2.596550e-12	9.149000e-01	4.563528e-28	7.259000e+03	1.289000e+04
51	234.492148	6.888636e-15	9.057000e-01	6.888636e-15	2.114300e+04	2.697000e+03
51	225.894280	4.258341e-11	9.402000e-01	5.782600e-26	1.499000e+03	8.940000e+02
51	281.008500	7.900001e-16	9.287000e-01	2.480657e-21	2.049000e+04	5.325300e+04
51	232.111210	1.511269e-14	8.344000e-01	5.300701e-36	1.768700e+04	4.902300e+04
51	230.498471	3.371392e-14	8.229000e-01	1.138602e-31	1.558600e+04	3.527400e+04
51	243.318201	2.960014e-09	8.228963e-01	2.960014e-09	3.364600e+04	3.781000e+04
51	227.086540	6.026380e-13	8.505010e-01	7.097267e-34	9.186000e+03	4.650000e+04
51	58.918173	2.895800e-09	9.666182e-01	1.840570e-17	4.505116e+03	1.473300e+04
51	243.562816	1.777646e-16	8.436000e-01	1.777646e-16	2.818800e+04	2.214900e+04
51	246.492669	4.617864e-17	7.746000e-01	1.062284e-20	2.923000e+04	5.825100e+04
51	237.525915	1.808375e-15	8.712000e-01	3.692799e-35	2.341900e+04	4.903200e+04
51	264.310271	2.200000e-16	9.494000e-01	1.489086e-37	3.244900e+04	5.633400e+04
51	232.551164	1.505187e-14	9.287000e-01	1.505187e-14	2.003700e+04	8.303000e+03
51	109.833260	3.344166e-10	9.655000e-01	1.769024e-13	3.450000e+04	1.108700e+04
51	235.663867	9.507822e-06	8.183691e-01	5.101520e-09	5.306500e+04	2.955600e+04
51	228.912660	8.462929e-14	8.045000e-01	4.497223e-27	1.310000e+04	1.535200e+04
51	101.955903	1.292620e-09	9.701000e-01	2.098601e-12	3.076800e+04	5.091000e+03
51	59.395163	5.434048e-06	7.913504e-01	9.050094e-09	5.822725e+04	1.763977e+03
51	132.933700	5.031575e-09	9.884885e-01	1.884025e-13	3.410000e+02	5.887400e+04
51	148.157605	4.116639e-13	7.746000e-01	4.465582e-15	8.837000e+03	5.892200e+04
51	128.626629	5.001898e-10	9.655000e-01	2.958034e-17	3.348800e+04	3.156600e+04
51	34847.477827	1.579536e-08	9.885000e-01	3.166417e-15	5.063200e+04	3.715900e+04
51	133.708464	7.180142e-10	9.402000e-01	9.706451e-18	3.402200e+04	3.440900e+04
51	247.191261	1.758328e-06	7.746174e-01	3.564725e-11	3.841300e+04	3.619000e+04
51	229.449730	1.061187e-13	9.057000e-01	2.119292e-29	1.464300e+04	2.071100e+04
51	58.947775	1.080881e-06	7.910972e-01	3.501894e-09	5.757220e+04	4.047535e+03
51	4780.294477	3.055919e-07	8.436003e-01	5.115889e-16	4.434500e+04	4.149700e+04
51	233.946726	1.000000e-05	8.255125e-01	8.686621e-09	5.477798e+04	2.855703e+04
51	226.097364	8.720253e-12	8.643000e-01	6.977411e-17	2.972000e+03	2.187700e+04
51	199.044904	9.983456e-06	7.703466e-01	1.330299e-11	2.875900e+04	2.804899e+04
51	227.345993	3.353529e-13	8.045000e-01	3.122810e-29	9.805000e+03	2.258500e+04
51	66.398526	6.377137e-12	7.792000e-01	3.580045e-13	1.386000e+03	2.747600e+04
51	63.423317	2.230065e-07	7.871163e-01	1.222709e-11	2.707301e+04	1.742202e+04
51	276.323008	1.993657e-19	8.114000e-01	7.769846e-22	4.230000e+04	5.692100e+04
51	226.039821	2.087065e-11	9.080000e-01	4.413760e-15	1.778000e+03	1.478500e+04
51	231.206046	2.040980e-14	8.045000e-01	8.214489e-30	1.648600e+04	2.558800e+04
51	162.330440	1.099421e-11	9.448000e-01	4.476834e-19	4.427000e+04	4.142900e+04
51	279.840057	2.136893e-18	8.942000e-01	3.273320e-21	3.624500e+04	5.303300e+04
51	61.319977	1.068952e-10	9.687498e-01	1.491197e-14	1.245100e+04	6.369000e+03
51	13601.677145	1.034829e-07	9.356003e-01	3.100698e-12	4.704000e+04	2.074400e+04
51	81.475000	3.529594e-12	7.838000e-01	1.258185e-14	5.360000e+02	3.443400e+04
51	228.987488	1.027419e-13	8.459000e-01	4.847167e-32	1.333500e+04	3.539600e+04
51	60.045474	2.458765e-10	9.684991e-01	1.868889e-11	1.039099e+04	5.352098e+04
51	67.588097	1.813232e-09	7.854087e-01	6.164855e-13	3.814886e+04	2.455487e+04
51	113.471826	1.379127e-10	9.517000e-01	1.867133e-12	3.758900e+04	5.567000e+03
51	233.449549	4.311235e-06	8.229470e-01	9.347568e-09	5.706600e+04	2.826600e+04
51	256.527333	4.100094e-18	7.815000e-01	1.501357e-32	3.604400e+04	4.100500e+04
51	228.361480	2.137416e-13	8.850000e-01	5.881840e-32	1.241400e+04	3.193900e+04
51	70.922712	2.769493e-13	9.839000e-01	6.316312e-18	2.779500e+04	3.408100e+04
51	18687.469153	1.757480e-08	9.862000e-01	7.262849e-11	5.244100e+04	1.319000e+04
51	58.918569	5.136193e-06	7.909324e-01	2.058736e-09	5.475100e+04	5.325008e+03
51	235.751030	3.421959e-15	8.597000e-01	4.170211e-33	2.167400e+04	3.978600e+04
51	228.101229	3.203700e-13	9.218000e-01	6.269041e-34	1.252700e+04	4.395500e+04
51	144.275611	1.079956e-14	9.977000e-01	3.501547e-15	5.341300e+04	2.013800e+04
51	15269.468624	7.365566e-08	9.126002e-01	7.351621e-15	4.801500e+04	3.516500e+04
51	282.457243	8.639894e-06	9.977086e-01	4.231863e-13	5.347900e+04	5.657300e+04
51	133.855484	2.328154e-10	8.666000e-01	1.462000e-16	3.904800e+04	2.930600e+04
51	241.622320	3.966828e-16	8.528000e-01	4.269423e-23	2.659800e+04	1.540300e+04
51	241.406819	3.293056e-16	7.999000e-01	4.027972e-36	2.613900e+04	5.734400e+04
51	226.092243	1.220752e-11	8.367000e-01	1.447100e-19	1.556000e+03	3.947800e+04
51	62.764800	2.023223e-08	7.876499e-01	1.909072e-11	3.334798e+04	1.640007e+04
51	242.515703	1.344556e-09	9.520618e-01	1.344556e-09	3.226000e+04	4.031900e+04
51	226.810025	6.518728e-13	8.482000e-01	6.518728e-13	8.663000e+03	4.637000e+03
51	102.045491	3.445292e-09	9.241000e-01	1.926850e-12	3.076800e+04	5.815000e+03
51	235.110235	3.983122e-15	8.390000e-01	1.275878e-32	2.092200e+04	3.953800e+04
51	151.100980	1.405778e-10	9.402000e-01	5.660258e-19	3.808800e+04	4.093800e+04
51	226.128445	6.404568e-12	8.091000e-01	1.802241e-15	2.659000e+03	1.803700e+04
51	226.166012	9.426709e-12	8.229000e-01	3.587454e-24	2.052000e+03	2.197000e+03
51	230.725273	3.273790e-14	9.218000e-01	3.273790e-14	1.753300e+04	1.124700e+04
51	263.066984	1.112818e-16	9.310000e-01	8.990876e-19	2.688000e+03	4.004700e+04
51	226.121672	4.229830e-12	9.425000e-01	1.673053e-33	7.206000e+03	3.838000e+04
51	227.885942	2.085230e-13	8.160000e-01	7.311801e-32	1.112500e+04	3.185300e+04
51	95.085165	1.364685e-09	9.753641e-01	1.357681e-09	6.050990e+03	3.662600e+04
51	59.652173	2.385894e-08	7.901103e-01	4.259699e-10	3.713297e+04	9.082995e+03
51	226.344158	2.337988e-12	8.689000e-01	3.717071e-29	6.298000e+03	2.166100e+04
51	226.689844	7.686580e-13	7.976000e-01	5.055722e-28	7.707000e+03	1.576400e+04
51	227.611615	1.230291e-13	7.930000e-01	1.230291e-13	3.981000e+03	1.715300e+04
51	257.918801	2.388436e-17	8.666000e-01	6.688604e-21	3.274300e+04	4.946400e+04
51	241.093365	3.667704e-09	8.551000e-01	3.667704e-09	3.242600e+04	4.014400e+04
51	274.812188	9.344270e-18	9.287000e-01	2.665254e-21	3.487800e+04	5.265100e+04
51	8238.038651	5.672045e-07	8.896007e-01	3.600321e-13	4.162400e+04	2.589600e+04
51	244.410480	1.541841e-16	8.390000e-01	9.189718e-36	2.854700e+04	5.317800e+04
51	259.508635	9.046755e-11	9.057000e-01	9.046755e-11	4.252100e+04	4.333700e+04
51	236.773429	1.792034e-15	8.160000e-01	1.792034e-15	2.240900e+04	1.084400e+04
51	118.657104	7.649197e-11	9.264000e-01	4.845839e-13	4.018800e+04	9.116000e+03
51	226.683626	8.316267e-13	8.413000e-01	8.316267e-13	8.077000e+03	2.912000e+03
51	229.358127	1.025687e-13	8.873000e-01	4.569271e-29	1.422500e+04	2.007200e+04
51	100.725277	1.272794e-09	9.793000e-01	1.038991e-12	2.987000e+04	6.700000e+03
51	142.004416	4.194779e-12	8.183000e-01	1.978832e-13	3.894000e+03	5.514100e+04
51	132.512320	4.256041e-12	9.678000e-01	8.536583e-15	4.525900e+04	1.829100e+04
51	225.896234	2.929928e-11	9.356000e-01	7.342454e-27	2.190000e+03	6.897000e+03
51	230.807500	4.129354e-14	8.873000e-01	1.820872e-34	1.639300e+04	4.719800e+04
51	264.808165	9.999999e-06	8.689106e-01	1.370543e-11	5.296500e+04	4.600300e+04
51	268.197118	9.999999e-06	8.827067e-01	7.079671e-12	4.946500e+04	4.796000e+04
51	77.521514	2.860449e-09	7.815278e-01	8.146100e-16	3.591924e+04	4.022603e+04
51	248.876645	4.530701e-06	8.804576e-01	5.381792e-10	4.948200e+04	3.703000e+04
51	68.156929	4.405365e-08	7.876304e-01	1.000000e-08	3.001000e+04	8.719966e+02
51	236.385565	8.546145e-07	7.792182e-01	8.554273e-10	5.071000e+04	2.999300e+04
51	23133.909409	9.261399e-09	9.494000e-01	8.346526e-15	5.677400e+04	3.486000e+04
51	227.134411	1.419051e-14	9.770000e-01	1.878510e-34	2.442200e+04	4.379500e+04
51	226.142123	4.157273e-12	8.206000e-01	7.702334e-32	3.997000e+03	4.209300e+04
51	59.558213	1.095901e-08	9.660897e-01	1.000000e-08	1.302996e+03	4.867297e+04
51	270.691013	5.441503e-12	9.310000e-01	5.441503e-12	4.794500e+04	5.161400e+04
51	227.667042	1.010862e-07	8.182578e-01	1.000000e-08	2.480000e+04	5.517000e+04
51	63.836234	1.795816e-09	7.871763e-01	8.034112e-12	3.902310e+04	1.847100e+04
51	59.144021	3.368015e-06	7.906680e-01	9.582532e-10	5.654303e+04	7.163880e+03
51	230.564510	3.145688e-14	8.183000e-01	3.145688e-14	1.567400e+04	3.440000e+02
51	221.478016	6.751066e-07	7.700000e-01	9.687155e-09	2.085994e+04	4.780403e+04
51	22827.945331	6.500000e-16	8.758000e-01	5.470590e-36	3.700700e+04	5.209200e+04
51	63.268788	2.260905e-10	7.876078e-01	1.231158e-11	4.445800e+04	1.747901e+04
51	226.120120	5.515358e-12	8.505000e-01	3.455444e-30	3.848000e+03	3.194200e+04
51	108.512477	3.186174e-10	7.817690e-01	3.186174e-10	5.000400e+04	1.031500e+04
51	112.373185	3.120130e-11	9.908000e-01	2.162166e-12	3.705100e+04	4.836000e+03
51	128.365433	1.145151e-11	9.333000e-01	6.418399e-14	4.469400e+04	1.387100e+04
51	226.194998	4.196064e-12	9.218000e-01	1.858708e-29	6.339000e+03	2.247100e+04
51	229.010820	1.086307e-13	8.574000e-01	1.740532e-32	1.342400e+04	3.369000e+04
51	125.080702	6.832459e-11	9.586000e-01	2.180571e-15	3.893900e+04	2.159800e+04
51	114.739498	8.794014e-11	9.977000e-01	3.469374e-16	3.090500e+04	2.554800e+04
51	226.141577	4.281322e-12	8.298000e-01	4.062437e-33	4.082000e+03	4.225000e+04
51	135.163867	8.563350e-10	9.103000e-01	9.690863e-18	3.467400e+04	3.480000e+04
51	137.816031	1.421396e-12	8.620000e-01	1.141239e-12	7.306000e+03	5.219700e+04
51	59.341981	5.417118e-10	9.683807e-01	5.626201e-14	8.598000e+03	6.665000e+03
51	62.512203	2.994513e-11	7.881330e-01	2.269042e-11	4.991001e+04	1.604298e+04
51	59.083125	1.094463e-09	9.670985e-01	1.094463e-09	6.843998e+03	5.564300e+04
51	226.095590	6.827979e-12	8.758000e-01	9.505909e-32	3.862000e+03	4.034400e+04
51	36067.805557	1.012735e-08	9.816000e-01	8.572825e-16	5.362000e+04	4.025400e+04
51	226.125075	1.062238e-11	8.045000e-01	1.519777e-14	1.094000e+03	1.611100e+04
51	28523.495505	2.572304e-08	9.724001e-01	8.762287e-15	5.051900e+04	3.474300e+04
51	233.705346	6.927931e-15	8.298000e-01	2.836675e-36	1.945400e+04	5.528900e+04
51	78.607112	9.878734e-14	7.723000e-01	9.539659e-16	1.212000e+04	4.432100e+04
51	270.396020	2.359650e-07	7.769008e-01	2.874032e-13	5.484800e+04	4.931400e+04
51	271.385091	7.528780e-06	9.379237e-01	4.743366e-12	5.838600e+04	4.982700e+04
51	35029.433638	4.586918e-09	9.862000e-01	2.253108e-15	5.690900e+04	3.796600e+04
51	60.626282	9.967959e-06	7.900032e-01	1.856226e-10	4.586000e+04	1.110996e+04
51	231.598055	6.480998e-06	7.931915e-01	6.599794e-09	5.380498e+04	2.717593e+04
51	167.235885	3.509584e-12	9.287000e-01	6.061535e-19	4.783800e+04	4.093100e+04
51	100.539683	2.831593e-08	8.689000e-01	3.587890e-14	2.705600e+04	1.628400e+04
51	228.209991	1.571746e-13	8.206000e-01	1.571746e-13	1.186500e+04	1.427000e+03
51	236.076541	9.999999e-06	8.758193e-01	9.474513e-09	5.991200e+04	2.979400e+04
51	235.628368	4.152924e-15	8.942000e-01	4.152924e-15	2.201500e+04	1.244000e+03
51	17279.835508	5.641554e-09	9.816000e-01	1.775423e-10	5.876700e+04	1.104800e+04
51	116.459725	8.870336e-11	9.494000e-01	3.771950e-13	3.881600e+04	9.443000e+03
51	229.692449	9.000943e-14	9.057000e-01	8.491625e-28	1.503600e+04	1.532300e+04
51	273.124368	8.194149e-06	9.240945e-01	2.939698e-12	5.263200e+04	5.085800e+04
51	287.702601	5.000007e-16	9.333000e-01	1.341582e-21	1.727200e+04	5.474000e+04
51	283.404118	6.989569e-06	9.631965e-01	2.937609e-13	5.988400e+04	5.717300e+04
51	226.099036	1.044738e-11	8.643000e-01	1.227321e-15	2.453000e+03	1.741400e+04
51	270.882625	2.152653e-17	9.425000e-01	1.864242e-22	3.464200e+04	5.790400e+04
51	218.369026	4.641628e-13	9.931000e-01	4.641628e-13	5.437500e+04	8.504000e+03
51	240.159821	1.000000e-05	8.785386e-01	3.780330e-09	5.103500e+04	3.213100e+04
51	254.031246	1.000000e-05	7.930546e-01	3.939102e-11	4.391700e+04	3.991500e+04
51	165.346709	1.435048e-12	9.195000e-01	3.108299e-18	5.043400e+04	3.730700e+04
51	7613.366438	3.471731e-08	8.919001e-01	2.181362e-12	5.388700e+04	2.159000e+04
51	10362.620442	1.394511e-08	8.758000e-01	4.710120e-16	5.858400e+04	4.168100e+04
51	206.511758	9.500396e-13	9.931000e-01	9.500396e-13	5.043800e+04	6.666000e+03
51	232.941309	1.273529e-15	7.861000e-01	1.273529e-15	1.986700e+04	2.829400e+04
51	254.254876	1.809123e-10	8.803965e-01	1.809123e-10	3.952900e+04	4.591100e+04
51	122.028794	2.727408e-10	9.356000e-01	1.719269e-15	3.664200e+04	2.240800e+04
51	63.910514	5.509870e-10	9.931000e-01	6.083461e-14	1.216100e+04	1.325000e+04
51	59.185216	6.551622e-09	9.662670e-01	6.551622e-09	2.540990e+03	5.879697e+04
51	59.340455	1.202709e-08	7.904603e-01	6.755842e-10	4.161600e+04	7.995001e+03
51	242.330600	2.234669e-16	7.815000e-01	1.782991e-35	2.678000e+04	5.597800e+04
51	243.306231	4.435837e-08	7.746011e-01	8.527916e-11	5.990400e+04	3.400500e+04
51	118.067501	6.972289e-11	9.701000e-01	3.168421e-14	3.804600e+04	1.515000e+04
51	59.540835	3.896290e-10	9.816000e-01	6.522416e-13	1.065000e+04	6.834000e+03
51	61.634298	7.009896e-12	9.747000e-01	2.435211e-15	1.937100e+04	1.859300e+04
51	233.209235	1.216528e-14	9.241000e-01	3.149858e-34	2.042000e+04	4.056500e+04
51	206.409536	2.588853e-13	9.563000e-01	8.947592e-29	2.676600e+04	8.731000e+03
51	60.002940	2.602806e-10	7.898034e-01	2.602806e-10	4.714702e+04	1.025396e+04
51	340.026193	6.900000e-16	9.379000e-01	1.560437e-37	2.986900e+04	5.329100e+04
51	60.304900	1.804866e-10	9.688410e-01	4.075721e-11	1.112199e+04	5.102798e+04
51	290.312415	4.000000e-16	9.931000e-01	5.197222e-22	2.435300e+04	5.625900e+04
51	58.961349	1.000000e-05	7.911153e-01	3.725282e-09	4.582673e+04	3.898816e+03
51	228.802781	2.245100e-15	7.792000e-01	2.245100e-15	1.536500e+04	3.041800e+04
51	106.633880	9.431186e-10	9.586000e-01	1.358096e-13	3.239000e+04	1.178700e+04
51	227.860728	2.248749e-11	9.310000e-01	2.248749e-11	3.972000e+03	4.459700e+04
51	229.121956	1.923476e-15	9.747000e-01	1.319291e-35	2.878800e+04	5.087800e+04
51	-1.000000	-1.000000e+00	-1.000000e+00	-1.000000e+00	-1.000000e+00	-1.000000e+00
51	239.192907	1.047775e-15	8.965000e-01	3.395649e-29	2.532400e+04	2.219700e+04
51	58.985112	1.000000e-05	7.908129e-01	1.441521e-09	4.051701e+04	6.181996e+03
51	69.566739	1.829906e-10	7.848514e-01	1.879262e-13	4.366302e+04	2.741200e+04
51	24867.124831	3.200000e-16	8.505000e-01	7.121653e-36	4.049900e+04	5.621600e+04
51	219.443784	1.371537e-13	7.838000e-01	1.371537e-13	1.186200e+04	2.797500e+04
51	226.105316	2.381405e-11	8.873000e-01	8.784535e-14	3.870000e+02	1.056700e+04
51	247.549722	1.955998e-07	9.126006e-01	5.861474e-17	5.227400e+04	3.066200e+04
51	244.955761	9.207824e-17	9.310000e-01	9.222780e-35	3.226800e+04	4.551100e+04
51	60.850241	6.396295e-10	9.839000e-01	6.121974e-14	9.787000e+03	1.275600e+04
51	235.758353	3.905635e-15	9.149000e-01	3.905635e-15	2.278000e+04	4.293000e+03
51	226.129501	6.490368e-12	8.045000e-01	3.027419e-15	2.532000e+03	1.753600e+04
51	61.296605	1.140261e-08	7.886599e-01	6.750608e-11	3.569394e+04	1.342505e+04
51	104.933762	2.507986e-10	7.771355e-01	2.862480e-12	4.071200e+04	1.861500e+04
51	6654.078264	9.100000e-16	8.850000e-01	2.794584e-35	4.045300e+04	5.058300e+04
51	63.801600	9.738148e-09	7.870862e-01	8.409427e-12	3.477894e+04	1.834409e+04
51	96.999966	2.838132e-08	8.229000e-01	2.260221e-11	2.792800e+04	2.238000e+03
51	260.019253	8.908991e-16	8.137000e-01	5.894973e-19	4.477000e+03	4.432400e+04
51	227.587932	2.600522e-13	8.942000e-01	2.600522e-13	1.144400e+04	7.860000e+03
51	226.152486	4.720523e-12	8.896000e-01	3.221173e-32	5.087000e+03	3.544300e+04
51	124.992326	9.152534e-11	9.563000e-01	1.527171e-15	3.834800e+04	2.245900e+04
51	59.929370	3.093106e-07	7.898452e-01	3.073452e-10	2.992800e+04	9.850999e+03
51	83.657772	3.462714e-16	9.862000e-01	8.860185e-20	4.355600e+04	4.388100e+04
51	59.606614	1.171100e-08	9.660594e-01	1.000000e-08	1.143997e+03	5.892597e+04
51	61.276696	7.096918e-06	7.897932e-01	1.165207e-10	5.303035e+04	1.222920e+04
51	257.701039	1.814484e-18	7.838000e-01	2.025282e-19	3.657000e+04	4.756200e+04
51	238.905270	1.046810e-15	8.619998e-01	3.045714e-35	2.450800e+04	4.883600e+04
51	105.689399	5.594440e-08	7.953003e-01	7.322618e-12	4.931700e+04	1.879300e+04
51	8046.203451	4.800000e-16	8.804000e-01	1.250058e-37	3.417800e+04	5.837000e+04
51	31827.000712	3.247835e-09	9.816000e-01	5.387428e-15	5.940000e+04	3.589800e+04
51	245.764330	7.490795e-17	7.723000e-01	3.503883e-18	2.919700e+04	3.129800e+04
51	238.083920	1.048516e-15	8.045000e-01	1.048516e-15	2.349400e+04	8.945000e+03
51	59.358892	1.000000e-05	7.904430e-01	6.728042e-10	2.500198e+04	8.002969e+03
51	226.069880	2.785453e-11	8.896000e-01	1.631140e-15	4.080000e+02	1.872900e+04
51	235.447830	4.531095e-15	9.126000e-01	2.217402e-34	2.235400e+04	4.202900e+04
51	139.957440	7.136044e-12	9.287000e-01	9.338589e-13	5.271000e+03	5.390000e+04
51	232.046760	2.150172e-14	8.919000e-01	1.904496e-30	1.806100e+04	2.536100e+04
51	160.177350	5.680747e-11	9.057000e-01	2.727338e-19	4.159300e+04	4.306600e+04
51	1968.253782	1.029374e-07	8.735002e-01	1.000000e-08	5.262300e+04	2.587700e+04
51	143.453260	1.332027e-12	9.218000e-01	4.393991e-13	9.060000e+03	5.572000e+04
51	225.783294	9.443395e-11	9.540000e-01	3.939218e-26	3.670000e+02	3.693000e+03
51	140.325455	1.303629e-10	9.264000e-01	1.535901e-17	3.884000e+04	3.352200e+04
51	234.584314	5.292714e-15	8.804000e-01	5.292714e-15	2.099500e+04	1.301100e+04
51	230.759064	4.680160e-14	9.103000e-01	9.212852e-32	1.673600e+04	3.167500e+04
51	123.165283	1.010304e-09	9.678000e-01	5.795146e-17	3.156300e+04	2.998200e+04
51	24569.314619	3.090691e-08	9.655001e-01	3.259179e-14	5.037500e+04	3.161800e+04
51	61.560971	7.541294e-07	7.883678e-01	5.949652e-11	2.509999e+04	1.369603e+04
51	79.078400	2.901905e-13	7.815000e-01	2.202995e-15	7.765000e+03	3.884200e+04
51	265.278421	9.999999e-06	8.758528e-01	1.307384e-11	5.444300e+04	4.627300e+04
51	134.533851	5.083283e-11	8.919000e-01	6.540110e-16	4.226800e+04	2.530600e+04
51	69.594711	2.006679e-11	7.884000e-01	1.417445e-12	5.091600e+04	2.269500e+04
51	16341.762696	9.596047e-09	9.333000e-01	1.115296e-13	5.800800e+04	2.868800e+04
51	229.727868	6.662644e-14	8.574000e-01	1.789864e-27	1.459000e+04	1.518100e+04
51	245.500126	8.009492e-17	7.700000e-01	1.058046e-17	2.901400e+04	3.121600e+04
51	243.612412	1.654683e-16	8.022000e-01	1.833830e-35	2.778000e+04	5.018900e+04
51	114.090901	4.143578e-15	7.884000e-01	4.143578e-15	4.428000e+03	3.669900e+04
51	96.052880	9.545238e-06	7.834062e-01	1.081037e-15	5.913001e+04	4.001345e+04
51	226.784470	1.272884e-12	9.425019e-01	1.431876e-33	1.010300e+04	4.100700e+04
51	109.990989	3.107077e-09	8.988000e-01	1.175913e-14	3.180700e+04	1.837400e+04
51	69.435655	9.768284e-09	7.844553e-01	1.865408e-13	3.363257e+04	2.735392e+04
51	233.007409	9.784312e-15	8.390000e-01	9.784312e-15	1.878700e+04	7.434000e+03
51	226.056547	1.044313e-11	8.918999e-01	3.737109e-20	3.203000e+03	3.760000e+04
51	280.677889	2.400000e-16	9.655000e-01	1.947959e-21	2.586800e+04	5.331300e+04
51	59.745643	1.357913e-08	9.660117e-01	1.000000e-08	7.879892e+02	5.826495e+04
51	247.180249	8.736631e-10	9.079393e-01	8.736631e-10	3.514500e+04	4.051600e+04
51	170.904331	1.158507e-12	9.931000e-01	4.457235e-20	4.455300e+04	4.621800e+04
51	132.617907	4.361611e-12	8.206000e-01	2.186801e-12	3.833000e+03	4.916200e+04
51	92.913892	1.230256e-07	8.482001e-01	2.658224e-13	2.385400e+04	1.202500e+04
51	30758.419352	2.306829e-15	7.884000e-01	1.713916e-32	3.791100e+04	4.078100e+04
51	231.620587	2.837482e-14	9.057000e-01	2.957461e-31	1.778600e+04	2.830000e+04
51	228.176540	1.640262e-14	7.884000e-01	1.640262e-14	9.742000e+03	2.279300e+04
51	58.915718	1.000000e-05	7.909442e-01	2.136261e-09	3.984299e+04	5.236093e+03
51	226.712051	7.811506e-13	8.068000e-01	4.700497e-27	7.809000e+03	1.428400e+04
51	140.848769	8.939827e-13	8.758000e-01	6.493954e-13	8.722000e+03	5.394100e+04
51	271.286271	3.079198e-06	7.953026e-01	8.605517e-13	5.682600e+04	4.977400e+04
51	59.076772	1.000000e-05	7.912124e-01	5.262350e-09	4.178194e+04	3.068035e+03
51	279.883830	2.955166e-06	8.827003e-01	4.460435e-13	5.676400e+04	5.496300e+04
51	283.963459	5.095820e-07	7.976011e-01	4.395093e-14	4.898100e+04	5.753500e+04
51	239.674109	8.214336e-16	8.689000e-01	1.179459e-30	2.522300e+04	2.820300e+04
51	239.122942	8.276399e-16	8.298000e-01	8.276399e-16	2.445700e+04	2.742000e+03
51	167.102233	3.779195e-14	9.977000e-01	6.707202e-19	5.024000e+04	4.001200e+04
51	233.340371	8.134827e-16	7.930000e-01	8.134827e-16	1.485800e+04	2.929900e+04
51	120.530686	2.141242e-10	9.494000e-01	2.941494e-15	3.660800e+04	2.098700e+04
51	61.147380	1.902008e-10	9.839000e-01	2.930359e-14	1.263600e+04	1.448500e+04
51	247.170345	8.700000e-16	9.264000e-01	1.586480e-22	2.588900e+04	5.532700e+04
51	64.596587	2.803630e-11	7.870889e-01	4.816016e-12	4.933401e+04	1.972597e+04
51	226.067565	6.591511e-12	9.172000e-01	1.510361e-28	5.087000e+03	1.995200e+04
51	280.275957	7.146849e-13	7.838000e-01	7.146849e-13	5.513400e+04	5.769500e+04
51	22062.551542	1.000000e-05	8.159312e-01	1.000000e-08	5.722999e+04	2.140600e+04
51	204.045920	8.801832e-06	7.703384e-01	4.046128e-14	5.125999e+04	4.269502e+04
51	123.667952	2.029245e-12	9.954000e-01	4.608702e-14	4.212300e+04	1.403700e+04
51	239.902596	7.780506e-16	8.758000e-01	1.066213e-36	2.550400e+04	5.567700e+04
51	75.532259	1.694855e-11	9.885000e-01	3.874588e-17	1.905100e+04	3.035500e+04
51	62.772276	1.159645e-10	7.879159e-01	1.819923e-11	4.635167e+04	1.655715e+04
51	244.327159	1.836713e-16	8.827000e-01	2.603170e-36	2.904700e+04	5.078700e+04
51	164.843923	1.171954e-12	8.436000e-01	1.115751e-17	5.285100e+04	3.593500e+04
51	240.154372	6.753782e-16	8.620000e-01	6.753782e-16	2.553600e+04	3.239000e+03
51	97.967668	1.306673e-08	9.011000e-01	1.533909e-12	2.818200e+04	6.696000e+03
51	227.088621	1.570735e-07	7.700000e-01	9.178015e-09	2.444398e+04	3.160302e+04
51	226.509167	7.170711e-07	8.965016e-01	1.407234e-12	5.857100e+04	7.044000e+03
51	226.126971	5.107291e-12	8.505000e-01	9.215229e-26	4.034000e+03	5.800000e+03
51	263.247221	6.000009e-17	7.953000e-01	2.621116e-21	2.613600e+04	5.810800e+04
51	253.621351	4.300000e-16	9.471000e-01	7.820655e-23	2.807900e+04	5.785300e+04
51	60.503800	4.361850e-09	7.893018e-01	1.482750e-10	3.897598e+04	1.157299e+04
51	149.721733	1.892293e-10	9.517000e-01	2.909765e-29	1.097100e+04	1.091200e+04
51	67.527697	1.921957e-10	7.856528e-01	6.670007e-13	4.383444e+04	2.440201e+04
51	231.771168	4.274690e-16	9.839000e-01	1.910060e-23	3.445400e+04	5.755100e+04
51	72.481133	2.914895e-13	7.838000e-01	8.114213e-14	7.228000e+03	3.008800e+04
51	228.623566	1.898747e-13	9.218000e-01	1.898747e-13	1.373900e+04	1.485000e+03
51	262.865809	4.971076e-06	9.655000e-01	3.788381e-11	5.199700e+04	4.489200e+04
51	229.504693	5.871052e-14	8.137000e-01	5.871052e-14	1.411300e+04	9.020000e+02
51	60.495149	9.606313e-07	7.892958e-01	1.671039e-10	2.582200e+04	1.127800e+04
51	267.211504	1.000000e-05	9.057052e-01	1.041977e-11	4.820700e+04	4.738800e+04
51	261.294543	2.500000e-16	8.574000e-01	1.130250e-21	2.587700e+04	5.467300e+04
51	65853.462142	3.049253e-18	8.804000e-01	1.552971e-19	5.430900e+04	5.728800e+04
51	70.476721	7.914152e-10	7.843368e-01	1.014396e-13	3.984493e+04	2.884991e+04
51	278.798498	1.699998e-16	9.747000e-01	1.418338e-20	2.092900e+04	4.900200e+04
51	264.357152	3.068076e-11	8.413000e-01	3.068076e-11	4.571000e+04	4.580500e+04
51	247.497173	6.705077e-17	8.620000e-01	1.037710e-34	3.092900e+04	4.444800e+04
51	233.933762	6.060849e-17	7.838000e-01	6.060849e-17	2.412100e+04	3.713600e+04
51	68.795988	2.702939e-12	9.862000e-01	2.864590e-16	2.290400e+04	2.550400e+04
51	103.128732	1.485425e-08	9.563000e-01	2.443471e-15	2.569800e+04	2.134000e+04
51	62.274616	1.042821e-10	7.882035e-01	2.729929e-11	4.685906e+04	1.559601e+04
51	59.186286	8.858780e-10	9.672812e-01	8.858780e-10	7.347008e+03	4.910201e+04
51	237.959512	1.475852e-15	8.620000e-01	3.193726e-35	2.370100e+04	4.802100e+04
51	62.137626	5.820146e-11	7.893658e-01	5.820146e-11	5.358270e+04	1.388355e+04
51	31554.408641	4.987538e-09	9.839000e-01	8.032681e-15	5.710000e+04	3.494900e+04
51	240.623148	4.896364e-16	8.275000e-01	5.241668e-37	2.564800e+04	5.347500e+04
51	227.557495	3.205103e-13	8.344000e-01	8.954419e-29	1.040500e+04	2.008700e+04
51	120.360900	2.137623e-10	8.643000e-01	4.839395e-14	3.931800e+04	1.568800e+04
51	227.688552	2.008298e-13	7.769000e-01	2.008298e-13	1.062900e+04	7.560000e+02
51	234.327391	5.139159e-15	8.252000e-01	1.714574e-29	2.008200e+04	2.305700e+04
51	293.712613	1.000000e-08	9.953992e-01	1.000000e-08	2.170000e+03	2.995000e+04
51	-1.000000	-1.000000e+00	-1.000000e+00	-1.000000e+00	-1.000000e+00	-1.000000e+00
51	119.932786	1.440349e-10	9.034000e-01	5.233117e-14	3.934500e+04	1.476300e+04
51	93.146143	3.466318e-12	9.632000e-01	7.849953e-31	2.059800e+04	2.240200e+04
51	-1.000000	-1.000000e+00	-1.000000e+00	-1.000000e+00	-1.000000e+00	-1.000000e+00
51	59.315378	4.475242e-09	9.667785e-01	4.337441e-09	3.430990e+03	4.151297e+04
51	238.739242	9.594050e-16	8.321000e-01	7.239565e-37	2.415000e+04	5.904900e+04
51	226.302461	1.541725e-12	7.746000e-01	1.541725e-12	5.689000e+03	7.370000e+02
51	84.795943	1.767057e-09	9.745526e-01	1.767057e-09	5.337004e+03	3.623701e+04
51	232.999308	1.370642e-14	8.988000e-01	1.099825e-29	1.931500e+04	2.305400e+04
51	1570.154258	2.700001e-16	7.976000e-01	2.171143e-37	3.023700e+04	5.873700e+04
51	170.142067	2.335322e-11	8.942000e-01	6.315355e-20	4.414600e+04	4.658500e+04
51	224.968390	9.211217e-13	9.838975e-01	2.604392e-32	1.604600e+04	3.369500e+04
51	226.381732	2.624671e-12	9.080139e-01	2.023806e-33	7.015000e+03	4.240100e+04
51	65.058683	2.399825e-06	7.888100e-01	1.593304e-11	5.009104e+04	1.701036e+04
51	238.048394	1.501847e-15	8.735000e-01	1.325659e-33	2.390700e+04	4.196000e+04
51	225.087896	3.810416e-11	9.701000e-01	7.421123e-30	4.163000e+03	2.492400e+04
51	236.869638	2.289910e-15	9.241000e-01	2.129933e-31	2.438200e+04	3.011300e+04
51	274.870031	4.964627e-19	8.091000e-01	4.674108e-21	3.812900e+04	5.481500e+04
51	107.143656	1.757453e-09	8.689000e-01	5.999835e-12	3.395500e+04	4.011000e+03
51	245.450281	1.251214e-16	8.666000e-01	7.401871e-36	2.957400e+04	4.537600e+04
51	244.647820	1.102250e-16	7.884000e-01	1.102250e-16	2.851000e+04	2.171600e+04
51	233.301768	9.231927e-15	8.482000e-01	2.445885e-31	1.910500e+04	2.789700e+04
51	130.284397	8.475848e-12	8.137000e-01	3.395352e-12	2.109000e+03	4.770100e+04
51	267.582078	5.109374e-06	8.265282e-01	4.363439e-12	3.634100e+04	4.760600e+04
51	230.931603	3.575112e-14	8.758000e-01	3.575112e-14	1.646000e+04	1.000000e+00
51	226.127856	5.142104e-12	8.643000e-01	4.288234e-32	4.296000e+03	3.631500e+04
51	282.469047	7.200000e-16	9.839000e-01	1.045806e-21	2.504500e+04	5.455600e+04
51	264.553369	5.514823e-13	9.517000e-01	1.769530e-28	2.494600e+04	1.048400e+04
51	228.692850	1.141151e-13	8.275000e-01	2.234052e-29	1.275700e+04	2.108700e+04
51	238.427327	8.261384e-16	8.597000e-01	8.261384e-16	2.432700e+04	2.213200e+04
51	226.122678	5.897454e-12	7.999000e-01	2.134784e-19	2.773000e+03	3.842500e+04
51	233.923143	7.333508e-15	8.574000e-01	4.962027e-32	1.982800e+04	3.203400e+04
51	103.818010	3.225262e-09	8.896000e-01	1.210772e-11	3.195700e+04	1.897000e+03
51	227.686178	3.800025e-13	8.804000e-01	2.113901e-31	1.092600e+04	2.909500e+04
51	12073.209345	6.282953e-08	9.218001e-01	1.442710e-12	5.026800e+04	2.257500e+04
51	228.973505	1.181438e-13	9.471000e-01	1.666107e-35	1.607600e+04	4.880500e+04
51	232.335997	1.272443e-14	8.781000e-01	1.272443e-14	1.867800e+04	1.337200e+04
51	246.054712	1.157301e-09	9.149743e-01	1.157301e-09	3.436200e+04	3.939100e+04
51	130.017607	7.717664e-12	8.688999e-01	5.686696e-12	4.757600e+04	4.152000e+03
51	202.930862	6.206423e-08	7.976004e-01	1.912645e-13	4.776900e+04	2.749100e+04
51	35990.296384	4.800000e-16	8.482000e-01	1.810578e-36	3.817200e+04	5.450200e+04
51	226.719390	7.770280e-13	8.436000e-01	7.770280e-13	8.252000e+03	3.408000e+03
51	243.080653	7.090385e-06	8.876239e-01	2.088825e-09	5.490700e+04	3.378200e+04
51	47788.277908	1.216806e-16	7.746000e-01	2.721536e-18	4.484100e+04	5.481600e+04
51	239.584091	5.852484e-16	8.551000e-01	5.852484e-16	2.533100e+04	2.191400e+04
51	253.703549	2.851867e-10	8.235606e-01	2.851867e-10	3.946500e+04	4.394399e+04
51	232.625196	1.548733e-14	9.195000e-01	1.548733e-14	1.963100e+04	7.738000e+03
51	229.663458	5.036141e-14	8.068000e-01	5.036141e-14	1.436500e+04	4.120000e+03
51	239.093460	1.079879e-15	8.942000e-01	1.079879e-15	2.518900e+04	6.113000e+03
51	61.393993	1.589327e-10	7.887296e-01	5.913665e-11	4.635001e+04	1.376099e+04
51	221.000971	8.046846e-06	7.722792e-01	8.923637e-09	4.839626e+04	2.076959e+04
51	226.000093	2.744348e-11	9.080000e-01	5.275607e-19	1.195000e+03	3.537800e+04
51	59.137215	1.000000e-05	7.911195e-01	5.069563e-09	2.542029e+04	3.148135e+03
51	74.925454	1.234899e-10	7.829758e-01	7.181727e-15	4.410303e+04	3.517008e+04
51	282.857281	7.190550e-06	9.655009e-01	3.398977e-13	5.871100e+04	5.682600e+04
51	233.399296	7.002804e-15	8.068000e-01	1.798250e-33	1.905600e+04	3.806700e+04
51	231.176907	2.900645e-14	8.620000e-01	4.951180e-31	1.666200e+04	2.883600e+04
51	233.579307	4.755583e-15	9.494000e-01	1.178915e-33	2.392400e+04	4.057300e+04
51	226.054835	6.859378e-12	9.195000e-01	3.398411e-31	5.070000e+03	2.658500e+04
51	11897.679844	7.352226e-07	8.896011e-01	2.043059e-15	3.895700e+04	3.820700e+04
51	286.835502	1.200000e-16	9.908000e-01	1.815186e-21	2.164000e+04	5.350700e+04
51	226.966812	6.442513e-13	8.367000e-01	6.566596e-26	8.770000e+03	9.538000e+03
51	59.755062	3.580073e-10	9.681188e-01	2.150476e-11	9.499997e+03	5.399498e+04
51	128.459794	1.273322e-11	9.517000e-01	1.747284e-14	4.356400e+04	1.675500e+04
51	269.570858	9.999997e-06	9.792956e-01	8.631008e-12	5.074100e+04	4.876100e+04
51	66.188974	1.562350e-10	7.862375e-01	1.587754e-12	4.460191e+04	2.234460e+04
51	265.481987	2.239089e-08	9.195000e-01	5.069586e-19	5.456600e+04	4.150600e+04
51	230.799487	4.542216e-16	9.747000e-01	8.072015e-35	3.222400e+04	4.635900e+04
51	248.985503	3.598339e-17	8.137000e-01	4.743163e-37	3.150400e+04	5.407100e+04
51	239.117633	7.522483e-16	9.333000e-01	8.508380e-36	2.741400e+04	4.658700e+04
51	235.942192	2.333747e-15	8.022000e-01	6.804510e-34	2.157900e+04	4.480700e+04
51	60.398856	5.821493e-11	9.770000e-01	1.887675e-12	1.460900e+04	3.391000e+03
51	103.113984	1.446436e-09	9.586000e-01	1.177787e-12	3.132700e+04	6.600000e+03
51	228.879208	1.020852e-13	8.321000e-01	1.787264e-35	1.310200e+04	5.055100e+04
51	226.444114	1.234308e-12	8.321000e-01	1.234308e-12	6.946000e+03	2.483000e+03
51	14325.064243	1.044214e-15	8.482000e-01	1.134979e-20	3.974400e+04	5.204900e+04
51	37268.588365	1.190923e-15	7.769000e-01	7.866673e-33	3.947600e+04	4.463000e+04
51	228.643930	1.168298e-13	8.252000e-01	8.960492e-27	1.266200e+04	1.392000e+04
51	131.353225	5.994768e-11	9.034000e-01	1.284556e-15	4.154000e+04	2.353400e+04
51	111.371302	6.565084e-11	9.908000e-01	1.061184e-13	3.519300e+04	1.207900e+04
51	59.270904	8.802815e-06	7.905830e-01	7.622779e-10	4.689302e+04	7.714006e+03
51	58761.302549	9.375217e-18	8.551000e-01	1.548499e-18	5.120000e+04	5.397700e+04
51	234.010327	9.999999e-06	8.355471e-01	9.983347e-09	5.478998e+04	2.859404e+04
51	146.801695	2.576446e-12	9.724000e-01	6.906264e-17	4.611600e+04	2.954700e+04
51	225.944885	1.112522e-11	9.287007e-01	9.048882e-31	4.244001e+03	2.999700e+04
51	229.606250	9.750981e-14	9.287001e-01	1.767663e-32	1.563900e+04	3.596700e+04
51	239.115562	9.612904e-16	8.597000e-01	2.741648e-34	2.466100e+04	4.345500e+04
51	61.151805	2.368114e-09	7.888088e-01	7.569909e-11	3.975001e+04	1.316298e+04
51	64.830711	9.513393e-06	7.888629e-01	1.762805e-11	5.352527e+04	1.676748e+04
51	232.243291	1.083671e-14	7.884000e-01	1.083671e-14	1.774400e+04	8.314000e+03
51	249.443084	3.422902e-16	8.045000e-01	3.711051e-21	2.558800e+04	5.296800e+04
51	265.185318	1.975516e-11	9.172001e-01	1.975516e-11	4.498200e+04	4.848900e+04
51	60.877631	1.172417e-08	7.884000e-01	1.262213e-10	3.531300e+04	1.190400e+04
51	227.207203	4.261100e-13	8.183000e-01	3.144872e-36	9.449000e+03	5.423300e+04
51	128.615555	1.246550e-11	8.321000e-01	7.134994e-12	1.482000e+03	4.665700e+04
51	209.514812	7.864538e-18	7.884000e-01	7.864538e-18	1.669800e+04	5.145200e+04
51	225.740813	3.123466e-11	9.471000e-01	1.078336e-18	2.568000e+03	3.042600e+04
51	226.691928	9.508724e-13	8.344000e-01	2.616028e-33	7.793000e+03	3.866200e+04
51	73.097467	4.403243e-11	7.837460e-01	2.426989e-14	4.688598e+04	3.229958e+04
51	223.709626	4.605630e-11	9.862001e-01	1.259636e-31	7.305000e+03	2.743900e+04
51	5945.369374	5.108575e-08	8.907011e-01	8.437756e-09	5.187104e+04	1.140111e+03
51	58.933415	6.049030e-06	7.908928e-01	1.824982e-09	5.486916e+04	5.614828e+03
51	226.026821	3.842778e-11	8.988002e-01	5.709588e-18	8.000000e+00	3.111300e+04
51	74.741621	1.947217e-09	7.826338e-01	6.361768e-15	3.713708e+04	3.538931e+04
51	112.584440	4.297148e-10	8.919000e-01	1.378341e-12	3.692400e+04	7.114000e+03
51	281.318219	2.607910e-07	8.803999e-01	3.081413e-13	5.325300e+04	5.585700e+04
51	166.010474	8.197737e-12	9.632000e-01	1.410877e-19	4.393700e+04	4.386800e+04
51	4868.282851	3.300000e-16	8.988000e-01	4.165520e-37	4.247000e+04	5.976000e+04
51	230.852582	6.221432e-08	7.700000e-01	9.497704e-09	2.672893e+04	4.837109e+04
51	233.529685	6.054326e-15	7.907000e-01	4.511019e-28	1.916000e+04	1.976500e+04
51	230.297563	4.738340e-14	8.597000e-01	1.186863e-31	1.544800e+04	2.622400e+04
51	226.181244	1.076131e-11	8.275000e-01	8.356139e-24	1.809000e+03	8.520000e+02
51	64.485046	1.036619e-10	9.655000e-01	1.125095e-26	1.248000e+04	2.045000e+03
51	63.079427	1.677888e-08	9.681533e-01	1.000000e-08	1.019996e+02	3.528600e+04
51	282.573581	9.999999e-06	8.573917e-01	1.835692e-13	5.916900e+04	5.664700e+04
51	139.406525	1.745507e-12	7.723000e-01	1.488434e-14	5.321000e+03	5.405400e+04
51	227.902290	2.297156e-13	8.344000e-01	6.452638e-29	1.120300e+04	2.063000e+04
51	7783.549052	4.200000e-16	8.896000e-01	1.980693e-37	3.486400e+04	5.888900e+04
51	68.018026	2.062020e-08	9.976998e-01	1.034376e-14	6.258000e+03	1.752200e+04
51	241.202315	8.897893e-08	8.597319e-01	1.000000e-08	5.292200e+04	2.879400e+04
51	41712.346030	2.238121e-16	7.769000e-01	1.753646e-34	4.342300e+04	5.284500e+04
51	142.265002	2.117904e-12	9.448000e-01	2.117904e-12	4.919600e+04	4.950000e+03
51	123.804411	6.270713e-12	9.747000e-01	1.251313e-12	4.366100e+04	6.306000e+03
51	238.145536	1.474628e-15	8.781000e-01	2.052653e-20	2.405500e+04	2.252400e+04
51	16492.019425	1.659560e-08	9.931002e-01	1.000000e-08	5.284600e+04	1.345000e+03
51	228.607185	2.066102e-13	9.172000e-01	1.510368e-32	1.341600e+04	3.832500e+04
51	234.157280	8.220216e-06	8.275545e-01	8.548659e-09	5.539600e+04	2.868000e+04
51	256.213555	3.200000e-16	9.908000e-01	1.299209e-22	3.388500e+04	5.779500e+04
51	1989.898527	2.185870e-07	8.321007e-01	1.000000e-08	4.328800e+04	1.430000e+02
51	227.226763	6.012642e-13	8.758000e-01	2.603907e-28	9.719000e+03	1.566400e+04
51	245.947157	1.017363e-16	8.505000e-01	1.686291e-34	2.972900e+04	4.587200e+04
51	269.577525	2.294751e-18	8.413000e-01	2.328883e-22	3.744200e+04	5.817100e+04
51	62.992345	1.573867e-11	7.879464e-01	1.573867e-11	5.142338e+04	1.692014e+04
51	245.076217	1.317807e-16	9.126000e-01	5.695293e-31	3.068500e+04	2.961700e+04
51	225.869580	1.926905e-11	9.356000e-01	1.675162e-25	3.206000e+03	4.103000e+03
51	208.154535	1.161633e-12	9.995732e-01	1.161633e-12	3.450100e+04	5.592700e+04
51	226.406049	1.643432e-12	8.344000e-01	4.928392e-33	6.475000e+03	3.966500e+04
51	61.033341	1.369062e-10	7.898688e-01	1.369062e-10	5.971932e+04	1.184172e+04
51	235.277748	4.806091e-15	9.080000e-01	4.806091e-15	2.205900e+04	6.835000e+03
51	243.485658	2.165805e-16	9.149000e-01	2.165805e-16	2.959900e+04	8.834000e+03
51	60.033244	2.989239e-10	7.902092e-01	2.989239e-10	5.279222e+04	9.962573e+03
51	228.551254	1.984858e-13	9.402000e-01	1.128075e-29	1.445400e+04	2.188500e+04
51	262.186900	4.983617e-06	7.953061e-01	6.926765e-12	5.307300e+04	4.451000e+04
51	232.336536	1.485791e-08	9.563000e-01	1.101951e-14	5.832900e+04	1.785100e+04
51	89.647407	9.275467e-16	9.885000e-01	1.594169e-19	4.168500e+04	4.280100e+04
51	232.767685	1.367712e-14	8.735000e-01	1.261143e-30	1.869200e+04	2.654800e+04
51	-1.000000	-1.000000e+00	-1.000000e+00	-1.000000e+00	-1.000000e+00	-1.000000e+00
51	144.965087	2.322453e-12	8.988000e-01	1.333345e-15	4.986400e+04	2.352700e+04
51	135.676288	2.584019e-11	9.885000e-01	3.257659e-17	3.807900e+04	3.114000e+04
51	152.726884	7.210806e-12	9.264000e-01	1.422623e-17	4.611400e+04	3.370700e+04
51	92.349638	3.054344e-09	9.792999e-01	3.302747e-13	3.742000e+03	5.875500e+04
51	226.201199	3.272464e-12	8.482000e-01	1.383177e-24	5.066000e+03	4.685000e+03
51	58.938997	1.000000e-05	7.908930e-01	2.014839e-09	2.759799e+04	5.372991e+03
51	276.525420	7.000000e-16	9.839000e-01	1.860765e-21	2.642800e+04	5.306700e+04
51	226.218167	2.870489e-12	9.126000e-01	2.870489e-12	6.600000e+03	5.600000e+01
51	222.462637	5.183406e-07	7.700000e-01	9.583278e-09	2.150817e+04	3.589516e+04
51	226.146551	3.617170e-12	7.884000e-01	1.498880e-24	3.833000e+03	6.388000e+03
51	229.613548	5.536118e-14	8.183000e-01	5.536118e-14	1.432000e+04	3.721000e+03
51	114.761950	1.562819e-08	8.275000e-01	3.727138e-16	2.932400e+04	2.833300e+04
51	34859.225825	1.357210e-15	7.815000e-01	5.535799e-34	3.916700e+04	4.879400e+04
51	225.199826	1.142862e-10	9.701000e-01	2.055723e-26	1.493000e+03	6.307000e+03
51	238.470551	1.000000e-05	8.712194e-01	5.235340e-09	4.580500e+04	3.116900e+04
51	225.856521	2.508812e-11	9.379000e-01	1.545468e-27	2.672000e+03	1.639300e+04
51	250.223401	5.882266e-18	7.792000e-01	1.192467e-19	3.350700e+04	5.079700e+04
51	248.332928	1.114252e-09	7.700000e-01	9.429637e-10	3.672602e+04	4.788092e+04
51	245.667716	1.184893e-16	9.011000e-01	3.902868e-35	3.056600e+04	4.908100e+04
51	58.911081	9.472295e-06	7.909815e-01	2.399143e-09	5.434002e+04	4.957033e+03
51	247.343875	1.390254e-09	7.700000e-01	1.386963e-09	3.617308e+04	3.909091e+04
51	103.328605	2.801675e-10	9.563000e-01	5.015311e-30	1.004500e+04	1.383100e+04
51	287.608491	2.400002e-16	9.126000e-01	1.606483e-21	1.703900e+04	5.462200e+04
51	115.148110	8.412632e-10	9.287000e-01	5.398278e-15	3.410500e+04	1.979300e+04
51	107.620211	1.000000e-05	7.815154e-01	2.632084e-11	5.153000e+04	1.631000e+04
51	253.488926	6.786175e-07	7.792130e-01	1.788875e-11	4.954100e+04	3.963600e+04
51	216.855976	2.486114e-06	7.700000e-01	9.983243e-09	1.767012e+04	4.265612e+04
51	244.890130	1.015310e-16	7.884000e-01	1.015310e-16	2.869200e+04	2.304700e+04
51	279.924995	4.131035e-13	9.264000e-01	4.131035e-13	5.385800e+04	5.994300e+04
51	241.070900	5.364434e-16	9.011000e-01	8.118901e-30	2.702800e+04	2.416200e+04
51	144.188612	3.135054e-13	7.746000e-01	1.357417e-14	9.489000e+03	5.609400e+04
51	238.353691	1.290627e-15	8.643000e-01	4.461513e-36	2.406400e+04	4.709900e+04
51	234.581304	9.820576e-06	8.452891e-01	9.909188e-09	5.580899e+04	2.892702e+04
51	236.922405	8.218597e-16	9.494000e-01	2.856217e-22	2.812100e+04	4.316700e+04
51	263.223462	9.999999e-06	9.540009e-01	3.327867e-11	5.283100e+04	4.509600e+04
51	272.035815	2.734572e-12	9.079998e-01	2.734572e-12	4.945600e+04	5.606900e+04
51	59.651222	1.041349e-08	7.901058e-01	4.235545e-10	3.910727e+04	9.096390e+03
51	269.939639	4.587041e-06	9.287016e-01	6.335938e-12	5.252700e+04	4.897700e+04
51	75.735732	9.797052e-15	9.839000e-01	2.371740e-19	3.551300e+04	4.149600e+04
51	59.126500	1.000000e-05	7.912409e-01	5.857384e-09	3.929400e+04	2.810370e+03
51	237.777554	1.121884e-15	7.953000e-01	4.066587e-36	2.319900e+04	5.395800e+04
51	226.361818	1.804559e-12	8.321000e-01	1.109085e-27	6.209000e+03	1.304400e+04
51	226.487792	1.583822e-12	8.574000e-01	9.448061e-32	6.997000e+03	3.308500e+04
51	92.627394	1.685647e-14	9.908000e-01	9.267715e-19	3.557400e+04	3.899500e+04
51	80.814459	2.023904e-14	7.746000e-01	4.023735e-17	1.566900e+04	4.997600e+04
51	263.217437	6.337402e-07	7.861008e-01	3.521106e-12	5.797900e+04	4.510400e+04
51	-1.000000	-1.000000e+00	-1.000000e+00	-1.000000e+00	-1.000000e+00	-1.000000e+00
51	209.153066	1.000000e-05	9.434335e-01	9.996611e-09	1.048305e+04	3.818700e+04
51	255.393441	7.999996e-16	9.701000e-01	2.304113e-20	2.720900e+04	4.643800e+04
51	245.564626	1.125776e-16	9.126000e-01	5.648979e-34	3.105400e+04	4.454900e+04
51	228.965349	9.586826e-14	8.321000e-01	9.843375e-35	1.325200e+04	4.711000e+04
51	235.224269	4.652378e-15	9.149000e-01	4.652378e-15	2.233300e+04	1.014600e+04
51	244.369000	4.691580e-06	8.252444e-01	7.888576e-10	5.621600e+04	3.450700e+04
51	250.205366	3.175569e-17	8.781000e-01	1.585745e-32	3.302300e+04	3.609900e+04
51	59.353318	7.866239e-09	9.662548e-01	7.866239e-09	2.097028e+03	4.457872e+04
51	240.179047	2.707548e-09	9.240993e-01	2.707548e-09	3.151000e+04	3.991400e+04
51	7267.056801	1.060431e-07	8.919002e-01	4.627219e-12	4.864500e+04	1.979100e+04
51	226.309316	2.684376e-12	9.448000e-01	3.313652e-25	8.426000e+03	3.282000e+03
51	130.291282	5.020812e-17	9.747000e-01	7.164458e-21	4.717200e+04	1.770000e+04
51	225.932644	7.490259e-12	9.425000e-01	6.865585e-27	5.825000e+03	9.120000e+03
51	58.947983	1.000000e-05	7.910328e-01	3.096703e-09	2.801499e+04	4.340006e+03
51	219.473415	1.171830e-06	7.700000e-01	8.691441e-09	1.950891e+04	3.219797e+04
51	274.058626	2.168837e-12	8.459003e-01	2.168837e-12	5.124800e+04	5.965800e+04
51	59.172432	9.899774e-06	7.906476e-01	9.063435e-10	4.928127e+04	7.297791e+03
51	253.213831	8.898804e-06	9.655867e-01	3.300749e-10	5.550500e+04	3.945300e+04
51	226.548638	1.025537e-12	8.045000e-01	8.181729e-31	7.118000e+03	2.866300e+04
51	73.022228	1.551871e-13	9.839000e-01	1.232538e-18	2.911700e+04	3.782600e+04
51	242.697050	6.288414e-17	9.517000e-01	9.339890e-22	3.436100e+04	4.722400e+04
51	226.146626	4.821235e-12	8.873000e-01	4.438882e-31	4.978000e+03	3.316300e+04
51	237.127957	1.372509e-15	8.689000e-01	1.372509e-15	2.336600e+04	2.060400e+04
51	76.130118	5.491396e-11	7.826850e-01	3.659885e-15	4.605800e+04	3.678600e+04
51	257.481571	5.995136e-16	9.425000e-01	3.312502e-18	1.653500e+04	3.690100e+04
51	65.925126	5.993488e-08	7.858400e-01	1.925156e-12	2.965100e+04	2.179900e+04
51	142.954285	1.027228e-12	8.183000e-01	1.710822e-13	7.291000e+03	5.551000e+04
