49	56.675291	7.344366e-10	9.384000e-01	8.032611e-14	7.600000e+03	1.266100e+04
49	126.248595	7.854784e-11	9.916000e-01	3.808149e-12	3.326300e+04	5.580000e+03
49	372.231987	9.999999e-06	8.991947e-01	1.744638e-11	5.158700e+04	4.566400e+04
49	15443.916445	1.107815e-16	7.284000e-01	5.839019e-19	4.442700e+04	4.610300e+04
49	458.697999	3.412974e-16	9.076000e-01	2.030599e-34	4.197200e+04	4.451000e+04
49	98.893375	1.177177e-07	9.803999e-01	4.575642e-15	1.731800e+04	2.179100e+04
49	279.714219	1.704868e-13	7.788000e-01	9.538050e-28	1.392300e+04	1.669800e+04
49	303.938718	7.594538e-16	8.096000e-01	1.683757e-18	1.940300e+04	4.313200e+04
49	144.169627	1.687895e-10	8.404000e-01	2.994910e-15	3.914100e+04	2.448700e+04
49	316.622683	3.649001e-07	7.200000e-01	9.274273e-09	2.171011e+04	2.847818e+04
49	198.547289	1.022407e-13	9.888000e-01	1.258181e-18	5.064600e+04	4.100000e+04
49	58.352826	5.583191e-07	7.656218e-01	3.810721e-09	4.641499e+04	3.143982e+03
49	278.808770	1.987149e-12	8.292000e-01	2.367640e-20	8.686000e+03	4.585000e+04
49	60.834982	2.157035e-09	9.832000e-01	4.487647e-13	8.177000e+03	1.066200e+04
49	56.691246	7.166272e-12	9.552000e-01	5.585014e-16	1.925400e+04	2.575900e+04
49	5819.362262	1.276363e-08	9.664000e-01	7.567746e-11	5.697500e+04	1.250400e+04
49	136.744015	1.140587e-10	9.244000e-01	4.699150e-12	3.801600e+04	5.618000e+03
49	60.716346	1.000000e-05	7.637893e-01	3.438361e-10	3.989303e+04	8.959223e+03
49	122.140537	5.980670e-16	9.468000e-01	5.980670e-16	4.084500e+04	8.908000e+03
49	2756.697660	2.434847e-15	8.320000e-01	1.373830e-36	3.725500e+04	5.250800e+04
49	328.915723	1.057447e-08	9.240849e-01	1.000000e-08	2.669898e+04	3.831995e+04
49	173.315076	3.567470e-11	8.488000e-01	3.489375e-18	4.286800e+04	4.034300e+04
49	387.383900	1.399386e-12	9.243999e-01	1.399386e-12	5.227400e+04	5.308000e+04
49	355.325557	4.761878e-10	7.200000e-01	4.462242e-10	3.821500e+04	4.135100e+04
49	175.253778	9.267159e-14	9.160000e-01	2.079916e-30	2.867900e+04	2.029000e+04
49	2144.149797	3.240564e-07	8.600007e-01	3.118400e-12	4.452300e+04	2.017600e+04
49	279.080832	1.135730e-12	8.152000e-01	1.908101e-24	9.943000e+03	1.603600e+04
49	72.405142	8.676607e-12	7.577612e-01	4.965522e-12	5.243401e+04	1.908859e+04
49	281.608612	3.244108e-14	8.012000e-01	3.244108e-14	1.826000e+04	1.404000e+03
49	83.740661	7.046881e-16	9.524000e-01	6.358856e-18	4.082000e+04	3.560100e+04
49	383.744870	2.690910e-12	7.424002e-01	2.690910e-12	5.099400e+04	5.572000e+04
49	58.520943	1.000000e-05	7.652137e-01	2.047586e-09	3.541593e+04	4.645901e+03
49	162.232155	1.125642e-14	7.648000e-01	1.125642e-14	4.150000e+03	3.373600e+04
49	381.987205	9.999997e-06	9.412082e-01	3.370107e-12	5.630000e+04	5.022500e+04
49	372.747827	9.558230e-06	8.068193e-01	8.577346e-12	5.381900e+04	4.590000e+04
49	72.727052	1.000000e-05	7.564396e-01	3.756089e-11	5.953900e+04	1.434900e+04
49	281.908780	5.283033e-07	8.796014e-01	2.708447e-14	5.665300e+04	1.865200e+04
49	59.210025	5.594040e-06	7.646134e-01	9.111282e-10	5.851903e+04	6.603691e+03
49	395.437087	1.654732e-07	7.396008e-01	2.609018e-14	5.875500e+04	5.699800e+04
49	277.787072	1.036234e-12	8.992000e-01	3.639770e-29	1.236500e+04	2.317000e+04
49	357.959753	1.497206e-07	7.872002e-01	2.686924e-13	4.996400e+04	2.609500e+04
49	343.674605	8.099998e-16	9.216000e-01	8.216834e-21	2.027600e+04	5.325600e+04
49	121.481513	1.859062e-08	8.712000e-01	1.010160e-15	2.679800e+04	2.650900e+04
49	278.827159	8.247769e-14	8.880000e-01	1.358549e-30	1.807500e+04	2.888500e+04
49	62.996058	8.692448e-07	7.628359e-01	1.253543e-10	5.951651e+04	1.139746e+04
49	136.633856	2.036845e-10	9.916000e-01	1.585892e-16	3.088300e+04	2.967100e+04
49	281.012385	1.528903e-11	8.152000e-01	2.192672e-25	3.630000e+03	2.075000e+03
49	99.216402	1.167323e-10	7.461124e-01	7.961703e-16	4.339058e+04	3.981578e+04
49	299.953680	4.676983e-18	8.068000e-01	4.676983e-18	1.766300e+04	4.095500e+04
49	347.526395	1.699999e-16	9.776000e-01	8.799103e-21	1.951500e+04	5.258300e+04
49	320.699706	9.999749e-17	8.992000e-01	5.192876e-19	2.682100e+04	4.384900e+04
49	355.961196	1.468667e-10	8.992005e-01	1.468667e-10	3.814400e+04	4.845800e+04
49	122.772271	3.169371e-14	7.564000e-01	3.958944e-15	9.791000e+03	3.631500e+04
49	279.193656	3.745088e-13	7.340000e-01	3.745088e-13	1.092000e+04	1.382600e+04
49	164.727600	1.325488e-12	8.460000e-01	1.965324e-14	5.123200e+04	1.988900e+04
49	156.498288	1.426198e-11	7.984000e-01	4.974741e-12	3.434000e+03	4.717100e+04
49	116.562937	2.517700e-09	9.720000e-01	2.006015e-11	2.769800e+04	1.663000e+03
49	59.863448	2.050144e-10	9.748000e-01	2.561516e-12	1.277500e+04	6.324000e+03
49	277.737434	4.386781e-13	8.992000e-01	5.081745e-30	1.445800e+04	2.819400e+04
49	279.973321	1.172516e-13	8.180000e-01	6.281786e-35	1.547200e+04	5.168500e+04
49	279.006599	2.000143e-11	8.852000e-01	3.235539e-14	2.831000e+03	1.623400e+04
49	376.958607	1.000000e-05	9.020737e-01	7.437447e-12	5.038500e+04	4.784400e+04
49	362.218683	4.000002e-16	9.496000e-01	4.989877e-22	1.715500e+04	5.940600e+04
49	58.866309	1.000000e-05	7.648673e-01	1.265676e-09	4.958574e+04	5.809094e+03
49	61.479104	5.705780e-06	7.634476e-01	2.365651e-10	5.046344e+04	9.862931e+03
49	81.529895	4.019590e-09	7.527333e-01	2.861315e-13	3.563100e+04	2.581501e+04
49	309.600124	5.398210e-16	8.488000e-01	2.436612e-18	2.028700e+04	4.118800e+04
49	58.459289	6.198972e-09	9.231616e-01	6.198972e-09	1.967040e+03	5.077201e+04
49	7680.217523	8.751322e-08	9.132003e-01	8.328705e-16	4.755000e+04	3.976900e+04
49	60.142044	8.689353e-06	7.640720e-01	4.738663e-10	5.670794e+04	8.183987e+03
49	68.883537	1.845880e-06	7.608622e-01	1.952112e-11	5.934237e+04	1.588880e+04
49	126.015538	1.538268e-09	8.852000e-01	1.255055e-11	3.266700e+04	3.660000e+03
49	58.387598	1.000000e-05	7.657982e-01	5.125862e-09	4.283599e+04	2.427020e+03
49	278.164092	5.477512e-12	8.852000e-01	1.714201e-18	7.424000e+03	3.629300e+04
49	180.989236	3.455747e-12	8.488000e-01	9.604862e-18	4.874500e+04	3.796500e+04
49	280.619114	6.558279e-14	7.564000e-01	6.558279e-14	1.589200e+04	2.356000e+03
49	254.865347	1.000000e-05	7.284406e-01	1.077735e-12	4.555300e+04	2.618000e+04
49	279.590717	1.954040e-13	7.424000e-01	5.763768e-17	1.308300e+04	1.080500e+04
49	61.323919	1.000000e-05	7.634365e-01	2.574812e-10	2.598398e+04	9.652994e+03
49	176.647606	7.522606e-14	8.712000e-01	2.198198e-14	5.796500e+04	1.920700e+04
49	126.658781	5.000572e-10	9.412000e-01	2.596335e-13	3.364900e+04	1.246400e+04
49	281.903438	2.045601e-14	8.404000e-01	2.045601e-14	2.010500e+04	6.379000e+03
49	306.561673	1.000000e-05	7.213550e-01	9.371839e-09	4.808138e+04	1.829525e+04
49	384.079078	7.946402e-06	8.179995e-01	1.150654e-12	5.527500e+04	5.123700e+04
49	284.719141	6.785054e-15	7.592000e-01	6.785054e-15	2.135200e+04	8.710000e+02
49	279.435785	1.241610e-13	8.628000e-01	2.209642e-27	1.630800e+04	1.583200e+04
49	234.690586	4.189800e-16	7.648000e-01	4.189800e-16	1.620400e+04	4.154300e+04
49	365.928733	1.000000e-05	7.983907e-01	2.650261e-11	4.355200e+04	4.283200e+04
49	279.361675	3.125666e-13	7.648000e-01	1.799052e-26	1.225900e+04	1.472800e+04
49	135.555896	1.034016e-09	9.076000e-01	8.729096e-16	3.305000e+04	2.638800e+04
49	174.612957	6.994764e-13	8.628000e-01	6.846761e-16	5.249900e+04	2.760400e+04
49	154.254146	3.643215e-12	9.692000e-01	4.961640e-15	4.428000e+04	2.171700e+04
49	277.989075	1.639351e-10	9.496000e-01	2.165962e-26	3.397000e+03	6.813000e+03
49	345.627054	2.471032e-09	7.200000e-01	2.085421e-09	3.409897e+04	3.671400e+04
49	1823.783911	1.062525e-08	8.376000e-01	1.204033e-13	5.970200e+04	2.797500e+04
49	278.533180	6.489154e-13	8.740000e-01	5.274223e-21	1.261200e+04	3.933600e+04
49	278.813890	2.786702e-11	9.020001e-01	1.952829e-14	2.849000e+03	1.686400e+04
49	277.774721	2.440153e-13	7.816000e-01	2.440153e-13	3.016000e+03	1.591500e+04
49	383.999892	1.339274e-12	8.628000e-01	1.339274e-12	5.085600e+04	5.948100e+04
49	343.267534	1.000000e-05	8.432329e-01	1.920390e-09	5.204300e+04	3.310600e+04
49	366.820036	5.804268e-06	7.958309e-01	2.196988e-11	4.429000e+04	4.322800e+04
49	342.658648	3.302883e-09	7.675837e-01	3.302883e-09	3.277600e+04	4.112500e+04
49	275.967849	4.324448e-15	7.564000e-01	4.324448e-15	1.594800e+04	2.756900e+04
49	124.736371	2.619793e-09	8.460000e-01	5.184824e-14	3.218600e+04	1.753600e+04
49	158.657864	6.408168e-12	8.292000e-01	3.272906e-12	5.930000e+03	4.896700e+04
49	134.391544	1.747747e-09	8.684000e-01	8.751800e-16	3.273400e+04	2.690200e+04
49	279.796980	1.163053e-13	8.432000e-01	1.309832e-29	1.599600e+04	2.264200e+04
49	212.399850	3.879045e-13	9.300000e-01	1.127235e-19	5.207100e+04	4.711300e+04
49	336.842867	4.399985e-16	9.832000e-01	5.903254e-20	1.941600e+04	4.816800e+04
49	68.977518	1.419692e-11	9.748000e-01	2.945179e-16	1.900700e+04	2.797700e+04
49	224.972896	5.721482e-11	8.908000e-01	1.439042e-29	1.322100e+04	1.730900e+04
49	-1.000000	-1.000000e+00	-1.000000e+00	-1.000000e+00	-1.000000e+00	-1.000000e+00
49	59.059544	1.000000e-05	7.645711e-01	1.302470e-09	2.307299e+04	5.722006e+03
49	292.208372	2.042087e-17	7.928000e-01	2.042087e-17	2.380400e+04	3.801200e+04
49	59.306449	8.126615e-06	7.645497e-01	8.411148e-10	5.860223e+04	6.796978e+03
49	278.766285	1.871728e-11	7.760000e-01	1.687443e-18	1.919000e+03	4.024500e+04
49	82.308684	5.357436e-12	7.620000e-01	1.844669e-12	5.594900e+04	2.151900e+04
49	58.750858	1.805023e-09	9.244800e-01	1.805023e-09	4.943991e+03	4.602300e+04
49	278.532394	1.229616e-11	8.852000e-01	8.416574e-16	4.998000e+03	2.334800e+04
49	278.743651	2.130310e-11	8.124000e-01	2.944409e-17	2.041000e+03	3.273400e+04
49	287.210958	1.536558e-15	8.376000e-01	2.369097e-36	2.625600e+04	5.693900e+04
49	174.442944	1.138132e-11	9.860000e-01	1.822377e-18	3.937200e+04	4.014500e+04
49	176.574860	2.761012e-14	7.396000e-01	1.741578e-14	1.767800e+04	5.814800e+04
49	151.697348	6.434346e-11	9.300000e-01	3.411238e-16	3.923300e+04	2.838300e+04
49	190.126442	2.131356e-12	8.488000e-01	1.627263e-18	4.996000e+04	4.215100e+04
49	113.217484	4.718287e-10	9.972000e-01	4.660441e-15	2.593400e+04	2.164100e+04
49	279.136945	5.213912e-13	8.096000e-01	5.130971e-25	1.172600e+04	6.060000e+03
49	280.261327	8.341915e-14	7.396000e-01	8.341915e-14	1.502100e+04	1.181900e+04
49	82.232204	1.571472e-15	7.312000e-01	1.031946e-16	2.393400e+04	4.698200e+04
49	7067.210602	2.992862e-08	9.748001e-01	6.879559e-12	5.181400e+04	1.826400e+04
49	326.613932	9.999998e-06	7.538366e-01	9.990803e-09	5.857402e+04	2.607503e+04
49	279.542637	2.603902e-12	7.872000e-01	6.301960e-25	7.467000e+03	1.510000e+03
49	15135.617682	6.246045e-16	7.200000e-01	1.147725e-16	4.043600e+04	3.992100e+04
49	335.642336	2.799990e-16	9.300000e-01	4.993451e-20	2.012500e+04	4.904900e+04
49	354.272691	4.800000e-16	9.972000e-01	2.860588e-21	2.470700e+04	5.498400e+04
49	399.052138	3.786169e-08	7.872001e-01	3.950811e-14	5.709000e+04	5.891300e+04
49	278.913263	1.465954e-11	9.048000e-01	4.576404e-14	5.311000e+03	1.325800e+04
49	145.916491	2.839857e-11	9.300000e-01	2.428656e-11	4.129300e+04	1.564000e+03
49	133.454746	6.399561e-11	9.804000e-01	3.107288e-14	3.593300e+04	1.725200e+04
49	59.636672	7.164906e-13	9.524000e-01	7.484638e-16	2.455800e+04	2.477400e+04
49	141.877175	6.151575e-11	8.740000e-01	6.872677e-13	4.098500e+04	1.086900e+04
49	84.406232	1.063809e-11	7.524493e-01	1.303175e-13	5.038603e+04	2.776506e+04
49	125.004884	3.077563e-10	7.368000e-01	3.478341e-13	3.955500e+04	2.321600e+04
49	329.536339	4.499637e-16	9.832000e-01	2.211014e-19	1.515600e+04	4.513100e+04
49	332.092832	6.900018e-16	8.208000e-01	2.448729e-21	1.968000e+04	5.806500e+04
49	109.205553	2.137909e-08	9.132000e-01	1.675233e-13	2.536100e+04	1.377600e+04
49	356.427686	3.799361e-10	7.591873e-01	3.799361e-10	3.850700e+04	4.057000e+04
49	63.342212	3.156539e-12	7.396000e-01	2.438938e-12	5.413000e+03	2.238700e+04
49	124.254670	1.931507e-09	8.572000e-01	8.826514e-13	3.272500e+04	1.051000e+04
49	86.934933	8.981783e-11	9.132000e-01	6.150548e-29	1.216400e+04	6.238000e+03
49	305.769936	8.394801e-17	7.620000e-01	3.100362e-22	3.147900e+04	5.927400e+04
49	61.572104	2.387655e-10	9.271422e-01	1.922721e-10	9.824975e+03	4.947199e+04
49	64.257432	9.424514e-09	9.776000e-01	1.758089e-11	3.980000e+03	1.705000e+03
49	78.516568	2.460272e-11	7.548674e-01	7.608025e-13	4.884568e+04	2.355168e+04
49	281.824654	2.499749e-11	8.096000e-01	1.546585e-24	2.332000e+03	2.258000e+03
49	59.095667	1.000000e-05	7.646925e-01	1.007667e-09	5.636734e+04	6.360227e+03
49	63.728208	1.309929e-11	7.396000e-01	7.905877e-12	1.978000e+03	1.963100e+04
49	164.254658	1.586461e-12	8.432000e-01	9.047914e-13	9.606000e+03	5.247600e+04
49	276.004554	4.450563e-13	9.216000e-01	5.385937e-31	1.563100e+04	3.106400e+04
49	164.959352	5.718859e-13	7.956000e-01	5.718859e-13	1.128600e+04	5.240000e+04
49	58.658515	1.000000e-05	7.660596e-01	8.651425e-09	2.982590e+04	1.160038e+03
49	15110.580405	2.764022e-16	7.312000e-01	8.061235e-20	4.244500e+04	5.612200e+04
49	58.585228	9.499589e-06	7.651346e-01	1.824310e-09	5.377808e+04	4.925174e+03
49	130.728783	3.420329e-10	9.440000e-01	1.558305e-11	3.446600e+04	2.513000e+03
49	282.682471	1.048615e-06	9.076028e-01	1.779361e-14	5.656300e+04	1.931200e+04
49	278.867660	1.285286e-12	8.488000e-01	1.169866e-25	1.031500e+04	8.575000e+03
49	60.870357	3.185565e-10	9.263670e-01	3.185565e-10	9.143018e+03	5.554005e+04
49	274.733703	3.328450e-11	9.832000e-01	3.328450e-11	4.554200e+04	3.850000e+02
49	176.593208	1.590635e-12	7.312000e-01	6.578953e-15	7.814000e+03	5.922900e+04
49	60.442830	2.534765e-10	9.328000e-01	1.783444e-12	9.926000e+03	3.635000e+03
49	274.637980	9.000000e-16	9.580000e-01	6.855876e-37	3.535000e+04	5.507900e+04
49	60.525074	5.408802e-12	9.664000e-01	2.486709e-15	2.059200e+04	2.270200e+04
49	61.632777	6.112661e-11	9.608000e-01	1.298813e-11	1.457600e+04	1.912000e+03
49	9897.334999	1.192057e-07	9.384003e-01	5.622652e-16	4.614900e+04	4.069000e+04
49	279.528890	1.269533e-06	8.936034e-01	2.234041e-13	5.011200e+04	1.340600e+04
49	290.487365	1.151398e-16	8.040000e-01	1.151398e-16	2.171100e+04	3.336300e+04
49	284.243882	2.841199e-15	8.656000e-01	9.527752e-33	2.549000e+04	3.755300e+04
49	69.968324	2.631063e-12	7.480000e-01	7.461307e-13	4.829000e+03	2.442300e+04
49	150.621051	3.570246e-10	7.314654e-01	4.215389e-14	3.898701e+04	2.696800e+04
49	91.402361	7.637371e-14	9.356000e-01	9.164753e-17	2.935500e+04	2.761900e+04
49	304.011257	8.699996e-16	9.104000e-01	6.883257e-20	2.772500e+04	4.624900e+04
49	302.578335	1.581546e-07	8.460005e-01	1.484516e-17	5.701500e+04	3.708500e+04
49	9183.921747	1.667380e-08	9.580000e-01	1.787415e-14	5.482400e+04	3.250000e+04
49	330.344615	4.799988e-16	9.692000e-01	1.586540e-19	2.280000e+04	4.597100e+04
49	133.332422	3.255109e-10	8.768000e-01	2.153893e-13	3.674600e+04	1.362300e+04
49	123.200612	1.716883e-09	9.216000e-01	4.802782e-14	3.134400e+04	1.669600e+04
49	66.376560	1.643669e-08	7.616515e-01	3.997813e-11	5.781098e+04	1.415793e+04
49	255.993028	3.450387e-09	7.285265e-01	3.450387e-09	5.238200e+04	7.202000e+03
49	282.406195	7.644104e-07	9.468021e-01	2.022993e-14	5.773700e+04	1.862500e+04
49	58.427984	1.000000e-05	7.653561e-01	2.516558e-09	5.591502e+04	4.147347e+03
49	136.285592	4.427977e-09	8.404000e-01	9.055412e-17	3.098000e+04	3.280600e+04
49	381.503324	8.944757e-06	8.768090e-01	2.811287e-12	5.718900e+04	4.999300e+04
49	275.586378	1.446057e-15	7.508000e-01	1.446057e-15	1.673200e+04	3.106700e+04
49	372.065040	2.927728e-06	8.740026e-01	1.589861e-11	5.710500e+04	4.558800e+04
49	64.317459	2.377130e-06	7.623510e-01	7.758944e-11	5.970016e+04	1.255636e+04
49	348.019790	1.202783e-09	8.823990e-01	1.202783e-09	3.403900e+04	3.803700e+04
49	329.278237	9.400000e-16	9.664000e-01	6.959115e-21	2.803100e+04	5.244500e+04
49	204.467845	1.258628e-13	8.432000e-01	9.605618e-19	5.722100e+04	4.353000e+04
49	12226.746531	2.652588e-17	7.760000e-01	8.535463e-21	4.804600e+04	5.966900e+04
49	1972.030430	5.741226e-08	8.376002e-01	4.711139e-14	5.141200e+04	3.021500e+04
49	153.267951	5.714619e-12	8.964000e-01	1.852752e-13	4.640300e+04	1.374700e+04
49	294.899861	1.846355e-16	8.068000e-01	7.155826e-32	3.066900e+04	3.454300e+04
49	304.824328	3.878473e-16	9.804000e-01	2.575212e-17	1.700700e+04	3.410500e+04
49	68.516166	1.419176e-07	7.592212e-01	1.778865e-11	2.917623e+04	1.601300e+04
49	150.868514	1.576646e-11	8.124000e-01	4.355413e-13	4.559100e+04	1.320300e+04
49	286.513269	3.337770e-15	7.620000e-01	4.680646e-29	2.307900e+04	2.417500e+04
49	368.038822	4.697582e-11	7.731999e-01	4.697582e-11	4.352000e+04	4.694200e+04
49	90.384914	6.777263e-11	7.497552e-01	1.912743e-14	4.526980e+04	3.230112e+04
49	58.550164	1.000000e-05	7.651775e-01	1.966908e-09	3.139806e+04	4.742645e+03
49	149.855763	4.589191e-10	9.524000e-01	2.248941e-17	3.329300e+04	3.455400e+04
49	123.872488	1.130471e-09	9.580000e-01	1.345226e-14	3.073300e+04	1.941200e+04
49	118.970840	4.025893e-06	7.490729e-01	8.943640e-16	5.475302e+04	3.991600e+04
49	132.916786	2.408540e-10	9.104000e-01	3.010472e-13	3.660900e+04	1.240900e+04
49	56.785813	5.430329e-10	9.452465e-01	1.924832e-13	8.592980e+03	1.128102e+04
49	1805.893374	2.331727e-06	8.600029e-01	3.758138e-11	3.673900e+04	1.419800e+04
49	298.071802	1.052802e-16	7.732000e-01	2.809056e-34	3.142100e+04	4.831000e+04
49	58.375685	1.000000e-05	7.657650e-01	4.844281e-09	3.851594e+04	2.563632e+03
49	76.101909	8.052926e-06	7.588121e-01	3.357561e-12	5.374866e+04	2.013661e+04
49	2460.226442	2.658063e-08	8.628001e-01	9.058290e-13	5.633400e+04	2.313900e+04
49	65.346336	1.601331e-12	7.340000e-01	4.065611e-13	7.354000e+03	2.732100e+04
49	-1.000000	-1.000000e+00	-1.000000e+00	-1.000000e+00	-1.000000e+00	-1.000000e+00
49	234.884231	1.557996e-10	7.320879e-01	1.557996e-10	5.705700e+04	1.359699e+04
49	67.328653	5.887702e-06	7.597819e-01	2.684786e-11	2.045283e+04	1.502737e+04
49	266.270711	9.254373e-11	8.852000e-01	2.275279e-30	1.205900e+04	1.527800e+04
49	58.358756	8.370240e-06	7.657024e-01	4.351352e-09	5.859180e+04	2.823177e+03
49	58.557021	7.263839e-09	9.230575e-01	7.263839e-09	1.582988e+03	4.746599e+04
49	318.259139	1.199992e-16	8.124000e-01	4.461278e-20	2.505700e+04	5.147600e+04
49	139.910567	1.174923e-09	8.572000e-01	2.894589e-16	3.395900e+04	2.971800e+04
49	135.538260	6.504887e-10	8.124000e-01	6.446942e-15	3.625600e+04	2.335100e+04
49	111.820512	2.629295e-09	9.832000e-01	5.579621e-12	2.629500e+04	4.701000e+03
49	186.039512	6.660469e-14	9.888000e-01	2.742071e-17	5.173800e+04	3.383200e+04
49	-1.000000	-1.000000e+00	-1.000000e+00	-1.000000e+00	-1.000000e+00	-1.000000e+00
49	148.608350	4.614968e-16	9.692000e-01	4.614968e-16	4.251600e+04	2.213600e+04
49	317.310798	1.271674e-10	8.796000e-01	9.502715e-30	1.129000e+04	1.555800e+04
49	13859.925461	2.516710e-15	7.200000e-01	2.179113e-15	3.714800e+04	3.922800e+04
49	279.255619	1.224285e-12	7.760000e-01	6.190325e-25	9.125000e+03	4.406000e+03
49	353.553440	6.433000e-10	7.536004e-01	6.433000e-10	3.739900e+04	3.782400e+04
49	1637.270283	2.303286e-08	8.460001e-01	3.819652e-12	5.753400e+04	1.969300e+04
49	65.773131	1.571729e-11	9.412000e-01	6.685596e-12	1.683700e+04	1.685000e+03
49	433.035335	1.609842e-14	7.844000e-01	1.609842e-14	8.320000e+02	3.282200e+04
49	157.438195	2.909892e-11	8.460000e-01	6.414833e-12	2.588000e+03	4.758000e+04
49	278.663751	7.400042e-12	8.936000e-01	9.653439e-15	6.651000e+03	1.689900e+04
49	159.960735	1.074181e-11	7.452000e-01	8.832428e-13	3.343000e+03	4.884100e+04
49	279.323117	3.362841e-13	7.648000e-01	3.362841e-13	1.205700e+04	4.108000e+03
49	327.953725	1.618760e-12	8.908000e-01	5.149026e-29	2.178800e+04	1.205500e+04
49	280.219015	6.190471e-14	8.544000e-01	1.683537e-27	1.777500e+04	1.485100e+04
49	160.845072	3.850495e-13	7.284000e-01	1.527345e-13	1.119900e+04	5.054700e+04
49	294.269591	2.681253e-07	9.300008e-01	2.976746e-16	5.253000e+04	2.879000e+04
49	198.086379	3.098631e-12	9.104000e-01	2.953530e-19	4.751000e+04	4.510800e+04
49	288.365327	6.814992e-16	8.516000e-01	5.932128e-32	2.853500e+04	3.390400e+04
49	98.247044	1.049666e-09	9.396299e-01	1.049666e-09	5.921964e+03	3.673296e+04
49	354.066871	9.900002e-16	9.832000e-01	2.861176e-21	1.470200e+04	5.510400e+04
49	309.913990	1.236202e-06	7.712534e-01	1.000000e-08	1.812502e+04	3.525902e+04
49	313.235018	2.341084e-17	7.480000e-01	1.626125e-21	3.380300e+04	5.856500e+04
49	154.476638	2.869217e-16	9.356000e-01	1.617643e-20	4.257800e+04	4.801500e+04
49	292.050410	6.030364e-17	8.012000e-01	6.030364e-17	2.535800e+04	3.493100e+04
49	156.867116	3.820395e-11	7.480000e-01	3.820395e-11	6.770000e+02	3.908700e+04
49	278.745340	8.753394e-12	8.488000e-01	1.883567e-16	4.997000e+03	2.723700e+04
49	316.045719	1.096415e-07	9.047898e-01	1.000000e-08	2.145200e+04	5.764400e+04
49	251.650112	2.661595e-12	8.964000e-01	8.409367e-28	2.060100e+04	4.872000e+03
49	164.042963	2.359045e-11	9.832000e-01	8.973515e-18	3.801800e+04	3.645900e+04
49	166.162546	7.817514e-12	7.928000e-01	5.352208e-13	4.814000e+03	5.263000e+04
49	58.617211	1.000000e-05	7.650991e-01	1.735533e-09	5.796658e+04	5.045794e+03
49	165.206107	5.543108e-11	8.320000e-01	1.548933e-12	7.270000e+02	5.091100e+04
49	1350.773588	1.817385e-08	8.432000e-01	2.428104e-11	5.906600e+04	1.525200e+04
49	64.338017	6.152936e-06	7.623437e-01	7.704286e-11	5.947680e+04	1.257344e+04
49	436.431385	8.054359e-17	7.732000e-01	8.054359e-17	7.480000e+03	4.537500e+04
49	58.848276	1.042036e-08	9.228263e-01	1.000000e-08	7.089787e+02	4.488399e+04
49	307.399032	1.977269e-07	7.214865e-01	9.571216e-09	5.175008e+04	1.849003e+04
49	219.145423	2.501653e-11	8.936000e-01	7.372089e-27	1.521400e+04	5.230000e+02
49	281.565009	3.719953e-16	9.104000e-01	9.452652e-34	3.212300e+04	4.507100e+04
49	425.661842	4.520507e-16	7.760000e-01	4.520507e-16	1.106200e+04	4.131300e+04
49	367.624074	1.000000e-05	7.788292e-01	1.509781e-11	4.663500e+04	4.358700e+04
49	1126.720904	1.595043e-07	8.152004e-01	6.502444e-14	4.714700e+04	2.945800e+04
49	368.980228	3.613372e-11	7.872000e-01	3.613372e-11	4.392500e+04	4.882700e+04
49	122.310169	2.022790e-09	8.964000e-01	1.583428e-12	3.169900e+04	8.550000e+03
49	337.728471	2.799990e-16	9.384000e-01	3.744454e-20	1.958700e+04	4.962500e+04
49	207.290716	1.499458e-12	9.524000e-01	6.895332e-20	4.762400e+04	4.800800e+04
49	279.043160	4.055271e-13	8.432000e-01	2.709912e-33	1.298200e+04	4.713400e+04
49	373.750125	1.000000e-05	8.152174e-01	7.758878e-12	4.849300e+04	4.635900e+04
49	84.308633	1.611931e-14	7.256000e-01	3.955200e-16	1.863100e+04	4.548500e+04
49	3407.697691	6.959372e-08	8.852002e-01	8.884240e-13	5.079000e+04	2.318100e+04
49	60.170927	9.788987e-06	7.640571e-01	4.657835e-10	4.910745e+04	8.225570e+03
49	278.001645	2.006905e-13	8.964000e-01	1.654453e-35	1.624200e+04	5.985600e+04
49	213.125142	4.339480e-11	8.264000e-01	4.339480e-11	2.154000e+03	4.142100e+04
49	324.698948	5.408927e-08	8.992070e-01	1.000000e-08	2.374800e+04	3.432200e+04
49	305.450203	5.395925e-16	9.076000e-01	1.375042e-17	2.376500e+04	3.604300e+04
49	300.331922	3.916517e-17	8.600000e-01	6.566995e-21	3.530200e+04	4.911700e+04
49	60.633653	7.661441e-06	7.638286e-01	3.591817e-10	5.012455e+04	8.853713e+03
49	156.426859	3.549794e-11	8.068000e-01	7.154853e-12	1.348000e+03	4.648500e+04
49	58.770235	1.012282e-06	7.661693e-01	1.000000e-08	5.656100e+04	7.941428e+02
49	58.971975	6.586877e-09	9.235872e-01	6.586877e-09	1.803986e+03	4.077811e+04
49	356.002756	2.359586e-06	7.732622e-01	1.042421e-10	5.318100e+04	3.850700e+04
49	279.717126	1.583379e-13	8.180000e-01	6.665954e-36	1.474900e+04	5.762000e+04
49	58.525839	2.025597e-09	9.241688e-01	2.025597e-09	4.672072e+03	5.818576e+04
49	320.134211	1.067648e-17	7.844000e-01	2.030234e-20	3.562300e+04	5.152900e+04
49	74.210223	1.468809e-13	7.228000e-01	5.094506e-14	1.338200e+04	3.587300e+04
49	65.939256	4.663483e-06	7.617956e-01	4.571612e-11	5.707702e+04	1.383403e+04
49	145.386335	1.474676e-10	9.244000e-01	7.125173e-16	3.736600e+04	2.669600e+04
49	2263.612125	9.449554e-08	8.740003e-01	3.768284e-11	5.010100e+04	1.418900e+04
49	58.352550	1.000000e-05	7.656437e-01	3.947500e-09	5.767011e+04	3.058726e+03
49	278.828352	6.240709e-13	8.544000e-01	4.051978e-29	1.219400e+04	2.081500e+04
49	279.024595	3.048305e-12	8.572000e-01	4.218930e-25	8.417000e+03	1.680000e+02
49	280.130314	7.879434e-15	7.424000e-01	7.879434e-15	1.921900e+04	2.513000e+04
49	208.428998	1.050624e-14	9.944000e-01	6.224397e-19	5.457100e+04	4.259200e+04
49	160.082593	2.470481e-12	7.816000e-01	1.362460e-12	7.436000e+03	4.988300e+04
49	174.928669	7.181712e-13	8.012000e-01	5.811836e-14	1.074600e+04	5.850000e+04
49	278.896035	1.202055e-13	7.396000e-01	1.202055e-13	1.315100e+04	1.783700e+04
49	174.407204	7.910878e-13	9.412000e-01	2.136432e-16	4.982400e+04	2.939500e+04
49	329.569636	5.199986e-16	9.972000e-01	2.298261e-19	1.327200e+04	4.493700e+04
49	316.631845	1.798161e-16	9.552000e-01	2.209092e-18	1.640400e+04	4.003500e+04
49	-1.000000	-1.000000e+00	-1.000000e+00	-1.000000e+00	-1.000000e+00	-1.000000e+00
49	281.020457	1.653341e-14	8.740000e-01	8.122754e-35	2.149600e+04	4.838000e+04
49	273.588483	7.079705e-06	7.206032e-01	8.184016e-11	2.896299e+04	2.320002e+04
49	137.100583	6.296994e-10	9.300000e-01	7.615177e-16	3.353300e+04	2.647800e+04
49	167.693956	3.171991e-11	7.312000e-01	6.097162e-16	4.508700e+04	3.750000e+04
49	276.240881	5.914491e-14	9.188000e-01	1.718032e-31	2.035900e+04	2.838600e+04
49	323.468340	3.528177e-07	8.964001e-01	3.703951e-19	5.820200e+04	4.485600e+04
49	302.161451	1.181304e-16	7.592000e-01	1.429730e-20	3.064700e+04	5.030200e+04
49	122.876699	1.902907e-09	9.104000e-01	7.704009e-14	3.145100e+04	1.567900e+04
49	412.131514	2.335482e-15	7.788000e-01	2.335482e-15	1.090200e+04	3.742300e+04
49	76.358403	2.871187e-11	9.888000e-01	3.626168e-16	1.932200e+04	2.764300e+04
49	58.703610	1.559428e-09	9.244526e-01	1.559428e-09	5.304016e+03	5.288401e+04
49	449.098834	7.586287e-13	8.068000e-01	7.586287e-13	1.245000e+04	5.036600e+04
49	340.119890	8.999999e-17	9.300000e-01	1.227693e-20	2.866800e+04	5.204700e+04
49	370.246006	9.999999e-06	8.852034e-01	2.337161e-11	5.333800e+04	4.476300e+04
49	375.839599	7.341442e-06	9.860014e-01	1.222353e-11	5.249800e+04	4.732300e+04
49	353.649992	8.000000e-16	9.524000e-01	8.515172e-22	2.419100e+04	5.793300e+04
49	278.599144	7.866198e-12	8.544000e-01	1.263386e-17	5.558000e+03	3.291600e+04
49	293.433085	1.678192e-19	7.592000e-01	1.678192e-19	2.314300e+04	5.187500e+04
49	349.023264	4.500000e-16	9.776000e-01	1.823895e-21	2.825200e+04	5.588300e+04
49	75.371094	1.022037e-12	9.356000e-01	6.010224e-15	2.317600e+04	1.761600e+04
49	366.404228	4.513601e-11	9.049963e-01	4.513601e-11	4.172600e+04	4.637700e+04
49	169.235884	2.837040e-11	7.284000e-01	6.148602e-14	7.540000e+02	5.284700e+04
49	279.841714	1.387197e-13	7.788000e-01	1.387197e-13	1.438200e+04	6.474000e+03
49	124.834780	9.553548e-16	9.412000e-01	9.553548e-16	3.973600e+04	1.910500e+04
49	291.974946	4.143755e-16	8.124000e-01	7.377991e-35	2.885800e+04	4.748700e+04
49	278.480006	7.407786e-11	8.852000e-01	5.301212e-16	1.950000e+02	2.539600e+04
49	390.764570	4.723861e-13	9.076000e-01	4.723861e-13	5.319400e+04	5.780400e+04
49	176.735078	3.381721e-12	8.012000e-01	4.417801e-14	6.994000e+03	5.919700e+04
49	142.411496	2.909561e-11	9.356000e-01	1.780395e-13	4.100800e+04	1.343100e+04
49	232.410381	4.108295e-11	8.908000e-01	2.379800e-29	1.401800e+04	8.755000e+03
49	206.193747	8.289078e-09	7.255997e-01	9.408029e-10	3.109600e+04	2.449000e+03
49	286.514726	4.986539e-16	8.768000e-01	1.004601e-33	3.002200e+04	4.115300e+04
49	449.420484	3.110159e-12	8.796000e-01	8.289363e-31	2.021100e+04	2.125500e+04
49	367.273940	5.601427e-11	8.600000e-01	5.601427e-11	4.273400e+04	4.444600e+04
49	58.353782	1.612352e-06	7.656632e-01	4.076438e-09	4.865099e+04	2.980998e+03
49	62.488801	1.000000e-05	7.630322e-01	1.531267e-10	4.027579e+04	1.091394e+04
49	420.068988	7.200000e-16	8.432000e-01	2.666871e-36	3.012600e+04	5.249600e+04
49	131.484163	2.943378e-10	9.160000e-01	1.508919e-12	3.593100e+04	8.456000e+03
49	278.809537	3.184315e-12	8.292000e-01	4.325594e-18	7.395000e+03	3.496700e+04
49	176.826224	4.336867e-12	9.636000e-01	8.841726e-18	4.426100e+04	3.665600e+04
49	177.130688	4.834147e-11	8.908000e-01	1.376914e-18	4.116100e+04	4.177900e+04
49	68.963058	1.963755e-11	7.340000e-01	3.730469e-13	1.239000e+03	2.753600e+04
49	123.205598	5.671682e-09	8.292000e-01	8.164886e-11	3.056800e+04	3.400000e+01
49	178.777066	9.289044e-15	9.832000e-01	9.289044e-15	5.797400e+04	2.005500e+04
49	133.184669	7.735254e-11	9.776000e-01	3.131810e-14	3.580100e+04	1.725300e+04
49	129.265342	4.794767e-10	9.076000e-01	8.490415e-13	3.497300e+04	9.935000e+03
49	277.004925	3.450090e-13	9.104000e-01	1.819015e-33	1.558400e+04	4.902600e+04
49	141.588356	4.697329e-11	9.188000e-01	1.089209e-13	4.043300e+04	1.477200e+04
49	171.325921	1.555243e-12	8.432000e-01	1.555243e-12	1.004400e+04	5.061700e+04
49	278.992281	9.768216e-12	8.404000e-01	6.083719e-15	4.090000e+03	2.017900e+04
49	171.888132	6.800585e-15	7.648000e-01	6.800585e-15	2.331000e+03	3.493500e+04
49	59.144823	1.859875e-11	9.664000e-01	7.931225e-15	1.770300e+04	1.997300e+04
49	154.347390	6.145026e-13	9.132000e-01	1.350218e-30	2.414400e+04	2.236500e+04
49	381.493432	2.475920e-12	8.852000e-01	6.614706e-31	2.076300e+04	2.294700e+04
49	279.439201	2.482983e-13	7.200000e-01	1.571216e-13	1.222000e+04	3.178300e+04
49	64.397994	2.890452e-09	9.663999e-01	1.394151e-15	5.764000e+03	2.417700e+04
49	59.482046	5.601390e-09	9.242934e-01	5.601390e-09	2.175989e+03	3.926399e+04
49	60.928729	2.483049e-12	9.692000e-01	1.664406e-14	2.264000e+04	1.824700e+04
49	276.617563	1.827879e-13	7.312000e-01	1.827879e-13	1.171400e+04	2.016800e+04
49	279.593674	9.258195e-14	8.656000e-01	6.868975e-29	1.709200e+04	1.669100e+04
49	278.249596	6.735491e-12	8.908000e-01	9.363232e-17	6.964000e+03	2.740100e+04
49	215.251682	9.679365e-09	9.629916e-01	9.679365e-09	2.194037e+03	3.160297e+04
49	58.355553	1.000000e-05	7.655771e-01	3.545400e-09	3.923008e+04	3.318497e+03
49	72.832054	2.978231e-10	7.572885e-01	4.340380e-12	4.343293e+04	1.938983e+04
49	67.236595	6.848856e-10	9.355999e-01	3.644378e-11	7.169000e+03	4.888200e+04
49	19305.545250	6.841681e-18	7.256000e-01	5.807065e-18	5.087000e+04	5.217300e+04
49	277.106850	7.804452e-13	9.104000e-01	6.919320e-20	1.355300e+04	3.795400e+04
49	381.995531	3.332000e-12	7.844000e-01	3.332000e-12	4.997000e+04	5.479200e+04
49	324.046580	2.688920e-14	7.732000e-01	2.688920e-14	1.601000e+04	3.168900e+04
49	170.425821	6.715442e-16	9.692000e-01	6.715442e-16	4.140600e+04	1.786200e+04
49	274.156351	2.371696e-13	9.384000e-01	1.102255e-30	1.834300e+04	2.901200e+04
49	279.597697	2.233306e-12	9.104000e-01	2.233306e-12	1.573000e+03	7.578000e+03
49	172.179300	6.676083e-11	9.132000e-01	2.631931e-18	3.971400e+04	3.997100e+04
49	208.116765	1.438876e-11	8.964000e-01	6.083325e-30	1.654700e+04	1.270600e+04
49	564.621950	4.500000e-16	9.160000e-01	7.163650e-38	3.527100e+04	5.834300e+04
49	320.143040	9.997026e-09	9.904577e-01	9.997026e-09	2.177200e+04	3.556300e+04
49	107.972284	1.000000e-05	7.500385e-01	3.827417e-09	4.786900e+04	3.050001e+03
49	278.578681	1.205943e-12	8.712000e-01	1.644631e-28	1.103200e+04	1.807700e+04
49	389.032005	6.644751e-13	8.796000e-01	6.644751e-13	5.272400e+04	5.762900e+04
49	279.115506	1.120488e-12	8.544000e-01	1.120488e-12	2.653000e+03	9.969000e+03
49	390.300758	7.398047e-13	9.188000e-01	7.398047e-13	5.316400e+04	5.507900e+04
49	85.435024	3.854751e-13	7.536000e-01	1.061016e-13	7.881000e+03	2.868800e+04
49	273.937695	1.611933e-11	9.580005e-01	3.039179e-30	9.898000e+03	3.055600e+04
49	294.755372	4.558245e-16	8.124000e-01	3.813700e-17	1.623400e+04	3.573700e+04
49	280.140146	1.062908e-11	8.432000e-01	1.027301e-25	5.063000e+03	5.173000e+03
49	372.436982	7.760882e-07	7.536003e-01	3.753645e-12	4.635500e+04	4.576200e+04
49	278.579960	3.478977e-11	9.216000e-01	2.938163e-14	3.833000e+03	1.448200e+04
49	276.517558	4.770525e-12	9.272000e-01	3.891491e-17	9.905000e+03	2.730800e+04
49	278.574561	5.108937e-15	9.104066e-01	1.074510e-36	2.581500e+04	5.852900e+04
49	1364.434917	6.159877e-07	8.124008e-01	3.349256e-15	4.190900e+04	3.651800e+04
49	138.640396	7.396532e-12	9.916000e-01	9.108846e-14	3.916700e+04	1.460300e+04
49	104.133022	9.612220e-10	7.424002e-01	1.937089e-10	3.705900e+04	8.823000e+03
49	173.538721	7.269204e-12	8.320000e-01	1.341412e-13	5.687000e+03	5.710100e+04
49	310.842138	5.899936e-16	7.928000e-01	4.909531e-20	2.407600e+04	5.129300e+04
49	278.999550	1.181142e-12	8.096000e-01	8.169887e-19	9.621000e+03	3.734300e+04
49	158.307797	5.411003e-11	8.600000e-01	1.379446e-16	4.160200e+04	3.143700e+04
49	280.766716	6.002518e-14	7.928000e-01	2.683004e-27	1.664800e+04	1.540200e+04
49	318.267078	3.105675e-16	8.544000e-01	4.413184e-19	8.664000e+03	4.518400e+04
49	279.074132	1.420187e-12	8.236000e-01	2.068430e-26	9.556000e+03	1.080400e+04
49	126.591691	2.345214e-09	7.872000e-01	1.611975e-14	3.345000e+04	2.212400e+04
49	64.034118	8.599036e-14	9.496000e-01	3.295413e-18	2.940600e+04	3.726200e+04
49	360.623146	8.968424e-06	8.237171e-01	8.597625e-11	5.241000e+04	4.050200e+04
49	387.579489	1.000000e-05	7.479784e-01	1.811230e-13	5.727500e+04	5.296700e+04
49	278.969407	1.284645e-12	8.096000e-01	8.242898e-20	9.421000e+03	4.273400e+04
49	119.464266	2.927598e-09	9.416893e-01	2.927598e-09	3.503122e+03	3.380397e+04
49	64.628300	1.680140e-09	7.618316e-01	6.791795e-11	4.332307e+04	1.285486e+04
49	279.479746	5.813968e-14	8.796000e-01	5.716287e-30	1.863300e+04	2.271200e+04
49	279.227280	6.888784e-13	7.508000e-01	3.553511e-26	1.015800e+04	1.240400e+04
49	63.472076	1.428686e-08	9.776479e-01	1.116736e-13	2.979000e+03	1.396000e+04
49	380.526854	3.260656e-12	8.684000e-01	3.260656e-12	4.877100e+04	5.435100e+04
49	165.096863	7.625243e-11	9.300000e-01	9.115466e-18	3.879900e+04	3.688500e+04
49	375.927307	6.966496e-12	8.572001e-01	6.966496e-12	4.689100e+04	5.398000e+04
49	279.045437	1.342673e-12	8.264000e-01	7.076697e-25	9.745000e+03	1.916000e+03
49	2632.934030	2.600000e-16	8.544000e-01	3.779103e-37	4.140000e+04	5.880000e+04
49	59.148957	1.000000e-05	7.644226e-01	2.509792e-09	2.055595e+04	4.101918e+03
49	317.974073	1.111062e-08	9.878166e-01	1.000000e-08	2.188401e+04	3.885099e+04
49	256.886763	2.317846e-11	7.256000e-01	2.317846e-11	9.120000e+02	1.380200e+04
49	278.437419	1.748036e-12	8.768000e-01	6.779219e-18	1.012300e+04	3.144200e+04
49	58.426246	2.539895e-09	9.239444e-01	2.539895e-09	4.124975e+03	5.704297e+04
49	6213.499052	3.319453e-08	9.552001e-01	4.929759e-12	5.259900e+04	1.906500e+04
49	360.179011	3.305004e-06	8.152414e-01	8.615121e-11	5.743300e+04	4.030900e+04
49	58.871635	4.003910e-09	9.230563e-01	2.765411e-09	3.007999e+03	4.299701e+04
49	279.761324	3.296768e-12	7.788000e-01	4.596883e-25	6.766000e+03	4.861000e+03
49	279.865948	2.638814e-07	9.888007e-01	1.283462e-13	5.538400e+04	1.388100e+04
49	158.821066	1.668813e-11	8.544000e-01	8.730003e-16	4.467600e+04	2.716200e+04
49	236.121859	7.652707e-12	7.285258e-01	2.649903e-14	5.017200e+04	3.390900e+04
49	58.595460	1.000000e-05	7.651230e-01	1.794809e-09	5.058888e+04	4.964593e+03
49	281.082533	2.721539e-15	7.844000e-01	2.721539e-15	1.178900e+04	2.669900e+04
49	58.976053	1.390305e-09	9.248156e-01	1.390305e-09	5.572991e+03	4.599401e+04
49	62.124667	2.114703e-08	7.631779e-01	1.780120e-10	5.658000e+04	1.055009e+04
49	292.387768	3.378469e-16	8.180000e-01	2.808341e-29	2.945200e+04	2.242100e+04
49	119.381265	4.029208e-16	9.496000e-01	4.029208e-16	4.185900e+04	1.970600e+04
49	346.849752	9.781854e-13	8.908000e-01	1.127694e-27	2.299600e+04	4.341000e+03
49	156.194976	7.902165e-12	7.956000e-01	4.432812e-12	4.827000e+03	4.737900e+04
49	278.923796	1.232262e-12	8.236000e-01	7.604025e-20	9.787000e+03	4.233000e+04
49	278.903607	2.307134e-12	8.068000e-01	5.660905e-19	7.848000e+03	3.967700e+04
49	192.189059	2.728037e-16	7.256000e-01	2.728037e-16	2.867800e+04	4.352900e+04
49	62.125821	1.807211e-09	9.580000e-01	2.454695e-11	6.378000e+03	3.330000e+02
49	287.019902	1.000678e-15	8.572000e-01	2.030196e-31	2.776200e+04	3.114800e+04
49	55.939628	1.073308e-10	9.468000e-01	3.855262e-14	1.250800e+04	1.521100e+04
49	13009.475415	1.384206e-15	7.312000e-01	7.358329e-21	3.853000e+04	5.791800e+04
49	344.226387	3.130080e-09	7.200000e-01	2.874473e-09	3.350917e+04	3.960913e+04
49	279.347789	6.909627e-14	8.796000e-01	8.417841e-34	1.821500e+04	4.101700e+04
49	58.971449	6.022761e-09	9.237007e-01	6.022761e-09	2.019026e+03	4.078500e+04
49	64.628177	1.182769e-07	7.618517e-01	6.842910e-11	3.313882e+04	1.283745e+04
49	303.835585	6.285964e-16	9.300000e-01	2.801230e-17	1.702700e+04	3.433700e+04
49	59.096604	1.000000e-05	7.646918e-01	1.006906e-09	4.201902e+04	6.362046e+03
49	9037.125650	2.628014e-08	9.748001e-01	1.399056e-13	5.180200e+04	2.759300e+04
49	295.899557	1.786689e-16	7.788000e-01	2.368605e-35	3.026300e+04	4.967100e+04
49	289.329083	8.987574e-16	8.208000e-01	1.743763e-36	2.718100e+04	5.742500e+04
49	126.415836	1.460886e-09	8.908000e-01	1.654801e-11	3.265500e+04	2.915000e+03
49	113.116705	3.783948e-08	8.936001e-01	4.445008e-15	2.450500e+04	2.267700e+04
49	2289.615864	6.956571e-17	8.544000e-01	1.105850e-35	4.562500e+04	5.445800e+04
49	277.723854	6.992047e-11	9.412000e-01	1.878291e-14	3.414000e+03	1.548600e+04
49	40100.051035	4.500000e-16	8.124000e-01	3.659011e-35	4.439800e+04	5.797900e+04
49	281.837308	6.622941e-15	7.956000e-01	6.622941e-15	1.466600e+04	2.383200e+04
49	9044.705307	8.167577e-09	9.888000e-01	5.914085e-13	5.578400e+04	2.414500e+04
49	85.915924	6.079084e-16	9.496000e-01	1.410054e-21	4.102900e+04	5.504800e+04
49	317.832918	5.519531e-17	7.956000e-01	6.908612e-21	3.192000e+04	5.382500e+04
49	279.032128	1.294519e-12	7.984000e-01	5.434720e-18	9.168000e+03	3.381100e+04
49	100.165877	6.605855e-08	9.720001e-01	2.010829e-14	1.963400e+04	1.833100e+04
49	122.509018	2.709248e-09	8.992000e-01	1.479693e-11	3.089400e+04	3.085000e+03
49	92.588987	3.047221e-18	7.368000e-01	5.902212e-19	3.802300e+04	5.806400e+04
49	298.395493	9.423432e-07	9.132026e-01	9.724972e-17	5.822800e+04	3.160300e+04
49	320.509406	1.063442e-08	9.836368e-01	1.000000e-08	2.277802e+04	3.772400e+04
49	392.853511	4.645805e-13	9.048000e-01	4.645805e-13	5.500500e+04	5.598100e+04
49	180.263345	6.237542e-12	7.368000e-01	6.237542e-12	5.139000e+03	4.213400e+04
49	117.741638	8.405618e-09	8.656000e-01	5.442683e-14	2.889100e+04	1.708200e+04
49	170.027814	8.063412e-11	9.272000e-01	2.983089e-18	3.876200e+04	3.952000e+04
49	283.033557	1.089337e-19	7.508000e-01	1.089337e-19	1.718500e+04	5.448600e+04
49	104.962698	3.994666e-11	9.104000e-01	6.656309e-28	1.411000e+04	3.159000e+03
49	132.766665	7.384396e-11	7.648000e-01	6.148584e-14	5.272900e+04	2.967800e+04
49	279.314931	1.152730e-12	9.300000e-01	1.152730e-12	2.679000e+03	9.012000e+03
49	58.374123	1.000000e-05	7.654855e-01	3.067065e-09	4.086522e+04	3.668971e+03
49	384.894579	1.767254e-12	8.768000e-01	1.767254e-12	5.060600e+04	5.425500e+04
49	283.380940	9.785386e-07	8.740027e-01	1.184276e-14	5.290600e+04	2.071000e+04
49	282.728144	1.246834e-14	8.404000e-01	1.246834e-14	2.130400e+04	6.750000e+02
49	281.511848	1.715205e-14	8.628000e-01	5.872400e-27	2.108400e+04	1.253400e+04
49	58.388387	4.127099e-09	9.235269e-01	4.127099e-09	2.949991e+03	4.837516e+04
49	88.161654	7.932828e-10	7.501489e-01	3.602336e-14	3.919102e+04	3.075499e+04
49	12100.092097	7.251909e-09	9.888000e-01	7.023508e-15	5.524000e+04	3.471700e+04
49	142.713099	1.544476e-11	9.608000e-01	9.414829e-13	4.128500e+04	9.202000e+03
49	170.564912	1.515324e-11	8.740000e-01	1.515324e-11	4.541600e+04	2.946000e+03
49	19481.283961	4.555366e-18	7.340000e-01	4.555366e-18	4.742900e+04	5.634500e+04
49	76.650757	8.961893e-06	7.586655e-01	2.971699e-12	5.498003e+04	2.043106e+04
49	308.410920	2.444653e-17	8.124000e-01	6.768167e-22	3.524300e+04	5.550200e+04
49	134.235211	3.537744e-10	8.488000e-01	1.636242e-13	3.713100e+04	1.472700e+04
49	260.798633	2.266949e-12	8.124000e-01	2.266949e-12	5.655400e+04	9.140000e+03
49	60.248609	2.516606e-11	9.412000e-01	1.230234e-13	1.573500e+04	1.167600e+04
49	59.374243	8.079997e-10	9.252048e-01	8.079997e-10	6.893063e+03	5.262603e+04
49	283.629970	6.875469e-15	8.460000e-01	3.953958e-36	2.286000e+04	5.359300e+04
49	59.068004	1.000000e-05	7.647107e-01	1.036732e-09	3.355400e+04	6.291255e+03
49	58.659799	8.186414e-06	7.660974e-01	8.963235e-09	5.802067e+04	1.075496e+03
49	390.902045	6.560719e-13	8.936000e-01	6.560719e-13	5.369100e+04	5.551100e+04
49	1360.385864	1.492241e-07	8.152003e-01	1.000000e-08	5.049900e+04	2.545300e+04
49	84.995492	4.245437e-12	9.860000e-01	3.755965e-17	2.325400e+04	3.294000e+04
49	162.958315	1.983592e-11	8.208000e-01	1.004973e-16	4.486400e+04	3.307900e+04
49	59.571201	1.000000e-05	7.643862e-01	6.877129e-10	4.451186e+04	7.283723e+03
49	360.211270	3.264473e-06	7.760113e-01	5.290698e-11	5.787000e+04	4.032400e+04
49	281.339291	3.960641e-14	7.760000e-01	3.300187e-30	1.738400e+04	2.459200e+04
49	109.804321	1.225908e-15	9.776000e-01	1.096584e-20	4.095200e+04	5.155600e+04
49	139.960624	1.471669e-09	8.656000e-01	1.906953e-16	3.322100e+04	3.056100e+04
49	298.109381	5.699999e-16	9.468000e-01	6.017492e-20	3.072200e+04	4.625000e+04
49	284.607717	4.096039e-16	9.048000e-01	3.764706e-22	3.151800e+04	5.360200e+04
49	138.643096	2.361050e-10	8.600000e-01	1.670877e-14	3.791600e+04	2.001300e+04
49	59.343857	1.000000e-05	7.645028e-01	8.330650e-10	2.806000e+04	6.818012e+03
49	146.885903	7.326820e-11	8.852000e-01	3.496498e-15	4.027600e+04	2.337800e+04
49	91.197747	2.264402e-07	9.720004e-01	9.442237e-13	1.661000e+04	9.081000e+03
49	278.520918	3.024169e-12	7.704000e-01	3.024169e-12	2.362000e+03	9.878000e+03
49	277.674213	3.050674e-10	9.552000e-01	2.674346e-14	1.180000e+02	1.567800e+04
49	60.154306	1.243429e-09	9.748000e-01	1.405327e-13	8.497000e+03	1.335300e+04
49	-1.000000	-1.000000e+00	-1.000000e+00	-1.000000e+00	-1.000000e+00	-1.000000e+00
49	58.352258	3.380118e-06	7.656275e-01	3.844565e-09	5.964926e+04	3.122621e+03
49	335.996555	5.999992e-17	8.404000e-01	4.605845e-21	2.239700e+04	5.614000e+04
49	177.629327	1.722313e-13	7.760000e-01	2.404714e-14	1.379600e+04	5.987500e+04
49	58.362433	1.000000e-05	7.655316e-01	3.296259e-09	4.255410e+04	3.494708e+03
49	278.692598	8.111527e-12	8.264000e-01	1.017910e-18	4.964000e+03	3.916600e+04
49	123.439182	7.141337e-14	7.480000e-01	5.436858e-17	1.209700e+04	4.676400e+04
49	121.331890	1.385647e-09	7.371656e-01	1.383167e-09	3.593000e+04	2.372000e+03
49	139.367527	1.334099e-10	8.880000e-01	3.288059e-14	3.870700e+04	1.799000e+04
49	6630.141781	2.565389e-08	9.804001e-01	4.423600e-11	5.223900e+04	1.379400e+04
49	99.384828	1.426510e-11	7.508000e-01	2.852207e-15	4.931200e+04	3.689300e+04
49	277.755583	8.141682e-13	8.992000e-01	1.792106e-19	1.293400e+04	3.417100e+04
49	198.157075	1.572422e-12	9.804000e-01	1.772836e-19	4.519600e+04	4.558400e+04
49	6844.558754	1.187014e-07	9.300004e-01	4.432523e-14	4.635000e+04	3.034000e+04
49	400.864380	8.429365e-08	8.656000e-01	5.273666e-14	5.433200e+04	5.990100e+04
49	106.073150	1.589663e-08	9.636001e-01	3.364035e-12	2.381000e+04	6.073000e+03
49	-1.000000	-1.000000e+00	-1.000000e+00	-1.000000e+00	-1.000000e+00	-1.000000e+00
49	5435.689969	7.356171e-08	9.188002e-01	2.648404e-13	4.960600e+04	2.607300e+04
49	279.750307	2.826271e-12	7.620000e-01	7.829444e-25	6.895000e+03	3.125000e+03
49	59.481674	4.958703e-06	7.644399e-01	7.342464e-10	5.419930e+04	7.125457e+03
49	277.323127	1.433938e-11	9.272000e-01	1.393308e-15	6.900000e+03	2.028000e+04
49	144.300214	3.266976e-11	9.524000e-01	3.266976e-11	4.000500e+04	5.780000e+02
49	58.417282	5.407694e-08	7.653810e-01	2.619805e-09	4.773699e+04	4.050000e+03
49	63.140071	1.295590e-10	9.287784e-01	1.295590e-10	1.127201e+04	4.783503e+04
49	123.641396	7.826979e-12	7.396000e-01	1.509579e-13	4.918700e+04	2.646400e+04
49	302.299036	1.807215e-18	8.040000e-01	1.807215e-18	2.169200e+04	4.331900e+04
49	312.469743	4.800000e-16	9.552000e-01	1.612458e-22	3.128400e+04	5.996300e+04
49	365.155826	1.000000e-05	9.801889e-01	8.213425e-11	5.560600e+04	4.248900e+04
49	343.562330	1.000000e-05	8.432325e-01	1.827213e-09	5.230200e+04	3.323000e+04
49	111.553407	5.344127e-09	9.608000e-01	5.090444e-13	2.669900e+04	1.067000e+04
49	391.322248	2.046116e-07	7.227999e-01	6.252498e-15	5.838000e+04	5.565900e+04
49	63.234982	8.928274e-08	7.620004e-01	1.173313e-10	3.418500e+04	1.154000e+04
49	278.970449	3.667295e-13	8.544000e-01	1.977912e-30	1.348000e+04	3.258600e+04
49	308.932063	1.797898e-16	9.272000e-01	9.043267e-18	2.101700e+04	3.700600e+04
49	279.211175	4.373818e-13	7.340000e-01	4.373818e-13	1.059600e+04	1.314200e+04
49	365.060397	7.764202e-07	7.676003e-01	1.949568e-11	4.211700e+04	4.244900e+04
49	209.791314	2.694866e-13	9.300000e-01	2.639172e-19	5.299400e+04	4.514600e+04
49	92.237526	1.018083e-10	7.564000e-01	7.431197e-14	4.575200e+04	2.916100e+04
49	283.595361	3.649747e-20	7.508000e-01	3.649747e-20	2.240200e+04	5.719100e+04
49	59.828063	4.815133e-11	9.748000e-01	1.261405e-12	1.618800e+04	8.026000e+03
49	5904.984890	5.200000e-16	8.348000e-01	2.793896e-36	3.737100e+04	5.111500e+04
49	123.842135	3.620647e-09	9.579982e-01	4.499243e-13	1.965000e+03	5.653900e+04
49	281.060877	1.395752e-14	8.768000e-01	1.604151e-16	2.199300e+04	1.996000e+03
49	293.397506	1.415445e-16	8.432000e-01	3.276302e-34	3.207700e+04	4.211500e+04
49	58.437745	1.000000e-05	7.658881e-01	6.013734e-09	4.423816e+04	2.040690e+03
49	71.531369	1.683843e-10	7.579943e-01	6.552417e-12	4.516001e+04	1.841405e+04
49	144.217405	1.072651e-10	9.916000e-01	5.461336e-17	3.247600e+04	3.217300e+04
49	169.605900	4.649038e-12	8.460000e-01	3.184313e-13	7.061000e+03	5.516700e+04
49	279.437168	8.530452e-08	8.320001e-01	4.590037e-12	5.886600e+04	7.089000e+03
49	208.291520	4.162873e-16	9.748000e-01	4.162873e-16	4.295700e+04	5.595000e+03
49	320.419394	4.099643e-16	8.824000e-01	3.533939e-19	2.370400e+04	4.493500e+04
49	63.895272	8.844894e-11	9.285182e-01	1.330887e-11	1.222596e+04	5.626367e+04
49	12574.744392	1.784848e-15	7.312000e-01	3.700679e-20	3.795600e+04	5.116100e+04
49	4924.505568	2.533441e-08	8.964001e-01	3.651098e-14	5.453700e+04	3.080700e+04
49	386.391805	1.709022e-12	8.432000e-01	1.709022e-12	5.214300e+04	5.262400e+04
49	278.056949	3.108790e-12	8.908000e-01	1.338228e-18	9.091000e+03	3.602500e+04
49	68.984486	2.436751e-11	9.272000e-01	2.839500e-14	1.536300e+04	8.668000e+03
49	199.074335	7.337635e-12	9.272000e-01	9.569366e-20	4.476700e+04	4.751100e+04
49	171.230100	1.310321e-13	9.916000e-01	3.534430e-16	4.929300e+04	2.781200e+04
49	684.995393	2.534476e-08	8.208001e-01	1.478949e-10	5.818000e+04	1.091400e+04
49	165.794154	2.569518e-11	8.236000e-01	1.016527e-12	2.444000e+03	5.180400e+04
49	375.709920	2.132294e-12	9.608000e-01	2.132294e-12	4.638200e+04	5.749700e+04
49	140.615465	6.123554e-11	9.020000e-01	1.334374e-12	4.028700e+04	8.910000e+03
49	-1.000000	-1.000000e+00	-1.000000e+00	-1.000000e+00	-1.000000e+00	-1.000000e+00
49	61.333905	1.607230e-09	9.272290e-01	1.607230e-09	5.132138e+03	3.985373e+04
49	277.936848	4.091194e-14	9.048000e-01	3.406579e-32	2.048700e+04	3.380000e+04
49	280.015083	2.805381e-06	9.328076e-01	1.163922e-13	5.548600e+04	1.455900e+04
49	198.169183	2.322328e-14	9.748000e-01	1.250342e-17	5.650000e+04	3.577500e+04
49	343.666786	8.000000e-17	9.608000e-01	7.950470e-21	3.038700e+04	5.272600e+04
49	61.227591	1.000000e-05	7.634561e-01	2.708596e-10	2.535296e+04	9.529012e+03
49	282.256835	1.968925e-14	8.236000e-01	4.937962e-29	1.986200e+04	1.743700e+04
49	709.306220	5.500000e-16	9.244000e-01	1.264289e-36	3.679900e+04	5.287400e+04
49	372.335786	1.870941e-11	8.151997e-01	1.870941e-11	4.526400e+04	4.982100e+04
49	384.411946	2.472695e-12	7.984000e-01	2.472695e-12	5.112200e+04	5.219600e+04
49	280.299298	7.744419e-14	8.292000e-01	7.744419e-14	1.666700e+04	4.401000e+03
49	-1.000000	-1.000000e+00	-1.000000e+00	-1.000000e+00	-1.000000e+00	-1.000000e+00
49	280.065777	7.986533e-14	8.488000e-01	2.263841e-26	1.702800e+04	1.068700e+04
49	143.520423	1.257513e-11	9.832000e-01	8.194892e-15	3.960900e+04	2.041600e+04
49	76.870095	1.153896e-12	9.328000e-01	3.375382e-16	2.283500e+04	2.423000e+04
49	67.934872	2.097754e-11	9.317886e-01	9.684131e-13	1.565905e+04	5.924500e+04
49	113.510743	2.633957e-09	9.720000e-01	1.102152e-12	2.758900e+04	8.719000e+03
49	98.531122	4.996517e-10	7.459685e-01	8.998489e-16	3.973677e+04	3.948610e+04
49	68.793738	1.610652e-07	7.590319e-01	1.621799e-11	2.873702e+04	1.623003e+04
49	357.959083	1.600000e-16	9.636000e-01	9.529546e-22	2.567300e+04	5.772800e+04
49	390.818252	9.999999e-06	7.815964e-01	2.008630e-13	5.748600e+04	5.459100e+04
49	314.361699	1.036105e-17	7.816000e-01	6.226376e-20	3.401400e+04	5.071100e+04
49	111.631872	7.194838e-09	9.552000e-01	9.759046e-14	2.630800e+04	1.468900e+04
49	323.065589	1.157317e-07	7.200000e-01	8.838880e-09	2.454408e+04	3.009679e+04
49	72.696085	8.312620e-10	7.572656e-01	4.530900e-12	4.087235e+04	1.928104e+04
49	278.921572	9.788518e-12	8.460000e-01	2.928623e-15	4.343000e+03	2.155300e+04
49	64.389239	4.387229e-11	9.313071e-01	2.088545e-15	1.399286e+04	1.680600e+04
49	95.855526	6.942494e-12	7.508000e-01	1.542613e-14	9.000000e+02	3.335300e+04
49	376.893088	9.842696e-12	7.732000e-01	9.842696e-12	4.755500e+04	4.991400e+04
49	383.496631	1.697022e-06	7.480004e-01	4.009246e-13	5.979800e+04	5.096100e+04
49	60.850604	1.943857e-10	9.412000e-01	7.465659e-12	1.086700e+04	1.772000e+03
49	61.757920	3.572275e-10	9.748000e-01	1.244354e-14	1.143900e+04	1.914400e+04
49	58.405165	2.703586e-09	9.238831e-01	2.703586e-09	3.973986e+03	5.939999e+04
49	384.161396	1.000000e-05	7.563959e-01	4.540856e-13	5.900200e+04	5.128100e+04
49	104.016529	1.008271e-10	7.441893e-01	9.319098e-17	4.350861e+04	4.486414e+04
49	73.196407	1.778028e-09	7.536000e-01	2.317064e-10	3.740300e+04	9.549000e+03
49	144.199643	4.068971e-10	9.412000e-01	1.420640e-16	3.415400e+04	3.033300e+04
49	58.523392	2.046823e-09	9.241616e-01	2.046823e-09	4.646748e+03	5.485141e+04
49	382.912816	1.000000e-05	9.076031e-01	2.484023e-12	5.437500e+04	5.067100e+04
49	278.434823	2.707032e-12	8.768000e-01	1.536198e-17	8.960000e+03	3.058400e+04
49	347.918689	7.525114e-10	8.767773e-01	7.525114e-10	3.466100e+04	4.330100e+04
49	280.662401	4.788418e-14	8.460000e-01	7.071264e-34	1.819600e+04	4.147300e+04
49	99.342279	1.993993e-09	7.427837e-01	8.651012e-15	3.574600e+04	3.375900e+04
49	59.274213	1.000000e-05	7.645703e-01	8.640070e-10	3.716696e+04	6.732013e+03
49	279.772344	7.925406e-12	8.488000e-01	3.693403e-25	5.900000e+03	2.156000e+03
49	280.218280	6.862489e-11	9.048000e-01	1.077069e-25	2.391000e+03	2.884000e+03
49	280.299535	7.123398e-14	8.404000e-01	1.963307e-30	1.711600e+04	2.241100e+04
49	275.441767	1.623451e-11	9.496000e-01	6.161690e-28	9.036000e+03	2.053400e+04
49	393.012428	1.848739e-06	9.972037e-01	4.544971e-13	5.067100e+04	5.571500e+04
49	151.534622	7.080238e-11	8.432000e-01	8.780192e-16	4.126500e+04	2.736000e+04
49	308.942437	1.153122e-17	7.284000e-01	9.536221e-22	3.593900e+04	5.310700e+04
49	126.749452	2.130972e-09	8.488000e-01	3.216057e-11	3.264500e+04	1.918000e+03
49	58.428875	9.217966e-08	7.658750e-01	5.872649e-09	5.664770e+04	2.098104e+03
49	330.745412	9.768279e-12	8.852000e-01	4.436486e-28	1.746700e+04	7.108000e+03
49	387.822756	3.153478e-06	7.565387e-01	2.232316e-13	4.697600e+04	5.308500e+04
49	389.734186	8.271627e-13	9.496000e-01	8.271627e-13	5.246600e+04	5.465200e+04
49	175.125683	1.621735e-10	7.400799e-01	1.621735e-10	5.196900e+04	1.182600e+04
49	134.288738	3.682121e-10	8.460000e-01	1.306092e-13	3.708500e+04	1.532100e+04
49	286.058161	2.743887e-16	8.880000e-01	6.829470e-33	3.186100e+04	3.827800e+04
49	120.230695	6.150466e-16	7.452000e-01	3.796600e-18	2.429700e+04	5.313000e+04
49	389.546110	8.796305e-13	9.440000e-01	8.796305e-13	5.265700e+04	5.442500e+04
49	61.087606	2.863236e-10	9.265267e-01	2.863236e-10	9.400176e+03	5.432477e+04
49	289.051588	3.888268e-17	7.872000e-01	3.888268e-17	1.994900e+04	3.677300e+04
49	81.003934	1.981135e-10	9.132000e-01	1.394823e-29	1.025800e+04	1.241200e+04
49	191.682012	6.509892e-13	9.076000e-01	9.399762e-30	2.399500e+04	1.218300e+04
49	141.247741	2.220111e-16	9.608000e-01	2.220111e-16	4.345700e+04	1.192900e+04
49	74.435752	1.925353e-15	9.608000e-01	6.484215e-20	3.870500e+04	4.687100e+04
49	11729.102429	3.265817e-08	9.580001e-01	4.347502e-16	5.198500e+04	4.129200e+04
49	65.150561	8.655857e-06	7.620612e-01	5.872626e-11	5.037717e+04	1.322918e+04
49	181.703873	3.792582e-13	8.880000e-01	1.503615e-16	5.345600e+04	3.081700e+04
49	308.376600	3.219560e-14	9.048000e-01	4.589665e-32	3.118100e+04	3.120300e+04
49	278.976032	1.571788e-12	7.984000e-01	2.805008e-19	8.699000e+03	4.085800e+04
49	269.003809	6.405604e-13	9.636000e-01	1.370776e-32	1.886400e+04	3.417900e+04
49	-1.000000	-1.000000e+00	-1.000000e+00	-1.000000e+00	-1.000000e+00	-1.000000e+00
49	356.128649	1.597255e-10	9.327986e-01	1.597255e-10	3.726800e+04	4.454300e+04
49	142.098371	3.045011e-06	7.840003e-01	3.650290e-10	2.730000e+04	8.760000e+03
49	281.667882	3.026093e-14	8.124000e-01	4.589610e-29	1.862300e+04	2.406100e+04
49	189.212849	1.232749e-11	8.992000e-01	4.152184e-29	1.692200e+04	1.198400e+04
49	173.240502	1.845587e-13	7.872000e-01	7.928629e-14	1.379700e+04	5.727600e+04
49	377.321139	6.512070e-12	7.956013e-01	6.512070e-12	4.797000e+04	5.997800e+04
49	277.852396	1.666431e-11	9.076000e-01	9.079530e-17	5.253000e+03	2.780400e+04
49	109.797663	2.553653e-09	9.860000e-01	5.511788e-13	2.590900e+04	1.029200e+04
49	317.739349	2.981491e-07	7.200000e-01	9.997550e-09	2.220803e+04	3.080203e+04
49	69.960287	1.602507e-09	7.586754e-01	1.091553e-11	3.991995e+04	1.719075e+04
49	58.491199	1.000000e-05	7.659548e-01	6.798433e-09	4.746060e+04	1.744076e+03
49	278.646481	1.448383e-12	8.684000e-01	3.294371e-27	1.051000e+04	1.456600e+04
49	337.038358	8.000000e-16	9.608000e-01	1.181488e-20	2.621200e+04	5.165800e+04
49	299.028869	9.275609e-17	7.452000e-01	8.261963e-35	3.130500e+04	4.692200e+04
49	381.589199	5.873636e-06	9.495967e-01	3.739508e-12	5.165700e+04	5.003400e+04
49	375.682196	6.865838e-06	9.580277e-01	1.158830e-11	5.256300e+04	4.725000e+04
49	95.553791	9.985882e-10	7.564000e-01	4.961699e-14	4.020000e+04	3.012500e+04
49	322.834773	7.998272e-17	9.720000e-01	7.193644e-19	2.134100e+04	4.249200e+04
49	162.032171	1.937912e-12	8.992000e-01	1.040159e-14	4.904800e+04	2.061700e+04
49	300.177417	1.482097e-17	8.264000e-01	1.482097e-17	2.595500e+04	3.753800e+04
49	80.088902	3.201938e-14	7.340000e-01	8.839975e-17	1.654900e+04	4.689900e+04
49	58.378084	9.824837e-06	7.654729e-01	3.007986e-09	4.012400e+04	3.716000e+03
49	58.354774	1.000000e-05	7.656735e-01	4.146813e-09	4.354806e+04	2.939605e+03
49	61.575563	1.000000e-05	7.631722e-01	2.338853e-10	2.338196e+04	9.875018e+03
49	7881.400251	1.350797e-08	9.720000e-01	8.427938e-13	5.557700e+04	2.329800e+04
49	335.728563	1.314494e-08	7.200000e-01	9.348391e-09	2.993619e+04	3.600607e+04
49	58.363003	1.000000e-05	7.655283e-01	3.278880e-09	5.261908e+04	3.507496e+03
49	394.908411	9.920572e-07	8.348005e-01	1.522123e-13	4.895800e+04	5.670300e+04
49	58.748574	8.131829e-09	9.230879e-01	8.131829e-09	1.306054e+03	4.322002e+04
49	279.053462	4.717750e-13	8.348000e-01	1.403438e-32	1.244000e+04	3.904600e+04
49	145.313046	7.355468e-11	9.664000e-01	1.336969e-13	1.075500e+04	5.920700e+04
49	358.471653	5.500000e-16	9.888000e-01	9.245165e-22	2.620000e+04	5.755500e+04
49	89.337296	2.841336e-12	7.564000e-01	1.926661e-13	9.170000e+02	2.710500e+04
49	107.526417	1.000000e-05	7.480362e-01	6.080759e-14	4.807700e+04	2.990400e+04
49	92.652238	1.325804e-15	7.340000e-01	3.115567e-19	2.393300e+04	5.996100e+04
49	279.020647	8.437624e-13	8.152000e-01	1.681092e-20	1.060300e+04	4.457300e+04
49	279.934518	1.207068e-13	8.208000e-01	7.381595e-36	1.545400e+04	5.671300e+04
49	78.924464	2.482840e-10	7.543966e-01	6.600049e-13	4.295619e+04	2.386823e+04
49	298.069202	1.021058e-16	7.760000e-01	1.021058e-16	3.152200e+04	2.163200e+04
49	71.618492	1.942230e-09	9.334058e-01	1.942230e-09	4.469052e+03	3.659902e+04
49	136.322180	3.633138e-11	9.916000e-01	2.958858e-15	3.518300e+04	2.277200e+04
49	279.108496	9.091779e-13	8.488000e-01	9.091779e-13	4.648000e+03	1.046900e+04
49	380.403092	6.569226e-06	8.208372e-01	2.377596e-12	5.204100e+04	4.946800e+04
49	149.802395	4.457075e-12	9.692000e-01	3.047549e-14	4.377600e+04	1.739000e+04
49	361.427515	7.800001e-16	9.832000e-01	5.403444e-22	2.394500e+04	5.883600e+04
49	58.803896	1.070495e-08	9.227495e-01	1.000000e-08	6.459930e+02	5.748700e+04
49	293.236266	1.262727e-16	8.264000e-01	1.262727e-16	1.817600e+04	3.246600e+04
49	310.885612	3.699271e-16	9.160000e-01	4.466979e-18	2.438600e+04	3.861600e+04
49	285.555304	1.486676e-15	7.284000e-01	1.486676e-15	2.394100e+04	2.990100e+04
49	357.978411	1.000000e-05	8.405267e-01	1.546462e-10	5.072800e+04	3.935600e+04
49	170.111341	1.841158e-13	7.928000e-01	1.742723e-13	1.388900e+04	5.546600e+04
49	291.640909	7.631123e-18	9.384000e-01	5.346120e-23	4.266900e+04	5.996400e+04
49	205.723188	2.270456e-14	7.704000e-01	2.270456e-14	9.087000e+03	3.204700e+04
49	395.115751	3.196839e-08	7.844001e-01	8.700783e-14	5.793100e+04	5.681300e+04
49	279.161272	2.563685e-13	8.516000e-01	1.552358e-30	1.427900e+04	2.959400e+04
49	368.913999	5.564136e-07	7.340031e-01	2.999421e-12	5.456000e+04	4.418800e+04
49	77.894850	1.264066e-09	7.546429e-01	8.953588e-13	3.896684e+04	2.312604e+04
49	120.127705	5.691237e-09	8.432000e-01	1.015830e-11	3.030700e+04	4.828000e+03
49	108.802367	2.866139e-11	9.104000e-01	6.891743e-29	1.490900e+04	1.252900e+04
49	58.528502	1.000000e-05	7.648384e-01	2.145126e-09	5.084400e+04	4.535000e+03
49	248.003222	1.414942e-10	7.288474e-01	4.163977e-11	4.449400e+04	1.706200e+04
49	72.393965	1.583796e-15	9.608000e-01	2.341946e-17	3.924300e+04	3.314700e+04
49	265.215243	4.935649e-11	8.516001e-01	4.935649e-11	4.847900e+04	7.920000e+02
49	160.553526	5.796747e-12	7.788000e-01	1.387965e-12	5.322000e+03	4.972800e+04
49	2680.832743	2.649059e-08	8.600001e-01	1.629221e-13	5.606100e+04	2.724500e+04
49	71.842794	1.390508e-07	7.571544e-01	5.966083e-12	2.812799e+04	1.858698e+04
49	60.870553	8.002030e-10	9.271454e-01	8.002030e-10	6.846984e+03	4.236000e+04
49	279.724460	1.521795e-13	8.236000e-01	1.157444e-33	1.494900e+04	4.589900e+04
49	625.057128	7.214090e-16	8.964000e-01	4.079046e-36	4.018600e+04	5.298100e+04
49	153.340310	8.886365e-16	9.328000e-01	2.182471e-22	3.986100e+04	5.917500e+04
49	220.511668	6.200000e-16	9.496000e-01	9.488502e-23	3.885700e+04	5.773100e+04
49	312.515277	2.798268e-16	9.636000e-01	4.866428e-18	2.256900e+04	3.810200e+04
49	163.604743	5.980195e-14	9.944000e-01	7.833916e-15	5.021300e+04	2.045900e+04
49	58.990227	1.000000e-05	7.647698e-01	1.113388e-09	5.875901e+04	6.119029e+03
49	359.514693	7.857491e-11	8.936052e-01	7.857491e-11	3.981600e+04	5.153200e+04
49	-1.000000	-1.000000e+00	-1.000000e+00	-1.000000e+00	-1.000000e+00	-1.000000e+00
49	169.264178	8.318119e-15	9.244000e-01	6.988515e-20	3.448700e+04	4.228400e+04
49	278.469064	1.203872e-11	8.572000e-01	1.309221e-18	4.609000e+03	3.818700e+04
49	294.456050	3.110124e-17	8.040000e-01	3.110124e-17	2.700600e+04	3.639900e+04
49	278.925211	5.710484e-13	8.460000e-01	1.301408e-31	1.221600e+04	4.062800e+04
49	164.395113	2.592185e-12	8.375997e-01	4.202694e-15	4.969600e+04	2.375100e+04
49	172.830044	6.508156e-11	9.104000e-01	2.393874e-18	3.986500e+04	4.022600e+04
49	279.044325	6.855547e-13	8.460000e-01	6.855547e-13	3.513000e+03	1.131300e+04
49	72.540041	1.000000e-05	7.704341e-01	2.021549e-10	2.788200e+04	1.021400e+04
49	73.008241	7.064171e-12	7.574882e-01	4.113872e-12	5.283001e+04	1.953805e+04
49	277.912675	3.123696e-13	8.964000e-01	4.733488e-30	1.516600e+04	2.792800e+04
49	387.060946	5.620133e-13	9.384000e-01	5.620133e-13	5.129400e+04	5.866000e+04
49	58.364482	1.000000e-05	7.655219e-01	3.246225e-09	4.347202e+04	3.531696e+03
49	321.490311	1.527013e-07	7.200000e-01	9.857667e-09	2.385913e+04	3.062209e+04
49	3761.747591	5.580702e-08	9.188001e-01	9.454557e-11	5.183500e+04	1.197200e+04
49	298.383927	1.300454e-17	8.068000e-01	1.300454e-17	3.034800e+04	3.826100e+04
49	108.347319	2.270424e-12	9.664000e-01	2.270424e-12	2.280700e+04	4.108000e+03
49	361.350924	1.000000e-05	8.236319e-01	7.571621e-11	5.052800e+04	4.081900e+04
49	276.685317	3.012829e-10	9.552000e-01	8.293538e-16	8.150000e+02	2.343200e+04
49	280.712556	6.170840e-14	8.040000e-01	3.266958e-28	1.676700e+04	1.638900e+04
49	77.100977	3.579691e-07	7.585462e-01	2.690934e-12	5.891027e+04	2.067041e+04
49	58.652287	8.865293e-09	9.228820e-01	8.865293e-09	1.102058e+03	5.767302e+04
49	85.642089	3.162767e-13	9.776000e-01	5.353471e-18	2.814700e+04	3.735900e+04
49	342.179661	1.000000e-05	7.646074e-01	9.205027e-10	3.668900e+04	3.265000e+04
49	289.356319	3.365944e-16	8.600000e-01	2.872973e-33	3.044900e+04	4.120400e+04
49	-1.000000	-1.000000e+00	-1.000000e+00	-1.000000e+00	-1.000000e+00	-1.000000e+00
49	280.024141	1.103813e-13	7.424000e-01	1.103813e-13	1.445000e+04	4.793000e+03
49	145.711667	5.217362e-11	9.300000e-01	3.866003e-15	3.976300e+04	2.263600e+04
49	122.854109	3.247832e-11	9.160000e-01	3.247832e-11	1.450600e+04	4.655800e+04
49	295.260533	7.531115e-16	7.844000e-01	2.431921e-18	8.900000e+03	4.352900e+04
49	69.727801	1.609475e-06	7.606077e-01	1.558153e-11	5.713012e+04	1.643296e+04
49	110.662381	2.771360e-08	8.488001e-01	3.438935e-12	2.627200e+04	7.352000e+03
49	143.529410	9.638803e-11	9.160000e-01	3.871561e-15	3.872000e+04	2.277100e+04
49	296.480952	8.188590e-16	8.236000e-01	3.822684e-17	1.631900e+04	3.536700e+04
49	63.431124	2.573882e-09	9.832000e-01	2.582365e-11	7.769000e+03	8.190000e+02
49	63.569081	6.080574e-08	9.972000e-01	5.113043e-12	4.615000e+03	4.794000e+03
49	9509.919369	2.079066e-08	9.244000e-01	1.529132e-16	5.967500e+04	4.374500e+04
49	96.566852	3.247363e-12	7.480000e-01	4.079623e-15	3.468000e+03	3.665500e+04
49	278.922366	1.354344e-12	8.348000e-01	4.975009e-17	9.725000e+03	2.750900e+04
49	-1.000000	-1.000000e+00	-1.000000e+00	-1.000000e+00	-1.000000e+00	-1.000000e+00
49	277.436466	2.432520e-13	9.048000e-01	1.399542e-30	1.615000e+04	3.064100e+04
49	113.934541	2.664687e-15	9.496000e-01	2.664687e-15	3.734200e+04	9.659000e+03
49	377.893137	9.999999e-06	8.096102e-01	3.428017e-12	5.307800e+04	4.828200e+04
49	280.132075	9.655394e-14	8.236000e-01	1.723957e-28	1.604400e+04	2.019800e+04
49	272.649499	1.760917e-15	9.552000e-01	9.351710e-34	3.179300e+04	4.425500e+04
49	78.021675	6.289163e-12	7.424000e-01	2.665915e-14	3.175000e+03	3.268700e+04
49	146.758265	5.509704e-11	8.852000e-01	7.209657e-15	4.099200e+04	2.165500e+04
49	161.312755	2.818640e-10	9.719999e-01	1.192049e-13	6.558000e+03	5.928300e+04
49	315.397409	4.562347e-07	7.200000e-01	8.341293e-09	2.115989e+04	3.567890e+04
49	68.271404	1.105683e-06	7.592212e-01	1.941670e-11	2.411893e+04	1.579525e+04
49	277.986472	4.687600e-13	8.936000e-01	1.235327e-23	1.404500e+04	5.742100e+04
49	9921.571491	6.368903e-16	7.564000e-01	1.064165e-19	4.049900e+04	4.593900e+04
49	58.358547	3.404007e-09	9.236665e-01	7.031916e-26	3.416933e+03	2.667005e+03
49	60.868882	3.185974e-10	9.263629e-01	3.185974e-10	9.142855e+03	5.604852e+04
49	138.868787	2.043607e-10	9.636000e-01	9.139017e-16	3.462000e+04	2.575600e+04
49	290.124416	8.606270e-18	7.788000e-01	8.606270e-18	2.277600e+04	4.084900e+04
49	256.437360	6.564820e-08	7.928001e-01	6.989223e-11	5.537700e+04	1.273600e+04
49	285.879584	9.987149e-16	8.068000e-01	9.987149e-16	9.896000e+03	2.813100e+04
49	279.662251	1.673602e-13	7.228000e-01	7.450963e-26	1.320400e+04	1.702200e+04
49	60.948520	1.000000e-05	7.636801e-01	3.053499e-10	3.478298e+04	9.245991e+03
49	58.818078	1.347126e-09	9.246061e-01	1.347126e-09	5.657981e+03	5.410998e+04
49	290.362808	1.087618e-16	7.984000e-01	1.087618e-16	2.482600e+04	3.356400e+04
49	357.841522	4.499999e-16	9.636000e-01	1.262848e-21	1.711300e+04	5.714500e+04
49	391.141306	6.025554e-06	9.131977e-01	5.056175e-13	5.732100e+04	5.475400e+04
49	84.615485	2.008484e-10	7.519288e-01	1.151060e-13	4.293709e+04	2.802131e+04
49	320.192032	1.473856e-18	7.424000e-01	4.009413e-19	4.059400e+04	4.389200e+04
49	279.184931	2.139979e-13	8.572000e-01	6.164546e-31	1.485000e+04	3.303800e+04
49	143.103169	1.838286e-10	8.992000e-01	1.073574e-27	1.041900e+04	6.454000e+03
49	195.078238	8.957180e-12	9.860000e-01	4.204060e-20	3.996000e+04	4.884100e+04
49	385.393986	9.354331e-06	9.356032e-01	1.716674e-12	5.119800e+04	5.187900e+04
49	60.361014	4.245281e-10	9.260436e-01	4.245281e-10	8.447000e+03	5.179000e+04
49	286.133779	1.769654e-15	8.516000e-01	4.160676e-33	2.625000e+04	4.045900e+04
49	394.920459	7.401816e-06	8.823982e-01	2.032267e-13	5.934100e+04	5.670900e+04
49	295.967954	1.117756e-16	8.208000e-01	1.197187e-24	3.209100e+04	5.993500e+04
49	321.937947	2.299730e-16	9.272000e-01	6.708132e-19	1.818100e+04	4.307800e+04
49	277.059666	2.897108e-14	7.676000e-01	2.897108e-14	1.161100e+04	2.186400e+04
49	74.357103	1.629385e-09	9.859979e-01	3.789986e-16	9.267000e+03	2.753600e+04
49	358.591107	1.000000e-05	8.040069e-01	1.013771e-10	5.414800e+04	3.962100e+04
49	154.380188	1.338664e-11	7.328571e-01	8.076769e-13	4.725200e+04	1.998500e+04
49	311.828491	8.554800e-06	7.225526e-01	9.474201e-09	5.432177e+04	1.990174e+04
49	276.361298	3.471066e-12	9.272000e-01	5.564629e-28	1.100900e+04	2.207400e+04
49	127.215017	5.153773e-10	9.384000e-01	1.258756e-13	3.369700e+04	1.423000e+04
49	330.179920	1.900000e-16	8.936000e-01	3.318902e-21	2.932300e+04	5.449100e+04
49	286.257869	1.541664e-15	8.544000e-01	1.541664e-15	2.665200e+04	1.557000e+03
49	278.908155	3.204973e-12	7.844000e-01	3.475941e-19	6.640000e+03	4.197200e+04
49	7288.510509	4.077256e-19	8.236000e-01	4.077256e-19	4.918800e+04	5.816100e+04
49	271.002594	1.000000e-05	7.228220e-01	3.233030e-10	5.290900e+04	1.550500e+04
49	190.027720	2.524621e-12	9.692000e-01	8.397904e-19	4.517900e+04	4.208100e+04
49	113.882124	9.621454e-09	9.020000e-01	2.703279e-12	2.766900e+04	7.184000e+03
49	85.075858	2.191013e-12	7.524308e-01	1.098990e-13	5.432779e+04	2.818479e+04
49	73.006525	1.924237e-07	7.620008e-01	8.665920e-12	3.330600e+04	1.782300e+04
49	88.625838	1.971048e-07	9.860003e-01	5.899977e-13	1.521600e+04	1.011600e+04
49	134.445399	1.858860e-12	9.132000e-01	8.873958e-29	2.148900e+04	1.306000e+04
49	58.426276	9.997794e-06	7.653593e-01	2.528781e-09	4.976187e+04	4.135630e+03
49	81.114125	3.626470e-11	7.536898e-01	3.455585e-13	4.758240e+04	2.542742e+04
49	162.179406	1.274528e-10	8.096000e-01	3.251386e-18	4.037600e+04	4.159400e+04
49	61.951681	1.951955e-10	9.272596e-01	1.951955e-10	1.031801e+04	5.068001e+04
49	311.520996	2.954454e-17	7.844000e-01	4.285411e-20	3.387800e+04	4.844000e+04
49	767.705878	6.626892e-08	8.264001e-01	2.872395e-10	5.347100e+04	9.314000e+03
49	152.012235	9.366551e-11	7.426539e-01	9.366551e-11	5.519700e+04	1.271500e+04
49	64.374890	1.483258e-09	7.619905e-01	7.450933e-11	4.406768e+04	1.263501e+04
49	275.182400	1.089778e-12	9.327773e-01	3.753135e-20	1.420400e+04	3.834700e+04
49	388.398535	3.050628e-06	9.187977e-01	8.943482e-13	5.591500e+04	5.336800e+04
49	3411.081748	1.465969e-08	9.076000e-01	6.079091e-11	5.856300e+04	1.303500e+04
49	5180.032021	1.148364e-08	8.880000e-01	4.632593e-15	5.808200e+04	3.571700e+04
49	112.758699	7.989741e-10	7.396000e-01	2.578798e-10	3.728600e+04	7.623000e+03
49	329.023635	9.999999e-06	7.670023e-01	9.010597e-09	5.922411e+04	2.710220e+04
49	125.765529	4.584194e-15	7.452000e-01	3.131939e-18	1.928900e+04	5.357200e+04
49	162.916198	2.350353e-16	9.664000e-01	8.608546e-21	4.355900e+04	1.907100e+04
49	64.953098	1.935988e-06	7.616384e-01	6.120774e-11	2.585327e+04	1.310076e+04
49	158.267280	3.192419e-11	7.732000e-01	7.994498e-18	4.441800e+04	4.126100e+04
49	490.435472	5.545532e-13	8.824000e-01	4.694277e-29	2.434800e+04	1.441700e+04
49	149.267082	1.093112e-11	7.341462e-01	2.076615e-14	4.781000e+04	2.925800e+04
49	104.732438	3.667234e-08	9.440000e-01	7.296188e-12	2.286000e+04	4.350000e+03
49	144.457510	9.209662e-12	7.284000e-01	6.249888e-12	3.490000e+03	4.120300e+04
49	124.877745	2.534968e-09	8.852000e-01	1.760234e-14	3.142300e+04	1.951100e+04
49	139.660436	7.670244e-10	8.320000e-01	6.731246e-16	3.550600e+04	2.823300e+04
49	153.733529	4.751424e-11	9.244000e-01	3.346811e-16	4.020100e+04	2.848500e+04
49	399.938881	3.848572e-08	8.656000e-01	6.440389e-14	5.292800e+04	5.939400e+04
49	299.144489	1.367214e-16	7.424000e-01	7.103628e-18	2.988800e+04	3.818300e+04
49	143.983937	9.822919e-11	8.880000e-01	6.092051e-15	3.947200e+04	2.201800e+04
49	276.934582	1.980215e-14	9.160000e-01	6.628175e-31	2.284500e+04	2.832600e+04
49	65.659085	4.615306e-11	9.300079e-01	2.315497e-12	1.377698e+04	5.834196e+04
49	380.871906	5.648130e-06	9.076021e-01	3.662248e-12	5.240200e+04	4.969100e+04
49	121.678157	1.619769e-08	7.984000e-01	6.713637e-16	2.847100e+04	2.927300e+04
49	279.206114	2.356062e-13	8.516000e-01	4.094506e-26	1.448300e+04	1.042600e+04
49	279.137303	4.665016e-13	8.180000e-01	4.837994e-28	1.214400e+04	2.133800e+04
49	314.406339	7.699933e-16	9.356000e-01	1.576859e-18	2.494400e+04	4.064800e+04
49	279.061373	1.669118e-10	9.384000e-01	2.316351e-26	2.392000e+03	4.762000e+03
49	99.209772	1.684576e-10	7.564000e-01	2.968711e-14	4.450600e+04	3.135700e+04
49	344.640215	2.910846e-09	7.648001e-01	2.910846e-09	3.360100e+04	3.406000e+04
49	281.480152	3.483865e-14	7.480000e-01	6.305403e-28	1.729400e+04	2.070700e+04
49	128.108417	3.128158e-10	9.860000e-01	2.778428e-15	3.111700e+04	2.295400e+04
49	12835.821829	6.927380e-09	9.524000e-01	4.598787e-17	5.880800e+04	4.653600e+04
49	301.378064	6.000000e-17	8.852000e-01	6.920963e-22	3.439200e+04	5.423600e+04
49	107.836477	1.514919e-08	9.524000e-01	1.311558e-13	2.462300e+04	1.400000e+04
49	222.689263	4.934892e-13	7.788000e-01	4.934892e-13	1.207500e+04	5.128100e+04
49	277.496957	1.368308e-14	9.132000e-01	7.706734e-32	2.358200e+04	2.921300e+04
49	138.402614	2.053283e-10	9.916000e-01	9.915994e-17	3.086200e+04	3.077300e+04
49	59.046767	3.054520e-06	7.647278e-01	1.054427e-09	5.104030e+04	6.250567e+03
49	278.820216	2.510904e-11	8.124000e-01	2.504915e-16	1.427000e+03	2.814700e+04
49	281.658392	1.409597e-14	8.656000e-01	9.386982e-35	2.163400e+04	4.445300e+04
49	277.279549	1.478780e-12	9.104000e-01	5.214318e-18	1.196800e+04	2.879900e+04
49	89.604203	7.252269e-10	7.495616e-01	2.250398e-14	3.931946e+04	3.187149e+04
49	273.421407	2.776664e-09	9.980221e-01	2.776664e-09	1.278099e+04	3.914000e+04
49	58.516619	1.000000e-05	7.652187e-01	2.056960e-09	4.718825e+04	4.634961e+03
49	278.353414	3.604343e-11	9.188000e-01	9.256203e-15	3.407000e+03	1.768200e+04
49	117.695115	2.318505e-09	7.380657e-01	2.318505e-09	3.475400e+04	1.386990e+03
49	85.469501	2.877692e-08	7.504161e-01	7.758321e-14	3.028475e+04	2.885932e+04
49	58.490195	1.000000e-05	7.652552e-01	2.168784e-09	4.282419e+04	4.506958e+03
49	279.573155	7.349637e-12	8.572000e-01	2.191660e-26	6.279000e+03	8.259000e+03
49	76.894573	2.176127e-09	7.550453e-01	1.216845e-12	3.772590e+04	2.239205e+04
49	365.531452	8.100024e-16	9.748000e-01	3.493073e-22	1.124400e+04	5.996800e+04
49	197.265694	6.911328e-14	8.208000e-01	6.355892e-18	5.915500e+04	3.966700e+04
49	143.124213	5.354043e-11	8.683999e-01	2.296323e-12	4.145900e+04	8.031000e+03
49	991.868738	2.300000e-16	9.020000e-01	1.706458e-39	3.748400e+04	5.906100e+04
49	340.451700	7.400000e-16	8.992000e-01	3.188897e-21	2.389400e+04	5.537200e+04
49	279.215711	4.458783e-13	7.928000e-01	6.305154e-32	1.182400e+04	4.428800e+04
49	278.786913	4.628217e-13	8.628000e-01	1.505598e-25	1.312600e+04	6.383000e+03
49	223.134953	6.227619e-11	8.908000e-01	6.647447e-30	1.301700e+04	1.391400e+04
49	131.614241	2.428007e-11	9.916000e-01	7.503288e-13	3.619400e+04	9.521000e+03
49	372.322481	1.000000e-05	7.983994e-01	8.454102e-12	4.622900e+04	4.570600e+04
49	116.037145	5.783557e-13	9.972000e-01	5.349984e-19	3.183200e+04	4.281600e+04
49	276.293540	2.082058e-11	9.384000e-01	7.605700e-17	6.718000e+03	2.757200e+04
49	71.649753	2.649316e-15	9.608000e-01	3.104892e-16	3.807000e+04	2.707000e+04
49	72.618555	5.256176e-11	7.575337e-01	4.642612e-12	4.784981e+04	1.923984e+04
49	58.426651	1.000000e-05	7.658674e-01	5.807463e-09	3.623401e+04	2.125024e+03
49	278.900697	4.799570e-12	8.460000e-01	1.537132e-15	6.395000e+03	2.224700e+04
49	377.114752	1.000000e-05	8.767870e-01	6.401146e-12	5.177000e+04	4.791700e+04
49	155.823288	2.153700e-11	9.860000e-01	5.212392e-17	3.778500e+04	3.233000e+04
49	79.960827	1.919476e-10	7.508000e-01	2.676162e-11	4.253900e+04	1.471800e+04
49	282.798038	1.470801e-14	8.208000e-01	3.347102e-30	2.050700e+04	2.105800e+04
49	288.473226	7.097466e-16	8.488000e-01	5.711644e-34	2.836700e+04	4.232300e+04
49	1521.164263	6.273852e-08	8.208002e-01	1.000000e-08	5.540700e+04	2.545100e+04
49	66.517775	4.975710e-08	7.605791e-01	3.500722e-11	3.295296e+04	1.442034e+04
49	156.525288	6.088869e-11	9.664000e-01	3.729093e-17	3.743100e+04	3.326100e+04
49	397.729505	2.031595e-08	8.320000e-01	8.256758e-14	5.987400e+04	5.819900e+04
49	287.858961	1.931571e-15	7.900000e-01	1.220734e-29	2.480700e+04	2.643400e+04
49	113.599308	1.620796e-08	9.104000e-01	1.840280e-14	2.613200e+04	1.909900e+04
49	276.769781	3.455178e-13	9.132000e-01	1.682911e-32	1.573500e+04	3.779500e+04
49	273.148111	2.164686e-13	9.020000e-01	1.854341e-32	2.662300e+04	3.078900e+04
49	439.353681	4.420410e-14	7.872000e-01	4.420410e-14	1.529000e+03	3.040900e+04
49	278.402604	4.154521e-13	8.824000e-01	6.932180e-29	1.395800e+04	2.482000e+04
49	122.980099	1.025102e-09	9.552000e-01	1.032103e-11	3.114400e+04	3.420000e+03
49	-1.000000	-1.000000e+00	-1.000000e+00	-1.000000e+00	-1.000000e+00	-1.000000e+00
49	363.955926	1.000000e-05	8.460073e-01	5.688988e-11	4.990800e+04	4.196000e+04
49	154.926012	1.251333e-11	9.580000e-01	7.296885e-16	4.198500e+04	2.634300e+04
49	15308.062944	1.575546e-17	7.368000e-01	2.564745e-35	4.900400e+04	5.435100e+04
49	160.031851	1.757628e-11	8.292000e-01	4.557302e-16	4.502300e+04	2.924700e+04
49	58.360432	1.000000e-05	7.655440e-01	3.363985e-09	3.872307e+04	3.445506e+03
49	278.020418	6.418079e-12	8.992000e-01	6.410682e-17	7.441000e+03	2.792500e+04
49	61.506837	1.877451e-06	7.634354e-01	2.335698e-10	5.449500e+04	9.893726e+03
49	112.508111	7.750038e-09	9.720000e-01	8.414069e-15	2.491600e+04	2.041400e+04
49	281.340142	9.056350e-12	7.228000e-01	1.970668e-23	3.541000e+03	1.642000e+03
49	66.137621	3.644813e-09	7.608820e-01	3.969079e-11	3.973496e+04	1.412802e+04
49	60.146627	4.786505e-10	9.258640e-01	4.786505e-10	8.157976e+03	5.260295e+04
49	362.733596	3.200025e-16	9.468000e-01	4.504317e-22	1.566500e+04	5.967400e+04
49	291.057974	7.540486e-16	7.480000e-01	1.671589e-34	2.640700e+04	4.899700e+04
49	219.420874	5.984742e-14	9.132000e-01	1.565056e-19	5.739100e+04	4.656100e+04
49	190.205718	2.331486e-13	9.580000e-01	1.212034e-17	5.200500e+04	3.597800e+04
49	291.204935	7.196377e-16	7.200000e-01	2.457842e-16	2.614900e+04	2.910800e+04
49	159.737202	1.760573e-11	7.648000e-01	1.760573e-11	2.779000e+03	4.217700e+04
49	279.189308	2.723667e-13	8.460000e-01	1.441471e-30	1.400500e+04	2.645600e+04
49	261.697219	3.883461e-14	7.256000e-01	3.883461e-14	1.612300e+04	2.790300e+04
49	390.584674	7.098168e-13	8.544000e-01	7.098168e-13	5.383400e+04	5.542800e+04
49	139.011676	1.398956e-10	8.852000e-01	1.334726e-11	3.865900e+04	3.517000e+03
49	244.660080	1.461799e-12	9.663999e-01	1.461799e-12	5.128500e+04	7.952000e+03
49	356.310773	8.700003e-16	9.524000e-01	1.486766e-21	1.612200e+04	5.688300e+04
49	126.818462	4.182415e-09	8.768000e-01	2.407000e-15	3.037500e+04	2.436800e+04
49	116.435937	1.226247e-16	9.468000e-01	2.984514e-17	4.478000e+04	3.111800e+04
49	67.229664	2.728692e-10	9.324657e-01	2.728692e-10	9.309041e+03	4.224002e+04
49	289.059461	1.023674e-15	8.180000e-01	1.580839e-18	2.681600e+04	5.662000e+03
49	118.803011	9.265373e-09	7.984000e-01	4.323822e-14	2.985800e+04	1.923400e+04
49	1174.897097	2.206189e-07	8.012002e-01	4.194640e-16	4.759200e+04	4.143800e+04
49	277.043180	6.581418e-13	7.816000e-01	6.581418e-13	5.509000e+03	2.399000e+04
49	279.194695	4.734962e-13	7.956000e-01	2.796711e-27	1.172400e+04	1.710200e+04
49	313.301277	9.095670e-16	9.888000e-01	4.624075e-18	1.237700e+04	3.804800e+04
49	65.252587	7.413212e-08	9.916003e-01	4.246961e-12	1.432000e+03	5.258000e+03
49	388.398693	8.930078e-06	9.776004e-01	1.089185e-12	5.666700e+04	5.336800e+04
49	373.082643	6.168685e-12	9.523995e-01	6.168685e-12	4.454400e+04	5.279700e+04
49	386.398056	9.048555e-13	9.860000e-01	9.048555e-13	4.819800e+04	5.502500e+04
49	368.939705	9.999996e-06	8.320159e-01	2.129971e-11	5.506400e+04	4.417500e+04
49	294.777301	2.200492e-16	7.928000e-01	2.472753e-35	3.000300e+04	5.369300e+04
49	343.046772	3.315014e-09	7.676098e-01	3.315014e-09	3.283800e+04	3.776800e+04
49	173.743231	1.343408e-11	8.516000e-01	1.182182e-17	4.527000e+04	3.741100e+04
49	10140.760863	6.426386e-09	9.664000e-01	1.029436e-14	5.845900e+04	3.381100e+04
49	164.095767	3.624809e-11	7.788000e-01	1.169990e-12	8.510000e+02	5.015900e+04
49	85.415160	1.338497e-09	9.439999e-01	2.364226e-13	5.369000e+03	5.990300e+04
49	278.947998	2.936894e-12	8.152000e-01	1.280699e-16	7.228000e+03	2.784600e+04
49	687.300376	4.856671e-07	8.040011e-01	3.123718e-13	4.243000e+04	2.571500e+04
49	69.997770	5.197436e-09	7.585715e-01	1.080893e-11	3.694687e+04	1.720797e+04
49	283.325540	1.053984e-14	8.264000e-01	1.053984e-14	2.141300e+04	2.789000e+03
49	113.308441	3.753233e-09	9.804000e-01	1.379998e-14	2.580500e+04	1.917600e+04
49	280.290459	5.065939e-18	7.508000e-01	5.065939e-18	1.456800e+04	4.498700e+04
49	194.816164	5.405105e-12	7.536000e-01	5.405105e-12	5.801000e+03	4.407700e+04
49	279.575231	2.031456e-13	7.536000e-01	2.031456e-13	1.313800e+04	1.700000e+01
49	62.332867	4.008825e-10	9.216000e-01	1.624015e-27	8.576000e+03	4.413000e+03
49	281.786331	9.721737e-07	8.740007e-01	2.890590e-14	5.121100e+04	1.857500e+04
49	2853.356266	4.663914e-08	8.740001e-01	1.233396e-12	5.295100e+04	2.239700e+04
49	330.738771	1.000000e-05	7.900131e-01	9.717463e-09	5.115309e+04	2.782978e+04
49	281.151071	4.518940e-14	7.844000e-01	8.025762e-28	1.719600e+04	2.008700e+04
49	389.523437	2.338770e-06	8.068015e-01	3.555308e-13	5.406300e+04	5.393400e+04
49	335.079471	1.087029e-08	7.770421e-01	1.000000e-08	2.965388e+04	4.535150e+04
49	337.465203	9.798117e-09	7.200000e-01	9.791509e-09	3.066686e+04	4.267922e+04
49	224.643777	3.897738e-07	7.844004e-01	4.700274e-12	4.610400e+04	1.923700e+04
49	123.254417	1.430415e-09	9.104000e-01	1.094633e-12	3.216200e+04	9.287000e+03
49	189.683688	1.010299e-13	9.524000e-01	3.748557e-17	5.445400e+04	3.338900e+04
49	432.366881	1.848311e-12	8.824000e-01	6.113414e-30	2.146200e+04	1.435900e+04
49	121.281904	5.723659e-12	7.399007e-01	4.879197e-14	5.009200e+04	2.941900e+04
49	59.318513	9.055112e-10	9.251990e-01	9.055112e-10	6.613005e+03	4.818202e+04
49	278.756923	1.900588e-11	9.104000e-01	1.213600e-14	5.650000e+03	1.213000e+04
49	60.347323	1.000000e-05	7.660771e-01	1.000000e-08	3.040998e+04	6.619505e+02
49	281.665722	3.483393e-06	9.412094e-01	3.129473e-14	5.352800e+04	1.763100e+04
49	8525.313414	1.547614e-06	9.132000e-01	1.640422e-16	4.933800e+04	4.358300e+04
49	318.282862	2.703625e-07	7.200000e-01	7.989967e-09	2.244924e+04	2.976956e+04
49	79.474121	2.788076e-07	7.527146e-01	5.170024e-13	2.508096e+04	2.433303e+04
49	285.543109	2.980535e-15	8.404000e-01	2.980535e-15	2.473400e+04	2.633000e+03
49	382.216910	3.826477e-12	8.516000e-01	3.826477e-12	5.010600e+04	5.056000e+04
49	189.697338	5.329898e-14	9.580000e-01	6.540924e-17	5.574200e+04	3.203800e+04
49	334.780625	1.421271e-11	8.516000e-01	1.421271e-11	6.215000e+03	4.430300e+04
49	278.830851	7.500573e-12	8.096000e-01	2.426336e-17	4.728000e+03	3.257500e+04
49	176.178116	3.415796e-12	8.040000e-01	5.176783e-14	7.016000e+03	5.887200e+04
49	168.144460	7.509531e-15	7.256000e-01	7.509531e-15	2.091800e+04	3.632600e+04
49	115.004241	4.702399e-15	9.692000e-01	4.702399e-15	3.737900e+04	1.884000e+04
