40	6087.631422	2.073858e-06	6.535009e-01	1.948922e-12	1.805700e+04	1.754300e+04
40	4101.271071	1.708564e-10	6.780000e-01	1.708564e-10	4.900400e+04	7.229000e+03
40	3978.080324	4.208243e-13	7.095000e-01	1.463583e-27	1.428300e+04	1.465700e+04
40	4362.880234	5.069758e-17	8.145000e-01	3.586203e-22	3.818700e+04	5.813100e+04
40	3985.229336	3.376321e-13	7.060000e-01	2.624229e-25	1.475800e+04	1.920000e+03
40	1592.325322	2.858249e-12	7.200000e-01	3.037262e-14	3.026000e+03	3.055500e+04
40	1155.009143	1.000000e-05	7.311781e-01	3.986270e-09	5.482870e+04	1.831584e+03
40	1819.588464	1.092491e-07	9.790000e-01	5.278147e-14	1.767100e+04	1.833200e+04
40	1511.019296	1.372086e-09	7.136527e-01	4.079030e-14	3.946515e+04	2.949916e+04
40	1993.212217	7.060084e-08	9.090001e-01	1.423653e-14	2.262900e+04	2.205800e+04
40	-1.000000	-1.000000e+00	-1.000000e+00	-1.000000e+00	-1.000000e+00	-1.000000e+00
40	1990.479737	2.124457e-08	7.935000e-01	6.984398e-13	2.808400e+04	1.440600e+04
40	2632.259126	6.706978e-13	9.650000e-01	1.432145e-13	4.940000e+04	1.607200e+04
40	3809.133106	7.299857e-13	8.810000e-01	7.299857e-13	5.938500e+04	1.291600e+04
40	2525.759731	3.418419e-10	9.265000e-01	7.090200e-16	3.548400e+04	2.916000e+04
40	7680.778661	1.000000e-05	7.060344e-01	1.233108e-10	4.819900e+04	3.884000e+04
40	4351.830181	1.015856e-15	9.860000e-01	8.777178e-16	8.294000e+03	2.834800e+04
40	1352.014081	4.997604e-07	7.201926e-01	6.755668e-13	2.695300e+04	2.288101e+04
40	1913.914294	4.663387e-15	9.545000e-01	4.467245e-20	3.717100e+04	5.128600e+04
40	1124.526365	1.000000e-05	7.308073e-01	1.141664e-09	4.364874e+04	4.891095e+03
40	2493.870114	2.757615e-11	7.865000e-01	8.356175e-15	4.506200e+04	2.538700e+04
40	2093.190426	1.606793e-08	9.755000e-01	4.467187e-15	2.286200e+04	2.431700e+04
40	6881.483281	4.251945e-06	6.500000e-01	8.449964e-09	1.625176e+04	4.060635e+04
40	6693.339409	4.028215e-06	7.935038e-01	1.037765e-12	3.676500e+04	2.197200e+04
40	1117.282534	3.895826e-10	8.564999e-01	3.895826e-10	7.516000e+03	5.723300e+04
40	1052.239607	1.758124e-11	9.930000e-01	2.073482e-13	2.244200e+04	1.490300e+04
40	2687.786193	6.816732e-10	8.064433e-01	2.112009e-10	6.229016e+03	4.890887e+04
40	7694.009335	9.999999e-06	8.740127e-01	3.413283e-10	5.608400e+04	3.923200e+04
40	8224.586917	7.780649e-06	8.355418e-01	3.503848e-13	5.826900e+04	5.644800e+04
40	1217.971776	7.723862e-06	7.259518e-01	7.383188e-12	5.909429e+04	1.718192e+04
40	13432.839623	1.036198e-19	7.900000e-01	1.036198e-19	4.732400e+04	5.834500e+04
40	1259.327386	1.088771e-09	8.616778e-01	1.088771e-09	4.852073e+03	4.033306e+04
40	7696.521340	3.744417e-10	7.130052e-01	3.744417e-10	3.913200e+04	4.502600e+04
40	1944.170191	3.644139e-08	8.775000e-01	6.190113e-11	2.514500e+04	1.989000e+03
40	2668.435111	8.702622e-13	8.285000e-01	3.979910e-13	1.534200e+04	5.647200e+04
40	4617.049447	4.517792e-06	7.830043e-01	6.762799e-12	3.666700e+04	1.744300e+04
40	7751.645832	2.287340e-10	6.990001e-01	2.287340e-10	4.076700e+04	4.259500e+04
40	3788.838569	2.207052e-11	8.600000e-01	5.688396e-29	8.768000e+03	1.606400e+04
40	4006.493260	6.670241e-14	7.305000e-01	1.487056e-28	1.917700e+04	1.401700e+04
40	1212.343926	1.000000e-05	7.261135e-01	8.298444e-12	3.914703e+04	1.689798e+04
40	7135.270596	2.486763e-07	6.500000e-01	9.173173e-09	2.335988e+04	3.651921e+04
40	3935.375155	4.484306e-12	7.410000e-01	9.104145e-27	9.117000e+03	1.040300e+04
40	2681.631210	1.140830e-15	8.495000e-01	9.498424e-31	3.818200e+04	2.605700e+04
40	3009.908994	6.783786e-16	7.375000e-01	6.783786e-16	5.372000e+03	3.938500e+04
40	3232.361982	3.377606e-13	9.685000e-01	1.870606e-17	5.081000e+04	3.753500e+04
40	1661.596123	3.063765e-13	9.825000e-01	4.194309e-17	2.980000e+04	3.532900e+04
40	1119.426153	2.203761e-10	8.560896e-01	2.203761e-10	8.909053e+03	5.625100e+04
40	3963.985977	1.318647e-13	7.515000e-01	8.867928e-27	1.797400e+04	1.591000e+03
40	1119.749627	5.568749e-10	8.552753e-01	5.568749e-10	6.642949e+03	5.156388e+04
40	1119.584726	1.000000e-05	7.306087e-01	7.646317e-10	3.670581e+04	5.871073e+03
40	3947.097289	4.698111e-13	7.480000e-01	3.652436e-26	1.479100e+04	8.272000e+03
40	4296.708014	2.417058e-17	7.445000e-01	2.417058e-17	2.060700e+04	4.690600e+04
40	2169.568171	1.304687e-08	9.405000e-01	3.543239e-15	2.571300e+04	2.514200e+04
40	8172.471402	2.374626e-06	8.944498e-01	8.868555e-13	4.663600e+04	5.459800e+04
40	3861.664156	2.622484e-10	8.390000e-01	3.506933e-18	1.991000e+03	2.944500e+04
40	1093.892632	1.509598e-14	8.985000e-01	4.277456e-21	3.261500e+04	5.536700e+04
40	3893.270300	1.129999e-11	7.935000e-01	1.059098e-27	8.250000e+03	9.729000e+03
40	1128.839760	7.713316e-06	7.309118e-01	1.468732e-09	5.613051e+04	4.274987e+03
40	6834.113914	7.329893e-06	6.500000e-01	9.472726e-09	1.489376e+04	4.931433e+04
40	3029.884235	5.335257e-13	8.180000e-01	2.505133e-17	5.460600e+04	3.867300e+04
40	3961.350688	2.023625e-16	8.600000e-01	7.139711e-35	3.715000e+04	4.771900e+04
40	4253.892005	5.190189e-17	7.760000e-01	3.335776e-35	3.744700e+04	4.922500e+04
40	1857.784659	1.519976e-07	7.900001e-01	1.951131e-11	2.318100e+04	6.340000e+03
40	2319.970153	6.115461e-11	6.665995e-01	5.974099e-11	1.319993e+03	3.810900e+04
40	4467.882494	6.783089e-06	7.795064e-01	3.356804e-12	3.457400e+04	1.913600e+04
40	1860.990780	4.268250e-08	9.475000e-01	3.248252e-11	2.242100e+04	2.944000e+03
40	1125.052184	1.000000e-05	7.308220e-01	1.180652e-09	4.187201e+04	4.808970e+03
40	2749.951382	1.803803e-13	9.090000e-01	1.747034e-13	5.537600e+04	1.604800e+04
40	3812.845616	4.774357e-15	8.705000e-01	1.037908e-36	3.008800e+04	5.839100e+04
40	6189.719362	9.547047e-16	7.655000e-01	9.547047e-16	3.529000e+03	3.856100e+04
40	2783.923018	1.941319e-11	7.445000e-01	4.149579e-18	4.654300e+04	4.506600e+04
40	34127.597462	2.267127e-08	9.160001e-01	2.330299e-13	5.751500e+04	2.556600e+04
40	1952.687946	2.211773e-08	8.950000e-01	1.875366e-12	2.596000e+04	1.034600e+04
40	1701.581073	4.561310e-07	9.300003e-01	1.763177e-11	1.724900e+04	4.557000e+03
40	-1.000000	-1.000000e+00	-1.000000e+00	-1.000000e+00	-1.000000e+00	-1.000000e+00
40	2309.989090	6.214255e-09	8.460000e-01	4.290520e-16	3.025800e+04	3.132400e+04
40	2128.658346	1.507222e-09	9.124998e-01	7.797529e-12	3.224000e+04	6.721000e+03
40	8117.960534	8.799540e-06	8.564650e-01	1.635205e-12	5.094200e+04	5.270800e+04
40	2144.968746	2.378353e-08	8.600000e-01	2.300279e-15	2.659200e+04	2.705400e+04
40	5148.189776	1.073301e-20	8.320000e-01	1.073301e-20	2.677200e+04	5.686200e+04
40	1638.360863	2.955585e-16	6.920036e-01	2.365287e-19	2.899900e+04	5.885200e+04
40	1141.025657	9.919998e-06	7.310837e-01	2.504741e-09	5.975201e+04	2.968997e+03
40	-1.000000	-1.000000e+00	-1.000000e+00	-1.000000e+00	-1.000000e+00	-1.000000e+00
40	1183.103912	2.692178e-14	6.780000e-01	2.097991e-16	1.934300e+04	4.395900e+04
40	3096.437639	5.075469e-12	9.370000e-01	1.395034e-17	4.574600e+04	3.848600e+04
40	3971.722737	5.182757e-13	7.130000e-01	9.884507e-26	1.383800e+04	5.810000e+03
40	1983.215850	3.689775e-08	8.005000e-01	4.539350e-14	2.657700e+04	2.088600e+04
40	6926.388497	1.770209e-06	7.795117e-01	1.000000e-08	1.691500e+04	3.781200e+04
40	-1.000000	-1.000000e+00	-1.000000e+00	-1.000000e+00	-1.000000e+00	-1.000000e+00
40	2893.214947	4.479853e-11	7.795000e-01	1.515576e-18	4.388000e+04	4.616600e+04
40	1233.734434	1.611443e-11	7.060000e-01	1.631211e-13	2.326000e+03	2.698400e+04
40	3936.003848	3.294848e-11	8.460000e-01	3.294848e-11	5.776900e+04	4.151000e+03
40	1169.162140	1.000000e-05	7.312155e-01	5.879406e-09	3.727015e+04	8.799404e+02
40	4122.900509	7.458596e-16	8.075000e-01	6.920491e-16	2.048000e+04	3.102000e+04
40	-1.000000	-1.000000e+00	-1.000000e+00	-1.000000e+00	-1.000000e+00	-1.000000e+00
40	-1.000000	-1.000000e+00	-1.000000e+00	-1.000000e+00	-1.000000e+00	-1.000000e+00
40	1543.358780	7.129433e-10	7.123285e-01	2.151555e-14	4.081399e+04	3.099502e+04
40	997.101058	1.956996e-10	9.055000e-01	7.284135e-14	1.023300e+04	1.649800e+04
40	3001.325962	1.176306e-09	8.005000e-01	1.176306e-09	4.898000e+03	5.756400e+04
40	5103.949255	9.299981e-16	8.740000e-01	4.943219e-20	2.662600e+04	5.193000e+04
40	3412.113877	1.020846e-13	8.145000e-01	5.306011e-19	5.887700e+04	4.788800e+04
40	2363.399374	1.987519e-09	8.775000e-01	1.145758e-15	3.246700e+04	2.852200e+04
40	2115.792778	2.833435e-10	9.860000e-01	2.294899e-12	3.162400e+04	9.175000e+03
40	1169.063618	1.000000e-05	7.235225e-01	5.615679e-10	4.199100e+04	6.598000e+03
40	7343.235345	2.499489e-08	6.500000e-01	8.555431e-09	2.914483e+04	3.363832e+04
40	-1.000000	-1.000000e+00	-1.000000e+00	-1.000000e+00	-1.000000e+00	-1.000000e+00
40	1136.621673	1.000000e-05	7.310351e-01	2.106263e-09	4.251704e+04	3.392993e+03
40	3719.118104	1.755380e-13	9.650000e-01	1.755380e-13	5.791700e+04	1.558700e+04
40	37027.961982	2.448378e-08	9.615001e-01	3.217733e-11	5.667600e+04	1.369200e+04
40	1873.285315	3.379211e-11	6.955000e-01	1.893916e-15	4.668100e+04	3.598300e+04
40	1153.471089	1.069641e-09	8.563458e-01	1.069641e-09	5.013014e+03	4.386998e+04
40	4095.613603	3.422090e-14	9.580000e-01	3.422090e-14	6.597000e+03	1.971600e+04
40	4470.650519	1.194250e-16	9.230000e-01	8.851207e-17	2.074100e+04	3.436700e+04
40	-1.000000	-1.000000e+00	-1.000000e+00	-1.000000e+00	-1.000000e+00	-1.000000e+00
40	3896.040248	8.172977e-13	7.900000e-01	5.771913e-27	1.453900e+04	6.815000e+03
40	2331.370465	1.308246e-09	9.440000e-01	3.388767e-15	3.135400e+04	2.523400e+04
40	2556.638870	3.627944e-12	8.845000e-01	7.742023e-13	4.837300e+04	1.266000e+04
40	4066.729447	7.292485e-14	6.570000e-01	7.292485e-14	1.770900e+04	3.223000e+03
40	1024.737135	4.203104e-10	9.230000e-01	1.316336e-12	8.907000e+03	9.969000e+03
40	2621.475790	5.030056e-11	6.920000e-01	1.152839e-12	2.184000e+03	5.046600e+04
40	2099.968916	1.889855e-12	7.480000e-01	1.889855e-12	3.016000e+03	2.054100e+04
40	1129.706347	1.482743e-09	8.545056e-01	1.482743e-09	4.251013e+03	5.266500e+04
40	1147.787776	1.882752e-10	8.631446e-01	4.328897e-11	9.276000e+03	5.904500e+04
40	4624.231159	9.942833e-17	9.335000e-01	1.894662e-17	1.832200e+04	3.794900e+04
40	1559.030402	2.927154e-08	7.025000e-01	3.204147e-11	3.001600e+04	1.265400e+04
40	2759.289308	9.692879e-12	9.405000e-01	6.927662e-16	4.396800e+04	2.911200e+04
40	2096.891297	6.659072e-09	9.755000e-01	1.265430e-14	2.508100e+04	2.181500e+04
40	3964.699186	1.550467e-12	6.745000e-01	8.361862e-26	1.054300e+04	1.002400e+04
40	1163.756365	5.010625e-09	8.541095e-01	5.010625e-09	1.270838e+03	4.971181e+04
40	7057.552599	9.500000e-16	9.580000e-01	9.984169e-22	4.317500e+04	5.992200e+04
40	3997.000819	3.358294e-14	8.285000e-01	3.358294e-14	1.967000e+03	2.129400e+04
40	2920.746187	1.991187e-10	8.215000e-01	9.881491e-19	3.939500e+04	4.623500e+04
40	-1.000000	-1.000000e+00	-1.000000e+00	-1.000000e+00	-1.000000e+00	-1.000000e+00
40	3956.853491	2.442486e-13	7.480000e-01	1.657719e-25	1.638900e+04	8.560000e+02
40	1154.133290	3.558976e-09	8.542838e-01	3.558976e-09	2.105970e+03	4.698501e+04
40	3243.856325	1.082124e-12	8.565000e-01	2.303641e-18	5.203600e+04	4.370700e+04
40	3998.578132	3.093867e-14	7.515000e-01	1.343101e-31	2.150500e+04	2.531700e+04
40	1369.548741	5.309858e-09	7.202832e-01	5.294417e-13	3.864193e+04	2.349203e+04
40	4118.718510	6.488505e-14	9.825000e-01	5.988660e-21	5.340500e+04	5.634000e+04
40	1228.591908	1.124939e-10	8.624708e-01	1.124939e-10	1.042298e+04	4.630200e+04
40	1118.160886	1.000000e-05	7.298130e-01	2.316909e-10	4.637302e+04	8.787988e+03
40	-1.000000	-1.000000e+00	-1.000000e+00	-1.000000e+00	-1.000000e+00	-1.000000e+00
40	-1.000000	-1.000000e+00	-1.000000e+00	-1.000000e+00	-1.000000e+00	-1.000000e+00
40	2080.312974	3.627201e-09	8.985000e-01	1.886894e-12	3.042900e+04	1.030600e+04
40	2728.445939	7.165423e-11	9.755000e-01	1.143958e-16	3.650900e+04	3.313300e+04
40	3434.428672	7.506777e-11	9.475000e-01	6.362633e-12	8.849000e+03	5.033400e+04
40	3995.750962	3.032705e-13	6.920000e-01	9.815843e-28	1.478300e+04	1.729100e+04
40	3970.730562	9.839535e-13	9.895000e-01	3.792037e-21	4.511500e+04	5.732700e+04
40	7488.396990	3.050763e-09	7.510133e-01	3.050763e-09	3.323700e+04	5.083800e+04
40	8316.990443	2.516701e-08	7.935000e-01	7.614042e-14	5.998600e+04	5.984200e+04
40	1974.306236	1.514244e-11	6.955195e-01	9.622456e-12	4.885600e+04	1.529600e+04
40	1270.066604	1.227967e-07	9.929861e-01	1.578603e-13	1.063000e+03	1.556500e+04
40	2093.684715	1.429375e-08	9.055000e-01	1.974507e-14	2.675400e+04	2.131000e+04
40	1117.338384	1.000000e-05	7.299165e-01	2.643544e-10	5.058502e+04	8.465988e+03
40	1811.247390	4.528321e-11	6.989978e-01	1.001382e-11	4.635700e+04	1.547100e+04
40	5215.155480	8.599955e-16	8.565000e-01	1.196596e-20	1.480300e+04	5.620300e+04
40	2954.893309	3.008860e-13	9.020000e-01	7.832064e-16	5.424100e+04	2.920900e+04
40	4168.052924	1.818532e-15	7.235000e-01	5.060313e-36	2.778200e+04	5.637900e+04
40	2633.211693	1.220467e-11	9.160000e-01	5.017632e-15	4.434300e+04	2.456300e+04
40	1334.167491	2.685598e-06	7.208508e-01	9.091531e-13	2.310604e+04	2.217295e+04
40	2018.924106	1.170545e-08	8.495000e-01	4.624399e-12	2.860900e+04	8.691000e+03
40	1133.967674	1.000000e-05	7.287933e-01	8.020694e-11	2.876503e+04	1.137398e+04
40	4611.511403	1.868164e-06	7.830018e-01	6.867065e-12	4.101000e+04	1.740600e+04
40	6889.170246	8.194643e-07	9.019635e-01	1.000000e-08	1.637700e+04	4.433300e+04
40	1115.495568	1.991409e-12	6.780000e-01	1.697370e-15	8.998000e+03	3.911700e+04
40	1411.521980	5.155584e-07	7.162638e-01	2.174788e-13	2.514400e+04	2.549801e+04
40	2181.755421	3.683583e-10	7.235000e-01	2.341817e-16	4.255700e+04	4.165000e+04
40	1719.791179	8.890922e-07	8.495014e-01	5.869338e-13	1.772100e+04	1.370700e+04
40	1182.320393	1.000000e-05	7.311685e-01	7.904986e-09	2.922394e+04	1.530399e+02
40	5669.009571	3.293987e-08	6.640000e-01	7.029607e-11	3.571200e+04	1.549700e+04
40	-1.000000	-1.000000e+00	-1.000000e+00	-1.000000e+00	-1.000000e+00	-1.000000e+00
40	4027.844271	1.873472e-13	6.535000e-01	7.888796e-28	1.537600e+04	1.662200e+04
40	1126.450835	1.000000e-05	7.306653e-01	1.125651e-09	2.689089e+04	4.921040e+03
40	1813.498100	6.396518e-09	8.752147e-01	6.396518e-09	2.849897e+02	3.307200e+04
40	4327.006665	1.439097e-16	7.235000e-01	9.501033e-35	3.389200e+04	4.581200e+04
40	2702.123235	6.175976e-12	9.335000e-01	2.884893e-15	4.543100e+04	2.574200e+04
40	1591.910897	4.098369e-09	8.844998e-01	1.785300e-12	1.404000e+03	5.692700e+04
40	1112.118330	1.803778e-11	8.600000e-01	3.105666e-15	1.517400e+04	2.079100e+04
40	15983.081647	2.371458e-08	8.565001e-01	7.210423e-12	5.908100e+04	1.730300e+04
40	2120.560983	6.034503e-09	7.900000e-01	2.075352e-14	3.131400e+04	2.305400e+04
40	1673.467685	4.305042e-07	9.615006e-01	1.107312e-12	1.581300e+04	1.107000e+04
40	8032.177983	6.247201e-12	7.969951e-01	6.247201e-12	4.907500e+04	5.206900e+04
40	1187.125425	2.654933e-07	7.237585e-01	2.142095e-11	4.040700e+04	1.458200e+04
40	1368.208266	6.868259e-16	6.780000e-01	6.232242e-18	2.801700e+04	5.210700e+04
40	3000.831413	3.490421e-14	9.230000e-01	3.043081e-15	5.910000e+04	2.573600e+04
40	2297.486823	3.118765e-10	8.110000e-01	1.544281e-13	3.849500e+04	1.770900e+04
40	3940.833753	5.412127e-15	9.965000e-01	3.537942e-20	5.537900e+04	5.209800e+04
40	1137.864058	9.873733e-06	7.310503e-01	2.215995e-09	4.792210e+04	3.268730e+03
40	1816.358035	2.328325e-07	8.880004e-01	2.770352e-13	2.022200e+04	1.506300e+04
40	7889.949776	3.054302e-08	7.830000e-01	7.892915e-15	5.928800e+04	3.361700e+04
40	6083.628270	3.536792e-10	6.507453e-01	1.715079e-13	4.593100e+04	3.764200e+04
40	2839.938123	2.922281e-13	9.720000e-01	3.702766e-15	5.091100e+04	2.485300e+04
40	2469.272573	1.759643e-12	9.895000e-01	3.445063e-13	4.378100e+04	1.378000e+04
40	4274.323405	6.749856e-16	8.915000e-01	6.749856e-16	2.112600e+04	2.978900e+04
40	3969.575279	8.722191e-13	6.955000e-01	4.884888e-25	1.226800e+04	3.725000e+03
40	5474.872838	3.377904e-16	6.570000e-01	8.903855e-17	2.428800e+04	4.923500e+04
40	2333.633560	1.282098e-09	8.705000e-01	3.583321e-15	3.374400e+04	2.585900e+04
40	1125.784532	1.000000e-05	7.308420e-01	1.235975e-09	5.005608e+04	4.696990e+03
40	1366.124171	2.237927e-08	9.614918e-01	1.031686e-14	9.700000e+02	2.214400e+04
40	971.742602	2.600340e-12	6.605000e-01	1.899543e-12	8.795000e+03	2.475900e+04
40	8133.197453	7.604774e-06	8.075004e-01	1.078353e-12	5.750700e+04	5.323200e+04
40	1154.602665	1.000000e-05	7.268523e-01	7.261736e-11	2.031499e+04	1.154901e+04
40	2003.335584	2.533574e-16	8.670000e-01	2.214916e-21	4.188800e+04	5.505800e+04
40	1126.878356	2.223810e-06	7.308689e-01	1.318486e-09	5.689514e+04	4.538938e+03
40	7694.184808	4.014136e-10	6.989987e-01	4.014136e-10	3.910600e+04	4.498100e+04
40	1591.145672	3.961770e-11	7.114597e-01	9.798536e-15	4.797355e+04	3.287849e+04
40	5136.367931	3.699999e-16	8.145000e-01	6.892443e-21	2.584400e+04	5.788600e+04
40	5093.616639	6.899984e-16	9.825000e-01	4.592201e-19	2.523900e+04	4.630100e+04
40	3202.477242	4.591481e-09	8.797579e-01	4.591481e-09	1.442008e+03	3.278600e+04
40	3812.670051	5.180007e-15	8.705000e-01	7.242570e-37	2.987500e+04	5.820800e+04
40	14282.855076	1.611537e-07	8.635004e-01	1.983203e-09	5.048400e+04	3.665000e+03
40	2622.442136	1.380159e-12	8.285000e-01	1.054093e-12	5.203700e+04	1.270600e+04
40	-1.000000	-1.000000e+00	-1.000000e+00	-1.000000e+00	-1.000000e+00	-1.000000e+00
40	3936.828920	1.352737e-13	8.040000e-01	1.352737e-13	1.522000e+03	1.842000e+04
40	1207.995239	1.081681e-13	6.850000e-01	2.782279e-16	1.566400e+04	4.288300e+04
40	8153.020757	9.860161e-06	7.550170e-01	5.881897e-13	5.922200e+04	5.391900e+04
40	1182.788951	4.661021e-16	9.125000e-01	1.005973e-16	4.121200e+04	3.198100e+04
40	4790.511205	3.457030e-10	6.640000e-01	3.277362e-16	4.008300e+04	3.923900e+04
40	2441.601266	1.476893e-15	9.125000e-01	1.476893e-15	3.787100e+04	1.689700e+04
40	1123.450772	1.000000e-05	7.293860e-01	1.401817e-10	5.176715e+04	1.001431e+04
40	5156.729589	3.599648e-16	9.895000e-01	2.892924e-19	1.136800e+04	4.736800e+04
40	1152.756601	4.511464e-11	8.585542e-01	4.511464e-11	1.276896e+04	5.502499e+04
40	2352.488105	3.827008e-11	9.650000e-01	3.188006e-13	3.908400e+04	1.411300e+04
40	2147.587256	2.542308e-10	9.825000e-01	2.369930e-11	3.248200e+04	3.507000e+03
40	2266.175228	1.200713e-08	8.950000e-01	8.097333e-16	2.747900e+04	2.913900e+04
40	-1.000000	-1.000000e+00	-1.000000e+00	-1.000000e+00	-1.000000e+00	-1.000000e+00
40	1087.148425	5.460983e-10	8.740000e-01	6.601197e-12	7.061000e+03	3.748000e+03
40	1537.006897	1.351927e-16	9.300000e-01	1.351927e-16	4.477600e+04	3.066300e+04
40	-1.000000	-1.000000e+00	-1.000000e+00	-1.000000e+00	-1.000000e+00	-1.000000e+00
40	2634.439304	4.209069e-07	7.515015e-01	2.547159e-13	4.429900e+04	2.534300e+04
40	1963.791708	2.407765e-09	9.019999e-01	4.482727e-12	2.044000e+03	5.240000e+04
40	1728.465564	4.687401e-15	6.990000e-01	3.014096e-18	2.185200e+04	5.269300e+04
40	4899.065655	6.699944e-16	9.405000e-01	1.491926e-18	2.506200e+04	4.380200e+04
40	7138.446789	2.401040e-07	6.500000e-01	9.431686e-09	2.344800e+04	2.666900e+04
40	1141.710418	3.790431e-13	9.370000e-01	1.973117e-16	2.611900e+04	3.127800e+04
40	-1.000000	-1.000000e+00	-1.000000e+00	-1.000000e+00	-1.000000e+00	-1.000000e+00
40	-1.000000	-1.000000e+00	-1.000000e+00	-1.000000e+00	-1.000000e+00	-1.000000e+00
40	3267.616929	8.264173e-12	9.685000e-01	1.458233e-18	4.262500e+04	4.356100e+04
40	1072.465587	3.205930e-11	9.685000e-01	6.655402e-14	1.732700e+04	1.766200e+04
40	1187.354472	1.000000e-05	7.268570e-01	1.455543e-11	3.250839e+04	1.553165e+04
40	4248.784561	2.674024e-17	7.690000e-01	2.674024e-17	2.814800e+04	3.973300e+04
40	1169.742727	1.000000e-05	7.274342e-01	2.280849e-11	3.545100e+04	1.443918e+04
40	2908.816790	3.961850e-17	7.305000e-01	3.961850e-17	1.719700e+04	4.588400e+04
40	7387.346408	1.207138e-08	7.042357e-01	1.000000e-08	3.035856e+04	4.303381e+04
40	1128.091473	3.865252e-12	9.405000e-01	8.170473e-16	2.076100e+04	2.798600e+04
40	-1.000000	-1.000000e+00	-1.000000e+00	-1.000000e+00	-1.000000e+00	-1.000000e+00
40	3882.399315	3.135666e-14	9.720000e-01	9.377385e-20	5.653700e+04	5.001700e+04
40	-1.000000	-1.000000e+00	-1.000000e+00	-1.000000e+00	-1.000000e+00	-1.000000e+00
40	2414.177114	1.264301e-14	6.780000e-01	1.264301e-14	2.186500e+04	3.252100e+04
40	3948.629972	2.116508e-06	8.879978e-01	3.368106e-12	4.530100e+04	9.183000e+03
40	4280.008917	3.601672e-17	8.005000e-01	3.601672e-17	1.092800e+04	3.831000e+04
40	3952.584055	1.043098e-11	6.500000e-01	5.021450e-12	5.561000e+03	1.432300e+04
40	2197.885555	7.984385e-10	8.915000e-01	9.700423e-13	3.445000e+04	1.200600e+04
40	2628.741342	8.486056e-12	7.620000e-01	7.709300e-16	4.842400e+04	3.181200e+04
40	3977.090180	3.996424e-13	7.130000e-01	2.721185e-27	1.447200e+04	1.137400e+04
40	1119.775145	1.000000e-05	7.296989e-01	2.341410e-10	2.704188e+04	8.758040e+03
40	4529.054753	4.813965e-17	6.850000e-01	4.542091e-34	3.578700e+04	5.093400e+04
40	3795.337210	1.192679e-13	8.845000e-01	4.488295e-20	5.700300e+04	5.261000e+04
40	3214.676621	1.436464e-11	9.720000e-01	1.676329e-18	4.090900e+04	4.320000e+04
40	3951.611502	3.328758e-12	6.955000e-01	4.627961e-27	9.003000e+03	1.339200e+04
40	4589.055619	2.277497e-16	8.635000e-01	5.525627e-18	1.159400e+04	4.168800e+04
40	1142.601737	1.000000e-05	7.284023e-01	5.564165e-11	2.839600e+04	1.226500e+04
40	4373.403325	2.763809e-10	7.869158e-01	1.397842e-10	8.436987e+03	5.153300e+04
40	1989.791284	1.320961e-08	9.055000e-01	3.142704e-11	2.696900e+04	3.369000e+03
40	4030.404577	2.869546e-14	8.495000e-01	2.869546e-14	1.171100e+04	2.126300e+04
40	1812.413929	3.203439e-08	9.755002e-01	6.380164e-12	2.115100e+04	6.730000e+03
40	3952.143654	3.660389e-12	6.885000e-01	1.451771e-23	8.661000e+03	8.040000e+02
40	4058.654578	4.498442e-14	9.055000e-01	4.498442e-14	1.056600e+04	1.948400e+04
40	1157.571100	3.799866e-09	8.543407e-01	3.799866e-09	1.944063e+03	4.584604e+04
40	2527.795886	2.037496e-15	7.340000e-01	2.037496e-15	9.283000e+03	3.682800e+04
40	7170.062375	1.693690e-07	6.500000e-01	8.419536e-09	2.432502e+04	4.288534e+04
40	7161.987259	1.851546e-07	6.500000e-01	9.481590e-09	2.410102e+04	3.626935e+04
40	1873.513312	1.808111e-07	8.005003e-01	3.924565e-14	2.257700e+04	2.122600e+04
40	3792.611476	3.984736e-11	8.600000e-01	1.342169e-28	7.328000e+03	1.373700e+04
40	2660.021676	2.192565e-12	8.005000e-01	7.191540e-15	5.131500e+04	2.543100e+04
40	2087.201417	4.087655e-10	9.860000e-01	3.447984e-12	3.069800e+04	8.183000e+03
40	80547.718173	8.093607e-17	6.500000e-01	8.011252e-17	4.400300e+04	4.457700e+04
40	3061.896392	1.727630e-11	6.780000e-01	4.762216e-17	4.792800e+04	4.448900e+04
40	1437.065105	1.590642e-13	6.990000e-01	3.873188e-16	1.377600e+04	4.149200e+04
40	1121.521190	1.000000e-05	7.295205e-01	1.691483e-10	3.036093e+04	9.554863e+03
40	1118.159083	6.285151e-10	8.550485e-01	6.285151e-10	6.350061e+03	5.748951e+04
40	4030.449642	3.398951e-16	8.460000e-01	2.383483e-34	3.505000e+04	4.637000e+04
40	7376.997059	2.155714e-08	7.409997e-01	1.000000e-08	2.936500e+04	3.172700e+04
40	1232.997924	1.000000e-05	7.255276e-01	5.477368e-12	3.755602e+04	1.790698e+04
40	111022.200813	2.700000e-16	7.690000e-01	7.466403e-36	4.435800e+04	5.663600e+04
40	1305.481353	2.649588e-07	9.962822e-01	7.922563e-14	7.889998e+02	1.721600e+04
40	1891.021607	9.354704e-16	8.775000e-01	9.354704e-16	3.870000e+04	1.402100e+04
40	7432.047060	9.294304e-09	6.500000e-01	8.521923e-09	3.164399e+04	3.529219e+04
40	1060.167353	1.500495e-10	8.880000e-01	1.783452e-11	1.049200e+04	2.357000e+03
40	1232.302147	1.071565e-14	7.025000e-01	4.291295e-15	2.028600e+04	3.571500e+04
40	1671.528875	2.417969e-16	9.440000e-01	5.552322e-20	4.356300e+04	5.053900e+04
40	4173.925335	8.140726e-17	7.725000e-01	8.140726e-17	1.740600e+04	3.705700e+04
40	2156.031978	1.940899e-09	8.565000e-01	2.940654e-11	3.301700e+04	4.082000e+03
40	2800.360533	1.771818e-09	6.920000e-01	1.771818e-09	4.447400e+04	2.898000e+03
40	5495.499397	2.600460e-16	9.895000e-01	1.604169e-20	1.480000e+02	5.412600e+04
40	1137.166574	1.000000e-05	7.310394e-01	2.150561e-09	3.714706e+04	3.342002e+03
40	1632.528728	1.323919e-15	9.405000e-01	2.525270e-20	3.943300e+04	5.235800e+04
40	1116.601827	2.402152e-09	9.230000e-01	3.896598e-11	4.680000e+03	1.726000e+03
40	2706.722107	4.421400e-13	9.825000e-01	1.639282e-14	4.862600e+04	2.119400e+04
40	-1.000000	-1.000000e+00	-1.000000e+00	-1.000000e+00	-1.000000e+00	-1.000000e+00
40	7426.869187	3.623937e-09	8.704994e-01	3.623937e-09	3.095000e+04	4.001500e+04
40	4001.265299	2.966815e-13	6.815000e-01	2.966815e-13	1.466600e+04	2.435000e+03
40	6673.844273	2.553418e-11	7.725000e-01	8.929352e-27	1.423100e+04	3.333000e+03
40	4049.678586	3.395993e-16	8.389997e-01	2.065351e-35	3.475600e+04	5.140300e+04
40	1218.886980	1.688897e-10	8.617135e-01	1.688897e-10	9.438080e+03	4.544601e+04
40	2009.106559	4.545352e-08	8.600001e-01	2.184817e-14	2.496600e+04	2.159200e+04
40	-1.000000	-1.000000e+00	-1.000000e+00	-1.000000e+00	-1.000000e+00	-1.000000e+00
40	2795.585708	8.560848e-12	7.095000e-01	4.614532e-14	6.805000e+03	5.955500e+04
40	975.124801	3.075232e-12	6.640000e-01	4.538860e-13	8.363000e+03	2.748600e+04
40	2944.574176	9.486860e-11	9.195000e-01	8.051026e-18	3.896100e+04	3.994300e+04
40	2665.257063	4.142600e-13	9.684999e-01	1.052525e-13	5.035200e+04	1.679600e+04
40	1144.342213	1.000000e-05	7.283666e-01	5.065949e-11	3.821803e+04	1.249598e+04
40	2603.749661	1.121132e-12	9.650000e-01	1.321665e-13	4.808500e+04	1.626400e+04
40	8114.505706	5.307158e-06	7.690599e-01	1.099608e-12	5.841600e+04	5.259000e+04
40	8206.661976	4.842999e-06	7.795103e-01	3.365257e-13	5.750800e+04	5.580700e+04
40	1233.422412	1.938394e-16	9.125226e-01	1.008633e-16	4.327000e+04	3.192300e+04
40	2273.848710	6.810719e-09	9.580000e-01	1.083063e-15	2.641900e+04	2.785600e+04
40	2491.753329	1.258236e-11	7.830000e-01	1.460566e-13	4.713300e+04	1.856800e+04
40	4897.517868	7.598150e-16	9.860000e-01	2.832205e-18	1.517000e+04	4.201900e+04
40	1651.865794	8.156094e-08	6.955003e-01	5.268045e-13	2.672100e+04	2.184900e+04
40	4262.843190	7.601166e-17	7.865000e-01	3.124159e-22	3.666800e+04	5.631000e+04
40	2325.173433	3.538606e-10	8.180000e-01	2.462908e-14	3.805000e+04	2.203400e+04
40	4355.121986	7.657862e-16	6.605000e-01	1.302706e-17	2.874500e+04	1.287000e+03
40	1419.606069	1.414684e-08	7.174414e-01	2.144229e-13	3.469099e+04	2.559803e+04
40	3058.339925	3.527976e-13	9.265000e-01	1.664260e-16	5.301000e+04	3.268100e+04
40	7940.229951	2.260501e-11	8.145000e-01	2.260501e-11	4.618300e+04	4.769200e+04
40	5098.108173	2.499901e-16	9.090000e-01	1.187723e-19	2.194200e+04	5.016500e+04
40	4909.190858	9.676092e-18	9.055000e-01	6.212056e-19	1.776200e+04	4.633500e+04
40	1125.584348	1.177419e-09	8.546296e-01	1.177419e-09	4.815047e+03	5.361577e+04
40	2852.118490	2.388351e-12	8.775000e-01	4.350028e-16	4.957800e+04	3.090100e+04
40	5747.531030	2.200000e-16	9.755000e-01	1.490362e-21	2.807200e+04	5.968700e+04
40	2528.238479	1.489508e-12	6.605000e-01	1.085961e-12	1.031400e+04	4.717000e+04
40	2075.990103	1.530589e-14	7.095000e-01	4.782471e-18	1.705600e+04	5.114700e+04
40	1388.680518	1.885509e-11	7.165000e-01	1.635490e-13	1.190000e+02	2.664300e+04
40	8249.692829	4.294909e-06	9.614972e-01	3.590538e-13	5.535000e+04	5.735500e+04
40	7917.033740	9.999999e-06	8.600312e-01	2.208276e-11	5.472900e+04	4.608400e+04
40	1486.897446	2.599219e-16	9.265000e-01	1.152462e-21	4.275100e+04	5.917600e+04
40	4403.875664	2.147001e-16	6.850000e-01	4.592541e-33	3.220700e+04	4.549900e+04
40	1046.124011	1.140630e-13	8.810000e-01	1.518101e-21	2.756500e+04	5.709500e+04
40	1116.588838	4.816243e-10	8.552663e-01	2.327071e-17	7.000934e+03	1.554800e+04
40	4005.004172	1.138075e-14	8.110000e-01	1.138075e-14	8.618000e+03	2.426400e+04
40	1071.547352	8.473200e-11	9.475000e-01	3.126946e-14	1.371400e+04	1.935700e+04
40	4474.027440	7.193275e-17	6.920000e-01	1.166881e-32	3.495300e+04	3.971300e+04
40	2557.467309	8.866962e-10	8.355000e-01	4.810624e-17	3.537700e+04	3.675600e+04
40	2258.840326	7.398006e-09	8.740000e-01	1.423222e-15	2.922700e+04	2.803400e+04
40	7762.165458	1.399587e-10	7.365213e-01	1.399587e-10	4.125700e+04	5.538200e+04
40	3942.436741	1.189760e-12	7.410000e-01	1.249662e-26	1.236300e+04	1.075500e+04
40	3717.995751	9.552905e-14	8.565000e-01	6.132295e-20	5.822400e+04	5.225700e+04
40	1022.127542	6.669606e-11	6.850000e-01	1.390778e-12	3.630000e+02	2.281000e+04
40	3849.127645	8.858820e-13	8.285000e-01	5.501457e-31	1.550300e+04	2.936600e+04
40	2549.871202	7.514541e-12	8.460000e-01	1.094586e-13	4.735800e+04	1.793200e+04
40	3647.904979	1.619505e-13	6.745000e-01	1.798841e-14	5.977500e+04	2.952300e+04
40	2665.666687	1.937279e-10	9.020000e-01	1.383671e-16	3.771900e+04	3.333500e+04
40	6005.276602	1.000000e-05	6.570128e-01	4.963692e-10	3.670800e+04	1.265200e+04
40	1118.490994	1.000000e-05	7.297802e-01	2.234762e-10	3.547106e+04	8.875982e+03
40	5197.141264	3.499653e-16	9.335000e-01	8.163989e-20	1.249900e+04	5.080800e+04
40	1999.997938	7.573629e-15	7.025000e-01	1.462024e-19	1.987800e+04	5.942300e+04
40	4010.934213	3.023180e-14	7.795000e-01	3.023180e-14	1.705400e+04	2.171900e+04
40	4404.220627	4.187836e-16	6.605000e-01	1.417985e-21	3.019300e+04	2.480600e+04
40	7910.063860	1.190250e-11	8.600001e-01	1.190250e-11	4.559800e+04	5.681800e+04
40	1481.908159	2.892461e-08	7.135810e-01	6.014264e-14	3.170801e+04	2.853003e+04
40	4003.135433	3.854196e-13	6.500000e-01	3.854196e-13	1.358000e+04	4.049300e+04
40	3900.428713	4.364651e-13	7.900000e-01	1.871619e-29	1.606100e+04	2.269600e+04
40	1251.327373	1.000000e-05	7.270174e-01	8.666676e-12	1.871800e+04	1.667600e+04
40	1967.140789	2.309412e-08	8.705000e-01	2.198578e-11	2.645400e+04	4.603000e+03
40	1127.513043	4.989768e-09	9.334982e-01	3.640675e-12	3.261000e+03	7.695000e+03
40	2714.050328	3.553483e-15	9.825000e-01	4.320873e-21	4.024500e+04	5.687100e+04
40	1971.842897	2.201783e-08	8.530003e-01	4.057889e-12	2.694400e+04	8.957000e+03
40	8141.860922	1.628691e-12	7.480000e-01	1.628691e-12	5.312200e+04	5.498900e+04
40	4391.050966	4.712138e-16	9.720000e-01	4.712138e-16	1.973100e+04	2.993700e+04
40	3229.546953	6.768288e-14	9.965000e-01	9.842115e-18	4.900400e+04	3.884300e+04
40	1165.266395	4.086623e-09	7.306897e-01	3.767516e-09	4.292287e+04	1.954985e+03
40	7374.028829	7.168158e-09	8.319996e-01	7.168158e-09	2.985900e+04	4.178300e+04
40	3942.345955	3.739491e-15	8.495000e-01	1.452667e-31	2.939200e+04	2.946200e+04
40	2088.699025	6.516432e-09	9.125000e-01	9.580125e-14	2.852600e+04	1.741800e+04
40	4014.210173	1.834654e-14	7.515000e-01	1.479839e-30	2.277500e+04	2.495200e+04
40	1997.276792	6.042855e-09	9.510000e-01	2.793266e-11	2.716100e+04	3.297000e+03
40	1179.581024	1.000000e-05	7.312236e-01	7.589423e-09	4.891345e+04	2.546683e+02
40	2630.862391	1.700920e-18	7.235000e-01	1.700920e-18	2.028400e+04	5.302800e+04
40	1117.732846	1.000000e-05	7.304837e-01	6.093359e-10	5.971792e+04	6.426047e+03
40	3912.922493	7.021260e-14	7.515000e-01	7.021260e-14	1.290500e+04	2.112500e+04
40	1291.055659	1.890519e-11	8.460000e-01	1.221529e-26	1.491500e+04	3.992000e+03
40	6971.034811	1.543325e-06	6.500000e-01	9.842720e-09	1.878374e+04	4.936706e+04
40	7869.163194	3.596824e-11	7.617807e-01	3.596824e-11	4.442000e+04	5.363700e+04
40	1720.463790	3.635576e-19	6.955000e-01	1.581770e-19	4.441600e+04	5.911100e+04
40	2461.110279	3.019669e-09	9.405000e-01	1.971368e-16	2.938900e+04	3.209100e+04
40	-1.000000	-1.000000e+00	-1.000000e+00	-1.000000e+00	-1.000000e+00	-1.000000e+00
40	7951.407476	6.754090e-06	8.180127e-01	1.207680e-11	5.905800e+04	4.718300e+04
40	5075.841487	5.999947e-16	8.985000e-01	1.140677e-19	2.073900e+04	5.036600e+04
40	-1.000000	-1.000000e+00	-1.000000e+00	-1.000000e+00	-1.000000e+00	-1.000000e+00
40	1116.403543	1.000000e-05	7.302744e-01	4.358159e-10	4.736803e+04	7.244975e+03
40	2862.462942	1.995160e-13	8.635000e-01	4.863977e-15	5.627800e+04	2.526900e+04
40	4294.503931	1.920936e-17	7.865000e-01	1.920936e-17	1.731000e+04	4.013000e+04
40	4130.902694	1.805525e-14	6.675000e-01	2.365488e-25	2.124000e+04	8.626000e+03
40	4240.838967	2.994017e-16	7.480000e-01	2.994017e-16	1.274600e+04	4.124900e+04
40	1995.211028	2.884077e-09	8.755377e-01	2.884077e-09	2.296002e+03	3.477400e+04
40	1592.452898	3.258104e-08	9.895082e-01	3.765082e-16	3.311000e+03	3.008900e+04
40	1696.575137	1.459820e-06	7.445025e-01	1.770178e-12	1.817400e+04	1.373100e+04
40	1414.235030	7.876952e-08	7.170771e-01	2.238688e-13	3.018900e+04	2.547101e+04
40	1216.271432	9.011482e-10	9.055000e-01	2.059364e-17	6.427000e+03	3.593600e+04
40	1035.220292	2.410780e-12	9.440000e-01	2.410780e-12	2.233100e+04	8.405000e+03
40	2091.504423	7.154001e-11	7.200000e-01	2.872111e-17	4.553400e+04	4.623400e+04
40	4396.631630	1.047543e-15	8.740000e-01	7.266477e-17	8.678000e+03	3.540500e+04
40	1360.465610	3.929596e-12	8.495000e-01	4.483772e-27	1.872700e+04	2.103000e+03
40	4520.647302	2.830266e-17	7.025000e-01	1.584827e-33	3.737700e+04	4.490100e+04
40	4000.612465	7.745341e-14	8.530000e-01	7.745341e-14	4.369000e+03	1.883700e+04
40	2375.607860	3.826175e-10	8.880000e-01	1.005021e-14	3.639300e+04	2.315500e+04
40	2526.524445	7.561064e-12	7.830000e-01	9.690102e-14	4.843400e+04	1.956700e+04
40	5388.936579	7.200000e-16	9.195000e-01	3.210593e-21	2.899300e+04	5.765300e+04
40	1945.910898	1.033763e-12	8.355000e-01	2.324107e-26	2.196700e+04	1.420000e+03
40	4185.203480	5.806095e-15	9.405000e-01	5.806095e-15	9.230000e+03	2.414400e+04
40	1984.058988	1.074671e-15	9.545000e-01	1.858785e-20	4.057900e+04	5.330900e+04
40	1776.891470	1.177948e-07	9.475002e-01	3.088295e-12	1.987000e+04	8.679000e+03
40	1634.024685	2.865342e-13	7.200000e-01	2.865342e-13	1.275500e+04	2.535400e+04
40	3966.836701	1.741387e-13	7.445000e-01	9.090837e-29	1.713600e+04	2.107200e+04
40	2774.418576	1.413797e-13	8.285001e-01	1.001467e-13	5.787900e+04	1.847100e+04
40	3954.779323	2.889164e-12	6.850000e-01	3.922118e-24	9.184000e+03	1.092000e+03
40	-1.000000	-1.000000e+00	-1.000000e+00	-1.000000e+00	-1.000000e+00	-1.000000e+00
40	4189.262769	3.314359e-16	8.250000e-01	3.314359e-16	1.487000e+04	3.252000e+04
40	4921.839406	6.100000e-16	8.390000e-01	1.182234e-37	3.798200e+04	5.866100e+04
40	2479.369643	2.629616e-11	8.950000e-01	7.374157e-14	4.302900e+04	1.825800e+04
40	1473.319803	7.424439e-16	8.810000e-01	1.095341e-19	3.954200e+04	4.679700e+04
40	5489.942347	3.349956e-06	7.900032e-01	5.660058e-12	3.803800e+04	1.787600e+04
40	1523.376204	1.344425e-13	9.615000e-01	2.441717e-17	2.978400e+04	3.654600e+04
40	1128.289124	1.000000e-05	7.309005e-01	1.426193e-09	4.991690e+04	4.346876e+03
40	1120.049651	3.904045e-10	8.556649e-01	3.904045e-10	7.508974e+03	5.136257e+04
40	2884.714943	4.289241e-10	6.780000e-01	5.585582e-16	3.965500e+04	3.803700e+04
40	1216.618266	7.933297e-07	7.200016e-01	3.887809e-10	2.550400e+04	7.363000e+03
40	4183.172310	8.448636e-17	7.795000e-01	8.448636e-17	1.606000e+04	3.677500e+04
40	1154.742474	1.000000e-05	7.310929e-01	3.797024e-09	2.832091e+04	1.948053e+03
40	3317.242548	3.651861e-11	6.744998e-01	1.305860e-12	4.585900e+04	1.877500e+04
40	2721.594398	9.261287e-14	7.480000e-01	9.261287e-14	9.674000e+03	2.779000e+04
40	4689.733761	1.887769e-16	9.615000e-01	1.508784e-17	1.600400e+04	3.824400e+04
40	1433.364404	3.868306e-12	9.965000e-01	6.909744e-16	2.779100e+04	2.860300e+04
40	4171.283496	3.566842e-16	8.040000e-01	2.162021e-16	5.835000e+03	3.395600e+04
40	1896.813132	5.061122e-08	8.810001e-01	5.019692e-12	2.423200e+04	8.087000e+03
40	1117.010023	8.812653e-06	7.304029e-01	5.328066e-10	5.948862e+04	6.754022e+03
40	1193.572537	1.448727e-09	8.580773e-01	1.448727e-09	4.228971e+03	4.129301e+04
40	4070.462519	7.255615e-14	6.500000e-01	7.049561e-14	1.762300e+04	5.645600e+04
40	46278.621329	1.919065e-15	6.885000e-01	4.971751e-22	3.689600e+04	5.895400e+04
40	2507.325724	1.654794e-09	9.160000e-01	1.824047e-16	3.185100e+04	3.251100e+04
40	1275.864948	2.440297e-08	7.165001e-01	3.927493e-11	3.327900e+04	1.290400e+04
40	2008.185179	8.482372e-17	6.535000e-01	2.568088e-17	3.366300e+04	5.354800e+04
40	6753.295384	2.081977e-12	7.795000e-01	1.048575e-28	2.029400e+04	9.966000e+03
40	1314.391895	1.000000e-05	7.165295e-01	1.995537e-10	4.634300e+04	9.095000e+03
40	7932.488060	1.970827e-11	7.267479e-01	1.970827e-11	4.643100e+04	5.407000e+04
40	7459.220593	6.853741e-09	6.500000e-01	6.620768e-09	3.241446e+04	4.644088e+04
40	1070.043504	1.313601e-09	9.020000e-01	1.429163e-12	5.535000e+03	9.204000e+03
40	1824.475002	1.979707e-07	8.320003e-01	1.189662e-12	2.181600e+04	1.226700e+04
40	2491.147375	7.817934e-12	9.125000e-01	1.013266e-12	4.562000e+04	1.172100e+04
40	-1.000000	-1.000000e+00	-1.000000e+00	-1.000000e+00	-1.000000e+00	-1.000000e+00
40	-1.000000	-1.000000e+00	-1.000000e+00	-1.000000e+00	-1.000000e+00	-1.000000e+00
40	1159.058788	1.033587e-12	6.815000e-01	8.400740e-16	1.041600e+04	4.052300e+04
40	2485.959248	3.114688e-11	7.410000e-01	1.585878e-11	4.193000e+03	4.556100e+04
40	-1.000000	-1.000000e+00	-1.000000e+00	-1.000000e+00	-1.000000e+00	-1.000000e+00
40	3854.908185	3.173268e-15	8.670000e-01	7.000387e-33	3.078900e+04	3.498200e+04
40	1166.105561	2.260382e-12	8.740000e-01	2.103253e-12	2.036700e+04	6.206000e+03
40	1165.842737	5.409582e-09	8.543015e-01	2.172191e-13	1.087999e+03	1.552000e+03
40	7544.765790	2.607212e-09	6.500000e-01	2.053752e-09	3.486198e+04	3.752698e+04
40	3966.724931	4.661382e-14	8.110000e-01	4.661382e-14	6.633000e+03	2.083900e+04
40	2581.918388	6.130019e-11	9.475000e-01	6.130019e-11	3.998300e+04	1.194000e+03
40	4146.102871	1.158949e-14	7.025000e-01	1.158949e-14	2.158500e+04	2.355600e+04
40	3949.756360	1.480004e-11	6.920000e-01	1.616684e-24	5.306000e+03	1.183100e+04
40	1397.737508	1.212492e-09	7.191956e-01	3.337019e-13	4.175386e+04	2.458805e+04
40	1207.015793	2.436894e-14	9.230000e-01	4.669253e-19	3.205100e+04	4.519200e+04
40	3951.900165	2.835780e-07	9.580006e-01	1.333565e-11	5.948200e+04	5.221000e+03
40	4250.241713	3.724223e-15	6.500000e-01	3.587213e-15	2.478400e+04	5.528300e+04
40	1191.238218	5.027744e-12	8.740000e-01	5.027744e-12	1.831200e+04	2.501000e+03
40	1176.504030	1.000000e-05	7.267570e-01	2.146135e-11	2.297968e+04	1.456471e+04
40	1141.746526	2.490826e-09	8.530000e-01	2.490826e-09	2.986000e+03	5.866400e+04
40	1015.227371	3.970002e-14	9.125000e-01	5.188191e-17	3.070300e+04	3.377800e+04
40	-1.000000	-1.000000e+00	-1.000000e+00	-1.000000e+00	-1.000000e+00	-1.000000e+00
40	2736.930507	2.078502e-11	6.780000e-01	8.412344e-14	4.149000e+03	5.619200e+04
40	4311.432831	2.206266e-11	6.675880e-01	5.423418e-14	4.710200e+04	2.656900e+04
40	1148.990565	1.442068e-10	8.631616e-01	4.489430e-11	9.927000e+03	5.804100e+04
40	8151.461040	1.297597e-12	9.160031e-01	1.297597e-12	5.210500e+04	5.506200e+04
40	3859.657500	6.561671e-14	8.530000e-01	2.132575e-31	2.261100e+04	2.546100e+04
40	1611.590594	1.261365e-11	8.731982e-01	1.261365e-11	1.563793e+04	4.917620e+04
40	1124.264578	1.000000e-05	7.293302e-01	1.364524e-10	3.032802e+04	1.007898e+04
40	2130.128833	2.738825e-09	9.265000e-01	1.341916e-13	3.023700e+04	1.648100e+04
40	2462.855926	3.020401e-11	8.145000e-01	6.465839e-14	4.438200e+04	1.977500e+04
40	6916.393255	1.960991e-06	7.305170e-01	1.000000e-08	1.724000e+04	5.052900e+04
40	990.742876	9.815717e-14	6.780000e-01	8.655861e-14	1.640600e+04	2.981900e+04
40	1183.637257	1.000000e-05	7.269818e-01	1.590109e-11	3.789698e+04	1.531699e+04
40	3954.374052	3.012639e-12	6.850000e-01	3.691472e-26	9.082000e+03	1.113800e+04
40	4173.737884	1.142654e-15	6.885000e-01	1.142654e-15	2.601500e+04	3.244800e+04
40	2735.423494	9.397420e-11	7.270000e-01	3.057200e-13	1.244000e+03	5.530400e+04
40	3137.773323	1.713084e-12	7.620000e-01	1.713084e-12	2.978000e+03	2.077200e+04
40	3560.856490	1.802242e-13	9.825000e-01	1.802242e-13	5.495200e+04	1.535300e+04
40	4563.440633	4.640916e-09	6.640000e-01	4.426122e-15	3.347400e+04	3.265300e+04
40	2937.547970	8.765266e-13	8.985000e-01	3.689747e-16	5.159600e+04	3.105300e+04
40	952.869850	8.606873e-12	9.090000e-01	1.896272e-15	1.782200e+04	2.529000e+04
40	1123.188619	1.000000e-05	7.307626e-01	1.039193e-09	3.706500e+04	5.120992e+03
40	4078.349904	7.869728e-16	7.900000e-01	7.869728e-16	1.430000e+04	3.117000e+04
40	1846.859701	3.572458e-11	6.955000e-01	1.196734e-16	4.646300e+04	4.256500e+04
40	7163.760835	1.815657e-07	6.500000e-01	9.794987e-09	2.415022e+04	3.044060e+04
40	2047.749809	1.709666e-09	9.965000e-01	9.182457e-15	2.343800e+04	2.244700e+04
40	2254.941397	3.219644e-10	9.720000e-01	4.944718e-14	3.308300e+04	1.856600e+04
40	3987.253218	6.587274e-13	6.500000e-01	3.331254e-14	1.228000e+04	4.917000e+03
40	1040.745227	5.409728e-13	6.506337e-01	4.104637e-15	1.255940e+04	4.715300e+04
40	2243.697412	2.205538e-11	9.965000e-01	7.168542e-14	3.439600e+04	1.751400e+04
40	2179.408650	3.441628e-09	8.810000e-01	3.258624e-14	3.100500e+04	2.036900e+04
40	7647.666518	6.753857e-10	7.626734e-01	6.753857e-10	3.733600e+04	4.077100e+04
40	3820.271001	5.061767e-12	8.425000e-01	6.073251e-35	1.174200e+04	4.659000e+04
40	509576.374403	1.839512e-08	8.529998e-01	1.000000e-08	5.887600e+04	2.373800e+04
40	4022.503810	6.735539e-07	9.720009e-01	1.984417e-13	5.246800e+04	1.536200e+04
40	1116.311483	1.000000e-05	7.302058e-01	3.935125e-10	5.486214e+04	7.494414e+03
40	3884.194326	2.122983e-13	8.110001e-01	1.306206e-36	1.841000e+04	5.590300e+04
40	1214.787006	1.000000e-05	7.260428e-01	7.885547e-12	3.895104e+04	1.702197e+04
40	1856.747699	3.193185e-11	7.165000e-01	3.458059e-16	4.822600e+04	4.071300e+04
40	2802.779086	3.213731e-13	8.565000e-01	1.033979e-14	5.520900e+04	2.353600e+04
40	3072.823532	6.979998e-12	8.880004e-01	6.979998e-12	4.885100e+04	7.036000e+03
40	2364.395718	1.233019e-10	8.145000e-01	4.409431e-11	4.080800e+04	3.809000e+03
40	1699.749450	6.543946e-07	9.580003e-01	1.557082e-13	1.499100e+04	1.585000e+04
40	2665.160909	1.182301e-12	9.090000e-01	7.711430e-14	5.055000e+04	1.802500e+04
40	2480.037332	7.300674e-12	6.815000e-01	6.125773e-12	6.734000e+03	4.548700e+04
40	12666.200288	4.213619e-08	8.355001e-01	3.477677e-12	5.623200e+04	1.906200e+04
40	1056.553743	2.836033e-10	9.755000e-01	3.454700e-13	1.271500e+04	1.369600e+04
40	1387.388664	2.918565e-08	7.189540e-01	3.773499e-13	3.350509e+04	2.426992e+04
40	1144.163180	1.000000e-05	7.283746e-01	5.096939e-11	4.420938e+04	1.248116e+04
40	1289.622159	3.227435e-10	9.229997e-01	2.810972e-17	9.447000e+03	3.572800e+04
40	1123.522395	1.000000e-05	7.307588e-01	1.051566e-09	3.292511e+04	5.091731e+03
40	1545.585919	3.621526e-09	9.544932e-01	9.912225e-17	4.976000e+03	3.321900e+04
40	2193.782401	1.021818e-09	8.704999e-01	2.743328e-11	3.434200e+04	4.079000e+03
40	1163.896584	2.311547e-07	7.312067e-01	5.121312e-09	4.710791e+04	1.218030e+03
40	1183.728280	1.436284e-10	8.601245e-01	1.436284e-10	9.872967e+03	4.683186e+04
40	2766.354797	5.739759e-11	9.475000e-01	1.205965e-16	3.908900e+04	3.323200e+04
40	1237.520778	1.000000e-05	7.219403e-01	7.782893e-12	1.833004e+04	1.688594e+04
40	991.340953	1.287156e-10	9.440000e-01	5.410953e-12	1.257400e+04	6.844000e+03
40	2120.969825	1.353290e-08	8.460000e-01	8.864612e-15	2.830200e+04	2.399700e+04
40	2019.450602	1.893292e-09	9.755000e-01	9.297668e-12	2.827300e+04	5.825000e+03
40	17607.110152	4.739298e-08	8.670001e-01	1.169757e-11	5.557600e+04	1.613400e+04
40	1031.009922	1.578416e-12	6.815000e-01	1.903595e-14	9.509000e+03	3.318300e+04
40	2377.060282	1.709826e-12	8.794847e-01	1.709826e-12	2.068499e+04	5.312100e+04
40	4117.706887	2.933906e-12	7.830000e-01	2.067922e-16	5.065000e+03	3.399900e+04
40	2314.212644	3.888400e-10	9.264999e-01	3.888400e-10	5.097000e+03	3.995300e+04
40	3907.642934	8.985325e-12	7.445000e-01	8.985325e-12	3.408000e+03	8.800000e+03
40	1771.439736	3.857938e-07	8.320006e-01	4.109142e-12	2.014200e+04	9.232000e+03
40	1990.291505	2.192083e-09	9.930000e-01	9.408579e-14	2.466100e+04	1.686300e+04
40	1117.881313	3.316800e-09	9.545000e-01	6.355882e-11	5.225000e+03	9.360000e+02
40	1136.958081	1.000000e-05	7.310295e-01	2.122410e-09	3.383694e+04	3.374042e+03
40	2957.905072	4.302390e-12	8.985000e-01	6.708784e-17	4.751400e+04	3.513300e+04
40	1925.601449	8.545032e-08	8.145001e-01	5.472311e-14	2.423200e+04	2.011900e+04
40	2226.722038	5.995873e-12	7.270000e-01	9.133725e-16	5.428600e+04	3.862200e+04
40	4893.573052	6.392843e-16	9.895000e-01	3.076283e-18	1.422000e+04	4.179800e+04
40	2391.239889	2.472014e-11	9.510000e-01	5.477537e-13	4.109400e+04	1.290000e+04
40	3949.045115	1.582232e-11	6.990000e-01	1.303321e-25	5.254000e+03	1.133200e+04
40	4426.654852	5.722021e-19	7.550000e-01	5.722021e-19	1.309200e+04	4.965000e+04
40	4111.727394	1.279663e-14	9.020000e-01	1.279663e-14	4.107000e+03	2.259800e+04
40	7194.572418	1.292398e-07	6.500000e-01	9.837470e-09	2.500502e+04	4.477326e+04
40	1387.750339	2.241900e-10	7.199565e-01	4.044096e-13	4.653664e+04	2.414701e+04
40	3881.900321	5.736785e-11	9.930003e-01	5.736785e-11	4.283400e+04	1.405000e+03
40	1865.267251	4.540293e-08	9.720001e-01	1.346762e-13	2.061200e+04	1.611800e+04
40	1894.199575	1.445048e-07	8.285002e-01	5.161473e-14	2.266800e+04	1.998900e+04
40	1142.416200	1.000000e-05	7.310965e-01	2.636398e-09	4.395598e+04	2.843621e+03
40	1558.406252	9.811656e-10	7.235000e-01	7.149317e-14	4.380800e+04	2.834700e+04
40	4374.960809	1.755079e-17	8.180000e-01	1.755079e-17	2.268300e+04	3.966800e+04
40	1180.151366	1.601549e-09	8.571991e-01	1.601549e-09	4.001997e+03	4.169101e+04
40	1329.989377	6.813656e-07	7.215170e-01	9.978076e-13	2.719956e+04	2.197200e+04
40	4034.211872	1.482402e-15	7.970000e-01	3.015863e-34	2.994000e+04	4.495800e+04
40	5439.375234	9.000000e-17	9.580000e-01	1.985446e-21	3.684900e+04	5.839000e+04
40	4352.946125	2.653449e-17	7.830000e-01	1.217255e-21	3.907700e+04	5.360000e+04
40	8315.353712	5.077725e-06	7.510696e-01	5.801635e-14	4.493900e+04	5.978100e+04
40	2743.903334	7.715631e-12	7.900000e-01	1.079768e-16	4.823700e+04	3.575200e+04
40	3159.544494	7.032167e-11	8.530000e-01	3.002342e-19	4.143400e+04	4.853600e+04
40	1130.441783	1.000000e-05	7.309366e-01	1.587266e-09	3.529992e+04	4.084984e+03
40	2150.578774	2.442194e-09	7.760000e-01	1.251373e-13	3.382300e+04	1.909700e+04
40	3654.350918	1.194069e-12	8.494998e-01	1.194069e-12	5.717400e+04	1.204600e+04
40	2176.362657	1.690544e-08	8.950000e-01	2.657876e-15	2.662100e+04	2.627000e+04
40	2814.184983	3.584514e-13	6.920000e-01	3.902955e-14	1.425600e+04	5.913500e+04
40	2427.242816	5.000845e-10	9.650000e-01	1.477647e-15	3.253500e+04	2.707200e+04
40	6591.226757	9.918295e-14	7.830000e-01	9.918295e-14	8.805000e+03	2.761100e+04
40	1784.647529	1.000000e-05	7.060193e-01	3.782129e-14	5.954800e+04	2.992400e+04
40	3565.529121	3.560619e-14	6.675000e-01	3.560619e-14	1.867200e+04	2.774000e+04
40	3994.431488	3.379765e-13	6.885000e-01	2.372908e-25	1.446300e+04	7.206000e+03
40	4182.200732	3.954154e-15	6.815000e-01	3.954154e-15	2.386700e+04	2.815900e+04
40	1151.209042	1.000000e-05	7.305414e-01	3.500911e-09	5.002600e+04	2.147000e+03
40	3115.987767	7.436501e-12	9.825000e-01	6.132799e-18	4.136600e+04	4.005400e+04
40	3413.041228	1.158081e-12	9.475000e-01	1.205504e-18	4.900200e+04	4.420200e+04
40	1833.060414	1.271321e-08	9.895000e-01	8.949150e-13	2.129500e+04	1.142300e+04
40	1465.953919	1.859306e-14	6.605000e-01	1.717372e-17	2.071300e+04	5.192200e+04
40	4272.675169	1.413834e-16	8.390000e-01	1.413834e-16	8.377000e+03	3.432500e+04
40	3932.768696	2.721651e-12	6.640000e-01	2.721651e-12	8.425000e+03	1.343800e+04
40	4085.668124	1.723010e-14	8.880000e-01	1.723010e-14	2.425000e+03	2.203300e+04
40	2636.780586	1.000000e-05	6.920193e-01	8.015213e-14	5.897000e+04	2.811300e+04
40	2869.784129	6.933984e-13	8.285000e-01	4.027387e-16	5.376700e+04	3.183200e+04
40	4381.604872	8.341195e-18	7.970000e-01	8.341195e-18	2.166900e+04	4.186700e+04
40	2062.321302	5.626649e-10	8.761659e-01	5.325837e-10	6.378991e+03	3.894982e+04
40	1256.718465	1.049484e-08	9.019997e-01	1.368011e-15	4.000000e+02	2.586100e+04
40	2658.532117	6.346309e-11	7.060000e-01	8.311679e-13	1.837000e+03	5.199200e+04
40	3375.349677	1.134855e-09	9.440000e-01	7.905577e-13	2.259000e+03	5.571600e+04
40	1145.624671	1.000000e-05	7.270338e-01	5.214174e-11	4.837000e+04	1.242200e+04
40	1408.218798	2.945894e-08	7.305001e-01	9.901126e-13	5.796500e+04	2.206100e+04
40	8233.647512	4.625815e-13	8.425000e-01	4.625815e-13	5.598800e+04	5.756600e+04
40	4223.237303	9.029629e-07	7.900008e-01	3.860635e-09	4.552700e+04	2.010000e+03
40	-1.000000	-1.000000e+00	-1.000000e+00	-1.000000e+00	-1.000000e+00	-1.000000e+00
40	4375.875164	1.508431e-17	8.040000e-01	1.508431e-17	3.082400e+04	4.018500e+04
40	1199.580184	6.214910e-09	9.125002e-01	1.413627e-14	1.995000e+03	2.065500e+04
40	3357.245963	3.219904e-14	9.405000e-01	2.163814e-17	5.855200e+04	3.743900e+04
40	1478.605897	2.741625e-09	9.964998e-01	4.792571e-16	1.206300e+04	2.947500e+04
40	4321.504585	1.499077e-16	8.635000e-01	1.499077e-16	1.637100e+04	3.381100e+04
40	2544.577039	6.177929e-12	6.570000e-01	4.958579e-13	6.807000e+03	4.815400e+04
40	6136.427592	1.360777e-09	9.582086e-01	1.360777e-09	6.918967e+03	3.687097e+04
40	3173.938828	2.983082e-13	9.125000e-01	3.627448e-17	5.391700e+04	3.646700e+04
40	2721.479845	2.677086e-09	8.759395e-01	2.597664e-09	2.683608e+03	3.446352e+04
40	2176.819872	3.819370e-09	8.880000e-01	2.799020e-14	3.056700e+04	2.065700e+04
40	2185.955298	5.115471e-09	8.670000e-01	1.211732e-14	3.032400e+04	2.294300e+04
40	1600.152279	1.343345e-12	7.305000e-01	1.343345e-12	7.555000e+03	2.151100e+04
40	4490.246057	7.111323e-16	9.265000e-01	7.448535e-17	1.149200e+04	3.474900e+04
40	1483.018943	3.969869e-15	9.300000e-01	5.770359e-21	3.646300e+04	5.560000e+04
40	1128.707070	1.206424e-10	8.569551e-01	1.206424e-10	1.037603e+04	5.442400e+04
40	2299.045376	6.256575e-10	8.985000e-01	2.917165e-14	3.486800e+04	2.045400e+04
40	7100.878066	3.637022e-07	6.500000e-01	9.713320e-09	2.240531e+04	3.329931e+04
40	2970.000554	2.737461e-12	9.020000e-01	8.662186e-17	4.857100e+04	3.448500e+04
40	4419.828081	4.586837e-16	7.725000e-01	2.251596e-18	1.925100e+04	4.560300e+04
40	3914.825860	2.812874e-12	7.375000e-01	2.812874e-12	6.801000e+03	1.144900e+04
40	3788.744982	4.738962e-10	8.740001e-01	1.504938e-30	1.823000e+03	2.669100e+04
40	4748.189261	3.794295e-16	9.125000e-01	3.463391e-18	1.051400e+04	4.219900e+04
40	1174.734431	1.000000e-05	7.312228e-01	6.762197e-09	4.793596e+04	5.373696e+02
40	1129.142301	1.768074e-13	6.885000e-01	2.415678e-15	1.440000e+04	3.763400e+04
40	3189.807867	1.024302e-11	9.790000e-01	1.024302e-11	4.408100e+04	5.460000e+03
40	2640.658314	5.964612e-11	6.990000e-01	9.990675e-13	1.876000e+03	5.120300e+04
40	2872.279704	9.664447e-13	8.810000e-01	8.179474e-16	5.181300e+04	2.934100e+04
40	2706.755114	6.597524e-13	6.710000e-01	1.265602e-13	1.245100e+04	5.441100e+04
40	3943.776877	1.723901e-12	9.370000e-01	1.723901e-12	1.979000e+04	3.070000e+02
40	2053.700262	3.423683e-09	9.300003e-01	7.727074e-12	2.955100e+04	6.593000e+03
40	2849.942601	8.137502e-14	8.670000e-01	2.700158e-14	5.851400e+04	2.106500e+04
40	7570.402504	1.407345e-09	7.198597e-01	1.407345e-09	3.560200e+04	5.811500e+04
40	1960.787864	2.777708e-08	8.390001e-01	2.942401e-12	2.663000e+04	9.950000e+03
40	-1.000000	-1.000000e+00	-1.000000e+00	-1.000000e+00	-1.000000e+00	-1.000000e+00
40	4021.622943	2.073545e-13	9.755000e-01	2.073545e-13	9.457000e+03	1.521600e+04
40	4099.241906	5.085895e-15	8.530000e-01	5.085895e-15	9.874000e+03	2.546100e+04
40	3537.352042	1.461857e-12	9.825000e-01	2.403876e-19	4.548100e+04	4.770300e+04
40	4001.247328	7.161925e-15	7.970000e-01	7.161925e-15	1.314100e+04	2.566800e+04
40	5340.109982	6.385458e-16	7.585000e-01	6.385458e-16	6.808000e+03	3.949600e+04
40	3922.125580	2.905546e-12	9.965000e-01	2.905546e-12	5.069700e+04	8.681000e+03
40	-1.000000	-1.000000e+00	-1.000000e+00	-1.000000e+00	-1.000000e+00	-1.000000e+00
40	4002.393048	1.929361e-13	7.025000e-01	5.160955e-29	1.606000e+04	1.506700e+04
40	1168.504844	1.000000e-05	7.306205e-01	4.590421e-09	2.344891e+04	1.466786e+03
40	3982.086872	4.513046e-13	6.990000e-01	8.240708e-27	1.393100e+04	1.179000e+04
40	3923.092876	8.936540e-11	9.825000e-01	8.936540e-11	4.512200e+04	3.930000e+02
40	980.017470	9.981115e-11	8.915000e-01	9.219519e-14	1.154300e+04	1.537000e+04
40	1819.798018	2.342073e-07	9.230004e-01	1.156085e-13	1.916800e+04	1.684900e+04
40	4240.275018	1.088944e-16	7.235000e-01	1.088944e-16	3.012700e+04	3.710400e+04
40	1119.479813	1.000000e-05	7.306023e-01	7.558415e-10	3.645496e+04	5.899328e+03
40	1124.679368	1.000000e-05	7.308101e-01	1.151518e-09	3.854263e+04	4.870044e+03
40	2399.940051	1.695603e-09	8.355000e-01	3.337438e-16	3.374400e+04	3.210800e+04
40	-1.000000	-1.000000e+00	-1.000000e+00	-1.000000e+00	-1.000000e+00	-1.000000e+00
40	2752.094665	3.758443e-12	7.584999e-01	1.181792e-16	5.054700e+04	3.642500e+04
40	1217.174026	5.202239e-11	8.597908e-01	3.472723e-11	1.235502e+04	4.985000e+04
40	7640.740683	6.587915e-10	7.231620e-01	6.587915e-10	3.753100e+04	4.547400e+04
40	2974.582235	1.783420e-15	8.425000e-01	4.711880e-22	3.715800e+04	5.448900e+04
40	2058.443522	4.598252e-13	7.445000e-01	4.598252e-13	1.142000e+03	2.392400e+04
40	-1.000000	-1.000000e+00	-1.000000e+00	-1.000000e+00	-1.000000e+00	-1.000000e+00
40	7630.446666	8.168441e-10	7.656257e-01	8.168441e-10	3.681500e+04	4.032600e+04
40	1167.231449	2.461888e-10	9.825000e-01	2.547601e-14	1.388100e+04	1.998900e+04
40	4456.072368	3.134808e-17	8.704999e-01	3.134808e-17	2.138000e+04	3.745900e+04
40	3561.092309	7.013699e-11	9.720000e-01	7.013699e-11	4.184500e+04	9.190000e+02
40	4772.270995	2.999998e-16	8.180000e-01	5.562248e-20	3.162300e+04	5.005200e+04
40	1881.042057	8.594540e-08	9.615001e-01	4.821305e-14	1.983600e+04	1.867100e+04
40	1212.105958	3.672245e-15	8.985000e-01	3.672245e-15	3.611200e+04	2.270300e+04
40	2888.186011	9.057777e-11	8.705000e-01	8.415217e-18	4.043900e+04	4.040900e+04
40	3882.286872	1.674683e-11	6.570000e-01	1.674683e-11	4.046000e+03	1.157700e+04
40	1181.898267	1.000000e-05	7.270381e-01	1.659596e-11	4.650201e+04	1.521300e+04
40	3500.757639	9.756855e-13	7.900000e-01	9.756855e-13	5.770900e+04	1.363100e+04
40	1930.993139	5.280927e-08	8.145001e-01	3.791010e-13	2.544500e+04	1.540200e+04
40	7241.785209	5.322093e-11	7.690000e-01	5.322093e-11	1.244100e+04	4.911000e+04
40	4319.809969	3.480340e-16	8.950000e-01	3.480340e-16	1.309700e+04	3.138500e+04
40	5354.124082	5.600000e-16	9.685000e-01	7.454738e-21	3.275800e+04	5.543600e+04
40	3665.746134	6.288350e-15	6.605000e-01	6.288350e-15	2.323400e+04	3.254400e+04
40	3807.797711	1.000000e-05	6.815286e-01	1.068755e-12	4.708300e+04	2.058800e+04
40	2504.145992	1.098796e-11	7.935000e-01	1.519077e-13	4.731500e+04	1.819000e+04
40	3271.242048	7.331468e-14	6.780000e-01	7.331468e-14	1.845300e+04	5.555800e+04
40	1441.493674	5.658989e-12	9.930000e-01	5.397349e-16	2.513300e+04	2.921000e+04
40	5229.848231	5.999982e-16	9.650000e-01	1.050934e-19	2.342300e+04	4.990500e+04
40	4075.627175	2.478603e-14	8.950000e-01	2.478603e-14	5.943000e+03	2.106800e+04
40	3166.922316	1.284177e-11	8.460002e-01	1.284177e-11	4.860800e+04	6.041000e+03
40	995.312746	1.178928e-10	9.327985e-01	9.304589e-12	1.233448e+04	5.374000e+03
40	3663.674281	4.643312e-14	9.580000e-01	6.605425e-19	5.663200e+04	4.554800e+04
40	4485.576052	5.127418e-13	7.725000e-01	5.127418e-13	4.475000e+03	2.367200e+04
40	4182.981992	5.279432e-15	9.300000e-01	5.279432e-15	8.210000e+03	2.446600e+04
40	2688.777603	8.516915e-13	6.570000e-01	5.480677e-14	1.163600e+04	5.378600e+04
40	6002.196355	1.279127e-07	7.795001e-01	9.098848e-14	5.311800e+04	2.781200e+04
40	1147.587705	1.000000e-05	7.309962e-01	2.940820e-09	2.713119e+04	2.571950e+03
40	4002.779815	2.821968e-13	6.815000e-01	2.821968e-13	1.478800e+04	2.319000e+03
40	2300.607208	9.892440e-10	9.230000e-01	1.106371e-14	3.293200e+04	2.256100e+04
40	2487.953240	1.473725e-10	7.445000e-01	2.411539e-11	4.580000e+02	4.457900e+04
40	26578.485683	4.568850e-07	9.090007e-01	1.001298e-11	4.491600e+04	1.651400e+04
40	7719.635319	2.375957e-10	7.307086e-01	2.375957e-10	3.998400e+04	5.533900e+04
40	5863.523831	4.182904e-14	8.005000e-01	5.761465e-32	2.966600e+04	3.451800e+04
40	7972.290541	9.487551e-06	8.390050e-01	1.017435e-11	5.469200e+04	4.785700e+04
40	2324.655548	3.061764e-11	6.608272e-01	3.001542e-11	2.935000e+03	3.879300e+04
40	-1.000000	-1.000000e+00	-1.000000e+00	-1.000000e+00	-1.000000e+00	-1.000000e+00
40	3949.180480	1.405634e-12	7.270000e-01	1.509373e-26	1.166600e+04	9.034000e+03
40	2552.424714	3.889448e-11	6.570000e-01	6.188712e-13	2.315000e+03	4.759500e+04
40	1124.216752	1.638303e-10	8.565519e-01	1.638303e-10	9.629995e+03	5.400199e+04
40	1132.175837	2.305363e-12	6.745000e-01	8.814655e-16	8.751000e+03	4.093200e+04
40	1241.535541	1.000000e-05	7.200207e-01	1.566189e-11	4.802100e+04	1.533500e+04
40	4876.709355	7.699725e-16	9.195000e-01	1.142658e-18	2.050000e+04	4.472200e+04
40	4765.239109	9.200000e-16	8.600000e-01	2.381906e-21	3.006900e+04	5.680500e+04
40	1733.627019	2.702356e-13	7.074874e-01	4.006176e-16	5.985557e+04	4.033816e+04
40	1496.934845	4.010457e-12	7.161718e-01	6.964865e-14	5.508165e+04	2.832548e+04
40	2278.625704	8.467950e-17	9.930000e-01	5.686128e-18	5.113700e+04	4.032000e+04
40	7211.609692	1.070955e-07	6.500000e-01	9.396143e-09	2.547787e+04	3.419730e+04
40	-1.000000	-1.000000e+00	-1.000000e+00	-1.000000e+00	-1.000000e+00	-1.000000e+00
40	1201.583173	7.464933e-09	8.553334e-01	7.464933e-09	2.669558e+02	3.987601e+04
40	-1.000000	-1.000000e+00	-1.000000e+00	-1.000000e+00	-1.000000e+00	-1.000000e+00
40	2868.175429	3.711346e-12	8.880000e-01	2.512700e-16	4.818500e+04	3.208900e+04
40	1489.100053	1.649893e-14	6.640000e-01	1.980308e-18	2.090100e+04	5.627100e+04
40	2899.881476	7.673313e-09	8.792165e-01	7.673313e-09	9.302980e+01	3.162902e+04
40	8211.982191	2.078818e-08	8.215000e-01	3.927150e-13	5.124400e+04	5.599700e+04
40	2619.735498	2.748552e-11	9.930000e-01	3.673400e-16	3.568800e+04	3.022100e+04
40	1309.850751	1.591907e-09	9.335000e-01	4.961016e-16	5.994000e+03	2.912600e+04
40	1376.172380	1.764964e-08	7.196894e-01	4.643321e-13	3.518693e+04	2.379003e+04
40	4130.715236	7.449922e-16	8.180000e-01	7.449922e-16	1.449500e+04	3.070200e+04
40	1780.834808	4.743277e-07	7.529234e-01	2.550383e-13	2.086798e+04	1.808917e+04
40	2370.161602	1.509965e-10	8.040000e-01	2.772026e-14	4.045300e+04	2.205000e+04
40	4076.687896	1.003943e-15	7.795000e-01	7.835510e-36	3.044200e+04	5.395000e+04
40	3943.168106	9.389510e-12	6.535000e-01	9.389510e-12	5.704000e+03	1.095500e+04
40	2789.116318	3.147197e-11	7.760000e-01	8.566101e-18	4.484400e+04	4.214100e+04
40	2909.958535	2.871261e-16	7.340000e-01	2.871261e-16	2.025600e+04	4.138500e+04
40	2965.585274	5.901150e-14	8.915000e-01	3.026579e-15	5.872700e+04	2.607200e+04
40	1058.346539	1.071241e-09	9.685000e-01	1.748432e-12	8.883000e+03	9.756000e+03
40	1474.390983	1.356018e-11	8.390000e-01	3.505790e-28	1.573000e+04	8.762000e+03
40	5168.051288	2.699999e-16	9.475000e-01	1.086519e-19	3.141600e+04	4.951300e+04
40	2460.924091	5.709016e-12	9.615000e-01	9.436699e-13	4.419000e+04	1.151200e+04
40	1251.944733	3.368971e-12	8.705000e-01	3.368971e-12	1.915600e+04	1.072000e+03
40	3174.497040	3.011727e-14	9.720000e-01	1.930641e-16	5.671400e+04	3.195300e+04
40	2205.240382	5.638861e-10	9.020000e-01	4.060085e-12	3.504800e+04	8.414000e+03
40	4269.845904	1.127048e-16	7.690000e-01	1.485370e-21	3.533000e+04	5.284200e+04
40	4239.759554	8.255929e-16	8.810000e-01	8.255929e-16	7.134000e+03	2.947400e+04
40	4075.334504	9.344847e-16	7.830000e-01	9.344847e-16	2.126100e+04	3.078600e+04
40	2012.267515	3.838810e-08	8.285000e-01	2.020550e-14	2.600200e+04	2.228100e+04
40	3746.864089	7.484541e-13	8.950000e-01	3.051027e-20	5.201400e+04	5.337300e+04
40	3969.389172	1.016434e-15	8.530000e-01	1.078041e-33	3.271900e+04	4.354500e+04
40	27085.909001	3.483644e-08	9.335000e-01	7.318544e-09	5.651700e+04	4.950000e+02
40	5280.256404	2.100000e-16	9.370000e-01	4.371616e-20	3.039400e+04	5.188500e+04
40	2183.148353	7.583497e-10	9.825000e-01	3.112527e-14	2.969400e+04	1.960900e+04
40	1478.199925	5.482246e-10	7.156224e-01	8.150670e-14	4.234404e+04	2.790197e+04
40	18399.417150	8.251460e-08	8.635002e-01	2.404779e-12	5.266700e+04	1.995500e+04
40	4435.151755	2.450208e-16	9.615000e-01	2.450208e-16	2.089700e+04	3.158500e+04
40	2308.132606	1.370197e-13	7.445000e-01	1.370197e-13	4.144000e+03	2.683400e+04
40	2934.855642	1.739393e-12	9.230000e-01	2.483917e-16	4.905800e+04	3.174500e+04
40	-1.000000	-1.000000e+00	-1.000000e+00	-1.000000e+00	-1.000000e+00	-1.000000e+00
40	1117.777289	1.000000e-05	7.298581e-01	2.452772e-10	4.503293e+04	8.648864e+03
40	5160.430691	2.606179e-17	7.515000e-01	2.606179e-17	1.755500e+04	4.670600e+04
40	1530.704743	1.719892e-09	8.285000e-01	2.375401e-27	3.940000e+03	2.378000e+03
40	1767.657943	2.531750e-14	7.270000e-01	2.531750e-14	2.281000e+03	3.087200e+04
40	-1.000000	-1.000000e+00	-1.000000e+00	-1.000000e+00	-1.000000e+00	-1.000000e+00
40	1117.087171	1.000000e-05	7.303957e-01	5.309960e-10	3.486713e+04	6.762164e+03
40	2586.339136	7.998223e-11	7.130000e-01	3.270373e-12	1.380000e+03	4.875900e+04
40	4813.590803	5.997759e-17	7.900000e-01	5.330562e-20	1.989400e+04	5.403500e+04
40	-1.000000	-1.000000e+00	-1.000000e+00	-1.000000e+00	-1.000000e+00	-1.000000e+00
40	1563.736514	1.000000e-05	7.095298e-01	4.413344e-11	4.127600e+04	1.274600e+04
40	3475.684964	5.303718e-14	8.495000e-01	9.406251e-19	5.991000e+04	4.594600e+04
40	2171.110072	1.409261e-11	8.215000e-01	1.351913e-27	1.565000e+04	5.132000e+03
40	2072.879716	1.093893e-08	8.950000e-01	6.345298e-14	2.772800e+04	1.858800e+04
40	4234.175857	6.320612e-17	7.970000e-01	6.320612e-17	1.341900e+04	3.704500e+04
40	2202.093621	3.169209e-10	9.685000e-01	3.055220e-13	3.343900e+04	1.418200e+04
40	3631.681545	4.138169e-14	9.895000e-01	6.375478e-19	5.326100e+04	4.537700e+04
40	3083.776367	1.911757e-14	9.615000e-01	1.911757e-14	5.976900e+04	2.080800e+04
40	2770.279173	7.035554e-12	7.900000e-01	9.087186e-14	9.090000e+03	5.975600e+04
40	990.454937	4.999398e-14	6.850000e-01	4.226737e-14	1.775100e+04	3.104400e+04
40	1072.740191	1.128381e-13	8.775000e-01	6.411960e-22	2.755300e+04	5.893400e+04
40	971.968359	1.307396e-11	9.545000e-01	6.641473e-13	1.857300e+04	1.202000e+04
40	6043.295298	5.146922e-10	9.514395e-01	5.061616e-10	9.002061e+03	3.910798e+04
40	4252.051360	2.817088e-15	6.640000e-01	1.107647e-25	2.566800e+04	1.085800e+04
40	4644.200013	2.512679e-18	8.565000e-01	2.512679e-18	2.411000e+04	4.365400e+04
40	4893.650167	8.399970e-16	9.230000e-01	1.358934e-18	2.726300e+04	4.385100e+04
40	4377.123728	1.477538e-16	8.915000e-01	1.477538e-16	1.971300e+04	3.348000e+04
40	2538.105490	1.491101e-11	7.095000e-01	4.486541e-12	5.427000e+03	4.781000e+04
40	5308.307336	9.028177e-20	6.500000e-01	2.946948e-20	5.002000e+04	5.396300e+04
40	3969.745452	5.421211e-13	8.740000e-01	5.421211e-13	5.677000e+03	1.374400e+04
40	7409.716409	1.010689e-08	6.874511e-01	1.000000e-08	3.100514e+04	4.523636e+04
40	1117.307096	1.000000e-05	7.304402e-01	5.663288e-10	5.377524e+04	6.604921e+03
40	2438.250884	2.047383e-12	9.930000e-01	2.317772e-13	4.232600e+04	1.471600e+04
40	1118.299777	3.607789e-10	8.556362e-01	3.607789e-10	7.704076e+03	5.318802e+04
40	-1.000000	-1.000000e+00	-1.000000e+00	-1.000000e+00	-1.000000e+00	-1.000000e+00
40	2444.912664	6.229520e-12	9.860000e-01	1.049123e-13	4.130300e+04	1.667500e+04
40	3933.521733	1.642262e-13	7.725000e-01	1.197774e-30	1.795700e+04	2.813900e+04
40	1187.477785	1.758315e-09	8.572672e-01	1.754168e-09	3.768001e+03	4.122900e+04
40	3951.438263	9.340591e-12	6.640000e-01	6.460631e-24	6.019000e+03	1.610000e+03
40	8983.140000	1.711918e-07	7.900001e-01	9.330828e-15	5.095300e+04	3.322100e+04
40	5604.726453	6.000000e-17	9.510000e-01	3.353781e-21	3.280600e+04	5.785400e+04
40	3132.573390	6.824683e-10	6.885000e-01	6.824683e-10	4.922900e+04	5.037000e+03
40	2645.141660	7.073009e-16	9.965000e-01	5.851812e-20	4.808300e+04	5.077000e+04
40	4047.210573	7.682606e-07	9.685010e-01	1.043197e-13	5.396500e+04	1.694400e+04
40	1435.589558	5.777059e-09	9.859998e-01	1.359754e-15	6.804000e+03	2.702500e+04
40	8074.417841	5.630041e-16	8.005000e-01	3.129046e-34	3.977000e+04	4.574800e+04
40	983.632492	1.308123e-10	9.055000e-01	1.647358e-13	1.121600e+04	1.452600e+04
40	-1.000000	-1.000000e+00	-1.000000e+00	-1.000000e+00	-1.000000e+00	-1.000000e+00
40	2346.351198	1.171830e-10	7.970000e-01	8.395346e-13	4.122100e+04	1.391300e+04
40	3298.059611	4.672657e-16	8.425000e-01	1.023971e-20	4.024200e+04	1.502400e+04
40	3385.791961	1.405637e-12	8.110000e-01	6.631238e-28	2.123400e+04	3.994000e+03
40	1049.067419	2.012149e-11	8.880000e-01	9.063920e-12	1.536100e+04	3.941000e+03
40	3534.000643	1.241466e-12	9.720000e-01	3.241597e-19	4.713400e+04	4.708600e+04
40	5483.792850	2.797586e-13	7.795000e-01	2.797586e-13	1.750000e+03	2.512300e+04
40	7286.598376	4.679641e-08	6.500000e-01	7.559036e-09	2.756303e+04	3.894342e+04
40	2621.268788	2.383528e-11	9.545000e-01	2.138872e-15	4.095900e+04	2.628100e+04
40	4506.221923	1.862843e-16	6.535000e-01	5.114384e-20	3.187400e+04	5.550500e+04
40	5664.068896	1.000000e-05	6.640153e-01	5.752491e-11	4.647300e+04	1.607600e+04
40	-1.000000	-1.000000e+00	-1.000000e+00	-1.000000e+00	-1.000000e+00	-1.000000e+00
40	1912.791197	3.938991e-15	7.060000e-01	3.938991e-15	2.401800e+04	3.559600e+04
40	7154.375074	2.013829e-07	6.500000e-01	9.496933e-09	2.388986e+04	3.173786e+04
40	4443.876972	5.421548e-17	7.095000e-01	3.111445e-33	3.595700e+04	4.414300e+04
40	1141.608082	9.263957e-06	7.310893e-01	2.559632e-09	5.933319e+04	2.915945e+03
40	4942.874205	6.299749e-16	9.650000e-01	1.376198e-18	2.101200e+04	4.387800e+04
40	2195.310144	8.499937e-16	7.060000e-01	1.558262e-19	2.628900e+04	5.932600e+04
40	1121.637626	8.542923e-10	8.548576e-01	8.542923e-10	5.599011e+03	5.309199e+04
40	1117.943009	1.000000e-05	7.305024e-01	6.291376e-10	4.975574e+04	6.347888e+03
40	-1.000000	-1.000000e+00	-1.000000e+00	-1.000000e+00	-1.000000e+00	-1.000000e+00
40	7566.675836	1.348917e-09	7.512224e-01	1.348917e-09	3.534800e+04	4.420100e+04
40	1399.739783	1.258829e-07	7.177418e-01	2.898437e-13	2.924699e+04	2.486403e+04
40	1415.297638	2.112638e-07	7.165337e-01	2.106207e-13	2.749591e+04	2.559281e+04
40	2386.269855	2.051554e-10	8.250000e-01	1.132095e-14	3.931100e+04	2.379200e+04
40	1174.978122	1.256664e-10	9.825000e-01	1.823462e-14	1.549700e+04	2.079400e+04
40	4167.312877	2.794495e-16	8.075000e-01	2.794495e-16	2.099300e+04	3.323500e+04
40	1906.645764	1.784335e-08	6.885000e-01	7.754300e-14	3.026400e+04	2.587500e+04
40	5732.675760	3.866852e-06	7.900036e-01	3.074893e-12	3.721500e+04	1.935100e+04
40	3940.349382	5.286688e-11	7.585000e-01	1.107575e-25	3.481000e+03	4.114000e+03
40	1963.656636	2.680985e-13	7.410000e-01	2.680985e-13	3.300000e+01	2.521900e+04
40	5220.941791	3.199998e-16	9.335000e-01	6.608734e-20	2.485300e+04	5.124600e+04
40	4176.655870	1.282918e-15	8.285000e-01	9.928420e-34	3.788800e+04	4.429300e+04
40	1147.855900	2.131228e-09	8.549027e-01	2.131228e-09	3.350970e+03	4.475000e+04
40	4401.570056	5.431047e-16	6.500000e-01	4.997604e-16	2.940600e+04	2.968200e+04
40	2670.228037	1.424189e-13	9.860000e-01	1.388985e-13	5.095500e+04	1.601400e+04
40	3958.902180	2.567131e-11	6.500000e-01	2.255215e-11	3.363000e+03	1.229600e+04
40	1155.853106	3.471284e-09	8.544271e-01	3.471284e-09	2.164035e+03	4.541891e+04
40	3133.065495	4.583335e-15	9.930000e-01	5.714986e-16	5.790200e+04	2.933000e+04
40	3949.312233	4.440975e-07	9.265008e-01	8.792265e-12	5.547900e+04	6.475000e+03
40	-1.000000	-1.000000e+00	-1.000000e+00	-1.000000e+00	-1.000000e+00	-1.000000e+00
40	4063.857575	1.812869e-07	8.285005e-01	4.733018e-15	5.820800e+04	2.605000e+04
40	2349.862937	9.238798e-10	8.985000e-01	4.793979e-15	3.387300e+04	2.482500e+04
40	7832.337893	3.532831e-11	8.284974e-01	3.532831e-11	4.337600e+04	5.843000e+04
40	3379.321587	7.377477e-14	9.125000e-01	7.649378e-18	5.748800e+04	4.018300e+04
40	7648.922920	5.996976e-10	7.445000e-01	5.996976e-10	3.759600e+04	4.329500e+04
40	2052.451294	7.602816e-09	9.265000e-01	1.595913e-13	2.765900e+04	1.605500e+04
40	3223.148275	5.725399e-13	9.615000e-01	1.522549e-17	4.999200e+04	3.807800e+04
40	2743.566408	2.434186e-13	7.515000e-01	2.434186e-13	7.167000e+03	2.547000e+04
40	2830.177287	3.952028e-12	9.440000e-01	5.494361e-16	4.609100e+04	2.964400e+04
40	5270.529037	1.246662e-19	6.500000e-01	4.750602e-20	4.926500e+04	5.894400e+04
40	1113.111562	1.104799e-14	9.230000e-01	1.656190e-17	3.397900e+04	3.674000e+04
40	1154.323313	1.000000e-05	7.279714e-01	3.611300e-11	3.199201e+04	1.332000e+04
40	1117.141449	1.000000e-05	7.304203e-01	5.481161e-10	5.314308e+04	6.684799e+03
40	2921.519552	1.002102e-11	8.110000e-01	8.380766e-18	4.721000e+04	4.139200e+04
40	2451.092541	3.363721e-11	8.495000e-01	1.453609e-13	4.346100e+04	1.717700e+04
40	4467.471322	8.680619e-16	9.230000e-01	9.495002e-17	2.076400e+04	3.417300e+04
40	3498.921313	5.872151e-14	9.790000e-01	2.755774e-18	5.420200e+04	4.200400e+04
40	1360.482252	1.200462e-09	7.130000e-01	1.325927e-11	4.011100e+04	1.547900e+04
40	1177.472291	7.314722e-09	8.547676e-01	1.387809e-13	3.569899e+02	5.315970e+03
40	4386.010369	4.550724e-17	8.530000e-01	4.550724e-17	9.038000e+03	3.681900e+04
40	2054.736347	4.755012e-16	8.705000e-01	1.700974e-21	4.025600e+04	3.474000e+04
40	1154.071077	1.000000e-05	7.311739e-01	3.875454e-09	5.509896e+04	1.900609e+03
40	2520.956231	1.435914e-11	7.690000e-01	1.029720e-14	4.699300e+04	2.537600e+04
40	1133.485239	1.817816e-09	8.543846e-01	1.817816e-09	3.753064e+03	5.454316e+04
40	3178.984193	8.812359e-14	9.090000e-01	9.581477e-17	5.718100e+04	3.432500e+04
40	2743.634612	1.888843e-13	9.405000e-01	1.071349e-13	5.407400e+04	1.696200e+04
40	8054.275744	2.419273e-12	8.915018e-01	2.419273e-12	4.937500e+04	5.632200e+04
40	3615.603951	4.592233e-12	8.039999e-01	4.592233e-12	5.454100e+04	9.577000e+03
40	2796.787444	4.171961e-13	9.440000e-01	4.171961e-13	5.270100e+04	1.345800e+04
40	1591.995191	1.824902e-14	8.635000e-01	2.753602e-18	3.181900e+04	3.815800e+04
40	2660.442246	1.595031e-14	9.825000e-01	4.469409e-21	3.674200e+04	5.679100e+04
40	2089.161404	2.364131e-16	9.125000e-01	2.364131e-16	4.257600e+04	2.591900e+04
40	2902.542147	3.309490e-13	9.965000e-01	1.399712e-16	4.499300e+04	3.251800e+04
40	4311.615028	5.199774e-16	6.955000e-01	3.912415e-31	3.026900e+04	3.147400e+04
40	1489.049438	7.876628e-10	7.149760e-01	6.527920e-14	4.123002e+04	2.841504e+04
40	-1.000000	-1.000000e+00	-1.000000e+00	-1.000000e+00	-1.000000e+00	-1.000000e+00
40	1841.015088	2.020605e-07	8.320003e-01	2.403205e-13	2.176400e+04	1.617400e+04
40	5592.600853	3.843105e-15	7.655000e-01	3.843105e-15	2.116000e+03	3.531500e+04
40	1127.561636	7.178034e-15	8.915000e-01	3.147294e-19	3.432700e+04	4.497400e+04
40	2605.293309	4.048423e-10	8.950000e-01	1.517504e-16	3.604500e+04	3.318700e+04
40	1043.334774	2.244880e-10	8.915000e-01	6.925943e-12	9.591000e+03	4.886000e+03
40	1894.342064	1.223103e-11	9.020000e-01	3.863034e-13	1.516800e+04	5.879900e+04
40	6852.919626	5.899835e-06	6.500000e-01	9.748227e-09	1.543475e+04	4.189035e+04
40	4085.860575	2.815641e-15	8.285000e-01	2.815641e-15	1.520000e+03	2.730600e+04
40	4230.596977	4.768042e-17	7.900000e-01	1.940838e-33	3.798100e+04	4.070800e+04
40	1254.136142	1.000000e-05	7.249540e-01	3.694085e-12	3.984602e+04	1.886298e+04
40	1169.293334	3.693618e-15	9.090000e-01	1.269588e-20	3.614300e+04	5.314800e+04
40	1119.176442	1.000000e-05	7.305894e-01	7.348792e-10	4.149514e+04	5.968159e+03
40	3923.086921	1.323588e-11	7.655000e-01	4.150756e-25	7.052000e+03	9.380000e+02
40	1305.623116	4.925543e-12	6.815000e-01	4.925543e-12	7.407000e+03	1.938400e+04
40	2318.785228	7.323697e-12	9.930000e-01	1.214365e-12	3.909100e+04	1.069400e+04
40	4313.397092	9.532729e-16	9.475000e-01	9.532729e-16	1.713200e+04	2.843700e+04
40	2888.117029	7.026531e-14	9.405000e-01	1.187930e-14	5.659800e+04	2.229000e+04
40	1146.365141	9.614164e-06	7.308941e-01	2.831010e-09	2.741600e+04	2.665001e+03
40	1539.736261	5.509818e-09	9.965274e-01	2.729030e-16	1.039700e+04	3.082010e+04
40	1918.573489	1.022137e-15	8.740000e-01	1.022137e-15	3.847900e+04	4.912000e+03
40	2929.921330	1.345482e-10	9.440000e-01	8.235997e-18	3.708000e+04	3.965300e+04
40	3959.697142	1.021013e-12	8.495000e-01	1.021013e-12	7.994000e+03	1.220600e+04
40	1144.687786	1.000000e-05	7.310523e-01	2.763002e-09	2.912790e+04	2.726963e+03
40	2637.682269	1.256088e-11	9.930000e-01	1.256088e-11	3.908100e+04	4.778000e+03
40	2023.231394	6.336217e-16	8.705000e-01	7.942215e-21	3.958800e+04	1.465700e+04
40	6869.174673	4.387041e-06	6.781420e-01	1.000000e-08	1.586300e+04	4.173300e+04
40	3972.091727	5.605305e-13	7.095000e-01	3.637631e-24	1.358400e+04	5.760000e+02
40	2703.346787	8.520499e-13	8.250000e-01	2.094632e-13	1.528900e+04	5.808000e+04
40	-1.000000	-1.000000e+00	-1.000000e+00	-1.000000e+00	-1.000000e+00	-1.000000e+00
40	3756.353057	2.388475e-12	9.020000e-01	2.388475e-12	5.533200e+04	9.787000e+03
40	1023.995836	6.026903e-11	6.780000e-01	2.177847e-13	8.110000e+02	2.769700e+04
40	4273.279529	1.344595e-19	7.375000e-01	1.344595e-19	2.921600e+04	5.441100e+04
40	1199.819775	1.630576e-14	6.710000e-01	6.178044e-16	2.083400e+04	4.202900e+04
40	4964.626516	4.099918e-16	9.370000e-01	7.041874e-19	2.238300e+04	4.569300e+04
40	3826.653255	2.823990e-13	9.685000e-01	4.687110e-20	5.121100e+04	5.165400e+04
40	7178.396780	1.544887e-07	6.500000e-01	6.757340e-09	2.455622e+04	3.025259e+04
40	2064.216249	2.964843e-16	9.545000e-01	6.535583e-21	4.355900e+04	5.572100e+04
40	1119.851098	1.000000e-05	7.296501e-01	1.898328e-10	5.166569e+04	9.274394e+03
40	7140.541615	2.346131e-07	6.500000e-01	9.183121e-09	2.350612e+04	3.086670e+04
40	3814.666797	7.733074e-11	8.530000e-01	1.943212e-30	5.464000e+03	2.085300e+04
40	1107.742120	2.230357e-13	7.025000e-01	7.487226e-14	1.313900e+04	2.895200e+04
40	7365.716094	1.047794e-08	7.785052e-01	1.000000e-08	2.973593e+04	4.399027e+04
40	4671.339728	7.999383e-16	8.285000e-01	8.605280e-19	2.041100e+04	4.656700e+04
40	1352.503088	1.158499e-08	9.474994e-01	4.801988e-15	1.786000e+03	2.388100e+04
40	3771.040567	2.420980e-12	9.125000e-01	2.420980e-12	5.517700e+04	9.663000e+03
40	5398.010354	2.999983e-17	9.720000e-01	2.810088e-20	2.459500e+04	5.295500e+04
40	2626.856216	3.179703e-10	9.755000e-01	1.140466e-16	3.273300e+04	3.313100e+04
40	3666.136710	1.269921e-13	9.090000e-01	2.349209e-19	5.617100e+04	4.844700e+04
40	2154.863669	6.374817e-16	6.955000e-01	6.374817e-16	2.877600e+04	3.976100e+04
40	1010.107126	3.092313e-10	9.755000e-01	3.873898e-11	1.251900e+04	2.215000e+03
40	3948.408564	2.509066e-14	7.865000e-01	2.509066e-14	4.540000e+03	2.294100e+04
40	7091.866624	4.018473e-07	6.500000e-01	9.237655e-09	2.215502e+04	5.058836e+04
40	4406.785636	1.644385e-16	6.920000e-01	3.932202e-33	3.297200e+04	4.093100e+04
40	1118.834370	1.000000e-05	7.305608e-01	7.016766e-10	3.580891e+04	6.081060e+03
40	4044.463092	2.412335e-14	7.270000e-01	3.352536e-25	2.158200e+04	4.060000e+02
40	41771.345913	3.563696e-08	9.860000e-01	6.463080e-11	5.369200e+04	1.200300e+04
40	1141.507838	9.039157e-06	7.284841e-01	5.638758e-11	5.992488e+04	1.223498e+04
40	4005.460246	6.084554e-12	7.375000e-01	6.084554e-12	9.554000e+03	4.668600e+04
40	9674.687070	1.522951e-07	8.005004e-01	4.922973e-14	4.941400e+04	2.927700e+04
40	5597.082197	8.000036e-17	9.160000e-01	1.949525e-21	1.914400e+04	5.966800e+04
40	12720.665048	9.958435e-08	8.460003e-01	5.295164e-11	5.245300e+04	1.247200e+04
40	969.612133	1.191412e-11	9.405000e-01	1.990921e-13	1.812200e+04	1.479000e+04
40	3808.331956	1.205326e-11	8.495000e-01	2.537889e-36	9.871000e+03	5.877100e+04
40	2320.072669	8.909177e-11	9.440000e-01	4.215918e-13	3.818900e+04	1.358100e+04
40	3461.493559	3.292650e-13	8.705000e-01	5.783009e-19	5.476300e+04	4.678500e+04
40	4347.989612	5.869370e-16	9.370000e-01	5.168106e-16	1.123000e+04	3.000500e+04
40	2483.870023	9.395166e-11	9.510000e-01	5.003794e-15	3.767400e+04	2.425400e+04
40	1139.367488	1.000000e-05	7.304881e-01	1.734966e-09	2.381613e+04	3.851129e+03
40	7556.764373	1.650119e-09	7.266609e-01	1.650119e-09	3.513400e+04	4.504700e+04
40	3114.503603	2.426168e-12	9.195000e-01	1.732032e-17	4.831100e+04	3.814500e+04
40	1222.808961	2.517335e-13	6.920000e-01	2.517335e-13	1.424300e+04	2.616100e+04
40	3073.278865	9.458709e-13	6.852011e-01	9.458709e-13	5.842200e+04	1.987000e+04
40	4103.464729	3.009016e-14	6.675000e-01	7.292681e-29	2.000500e+04	2.412100e+04
40	1413.779586	1.212158e-07	7.169084e-01	2.221345e-13	2.903400e+04	2.548113e+04
40	-1.000000	-1.000000e+00	-1.000000e+00	-1.000000e+00	-1.000000e+00	-1.000000e+00
40	1850.165898	2.028535e-10	6.955000e-01	5.139193e-14	4.211000e+04	2.791800e+04
40	8125.362298	7.989928e-06	9.159945e-01	1.783872e-12	5.306800e+04	5.296200e+04
40	2085.276648	9.735937e-10	9.685000e-01	3.745738e-12	3.060600e+04	8.088000e+03
40	2766.819741	9.051698e-11	7.200000e-01	1.628715e-13	1.213000e+03	5.670200e+04
40	5309.275421	8.299990e-16	9.300000e-01	2.843271e-20	1.935400e+04	5.329000e+04
40	2111.851643	3.800128e-09	8.145000e-01	7.490881e-12	3.209500e+04	8.124000e+03
40	1229.259214	6.436520e-12	8.622493e-01	6.436520e-12	1.749896e+04	5.857701e+04
40	5092.146403	2.391208e-20	8.425000e-01	2.391208e-20	2.552300e+04	5.481000e+04
40	-1.000000	-1.000000e+00	-1.000000e+00	-1.000000e+00	-1.000000e+00	-1.000000e+00
40	6980.130584	1.393662e-06	6.500000e-01	9.995892e-09	1.903893e+04	3.629801e+04
40	1145.527093	2.929973e-09	8.541962e-01	2.929973e-09	2.585087e+03	5.525422e+04
40	1353.935773	5.937631e-08	7.206290e-01	6.733127e-13	3.270601e+04	2.291000e+04
40	4368.797785	1.628382e-16	7.060000e-01	1.443362e-35	3.325500e+04	5.452100e+04
40	-1.000000	-1.000000e+00	-1.000000e+00	-1.000000e+00	-1.000000e+00	-1.000000e+00
40	8126.424580	1.710268e-12	8.075000e-01	1.710268e-12	5.218100e+04	5.565200e+04
40	4167.664085	4.592340e-09	7.864999e-01	4.592340e-09	1.585000e+03	4.529500e+04
40	3199.143025	6.257788e-08	7.725000e-01	3.021579e-11	5.824400e+04	1.380900e+04
40	1160.878797	5.531495e-10	9.054999e-01	5.312956e-17	7.627000e+03	3.370600e+04
40	2027.567289	1.048465e-08	8.530000e-01	1.949074e-12	2.881600e+04	1.075300e+04
40	2817.338146	3.375765e-13	9.510000e-01	7.308014e-15	5.204000e+04	2.337100e+04
40	38423.117011	5.516923e-08	9.860001e-01	2.372164e-09	5.173200e+04	3.246000e+03
40	1367.625491	2.166216e-08	7.200988e-01	5.374012e-13	3.491700e+04	2.344605e+04
40	3212.261722	3.180595e-12	8.880000e-01	2.937505e-18	4.854500e+04	4.270800e+04
40	14893.508375	4.138833e-16	7.690000e-01	2.416686e-22	4.045200e+04	5.146600e+04
40	2388.846344	4.619136e-11	9.755000e-01	3.923984e-14	3.765900e+04	1.911100e+04
40	4030.964279	8.679712e-14	6.990000e-01	4.097145e-31	1.794300e+04	2.741200e+04
40	6266.807604	3.354586e-07	7.830003e-01	1.395081e-13	4.850700e+04	2.679000e+04
40	2581.944964	2.344324e-09	8.285000e-01	1.087713e-17	3.303300e+04	4.041000e+04
40	7738.980509	2.671753e-10	7.340004e-01	2.671753e-10	4.028900e+04	4.159600e+04
40	1673.292563	2.183405e-07	9.790002e-01	3.153528e-11	1.595100e+04	2.801000e+03
40	1171.361138	1.000000e-05	7.273718e-01	2.188787e-11	3.195097e+04	1.453901e+04
40	1178.962885	1.869068e-15	6.815000e-01	3.106257e-16	2.561100e+04	4.277000e+04
40	4041.002981	1.553185e-07	9.510003e-01	1.086642e-13	5.952400e+04	1.697100e+04
40	2503.101550	1.647547e-16	8.600000e-01	9.701742e-21	4.267200e+04	2.321200e+04
40	1650.813147	5.295482e-14	9.405000e-01	2.698185e-20	3.078100e+04	5.229400e+04
40	5218.568542	7.700000e-16	9.195000e-01	2.241715e-20	2.883000e+04	5.315400e+04
40	7296.842853	6.105772e-08	7.759718e-01	1.000000e-08	2.611400e+04	3.270800e+04
40	1006.166875	1.168009e-11	6.570000e-01	1.369077e-13	5.143000e+03	3.193300e+04
40	7898.787182	2.818969e-11	7.302578e-01	2.818969e-11	4.543700e+04	5.585600e+04
40	7220.349535	1.506547e-08	9.515261e-01	1.000000e-08	2.470697e+04	3.712909e+04
40	2569.106518	1.228834e-13	7.480000e-01	1.228834e-13	3.600000e+03	2.709400e+04
40	4381.432225	1.937663e-13	8.075000e-01	2.881166e-31	2.600200e+04	2.873400e+04
40	2054.455278	2.393231e-10	8.929325e-01	1.590660e-10	8.490033e+03	4.228604e+04
40	1398.742254	1.468787e-09	8.775002e-01	1.175870e-11	4.082000e+03	5.367500e+04
40	-1.000000	-1.000000e+00	-1.000000e+00	-1.000000e+00	-1.000000e+00	-1.000000e+00
40	1116.354122	1.000000e-05	7.302499e-01	4.200519e-10	4.624004e+04	7.334978e+03
40	1098.310298	2.677561e-14	8.845000e-01	1.867318e-20	3.108600e+04	5.135700e+04
40	3926.235858	9.784594e-13	9.860000e-01	9.784594e-13	5.600500e+04	1.138300e+04
40	2708.388009	3.322086e-10	9.720000e-01	4.392278e-17	3.296400e+04	3.543300e+04
40	1209.309536	5.291565e-14	9.265000e-01	1.663774e-18	3.034000e+04	4.231700e+04
40	3250.007210	3.215346e-14	9.300000e-01	7.753071e-17	5.901600e+04	3.449000e+04
40	1261.105499	9.183279e-07	7.247696e-01	3.262488e-12	5.964301e+04	1.916439e+04
40	2563.882662	1.396814e-12	9.510000e-01	9.345207e-13	4.843300e+04	1.161600e+04
40	2881.175318	6.281896e-09	8.789591e-01	6.281896e-09	5.840121e+02	3.213903e+04
40	989.897633	1.865376e-12	6.507002e-01	6.336586e-13	9.557000e+03	3.445900e+04
40	2269.418432	5.307475e-10	8.320000e-01	1.307745e-13	3.677400e+04	1.770100e+04
40	2980.929056	3.575206e-16	9.230000e-01	3.575206e-16	4.130300e+04	1.206200e+04
40	7721.818234	1.873207e-11	9.895000e-01	1.873207e-11	3.794600e+04	5.154700e+04
