13	2451.968383	5.892716e-16	9.544000e-01	1.743725e-17	1.722100e+04	3.470900e+04
13	487.545930	3.386513e-10	9.392314e-01	3.386513e-10	1.015696e+04	4.783503e+04
13	2053.488273	1.799372e-11	8.746000e-01	6.489329e-33	2.736000e+03	4.173000e+04
13	-1.000000	-1.000000e+00	-1.000000e+00	-1.000000e+00	-1.000000e+00	-1.000000e+00
13	531.969906	5.678390e-11	9.734000e-01	1.979424e-15	1.640800e+04	2.294300e+04
13	50069.125050	4.417264e-09	9.772000e-01	3.330460e-16	5.927200e+04	4.357600e+04
13	25067.448057	8.784087e-16	8.575000e-01	5.968515e-36	4.125400e+04	5.082400e+04
13	10060.369005	1.473414e-06	9.335019e-01	1.000000e-08	3.534900e+04	1.237000e+03
13	545.547758	8.559821e-09	8.518374e-01	1.964191e-11	3.707187e+04	1.706497e+04
13	526.516029	4.112537e-11	9.419823e-01	4.112537e-11	1.526280e+04	4.976400e+04
13	2096.286618	6.732405e-13	8.955000e-01	1.099064e-27	1.117200e+04	1.596900e+04
13	521.578818	5.646708e-11	9.430000e-01	3.193850e-12	1.450400e+04	5.723300e+04
13	529.824293	8.933471e-10	8.529121e-01	3.492961e-11	4.824021e+04	1.569098e+04
13	506.764169	1.000000e-05	8.539045e-01	9.217816e-11	3.025699e+04	1.333201e+04
13	2147.524024	6.536683e-14	9.145000e-01	1.773707e-31	1.735900e+04	2.919500e+04
13	1380.027074	1.074159e-13	8.784000e-01	3.380108e-14	1.506500e+04	5.881300e+04
13	1282.355655	8.826659e-12	8.157000e-01	4.982214e-15	3.285000e+03	5.751200e+04
13	2168.063368	1.855737e-15	8.252000e-01	1.855737e-15	1.976100e+04	3.036700e+04
13	1499.972264	1.347944e-14	9.962000e-01	1.513500e-16	5.270700e+04	2.916300e+04
13	-1.000000	-1.000000e+00	-1.000000e+00	-1.000000e+00	-1.000000e+00	-1.000000e+00
13	2077.358440	1.387175e-13	9.202000e-01	2.596759e-31	2.907800e+04	2.787800e+04
13	2744.566029	5.800000e-16	9.981000e-01	2.674868e-21	3.293700e+04	5.406800e+04
13	2050.729275	8.404026e-11	9.145000e-01	2.347380e-19	1.350000e+02	3.350900e+04
13	2141.785034	1.000000e-05	8.119699e-01	1.706041e-10	3.246100e+04	1.931000e+04
13	483.818664	2.485984e-09	9.381249e-01	2.485984e-09	5.300042e+03	4.149190e+04
13	1126.643549	2.709803e-10	9.924000e-01	1.613902e-15	2.963500e+04	2.368600e+04
13	2057.180458	1.350840e-11	9.183000e-01	8.464497e-29	4.717000e+03	1.731800e+04
13	2583.386681	4.119104e-08	8.100000e-01	9.840485e-09	2.561113e+04	3.154526e+04
13	1330.459155	6.988885e-09	9.088000e-01	1.130281e-28	2.815000e+03	5.782000e+03
13	2477.098859	6.800000e-16	9.392000e-01	1.285584e-22	2.750700e+04	5.918500e+04
13	1050.376424	6.634838e-12	9.240000e-01	3.466708e-31	1.971200e+04	2.442300e+04
13	606.536199	1.397558e-09	8.480518e-01	2.622261e-12	3.814899e+04	2.187301e+04
13	2472.712520	5.660900e-18	8.157000e-01	4.025632e-18	3.639000e+04	4.193500e+04
13	2389.396031	3.044876e-15	9.962000e-01	1.473072e-20	3.507300e+04	5.003500e+04
13	2563.296790	7.051407e-08	8.100000e-01	5.184123e-09	2.426797e+04	3.329012e+04
13	2741.261447	8.967897e-07	8.670112e-01	2.019065e-10	5.812600e+04	3.629600e+04
13	2051.015757	1.932517e-11	9.601000e-01	8.962907e-29	6.676000e+03	1.760500e+04
13	26153.758883	1.489407e-08	9.829000e-01	1.209523e-12	5.343200e+04	2.381100e+04
13	1187.162239	3.594592e-11	8.594000e-01	1.091070e-12	6.930000e+02	4.921500e+04
13	568.154573	1.000000e-05	8.499693e-01	9.148137e-12	1.728694e+04	1.886200e+04
13	1868.450086	9.792456e-16	9.829000e-01	9.792456e-16	4.277400e+04	2.924000e+03
13	494.782708	1.367676e-12	9.506000e-01	2.799033e-16	2.391600e+04	2.601900e+04
13	2832.978368	2.975945e-11	9.163873e-01	2.975945e-11	4.195700e+04	4.675000e+04
13	512.065199	1.000000e-05	8.536808e-01	7.187131e-11	4.888729e+04	1.393801e+04
13	911.512419	4.931589e-09	9.335000e-01	4.262226e-12	2.799400e+04	5.839000e+03
13	5796.169894	1.129988e-07	9.088002e-01	4.996378e-12	4.838100e+04	2.038400e+04
13	506.890219	1.948191e-08	9.373077e-01	1.000000e-08	3.110607e+02	4.660298e+04
13	2062.886741	3.327666e-12	9.524661e-01	1.174071e-31	1.010300e+04	3.132600e+04
13	3344.441969	2.498354e-07	8.765003e-01	2.490961e-14	4.460000e+04	3.322200e+04
13	2143.170472	5.729357e-14	9.278000e-01	1.147667e-34	1.825000e+04	4.317300e+04
13	501.466007	5.607599e-09	9.335000e-01	2.268831e-27	3.341000e+03	1.521000e+03
13	2207.939452	8.849745e-15	8.195000e-01	8.849745e-15	1.979900e+04	1.255800e+04
13	2296.293471	8.757124e-16	8.708000e-01	1.386497e-32	2.622900e+04	3.503400e+04
13	2752.313603	2.603410e-10	8.765000e-01	2.603410e-10	3.704800e+04	5.307600e+04
13	648.895671	8.212556e-06	8.489921e-01	1.328366e-12	5.666639e+04	2.364670e+04
13	479.971053	1.000000e-05	8.560659e-01	2.600341e-09	3.690400e+04	5.207005e+03
13	2070.738742	1.067000e-12	9.544000e-01	3.321435e-29	1.304700e+04	1.959800e+04
13	1377.082555	4.351202e-13	8.727000e-01	4.351202e-13	1.199100e+04	5.149300e+04
13	501.140760	1.149865e-08	9.377175e-01	1.000000e-08	1.574998e+03	3.817200e+04
13	2129.244673	6.819940e-15	9.601000e-01	3.840157e-34	2.577100e+04	4.099800e+04
13	2200.710407	1.251499e-14	8.537000e-01	1.634731e-34	1.961900e+04	4.745800e+04
13	924.557243	1.363161e-09	9.734000e-01	3.043680e-12	2.881300e+04	6.053000e+03
13	2185.847955	1.612285e-15	9.487000e-01	2.528816e-32	2.817100e+04	3.124400e+04
13	516.007939	1.195379e-10	9.422003e-01	1.195379e-10	1.260502e+04	4.458703e+04
13	2705.740751	8.476291e-10	8.858942e-01	8.476291e-10	3.384700e+04	5.801100e+04
13	2545.446849	7.931213e-18	8.575000e-01	2.008381e-19	3.423400e+04	4.668200e+04
13	478.662510	1.000000e-05	8.556728e-01	1.071559e-09	3.089400e+04	7.362999e+03
13	46077.672404	1.000000e-05	9.486974e-01	1.547453e-17	5.162500e+04	5.091500e+04
13	1343.413100	2.253208e-13	8.252000e-01	1.238976e-14	1.223100e+04	5.769300e+04
13	2683.099398	4.999991e-17	8.841000e-01	5.080927e-21	2.783300e+04	5.483300e+04
13	581.702985	5.384554e-10	8.495896e-01	5.768331e-12	4.137901e+04	1.999398e+04
13	486.648225	3.279118e-10	9.753000e-01	6.836011e-14	1.244800e+04	1.467000e+04
13	2737.662613	9.199993e-16	9.430000e-01	1.191318e-20	1.521400e+04	5.163100e+04
13	1010.879929	6.905072e-10	8.461000e-01	3.591824e-15	3.933400e+04	3.785200e+04
13	1505.329313	1.014706e-12	9.981000e-01	2.536569e-19	3.930800e+04	4.385300e+04
13	496.117893	2.588961e-09	8.544104e-01	1.639538e-10	5.355108e+04	1.193092e+04
13	3023.939991	6.259583e-06	9.961924e-01	1.109559e-13	4.934400e+04	5.796400e+04
13	2140.114920	4.115220e-14	9.373000e-01	1.309670e-29	1.957000e+04	2.217500e+04
13	1002.920868	4.300676e-14	9.886000e-01	3.375164e-19	3.532200e+04	4.319700e+04
13	643.078226	8.885504e-09	8.457538e-01	8.546721e-13	3.268599e+04	2.453501e+04
13	562.339890	9.554164e-06	8.517804e-01	1.198869e-11	4.958508e+04	1.829597e+04
13	2278.008285	1.193034e-15	8.993000e-01	2.000109e-33	2.628900e+04	4.072500e+04
13	1243.682340	7.957298e-11	9.107000e-01	3.243044e-13	1.170000e+02	5.395900e+04
13	1345.190704	1.453875e-10	9.373000e-01	8.506753e-17	3.667500e+04	3.130400e+04
13	505.562103	6.177057e-06	8.560941e-01	1.000000e-08	5.490232e+04	1.792507e+03
13	946.318610	1.445619e-08	9.715000e-01	2.498434e-14	2.308100e+04	1.750200e+04
13	2032.402607	4.212806e-10	9.809998e-01	1.078218e-26	2.660000e+03	5.803000e+03
13	510.340204	7.045907e-06	8.537547e-01	7.774129e-11	5.528902e+04	1.374695e+04
13	2436.453879	7.949378e-16	9.829000e-01	2.562028e-17	1.701200e+04	3.344400e+04
13	1162.543289	2.925807e-11	8.708000e-01	2.918269e-12	1.441000e+03	4.721300e+04
13	1278.997999	2.834737e-10	9.677000e-01	1.331641e-16	3.324400e+04	2.979500e+04
13	479.450637	1.000000e-05	8.560144e-01	2.295459e-09	3.098300e+04	5.510000e+03
13	1046.691089	4.230869e-14	9.392000e-01	3.973279e-18	3.205500e+04	3.443200e+04
13	481.034384	1.000000e-05	8.561035e-01	3.045311e-09	2.851300e+04	4.821999e+03
13	652.421444	8.009914e-12	8.461281e-01	6.888221e-13	5.039200e+04	2.510661e+04
13	1114.914098	1.371766e-10	9.449000e-01	5.902270e-14	3.648600e+04	1.585700e+04
13	2080.004126	6.986111e-13	9.487000e-01	9.239474e-31	1.355400e+04	2.526700e+04
13	509.187532	2.181370e-08	9.372988e-01	1.000000e-08	3.696095e+01	5.885796e+04
13	1746.134304	1.905907e-11	9.544000e-01	1.905907e-11	4.511800e+04	1.676000e+03
13	2918.244607	3.662794e-06	8.917039e-01	1.663639e-12	5.621200e+04	4.926900e+04
13	2089.948876	9.224922e-13	9.183000e-01	3.467256e-29	1.117900e+04	2.139400e+04
13	967.273840	3.720544e-15	9.829000e-01	5.524424e-20	3.991500e+04	4.726200e+04
13	557.265461	2.907186e-07	8.509438e-01	1.309872e-11	2.697400e+04	1.802400e+04
13	514.604438	1.000000e-05	8.535732e-01	6.424398e-11	3.648000e+04	1.421100e+04
13	3037.462052	3.407596e-06	9.847949e-01	6.625060e-14	5.394600e+04	5.914600e+04
13	2535.724170	4.951856e-12	9.050000e-01	1.290526e-30	2.041200e+04	1.907600e+04
13	3021.349970	1.061556e-13	9.373000e-01	1.061556e-13	5.651100e+04	5.921900e+04
13	2118.188529	1.352738e-14	8.366000e-01	1.352738e-14	1.241000e+04	2.411300e+04
13	2191.556745	1.581077e-14	8.404076e-01	7.772189e-38	1.881000e+04	5.986000e+04
13	2781.776534	3.800000e-16	9.696000e-01	1.862182e-21	2.451900e+04	5.529600e+04
13	530.677310	1.040879e-08	8.536975e-01	9.291674e-09	3.296400e+04	1.974999e+03
13	62319.324426	4.555088e-16	8.119000e-01	4.955834e-18	4.284700e+04	4.751200e+04
13	2118.051047	2.212345e-13	9.164000e-01	1.229801e-32	1.452400e+04	3.727500e+04
13	490.664863	1.000000e-05	8.547003e-01	2.351984e-10	5.022805e+04	1.105294e+04
13	739.966081	8.472666e-07	8.207151e-01	1.454189e-12	1.800810e+04	1.838098e+04
13	2053.373053	2.172156e-11	8.955000e-01	2.213530e-30	2.820000e+03	2.786300e+04
13	568.367301	6.481723e-10	8.503978e-01	8.938553e-12	4.154298e+04	1.894703e+04
13	2978.521220	7.735910e-06	9.924147e-01	4.950343e-13	4.993200e+04	5.411600e+04
13	790.266281	1.606494e-08	9.886000e-01	3.231485e-11	2.048800e+04	1.620000e+02
13	1368.032832	8.385478e-12	9.430000e-01	5.394669e-16	4.362500e+04	2.691300e+04
13	2243.690211	3.655683e-15	8.765000e-01	4.843686e-35	2.302000e+04	4.526700e+04
13	565.437370	1.693372e-09	8.480000e-01	1.299786e-11	3.755400e+04	1.796000e+04
13	2561.650050	1.000000e-05	8.310824e-01	9.774612e-09	5.219222e+04	2.417303e+04
13	2596.789645	4.978132e-21	8.480000e-01	4.978132e-21	4.696000e+04	5.744000e+04
13	48309.054587	6.470879e-09	9.715000e-01	2.332929e-16	5.784100e+04	4.443000e+04
13	1293.380442	1.705078e-16	9.715000e-01	1.705078e-16	4.550600e+04	8.259000e+03
13	1122.405217	1.443505e-08	9.069000e-01	5.578236e-16	2.621000e+04	2.756400e+04
13	2906.552772	5.508102e-07	8.461019e-01	1.105212e-12	5.860800e+04	4.836700e+04
13	1210.539658	1.298348e-11	8.442000e-01	3.866049e-13	2.855000e+03	5.095900e+04
13	1433.643160	6.517041e-11	9.221000e-01	2.105501e-17	3.928500e+04	3.483900e+04
13	2697.188539	1.459846e-06	8.366184e-01	3.242109e-10	5.027200e+04	3.327600e+04
13	2404.125029	4.369673e-17	8.138000e-01	4.369673e-17	3.187000e+04	3.571000e+04
13	2144.857226	6.902201e-14	8.328000e-01	6.902201e-14	1.518400e+04	6.123000e+03
13	1043.112231	5.540008e-09	9.050000e-01	1.676874e-14	2.866800e+04	1.962200e+04
13	2120.336554	1.612729e-13	8.157000e-01	1.612729e-13	1.289000e+04	7.250000e+02
13	2145.371784	6.343766e-14	8.176000e-01	6.343766e-14	1.512400e+04	8.740000e+03
13	510.928469	2.200772e-08	9.374222e-01	1.000000e-08	1.000801e+01	4.110900e+04
13	747.137799	8.438314e-06	8.670100e-01	1.219463e-10	2.869100e+04	1.264400e+04
13	695.167046	3.898705e-08	8.426475e-01	1.795952e-13	2.824130e+04	2.823565e+04
13	2892.617353	1.219778e-06	8.632032e-01	2.443927e-12	5.796700e+04	4.728800e+04
13	2612.908842	9.999399e-17	9.107000e-01	2.028949e-19	2.279800e+04	4.579600e+04
13	2668.233185	5.671857e-10	9.842451e-01	5.671857e-10	2.998600e+04	4.113200e+04
13	684.885386	8.933109e-11	8.442398e-01	2.630103e-13	4.381798e+04	2.739801e+04
13	1839.086818	2.848529e-06	8.248044e-01	5.513108e-09	5.313780e+04	6.994727e+01
13	1101.461395	7.054082e-09	9.164000e-01	1.898387e-15	2.770800e+04	2.447400e+04
13	2665.618731	4.499999e-16	9.354000e-01	1.829804e-20	2.419500e+04	5.045500e+04
13	726.781464	7.953251e-06	8.467106e-01	2.592531e-13	5.888692e+04	2.761689e+04
13	2641.880908	8.627957e-09	8.100000e-01	7.874723e-09	2.952508e+04	5.100710e+04
13	2050.853335	7.291980e-11	9.050000e-01	1.077878e-17	1.570000e+02	2.474500e+04
13	916.604375	1.689319e-10	9.202000e-01	1.689319e-10	1.184700e+04	4.864600e+04
13	479.967630	1.746695e-09	9.380333e-01	1.746695e-09	6.169013e+03	4.488303e+04
13	1301.616783	6.717275e-11	9.525000e-01	4.040968e-16	3.788300e+04	2.743300e+04
13	1330.082549	2.544295e-11	9.563000e-01	4.220649e-16	4.011200e+04	2.727600e+04
13	739.723821	7.990134e-06	8.463452e-01	2.010021e-13	4.787200e+04	2.823489e+04
13	515.626485	3.585505e-09	9.405759e-01	3.585505e-09	4.303989e+03	3.575200e+04
13	494.982809	1.992654e-10	9.398594e-01	1.992654e-10	1.144099e+04	4.780204e+04
13	859.841677	3.607305e-09	9.183001e-01	3.607305e-09	4.418000e+03	5.556100e+04
13	439.366921	5.780581e-11	9.525000e-01	3.162952e-14	1.503700e+04	1.515500e+04
13	1146.881293	3.415600e-14	9.924000e-01	3.415019e-20	3.686800e+04	4.843700e+04
13	2861.692908	1.399937e-11	8.859999e-01	1.399937e-11	4.446800e+04	4.950400e+04
13	2070.804635	3.304359e-12	9.050000e-01	3.060017e-31	7.646000e+03	2.958700e+04
13	2747.374424	3.254088e-10	9.164007e-01	3.254088e-10	3.588100e+04	4.087600e+04
13	491.175443	7.174036e-09	9.375461e-01	7.174036e-09	2.733064e+03	4.117799e+04
13	1289.601360	8.456112e-12	8.499000e-01	3.359616e-14	4.003000e+03	5.754600e+04
13	613.202453	5.694743e-12	8.481415e-01	2.191621e-12	5.200029e+04	2.233029e+04
13	500.445063	1.078082e-08	9.377624e-01	1.000000e-08	1.729960e+03	3.794796e+04
13	2494.516862	4.236431e-07	8.201995e-01	1.000000e-08	1.963100e+04	5.405700e+04
13	1651.391456	3.833864e-09	8.311062e-01	3.833864e-09	4.885740e+04	1.782869e+03
13	483.712533	1.000000e-05	8.551359e-01	4.327564e-10	3.180398e+04	9.569023e+03
13	2266.459861	2.268346e-09	8.594000e-01	1.127331e-15	5.905400e+04	4.070000e+04
13	2097.299809	4.945879e-14	9.715000e-01	4.945879e-14	2.476600e+04	5.886800e+04
13	2087.014035	1.782390e-10	9.905000e-01	6.034588e-20	7.595000e+03	4.542500e+04
13	2166.308776	2.774913e-14	8.157000e-01	2.774913e-14	1.675900e+04	2.005700e+04
13	484.631960	1.000000e-05	8.549845e-01	4.287050e-10	2.310498e+04	9.584013e+03
13	1733.806009	5.248724e-13	9.202000e-01	9.114600e-30	2.585800e+04	1.590400e+04
13	4776.663285	1.400000e-16	8.803000e-01	1.097807e-36	3.327000e+04	5.544800e+04
13	2551.231314	9.746459e-08	8.100000e-01	8.794920e-09	2.346000e+04	3.023121e+04
13	481.708747	7.972401e-06	8.561590e-01	3.438943e-09	4.933394e+04	4.527296e+03
13	551.444674	5.740806e-06	8.521642e-01	1.674674e-11	5.253300e+04	1.748272e+04
13	2053.118406	2.784757e-11	9.392000e-01	2.700992e-28	3.955000e+03	1.631400e+04
13	588.314054	1.113791e-06	8.485966e-01	4.678121e-12	2.178595e+04	2.045503e+04
13	2435.925303	2.294558e-17	8.803000e-01	1.249568e-37	3.494600e+04	5.999000e+04
13	614.097915	2.382720e-09	9.942998e-01	5.111475e-15	1.131200e+04	2.093500e+04
13	480.501238	1.000000e-05	8.561003e-01	2.866506e-09	4.470898e+04	4.970043e+03
13	1087.638831	6.592353e-06	8.374438e-01	4.118729e-16	5.477782e+04	4.322137e+04
13	1728.372791	2.579853e-16	9.430000e-01	1.280492e-22	4.432200e+04	5.947900e+04
13	2630.521560	1.000000e-05	9.201299e-01	9.999999e-09	1.254799e+04	2.810800e+04
13	2566.521391	1.120710e-17	8.556000e-01	4.242702e-20	3.416600e+04	4.980800e+04
13	2093.893680	5.487424e-13	8.803000e-01	5.487424e-13	1.085700e+04	7.292000e+03
13	2172.645999	6.964917e-09	9.973815e-01	6.950635e-09	1.056900e+04	3.528398e+04
13	724.795375	7.027929e-06	8.467661e-01	2.696706e-13	5.818754e+04	2.752121e+04
13	2512.086194	9.933310e-09	9.932598e-01	9.933310e-09	2.041499e+04	3.656200e+04
13	1494.508776	5.339540e-12	9.202000e-01	3.841903e-17	4.567700e+04	3.348900e+04
13	2502.450474	2.210416e-17	8.537000e-01	5.516952e-19	3.237800e+04	4.413200e+04
13	1212.744288	5.930184e-12	8.404000e-01	3.774660e-13	4.674000e+03	5.073100e+04
13	2281.409474	9.917621e-18	8.385000e-01	9.917621e-18	2.008900e+04	4.119900e+04
13	493.133156	5.882033e-09	8.554035e-01	3.717392e-09	3.708224e+04	4.294059e+03
13	654.012063	3.770550e-10	8.455944e-01	6.319911e-13	4.055266e+04	2.528499e+04
13	2048.360251	1.654558e-10	9.544000e-01	9.572997e-30	8.120000e+02	2.604100e+04
13	665.115341	1.338327e-08	9.509321e-01	1.000000e-08	5.460178e+02	3.007400e+04
13	871.032312	6.769045e-09	9.753000e-01	1.743970e-12	2.461200e+04	7.364000e+03
13	481.706309	5.598808e-10	9.386310e-01	5.598808e-10	8.942007e+03	5.322300e+04
13	551.061149	1.623830e-09	9.436549e-01	1.623830e-09	6.121006e+03	3.607500e+04
13	632.060903	3.345451e-10	8.499000e-01	1.609856e-12	4.274400e+04	2.310700e+04
13	5716.631094	9.600000e-16	9.278000e-01	5.870699e-22	4.213800e+04	5.646600e+04
13	2659.602748	5.262686e-09	8.251995e-01	5.262686e-09	3.062700e+04	3.264800e+04
13	2215.620866	6.897584e-15	8.100000e-01	2.399510e-16	2.023700e+04	3.641200e+04
13	38925.928859	3.874598e-09	9.772000e-01	4.863766e-15	5.914000e+04	3.713200e+04
13	454.961924	1.157863e-09	9.734000e-01	2.582451e-12	9.265000e+03	5.968000e+03
13	480.572027	1.333849e-06	8.554032e-01	6.551849e-10	4.063974e+04	8.560108e+03
13	1309.811828	7.790340e-15	9.962000e-01	2.538484e-21	4.211600e+04	5.433500e+04
13	559.905254	9.925964e-06	8.518627e-01	1.289251e-11	3.306900e+04	1.811900e+04
13	479.489717	1.000000e-05	8.556599e-01	1.398828e-09	2.316204e+04	6.706972e+03
13	1830.968843	3.641546e-13	9.753000e-01	2.554733e-20	4.934700e+04	4.938200e+04
13	2836.924878	7.738452e-12	9.601001e-01	7.738452e-12	4.289000e+04	5.654100e+04
13	2512.782467	1.495418e-16	9.677000e-01	4.136077e-18	1.804700e+04	3.784600e+04
13	2652.972977	2.900000e-16	9.677000e-01	1.259276e-21	2.930200e+04	5.537800e+04
13	-1.000000	-1.000000e+00	-1.000000e+00	-1.000000e+00	-1.000000e+00	-1.000000e+00
13	574.760375	1.666319e-08	8.498318e-01	7.232975e-12	3.299201e+04	1.944199e+04
13	971.834187	5.817387e-10	8.271000e-01	2.059170e-13	3.653200e+04	2.615600e+04
13	2052.168449	3.623354e-11	9.278000e-01	1.047578e-27	2.726000e+03	1.366400e+04
13	815.574431	2.449626e-11	8.385794e-01	6.759509e-15	4.609120e+04	3.619694e+04
13	2889.958854	1.803417e-06	8.898054e-01	3.857831e-12	5.968000e+04	4.708200e+04
13	2126.767154	1.533189e-13	9.145000e-01	7.505809e-36	1.532700e+04	5.047200e+04
13	847.527446	3.763023e-13	8.356188e-01	7.704162e-15	5.626500e+04	3.584100e+04
13	1255.372536	1.959056e-12	9.696000e-01	2.861347e-14	4.564900e+04	1.721600e+04
13	3044.219149	1.894808e-09	9.335000e-01	3.905199e-14	5.674800e+04	5.974400e+04
13	675.161898	7.280751e-10	9.544001e-01	1.276572e-13	7.933000e+03	5.999400e+04
13	937.272019	1.212843e-09	9.544000e-01	1.557622e-11	3.051000e+04	2.377000e+03
13	2724.933102	2.664515e-06	9.050333e-01	5.052511e-10	5.535100e+04	3.516500e+04
13	1434.185384	1.000000e-05	8.271521e-01	8.732799e-17	5.386800e+04	4.723900e+04
13	2899.981788	6.659237e-07	8.537009e-01	1.622182e-12	5.768500e+04	4.785600e+04
13	2052.327466	3.268732e-11	9.164000e-01	2.168851e-26	2.508000e+03	9.318000e+03
13	2502.337036	3.299280e-16	9.126000e-01	2.919141e-18	2.281500e+04	3.947300e+04
13	2737.143023	1.003856e-06	8.879125e-01	3.019665e-10	5.952000e+04	3.600900e+04
13	2064.066311	1.836769e-12	9.126000e-01	1.452395e-31	2.281900e+04	1.625900e+04
13	898.746861	1.261998e-12	8.480000e-01	2.205229e-14	3.604000e+03	3.368000e+04
13	1210.826918	5.649809e-13	9.829000e-01	3.373091e-13	4.730500e+04	1.120600e+04
13	789.053754	1.967094e-07	8.207374e-01	1.745069e-12	2.164196e+04	1.799900e+04
13	2586.145261	5.607907e-09	9.752989e-01	5.607907e-09	2.518400e+04	3.734400e+04
13	481.399706	5.227499e-06	8.561457e-01	3.294455e-09	5.775098e+04	4.631672e+03
13	2966.455120	5.382635e-06	9.220982e-01	4.836765e-13	5.599900e+04	5.312400e+04
13	500.762023	1.000000e-05	8.541853e-01	1.254177e-10	3.801895e+04	1.258305e+04
13	2182.297816	1.103970e-14	9.297000e-01	4.254071e-33	2.227900e+04	3.872800e+04
13	2589.313379	1.000000e-08	8.650999e-01	1.000000e-08	3.297900e+04	4.810000e+02
13	2284.337540	7.993003e-16	9.107000e-01	1.509360e-31	2.763300e+04	3.153200e+04
13	1242.931210	1.602535e-11	8.385000e-01	1.066914e-13	2.240000e+03	5.378400e+04
13	1358.153145	5.927249e-10	9.316000e-01	1.845212e-17	3.337000e+04	3.494900e+04
13	478.682004	3.670386e-07	8.559316e-01	1.837850e-09	5.034933e+04	6.051073e+03
13	1061.411142	3.868379e-10	9.601000e-01	6.727145e-14	3.302400e+04	1.531900e+04
13	2054.255234	1.577534e-11	8.765000e-01	1.825893e-25	3.099000e+03	7.205000e+03
13	472.866843	2.610070e-09	9.430000e-01	1.025647e-12	5.438000e+03	4.973000e+03
13	2999.245530	2.572979e-13	8.575000e-01	2.572979e-13	5.570000e+04	5.631600e+04
13	492.297527	1.927627e-11	9.677000e-01	1.317292e-15	1.848600e+04	2.368300e+04
13	733.311954	7.832495e-11	8.419731e-01	6.670599e-14	4.368427e+04	3.068941e+04
13	16992.354257	2.388800e-08	9.487001e-01	5.185764e-13	5.410400e+04	2.586300e+04
13	2782.721941	5.000017e-17	9.316000e-01	3.346163e-21	1.659300e+04	5.476500e+04
13	585.092142	5.441221e-13	9.487000e-01	2.385834e-14	2.608400e+04	1.501100e+04
13	618.528082	9.364766e-14	8.233000e-01	9.364766e-14	1.428500e+04	3.181100e+04
13	495.949883	6.679131e-10	9.401938e-01	6.679131e-10	8.442001e+03	4.110000e+04
13	1305.403018	5.502136e-11	9.145000e-01	1.260785e-27	1.457400e+04	4.178000e+03
13	650.276072	5.384870e-14	8.385000e-01	8.386044e-15	1.400100e+04	3.638700e+04
13	2439.144657	2.127090e-06	8.100000e-01	9.717307e-09	1.579400e+04	4.894004e+04
13	2057.553407	9.429543e-12	8.727000e-01	1.290188e-25	4.252000e+03	5.007000e+03
13	2882.561344	7.165069e-06	8.803055e-01	4.289848e-12	5.861200e+04	4.651900e+04
13	1112.670499	2.435358e-16	9.525000e-01	4.434448e-19	4.456700e+04	4.101900e+04
13	2766.090969	2.660632e-10	8.878997e-01	2.660632e-10	3.744900e+04	3.979200e+04
13	771.383566	6.379516e-10	8.398196e-01	2.115888e-14	3.806689e+04	3.341286e+04
13	504.778560	1.628294e-08	9.374403e-01	1.000000e-08	7.410081e+02	4.067200e+04
13	644.642342	1.617388e-07	8.404003e-01	2.420398e-12	2.388700e+04	2.165500e+04
13	1195.559471	4.448386e-11	8.556000e-01	7.747740e-13	9.700000e+01	4.989200e+04
13	501.126095	1.479061e-08	9.372977e-01	1.000000e-08	9.810207e+02	5.362906e+04
13	3022.987897	5.473058e-07	8.954013e-01	5.840574e-14	4.123300e+04	5.788500e+04
13	2173.846379	3.023752e-14	8.727000e-01	5.855702e-34	1.795400e+04	4.194700e+04
13	60576.263551	1.280603e-16	8.195000e-01	4.822745e-35	4.586500e+04	5.730700e+04
13	1277.893755	4.647223e-10	9.468000e-01	1.435421e-16	3.331200e+04	2.992700e+04
13	2051.078834	4.482898e-11	8.822000e-01	2.822742e-27	7.100000e+02	1.059200e+04
13	21372.082815	5.600000e-16	9.240000e-01	8.157948e-38	3.838900e+04	5.932500e+04
13	578.978629	7.372630e-15	8.328000e-01	4.702553e-15	1.930700e+04	3.807600e+04
13	29761.875664	7.828274e-09	9.601000e-01	7.558301e-15	5.800700e+04	3.607200e+04
13	1562.462574	3.740585e-11	9.335000e-01	1.140583e-18	4.025100e+04	4.133900e+04
13	2107.559302	3.217675e-13	8.461000e-01	7.540588e-28	1.178600e+04	1.567900e+04
13	5902.013444	1.015388e-07	9.221002e-01	1.264125e-09	4.942600e+04	6.966000e+03
13	479.561437	1.000000e-05	8.555182e-01	8.042855e-10	3.117496e+04	8.061025e+03
13	2052.184793	2.698374e-11	8.860000e-01	2.864412e-26	2.037000e+03	9.726000e+03
13	1254.562510	9.160102e-12	8.461000e-01	1.003073e-13	3.735000e+03	5.451900e+04
13	492.761697	1.431404e-10	9.791000e-01	6.624095e-14	1.483700e+04	1.481500e+04
13	2218.210091	4.308996e-16	9.487000e-01	3.472620e-34	3.131500e+04	4.511000e+04
13	2331.730331	3.451254e-18	8.423000e-01	3.451254e-18	2.488100e+04	4.320400e+04
13	510.109485	9.075106e-06	8.537646e-01	7.857391e-11	4.382897e+04	1.372102e+04
13	1727.901145	1.000000e-05	8.233110e-01	3.385104e-16	5.347600e+04	4.471500e+04
13	485.857247	1.000000e-05	8.562310e-01	5.212655e-09	2.651700e+04	3.513937e+03
13	2503.271117	5.161352e-18	8.271000e-01	4.304931e-21	3.478100e+04	5.915400e+04
13	2721.689678	7.306652e-12	9.988452e-01	7.306652e-12	3.456300e+04	4.947500e+04
13	1760.976197	3.923885e-16	9.810000e-01	1.193204e-21	4.448200e+04	1.166000e+04
13	2232.319084	8.947569e-16	8.423000e-01	8.947569e-16	2.230500e+04	2.889800e+04
13	569.542133	3.799247e-08	8.501400e-01	8.609106e-12	3.118907e+04	1.902496e+04
13	2541.633793	5.408863e-10	8.955000e-01	4.698851e-28	9.025000e+03	9.974000e+03
13	28690.403753	8.139323e-08	9.316001e-01	1.092452e-16	4.913300e+04	4.625300e+04
13	2436.847186	1.240837e-16	8.898000e-01	7.477248e-22	3.084600e+04	5.507900e+04
13	1014.648473	4.348192e-11	9.521350e-01	4.348192e-11	1.503198e+04	4.257206e+04
13	517.921909	1.000000e-05	8.533996e-01	5.588588e-11	2.621399e+04	1.454800e+04
13	2513.068888	4.399948e-16	8.499000e-01	3.705595e-20	2.188800e+04	5.246800e+04
13	2133.804331	9.369970e-15	8.423000e-01	9.369970e-15	1.042500e+04	2.442300e+04
13	536.810771	2.634372e-06	8.525289e-01	2.707714e-11	2.589099e+04	1.630401e+04
13	955.415631	2.200357e-11	8.404000e-01	7.709441e-16	4.664700e+04	4.150400e+04
13	1326.017411	5.527317e-10	9.335000e-01	4.376656e-17	3.347100e+04	3.291300e+04
13	1299.253261	4.979085e-12	9.620000e-01	3.765171e-15	4.387000e+04	2.208500e+04
13	486.485670	5.558687e-06	8.562899e-01	5.706344e-09	5.220900e+04	3.295997e+03
13	2057.822693	1.037082e-11	9.449000e-01	3.058384e-27	6.722000e+03	1.325800e+04
13	1259.057564	1.426608e-15	9.905000e-01	2.737173e-21	4.363100e+04	5.417500e+04
13	2095.366248	6.771251e-13	8.822000e-01	3.164476e-31	1.080100e+04	3.232400e+04
13	2059.361602	6.257914e-12	8.442000e-01	7.587873e-28	4.644000e+03	1.625000e+04
13	1282.583117	7.046292e-13	8.195000e-01	2.692914e-14	9.417000e+03	5.453200e+04
13	46648.775642	3.039926e-08	9.544000e-01	3.187493e-17	5.334900e+04	4.919200e+04
13	2078.695427	1.370413e-12	8.423000e-01	9.923532e-29	8.255000e+03	1.923100e+04
13	3046.019011	2.886522e-07	9.239998e-01	3.420125e-14	5.150200e+04	5.990400e+04
13	24176.524090	1.861041e-15	8.556000e-01	1.787857e-34	3.944900e+04	4.793300e+04
13	2256.748461	1.351172e-07	9.810004e-01	2.328531e-15	5.679900e+04	2.299300e+04
13	478.928965	9.832681e-10	9.382359e-01	9.832681e-10	7.572008e+03	5.226600e+04
13	1903.919689	5.081135e-15	9.924000e-01	3.672962e-20	5.711100e+04	4.834600e+04
13	495.947321	1.000000e-05	8.529512e-01	7.914664e-10	1.634798e+04	7.958026e+03
13	479.805932	8.111819e-10	9.383874e-01	8.111819e-10	8.039013e+03	5.000203e+04
13	751.006419	6.350041e-12	8.416059e-01	4.358991e-14	4.994493e+04	3.173798e+04
13	2307.600309	3.630946e-16	9.145000e-01	9.633442e-36	2.964100e+04	4.908200e+04
13	873.525112	1.456155e-09	8.290004e-01	1.775513e-11	3.426300e+04	1.537300e+04
13	2059.743369	7.018112e-12	8.670000e-01	6.126842e-29	4.835000e+03	1.872700e+04
13	2067.069532	4.261232e-12	8.955000e-01	9.174312e-31	6.748000e+03	2.928701e+04
13	1291.606631	2.607409e-13	8.214000e-01	4.802355e-14	1.181800e+04	5.352200e+04
13	2957.159914	4.908005e-09	9.639000e-01	8.556202e-13	4.702300e+04	5.236800e+04
13	668.417984	5.151510e-10	8.448091e-01	4.134402e-13	3.955795e+04	2.629805e+04
13	493.363644	1.000000e-05	8.563723e-01	9.472551e-09	3.650750e+04	2.063953e+03
13	464.150239	4.099231e-10	9.468000e-01	4.823551e-12	1.008100e+04	2.180000e+03
13	2733.171422	5.800000e-16	9.810000e-01	7.220327e-21	2.494400e+04	5.204800e+04
13	2791.331127	7.683749e-13	8.822000e-01	7.683749e-13	5.150000e+02	2.493200e+04
13	2051.060139	5.338486e-11	9.335000e-01	1.248409e-30	2.062000e+03	2.802300e+04
13	78508.877885	3.455532e-09	9.810000e-01	4.435322e-18	5.824400e+04	5.387900e+04
13	643.571715	5.414537e-12	9.373000e-01	8.454455e-15	2.025100e+04	1.283400e+04
13	2507.417663	8.929731e-17	9.848000e-01	4.744462e-18	1.245700e+04	3.731600e+04
13	2100.727727	6.285127e-14	9.696000e-01	1.418602e-33	2.162800e+04	4.064200e+04
13	1060.502799	2.037933e-09	9.734000e-01	5.863347e-15	2.779800e+04	2.088900e+04
13	1216.501592	4.493700e-11	9.164000e-01	3.837688e-30	1.506600e+04	1.394600e+04
13	1613.290323	2.313542e-07	8.708003e-01	7.758361e-13	4.590600e+04	2.491200e+04
13	2323.610520	4.215726e-16	8.309000e-01	5.718454e-34	2.711900e+04	4.634400e+04
13	2713.614227	2.300000e-16	9.449000e-01	2.538268e-21	2.688400e+04	5.463800e+04
13	449.548161	3.705226e-12	9.582000e-01	3.826632e-15	2.184500e+04	2.058500e+04
13	1154.203991	1.253340e-10	9.620000e-01	1.071427e-14	3.572900e+04	1.962700e+04
13	485.751207	1.000000e-05	8.549955e-01	3.518152e-10	3.366198e+04	1.007299e+04
13	954.541368	3.091546e-10	9.943000e-01	2.542944e-13	2.856200e+04	1.174200e+04
13	1404.140935	1.157800e-14	9.905000e-01	1.157800e-14	5.580100e+04	1.902400e+04
13	2051.345801	2.661867e-11	8.347000e-01	2.561864e-24	9.690000e+02	6.103000e+03
13	501.021298	1.008688e-09	9.335000e-01	2.315805e-27	7.511000e+03	6.980000e+03
13	1057.076610	7.560570e-16	9.885999e-01	4.169889e-19	4.463700e+04	4.269500e+04
13	689.302606	3.130417e-13	8.447601e-01	2.561494e-13	5.819298e+04	2.750499e+04
13	1055.040001	1.654646e-12	9.278000e-01	3.701131e-27	2.308300e+04	3.783000e+03
13	1489.249335	3.983509e-11	9.335000e-01	7.056317e-18	4.009500e+04	3.713800e+04
13	2053.547719	1.000000e-08	8.575001e-01	1.000000e-08	3.166500e+04	3.430000e+02
13	648.598242	2.629089e-14	9.696000e-01	8.669511e-20	3.398800e+04	4.588000e+04
13	532.310390	7.075255e-09	8.527598e-01	3.182914e-11	4.138800e+04	1.591401e+04
13	2063.365970	6.303484e-12	9.069000e-01	1.017437e-27	6.153000e+03	1.496200e+04
13	2488.857305	2.597962e-16	9.069000e-01	4.626293e-18	2.185500e+04	3.863900e+04
13	661.385787	4.474862e-11	8.454874e-01	5.213574e-13	4.587500e+04	2.576303e+04
13	1866.962157	1.343716e-10	9.050000e-01	1.695925e-26	1.240500e+04	2.040000e+02
13	483.507214	1.000000e-05	8.562176e-01	4.262199e-09	3.307903e+04	4.005294e+03
13	2197.551426	1.413082e-14	8.651000e-01	8.100301e-30	1.957500e+04	2.348100e+04
13	2146.478334	7.036098e-14	8.461000e-01	2.537079e-36	1.539400e+04	5.329000e+04
13	803.379250	2.375598e-09	8.380556e-01	7.863578e-15	3.452896e+04	3.575775e+04
13	2512.635487	3.797866e-17	8.974000e-01	1.444085e-22	3.364000e+04	5.934000e+04
13	2083.924249	9.730626e-13	9.373000e-01	2.224353e-34	1.195600e+04	4.565000e+04
13	554.764937	1.555622e-08	8.520419e-01	1.508443e-11	4.778606e+04	1.773689e+04
13	847.106658	6.717539e-09	8.404005e-01	6.717539e-09	4.041500e+04	2.808000e+03
13	2905.213935	2.870806e-12	8.954375e-01	2.870806e-12	4.803600e+04	5.711600e+04
13	549.471399	1.000000e-05	8.503981e-01	1.761037e-11	1.687096e+04	1.724993e+04
13	2688.123610	8.308205e-07	8.423108e-01	5.005080e-10	5.501800e+04	3.265500e+04
13	492.568174	9.495017e-10	9.397036e-01	9.495017e-10	7.597014e+03	4.064704e+04
13	2382.333173	9.339864e-17	8.746001e-01	4.534633e-36	3.153800e+04	5.470500e+04
13	556.627365	2.701178e-14	9.639000e-01	1.558777e-18	3.366600e+04	3.897800e+04
13	2885.357124	9.410742e-06	9.201098e-01	5.914729e-12	4.264500e+04	4.673000e+04
13	2070.742325	3.123809e-12	8.917000e-01	2.349227e-31	7.388000e+03	2.928100e+04
13	481.289942	3.038152e-09	9.376797e-01	3.038152e-09	4.827031e+03	4.669895e+04
13	667.196362	1.220079e-12	8.434741e-01	6.042581e-13	5.446800e+04	2.537600e+04
13	2924.988530	1.222250e-06	8.556022e-01	7.839249e-13	5.695500e+04	4.980300e+04
13	2822.976071	2.376632e-12	8.100707e-01	8.041670e-15	5.039000e+04	4.584300e+04
13	1990.222092	5.650435e-15	8.613000e-01	5.650435e-15	5.359000e+03	3.681800e+04
13	854.307465	2.361471e-09	8.309000e-01	6.694634e-13	3.328100e+04	2.392700e+04
13	1173.099232	1.890560e-08	8.575002e-01	6.023173e-14	4.947700e+04	3.111400e+04
13	2632.791100	1.470320e-06	8.632123e-01	3.565867e-09	5.674500e+04	2.891800e+04
13	825.303855	7.208303e-13	8.355333e-01	7.036308e-14	5.453601e+04	3.037200e+04
13	506.745603	9.401533e-06	8.549696e-01	1.000000e-08	1.819600e+04	1.808031e+03
13	440.019250	1.928095e-10	9.772000e-01	4.838099e-12	1.393500e+04	4.533000e+03
13	1011.033987	2.297963e-10	9.449000e-01	5.314595e-12	3.519200e+04	5.119000e+03
13	721.195652	1.290713e-09	8.420300e-01	8.856979e-14	3.665800e+04	2.997506e+04
13	575.573557	4.356841e-07	8.495857e-01	7.076725e-12	2.471996e+04	1.948103e+04
13	2528.723079	9.518887e-16	8.765000e-01	7.241464e-19	5.422000e+03	4.414600e+04
13	2627.170861	6.141142e-08	9.316001e-01	2.180873e-19	5.553100e+04	4.520700e+04
13	1157.966026	7.470914e-16	9.923988e-01	1.981417e-19	4.569400e+04	4.441600e+04
13	772.450945	5.317415e-10	9.221000e-01	5.317415e-10	9.065000e+03	4.826300e+04
13	480.018051	7.315881e-06	8.560701e-01	2.627238e-09	5.300795e+04	5.182008e+03
13	2957.143388	1.799402e-08	8.879000e-01	4.701874e-13	5.419500e+04	5.236700e+04
13	3014.567367	9.568759e-07	9.791013e-01	1.408751e-13	5.855000e+04	5.715500e+04
13	2568.560150	6.124188e-08	8.100000e-01	9.953621e-09	2.462006e+04	2.990110e+04
13	943.816184	1.443479e-09	9.544000e-01	3.056328e-12	3.007200e+04	6.302000e+03
13	2576.261411	1.553312e-18	8.214000e-01	1.728604e-21	3.919800e+04	5.905400e+04
13	2394.510338	7.834386e-06	8.100000e-01	9.432483e-09	1.256983e+04	3.791105e+04
13	2585.741963	7.305224e-18	8.727000e-01	5.221479e-22	3.659000e+04	5.753400e+04
13	2050.194887	8.342351e-11	9.392000e-01	1.478096e-28	1.294000e+03	1.934100e+04
13	2039.876871	2.980981e-10	9.753000e-01	1.413092e-27	2.313000e+03	1.201000e+04
13	23948.456409	6.718353e-08	9.582001e-01	1.000000e-08	4.762600e+04	6.990000e+02
13	1369.300785	2.059823e-14	9.829000e-01	2.059823e-14	3.632100e+04	1.412500e+04
13	2363.217290	4.070303e-09	8.956542e-01	1.535857e-09	4.128999e+03	4.557400e+04
13	501.384928	7.432524e-10	9.867000e-01	1.520756e-13	1.202000e+04	1.293100e+04
13	2132.433603	8.545804e-11	8.129611e-01	8.545804e-11	5.618000e+04	1.988100e+04
13	2691.342893	1.259697e-06	8.822197e-01	9.819866e-10	5.900300e+04	3.286700e+04
13	2300.894316	5.193543e-17	8.518000e-01	5.193543e-17	8.602000e+03	4.809400e+04
13	2246.548093	6.197013e-16	9.373000e-01	2.193154e-34	2.959000e+04	4.304700e+04
13	492.975412	1.000000e-05	8.544697e-01	2.085494e-10	2.326298e+04	1.133801e+04
13	1086.917249	4.828386e-09	8.898000e-01	5.368927e-15	2.942600e+04	2.274400e+04
13	484.571859	1.000000e-05	8.562494e-01	4.777371e-09	5.316200e+04	3.727999e+03
13	13871.716134	7.700000e-16	8.841000e-01	2.473111e-36	4.173800e+04	5.970200e+04
13	2626.622995	6.292349e-13	8.803000e-01	6.292349e-13	3.680000e+02	2.541600e+04
13	1056.956451	1.225225e-09	9.259000e-01	4.661556e-14	3.177400e+04	1.674700e+04
13	2286.223395	7.933935e-16	9.088000e-01	2.217210e-30	2.757800e+04	2.704200e+04
13	2057.494494	1.092024e-11	8.917000e-01	5.740979e-29	4.375000e+03	1.996400e+04
13	1235.198938	4.275983e-15	9.981000e-01	8.091668e-21	4.612300e+04	5.168500e+04
13	609.881714	6.330327e-12	9.392000e-01	2.474860e-13	1.985400e+04	1.999000e+03
13	2194.422685	1.465543e-14	8.993000e-01	8.431766e-31	2.038100e+04	2.804200e+04
13	1196.443676	8.593380e-11	9.734000e-01	3.002527e-15	3.574800e+04	2.246100e+04
13	28810.532774	2.566606e-08	9.563001e-01	5.939757e-15	5.148500e+04	3.665300e+04
13	2307.691687	3.855037e-16	9.126000e-01	3.303414e-33	2.942200e+04	3.800800e+04
13	482.711864	7.095332e-06	8.561963e-01	3.905206e-09	5.548785e+04	4.218127e+03
13	446.214733	1.149704e-11	8.233000e-01	8.028286e-12	2.474000e+03	2.185300e+04
13	488.551186	9.769044e-06	8.563230e-01	6.760632e-09	5.760913e+04	2.883842e+03
13	450.708045	1.471714e-10	9.468000e-01	3.695564e-14	1.255500e+04	1.399000e+04
13	558.117222	1.320625e-11	8.517076e-01	1.320298e-11	5.529334e+04	1.804997e+04
13	476.886257	6.786759e-11	9.829000e-01	2.408115e-13	1.710900e+04	1.180100e+04
13	863.322643	4.180468e-13	9.373000e-01	7.032441e-28	2.642900e+04	8.052000e+03
13	486.183588	5.537351e-09	9.374472e-01	5.537351e-09	3.368959e+03	5.148397e+04
13	1338.960269	1.205121e-13	8.518000e-01	7.462156e-14	1.420600e+04	5.562100e+04
13	1419.012308	8.784010e-12	9.487000e-01	1.241602e-16	4.322300e+04	3.023800e+04
13	819.460724	5.315802e-10	8.347000e-01	1.512703e-14	3.775400e+04	3.399400e+04
13	496.308085	6.461781e-06	8.544022e-01	1.619505e-10	5.871201e+04	1.196096e+04
13	548.924220	4.140811e-12	9.430000e-01	7.323681e-16	2.105700e+04	2.259300e+04
13	991.047916	6.831900e-11	9.962000e-01	1.696445e-13	3.124400e+04	1.268400e+04
13	487.707448	1.027329e-11	8.404000e-01	4.791288e-12	1.545000e+03	2.124300e+04
13	155143.883782	6.500000e-16	8.442000e-01	1.381859e-34	3.685300e+04	4.947500e+04
13	723.856298	5.872253e-08	8.410519e-01	7.632752e-14	2.692899e+04	3.026710e+04
13	2975.514209	3.980432e-08	8.689005e-01	4.706985e-15	4.692400e+04	3.724700e+04
13	2051.145114	3.883129e-11	8.461000e-01	8.986518e-15	2.580000e+02	9.767000e+03
13	478.353256	8.487909e-06	8.558026e-01	1.376021e-09	5.334600e+04	6.754997e+03
13	486.318192	1.816902e-09	9.386514e-01	1.816902e-09	6.046963e+03	4.062103e+04
13	464.565582	3.185006e-11	9.487000e-01	1.913419e-13	1.632000e+04	1.028300e+04
13	2514.537430	3.898438e-16	9.848000e-01	3.943718e-18	1.770300e+04	3.773800e+04
13	2249.675644	1.000000e-05	8.157326e-01	1.719671e-16	5.375800e+04	4.873600e+04
13	478.513685	9.877975e-06	8.558949e-01	1.686598e-09	4.860435e+04	6.259965e+03
13	522.386158	3.959407e-09	9.410060e-01	3.959407e-09	4.044080e+03	3.517197e+04
13	505.756452	1.446234e-10	9.943000e-01	1.603594e-13	1.799500e+04	1.280700e+04
13	1521.217837	4.475181e-13	8.347000e-01	4.475181e-13	1.135300e+04	4.886900e+04
13	2175.731337	2.816975e-14	8.917000e-01	6.439711e-29	1.861000e+04	2.124400e+04
13	1003.545794	7.951489e-10	9.658000e-01	1.861617e-13	3.081300e+04	1.282700e+04
13	480.254160	1.000000e-05	8.560855e-01	2.745437e-09	5.630501e+04	5.074987e+03
13	2080.629307	1.563341e-12	9.259000e-01	1.353223e-29	1.023000e+04	2.102400e+04
13	-1.000000	-1.000000e+00	-1.000000e+00	-1.000000e+00	-1.000000e+00	-1.000000e+00
13	468.803099	1.726286e-09	9.430825e-01	6.354398e-14	6.389005e+03	1.104099e+04
13	944.832513	6.558208e-16	9.962000e-01	1.282511e-16	4.785200e+04	2.951200e+04
13	497.236208	1.000000e-05	8.543556e-01	1.532073e-10	3.770499e+04	1.209600e+04
13	2680.487875	1.000000e-05	9.183190e-01	1.898019e-09	5.025200e+04	3.212900e+04
13	939.574914	4.193135e-12	8.356806e-01	4.193135e-12	5.375800e+04	2.061699e+04
13	478.766865	1.000000e-05	8.556434e-01	1.000994e-09	4.645488e+04	7.529047e+03
13	480.467337	1.000000e-05	8.560984e-01	2.850122e-09	5.006501e+04	4.983983e+03
13	2531.905141	6.594873e-16	9.544000e-01	2.556562e-18	1.374900e+04	3.914600e+04
13	484.917269	6.254687e-10	9.390356e-01	6.254687e-10	8.652012e+03	4.423303e+04
13	2027.017481	7.162484e-11	8.162132e-01	1.868031e-13	4.379900e+04	3.182000e+04
13	2161.697780	4.047915e-14	8.385000e-01	1.460847e-30	1.655800e+04	2.776400e+04
13	2081.030241	1.630512e-12	9.126000e-01	4.471297e-29	9.599000e+03	1.953000e+04
13	12071.420011	1.208868e-07	9.392002e-01	4.154219e-12	4.833400e+04	2.082700e+04
13	898.766861	1.000000e-05	8.385608e-01	3.674489e-14	5.726800e+04	3.240800e+04
13	442.889285	2.077224e-11	8.187626e-01	2.044885e-11	1.129000e+03	2.062100e+04
13	27527.330499	9.147036e-08	9.392001e-01	6.032059e-16	4.716300e+04	4.215600e+04
13	544.160091	8.462182e-10	9.468000e-01	8.749216e-13	7.845000e+03	5.782400e+04
13	11869.208127	4.041053e-15	8.879000e-01	1.311070e-20	3.758700e+04	5.218900e+04
13	2307.166188	1.462982e-16	8.613000e-01	1.462982e-16	1.967600e+04	3.259000e+04
13	2782.724234	4.999976e-17	9.525000e-01	4.115696e-21	1.328600e+04	5.390200e+04
13	-1.000000	-1.000000e+00	-1.000000e+00	-1.000000e+00	-1.000000e+00	-1.000000e+00
13	1141.003966	4.851127e-10	9.373000e-01	7.035201e-15	3.364900e+04	2.099600e+04
13	2051.455468	3.622695e-11	8.898000e-01	9.167999e-31	1.424000e+03	2.975500e+04
13	1291.599018	1.725344e-09	9.183000e-01	4.336578e-17	3.117000e+04	3.324300e+04
13	712.505889	1.720766e-10	8.428101e-01	1.182761e-13	4.186337e+04	2.930722e+04
13	2179.830032	2.370189e-14	8.993000e-01	1.428039e-35	1.924400e+04	4.929900e+04
13	956.243030	8.868458e-10	9.563000e-01	4.133655e-12	3.118300e+04	5.549000e+03
13	1237.853211	2.783284e-09	9.050000e-01	1.215868e-16	3.038700e+04	3.117000e+04
13	1223.456314	1.892877e-12	8.670000e-01	1.892877e-12	1.960000e+02	2.277400e+04
13	658.895644	5.279964e-06	8.486899e-01	1.063717e-12	4.841507e+04	2.418680e+04
13	1273.853302	1.091833e-13	8.461000e-01	5.167601e-16	9.643000e+03	4.270700e+04
13	3023.131926	9.999999e-06	8.935964e-01	5.703500e-14	5.883700e+04	5.789600e+04
13	2318.101308	4.584546e-16	8.119000e-01	4.781447e-31	2.660200e+04	3.404100e+04
13	2856.538002	2.145801e-11	8.365996e-01	2.145801e-11	4.439800e+04	4.635700e+04
13	1081.338621	7.247414e-09	9.468000e-01	1.965044e-15	2.642700e+04	2.382500e+04
13	2396.530128	4.074200e-06	8.852826e-01	1.000000e-08	1.271900e+04	5.359400e+04
13	2170.724056	3.494271e-06	8.110391e-01	1.576516e-12	5.462899e+04	3.268203e+04
13	1303.885656	4.484567e-12	9.506000e-01	4.859440e-15	4.483000e+04	2.165300e+04
13	1100.905593	4.032410e-12	9.924000e-01	6.516549e-13	4.022600e+04	9.525000e+03
13	2066.192105	4.957681e-12	9.126000e-01	1.214764e-31	6.925000e+03	3.275900e+04
13	2745.830114	4.783433e-10	8.271031e-01	4.783433e-10	3.654100e+04	4.201500e+04
13	527.110951	1.000000e-05	8.530695e-01	3.872213e-11	3.843801e+04	1.544305e+04
13	2887.434296	1.360010e-12	9.714783e-01	1.360010e-12	4.646500e+04	5.933600e+04
13	2377.021020	1.123775e-16	8.328000e-01	6.265953e-34	3.022500e+04	4.660200e+04
13	938.107436	3.106103e-09	9.658000e-01	2.087422e-13	3.466000e+03	5.709900e+04
13	960.247683	9.592479e-10	9.886000e-01	1.364357e-13	2.751800e+04	1.328400e+04
13	445.013644	1.087256e-11	9.601000e-01	6.219790e-13	1.943200e+04	8.655000e+03
13	569.799642	9.711818e-06	8.515234e-01	9.638834e-12	5.978417e+04	1.882675e+04
13	19221.160090	4.474343e-08	9.126001e-01	1.309596e-16	4.989000e+04	4.582400e+04
13	2993.714281	6.442866e-10	8.127206e-01	6.442866e-10	5.457800e+04	3.402999e+03
13	19908.737624	9.000000e-16	9.107000e-01	7.909663e-37	3.878500e+04	5.793700e+04
13	1364.316396	2.085259e-10	9.753000e-01	1.580451e-17	3.331700e+04	3.462900e+04
13	2199.434135	1.238100e-14	8.385000e-01	2.781316e-36	1.935000e+04	5.631300e+04
13	3010.380970	4.336949e-07	9.239864e-01	1.158157e-13	4.856200e+04	5.679700e+04
13	867.206421	1.708773e-12	8.518000e-01	9.272692e-14	5.641600e+04	3.004900e+04
13	1094.000279	6.504286e-10	9.449000e-01	1.854955e-14	3.256800e+04	1.858800e+04
13	666.471748	1.029661e-08	8.423000e-01	5.051098e-13	3.138300e+04	2.569000e+04
13	502.003648	2.234310e-08	9.885999e-01	1.338581e-12	4.219000e+03	7.756000e+03
13	1131.249041	2.096587e-09	9.012000e-01	3.280029e-15	3.121200e+04	2.356500e+04
13	850.224745	1.554315e-09	9.502636e-01	1.554315e-09	6.133003e+03	3.392002e+04
13	1220.841867	4.566082e-12	8.442000e-01	3.537969e-13	5.375000e+03	5.118300e+04
13	2710.098329	1.332636e-09	8.195317e-01	1.332636e-09	3.409400e+04	3.787600e+04
13	2874.343985	4.200000e-16	9.981000e-01	3.184618e-22	2.648200e+04	5.906700e+04
13	2991.916999	1.000000e-05	8.821655e-01	1.418781e-13	5.416600e+04	5.523500e+04
13	624.894700	9.946661e-09	8.467772e-01	1.481505e-12	3.273505e+04	2.322204e+04
13	1281.886439	4.741142e-16	9.506000e-01	9.577889e-21	4.282200e+04	2.169200e+04
13	572.093770	2.670410e-11	8.503089e-01	7.925162e-12	4.944801e+04	1.924299e+04
13	1184.331646	2.521665e-12	9.772000e-01	2.026649e-13	4.426300e+04	1.248500e+04
13	2789.110175	1.658842e-06	8.765208e-01	6.146221e-11	5.506700e+04	3.965700e+04
13	807.652885	7.340706e-10	8.381574e-01	7.280066e-15	3.748861e+04	3.596474e+04
13	754.214715	2.046559e-11	8.412650e-01	3.846209e-14	4.693900e+04	3.202598e+04
13	489.169268	1.000000e-05	8.561276e-01	6.242961e-09	2.280500e+04	3.067999e+03
13	637.377210	2.098173e-10	8.465374e-01	1.037798e-12	4.231400e+04	2.410205e+04
13	979.927514	1.566328e-08	9.012000e-01	4.277048e-14	2.617600e+04	1.750600e+04
13	1198.190557	1.000000e-08	8.347041e-01	1.000000e-08	3.812500e+04	7.800000e+02
13	504.066062	1.000000e-05	8.538832e-01	1.081479e-10	2.265595e+04	1.293394e+04
13	476.377815	7.611660e-09	9.715000e-01	9.236948e-12	4.563000e+03	2.852000e+03
13	860.778057	1.304631e-08	9.544000e-01	4.273646e-12	2.456100e+04	5.494000e+03
13	2738.223954	4.499972e-16	9.905000e-01	1.533627e-20	8.386000e+03	5.037700e+04
13	4736.033606	1.000000e-08	8.670001e-01	1.000000e-08	3.922300e+04	3.800000e+01
13	957.598010	8.636563e-13	8.314556e-01	6.671970e-13	5.342200e+04	2.425400e+04
13	538.142764	8.609521e-11	8.523668e-01	2.561570e-11	4.988293e+04	1.643307e+04
13	500.001213	1.321025e-08	9.373850e-01	1.000000e-08	1.252016e+03	4.206603e+04
13	2060.732133	4.795192e-12	9.753000e-01	1.072789e-31	1.225400e+04	3.206300e+04
13	2096.832244	6.290175e-13	8.822000e-01	2.988374e-33	1.097700e+04	3.805600e+04
13	6144.210326	4.338840e-07	9.012005e-01	2.818291e-13	4.253800e+04	2.734700e+04
13	2340.030057	2.411281e-16	8.917000e-01	1.739499e-34	2.979600e+04	4.441700e+04
13	25378.090727	7.717681e-08	9.373002e-01	9.754549e-16	4.649400e+04	4.100200e+04
13	479.154565	1.000000e-05	8.558232e-01	1.706733e-09	2.480309e+04	6.227005e+03
13	1621.510104	3.368482e-13	9.240000e-01	1.330541e-17	5.255000e+04	3.586700e+04
13	622.162673	1.027873e-07	8.466340e-01	1.603112e-12	2.685820e+04	2.301324e+04
13	890.912177	3.397577e-13	9.924000e-01	1.015651e-17	3.152900e+04	3.538700e+04
13	2074.378227	7.086286e-07	9.392007e-01	1.942356e-12	4.511900e+04	7.664000e+03
13	478.365737	1.000000e-05	8.557777e-01	1.306030e-09	4.708801e+04	6.881981e+03
13	617.622062	1.306755e-12	8.290000e-01	1.619202e-15	7.173000e+03	4.096500e+04
13	482.311012	1.000000e-05	8.552462e-01	5.086675e-10	4.079900e+04	9.176002e+03
13	1109.894282	3.019045e-16	9.639000e-01	3.019045e-16	4.400200e+04	1.513900e+04
13	2700.609110	3.086054e-06	9.373786e-01	1.268825e-09	5.274400e+04	3.349700e+04
13	575.539573	5.699271e-13	8.176000e-01	1.825693e-14	9.757000e+03	3.737500e+04
13	956.372249	2.308353e-09	9.164000e-01	2.309785e-12	3.051700e+04	7.644000e+03
13	1364.215561	5.127127e-11	9.145000e-01	1.684214e-16	4.015000e+04	3.018000e+04
13	2533.937028	7.175802e-16	9.658000e-01	2.499675e-18	9.350000e+03	3.903400e+04
13	964.478603	3.077441e-10	9.905000e-01	5.053196e-13	2.990000e+04	1.014900e+04
13	1873.168054	7.393336e-12	8.670000e-01	7.393336e-12	3.147000e+03	1.957400e+04
13	1305.133538	8.061955e-13	8.518000e-01	5.769103e-14	9.682000e+03	5.627900e+04
13	499.418473	1.625151e-10	8.539074e-01	1.625118e-10	4.697553e+04	1.192608e+04
13	2914.632134	1.890912e-12	9.278063e-01	1.890912e-12	4.828500e+04	5.541200e+04
13	2776.471487	4.725391e-06	9.183589e-01	1.364040e-10	5.192600e+04	3.875900e+04
13	506.621818	1.192829e-13	8.347000e-01	1.120032e-13	1.270000e+04	3.051300e+04
13	2056.432113	3.935506e-12	8.233000e-01	3.935506e-12	3.524000e+03	1.100600e+04
13	466.287056	4.117826e-11	9.791000e-01	2.639674e-13	1.780500e+04	1.152400e+04
13	865.134806	1.248289e-11	8.333632e-01	6.510081e-14	4.699400e+04	3.033300e+04
13	499.865442	1.000000e-05	8.542280e-01	1.317604e-10	3.981300e+04	1.246300e+04
13	1807.996411	9.243590e-13	9.715000e-01	2.412335e-20	4.735900e+04	4.956300e+04
13	895.322572	2.842175e-09	9.848000e-01	8.075181e-13	2.553800e+04	9.093000e+03
13	2068.657754	3.781493e-12	8.974000e-01	1.139803e-29	7.090000e+03	2.047000e+04
13	552.565499	1.058014e-11	8.347000e-01	9.771692e-14	1.839000e+03	3.087000e+04
13	2817.149199	3.500000e-16	9.981000e-01	1.645674e-21	2.677500e+04	5.534500e+04
13	2068.514371	2.242759e-12	8.100000e-01	1.723307e-12	6.516000e+03	2.416500e+04
13	2896.528234	2.949824e-06	8.632078e-01	2.171319e-12	5.021000e+04	4.758800e+04
13	2051.565849	3.449063e-11	8.898000e-01	1.036591e-26	1.543000e+03	1.273300e+04
13	449.479682	3.770094e-12	9.715000e-01	2.737453e-12	2.273000e+04	5.676000e+03
13	707.772467	1.139439e-11	8.434544e-01	1.428577e-13	4.882396e+04	2.888121e+04
13	2056.815938	6.804635e-12	8.100000e-01	2.761452e-12	3.846000e+03	2.577500e+04
13	1244.308212	5.614687e-14	8.366000e-01	5.614687e-14	1.574800e+04	3.128200e+04
13	466.106625	1.411343e-11	9.734000e-01	7.726043e-14	1.974400e+04	1.429600e+04
13	2127.145100	1.392451e-13	9.202000e-01	1.791754e-31	1.578300e+04	3.265300e+04
13	1079.480147	5.304187e-12	9.240000e-01	4.674879e-30	2.025500e+04	2.064200e+04
13	2247.880956	2.021119e-18	8.252000e-01	2.021119e-18	3.200700e+04	4.827200e+04
13	502.001565	5.238825e-06	8.561791e-01	1.000000e-08	5.379503e+04	1.817655e+03
13	-1.000000	-1.000000e+00	-1.000000e+00	-1.000000e+00	-1.000000e+00	-1.000000e+00
13	1250.485121	4.130975e-12	8.499000e-01	1.605661e-13	5.727000e+03	5.356500e+04
13	544.815839	9.936360e-06	8.524034e-01	2.074433e-11	5.834600e+04	1.696184e+04
13	1148.903295	5.863193e-12	8.518000e-01	3.984043e-12	4.919000e+03	4.552900e+04
13	2111.108283	3.647780e-14	9.715000e-01	1.252783e-30	2.319900e+04	2.654500e+04
13	1052.386601	3.301950e-13	8.385000e-01	1.071610e-16	5.688600e+04	4.626300e+04
13	480.011473	2.191391e-09	9.378583e-01	2.191391e-09	5.620004e+03	4.581402e+04
13	446.690327	1.709995e-10	9.715000e-01	6.470565e-13	1.366600e+04	9.212000e+03
13	481.372261	9.501950e-06	8.553268e-01	5.775303e-10	5.057990e+04	8.867091e+03
13	2155.863141	2.656945e-15	8.271000e-01	2.656945e-15	1.857700e+04	2.918000e+04
13	481.347401	3.257517e-09	9.376156e-01	3.257517e-09	4.659003e+03	5.364387e+04
13	1021.143138	1.956049e-09	8.499000e-01	1.290269e-14	3.842600e+04	3.480700e+04
13	886.936409	3.367213e-12	9.297000e-01	1.978008e-30	2.136200e+04	2.308300e+04
13	501.170932	3.927383e-11	9.430000e-01	5.745563e-13	1.559800e+04	6.137000e+03
13	2005.796882	1.887877e-13	8.169978e-01	1.554550e-13	5.887500e+04	3.208401e+04
13	1340.174403	3.037879e-13	8.689000e-01	4.915020e-14	1.237100e+04	5.750800e+04
13	3460.377440	1.099473e-10	8.898000e-01	6.975237e-29	1.289000e+04	1.305300e+04
13	1994.266864	4.954468e-12	9.107000e-01	7.193761e-30	2.041300e+04	1.793100e+04
13	70588.359079	8.500000e-16	8.860000e-01	9.806231e-36	3.593000e+04	5.050300e+04
13	2051.448816	3.584508e-11	8.879000e-01	2.346704e-26	1.399000e+03	1.114000e+04
13	653.429644	1.424714e-12	8.466533e-01	6.864546e-13	5.482528e+04	2.511197e+04
13	2510.756261	3.493629e-17	9.145000e-01	8.636289e-20	3.377600e+04	4.542600e+04
13	2858.903247	4.518483e-06	8.119002e-01	4.853092e-14	4.220700e+04	4.854400e+04
13	2097.213867	4.671701e-13	8.271000e-01	1.067062e-26	1.055200e+04	1.327400e+04
13	2028.584734	1.000000e-05	8.822129e-01	1.000000e-08	2.137500e+04	1.320000e+03
13	2315.987146	1.392459e-16	8.214000e-01	1.392459e-16	2.859500e+04	3.395700e+04
13	557.949125	1.210592e-06	8.548879e-01	1.000000e-08	4.970109e+04	1.586880e+03
13	2048.264738	3.569015e-11	9.639000e-01	1.181200e-29	5.699000e+03	2.455700e+04
13	2600.184248	1.177646e-08	9.107230e-01	1.000000e-08	2.659300e+04	3.851300e+04
13	2104.133065	1.610281e-13	9.449000e-01	2.014464e-32	1.680400e+04	3.307500e+04
13	886.069984	3.147800e-09	9.696000e-01	3.081440e-11	2.706300e+04	5.120000e+02
13	2695.715813	1.374769e-09	8.726911e-01	1.374769e-09	3.300000e+04	4.128100e+04
13	2207.616496	2.091877e-17	8.214000e-01	2.091877e-17	3.086800e+04	4.340700e+04
13	508.577327	1.700769e-08	9.376926e-01	1.000000e-08	6.239874e+02	3.822300e+04
13	1420.593583	2.817576e-11	9.924000e-01	6.889076e-18	3.530900e+04	3.634100e+04
13	39960.516700	2.348333e-16	8.404000e-01	1.809690e-35	4.441600e+04	5.357200e+04
13	859.960427	1.000000e-05	8.404608e-01	3.534190e-14	5.405300e+04	3.248000e+04
13	1145.543490	4.163898e-09	8.841000e-01	1.025645e-15	2.993800e+04	2.683900e+04
13	575.783588	5.717004e-11	9.335000e-01	8.885451e-28	1.448900e+04	7.833000e+03
13	2135.450358	1.024038e-13	8.461000e-01	1.024038e-13	1.449300e+04	4.743000e+03
13	920.722465	4.683278e-09	8.917000e-01	4.228008e-11	2.946200e+04	1.252000e+03
13	2125.093980	1.347654e-13	8.176000e-01	1.347654e-13	1.334600e+04	3.272000e+03
13	2322.371704	4.360788e-16	8.746000e-01	9.379225e-33	2.794900e+04	3.933900e+04
13	2053.569096	1.474814e-11	8.499000e-01	7.768091e-28	2.686000e+03	7.460000e+03
13	1125.307109	2.474007e-10	9.715000e-01	8.756275e-15	3.326800e+04	1.997400e+04
13	1292.598222	5.931689e-12	9.487000e-01	5.931689e-12	4.532100e+04	4.418000e+03
13	2087.236661	1.834210e-07	9.126003e-01	1.021757e-12	5.603300e+04	9.717000e+03
13	21076.961529	1.500977e-07	9.373002e-01	6.168056e-15	4.598700e+04	3.656500e+04
13	448.672286	3.082336e-11	9.601000e-01	2.402081e-15	1.688700e+04	2.188000e+04
13	507.713712	1.000000e-05	8.538679e-01	8.797231e-11	3.436899e+04	1.344600e+04
13	622.568038	1.824283e-08	9.848009e-01	6.503865e-15	3.991000e+03	2.036000e+04
13	2658.256823	3.342690e-06	9.127616e-01	3.294950e-09	5.205600e+04	3.062700e+04
13	478.748926	1.000000e-05	8.559433e-01	1.890011e-09	4.506496e+04	5.983006e+03
13	2284.984857	1.183935e-15	8.708000e-01	1.259020e-32	2.552400e+04	3.901900e+04
13	2326.592411	4.037263e-16	8.518000e-01	6.340020e-35	2.761800e+04	5.060900e+04
13	487.130763	1.000000e-05	8.562925e-01	5.989137e-09	3.058500e+04	3.178018e+03
13	2802.083796	1.599999e-16	9.981000e-01	2.820454e-21	1.009900e+04	5.414200e+04
13	722.688277	4.242951e-09	8.417174e-01	8.286662e-14	3.361900e+04	3.011700e+04
13	1113.610262	5.006126e-09	9.449000e-01	1.210252e-15	2.744500e+04	2.498900e+04
13	497.702086	9.569361e-08	8.543329e-01	1.490508e-10	5.994902e+04	1.216295e+04
13	2046.279794	2.846678e-10	9.620000e-01	4.383003e-29	4.090000e+02	2.399100e+04
13	2863.547958	4.588729e-06	8.860035e-01	8.116736e-12	5.695500e+04	4.508500e+04
13	2075.906496	2.297402e-12	9.088000e-01	5.617101e-28	8.644000e+03	1.655300e+04
13	2555.169910	8.768445e-08	8.100000e-01	9.921169e-09	2.372390e+04	2.987401e+04
13	-1.000000	-1.000000e+00	-1.000000e+00	-1.000000e+00	-1.000000e+00	-1.000000e+00
13	2383.838858	5.420072e-17	8.347000e-01	1.009828e-17	3.003400e+04	3.893800e+04
13	497.290005	3.360342e-06	8.543533e-01	1.527062e-10	5.193200e+04	1.210399e+04
13	2152.563316	6.244222e-14	8.955000e-01	9.255878e-37	1.683400e+04	5.668400e+04
13	984.532865	1.111068e-10	9.829000e-01	2.060220e-11	3.397200e+04	1.325000e+03
13	-1.000000	-1.000000e+00	-1.000000e+00	-1.000000e+00	-1.000000e+00	-1.000000e+00
13	488.140065	6.446167e-09	9.374229e-01	6.446167e-09	2.999004e+03	4.714703e+04
13	1204.702757	2.247723e-09	9.031000e-01	3.707006e-16	3.098000e+04	2.862100e+04
13	15733.564971	2.306419e-07	9.164004e-01	1.844723e-15	4.355500e+04	3.947500e+04
13	2618.690744	2.539006e-07	9.734004e-01	3.151347e-19	5.976200e+04	4.368500e+04
13	506.631915	1.000000e-05	8.539168e-01	9.268764e-11	3.908400e+04	1.331900e+04
13	168785.059767	4.100000e-16	8.347000e-01	5.420583e-37	3.673000e+04	5.842100e+04
13	1949.791653	3.382563e-11	9.601000e-01	3.382563e-11	4.633000e+04	3.740000e+02
13	676.697983	5.426659e-16	9.733985e-01	9.643722e-18	4.339000e+04	3.506500e+04
13	480.135740	6.721408e-06	8.559742e-01	2.600431e-09	2.946200e+04	5.205999e+03
13	2865.943036	2.860824e-06	8.782985e-01	6.852892e-12	4.225900e+04	4.526500e+04
13	2299.154871	8.037672e-16	8.746000e-01	1.828225e-32	2.652100e+04	3.518000e+04
13	2189.065531	1.818146e-14	8.917000e-01	3.936385e-30	1.964500e+04	2.427800e+04
13	2143.262235	2.008147e-09	8.119000e-01	1.121178e-13	3.560900e+04	3.601600e+04
13	512.833757	2.580763e-10	9.905000e-01	9.602891e-14	1.536500e+04	1.403000e+04
13	2687.210236	8.282661e-07	8.404485e-01	4.842987e-10	5.461400e+04	3.259400e+04
13	480.619017	2.922514e-09	9.376560e-01	2.922514e-09	4.922980e+03	5.984604e+04
13	478.562562	1.000000e-05	8.556918e-01	1.098472e-09	5.110901e+04	7.302990e+03
13	482.859688	9.221852e-06	8.562012e-01	3.973891e-09	5.245854e+04	4.175733e+03
13	2099.220595	5.421197e-13	8.746000e-01	9.814060e-35	1.114700e+04	4.940300e+04
13	2839.450464	1.000000e-05	8.171321e-01	1.518145e-12	4.113900e+04	4.352200e+04
13	2589.754398	2.183015e-18	8.575000e-01	5.595264e-21	3.919100e+04	5.210400e+04
13	1333.116179	3.542330e-11	9.677000e-01	2.152699e-16	3.848200e+04	2.868200e+04
13	2317.648594	4.983687e-16	8.385000e-01	1.036287e-30	2.686800e+04	2.921900e+04
13	2434.742139	1.946513e-10	9.992345e-01	1.946513e-10	2.365400e+04	4.088900e+04
13	2171.675350	6.002984e-16	8.328000e-01	6.002984e-16	1.746500e+04	3.224600e+04
13	1115.952196	3.716109e-12	8.265707e-01	3.673219e-15	4.943199e+04	3.653899e+04
13	485.615715	1.000000e-05	8.550056e-01	3.559008e-10	4.640299e+04	1.004500e+04
13	488.009097	1.000000e-05	8.548490e-01	2.897357e-10	3.003298e+04	1.054502e+04
13	825.156524	2.060021e-11	8.382128e-01	5.181628e-15	4.648022e+04	3.683720e+04
13	1488.795399	7.610239e-15	9.924000e-01	9.641775e-16	5.610300e+04	2.489900e+04
13	2144.856304	8.301969e-14	8.955000e-01	1.402024e-30	1.615800e+04	2.654900e+04
13	511.908656	5.208338e-06	8.536875e-01	7.237947e-11	5.683478e+04	1.392086e+04
13	2102.376527	4.915613e-13	8.897991e-01	3.638143e-28	1.176400e+04	1.812800e+04
13	872.680137	1.003200e-10	8.328000e-01	8.181092e-15	4.175700e+04	3.542200e+04
13	869.108070	7.498490e-10	9.943000e-01	2.388872e-11	2.635000e+04	8.330000e+02
13	2828.419235	2.200000e-16	9.772000e-01	1.213001e-21	2.004400e+04	5.630400e+04
13	2462.863691	5.721849e-17	8.233000e-01	2.571088e-21	3.078600e+04	5.836500e+04
13	2230.466112	4.386118e-17	8.347000e-01	4.386118e-17	1.905600e+04	3.821500e+04
13	2112.243536	3.128353e-13	8.917000e-01	1.660384e-32	1.289400e+04	3.854000e+04
13	2157.113208	2.767347e-15	9.543996e-01	5.105024e-36	2.737600e+04	5.085500e+04
13	1300.030349	1.000000e-05	8.309728e-01	4.478271e-12	5.882500e+04	2.123200e+04
13	2151.047018	6.651964e-14	8.803000e-01	7.784174e-29	1.627300e+04	1.847400e+04
13	2459.834776	1.373764e-17	8.784000e-01	1.054051e-22	3.606200e+04	5.296900e+04
13	6661.267996	5.468131e-09	8.822001e-01	6.938652e-16	5.627200e+04	4.184000e+04
13	1205.565562	1.309179e-12	8.309000e-01	5.753454e-13	8.129000e+03	4.873600e+04
13	2834.800221	7.804836e-06	8.708060e-01	1.531848e-11	5.262200e+04	4.295700e+04
13	478.442141	9.202193e-06	8.557320e-01	1.189639e-09	5.473121e+04	7.109039e+03
13	1098.838002	8.893492e-12	8.328000e-01	8.893492e-12	3.575000e+03	4.198400e+04
13	497.145674	1.000000e-05	8.536998e-01	1.933061e-10	1.886901e+04	1.148300e+04
13	9319.781764	2.850542e-08	9.297000e-01	9.414127e-12	5.397000e+04	1.884600e+04
13	2024.809691	8.835022e-10	9.829000e-01	4.883686e-28	1.584000e+03	1.151800e+04
13	44580.749881	1.000000e-05	9.391774e-01	4.789857e-18	4.788800e+04	5.370300e+04
13	2106.406230	3.446667e-13	8.575000e-01	3.446667e-13	1.182800e+04	2.531000e+03
13	3005.538333	8.880136e-07	8.575004e-01	6.100844e-14	5.743200e+04	5.639000e+04
13	2130.115867	4.766458e-16	8.195000e-01	4.766458e-16	2.425900e+04	3.654500e+04
13	2446.425310	6.485361e-16	9.468000e-01	2.063792e-17	1.016100e+04	3.445200e+04
13	1155.867512	2.474854e-10	9.658000e-01	4.393983e-15	3.374000e+04	2.166700e+04
13	480.297577	3.213885e-06	8.560882e-01	2.766873e-09	5.172521e+04	5.056073e+03
13	1296.283713	2.302993e-11	9.924000e-01	1.830924e-16	3.582200e+04	2.875700e+04
13	2958.746374	1.103273e-06	9.162877e-01	5.909027e-13	4.381800e+04	5.249600e+04
13	2731.808822	8.810243e-07	9.278282e-01	5.062026e-10	5.910500e+04	3.563900e+04
13	621.762491	2.863559e-12	8.518000e-01	2.863559e-12	2.686000e+03	2.195200e+04
13	2054.639216	1.825285e-11	9.449000e-01	6.121936e-28	5.351000e+03	1.504800e+04
13	488.193321	1.000000e-05	8.546140e-01	3.300400e-10	2.110996e+04	1.021002e+04
13	2177.324267	2.464165e-14	9.050000e-01	5.562307e-30	1.933600e+04	2.400000e+04
13	2602.391879	3.199926e-16	8.974000e-01	1.576253e-19	2.147300e+04	4.669700e+04
13	2047.998277	3.942263e-11	9.639000e-01	3.633084e-28	5.459000e+03	1.542800e+04
13	2057.676348	6.108975e-12	8.100000e-01	3.854565e-15	4.106000e+03	4.463000e+03
13	2074.376060	2.529601e-12	9.221000e-01	9.439698e-31	8.908000e+03	2.714700e+04
13	2163.318492	4.334673e-14	8.860000e-01	2.832837e-34	1.743400e+04	4.646500e+04
13	1000.068341	4.037767e-12	8.461000e-01	3.710838e-15	5.193300e+04	3.777900e+04
13	1139.995306	3.228902e-11	9.316000e-01	3.228902e-11	4.127100e+04	7.220000e+02
13	2064.650288	4.597925e-12	8.746000e-01	8.459478e-28	6.026000e+03	1.624200e+04
13	2207.948873	1.037017e-14	8.689000e-01	2.729105e-36	2.038900e+04	5.564400e+04
13	449.716470	2.168952e-10	9.563000e-01	8.256983e-12	1.208000e+04	2.211000e+03
13	461.058423	1.698575e-09	9.544000e-01	5.082821e-12	7.021000e+03	3.264000e+03
13	2990.319166	6.240644e-07	8.480062e-01	8.165371e-14	5.381200e+04	5.510900e+04
13	26349.503025	4.400000e-16	8.613000e-01	5.980805e-37	4.246000e+04	5.815800e+04
13	483.405910	1.000000e-05	8.562118e-01	4.204404e-09	3.159604e+04	4.038373e+03
13	479.204437	1.000000e-05	8.555677e-01	8.700790e-10	5.161393e+04	7.870030e+03
13	660.007259	2.116564e-08	8.461000e-01	5.530467e-13	3.069500e+04	2.560700e+04
13	2991.773039	1.000000e-05	8.366898e-01	5.513354e-14	4.669400e+04	5.524200e+04
13	2956.820727	6.040120e-13	9.487000e-01	6.040120e-13	5.086400e+04	5.610300e+04
13	1180.141759	1.000000e-05	8.328099e-01	1.821820e-16	5.714700e+04	4.524900e+04
13	2080.633657	1.674730e-12	9.107000e-01	1.317268e-29	9.468000e+03	2.084900e+04
13	2944.534747	1.368978e-07	8.366000e-01	2.522434e-13	4.698700e+04	5.136900e+04
13	2835.610420	2.397382e-11	9.126007e-01	2.397382e-11	4.238400e+04	4.861800e+04
13	948.119092	2.478798e-09	9.107000e-01	4.722109e-12	3.052000e+04	6.052000e+03
13	2652.540251	8.999993e-17	9.639000e-01	5.461174e-20	2.902100e+04	4.754900e+04
13	2916.636179	1.382993e-06	8.404002e-01	6.863751e-13	5.678300e+04	4.915600e+04
13	2340.382395	8.404704e-17	8.670000e-01	8.404704e-17	1.867300e+04	3.355400e+04
13	2287.854684	1.092165e-15	8.727000e-01	3.498814e-33	2.575800e+04	3.975400e+04
13	3010.394166	2.430952e-09	9.354000e-01	1.258163e-13	5.434100e+04	5.679800e+04
13	477.402997	5.798961e-11	9.487000e-01	7.745460e-12	1.487400e+04	1.246000e+03
13	3012.563891	3.344871e-07	9.239574e-01	1.075896e-13	4.637100e+04	5.698400e+04
13	596.408184	7.604477e-13	8.252000e-01	1.613315e-15	8.748000e+03	4.141900e+04
13	3626.719689	2.999019e-16	8.651000e-01	2.999019e-16	8.807000e+03	4.387000e+04
13	2080.562535	1.414260e-12	8.670000e-01	7.937793e-29	8.682000e+03	2.077800e+04
13	1688.356061	8.373778e-15	9.905000e-01	7.436030e-18	5.644300e+04	3.619500e+04
13	192520.930497	1.000000e-08	8.973996e-01	1.000000e-08	5.982100e+04	2.105400e+04
13	1598.597853	3.884046e-10	9.069000e-01	9.138756e-27	9.829000e+03	1.264000e+03
13	2295.439940	9.197696e-16	9.639000e-01	8.677820e-16	1.351900e+04	2.551400e+04
13	581.226236	6.893249e-09	8.494649e-01	5.849306e-12	3.493199e+04	1.995101e+04
13	2469.164190	9.131714e-07	8.100000e-01	9.395743e-09	1.789093e+04	3.034202e+04
13	40501.906917	1.652482e-08	9.791001e-01	4.069667e-15	5.186300e+04	3.756100e+04
13	740.425481	3.097461e-10	8.413925e-01	5.264417e-14	4.012806e+04	3.123999e+04
13	2340.785038	1.006380e-18	8.366001e-01	1.006380e-18	2.374000e+04	4.682900e+04
13	1835.055248	1.832416e-14	9.924000e-01	8.328005e-20	5.385300e+04	4.647600e+04
13	492.258295	1.000000e-05	8.563642e-01	8.818076e-09	4.946400e+04	2.238006e+03
13	2051.140746	4.109622e-11	8.784000e-01	2.962287e-26	8.270000e+02	1.159100e+04
13	8043.146464	1.882871e-08	9.088014e-01	1.000000e-08	5.978500e+04	2.493200e+04
13	1342.876456	4.567981e-13	9.924000e-01	1.711164e-15	4.571900e+04	2.355600e+04
13	6729.508476	2.200430e-07	8.841003e-01	1.106276e-15	4.384600e+04	4.071800e+04
13	1031.354800	1.346120e-10	8.212241e-01	9.392034e-14	3.992701e+04	2.519000e+04
13	481.723787	3.286473e-08	8.552957e-01	5.501595e-10	4.977911e+04	8.985177e+03
13	2246.571160	3.013696e-15	8.974000e-01	7.823749e-35	2.405100e+04	4.638800e+04
13	572.325751	1.551616e-10	8.502178e-01	7.846418e-12	4.496126e+04	1.926231e+04
13	1139.235208	3.088796e-09	9.468000e-01	9.296341e-16	2.856100e+04	2.557500e+04
13	2301.901340	6.866476e-16	8.347000e-01	6.866476e-16	2.590200e+04	2.327500e+04
13	2766.702349	2.022800e-10	9.126015e-01	2.022800e-10	3.724200e+04	4.181700e+04
13	2086.346354	1.176521e-12	9.088000e-01	4.070799e-29	1.025000e+04	1.777900e+04
13	2656.428028	3.903720e-06	9.031488e-01	3.170123e-09	5.390400e+04	3.050400e+04
13	2476.834157	7.575460e-06	8.127798e-01	9.658741e-09	5.768295e+04	1.914707e+04
13	2054.051552	8.978105e-12	9.601000e-01	5.319023e-31	8.529000e+03	2.658400e+04
13	2298.176227	8.384660e-16	8.670000e-01	1.025574e-32	2.624200e+04	3.616400e+04
13	488.200334	4.958205e-06	8.548431e-01	2.841377e-10	5.837801e+04	1.059296e+04
13	502.947297	2.128488e-09	8.519430e-01	2.008194e-10	4.157100e+04	1.141700e+04
13	493.869713	1.603924e-13	8.328000e-01	1.549386e-13	1.216600e+04	2.990800e+04
13	1900.721672	1.854200e-11	8.186816e-01	8.391551e-14	4.656600e+04	3.247999e+04
13	1612.031339	4.843762e-13	8.138000e-01	4.843762e-13	1.041200e+04	2.723700e+04
13	699.895151	9.984230e-06	8.474811e-01	4.457316e-13	5.556853e+04	2.630055e+04
13	2619.430763	1.000000e-05	9.145193e-01	9.457876e-09	4.615700e+04	2.802100e+04
13	484.888927	6.843621e-06	8.562569e-01	4.928599e-09	5.566848e+04	3.652229e+03
13	603.154686	2.345932e-09	8.482036e-01	2.910128e-12	3.692373e+04	2.162134e+04
13	625.313327	1.259218e-11	9.905000e-01	2.901180e-15	2.251600e+04	2.226500e+04
13	2109.050378	2.710773e-13	8.556000e-01	2.710773e-13	1.220400e+04	8.174000e+03
13	2629.778413	6.999926e-16	9.620000e-01	2.122529e-19	1.790300e+04	4.473000e+04
13	2466.901248	1.232240e-17	8.100000e-01	1.015040e-17	3.494700e+04	4.686800e+04
13	479.084426	1.000000e-05	8.559864e-01	2.108357e-09	3.509900e+04	5.717049e+03
13	2051.498827	4.316956e-11	9.183000e-01	1.113838e-29	1.906000e+03	2.540400e+04
13	1749.361585	1.527484e-13	9.867000e-01	2.522321e-19	4.994300e+04	4.400700e+04
13	2946.043508	4.250732e-06	8.289970e-01	1.719137e-13	4.849300e+04	5.150900e+04
13	521.982663	9.253609e-06	8.532723e-01	4.726494e-11	5.723490e+04	1.495793e+04
13	2979.311903	2.161202e-07	8.840902e-01	2.197248e-13	5.148800e+04	5.418400e+04
13	478.377293	2.699008e-07	8.557672e-01	1.277896e-09	5.895397e+04	6.934953e+03
13	2767.218031	2.845485e-10	8.100000e-01	2.513565e-10	3.810605e+04	5.199000e+04
13	1107.500164	4.980644e-09	9.791000e-01	5.048696e-16	2.494000e+04	2.654800e+04
13	721.134328	5.074002e-11	8.426075e-01	9.504259e-14	4.489386e+04	2.984490e+04
13	2609.483165	3.845428e-09	9.771995e-01	3.845428e-09	2.613600e+04	3.625500e+04
13	480.573864	2.579639e-09	9.377688e-01	2.579639e-09	5.223993e+03	4.601000e+04
13	1854.725997	9.428828e-14	9.240000e-01	7.793820e-32	3.001500e+04	3.365500e+04
13	2758.196723	2.213803e-10	9.012014e-01	2.213803e-10	3.701700e+04	4.368600e+04
13	1225.819334	1.772774e-12	8.632000e-01	7.030522e-13	8.030000e+03	5.050400e+04
13	461.068994	1.899966e-09	9.525000e-01	7.222181e-13	6.644000e+03	7.759000e+03
13	1237.005502	1.312637e-09	9.069000e-01	2.554165e-16	3.221900e+04	2.939100e+04
13	969.563449	9.239669e-10	8.210488e-01	2.930012e-13	3.507200e+04	2.242100e+04
13	591.445075	3.992669e-06	8.507998e-01	5.321313e-12	5.239602e+04	2.027195e+04
13	2254.430173	1.000000e-05	8.157118e-01	1.365235e-16	5.903000e+04	4.927300e+04
13	753.023068	6.084587e-16	9.601000e-01	4.293835e-17	4.256000e+04	3.085100e+04
13	1831.681174	8.694181e-16	9.392000e-01	1.197909e-17	4.138000e+04	3.101700e+04
13	479.539322	8.037010e-10	9.383587e-01	8.037010e-10	8.063010e+03	5.728906e+04
13	2092.127042	8.078327e-14	9.639000e-01	7.953210e-33	2.029400e+04	3.635900e+04
13	2553.484070	9.174341e-08	8.100000e-01	9.963145e-09	2.361096e+04	3.041911e+04
13	2055.134292	1.912505e-11	9.278000e-01	3.726438e-31	4.273000e+03	3.059300e+04
13	2375.760407	9.643824e-17	8.898000e-01	6.286653e-35	3.187700e+04	4.912100e+04
13	2382.537275	1.970031e-11	9.031000e-01	2.810668e-27	1.706300e+04	3.975000e+03
13	2645.717417	3.499999e-16	9.924000e-01	1.420766e-19	2.476100e+04	4.524200e+04
13	495.383369	3.484800e-07	8.544490e-01	1.714123e-10	5.996699e+04	1.182278e+04
13	440.272790	2.866279e-11	9.753000e-01	2.307211e-12	1.827100e+04	6.250000e+03
13	2926.055691	5.822242e-07	8.480017e-01	6.368384e-13	5.900700e+04	4.989000e+04
13	2121.230993	1.635543e-13	8.252000e-01	2.583142e-28	1.301600e+04	2.005700e+04
13	560.190689	4.444333e-11	8.517563e-01	1.207551e-11	4.974196e+04	1.824390e+04
13	2772.101809	1.621846e-10	9.582351e-01	1.621846e-10	3.662100e+04	4.123700e+04
13	1457.171498	4.877411e-12	9.316000e-01	9.816524e-17	4.548600e+04	3.108000e+04
13	531.447248	3.513238e-12	8.138000e-01	1.238911e-13	5.430000e+03	3.459600e+04
13	2759.910410	2.530083e-06	8.556315e-01	9.767812e-11	5.033600e+04	3.759800e+04
13	506.611453	4.587559e-13	9.639000e-01	2.080354e-17	2.701300e+04	3.306500e+04
13	2412.919598	1.185538e-16	9.012000e-01	5.909416e-20	3.127800e+04	4.468600e+04
13	494.160282	1.000000e-05	8.563379e-01	9.725236e-09	2.660700e+04	1.997999e+03
13	1104.737081	1.592360e-11	9.392000e-01	6.549364e-12	4.219100e+04	4.712000e+03
13	2673.462957	3.499994e-16	9.905000e-01	7.993469e-20	1.776300e+04	4.660900e+04
13	1921.999477	1.671854e-12	9.145000e-01	9.155477e-30	2.304800e+04	1.587500e+04
13	2851.908146	8.942821e-06	9.468502e-01	1.927837e-11	4.799200e+04	4.421600e+04
13	553.039422	1.059076e-06	8.512468e-01	1.520184e-11	2.421799e+04	1.766999e+04
13	2051.787748	1.392801e-11	9.696001e-01	2.642819e-28	8.782000e+03	1.593200e+04
13	2449.005791	6.492628e-16	9.601000e-01	1.860999e-17	1.783000e+04	3.447100e+04
13	1416.737222	1.254497e-12	9.221000e-01	9.577910e-28	2.374900e+04	5.770000e+02
13	480.129349	2.542141e-09	9.377395e-01	2.542141e-09	5.261050e+03	4.818803e+04
13	2303.438761	1.698221e-18	8.309000e-01	1.698221e-18	3.002600e+04	4.654900e+04
13	478.822223	1.000000e-05	8.557520e-01	1.401048e-09	2.543099e+04	6.707997e+03
13	2972.396991	2.601119e-06	9.048307e-01	3.441333e-13	4.502300e+04	5.361200e+04
13	866.332306	8.757901e-09	9.525000e-01	2.356760e-11	2.566500e+04	1.401000e+03
13	2054.980741	6.648975e-12	9.658000e-01	1.477733e-28	1.000400e+04	1.626500e+04
13	2052.661625	3.183688e-11	9.354000e-01	8.729717e-26	3.415000e+03	6.514000e+03
13	2572.231002	2.899382e-16	9.392000e-01	7.797175e-19	2.083000e+04	4.209000e+04
13	2133.971913	1.194448e-13	9.088000e-01	1.208249e-34	1.571600e+04	4.313500e+04
13	2516.679505	2.622300e-06	8.166018e-01	9.920585e-09	5.659002e+04	2.127401e+04
13	521.242430	9.533976e-10	9.448999e-01	1.294807e-12	7.607000e+03	5.875300e+04
13	817.034300	9.005640e-08	8.208137e-01	1.194376e-11	2.360101e+04	1.364899e+04
13	2068.650810	3.510185e-12	8.841000e-01	9.661922e-31	6.907000e+03	2.475200e+04
13	1278.524886	1.174806e-10	9.886000e-01	1.051531e-16	3.277300e+04	3.008500e+04
13	9337.036481	3.855310e-09	8.974000e-01	2.565566e-15	5.851500e+04	3.868800e+04
13	479.011197	2.065563e-09	9.378093e-01	2.065563e-09	5.766960e+03	5.809704e+04
13	2289.063358	3.150781e-17	8.461000e-01	3.150781e-17	2.418300e+04	3.752600e+04
13	2776.279799	1.000000e-16	9.981000e-01	5.120021e-21	2.979800e+04	5.276600e+04
13	2628.611694	1.037991e-08	8.374527e-01	1.000000e-08	2.859504e+04	3.815396e+04
13	520.351148	5.049861e-11	9.410196e-01	5.049861e-11	1.479596e+04	5.808397e+04
13	3227.061642	4.303079e-11	8.936000e-01	2.090404e-28	1.516600e+04	7.667000e+03
13	1219.905454	2.310987e-10	9.430000e-01	1.383532e-15	3.525700e+04	2.471100e+04
13	479.534888	2.371495e-09	9.377452e-01	2.371495e-09	5.431053e+03	5.822601e+04
13	2096.894812	5.840493e-13	9.240000e-01	6.293538e-34	1.251200e+04	4.322600e+04
13	1831.992728	1.256043e-12	9.164000e-01	9.940272e-29	2.374200e+04	2.248000e+03
13	2324.231366	4.090742e-16	8.252000e-01	1.109416e-30	2.708900e+04	3.084000e+04
13	1164.403002	8.892403e-09	9.012000e-01	2.898672e-16	2.758600e+04	2.924600e+04
13	497.263010	3.636748e-12	9.525000e-01	7.154059e-13	2.167600e+04	7.471000e+03
13	1269.305740	1.221360e-12	8.765000e-01	2.583345e-13	9.224000e+03	5.357500e+04
13	2759.555909	1.771479e-06	8.423225e-01	7.082826e-11	4.967500e+04	3.757800e+04
13	613.231091	1.252603e-10	9.297000e-01	4.119507e-29	1.258100e+04	1.263900e+04
13	54307.863726	1.753589e-15	8.176000e-01	4.859079e-20	3.961700e+04	5.820500e+04
13	2919.757876	2.515376e-12	8.688946e-01	2.515376e-12	4.909500e+04	5.480600e+04
13	9736.140342	2.122703e-07	8.955003e-01	1.109851e-15	4.406400e+04	4.070400e+04
13	2791.784570	5.099994e-16	9.791000e-01	3.590321e-21	1.101800e+04	5.382200e+04
13	1024.405904	4.485931e-13	8.298298e-01	1.827546e-13	5.497697e+04	2.730208e+04
13	1522.471550	6.085032e-16	9.772000e-01	6.085032e-16	4.300200e+04	1.625300e+04
13	2210.052830	9.738039e-15	8.689000e-01	6.266580e-30	2.053700e+04	2.540800e+04
13	1756.328084	9.640085e-06	8.727150e-01	8.457279e-13	2.749100e+04	2.470100e+04
13	2541.892278	1.540257e-08	9.740753e-01	1.000000e-08	2.266300e+04	3.954100e+04
13	1165.104388	1.864043e-16	9.905000e-01	1.205602e-19	4.830700e+04	4.554200e+04
13	2162.483975	3.808553e-14	9.126000e-01	4.487616e-37	1.857200e+04	5.665100e+04
13	2049.762242	1.471232e-10	9.430000e-01	8.950768e-27	1.560000e+02	1.723400e+04
13	2102.512685	2.543314e-13	8.214000e-01	2.246481e-14	1.038300e+04	2.341400e+04
13	2762.518864	9.499997e-16	9.373000e-01	4.320068e-21	1.824000e+04	5.401100e+04
13	479.045940	9.703099e-06	8.555926e-01	9.104031e-10	5.868791e+04	7.759818e+03
13	500.662905	1.000000e-05	8.521914e-01	5.462132e-10	1.588697e+04	8.828042e+03
13	1184.129460	1.510733e-14	8.537000e-01	1.510733e-14	9.390000e+02	3.446300e+04
13	816.380270	1.923943e-13	9.411000e-01	8.332671e-16	2.841500e+04	2.150800e+04
13	481.097420	7.195144e-10	9.385597e-01	7.195144e-10	8.327004e+03	4.727203e+04
13	2204.114542	1.077367e-14	8.385000e-01	4.800498e-35	1.967700e+04	5.212000e+04
13	32009.353430	2.535253e-08	9.468001e-01	4.610021e-16	5.134500e+04	4.280000e+04
13	2327.593397	1.121925e-11	9.050000e-01	2.150050e-28	1.842900e+04	8.195000e+03
13	2162.222300	4.304420e-14	8.594000e-01	9.191063e-35	1.682400e+04	4.699800e+04
13	31225.212023	8.034481e-08	9.506001e-01	1.072467e-15	4.811200e+04	4.077200e+04
13	2583.475383	1.099911e-16	8.822000e-01	1.700129e-19	2.318600e+04	4.711900e+04
13	683.628635	3.565390e-15	9.715000e-01	1.396992e-19	3.879500e+04	4.481000e+04
13	1125.472685	1.815569e-11	8.556000e-01	7.213964e-12	2.267000e+03	4.423600e+04
13	2287.000794	1.000000e-05	8.840885e-01	1.000000e-08	4.860000e+04	1.277000e+03
13	1685.648892	1.277029e-15	9.962000e-01	7.813549e-18	5.866700e+04	3.601700e+04
13	2960.983757	1.684963e-07	8.233002e-01	7.397550e-14	5.915500e+04	5.275900e+04
13	708.780470	6.944536e-08	8.417946e-01	1.190996e-13	2.663797e+04	2.920403e+04
13	2613.763182	9.599997e-16	9.962000e-01	3.581184e-19	9.946000e+03	4.311700e+04
13	2809.206949	1.000004e-16	9.240000e-01	1.249037e-21	2.036400e+04	5.716700e+04
13	478.482988	1.000000e-05	8.557315e-01	1.203751e-09	3.085897e+04	7.080014e+03
13	528.465499	1.010983e-07	9.923794e-01	9.832247e-13	1.558000e+03	8.495000e+03
13	2535.542573	3.999947e-16	9.582000e-01	1.593776e-18	2.379200e+04	4.003500e+04
13	2386.812941	9.847206e-17	8.157000e-01	6.629214e-19	2.986400e+04	4.571900e+04
13	1370.726884	1.306935e-13	8.499000e-01	2.162115e-14	1.397700e+04	5.866200e+04
13	1161.457748	3.615873e-13	8.262983e-01	4.163195e-14	5.523300e+04	3.020900e+04
13	759.101782	4.808239e-07	8.206951e-01	2.195767e-12	1.941700e+04	1.742100e+04
13	1068.389354	1.880563e-11	9.696000e-01	1.537027e-11	3.993800e+04	2.202000e+03
13	2055.755005	7.028431e-12	9.696000e-01	1.107484e-28	1.041800e+04	1.621400e+04
13	2170.837569	1.148734e-14	8.119000e-01	1.148734e-14	1.868900e+04	2.841900e+04
13	644.130107	1.054545e-09	8.459849e-01	8.392512e-13	3.808961e+04	2.459780e+04
13	485.395450	3.656273e-10	9.389664e-01	3.656273e-10	9.979017e+03	5.541207e+04
13	2694.047506	7.899999e-16	9.924000e-01	4.092753e-20	2.261400e+04	4.808700e+04
13	572.228313	4.242315e-06	8.514407e-01	8.992742e-12	5.850844e+04	1.899554e+04
13	2931.295661	2.907736e-07	8.309006e-01	3.007899e-13	5.896500e+04	5.032600e+04
13	16137.995589	9.511200e-16	8.765000e-01	6.306853e-35	4.106800e+04	5.328000e+04
13	507.267853	1.989771e-08	9.373025e-01	1.000000e-08	2.600065e+02	4.805300e+04
13	3008.959312	1.027960e-06	8.404001e-01	3.536865e-14	5.981400e+04	5.669200e+04
13	561.340711	7.720783e-07	8.506131e-01	1.141999e-11	2.419617e+04	1.834686e+04
13	1025.485242	2.641162e-10	9.677000e-01	3.658422e-13	3.343400e+04	1.119600e+04
13	2124.434817	1.282062e-14	9.563000e-01	9.002017e-32	2.388600e+04	2.843200e+04
13	640.643062	4.865243e-06	8.492440e-01	1.601389e-12	5.694789e+04	2.319227e+04
13	564.819821	5.495681e-06	8.502828e-01	1.021281e-11	1.904984e+04	1.860599e+04
13	2597.484924	1.000000e-05	8.646306e-01	9.389153e-09	4.936010e+04	2.655553e+04
13	1396.653939	6.300906e-14	8.347000e-01	9.944741e-15	1.542000e+04	5.946200e+04
13	825.148777	2.292296e-12	8.352102e-01	1.812533e-12	5.135800e+04	2.218500e+04
13	496.676048	4.340491e-06	8.543837e-01	1.583949e-10	4.916879e+04	1.201498e+04
13	1078.277228	3.307261e-11	8.556000e-01	2.869655e-11	8.130000e+02	4.074500e+04
13	2050.726827	1.682098e-11	9.639000e-01	1.695031e-29	7.512000e+03	2.153000e+04
13	592.150102	4.709860e-11	9.469895e-01	4.709860e-11	1.472400e+04	4.430602e+04
13	476.989901	3.094944e-09	9.417731e-01	1.752521e-12	4.952995e+03	2.868988e+03
13	1455.693356	4.479643e-11	9.810000e-01	4.894606e-18	3.650800e+04	3.726200e+04
13	2188.799707	1.819419e-14	8.936000e-01	7.231938e-30	1.969800e+04	2.128300e+04
13	494.446454	3.799338e-10	9.401502e-01	3.799338e-10	9.833999e+03	4.324400e+04
13	1965.946638	1.394214e-12	9.145000e-01	1.472390e-27	2.348800e+04	4.753000e+03
13	640.000772	1.269374e-08	8.455904e-01	1.000000e-08	3.031409e+04	1.133946e+03
13	2091.374257	5.982790e-13	8.803000e-01	5.982790e-13	1.047700e+04	7.885000e+03
13	486.644305	1.000000e-05	8.549390e-01	3.240711e-10	5.573901e+04	1.027297e+04
13	511.882833	2.413346e-12	8.309000e-01	9.477593e-14	5.768000e+03	3.126800e+04
13	2302.076239	2.544859e-17	8.480000e-01	2.544859e-17	1.756500e+04	3.791000e+04
13	49885.710677	7.793299e-09	9.829000e-01	7.043843e-16	5.462400e+04	4.177800e+04
13	2057.320751	1.012600e-11	8.784000e-01	1.980921e-26	4.215000e+03	1.070400e+04
13	2078.986958	1.619843e-12	9.316000e-01	3.517251e-28	1.041600e+04	1.628200e+04
13	707.383116	1.401422e-10	9.259000e-01	4.523099e-27	1.230700e+04	4.370000e+02
13	1889.986824	3.703244e-14	8.651000e-01	3.703244e-14	1.004000e+04	3.229500e+04
13	1277.376414	3.176140e-12	9.943000e-01	1.204342e-15	4.005500e+04	2.435300e+04
13	495.226745	1.000000e-05	8.543551e-01	1.789410e-10	2.339797e+04	1.171105e+04
13	637.982936	9.309609e-06	8.493255e-01	1.702097e-12	4.894705e+04	2.304399e+04
13	2609.217900	4.399570e-16	9.810000e-01	3.993163e-19	1.182100e+04	4.304500e+04
13	1517.419015	1.092447e-09	9.069000e-01	2.202780e-27	7.319000e+03	2.549000e+03
13	451.370149	8.740630e-10	9.544000e-01	3.642947e-13	8.612000e+03	9.595000e+03
13	1008.808211	2.213717e-09	9.696000e-01	3.213285e-14	2.793800e+04	1.693500e+04
13	509.488944	2.200871e-08	9.373065e-01	1.000000e-08	1.501293e+01	4.799809e+04
13	2198.156993	1.399738e-14	8.727000e-01	4.646553e-30	1.977100e+04	2.484800e+04
13	511.705927	1.000000e-05	8.536141e-01	7.363360e-11	2.421100e+04	1.387400e+04
13	2142.512654	9.069584e-14	8.955000e-01	1.734447e-32	1.594800e+04	3.586100e+04
13	1007.767976	3.186408e-10	8.252001e-01	4.147644e-13	3.792100e+04	2.384900e+04
13	2577.484302	7.291985e-18	8.423000e-01	6.859598e-21	3.520600e+04	5.462800e+04
13	1768.744962	2.134098e-10	8.332308e-01	9.090620e-11	4.304298e+04	3.500964e+03
13	685.228610	6.844134e-06	8.479085e-01	6.043167e-13	5.459301e+04	2.556098e+04
13	439.025814	4.184319e-11	9.582000e-01	1.003531e-14	1.607300e+04	1.839000e+04
13	2503.591599	4.999243e-16	9.373000e-01	1.999733e-18	2.448100e+04	3.961000e+04
13	2941.582774	7.011468e-06	9.391963e-01	1.207896e-12	4.958500e+04	5.111300e+04
13	2664.558007	2.199998e-16	9.563000e-01	6.276391e-20	2.408600e+04	4.752400e+04
13	568.049415	2.079292e-14	8.290000e-01	5.196091e-15	1.714100e+04	3.819200e+04
13	16270.531072	1.605816e-15	8.803000e-01	7.819254e-21	3.969500e+04	5.399500e+04
13	1001.175485	1.393651e-09	9.506000e-01	1.676164e-13	3.036800e+04	1.329200e+04
13	2168.857771	9.989427e-09	9.983066e-01	9.989427e-09	1.126999e+04	3.967698e+04
13	1181.154893	6.203335e-11	8.974000e-01	2.230516e-12	3.010000e+02	4.873900e+04
13	495.185345	1.000000e-05	8.563486e-01	1.000000e-08	4.889109e+04	1.895489e+03
13	518.892939	5.783539e-09	9.962000e-01	1.567543e-13	1.020600e+04	1.285200e+04
13	779.849927	3.932680e-09	8.390050e-01	1.554351e-14	3.338957e+04	3.411878e+04
13	531.722177	9.083104e-06	8.528917e-01	3.262855e-11	4.741400e+04	1.585973e+04
13	1667.174671	2.568142e-13	9.905000e-01	9.589931e-19	4.775000e+04	4.090100e+04
13	2708.174142	6.461662e-14	8.746000e-01	6.461662e-14	1.550000e+02	3.092200e+04
13	2760.296787	2.832644e-07	8.689004e-01	8.080035e-15	4.332400e+04	3.594500e+04
13	612.914990	1.435000e-07	9.961433e-01	2.370237e-14	2.424000e+03	1.732100e+04
13	2051.540069	1.368972e-11	9.638941e-01	1.166523e-29	8.007000e+03	1.873100e+04
13	490.090934	2.546484e-10	9.393587e-01	2.546484e-10	1.085601e+04	5.076500e+04
13	576.899530	2.466252e-11	8.290000e-01	1.541655e-14	1.660000e+02	3.573400e+04
13	478.723590	1.000000e-05	8.556526e-01	1.018449e-09	5.020200e+04	7.486992e+03
13	2819.240379	7.700008e-16	9.734000e-01	1.397509e-21	1.867400e+04	5.602200e+04
13	2657.305299	1.999910e-16	9.411000e-01	1.005997e-19	1.869300e+04	4.678700e+04
13	46265.212119	2.026510e-08	9.791001e-01	9.772341e-16	5.054300e+04	4.099200e+04
13	2058.086657	6.914784e-12	9.525000e-01	1.115188e-28	8.332000e+03	1.662600e+04
13	484.554616	2.343133e-07	8.562480e-01	4.764046e-09	4.522121e+04	3.734748e+03
13	604.792316	4.582318e-12	8.458009e-01	4.572477e-12	5.172100e+04	2.048200e+04
