18	379.811652	4.541074e-15	7.575000e-01	2.276473e-18	2.160600e+04	5.868300e+04
18	502.463512	1.970800e-10	9.675000e-01	5.885321e-16	3.329900e+04	2.658800e+04
18	866.549446	1.598824e-10	9.300000e-01	3.330752e-29	1.663000e+03	1.771200e+04
18	947.099034	1.343375e-12	9.874959e-01	5.167864e-19	1.984400e+04	4.148600e+04
18	1042.569526	9.888659e-19	7.800000e-01	9.888659e-19	2.382600e+04	4.842300e+04
18	81.145613	1.000000e-05	8.177270e-01	1.228066e-09	1.950495e+04	6.672679e+03
18	7696.238875	1.248335e-08	9.050000e-01	8.613504e-18	5.727500e+04	5.172600e+04
18	119.717948	1.063109e-08	8.900000e-01	3.001294e-28	1.484000e+03	5.813000e+03
18	974.991884	1.050995e-06	7.500000e-01	7.544722e-09	1.748703e+04	4.925413e+04
18	92.670692	1.000000e-05	8.186747e-01	5.399778e-09	3.298499e+04	3.128016e+03
18	141.935847	4.565976e-08	9.899939e-01	5.790111e-13	3.767000e+03	1.028800e+04
18	988.114627	4.153200e-15	8.650000e-01	5.366038e-35	2.400000e+04	4.383500e+04
18	409.799633	3.900000e-16	9.600000e-01	4.681002e-22	4.289800e+04	5.762100e+04
18	954.559671	4.499851e-14	8.125000e-01	3.741255e-36	1.724400e+04	5.504800e+04
18	1189.854328	5.899976e-16	9.225000e-01	2.575055e-19	2.248000e+04	4.462100e+04
18	1030.993680	1.261411e-16	8.875000e-01	1.909312e-36	3.298000e+04	5.294500e+04
18	117.529220	1.649205e-07	8.030719e-01	4.281872e-13	2.436824e+04	2.562994e+04
18	8042.530648	4.378872e-08	9.700001e-01	3.111078e-14	4.897400e+04	3.216900e+04
18	354.391673	9.747084e-11	9.675000e-01	3.890692e-11	3.510200e+04	5.020000e+02
18	3040.253938	1.167694e-08	8.900000e-01	8.904516e-15	5.760000e+04	3.518200e+04
18	860.640252	2.672048e-10	9.650000e-01	1.831202e-29	3.729000e+03	1.926300e+04
18	1033.360839	7.837642e-16	7.500000e-01	1.133379e-16	2.569600e+04	2.732300e+04
18	1204.888213	1.083036e-06	7.850033e-01	1.331025e-12	5.307800e+04	4.739400e+04
18	970.035254	1.512697e-07	9.748821e-01	1.000000e-08	1.604700e+04	3.645900e+04
18	668.299888	8.497644e-13	9.900000e-01	7.345958e-18	4.399600e+04	3.643100e+04
18	585.057756	4.452486e-12	9.950000e-01	2.690169e-17	3.784800e+04	3.342800e+04
18	1086.857395	1.523087e-09	8.763962e-01	1.523087e-09	3.172400e+04	4.747800e+04
18	9868.577436	5.645963e-08	9.425001e-01	1.034453e-16	5.003600e+04	4.582500e+04
18	1138.742173	1.509734e-11	9.825000e-01	1.509734e-11	3.820600e+04	5.462900e+04
18	891.505050	1.015648e-12	7.925000e-01	1.015648e-12	4.019000e+03	1.351700e+04
18	99.272787	1.000000e-05	8.185268e-01	9.048501e-09	3.381800e+04	1.880975e+03
18	348.622526	2.561239e-15	9.075000e-01	6.101013e-21	3.824600e+04	5.205100e+04
18	97.603756	6.422421e-07	8.185717e-01	8.005202e-09	5.785696e+04	2.177002e+03
18	1181.827823	3.099999e-16	8.600000e-01	2.279735e-20	2.629100e+04	5.036200e+04
18	102.273136	4.544235e-10	9.475000e-01	4.633518e-13	1.072300e+04	1.047700e+04
18	163.774822	2.389285e-12	8.000000e-01	2.184881e-14	4.707000e+03	3.342900e+04
18	366.041726	5.265467e-16	9.100014e-01	8.966767e-19	4.209400e+04	3.855500e+04
18	1198.499376	4.008488e-12	8.950000e-01	4.008488e-12	4.634900e+04	5.908100e+04
18	938.442963	2.474299e-14	9.049937e-01	1.910494e-33	2.124100e+04	3.644700e+04
18	205.286483	2.657272e-09	8.989253e-01	1.641805e-09	4.742710e+03	3.479712e+04
18	981.725987	2.615383e-16	9.375000e-01	2.898551e-21	3.357400e+04	4.751900e+04
18	87.159427	4.777242e-06	8.187531e-01	3.253149e-09	5.218114e+04	4.352361e+03
18	1129.339062	6.167844e-16	9.400000e-01	8.714412e-18	1.025200e+04	3.657000e+04
18	530.478429	6.693180e-10	9.400000e-01	8.565366e-17	3.183200e+04	3.130200e+04
18	102.147468	4.028798e-08	8.079202e-01	2.158388e-12	2.876897e+04	2.184003e+04
18	921.910717	7.074666e-14	8.075000e-01	7.074666e-14	7.740000e+03	1.901200e+04
18	85.450105	2.694146e-09	8.993226e-01	2.694146e-09	4.807244e+03	4.908390e+04
18	868.041913	1.040500e-10	9.350000e-01	2.880162e-29	3.077000e+03	1.884300e+04
18	1205.195087	3.399994e-16	9.075000e-01	4.821334e-20	2.533900e+04	4.835800e+04
18	81.089856	1.253278e-07	8.153456e-01	3.374408e-11	2.992770e+04	1.535519e+04
18	1261.666052	1.961923e-06	9.612638e-01	2.437247e-13	4.439200e+04	5.581300e+04
18	529.421048	4.190952e-13	7.825000e-01	1.080323e-13	1.147900e+04	5.369000e+04
18	265.734073	3.741437e-14	8.075000e-01	3.142796e-15	1.299700e+04	3.785200e+04
18	996.417913	9.500000e-16	9.875000e-01	3.634867e-22	3.944300e+04	5.838600e+04
18	79.172469	1.000000e-05	8.181547e-01	1.015987e-09	2.108997e+04	7.146942e+03
18	912.670356	5.828177e-13	8.100000e-01	5.828177e-13	1.106700e+04	5.473000e+03
18	468.692622	1.032944e-11	8.150000e-01	1.016016e-12	4.394000e+03	4.963700e+04
18	1323.970160	6.000007e-16	9.825000e-01	3.020208e-22	1.324400e+04	5.922500e+04
18	80.806922	1.512371e-09	8.993650e-01	1.512371e-09	6.202195e+03	5.010398e+04
18	117.431490	1.528799e-10	9.175000e-01	7.423863e-13	1.157500e+04	5.648600e+04
18	271.695096	9.279647e-10	9.175148e-01	9.279647e-10	7.119024e+03	3.502806e+04
18	527.940181	9.509950e-13	7.825000e-01	5.978330e-14	9.544000e+03	5.520700e+04
18	244.547350	2.784381e-09	8.225000e-01	1.338411e-13	4.384000e+04	2.870400e+04
18	214.027199	1.285263e-06	8.034201e-01	1.487539e-14	5.702938e+04	3.402631e+04
18	106.458859	7.369749e-12	8.975000e-01	2.028350e-29	1.905500e+04	1.550300e+04
18	81.374409	8.057518e-08	8.187372e-01	1.654377e-09	4.396496e+04	5.985911e+03
18	881.731779	5.274284e-15	9.775000e-01	2.492748e-20	5.912500e+04	4.938800e+04
18	1223.457941	2.333347e-06	9.600021e-01	2.312716e-12	5.438000e+04	5.004500e+04
18	81.821317	2.443348e-07	8.149025e-01	2.968113e-11	2.765298e+04	1.565403e+04
18	1195.123057	1.253559e-11	8.975000e-01	1.253559e-11	4.536900e+04	4.653600e+04
18	425.918481	1.814353e-09	9.600000e-01	4.103735e-15	2.825200e+04	2.216400e+04
18	90.597079	1.583853e-07	8.250003e-01	1.335144e-10	4.959800e+04	1.205800e+04
18	87.701948	3.868237e-06	8.114163e-01	1.167683e-11	1.843142e+04	1.781588e+04
18	97.560533	8.421957e-09	8.050000e-01	1.220883e-11	3.218000e+04	1.758400e+04
18	138.078685	1.311149e-11	7.991757e-01	2.244078e-13	4.776300e+04	2.721700e+04
18	77.964149	9.600418e-10	8.994457e-01	9.600418e-10	7.300965e+03	5.927994e+04
18	74.578197	2.095861e-10	9.003727e-01	2.095861e-10	1.097596e+04	5.231099e+04
18	430.780463	3.077321e-09	9.550000e-01	2.138623e-15	2.723200e+04	2.372300e+04
18	81.929140	1.660753e-09	8.995045e-01	1.660753e-09	5.972022e+03	4.531001e+04
18	-1.000000	-1.000000e+00	-1.000000e+00	-1.000000e+00	-1.000000e+00	-1.000000e+00
18	1155.472889	5.399111e-16	9.200000e-01	2.132796e-18	1.833600e+04	4.001000e+04
18	729.780400	1.000000e-05	8.650154e-01	1.617025e-10	1.598900e+04	1.152900e+04
18	88.717445	2.926921e-10	9.425000e-01	1.592427e-12	1.155400e+04	7.422000e+03
18	75.090717	9.524347e-06	8.183620e-01	4.440610e-10	5.881397e+04	9.163959e+03
18	169.656877	1.276333e-11	8.075000e-01	3.708094e-14	4.869100e+04	3.168400e+04
18	76.835922	2.738851e-11	9.075000e-01	1.074102e-13	1.606900e+04	1.065200e+04
18	80.992169	3.168840e-11	7.922986e-01	2.686968e-11	2.170281e+02	1.688500e+04
18	1038.311390	4.427836e-16	8.750000e-01	4.334821e-16	1.779300e+04	2.860100e+04
18	955.599378	3.549500e-14	7.525000e-01	3.448570e-15	1.669500e+04	2.797100e+04
18	8309.372346	2.225978e-08	9.850001e-01	1.282840e-13	5.128200e+04	2.876300e+04
18	872.081188	4.102639e-11	8.700000e-01	1.478299e-26	2.292000e+03	6.493000e+03
18	1155.073517	1.000000e-05	8.245545e-01	1.000000e-08	5.476700e+04	2.567800e+04
18	870.666703	6.192564e-11	9.450000e-01	6.798586e-29	5.127000e+03	1.681800e+04
18	669.972109	1.441704e-12	7.625000e-01	1.441704e-12	8.148000e+03	2.232300e+04
18	98.101699	7.453400e-09	8.159787e-01	7.186421e-09	5.742600e+04	2.440999e+03
18	88.267295	5.718308e-10	9.850000e-01	2.706993e-11	1.329800e+04	1.158000e+03
18	338.897812	4.505076e-09	9.025000e-01	1.061909e-12	2.837400e+04	9.810000e+03
18	1258.015816	1.000000e-05	7.573161e-01	1.100173e-14	5.639700e+04	5.569700e+04
18	1153.617020	1.695443e-16	8.600000e-01	8.842027e-19	1.346700e+04	4.332100e+04
18	1059.404938	1.705455e-17	8.250000e-01	1.705455e-17	2.057000e+04	3.782800e+04
18	907.509639	3.799529e-13	9.550000e-01	1.503587e-31	1.808300e+04	2.777900e+04
18	912.937682	4.510404e-17	7.575000e-01	4.510404e-17	3.168300e+04	4.387000e+04
18	453.739514	5.154244e-10	8.578708e-01	2.284621e-10	8.777000e+03	4.843500e+04
18	76.686252	1.000000e-05	8.168008e-01	8.180648e-11	2.146024e+04	1.323681e+04
18	922.582236	1.584990e-13	8.950000e-01	1.968361e-37	1.637900e+04	5.903500e+04
18	346.948989	4.986469e-11	9.950000e-01	1.252439e-12	3.179800e+04	8.460000e+03
18	615.521198	7.211291e-07	8.600009e-01	2.397273e-11	4.216200e+04	1.618100e+04
18	951.472295	5.271946e-14	8.275000e-01	9.381389e-38	1.715100e+04	5.805400e+04
18	-1.000000	-1.000000e+00	-1.000000e+00	-1.000000e+00	-1.000000e+00	-1.000000e+00
18	324.120223	1.388206e-12	9.975000e-01	9.698120e-13	3.764600e+04	9.033000e+03
18	81.710414	4.253763e-10	8.155892e-01	3.129680e-11	4.477938e+04	1.554880e+04
18	111.301260	3.578098e-11	8.080017e-01	1.086708e-12	4.649236e+04	2.354328e+04
18	296.190568	2.284883e-15	7.675000e-01	1.133813e-17	2.301900e+04	5.296700e+04
18	530.915552	8.551917e-07	8.450010e-01	5.419312e-13	4.027300e+04	2.532200e+04
18	324.613211	1.633135e-08	8.034601e-01	1.000000e-08	4.053514e+04	5.660432e+02
18	848.451535	9.504788e-06	7.512303e-01	6.369110e-16	5.900894e+04	5.249098e+04
18	76.482370	1.823081e-11	9.300000e-01	7.516771e-12	1.769700e+04	3.140000e+03
18	168.829125	1.672444e-08	9.774998e-01	6.189892e-14	4.183000e+03	1.555300e+04
18	345.765751	1.330554e-09	9.275000e-01	2.403739e-12	3.063200e+04	7.551000e+03
18	1146.483110	2.599724e-16	8.325000e-01	2.170498e-19	2.083800e+04	4.749300e+04
18	138.117932	5.600190e-08	7.925004e-01	5.385888e-13	2.586400e+04	2.467200e+04
18	915.599659	5.405132e-13	8.275000e-01	2.082636e-28	1.166600e+04	1.621400e+04
18	110.786471	1.131077e-10	8.074999e-01	1.093910e-12	4.347800e+04	2.351300e+04
18	1022.668408	1.003134e-15	7.650000e-01	1.003134e-15	2.482300e+04	2.764600e+04
18	462.699331	6.278799e-12	8.000000e-01	1.419873e-12	5.330000e+03	4.815900e+04
18	81.019475	2.710857e-06	8.187363e-01	1.578838e-09	5.654799e+04	6.099017e+03
18	75.205441	9.846104e-06	8.183844e-01	4.662849e-10	5.181897e+04	9.045961e+03
18	895.187813	8.817642e-13	9.425000e-01	1.007979e-33	1.496900e+04	3.700700e+04
18	969.365176	4.405793e-16	9.475000e-01	1.956105e-33	3.318900e+04	4.072700e+04
18	75.547179	1.000000e-05	8.174693e-01	1.110813e-10	3.460201e+04	1.251201e+04
18	214.150181	9.936993e-10	9.162905e-01	9.936993e-10	6.893176e+03	3.519497e+04
18	-1.000000	-1.000000e+00	-1.000000e+00	-1.000000e+00	-1.000000e+00	-1.000000e+00
18	400.710853	8.442039e-11	7.651377e-01	3.915188e-16	4.113900e+04	3.864100e+04
18	825.898811	1.117884e-07	7.552203e-01	2.035310e-10	2.867200e+04	1.682400e+04
18	1217.450721	9.000000e-16	9.850000e-01	2.410963e-21	2.925900e+04	5.399700e+04
18	74.447504	1.000000e-05	8.181163e-01	2.783203e-10	5.195944e+04	1.029281e+04
18	163.261881	7.964443e-14	7.725000e-01	5.687019e-14	1.478200e+04	3.275400e+04
18	2843.202079	2.846540e-15	8.350000e-01	1.091078e-35	3.791800e+04	5.191200e+04
18	199.789482	3.564869e-12	8.100000e-01	3.733236e-14	3.780000e+02	3.186400e+04
18	985.711574	1.200000e-16	9.350000e-01	9.089321e-37	3.509200e+04	5.239900e+04
18	882.593812	1.737422e-09	8.407765e-01	6.225142e-10	5.846995e+03	4.119400e+04
18	83.097232	1.030506e-08	8.186480e-01	1.956758e-09	4.112297e+04	5.575919e+03
18	415.862502	8.983527e-16	9.050000e-01	1.954612e-19	4.072300e+04	3.896000e+03
18	184.859053	1.876678e-11	7.956311e-01	3.556150e-15	4.647180e+04	3.718136e+04
18	449.815619	3.357093e-11	8.025000e-01	1.465100e-12	1.365000e+03	4.819900e+04
18	82.447721	1.476144e-09	9.000034e-01	1.476144e-09	6.244007e+03	4.242206e+04
18	940.207813	9.773847e-14	8.475000e-01	1.238875e-32	1.611800e+04	3.538600e+04
18	620.339557	2.826917e-10	9.025000e-01	3.143170e-18	3.533400e+04	3.938400e+04
18	873.597875	1.939495e-11	7.800000e-01	3.266448e-24	2.369000e+03	2.487000e+03
18	1235.902269	1.172913e-12	9.024999e-01	1.172913e-12	5.087800e+04	5.303400e+04
18	81.865235	8.689350e-12	9.325000e-01	8.689350e-12	1.955400e+04	2.638000e+03
18	79.395451	5.314084e-09	8.164101e-01	4.609791e-11	4.098100e+04	1.462800e+04
18	618.902639	2.537238e-15	7.650000e-01	2.537238e-15	2.309900e+04	3.777700e+04
18	74.439179	9.694241e-06	8.181057e-01	2.733741e-10	4.490899e+04	1.033613e+04
18	1288.631649	7.400000e-16	9.825000e-01	2.424649e-21	2.027300e+04	5.456300e+04
18	124.557299	8.750357e-12	8.004601e-01	4.647079e-12	4.904700e+04	1.989800e+04
18	1553.812185	1.000000e-08	8.475001e-01	1.000000e-08	3.501500e+04	2.450000e+02
18	107.844080	3.028743e-11	8.050001e-01	2.584599e-12	4.648100e+04	2.140400e+04
18	82.771057	1.287054e-09	9.275000e-01	1.209976e-11	7.425000e+03	1.970000e+03
18	114.220508	5.657713e-09	8.055951e-01	6.821402e-13	3.322885e+04	2.459214e+04
18	101.590034	1.129758e-08	8.085533e-01	2.376565e-12	3.211361e+04	2.162866e+04
18	75.918093	1.000000e-05	8.184873e-01	5.958458e-10	4.882500e+04	8.453530e+03
18	1252.218853	1.025794e-06	8.399882e-01	2.102428e-13	4.442200e+04	5.435100e+04
18	77.716254	8.897639e-06	8.186287e-01	9.151348e-10	5.801896e+04	7.416743e+03
18	80.011588	5.168317e-11	9.400000e-01	4.127058e-12	1.559200e+04	5.053000e+03
18	204.112744	5.587363e-15	9.600000e-01	2.956152e-15	3.793500e+04	2.236500e+04
18	322.779489	1.019060e-09	9.900000e-01	6.462290e-13	2.611400e+04	1.006200e+04
18	349.390508	5.123179e-09	7.875003e-01	5.123179e-09	3.599900e+04	2.641000e+03
18	1049.586209	2.282093e-08	7.500000e-01	9.763638e-09	2.706692e+04	4.367192e+04
18	113.404442	8.554417e-12	7.700000e-01	7.050762e-13	3.807000e+03	2.717900e+04
18	131.858231	2.595647e-09	8.021212e-01	1.455962e-13	3.467064e+04	2.826643e+04
18	436.457683	5.341564e-11	9.400000e-01	1.781773e-13	3.824400e+04	1.356400e+04
18	325.504556	1.835832e-09	8.875000e-01	4.326353e-11	3.104400e+04	1.206000e+03
18	1060.288376	3.031630e-16	7.950000e-01	5.922004e-21	2.847300e+04	4.873700e+04
18	75.114913	3.285877e-10	9.002466e-01	3.285877e-10	9.884016e+03	4.813201e+04
18	882.888392	9.157048e-12	8.400000e-01	5.466396e-30	5.189000e+03	1.934000e+04
18	1203.109621	3.526224e-06	8.825201e-01	4.982451e-12	5.891500e+04	4.712600e+04
18	77.543498	1.000000e-05	8.170095e-01	6.574926e-11	3.629897e+04	1.377902e+04
18	701.717711	1.000000e-05	8.474967e-01	1.539498e-13	2.706400e+04	2.834900e+04
18	8758.051504	1.499765e-07	9.250000e-01	4.001702e-17	5.087300e+04	4.808500e+04
18	95.205944	6.652883e-09	8.994616e-01	6.732489e-27	2.624001e+03	6.413997e+03
18	88.755072	1.319590e-11	9.475000e-01	2.326185e-12	1.916100e+04	6.614000e+03
18	876.646548	1.929635e-11	9.450002e-01	9.959660e-32	7.892000e+03	2.874200e+04
18	1283.970792	4.900000e-16	9.750000e-01	9.826862e-22	2.618200e+04	5.645500e+04
18	1162.645542	2.780728e-17	8.550000e-01	1.176680e-21	3.433400e+04	5.540200e+04
18	1050.317750	2.252044e-08	7.800000e-01	1.000000e-08	2.686900e+04	3.097300e+04
18	772.174877	1.000000e-05	7.650226e-01	9.983023e-14	5.534100e+04	3.226800e+04
18	95.131753	1.000000e-05	8.185918e-01	6.550764e-09	2.732700e+04	2.660004e+03
18	120.400062	8.059507e-06	8.118046e-01	1.324290e-12	5.173297e+04	2.320849e+04
18	132.080205	3.599564e-09	9.625000e-01	2.501753e-13	6.608000e+03	1.218400e+04
18	4892.415402	2.714714e-08	9.400001e-01	2.404718e-13	5.362500e+04	2.725500e+04
18	1208.910909	5.339315e-12	7.899995e-01	5.339315e-12	4.777600e+04	5.240200e+04
18	1316.309548	5.008041e-17	9.300000e-01	4.100296e-22	1.013600e+04	5.913200e+04
18	1035.132050	3.400000e-16	8.600000e-01	9.330429e-38	2.968300e+04	5.952100e+04
18	868.266030	1.064051e-10	9.175000e-01	1.458576e-31	1.807000e+03	2.754400e+04
18	707.037145	1.511590e-09	9.343395e-01	1.500397e-09	6.702969e+03	3.318900e+04
18	91.799378	3.224700e-11	8.126743e-01	8.122587e-12	4.841077e+04	1.875907e+04
18	10719.799258	2.492405e-15	7.625000e-01	5.328738e-33	3.822300e+04	4.496400e+04
18	86.537868	5.288471e-07	8.225012e-01	6.389897e-11	4.306900e+04	1.384000e+04
18	1046.909563	7.115107e-19	7.800000e-01	7.115107e-19	2.444300e+04	4.968700e+04
18	456.057942	4.715667e-10	9.175000e-01	7.202018e-15	3.359200e+04	2.133600e+04
18	339.432628	2.604443e-10	7.678688e-01	1.183463e-11	3.830300e+04	1.423000e+04
18	100.091183	7.465733e-12	9.000000e-01	2.021408e-26	1.902700e+04	2.928000e+03
18	1257.441043	1.000000e-05	9.073906e-01	2.486891e-13	5.700100e+04	5.515500e+04
18	630.233408	9.170992e-09	9.296687e-01	9.170992e-09	2.023061e+03	2.861803e+04
18	75.270634	1.000000e-05	8.174906e-01	3.012773e-10	2.032895e+04	1.007804e+04
18	75.029053	6.517879e-07	8.183489e-01	4.318076e-10	5.923600e+04	9.231570e+03
18	897.839944	1.313961e-12	7.750000e-01	1.313961e-12	7.562000e+03	1.134000e+04
18	1113.590775	6.900004e-16	7.825000e-01	6.987742e-21	2.046300e+04	5.856400e+04
18	760.175566	4.242138e-17	9.000000e-01	3.084948e-20	4.803100e+04	4.532300e+04
18	1175.062014	6.199997e-16	9.750000e-01	1.063579e-19	2.854000e+04	4.556700e+04
18	562.312641	1.000000e-05	7.800108e-01	1.000000e-08	4.286100e+04	7.210000e+02
18	425.915119	1.002247e-08	9.233090e-01	1.000000e-08	1.283020e+03	2.849808e+04
18	1036.398440	3.364284e-17	8.175000e-01	3.364284e-17	1.748100e+04	3.662000e+04
18	143.150487	1.620112e-09	8.001756e-01	5.832598e-14	3.562928e+04	3.044635e+04
18	1089.149404	6.274955e-06	8.650121e-01	1.680086e-09	5.909000e+04	3.204700e+04
18	15694.374579	8.400000e-16	8.300000e-01	1.913822e-21	4.280200e+04	5.346500e+04
18	246.399834	1.627659e-09	9.349998e-01	4.857816e-13	5.283000e+03	5.560400e+04
18	188.588829	1.060064e-08	9.219404e-01	1.000000e-08	7.699236e+02	2.979397e+04
18	82.187138	9.973593e-08	8.148395e-01	2.806986e-11	2.982807e+04	1.578879e+04
18	90.846432	5.657937e-06	8.187093e-01	4.614122e-09	5.632300e+04	3.508005e+03
18	535.969915	1.887716e-09	9.025000e-01	3.460138e-17	3.054400e+04	3.389300e+04
18	945.130032	1.418195e-14	9.050000e-01	2.658403e-37	2.256600e+04	5.324200e+04
18	913.058135	6.401292e-13	8.175000e-01	3.083236e-28	1.108200e+04	1.425000e+04
18	996.226049	2.656010e-16	9.075000e-01	2.475473e-36	3.208200e+04	5.295900e+04
18	109.908387	1.590454e-11	9.450000e-01	3.408880e-14	1.855900e+04	1.649600e+04
18	89.605112	1.000000e-05	8.056961e-01	6.512040e-11	1.370205e+04	1.335402e+04
18	384.031941	1.943599e-09	8.900000e-01	1.522864e-13	3.082700e+04	1.459000e+04
18	412.363363	7.615215e-12	9.728336e-01	5.905665e-12	4.109500e+04	4.963000e+03
18	1010.076819	6.818750e-17	8.075000e-01	6.818750e-17	2.037600e+04	3.550700e+04
18	981.387351	1.700000e-16	9.350000e-01	1.161321e-35	3.465700e+04	4.845400e+04
18	159.895429	3.044323e-12	7.625000e-01	4.377251e-14	6.341000e+03	3.475200e+04
18	77.895304	1.000000e-05	8.186380e-01	9.479756e-10	5.384199e+04	7.331553e+03
18	872.300641	4.518575e-11	9.125000e-01	1.645387e-28	3.595000e+03	1.508900e+04
18	1011.870262	1.750143e-15	9.900000e-01	1.278922e-20	3.617300e+04	5.018900e+04
18	75.896530	1.000000e-05	8.173762e-01	9.913146e-11	3.765901e+04	1.278704e+04
18	329.108990	1.535812e-12	7.775812e-01	1.593844e-13	5.164600e+04	2.665800e+04
18	732.077457	1.000000e-08	8.249999e-01	1.000000e-08	3.167500e+04	2.550000e+02
18	1152.737302	1.099869e-16	9.200000e-01	2.459845e-18	2.252400e+04	3.968000e+04
18	1292.226202	2.000007e-17	9.925000e-01	2.250991e-21	2.097700e+04	5.465800e+04
18	86.069191	1.102577e-10	9.056981e-01	1.102577e-10	1.239900e+04	4.379997e+04
18	493.636117	4.006968e-12	8.100000e-01	3.528441e-13	6.566000e+03	5.214900e+04
18	79.335876	1.000000e-05	8.145109e-01	3.229357e-10	1.627900e+04	9.801999e+03
18	1438.800297	4.578001e-06	8.948657e-01	2.556882e-09	2.553700e+04	4.902000e+03
18	74.419589	1.000000e-05	8.180688e-01	2.570421e-10	4.317322e+04	1.048497e+04
18	325.775265	7.073306e-16	9.575000e-01	5.715679e-21	4.233200e+04	5.221500e+04
18	107.162484	1.003238e-11	7.675000e-01	2.389787e-12	3.476000e+03	2.462200e+04
18	1274.964352	3.500000e-16	9.850000e-01	1.322588e-21	2.884000e+04	5.565200e+04
18	76.797891	2.672380e-07	8.185695e-01	7.505286e-10	5.895411e+04	7.895868e+03
18	779.546948	1.000000e-05	7.638697e-01	9.826480e-09	2.842199e+04	5.501985e+03
18	1182.155365	2.818080e-07	9.525009e-01	7.297463e-19	5.947100e+04	4.205800e+04
18	1248.242409	2.836307e-13	9.800000e-01	2.836307e-13	5.043000e+04	5.730900e+04
18	349.267551	5.361817e-09	9.325000e-01	2.062395e-13	2.692600e+04	1.329600e+04
18	90.787802	2.144291e-11	8.114355e-01	2.144291e-11	5.900800e+04	1.649300e+04
18	421.939363	4.803502e-11	8.825000e-01	1.963254e-12	4.038500e+04	8.675000e+03
18	1140.657211	7.104267e-06	9.325223e-01	1.814285e-10	5.485700e+04	3.865700e+04
18	77.945564	1.000000e-05	8.186406e-01	9.572429e-10	4.870723e+04	7.308047e+03
18	97.829796	8.138889e-09	8.995364e-01	8.138889e-09	2.136965e+03	5.397327e+04
18	1100.289840	3.058428e-17	8.075000e-01	2.357429e-34	3.405600e+04	4.853000e+04
18	11294.468281	5.762885e-09	9.725000e-01	6.948937e-16	5.915600e+04	4.127900e+04
18	1099.573844	1.513632e-17	7.700000e-01	1.332261e-19	3.323800e+04	5.088000e+04
18	1380.385996	5.685899e-11	8.275000e-01	3.364119e-28	1.409000e+04	5.718000e+03
18	132.289387	2.151081e-13	9.125000e-01	2.031054e-14	2.777700e+04	1.523300e+04
18	1138.886298	6.996656e-17	8.300000e-01	2.766926e-19	2.153700e+04	4.711200e+04
18	871.907738	4.795835e-11	9.450000e-01	1.865916e-31	5.734000e+03	2.406800e+04
18	711.999968	8.705016e-14	9.825000e-01	1.114826e-17	5.129400e+04	3.555000e+04
18	630.793775	6.305308e-13	9.825000e-01	1.069566e-16	4.624800e+04	3.038200e+04
18	1082.038914	2.071981e-06	8.000180e-01	1.125305e-09	5.335700e+04	3.115400e+04
18	152.464841	9.418523e-11	7.950000e-01	9.505102e-12	4.230000e+04	1.791100e+04
18	105.553684	1.366581e-08	8.998604e-01	1.000000e-08	8.830315e+02	4.321826e+04
18	808.697033	1.000000e-05	7.600301e-01	7.085678e-12	3.379300e+04	2.335200e+04
18	1303.697913	9.300000e-16	9.725000e-01	3.931020e-22	2.338700e+04	5.859800e+04
18	80.438052	1.000000e-05	8.187250e-01	1.451993e-09	4.548081e+04	6.301374e+03
18	88.291289	3.401973e-09	9.018548e-01	8.495671e-14	4.312964e+03	8.934921e+03
18	1058.495044	5.018261e-06	8.823863e-01	2.312669e-09	2.550700e+04	5.146000e+03
18	706.032637	8.631577e-12	9.175000e-01	1.045948e-18	4.371800e+04	4.165400e+04
18	123.901543	3.948100e-11	8.099999e-01	5.065216e-13	4.653300e+04	2.540800e+04
18	78.837117	8.612340e-06	8.162970e-01	5.052870e-11	2.152797e+04	1.439902e+04
18	1240.865067	9.900407e-07	8.813875e-01	5.745768e-13	4.123700e+04	5.262400e+04
18	213.636770	3.680937e-08	9.797743e-01	6.313385e-15	2.539000e+03	2.087700e+04
18	1227.386963	2.027985e-12	8.400000e-01	2.027985e-12	5.019000e+04	5.166400e+04
18	74.921471	3.800991e-06	8.183238e-01	4.097450e-10	4.906432e+04	9.358290e+03
18	526.539583	6.314352e-17	8.100000e-01	6.314352e-17	1.177100e+04	4.706300e+04
18	397.164693	2.673043e-11	9.950000e-01	8.097830e-14	3.335800e+04	1.491200e+04
18	882.996844	7.686554e-12	8.050000e-01	1.032842e-25	4.968000e+03	7.506000e+03
18	107.834558	1.936845e-10	8.875000e-01	6.334369e-28	1.115600e+04	2.178000e+03
18	3635.672753	9.469368e-09	9.150000e-01	1.229334e-13	5.930800e+04	2.887200e+04
18	842.298667	1.002298e-11	9.950000e-01	1.002298e-11	4.416900e+04	3.502000e+03
18	162.938789	1.382372e-10	8.800000e-01	1.470933e-27	1.196500e+04	1.760000e+03
18	612.980763	8.272968e-09	7.775004e-01	8.272968e-09	4.156400e+04	7.160000e+02
18	101.470311	1.045758e-08	8.996898e-01	1.000000e-08	1.530195e+03	4.446812e+04
18	1019.562964	1.008428e-16	9.125000e-01	6.333106e-21	3.443400e+04	4.683400e+04
18	872.687157	3.103943e-11	8.400000e-01	2.658021e-28	2.271000e+03	1.250200e+04
18	141.297151	3.304777e-10	8.013073e-01	7.579817e-14	3.976799e+04	2.985200e+04
18	312.706168	4.004616e-09	9.225000e-01	9.434539e-12	2.804100e+04	4.355000e+03
18	120.344098	2.700437e-09	8.045229e-01	3.995678e-13	3.491100e+04	2.587100e+04
18	170.719614	4.115361e-13	7.800000e-01	1.277964e-15	1.049500e+04	4.098100e+04
18	315.872218	2.090919e-12	7.876469e-01	2.090919e-12	5.734300e+04	2.210800e+04
18	919.310872	4.968445e-14	7.800000e-01	4.968445e-14	1.236100e+04	2.163000e+04
18	1264.482398	1.265027e-07	7.725002e-01	2.661379e-14	5.690100e+04	5.630400e+04
18	-1.000000	-1.000000e+00	-1.000000e+00	-1.000000e+00	-1.000000e+00	-1.000000e+00
18	1210.746119	7.499900e-16	9.175000e-01	1.149211e-19	1.930100e+04	4.662700e+04
18	284.973177	9.680005e-15	7.550000e-01	6.780087e-15	1.986500e+04	4.126400e+04
18	1207.922815	1.353752e-08	8.700000e-01	6.845407e-13	5.921700e+04	2.474900e+04
18	260.437590	4.460036e-16	9.225000e-01	4.030836e-16	4.262300e+04	2.513000e+04
18	5382.135678	8.615633e-16	8.100000e-01	2.487946e-35	4.077200e+04	5.028100e+04
18	1133.228914	9.324687e-15	8.500000e-01	9.324687e-15	9.162000e+03	3.508600e+04
18	1205.374303	3.406638e-12	8.999999e-01	3.406638e-12	4.683100e+04	5.452900e+04
18	198.064304	1.018424e-09	9.700000e-01	2.642743e-15	1.018900e+04	2.286300e+04
18	1121.895870	6.059584e-10	7.500000e-01	4.766575e-10	3.622118e+04	4.718922e+04
18	1021.226397	4.867279e-16	8.725000e-01	2.406298e-36	2.926700e+04	5.276800e+04
18	904.780836	7.643050e-13	7.550000e-01	6.780867e-13	9.333000e+03	1.543300e+04
18	1032.918035	1.523744e-17	8.075000e-01	1.523744e-17	2.147600e+04	3.901300e+04
18	836.820522	5.752889e-06	7.513251e-01	1.069644e-10	4.413680e+04	2.251912e+04
18	1993.038233	7.155814e-07	8.675011e-01	4.983177e-15	3.937300e+04	3.658000e+04
18	204.446324	4.708709e-11	8.775000e-01	9.549827e-28	1.456300e+04	6.828000e+03
18	96.299094	4.447633e-06	8.186029e-01	7.247458e-09	5.458618e+04	2.417216e+03
18	156.641617	2.809182e-10	8.800000e-01	7.006151e-29	1.025300e+04	8.653000e+03
18	260.008491	6.173673e-07	8.250008e-01	1.760237e-13	3.878100e+04	2.804500e+04
18	546.904098	6.007658e-12	8.500000e-01	6.007658e-12	5.520000e+02	1.955500e+04
18	90.583246	4.394034e-10	8.125823e-01	9.034663e-12	4.174856e+04	1.849320e+04
18	913.809789	4.674752e-13	8.825000e-01	2.246278e-31	1.334900e+04	2.878600e+04
18	539.736774	2.392483e-10	9.475000e-01	1.262319e-16	3.407300e+04	3.033000e+04
18	1003.767610	4.809961e-06	7.567838e-01	7.564487e-09	5.672343e+04	2.147387e+04
18	1204.698894	1.654710e-06	9.425026e-01	6.207338e-12	5.394000e+04	4.735000e+04
18	84.535241	1.000000e-05	8.187637e-01	2.456454e-09	4.761622e+04	5.031028e+03
18	441.708832	1.157577e-11	7.700000e-01	1.330388e-12	3.418000e+03	4.608300e+04
18	79.323332	2.596321e-06	8.186957e-01	1.221563e-09	5.534392e+04	6.718905e+03
18	1263.685751	9.200000e-16	9.900000e-01	5.071004e-21	2.624200e+04	5.272000e+04
18	1279.111324	6.000001e-17	9.225000e-01	2.871695e-21	2.502400e+04	5.484000e+04
18	903.742021	1.179719e-12	7.900000e-01	4.864028e-25	9.181000e+03	8.160000e+03
18	119.116040	5.774882e-08	9.925000e-01	3.932001e-12	3.919000e+03	5.740000e+03
18	79.105420	1.000000e-05	8.186758e-01	1.172779e-09	3.019926e+04	6.816970e+03
18	558.919781	2.165430e-12	9.425000e-01	4.020666e-15	4.626900e+04	2.240100e+04
18	79.471313	1.000000e-05	8.187003e-01	1.251242e-09	5.252624e+04	6.660903e+03
18	580.157050	5.149861e-13	9.900000e-01	7.813910e-16	4.528100e+04	2.574700e+04
18	764.717224	9.888711e-13	7.604943e-01	2.726646e-16	5.364300e+04	4.607300e+04
18	556.344446	6.096793e-10	9.150000e-01	3.458132e-17	3.301400e+04	3.370400e+04
18	-1.000000	-1.000000e+00	-1.000000e+00	-1.000000e+00	-1.000000e+00	-1.000000e+00
18	236.316422	4.691266e-10	9.725001e-01	3.218096e-16	1.225700e+04	2.773300e+04
18	873.308248	3.188446e-11	9.249888e-01	4.144805e-32	5.177000e+03	3.053649e+04
18	111.443348	1.915216e-08	9.002021e-01	1.000000e-08	6.403691e+01	4.074110e+04
18	88.625433	1.450319e-07	8.120027e-01	1.069980e-11	2.687997e+04	1.805401e+04
18	848.614890	4.951205e-14	9.825000e-01	1.663014e-20	5.272300e+04	5.024700e+04
18	260.031637	6.277040e-07	8.325008e-01	1.297557e-12	4.160300e+04	2.322800e+04
18	76.196508	6.239178e-10	8.996571e-01	6.239178e-10	8.341021e+03	5.095002e+04
18	298.754646	4.028390e-09	9.725000e-01	3.713012e-12	2.528500e+04	6.063000e+03
18	1254.505537	2.268464e-07	8.099999e-01	1.264790e-13	4.773700e+04	5.470700e+04
18	958.395626	5.876906e-15	9.025000e-01	7.300676e-34	2.454500e+04	4.151600e+04
18	480.756834	3.861504e-11	7.875000e-01	1.511284e-13	7.960000e+02	5.319200e+04
18	1225.184441	9.599997e-16	9.775000e-01	5.292180e-20	2.370400e+04	4.760100e+04
18	1091.971891	5.137880e-17	7.775000e-01	1.500602e-32	3.235300e+04	4.044900e+04
18	683.795606	1.207525e-11	9.925000e-01	1.207525e-11	4.016800e+04	2.763000e+03
18	85.486874	2.697409e-09	8.993303e-01	2.697409e-09	4.804120e+03	4.840797e+04
18	1230.198081	1.214410e-12	9.050000e-01	1.214410e-12	4.987600e+04	5.443000e+04
18	497.942858	3.861105e-13	7.666030e-01	3.790550e-13	1.143900e+04	4.881300e+04
18	2572.209390	7.069689e-08	8.825002e-01	1.051894e-14	4.899500e+04	3.478400e+04
18	943.291606	1.177319e-14	9.100000e-01	1.147263e-33	2.324500e+04	4.069600e+04
18	1109.625113	1.251922e-16	8.275000e-01	4.674657e-22	3.076400e+04	5.682200e+04
18	98.077934	1.000000e-05	8.174706e-01	6.731670e-09	1.915396e+04	2.555825e+03
18	1089.854952	3.050639e-09	7.500000e-01	3.048083e-09	3.213521e+04	5.292862e+04
18	182.216321	1.887104e-13	9.475000e-01	1.794692e-17	2.898800e+04	3.388500e+04
18	1262.844802	1.352690e-06	8.475014e-01	1.185894e-13	5.728500e+04	5.600000e+04
18	1129.621902	4.296276e-16	9.950000e-01	9.306318e-18	6.063000e+03	3.588500e+04
18	932.747325	1.684898e-13	8.250000e-01	2.271498e-29	1.437000e+04	2.120500e+04
18	927.166825	1.929909e-13	7.575000e-01	9.610270e-15	1.244500e+04	2.519200e+04
18	866.864709	1.394638e-10	9.575001e-01	1.162916e-30	4.342000e+03	2.378000e+04
18	77.451735	2.398862e-06	8.186136e-01	8.671148e-10	5.952605e+04	7.546978e+03
18	7017.075952	2.484036e-08	9.350001e-01	1.779131e-15	5.271500e+04	3.903400e+04
18	27521.967549	5.000000e-16	8.175000e-01	3.857042e-38	3.733200e+04	5.755300e+04
18	285.746132	9.993849e-06	7.977316e-01	8.421310e-16	5.349302e+04	4.092476e+04
18	899.177626	1.968661e-12	8.400000e-01	1.678278e-28	8.849000e+03	1.712100e+04
18	1166.866310	2.899997e-16	9.475000e-01	2.748942e-19	2.848800e+04	4.361400e+04
18	996.254204	1.228859e-15	8.850000e-01	2.437517e-38	2.753000e+04	5.843000e+04
18	1062.895225	1.173653e-08	7.500000e-01	9.789739e-09	2.873930e+04	3.646694e+04
18	364.180618	8.410645e-10	8.625000e-01	5.739011e-29	7.597000e+03	1.228500e+04
18	878.914521	1.512594e-11	8.525000e-01	1.410195e-28	4.257000e+03	1.525700e+04
18	95.024554	1.000000e-05	8.186315e-01	6.557642e-09	5.031189e+04	2.658833e+03
18	173.843697	3.877265e-12	7.980164e-01	9.313294e-15	5.067749e+04	3.491300e+04
18	6159.609431	5.099771e-08	9.650001e-01	5.383955e-13	4.951000e+04	2.531300e+04
18	1238.911440	9.999885e-17	9.275000e-01	3.543270e-20	1.850800e+04	4.918500e+04
18	81.822981	1.124410e-11	9.275000e-01	5.616409e-14	1.872000e+04	1.456600e+04
18	225.573516	2.504782e-14	9.050000e-01	1.965907e-18	3.283100e+04	3.627200e+04
18	150.303231	4.412230e-09	8.024997e-01	4.412230e-09	3.539300e+04	3.414000e+03
18	1194.515857	3.431689e-07	9.974910e-01	1.321901e-11	3.717100e+04	4.591900e+04
18	924.317751	7.452175e-14	9.075000e-01	3.625340e-32	1.872900e+04	3.338000e+04
18	151.021833	4.073428e-10	9.875000e-01	1.155009e-13	1.455400e+04	1.408800e+04
18	874.363519	3.119154e-11	9.100000e-01	7.609992e-27	4.361000e+03	7.846000e+03
18	2271.229669	1.351084e-07	8.750002e-01	7.426682e-15	4.807200e+04	3.562100e+04
18	573.818808	2.766993e-11	9.450000e-01	1.813915e-16	3.966200e+04	2.952800e+04
18	834.362901	3.018754e-11	7.552269e-01	1.175567e-14	4.565900e+04	3.931500e+04
18	1211.451645	9.999963e-06	8.700031e-01	2.874946e-12	5.628000e+04	4.831200e+04
18	93.186402	1.263332e-11	8.124543e-01	7.017534e-12	5.066996e+04	1.911122e+04
18	87.980158	9.414607e-12	7.850000e-01	3.058638e-12	3.137000e+03	2.246600e+04
18	110.661822	1.465647e-11	8.111926e-01	1.389688e-12	4.947400e+04	2.299400e+04
18	415.157675	3.267147e-10	8.600000e-01	8.842789e-27	9.879000e+03	7.300000e+02
18	873.999394	2.584953e-11	9.300000e-01	1.596134e-28	6.029000e+03	1.664900e+04
18	989.142030	9.849594e-17	7.925000e-01	9.849594e-17	2.280000e+04	3.558400e+04
18	161.960452	3.872514e-08	8.100001e-01	8.811087e-14	2.925600e+04	2.960300e+04
18	1287.064365	8.600002e-16	9.675000e-01	2.908352e-21	1.005400e+04	5.431600e+04
18	987.865334	6.800000e-16	9.475000e-01	0.000000e+00	3.125200e+04	5.747900e+04
18	579.951095	2.911756e-14	9.925000e-01	5.931092e-15	5.181000e+04	2.104000e+04
18	93.997927	8.744715e-10	9.950000e-01	1.420520e-11	1.503200e+04	2.666000e+03
18	3647.031586	3.924058e-08	8.775000e-01	1.607866e-16	5.739200e+04	4.478600e+04
18	838.961933	6.896947e-06	7.511892e-01	2.884445e-12	5.213099e+04	3.185603e+04
18	85.188357	3.927333e-10	8.143338e-01	1.851497e-11	4.327256e+04	1.679280e+04
18	83.193817	2.097007e-09	8.993022e-01	2.097007e-09	5.413248e+03	5.797990e+04
18	34494.762641	8.400000e-16	7.900000e-01	3.305960e-35	3.435900e+04	5.080700e+04
18	908.163171	8.568621e-13	8.725000e-01	2.212792e-32	1.160300e+04	3.540000e+04
18	445.019241	6.005242e-10	9.650000e-01	3.963562e-15	3.068600e+04	2.219900e+04
18	457.983729	3.423997e-09	9.217376e-01	3.406079e-09	4.170791e+03	3.128736e+04
18	906.223945	6.400000e-16	9.725000e-01	1.374207e-22	3.547800e+04	5.365400e+04
18	966.726742	1.098690e-14	8.775000e-01	4.141913e-36	2.209200e+04	5.125400e+04
18	1087.773920	3.369521e-09	7.625033e-01	3.369521e-09	3.182500e+04	3.292800e+04
18	857.579932	7.983804e-10	9.625000e-01	9.525271e-31	7.300000e+02	2.121500e+04
18	240.292940	1.939360e-12	8.300000e-01	1.939360e-12	2.512000e+03	2.230700e+04
18	947.423781	6.233782e-14	7.575000e-01	2.817007e-27	1.563300e+04	1.728000e+04
18	109.413350	4.719346e-06	8.129378e-01	2.674771e-12	4.784478e+04	2.151187e+04
18	943.860836	1.122146e-14	9.100000e-01	1.362539e-34	2.335900e+04	4.407300e+04
18	94.467193	1.296263e-12	9.250000e-01	3.561316e-16	2.372700e+04	2.609900e+04
18	904.292543	3.038744e-13	9.450000e-01	1.957618e-33	1.767000e+04	4.030900e+04
18	288.324865	1.977511e-08	9.450000e-01	2.336555e-12	2.310900e+04	7.422000e+03
18	1049.459675	2.296584e-08	7.500000e-01	9.208457e-09	2.705102e+04	3.371512e+04
18	75.201173	1.000000e-05	8.175496e-01	1.277020e-10	2.760195e+04	1.217404e+04
18	124.858976	5.310046e-06	8.257162e-01	2.263141e-11	1.900500e+04	1.628600e+04
18	1146.265325	2.744668e-17	7.850000e-01	8.734657e-21	3.303000e+04	5.331600e+04
18	286.009901	8.544987e-16	9.275000e-01	1.007550e-20	4.089500e+04	2.049800e+04
18	78.149040	5.107189e-06	8.168937e-01	5.817896e-11	4.514563e+04	1.407457e+04
18	373.381578	1.658620e-11	9.925000e-01	1.658620e-11	3.607200e+04	2.127000e+03
18	95.278337	1.410523e-07	8.095867e-01	4.574776e-12	2.606518e+04	2.005300e+04
18	1055.875094	1.126373e-08	8.264144e-01	1.000000e-08	2.771685e+04	3.685694e+04
18	836.698777	4.292212e-06	7.514854e-01	1.662285e-10	2.169500e+04	2.087000e+04
18	882.203887	6.530777e-12	7.600000e-01	6.530777e-12	4.661000e+03	1.990000e+02
18	1049.729180	3.814150e-06	7.750126e-01	2.899194e-09	5.076000e+04	2.710500e+04
18	1046.162871	1.109142e-08	9.245309e-01	1.000000e-08	2.567995e+04	3.347888e+04
18	1181.556112	1.435825e-11	8.905714e-01	1.435825e-11	4.347100e+04	5.026900e+04
18	83.693898	5.841248e-11	8.150408e-01	2.334903e-11	4.893387e+04	1.624851e+04
18	1043.206796	1.022814e-08	9.057591e-01	1.000000e-08	2.617503e+04	4.043107e+04
18	74.730453	3.566076e-10	8.999337e-01	3.566076e-10	9.693348e+03	5.434300e+04
18	283.489402	9.715379e-16	7.675000e-01	2.795852e-16	2.506500e+04	4.559000e+04
18	841.712037	9.300000e-16	8.850000e-01	1.915970e-21	4.082000e+04	5.118100e+04
18	-1.000000	-1.000000e+00	-1.000000e+00	-1.000000e+00	-1.000000e+00	-1.000000e+00
18	435.252170	1.087055e-10	9.325000e-01	9.609424e-14	3.676100e+04	1.509700e+04
18	-1.000000	-1.000000e+00	-1.000000e+00	-1.000000e+00	-1.000000e+00	-1.000000e+00
18	7803.747710	9.180264e-08	9.150000e-01	3.450905e-17	5.047300e+04	4.843800e+04
18	84.466031	1.000000e-05	8.187636e-01	2.437171e-09	4.565181e+04	5.050068e+03
18	997.703615	1.439124e-15	8.325000e-01	1.296355e-15	1.676300e+04	2.724500e+04
18	90.395725	9.252594e-06	8.151065e-01	1.211576e-11	5.798632e+04	1.786450e+04
18	291.482049	3.247680e-09	9.675000e-01	2.072640e-11	2.626200e+04	2.006000e+03
18	106.016056	1.007340e-10	9.977178e-01	4.149388e-12	2.268200e+04	5.583000e+03
18	994.798454	1.346715e-15	8.850000e-01	7.407813e-34	2.731400e+04	3.828000e+04
18	954.854042	8.769437e-15	8.175000e-01	8.769437e-15	1.031800e+04	2.347800e+04
18	919.371678	2.926582e-13	7.575000e-01	2.926582e-13	1.167500e+04	1.524300e+04
18	97.961285	9.634344e-09	8.096432e-01	3.558319e-12	3.281196e+04	2.067602e+04
18	1113.629669	9.800000e-16	7.875000e-01	1.572662e-21	2.394900e+04	5.893300e+04
18	211.392372	3.872212e-16	9.475000e-01	1.736996e-17	4.345000e+04	3.375400e+04
18	82.298395	4.167468e-06	8.187530e-01	1.874939e-09	4.133019e+04	5.683704e+03
18	1116.017273	1.741456e-17	7.550000e-01	2.744332e-35	3.448900e+04	5.630300e+04
18	1056.970875	2.143281e-16	8.225000e-01	3.473646e-34	2.987300e+04	4.217900e+04
18	241.908079	1.380232e-09	9.724995e-01	2.836526e-16	9.675000e+03	2.802300e+04
18	274.972848	1.477526e-09	9.725002e-01	4.597211e-17	9.507000e+03	3.219200e+04
18	337.119801	5.540725e-13	7.776425e-01	6.778503e-14	5.427500e+04	2.883700e+04
18	74.522070	5.916260e-06	8.178738e-01	1.965713e-10	2.981495e+04	1.113225e+04
18	1219.721393	2.249964e-06	8.649901e-01	1.737671e-12	5.191200e+04	4.950300e+04
18	1030.675270	3.544339e-08	8.974904e-01	1.000000e-08	2.359100e+04	3.328700e+04
18	1159.372731	7.608458e-11	9.000000e-01	7.608458e-11	4.006500e+04	4.267500e+04
18	1186.192005	9.500000e-16	9.875000e-01	2.816602e-22	3.216800e+04	5.827400e+04
18	796.253454	6.571675e-13	9.650000e-01	5.326658e-20	4.795500e+04	4.779800e+04
18	591.434982	2.946339e-10	9.475000e-01	8.416613e-18	3.354100e+04	3.652200e+04
18	910.819369	3.518582e-13	9.025000e-01	1.467814e-29	1.478600e+04	2.192600e+04
18	-1.000000	-1.000000e+00	-1.000000e+00	-1.000000e+00	-1.000000e+00	-1.000000e+00
18	603.072364	1.761305e-13	9.950000e-01	1.681604e-16	4.601400e+04	2.923900e+04
18	1122.751663	2.494224e-10	9.975010e-01	2.494224e-10	2.951900e+04	3.918500e+04
18	74.416181	1.876887e-07	8.180562e-01	2.517764e-10	5.304297e+04	1.053499e+04
18	806.223152	1.943613e-11	7.581709e-01	8.414453e-14	4.700700e+04	3.366900e+04
18	1240.963256	7.099990e-16	9.275000e-01	2.940331e-20	1.696200e+04	4.959100e+04
18	895.433425	6.867338e-13	9.375000e-01	3.923943e-31	1.518700e+04	2.483600e+04
18	1165.943691	9.095050e-16	9.375000e-01	1.510960e-18	1.099400e+04	4.058300e+04
18	1045.807335	1.000000e-05	8.238478e-01	9.876393e-09	4.945199e+04	2.659402e+04
18	5817.934294	1.003618e-15	8.050000e-01	1.366928e-22	4.040600e+04	5.122400e+04
18	74.704015	1.965788e-06	8.182600e-01	3.609198e-10	5.512596e+04	9.664864e+03
18	864.846354	2.672109e-10	9.250000e-01	4.652567e-27	6.700000e+01	1.096400e+04
18	387.851661	1.462574e-10	9.325000e-01	2.058280e-12	3.601600e+04	7.865000e+03
18	1008.475119	1.820342e-07	7.500000e-01	8.596590e-09	2.186123e+04	2.783752e+04
18	91.997761	7.392547e-07	8.101679e-01	6.667664e-12	2.210399e+04	1.914700e+04
18	899.784543	3.952946e-13	7.825000e-01	3.394355e-13	7.561000e+03	1.678100e+04
18	114.225389	9.033293e-06	8.124342e-01	1.946345e-12	5.798464e+04	2.227919e+04
18	843.348173	1.000000e-05	8.675154e-01	1.916538e-11	1.829700e+04	1.670300e+04
18	83.980183	5.911352e-09	8.125000e-01	2.391320e-11	3.537200e+04	1.613900e+04
18	290.580220	1.196718e-07	9.250002e-01	2.469464e-13	1.943500e+04	1.295500e+04
18	913.930074	1.338540e-13	9.500000e-01	4.992517e-35	2.002300e+04	4.324700e+04
18	153.887292	4.231474e-09	9.675004e-01	6.378796e-14	6.576000e+03	1.543600e+04
18	74.720806	3.178525e-09	8.177608e-01	1.625911e-10	5.247724e+04	1.159145e+04
18	1282.453524	7.579516e-14	7.500000e-01	6.862083e-14	5.913800e+04	5.014200e+04
18	263.337576	5.595799e-14	7.575000e-01	1.589705e-15	1.577600e+04	4.363200e+04
18	485.215625	3.508654e-11	8.050000e-01	1.778277e-13	1.303000e+03	5.370000e+04
18	1317.195968	9.400009e-16	9.300000e-01	3.758589e-22	1.202400e+04	5.932300e+04
18	967.041945	1.056257e-14	7.775000e-01	1.056257e-14	1.879300e+04	2.278700e+04
18	655.809432	6.816591e-11	9.500000e-01	1.329223e-18	3.711000e+04	4.069000e+04
18	482.967608	2.560052e-12	7.625000e-01	1.645944e-13	6.908000e+03	5.022900e+04
18	539.703177	7.714707e-16	8.975000e-01	1.582707e-19	4.111200e+04	4.105200e+04
18	120.753051	2.066242e-11	9.600000e-01	1.811011e-13	1.876000e+04	1.289500e+04
18	1109.833924	4.899460e-16	8.325000e-01	1.771009e-18	1.446400e+04	4.274100e+04
18	82.289531	1.720351e-09	8.995334e-01	1.720351e-09	5.885960e+03	4.481199e+04
18	1065.951201	3.302415e-18	8.125000e-01	3.302415e-18	1.781600e+04	4.228500e+04
18	82.079939	1.167718e-09	9.325000e-01	2.089560e-11	7.844000e+03	9.290000e+02
18	105.817100	1.400896e-08	8.998445e-01	1.000000e-08	8.240115e+02	4.452400e+04
18	74.451730	1.000000e-05	8.179449e-01	2.117720e-10	3.502098e+04	1.095301e+04
18	99.671501	2.932086e-06	8.185196e-01	9.320342e-09	5.408835e+04	1.809569e+03
18	80.034712	1.281680e-09	8.995115e-01	1.281680e-09	6.599043e+03	4.651200e+04
18	836.723524	1.000000e-05	7.513456e-01	1.311218e-10	3.648500e+04	2.196200e+04
18	1230.298115	8.499995e-16	9.775000e-01	5.000054e-20	2.266500e+04	4.778000e+04
18	736.859798	7.244891e-12	9.450000e-01	1.924873e-19	4.305200e+04	4.512000e+04
18	1134.890607	3.121433e-06	8.400373e-01	1.335884e-10	5.279700e+04	3.790600e+04
18	1725.682353	1.126185e-08	8.775000e-01	1.507904e-13	5.959200e+04	2.838800e+04
18	77.441910	4.686264e-10	9.325000e-01	2.361386e-11	1.003800e+04	6.250000e+02
18	840.213650	1.471247e-10	7.511729e-01	4.426154e-13	4.710001e+04	3.632499e+04
18	83.141997	2.554568e-10	8.150993e-01	2.509845e-11	4.525283e+04	1.607310e+04
18	865.280460	2.317675e-10	9.200000e-01	5.015717e-27	8.200000e+01	4.575000e+03
18	87.060637	2.768161e-12	9.200000e-01	6.724852e-13	2.186100e+04	8.032000e+03
18	390.019759	8.046497e-09	8.800000e-01	2.022280e-14	2.749400e+04	1.950700e+04
18	1115.436874	3.674476e-16	9.650000e-01	1.752218e-17	1.330800e+04	3.470900e+04
18	78.462453	6.903996e-11	9.028258e-01	6.903996e-11	1.362001e+04	4.783801e+04
18	1283.695506	9.500000e-16	9.800000e-01	3.453610e-21	1.740200e+04	5.380500e+04
18	11248.189745	1.290471e-08	9.400000e-01	1.662986e-17	5.985600e+04	5.016500e+04
18	312.668424	5.571910e-11	7.750000e-01	4.908190e-15	4.239500e+04	3.473100e+04
18	876.476895	2.211214e-11	9.075000e-01	1.304685e-28	5.069000e+03	1.486500e+04
18	428.498856	4.150625e-09	9.725000e-01	1.076022e-15	2.519400e+04	2.514500e+04
18	99.685489	1.000000e-05	8.136620e-01	3.961920e-09	1.565199e+04	3.695967e+03
18	498.565514	4.748189e-11	9.025000e-01	8.805817e-15	3.987200e+04	2.108200e+04
18	1112.973167	8.451456e-10	7.925026e-01	8.451456e-10	3.488600e+04	3.930100e+04
18	1323.880406	5.406255e-13	8.600000e-01	5.406255e-13	9.802000e+03	2.537800e+04
18	1287.564960	7.400000e-16	9.775000e-01	2.501742e-21	2.005600e+04	5.453600e+04
18	565.262486	5.236192e-12	9.800000e-01	5.236192e-12	4.298400e+04	4.678000e+03
18	1030.649322	6.307867e-16	8.725000e-01	6.178475e-16	1.818800e+04	2.781300e+04
18	5132.085520	4.000000e-16	8.475000e-01	1.120264e-22	4.373100e+04	5.863000e+04
18	911.967013	4.420205e-13	8.925000e-01	7.674262e-34	1.383200e+04	4.261400e+04
18	1010.734888	2.257380e-15	7.925000e-01	2.257380e-15	2.383500e+04	1.725300e+04
18	1278.859373	2.030365e-07	9.225000e-01	7.121043e-14	5.130600e+04	5.855300e+04
18	83.979917	1.000000e-05	8.185901e-01	2.198672e-09	2.371599e+04	5.293005e+03
18	842.773218	1.141348e-11	7.511640e-01	1.472816e-14	5.181911e+04	4.455488e+04
18	652.257271	1.296499e-06	8.475016e-01	2.569450e-13	3.799100e+04	2.711700e+04
18	97.031292	2.202567e-11	7.675000e-01	5.934464e-12	1.602000e+03	2.248300e+04
18	-1.000000	-1.000000e+00	-1.000000e+00	-1.000000e+00	-1.000000e+00	-1.000000e+00
18	-1.000000	-1.000000e+00	-1.000000e+00	-1.000000e+00	-1.000000e+00	-1.000000e+00
18	105.252919	6.385981e-10	8.085353e-01	1.767228e-12	3.934047e+04	2.236114e+04
18	10605.951286	2.180178e-15	7.700000e-01	2.157927e-18	3.855800e+04	4.378600e+04
18	152.358146	4.614799e-08	9.900188e-01	2.754377e-13	3.748000e+03	1.203900e+04
18	904.431820	1.222786e-12	8.175000e-01	2.970936e-27	9.550000e+03	1.126700e+04
18	88.420019	3.635557e-11	8.150398e-01	1.415012e-11	5.352297e+04	1.748200e+04
18	1164.696599	1.000000e-05	8.575649e-01	3.314944e-11	5.669000e+04	4.184300e+04
18	1141.258958	2.014965e-10	7.922496e-01	2.014965e-10	3.853700e+04	4.261900e+04
18	951.921562	4.664816e-14	8.475000e-01	2.220831e-36	1.786100e+04	5.426200e+04
18	1328.437781	2.200006e-16	9.875000e-01	2.281292e-22	1.158800e+04	5.980600e+04
18	794.145189	6.959912e-10	8.425000e-01	6.959912e-10	8.048000e+03	5.097500e+04
18	567.341462	1.931070e-10	9.250000e-01	5.436841e-17	3.557700e+04	3.253100e+04
18	1173.096340	4.799773e-16	9.225000e-01	9.006653e-19	1.907900e+04	4.192600e+04
18	637.934229	2.608855e-15	9.950000e-01	8.223259e-16	5.671600e+04	2.559300e+04
18	812.072574	6.702090e-12	7.576322e-01	4.245819e-15	4.926000e+04	4.071300e+04
18	290.006123	8.458051e-11	7.775415e-01	6.432601e-12	4.138200e+04	1.741100e+04
18	131.561166	2.708504e-08	8.009094e-01	1.294575e-13	2.862530e+04	2.849706e+04
18	1225.340303	2.090277e-12	8.025001e-01	2.090277e-12	5.005700e+04	5.398200e+04
18	841.067403	7.602553e-12	7.600000e-01	7.602553e-12	2.780000e+03	1.468700e+04
18	183.644409	4.761702e-12	7.950000e-01	4.470348e-15	3.486000e+03	3.734400e+04
18	872.876802	3.703778e-11	8.725000e-01	2.021491e-26	2.604000e+03	7.076000e+03
18	1800.072554	8.276876e-09	8.550000e-01	7.926635e-16	5.862600e+04	4.098600e+04
18	327.334190	4.708530e-06	7.942876e-01	7.526956e-09	5.223099e+04	1.470964e+03
18	109.055905	1.686125e-08	9.000388e-01	1.000000e-08	3.740333e+02	4.193806e+04
18	5489.387258	2.264441e-08	9.600001e-01	1.307356e-12	5.396400e+04	2.317700e+04
18	343.638381	2.542298e-09	8.900000e-01	2.339705e-12	3.015500e+04	8.127000e+03
18	78.560762	3.395119e-10	9.017750e-01	3.395119e-10	9.763169e+03	4.347007e+04
18	220.653380	1.833251e-15	9.375000e-01	2.667765e-22	3.926600e+04	5.923900e+04
18	7846.935261	1.813482e-08	9.800000e-01	1.492652e-13	5.299100e+04	2.839900e+04
18	1069.375119	8.225014e-09	7.799493e-01	8.225014e-09	2.940400e+04	3.152500e+04
18	3935.263873	8.099714e-08	9.175003e-01	7.775828e-14	4.835100e+04	2.997300e+04
18	1164.235856	3.999856e-16	8.875000e-01	7.808400e-19	2.207700e+04	4.273200e+04
18	5150.073725	1.566108e-07	9.200005e-01	6.130689e-15	4.452000e+04	3.607200e+04
18	7388.947268	9.596022e-09	9.500000e-01	7.057634e-15	5.713600e+04	3.573100e+04
18	958.565819	3.586000e-14	8.000000e-01	3.269330e-37	1.756200e+04	5.769700e+04
18	401.225333	2.858865e-15	9.675000e-01	1.950511e-20	3.986500e+04	4.966500e+04
18	200.560400	5.692712e-11	8.775000e-01	2.472566e-28	1.410500e+04	2.865000e+03
18	82.321640	1.000000e-05	8.186891e-01	1.844661e-09	2.615195e+04	5.720895e+03
18	750.956744	2.359806e-12	7.630819e-01	7.565285e-13	5.257100e+04	2.737000e+04
18	1096.171064	4.348435e-10	9.450000e-01	4.348435e-10	3.270100e+04	4.626000e+04
18	656.383923	9.951274e-15	9.650000e-01	9.951274e-15	3.661300e+04	8.790000e+03
18	98.958520	1.266838e-09	9.325000e-01	2.215582e-13	7.613000e+03	1.169600e+04
18	164.261247	4.959002e-09	7.956898e-01	9.435125e-15	3.238948e+04	3.474048e+04
18	1193.632567	1.375655e-07	8.375001e-01	3.087503e-16	4.659400e+04	4.324800e+04
18	83.247259	1.997436e-09	8.994486e-01	1.997436e-09	5.527016e+03	4.543100e+04
18	1147.087240	1.161766e-10	8.150011e-01	1.161766e-10	3.944800e+04	5.069200e+04
18	1258.302676	1.966343e-06	8.600017e-01	1.739640e-13	5.680800e+04	5.529000e+04
18	1330.963001	5.626923e-13	8.725000e-01	5.626923e-13	8.280000e+02	2.522200e+04
18	1290.372439	2.000000e-17	9.475000e-01	4.765781e-22	3.285600e+04	5.820700e+04
18	89.710912	3.612839e-09	8.997783e-01	3.612839e-09	4.087040e+03	4.118090e+04
18	113.767886	4.025071e-08	9.925001e-01	5.310394e-12	4.792000e+03	5.025000e+03
18	75.533347	1.000000e-05	8.174747e-01	1.115753e-10	4.427035e+04	1.250135e+04
18	211.698328	2.779796e-06	8.036124e-01	1.638981e-14	5.175648e+04	3.379304e+04
18	1248.993618	5.958266e-13	7.500000e-01	2.679399e-14	5.385400e+04	5.254500e+04
18	544.181558	4.540651e-12	9.900000e-01	6.712823e-16	3.975300e+04	2.609400e+04
18	94.860571	6.841079e-10	9.350000e-01	3.284752e-13	9.194000e+03	1.088400e+04
18	1168.358306	9.400000e-16	9.475000e-01	4.314988e-22	2.744400e+04	5.718500e+04
18	294.678291	1.670800e-08	9.275000e-01	3.083360e-12	2.427100e+04	6.956000e+03
18	96.058903	1.000000e-05	8.186085e-01	7.113723e-09	4.976690e+04	2.462208e+03
18	76.638472	4.797690e-06	8.185569e-01	7.224423e-10	5.776898e+04	7.988024e+03
18	80.919907	2.389097e-09	8.157773e-01	3.536916e-11	4.077424e+04	1.525530e+04
18	1236.207544	1.000000e-05	7.924122e-01	2.696334e-13	5.501000e+04	5.193800e+04
18	164.781939	1.183270e-09	9.141556e-01	1.183270e-09	6.454950e+03	3.529198e+04
18	847.147153	2.133194e-12	7.524999e-01	3.705761e-13	5.332100e+04	3.339000e+04
18	1086.372313	9.858601e-17	8.475000e-01	9.691695e-23	3.204900e+04	5.810100e+04
18	75.452614	2.262539e-10	9.008650e-01	2.262539e-10	1.077596e+04	4.704000e+04
18	1038.762131	3.925191e-08	7.500000e-01	8.497223e-09	2.570487e+04	3.397069e+04
18	1142.246106	1.180409e-07	7.775325e-01	2.993680e-11	5.951300e+04	3.888800e+04
18	384.530801	5.790453e-16	7.575000e-01	5.388731e-17	2.637800e+04	5.141900e+04
18	125.632350	1.000000e-05	8.100934e-01	1.003454e-12	4.782600e+04	2.388100e+04
18	880.138078	1.291236e-11	9.500000e-01	1.529228e-30	9.275000e+03	2.589300e+04
18	1065.645457	1.440474e-16	8.200000e-01	5.356212e-36	3.073900e+04	5.589000e+04
18	107.481034	9.461799e-08	8.060344e-01	1.194742e-12	2.623692e+04	2.322203e+04
18	86.815560	8.564776e-06	8.187556e-01	3.141137e-09	5.823922e+04	4.437013e+03
18	-1.000000	-1.000000e+00	-1.000000e+00	-1.000000e+00	-1.000000e+00	-1.000000e+00
18	390.627902	4.029881e-08	9.050000e-01	2.867486e-15	2.279200e+04	2.364600e+04
18	95.866528	1.051484e-08	8.102426e-01	4.513599e-12	3.277900e+04	2.011300e+04
18	1079.959575	5.005366e-09	7.500000e-01	4.002403e-09	3.088608e+04	3.530271e+04
18	111.218497	1.314890e-09	8.068721e-01	9.613708e-13	3.714399e+04	2.379802e+04
18	845.094782	1.000000e-05	7.550312e-01	7.780671e-12	3.295100e+04	2.483300e+04
18	93.620148	1.000000e-05	8.138164e-01	2.279528e-09	1.568716e+04	5.035781e+03
18	546.361299	9.748690e-14	9.875000e-01	2.712815e-14	5.013100e+04	1.754000e+04
18	842.156621	2.946228e-06	7.511834e-01	7.916004e-14	5.949099e+04	4.076403e+04
18	1271.187578	7.482675e-07	8.525017e-01	7.405176e-14	5.989600e+04	5.732000e+04
18	85.982240	2.488173e-09	9.175000e-01	1.011467e-11	5.505000e+03	1.598000e+03
18	1165.169854	8.407017e-18	8.300000e-01	1.705128e-20	3.659100e+04	4.952300e+04
18	89.872605	1.000000e-05	8.186567e-01	4.151387e-09	2.594497e+04	3.760930e+03
18	204.617445	2.667621e-10	8.750000e-01	3.845599e-29	1.037500e+04	1.033600e+04
18	807.315704	1.823150e-06	8.475023e-01	5.720251e-14	3.589100e+04	3.073000e+04
18	118.427381	9.193444e-11	9.450000e-01	1.712933e-14	1.438500e+04	1.812400e+04
18	80.206336	3.265052e-06	8.154885e-01	3.900235e-11	2.198400e+04	1.500500e+04
18	92.761759	1.000000e-05	8.186764e-01	5.447123e-09	3.929900e+04	3.107051e+03
18	1090.435817	2.947975e-09	7.850000e-01	2.947975e-09	3.211200e+04	3.279900e+04
18	399.256581	8.880206e-12	9.825000e-01	8.880206e-12	3.968000e+04	3.829000e+03
18	76.818818	6.191712e-10	9.075000e-01	8.590506e-14	8.553000e+03	1.116200e+04
18	1178.358891	3.191062e-11	7.800000e-01	3.191062e-11	4.363800e+04	4.402700e+04
18	894.885887	1.510138e-12	9.925000e-01	1.510138e-12	5.537000e+04	8.077000e+03
18	122.273773	1.952242e-10	8.850000e-01	6.351961e-28	1.113500e+04	6.600000e+02
18	82.109439	1.828345e-09	8.993134e-01	1.828345e-09	5.744473e+03	5.654935e+04
18	84.115752	1.558970e-09	9.004311e-01	1.558970e-09	6.100592e+03	4.105718e+04
18	956.417150	1.067705e-15	9.375000e-01	1.359813e-33	3.038600e+04	3.921000e+04
18	1156.325423	1.493939e-16	9.750000e-01	2.631768e-18	1.193100e+04	3.892600e+04
18	1580.979615	1.016952e-08	8.550002e-01	1.000000e-08	3.820200e+04	3.930000e+02
18	87.210897	6.376569e-06	8.114803e-01	1.246676e-11	1.721400e+04	1.765721e+04
18	100.588404	1.000000e-05	8.184886e-01	9.935270e-09	3.186977e+04	1.655021e+03
18	78.001550	1.128330e-06	8.169215e-01	5.988126e-11	5.908102e+04	1.400490e+04
18	7715.034591	8.858531e-09	9.050000e-01	8.379675e-18	5.889100e+04	5.179100e+04
18	14588.407000	2.208202e-08	9.525000e-01	3.341246e-18	5.955700e+04	5.395100e+04
18	96.244891	1.000000e-05	8.186039e-01	7.217125e-09	5.102200e+04	2.427348e+03
18	312.139985	1.880938e-15	9.800000e-01	8.480653e-16	4.217500e+04	2.549000e+04
18	90.120808	3.755633e-12	9.350000e-01	1.231288e-13	2.158500e+04	1.308300e+04
18	98.693203	8.166563e-09	8.997643e-01	8.166563e-09	2.122875e+03	4.092712e+04
18	151.990265	1.795604e-12	7.700000e-01	2.589988e-14	7.475000e+03	3.488300e+04
18	91.339968	3.025567e-06	8.098721e-01	7.096414e-12	1.849600e+04	1.898129e+04
18	1094.277864	4.946696e-17	7.525000e-01	1.235797e-19	3.195300e+04	4.969000e+04
18	212.946744	9.622480e-11	7.905770e-01	3.299367e-16	4.197379e+04	4.279239e+04
18	1176.778512	3.167186e-11	8.475024e-01	3.167186e-11	4.290000e+04	4.519600e+04
18	1268.354852	5.999999e-16	9.350000e-01	6.889195e-21	1.699300e+04	5.274800e+04
18	174.271079	1.000000e-08	8.075001e-01	1.000000e-08	3.304100e+04	9.720000e+02
18	1117.718261	2.811267e-06	8.350277e-01	3.048869e-10	5.359000e+04	3.568600e+04
18	404.087971	3.666584e-09	9.725000e-01	4.231384e-15	2.550800e+04	2.197600e+04
18	10987.247960	4.216954e-08	9.525003e-01	1.012934e-16	4.653100e+04	4.587400e+04
18	636.855420	1.000000e-05	7.725156e-01	1.525615e-12	5.763800e+04	2.474200e+04
18	315.757378	2.562441e-11	8.700000e-01	1.290081e-29	1.602700e+04	1.630100e+04
18	1242.874373	4.372202e-06	8.575015e-01	4.292065e-13	5.802200e+04	5.292700e+04
18	1016.196775	1.227069e-07	7.500000e-01	9.141811e-09	2.284794e+04	2.955385e+04
18	135.303170	2.348603e-09	9.109484e-01	2.348603e-09	4.844951e+03	3.436102e+04
18	524.249583	4.869794e-10	9.775000e-01	6.068972e-17	3.005400e+04	3.171300e+04
18	267.765742	4.235690e-11	7.800001e-01	5.902671e-15	4.336200e+04	3.511300e+04
18	1158.625777	1.632396e-17	8.425000e-01	1.868315e-19	3.462400e+04	4.488200e+04
18	211.775647	2.690434e-13	8.075000e-01	1.417393e-14	8.365000e+03	3.425900e+04
18	1265.961935	4.704012e-07	8.424999e-01	9.343833e-14	4.850400e+04	5.649100e+04
18	75.070143	4.379685e-10	8.997940e-01	4.379685e-10	9.197227e+03	5.778800e+04
18	1233.965462	1.316678e-12	9.400000e-01	1.316678e-12	5.016100e+04	5.245200e+04
18	121.502835	2.752274e-08	8.031356e-01	3.210005e-13	2.886798e+04	2.634903e+04
18	227.469797	2.410474e-14	7.675000e-01	1.700625e-15	1.763500e+04	4.146400e+04
18	516.077846	4.186237e-12	7.850000e-01	4.692655e-14	6.066000e+03	5.601300e+04
18	103.465755	6.103946e-09	8.925074e-01	2.212512e-09	2.826000e+03	5.622500e+04
18	919.921308	3.928858e-13	8.150000e-01	1.366677e-26	1.219100e+04	1.116300e+04
18	431.503286	5.411189e-12	7.625000e-01	2.091239e-12	5.125000e+03	4.375000e+04
18	401.986546	5.887675e-11	9.950000e-01	2.607642e-14	3.137200e+04	1.756100e+04
18	872.819828	2.327848e-11	7.950000e-01	1.044692e-26	2.161000e+03	6.209000e+03
18	6502.992502	1.276141e-08	9.875000e-01	8.830309e-12	5.435800e+04	1.857200e+04
18	100.750392	9.995625e-09	8.996336e-01	7.032908e-09	1.640008e+03	4.682897e+04
18	444.899383	1.288109e-12	9.900000e-01	7.530318e-13	4.296800e+04	9.710000e+03
18	210.343065	1.020761e-11	8.025000e-01	7.579571e-15	3.110000e+02	3.584800e+04
18	314.542497	5.979152e-10	9.875000e-01	5.180998e-12	2.803800e+04	5.147000e+03
18	1199.749783	2.628554e-12	9.600013e-01	2.628554e-12	4.525300e+04	5.410400e+04
18	544.923694	3.660680e-13	8.150000e-01	9.507655e-14	1.232400e+04	5.568900e+04
18	839.463083	4.066052e-10	7.511815e-01	1.287577e-12	4.564801e+04	3.373400e+04
18	745.691776	7.759644e-10	7.655169e-01	7.759644e-10	5.316000e+04	1.109600e+04
18	1257.271713	1.599897e-16	9.875000e-01	1.651226e-20	9.465000e+03	5.024300e+04
18	107.912481	1.915592e-10	9.150000e-01	8.085345e-13	1.107400e+04	5.684400e+04
18	387.503350	5.975233e-09	9.550000e-01	1.079883e-14	2.556900e+04	1.996200e+04
18	1129.267992	1.354219e-19	8.175000e-01	1.354219e-19	2.524300e+04	4.938400e+04
18	85.928803	1.000000e-05	8.185855e-01	2.735532e-09	2.365597e+04	4.764996e+03
18	75.491657	4.042511e-10	9.001258e-01	4.042511e-10	9.383088e+03	4.755900e+04
18	1154.032428	9.958741e-11	7.800119e-01	9.958741e-11	4.038600e+04	5.015600e+04
18	1162.711438	6.984917e-11	8.325749e-01	6.984917e-11	4.115500e+04	4.285600e+04
18	215.035271	8.530922e-06	8.033369e-01	1.426565e-14	5.434196e+04	3.412700e+04
18	1198.869347	6.599920e-16	9.500000e-01	2.802042e-19	1.941100e+04	4.421900e+04
18	120.367396	3.864251e-12	7.825000e-01	7.132422e-14	5.237000e+03	3.145400e+04
18	356.425452	4.496336e-09	9.225000e-01	1.968562e-13	2.774300e+04	1.352400e+04
18	177.994067	2.894980e-12	7.925654e-01	1.823370e-12	5.102500e+04	2.192900e+04
18	881.769280	1.056183e-11	8.450000e-01	3.023248e-27	4.952000e+03	1.082200e+04
18	88.997508	1.433160e-09	8.128671e-01	1.086335e-11	3.892255e+04	1.804996e+04
18	353.709801	6.446625e-14	9.750000e-01	4.163977e-18	3.340800e+04	3.765000e+04
18	75.562408	1.000000e-05	8.181653e-01	4.713736e-10	2.300487e+04	9.012028e+03
18	1197.658119	9.098274e-16	9.575000e-01	3.441519e-19	8.802000e+03	4.370200e+04
18	949.048309	6.189329e-14	8.175000e-01	5.947014e-30	1.658600e+04	2.207700e+04
18	836.147325	9.851479e-06	7.515752e-01	3.965416e-10	3.298700e+04	1.870500e+04
18	1029.469743	2.700000e-16	9.500000e-01	2.032088e-37	3.588500e+04	5.411400e+04
18	112.753052	7.332293e-13	9.125000e-01	3.055004e-13	2.484700e+04	8.779000e+03
18	310.230433	2.192599e-14	7.650000e-01	8.323367e-19	1.777300e+04	5.934500e+04
18	106.169316	1.636926e-08	9.300000e-01	1.501942e-11	1.372000e+03	1.586000e+03
18	235.470293	6.290778e-14	7.525000e-01	2.072872e-14	1.548100e+04	4.056000e+04
18	357.718328	7.334232e-16	9.600013e-01	2.085115e-21	4.238500e+04	5.453100e+04
18	303.154102	2.705622e-14	7.650000e-01	1.511567e-18	1.729500e+04	5.798000e+04
18	734.571225	2.776074e-15	9.700000e-01	2.776074e-15	4.001600e+04	1.690000e+02
18	839.201576	2.664484e-06	7.511860e-01	2.091229e-12	5.746595e+04	3.266210e+04
18	1111.900694	1.053290e-06	7.599494e-01	4.918940e-11	4.175200e+04	3.509500e+04
18	6546.213965	2.569745e-08	9.525001e-01	4.117698e-14	5.265300e+04	3.149700e+04
18	350.741003	6.805049e-16	7.625000e-01	2.163188e-17	2.595200e+04	5.227100e+04
18	203.278125	6.667569e-12	9.350000e-01	6.667569e-12	1.993400e+04	7.900000e+01
18	784.673975	1.996454e-10	7.607661e-01	1.971243e-11	4.256400e+04	2.038700e+04
18	96.018374	6.217411e-09	8.999216e-01	6.217411e-09	2.774971e+03	3.974805e+04
18	350.872383	1.000001e-08	8.049997e-01	1.000000e-08	3.583000e+04	4.390000e+02
18	889.579487	1.552516e-12	9.300000e-01	8.814017e-33	1.274000e+04	3.234800e+04
18	83.911043	2.281998e-09	8.993017e-01	2.281998e-09	5.208916e+03	5.407158e+04
18	88.438187	3.682745e-12	9.150000e-01	8.624921e-13	2.105300e+04	6.865000e+03
18	908.450043	4.027600e-13	9.050000e-01	3.113644e-31	1.457500e+04	2.515400e+04
18	156.931921	4.800114e-11	8.007780e-01	4.800114e-11	5.557400e+04	1.458200e+04
18	92.354114	5.235936e-09	8.994069e-01	5.235936e-09	3.202195e+03	4.864998e+04
18	880.297591	8.280271e-12	9.400000e-01	2.391652e-30	9.489000e+03	2.229700e+04
18	99.400071	1.767597e-07	8.025002e-01	2.516785e-11	2.399900e+04	1.569700e+04
18	1190.918335	3.144715e-06	7.750012e-01	2.062479e-12	4.638300e+04	4.545100e+04
18	1173.322715	7.999111e-17	8.325000e-01	4.886352e-20	1.884700e+04	5.100700e+04
18	316.137055	8.574175e-09	8.062862e-01	8.574175e-09	5.070504e+04	9.696788e+02
18	13496.577009	1.799007e-16	7.625000e-01	2.754199e-20	4.445900e+04	5.045900e+04
18	73.801259	1.179486e-10	9.175000e-01	2.855499e-13	1.282000e+04	1.000800e+04
18	934.561323	5.181711e-14	8.975000e-01	2.465223e-35	1.914900e+04	5.001000e+04
18	367.815758	1.323704e-08	9.175000e-01	2.871954e-14	2.519800e+04	1.810200e+04
18	876.818962	1.099333e-11	7.650000e-01	1.099333e-11	2.847000e+03	6.405000e+03
18	268.626243	7.646988e-06	7.990515e-01	1.651047e-15	5.968350e+04	3.930945e+04
18	1086.710094	1.164026e-17	7.575000e-01	5.386876e-20	3.440200e+04	5.576200e+04
18	1153.000349	2.699945e-16	9.225000e-01	1.251120e-18	2.646300e+04	4.078900e+04
18	1074.969863	1.143200e-16	7.525000e-01	1.102621e-16	3.012200e+04	3.005000e+04
18	169.793862	7.695162e-11	7.972050e-01	9.366945e-15	4.303188e+04	3.485096e+04
18	1148.861228	1.900000e-16	8.900000e-01	6.454968e-37	3.340700e+04	5.390400e+04
18	77.969827	1.000000e-05	8.169249e-01	6.025706e-11	3.367728e+04	1.398969e+04
18	945.341633	6.958901e-15	9.150000e-01	1.101394e-33	2.473900e+04	3.756800e+04
18	324.503154	9.823633e-06	7.948169e-01	1.834326e-16	5.368974e+04	4.457591e+04
18	9822.598653	1.847054e-08	9.525001e-01	3.673739e-16	5.312800e+04	4.280300e+04
18	1023.759219	8.287023e-16	8.475000e-01	3.044455e-32	2.730200e+04	3.297200e+04
18	107.175745	5.534933e-13	9.350000e-01	4.825021e-15	2.606800e+04	2.058100e+04
18	84.961230	1.000000e-05	8.187626e-01	2.576200e-09	3.679299e+04	4.916006e+03
18	1230.161839	6.742503e-13	9.125003e-01	6.742503e-13	5.051900e+04	5.970400e+04
18	667.346071	1.190505e-11	8.150000e-01	1.190505e-11	3.891000e+03	1.796600e+04
18	1771.313689	5.800000e-16	9.250000e-01	1.145860e-37	3.424100e+04	5.605000e+04
18	1058.559029	8.666025e-18	8.175000e-01	8.666025e-18	1.861100e+04	3.978100e+04
18	195.164702	1.000000e-05	8.077438e-01	1.000000e-08	5.569400e+04	1.043000e+03
18	885.919488	4.626680e-12	9.475000e-01	1.475904e-30	1.147700e+04	2.677200e+04
18	126.672536	3.126486e-09	8.031001e-01	2.257718e-13	3.433189e+04	2.722260e+04
18	1091.969096	2.145247e-09	8.350006e-01	2.145247e-09	3.196900e+04	3.657700e+04
18	113.956360	1.263824e-11	8.175000e-01	2.854310e-12	5.282000e+04	2.132100e+04
18	409.075361	2.707795e-10	9.375000e-01	1.535869e-13	3.424400e+04	1.393800e+04
18	315.569251	3.021147e-09	8.950000e-01	3.485039e-11	2.959300e+04	1.605000e+03
18	1103.411129	3.148395e-18	8.350000e-01	3.148395e-18	2.223500e+04	4.131100e+04
18	1080.770581	6.641687e-17	8.325000e-01	2.305117e-21	3.279800e+04	4.646500e+04
18	1248.662905	4.337204e-13	9.900000e-01	4.337204e-13	4.944500e+04	5.526500e+04
18	917.222476	4.281480e-13	7.925000e-01	4.281480e-13	1.158000e+04	4.437000e+03
18	1310.837929	1.800007e-16	9.575000e-01	6.611958e-22	1.381800e+04	5.772700e+04
18	74.765796	1.000000e-05	8.181946e-01	3.560276e-10	2.626395e+04	9.695833e+03
18	219.138356	3.843043e-13	8.025000e-01	2.197278e-15	5.682700e+04	3.845600e+04
18	9275.353472	2.429769e-08	9.675001e-01	4.090566e-15	5.156100e+04	3.703700e+04
18	194.546102	1.034659e-12	7.600000e-01	8.980520e-15	8.909000e+03	3.894900e+04
18	951.694963	3.796496e-06	7.500000e-01	9.859994e-09	1.429618e+04	2.892217e+04
18	585.626399	3.048513e-12	7.850000e-01	3.048513e-12	7.473000e+03	4.448400e+04
18	149.543196	2.690746e-06	8.200033e-01	1.032346e-12	3.012300e+04	2.379200e+04
18	318.880202	8.107242e-09	9.150000e-01	1.684874e-12	2.651800e+04	8.545000e+03
18	80.844071	2.866989e-06	8.151189e-01	3.476210e-11	2.176396e+04	1.527402e+04
18	105.193932	7.711367e-12	8.057529e-01	3.905578e-12	5.015500e+04	2.043200e+04
18	75.931880	1.000000e-05	8.171975e-01	1.002235e-10	2.335094e+04	1.275403e+04
18	185.723503	1.354184e-09	7.929628e-01	1.933201e-15	3.545392e+04	3.853193e+04
18	541.896301	2.377873e-09	9.244263e-01	2.377873e-09	5.195896e+03	3.206189e+04
18	866.251617	2.293284e-11	8.300000e-01	4.497371e-16	5.257100e+04	4.235000e+04
18	102.229098	4.038944e-08	8.078956e-01	2.139239e-12	2.875695e+04	2.186103e+04
18	410.022273	2.210747e-15	9.475000e-01	2.210747e-15	3.881900e+04	8.735000e+03
18	223.373497	6.976888e-06	8.026529e-01	1.011551e-14	4.429400e+04	3.495396e+04
18	-1.000000	-1.000000e+00	-1.000000e+00	-1.000000e+00	-1.000000e+00	-1.000000e+00
18	1231.625244	9.800000e-16	9.425000e-01	7.787229e-36	3.331100e+04	4.917300e+04
18	81.648489	4.709611e-12	9.200000e-01	3.953664e-14	2.057700e+04	1.479100e+04
18	416.819039	3.406492e-12	7.550000e-01	1.873674e-12	6.122000e+03	4.166000e+04
18	1202.211926	3.489359e-12	9.075002e-01	3.489359e-12	4.648600e+04	5.533500e+04
18	1005.398070	6.953247e-16	8.850000e-01	4.875650e-34	2.887200e+04	3.730000e+04
18	1011.396036	2.182072e-15	8.100000e-01	1.356938e-33	2.425900e+04	4.124400e+04
18	1218.194299	1.990916e-12	8.925000e-01	1.990916e-12	4.852600e+04	5.482000e+04
18	877.920991	1.281306e-11	9.400000e-01	7.018826e-30	8.455000e+03	2.225300e+04
18	79.443612	8.637869e-06	8.166623e-01	4.610827e-11	4.672018e+04	1.463633e+04
18	80.984285	1.571027e-09	8.993308e-01	2.752545e-28	6.111000e+03	9.956000e+03
18	8679.955632	7.472178e-09	9.750000e-01	2.187931e-14	5.707400e+04	3.301400e+04
18	92.182083	1.000000e-05	8.186871e-01	5.185499e-09	4.490423e+04	3.225969e+03
18	6326.542377	1.483565e-08	9.875000e-01	1.545761e-11	5.370800e+04	1.722200e+04
18	357.042330	5.056011e-10	7.652196e-01	1.825025e-14	3.659700e+04	2.926200e+04
18	1178.054762	1.031736e-20	8.200000e-01	1.031736e-20	2.901100e+04	5.514800e+04
18	85.998522	1.000000e-05	8.187603e-01	2.884410e-09	4.721502e+04	4.643012e+03
18	74.422175	1.000000e-05	8.179933e-01	2.276814e-10	4.423995e+04	1.077804e+04
18	151.501327	2.262373e-11	8.850000e-01	1.720672e-30	1.633700e+04	2.211100e+04
18	97.629544	7.588603e-06	8.185716e-01	8.020728e-09	5.405976e+04	2.172321e+03
18	870.595384	6.146000e-11	9.200000e-01	1.363129e-30	3.278000e+03	2.656500e+04
18	-1.000000	-1.000000e+00	-1.000000e+00	-1.000000e+00	-1.000000e+00	-1.000000e+00
18	1603.315088	2.978882e-15	8.575000e-01	7.030056e-37	3.781700e+04	5.871100e+04
18	1164.643479	7.198240e-16	9.875000e-01	1.789844e-18	1.445700e+04	3.968800e+04
18	76.721015	9.237705e-11	9.017473e-01	9.237705e-11	1.293800e+04	4.894501e+04
18	75.753360	1.000000e-05	8.174026e-01	1.038637e-10	2.981198e+04	1.267393e+04
18	87.051089	6.670764e-09	8.132599e-01	1.382643e-11	3.528597e+04	1.747102e+04
18	946.059560	6.831614e-14	8.450000e-01	6.762494e-30	1.690600e+04	2.296700e+04
18	840.574740	9.309133e-10	7.511652e-01	2.620970e-13	4.177900e+04	3.756900e+04
18	79.308610	5.142395e-06	8.160157e-01	4.612549e-11	2.193950e+04	1.461252e+04
18	172.156070	1.445854e-12	7.986899e-01	1.150681e-14	5.324702e+04	3.442200e+04
18	136.432315	3.208036e-10	8.825000e-01	5.835104e-28	9.934000e+03	2.065000e+03
18	978.843857	1.062999e-14	8.350000e-01	1.285807e-37	2.105700e+04	5.752000e+04
18	95.931911	2.713154e-11	8.116179e-01	5.083452e-12	4.833241e+04	1.987431e+04
18	162.771689	4.086262e-07	7.981845e-01	9.947082e-09	2.100397e+04	7.109531e+02
18	1134.521778	6.262396e-06	8.150592e-01	1.012998e-10	4.727900e+04	3.786000e+04
18	1122.029527	4.862040e-07	8.700006e-01	1.379055e-12	4.329000e+04	2.306200e+04
18	928.943715	1.776371e-14	9.450000e-01	1.229017e-32	2.432700e+04	3.623800e+04
18	393.528302	7.819435e-09	9.850000e-01	1.816934e-15	2.204800e+04	2.382500e+04
18	-1.000000	-1.000000e+00	-1.000000e+00	-1.000000e+00	-1.000000e+00	-1.000000e+00
18	1002.390866	3.553682e-11	9.988581e-01	3.553682e-11	2.832000e+04	4.507599e+04
18	1086.961186	5.924274e-17	8.025000e-01	4.421618e-33	3.244700e+04	4.259700e+04
18	990.277833	4.601044e-15	8.625000e-01	4.601044e-15	1.511300e+04	2.330800e+04
18	95.715002	2.224038e-10	8.112522e-01	4.987766e-12	4.285700e+04	1.990679e+04
18	494.893273	7.305706e-15	9.600000e-01	7.305706e-15	3.722000e+04	1.555000e+04
18	1075.697253	8.754677e-07	9.800027e-01	1.107205e-16	5.942300e+04	3.035700e+04
18	508.931188	8.220926e-13	8.000000e-01	3.469094e-13	1.015800e+04	5.175400e+04
18	1169.052441	7.363479e-06	9.225127e-01	3.926483e-11	5.555300e+04	4.242800e+04
18	896.742380	1.460810e-12	9.550000e-01	3.422073e-31	1.490600e+04	2.720200e+04
18	1077.546840	5.646788e-09	7.500000e-01	5.402054e-09	3.058210e+04	3.389896e+04
18	80.400203	1.425534e-09	8.993745e-01	1.425534e-09	6.345086e+03	5.030761e+04
18	252.848495	2.691433e-16	9.250000e-01	7.451125e-18	4.383400e+04	3.467500e+04
18	7939.639100	2.443199e-08	9.675001e-01	2.684930e-14	5.195600e+04	3.252300e+04
18	285.289259	4.293233e-16	9.175000e-01	3.893200e-21	4.261800e+04	5.176700e+04
18	298.281773	1.919451e-11	9.725000e-01	1.019111e-17	1.983500e+04	3.562400e+04
18	188.359746	1.487905e-12	8.900000e-01	6.568839e-30	2.290400e+04	1.741200e+04
18	1150.122418	1.419190e-10	7.500000e-01	1.249863e-10	3.990119e+04	5.089119e+04
18	4327.465662	1.618142e-08	9.250000e-01	9.237124e-14	5.638700e+04	2.955800e+04
18	1023.204565	1.570125e-17	7.525000e-01	1.570125e-17	3.452100e+04	4.805700e+04
18	76.461990	1.000000e-05	8.185419e-01	6.914335e-10	5.117661e+04	8.094027e+03
18	425.620687	9.452101e-09	7.969969e-01	9.452101e-09	4.703523e+04	3.773681e+02
18	393.439969	2.555214e-10	9.450000e-01	3.995119e-13	3.404900e+04	1.160700e+04
18	1281.252970	2.000057e-17	8.900000e-01	2.135841e-21	1.932800e+04	5.616000e+04
18	102.623091	7.828776e-09	9.010812e-01	7.828776e-09	2.190014e+03	3.633201e+04
18	1645.432792	1.950362e-08	8.999993e-01	1.000000e-08	5.799200e+04	1.509000e+03
18	81.662900	1.000000e-05	8.180783e-01	1.444373e-09	2.048996e+04	6.291906e+03
18	184.911892	5.305876e-08	9.924605e-01	3.468618e-14	4.115000e+03	1.688700e+04
18	77.224733	1.000000e-05	8.170598e-01	7.047135e-11	2.943797e+04	1.361096e+04
18	929.765354	1.285745e-13	8.825000e-01	1.322399e-35	1.642300e+04	4.869500e+04
18	941.240792	3.425415e-14	8.225000e-01	3.425415e-14	6.438000e+03	1.999600e+04
18	1212.386771	1.020595e-08	7.524964e-01	1.128313e-14	5.548100e+04	5.249200e+04
18	1309.655379	2.900004e-16	9.150000e-01	5.012344e-22	1.757800e+04	5.890000e+04
18	257.919817	1.601892e-08	9.650000e-01	4.427027e-11	2.245500e+04	2.080000e+02
18	528.017083	1.568378e-12	9.550000e-01	2.265674e-14	4.643600e+04	1.824700e+04
18	927.114683	1.579775e-13	8.825000e-01	2.134923e-34	1.593300e+04	4.043100e+04
18	657.310172	4.857431e-11	7.715240e-01	4.857431e-11	5.844100e+04	1.676300e+04
18	109.314973	1.746057e-08	8.999831e-01	1.000000e-08	2.919514e+02	4.437001e+04
18	936.375993	1.324408e-13	8.025000e-01	1.913612e-28	1.453900e+04	1.660700e+04
18	79.326157	1.000000e-05	8.181732e-01	1.047291e-09	2.114599e+04	7.074007e+03
18	75.812640	1.000000e-05	8.184748e-01	5.771728e-10	5.017100e+04	8.530464e+03
18	930.840149	1.706120e-13	7.925000e-01	1.706120e-13	1.370300e+04	8.508000e+03
18	74.261848	1.277574e-10	9.025000e-01	5.291574e-13	1.224300e+04	4.660000e+03
18	95.349251	4.753513e-08	8.099384e-01	4.642767e-12	2.889601e+04	2.003096e+04
18	164.999178	1.155635e-07	8.350002e-01	8.483432e-11	5.070000e+04	1.314400e+04
18	82.184395	3.796134e-06	8.142959e-01	2.750169e-11	2.017890e+04	1.581901e+04
18	1203.346394	2.486403e-18	8.100000e-01	8.571453e-21	3.784300e+04	5.348200e+04
18	9716.593434	5.565253e-16	7.775000e-01	4.473760e-34	4.181100e+04	4.558200e+04
18	1053.155723	1.143041e-06	8.425714e-01	8.384403e-09	5.709600e+04	2.751700e+04
18	919.238897	1.715569e-13	8.175000e-01	1.715569e-13	5.951000e+03	1.630400e+04
18	137.590337	1.841722e-13	8.047021e-01	1.584034e-13	5.923640e+04	2.818165e+04
18	1136.463346	1.680523e-10	8.325000e-01	5.776736e-28	1.147600e+04	6.952000e+03
18	723.062275	4.080340e-12	7.625000e-01	9.246608e-16	4.982300e+04	4.235600e+04
18	113.549878	2.355890e-10	8.069411e-01	8.241769e-13	4.149504e+04	2.418300e+04
18	-1.000000	-1.000000e+00	-1.000000e+00	-1.000000e+00	-1.000000e+00	-1.000000e+00
18	909.167965	3.334001e-13	9.075000e-01	1.545258e-31	1.514500e+04	2.535400e+04
18	1041.740928	4.899643e-16	8.100000e-01	5.738552e-36	2.771900e+04	5.377100e+04
18	148.041351	6.614379e-11	9.133670e-01	6.466957e-11	1.349692e+04	4.259500e+04
18	541.742727	7.934267e-11	8.252993e-01	1.299950e-11	4.213900e+04	5.556000e+03
18	4480.848565	3.320849e-08	9.425001e-01	1.194464e-12	5.288600e+04	2.339600e+04
18	104.655215	1.312874e-08	8.997663e-01	1.000000e-08	9.819597e+02	5.224340e+04
18	1011.457872	6.206899e-16	8.800000e-01	1.575321e-35	2.895500e+04	4.864300e+04
18	127.057183	7.569025e-12	8.200000e-01	7.569025e-12	6.480000e+02	1.911000e+04
18	544.542570	5.310774e-13	8.225000e-01	7.869260e-14	1.158000e+04	5.643100e+04
18	604.985852	5.675480e-11	8.800000e-01	2.987944e-17	3.999900e+04	3.465900e+04
18	75.735548	1.000000e-05	8.175124e-01	2.145494e-10	1.894200e+04	1.088000e+04
18	1140.463686	2.381309e-16	9.300000e-01	4.973320e-18	1.122000e+04	3.797200e+04
18	81.380686	8.648489e-09	8.154714e-01	3.253849e-11	3.688695e+04	1.544904e+04
18	1235.890895	1.127241e-12	8.675000e-01	1.127241e-12	5.111600e+04	5.378900e+04
18	101.125902	2.367430e-09	8.900000e-01	2.231723e-28	5.112000e+03	2.728000e+03
18	1209.452249	1.636421e-07	7.550001e-01	1.061985e-13	5.379700e+04	4.888900e+04
18	942.250712	9.082169e-14	7.925000e-01	9.082169e-14	1.526100e+04	1.734000e+03
18	634.174552	4.148290e-11	8.525000e-01	4.148290e-11	1.485600e+04	5.360600e+04
18	829.055761	4.184141e-11	7.551800e-01	7.571384e-12	4.655000e+04	2.449900e+04
18	503.792130	1.636155e-11	7.750000e-01	3.321027e-14	2.668000e+03	5.607100e+04
18	901.812166	5.636476e-13	8.075000e-01	5.636476e-13	2.155000e+03	1.407900e+04
18	399.251060	3.710986e-12	8.700000e-01	1.219522e-30	2.068700e+04	2.475000e+04
18	227.563053	3.749175e-13	8.075000e-01	9.354988e-15	7.343000e+03	3.524300e+04
18	80.757554	1.521117e-09	8.993358e-01	4.457476e-26	6.189004e+03	3.439034e+03
18	1126.194582	9.691477e-18	8.000000e-01	9.517625e-23	3.653700e+04	5.180700e+04
18	868.652812	8.006995e-11	8.850000e-01	3.341658e-29	1.118000e+03	1.454900e+04
18	876.399614	2.182997e-11	9.100000e-01	3.328650e-32	5.220000e+03	2.927000e+04
18	1088.863005	3.771794e-11	9.974837e-01	3.771794e-11	3.135000e+04	4.622600e+04
18	1516.129698	1.000000e-05	8.950058e-01	1.842684e-10	2.148700e+04	1.124900e+04
18	337.018577	3.842879e-09	9.350000e-01	7.427974e-13	2.766400e+04	1.024600e+04
18	901.631821	1.595941e-12	8.600000e-01	6.922924e-30	9.795000e+03	2.292100e+04
18	858.230506	7.859544e-13	8.550000e-01	2.694409e-31	2.442000e+04	2.784400e+04
18	75.905180	6.155220e-10	9.020217e-01	3.083151e-12	8.437991e+03	8.993817e+01
18	1606.789976	1.000000e-05	7.500691e-01	1.000000e-08	3.773700e+04	9.816000e+03
18	27926.510293	8.500000e-16	8.150000e-01	4.117176e-35	3.645200e+04	5.042100e+04
18	581.286106	5.304972e-11	9.375000e-01	7.807534e-17	3.835400e+04	3.154800e+04
18	302.488669	1.243299e-08	9.281245e-01	1.000000e-08	4.231464e+02	2.878795e+04
18	74.725903	1.000000e-05	8.176451e-01	1.900201e-10	2.291196e+04	1.120701e+04
18	83.497767	2.074711e-09	8.994267e-01	2.074711e-09	5.435820e+03	4.569483e+04
18	299.018950	2.346778e-12	7.801868e-01	5.556621e-13	5.067400e+04	2.388800e+04
18	104.280428	1.471310e-10	8.091901e-01	2.035918e-12	4.321906e+04	2.203819e+04
18	136.392180	6.414202e-11	7.975001e-01	8.377125e-13	4.355100e+04	2.394800e+04
18	-1.000000	-1.000000e+00	-1.000000e+00	-1.000000e+00	-1.000000e+00	-1.000000e+00
18	840.052909	1.052192e-11	7.511776e-01	5.707704e-13	5.435999e+04	3.573504e+04
18	1199.507597	1.999982e-17	8.375000e-01	1.711987e-20	2.575800e+04	5.313900e+04
18	1043.564846	4.903812e-16	7.750000e-01	2.651219e-31	2.713400e+04	3.371500e+04
18	82.682380	1.944514e-09	8.993365e-01	1.944514e-09	5.594894e+03	4.934327e+04
18	898.137124	1.608779e-12	7.675000e-01	1.608779e-12	8.078000e+03	3.519000e+03
18	3749.581227	4.600000e-16	9.125000e-01	2.250322e-37	3.686200e+04	5.757500e+04
18	976.106395	5.651914e-07	8.401154e-01	1.000000e-08	1.763600e+04	5.428300e+04
18	3153.229024	2.746005e-07	9.100009e-01	2.470220e-13	4.284700e+04	2.719400e+04
18	1051.197775	2.204547e-16	8.425000e-01	1.569620e-32	3.025700e+04	3.595100e+04
18	588.079069	9.327358e-13	8.650000e-01	2.254768e-32	2.401200e+04	3.036500e+04
18	1227.691212	1.077254e-12	9.750000e-01	1.077254e-12	4.763200e+04	5.382600e+04
18	597.969403	1.007954e-14	9.750000e-01	1.007954e-14	3.797800e+04	1.588900e+04
18	227.938616	5.095093e-10	9.699996e-01	3.955252e-16	1.183900e+04	2.724500e+04
18	879.722872	1.218737e-11	8.275000e-01	5.510664e-28	4.263000e+03	1.442900e+04
18	265.549249	1.749844e-14	9.550000e-01	3.581950e-19	3.484100e+04	4.291200e+04
18	493.378479	7.987734e-12	9.000000e-01	8.362054e-14	4.448000e+04	1.585200e+04
18	868.865168	4.651845e-11	8.175000e-01	2.485551e-25	8.770000e+02	3.610000e+03
18	93.021992	1.000000e-05	8.186716e-01	5.567905e-09	4.094805e+04	3.054075e+03
18	1148.929434	1.005304e-10	8.299979e-01	1.005304e-10	3.959100e+04	4.830400e+04
18	1066.407098	6.900000e-16	9.650000e-01	3.641887e-21	3.123900e+04	5.131500e+04
18	326.880246	2.716914e-12	7.776381e-01	2.141735e-12	5.016600e+04	2.020600e+04
18	8802.622569	1.069272e-08	9.500004e-01	9.501677e-16	4.998400e+04	4.053300e+04
18	82.114303	1.000000e-05	8.187480e-01	1.828700e-09	3.328896e+04	5.743932e+03
18	1145.028996	8.179339e-07	8.050137e-01	5.040688e-11	5.600000e+04	3.923600e+04
18	1026.568246	1.149828e-07	9.472350e-01	1.000000e-08	1.983600e+04	3.076300e+04
18	130.175447	1.430524e-11	9.425000e-01	1.015899e-15	1.864800e+04	2.456800e+04
18	7247.734234	4.600000e-16	7.975000e-01	3.735160e-36	4.203500e+04	5.403300e+04
18	977.387252	1.282250e-14	7.875000e-01	1.792353e-28	1.976300e+04	1.987900e+04
18	1203.956582	1.000000e-05	7.525335e-01	1.000000e-08	5.587400e+04	6.738000e+03
18	1258.555899	8.740697e-09	7.675000e-01	2.953268e-14	5.703700e+04	5.540700e+04
18	859.686459	6.642436e-10	9.575001e-01	3.144742e-28	6.060000e+02	1.587000e+04
18	880.088817	1.013788e-11	9.175000e-01	5.959868e-29	7.466000e+03	1.548300e+04
18	11084.815967	1.405438e-08	9.800000e-01	1.000000e-08	5.270700e+04	2.870000e+02
18	860.534210	5.922882e-10	9.550000e-01	2.972327e-30	6.330000e+02	2.084000e+04
18	1017.169986	1.167786e-07	7.500000e-01	8.899016e-09	2.297189e+04	3.257795e+04
18	85.251578	1.000000e-05	8.187574e-01	2.656159e-09	3.209498e+04	4.841995e+03
18	222.510523	4.350658e-15	9.450000e-01	1.432219e-20	3.757400e+04	4.986400e+04
18	153.288565	2.524777e-12	9.250000e-01	2.524777e-12	2.187100e+04	1.042000e+03
18	82.715462	1.000000e-05	8.187511e-01	1.973279e-09	3.199798e+04	5.560006e+03
18	908.533431	8.380867e-13	7.950000e-01	1.800701e-26	1.006800e+04	8.643000e+03
18	142.764898	1.885914e-10	9.700000e-01	7.808833e-14	1.422800e+04	1.497700e+04
18	1219.950588	3.399999e-16	9.875000e-01	6.370558e-20	2.845500e+04	4.704500e+04
18	995.181486	3.616361e-07	7.500000e-01	9.509074e-09	2.014625e+04	3.262309e+04
18	1191.618439	3.600000e-16	9.425000e-01	2.828325e-20	2.800200e+04	4.866100e+04
18	419.053393	1.473125e-11	8.650000e-01	6.111880e-30	1.736000e+04	1.601000e+04
18	105.692006	1.264901e-10	9.875001e-01	4.565161e-12	1.733700e+04	5.402000e+03
18	164.085509	5.472321e-08	9.924787e-01	1.242946e-13	4.045000e+03	1.389900e+04
18	299.432745	2.365079e-10	8.675000e-01	8.768410e-28	1.066200e+04	4.670000e+03
18	1030.752717	6.460280e-16	8.500000e-01	2.375756e-23	2.793500e+04	5.685300e+04
18	-1.000000	-1.000000e+00	-1.000000e+00	-1.000000e+00	-1.000000e+00	-1.000000e+00
18	1051.222774	6.183660e-16	7.900000e-01	5.535508e-22	2.678800e+04	5.511300e+04
18	1052.077972	1.052399e-17	7.525000e-01	1.052399e-17	3.538300e+04	4.696300e+04
18	1039.284654	8.683056e-14	7.750000e-01	8.683056e-14	1.487100e+04	2.755700e+04
18	384.069014	3.376261e-08	9.275000e-01	3.751762e-15	2.249700e+04	2.271900e+04
18	7541.429425	6.591419e-09	9.775000e-01	1.856847e-13	5.826000e+04	2.787400e+04
18	223.462549	2.365547e-09	9.874985e-01	2.030744e-15	1.035000e+04	2.349900e+04
18	447.624798	1.300078e-10	9.575000e-01	2.088579e-14	3.506500e+04	1.840600e+04
18	1159.451272	4.587059e-06	8.600564e-01	4.457977e-11	5.080900e+04	4.114100e+04
18	336.034164	3.023850e-09	9.575000e-01	5.566813e-13	2.713700e+04	1.069600e+04
18	75.036677	1.371728e-10	9.006724e-01	1.371728e-10	1.200196e+04	5.773295e+04
18	99.477311	1.000000e-05	8.185243e-01	9.190592e-09	4.817096e+04	1.843434e+03
18	138.769527	2.583641e-11	9.825000e-01	3.487443e-13	2.027800e+04	1.149500e+04
18	1013.763402	3.314829e-17	8.025000e-01	3.314829e-17	2.201900e+04	3.749600e+04
18	1200.868539	9.393730e-12	7.500001e-01	5.670816e-12	4.680900e+04	5.507200e+04
18	1017.208706	2.098389e-16	8.925000e-01	1.200277e-36	3.198600e+04	5.495600e+04
18	77.850758	1.000000e-05	8.183094e-01	8.440237e-10	2.235196e+04	7.602023e+03
18	1271.111102	7.900001e-16	9.250000e-01	3.356264e-21	2.050500e+04	5.440900e+04
18	75.740905	1.000000e-05	8.173594e-01	1.050314e-10	2.591463e+04	1.264510e+04
18	220.355837	6.379616e-10	9.825000e-01	1.754097e-15	1.265500e+04	2.384500e+04
18	143.292162	2.834215e-13	8.125000e-01	2.834215e-13	5.962800e+04	2.684800e+04
