46	191.952275	1.000000e-05	8.383598e-01	7.913230e-09	4.311395e+04	2.024027e+03
46	548.054578	1.547692e-11	8.651000e-01	8.719891e-15	4.625300e+04	2.192200e+04
46	1113.591407	2.746171e-13	8.955000e-01	2.746171e-13	5.641300e+04	5.944700e+04
46	189.541783	6.500811e-15	9.696000e-01	7.374839e-19	3.612800e+04	3.885500e+04
46	-1.000000	-1.000000e+00	-1.000000e+00	-1.000000e+00	-1.000000e+00	-1.000000e+00
46	580.959276	4.943954e-13	8.328000e-01	5.358528e-14	9.849000e+03	5.682500e+04
46	12424.082378	1.127833e-06	9.069018e-01	5.209823e-15	3.729200e+04	3.617900e+04
46	912.730978	2.220823e-17	8.898000e-01	1.877068e-34	3.476900e+04	4.567900e+04
46	187.435208	4.672002e-09	9.600797e-01	4.672002e-09	3.301024e+03	4.517099e+04
46	813.988080	1.131417e-11	8.803000e-01	2.131907e-17	3.253000e+03	2.602600e+04
46	205.765676	1.501936e-08	9.604061e-01	1.000000e-08	4.270395e+02	3.808399e+04
46	180.149711	1.000000e-05	8.381247e-01	2.191398e-09	5.081010e+04	5.144140e+03
46	1001.467131	1.102678e-06	8.404255e-01	9.967829e-11	5.787500e+04	3.827100e+04
46	447.706280	2.000760e-09	9.069000e-01	1.304984e-13	3.287700e+04	1.406400e+04
46	806.624604	1.604129e-10	9.810000e-01	2.402230e-28	3.823000e+03	1.531400e+04
46	9473.157810	6.600000e-16	9.240000e-01	0.000000e+00	3.444400e+04	5.238700e+04
46	1032.587626	1.399989e-16	9.392000e-01	8.433160e-21	1.851900e+04	5.195200e+04
46	522.455536	4.823971e-12	9.981000e-01	4.823971e-12	3.893700e+04	3.529000e+03
46	477.319799	9.363154e-11	9.696000e-01	1.429524e-13	3.761500e+04	1.277900e+04
46	171.576867	1.000000e-05	8.376986e-01	5.353161e-10	3.877798e+04	8.568154e+03
46	834.920779	3.656470e-16	9.715000e-01	2.049329e-24	3.318200e+04	5.434300e+04
46	859.134948	1.899082e-15	8.993000e-01	1.659653e-30	2.460300e+04	2.702500e+04
46	466.477460	1.244700e-10	9.791000e-01	1.295769e-13	3.592200e+04	1.289500e+04
46	316.039886	7.155747e-10	8.328000e-01	4.795057e-16	4.289200e+04	4.209500e+04
46	469.598460	1.058845e-09	9.392000e-01	7.296433e-15	3.331500e+04	2.029300e+04
46	191.634928	1.137037e-06	8.383561e-01	7.681334e-09	5.461695e+04	2.096313e+03
46	816.271236	1.313777e-12	9.183000e-01	1.313777e-12	9.340000e+03	2.580000e+03
46	186.066605	1.000000e-05	8.382172e-01	4.171443e-09	2.675600e+04	3.576001e+03
46	818.598363	7.689111e-13	9.221000e-01	3.594649e-31	1.103300e+04	3.022700e+04
46	499.132039	1.728555e-09	9.050000e-01	3.823277e-16	3.329300e+04	2.792800e+04
46	360.547176	6.355039e-11	8.214000e-01	4.638461e-15	4.501000e+04	3.669700e+04
46	190.280507	5.464991e-09	8.333677e-01	4.268234e-13	4.068810e+04	2.585484e+04
46	181.556514	9.492209e-06	8.381662e-01	2.617948e-09	5.845800e+04	4.712002e+03
46	842.631511	1.053970e-14	9.164000e-01	8.423567e-35	2.109800e+04	4.726600e+04
46	187.161320	1.000000e-05	8.382798e-01	4.875847e-09	3.059210e+04	3.199993e+03
46	824.014338	1.653051e-13	8.670000e-01	9.538060e-27	1.317900e+04	1.336900e+04
46	183.832250	2.588971e-06	8.341433e-01	9.817854e-13	5.408863e+04	2.385660e+04
46	171.875741	5.675485e-10	9.607548e-01	5.675485e-10	8.425999e+03	5.773101e+04
46	167.976664	9.268752e-06	8.362644e-01	2.568893e-11	5.928735e+04	1.594102e+04
46	167.071212	9.839156e-06	8.366732e-01	5.403040e-11	5.196813e+04	1.413666e+04
46	875.790768	4.086400e-16	8.955000e-01	4.086400e-16	2.811400e+04	2.807000e+03
46	1036.770016	1.000000e-05	8.936059e-01	3.112156e-11	5.554600e+04	4.363200e+04
46	167.536033	1.415473e-08	8.371333e-01	1.365990e-10	5.272501e+04	1.188497e+04
46	1082.747175	2.500002e-16	9.734000e-01	2.601918e-22	2.022000e+04	5.924000e+04
46	219.524497	2.297114e-12	9.582000e-01	6.607703e-30	2.171900e+04	1.814400e+04
46	929.687292	2.155448e-17	8.518000e-01	2.118942e-21	3.362000e+04	5.292000e+04
46	825.326034	1.174628e-13	8.594000e-01	1.174628e-13	1.380500e+04	5.288000e+03
46	840.085232	1.281304e-14	8.328000e-01	1.281304e-14	1.860400e+04	4.484000e+03
46	234.092217	2.309401e-13	8.366000e-01	2.309401e-13	7.379000e+03	2.738600e+04
46	167.218839	1.000000e-05	8.365602e-01	4.374802e-11	3.836898e+04	1.464900e+04
46	167.233502	1.000000e-05	8.367591e-01	6.697107e-11	2.770700e+04	1.361300e+04
46	182.371072	1.000000e-05	8.381878e-01	2.889370e-09	4.003203e+04	4.472289e+03
46	829.950582	6.515073e-14	8.860000e-01	4.211829e-35	1.584600e+04	4.658200e+04
46	994.035790	3.019762e-18	9.392000e-01	8.700643e-22	3.987600e+04	5.549100e+04
46	1070.635789	4.400009e-16	9.145000e-01	3.589647e-22	1.842600e+04	5.958000e+04
46	656.141015	1.000000e-05	8.119624e-01	3.054432e-10	5.781400e+04	1.620000e+04
46	175.217655	1.000000e-05	8.379286e-01	1.069038e-09	3.877193e+04	6.888001e+03
46	237.042711	2.262320e-16	9.924000e-01	2.110726e-17	4.692800e+04	3.307400e+04
46	820.198469	3.039134e-13	8.328000e-01	4.904320e-26	1.105600e+04	1.121500e+04
46	825.515453	1.340654e-13	9.297000e-01	3.844389e-31	1.554400e+04	2.889200e+04
46	201.101816	1.731181e-08	9.598285e-01	1.000000e-08	1.210012e+02	4.910900e+04
46	565.890752	3.208076e-12	9.715000e-01	1.182812e-15	4.600000e+04	2.412900e+04
46	196.748561	1.167132e-08	9.598952e-01	1.000000e-08	1.077033e+03	4.468794e+04
46	540.379050	3.509126e-13	9.487000e-01	7.043819e-29	2.618300e+04	5.136000e+03
46	614.569344	5.102067e-12	9.715000e-01	1.331654e-17	4.480800e+04	3.458500e+04
46	452.528068	6.255145e-10	9.525000e-01	1.829944e-13	3.398900e+04	1.241900e+04
46	541.688867	6.953843e-12	8.879000e-01	2.633838e-12	4.619000e+03	4.984700e+04
46	938.113231	1.087621e-17	8.613000e-01	7.788594e-23	3.549800e+04	5.931000e+04
46	651.738676	2.159186e-15	8.423000e-01	2.159186e-15	5.464000e+03	3.842500e+04
46	814.112301	8.027507e-12	8.195000e-01	8.027507e-12	2.658000e+03	4.101000e+03
46	443.113464	4.436951e-10	9.696000e-01	1.436190e-11	3.368700e+04	1.655000e+03
46	34869.568605	1.634384e-08	9.886000e-01	1.852034e-13	5.221300e+04	2.759300e+04
46	866.040085	9.917350e-17	9.487000e-01	3.185938e-22	3.388500e+04	4.955600e+04
46	197.806459	9.782943e-06	8.384633e-01	1.000000e-08	5.356021e+04	1.333811e+03
46	169.658155	2.947576e-08	8.375124e-01	3.281182e-10	5.120298e+04	9.756980e+03
46	906.589172	9.338506e-08	8.100000e-01	8.954895e-09	2.521890e+04	3.588473e+04
46	830.297297	4.369026e-14	8.233000e-01	4.369026e-14	1.550900e+04	9.595000e+03
46	1049.794045	2.724479e-11	8.137996e-01	2.724479e-11	4.571100e+04	5.401500e+04
46	176.491932	1.000000e-05	8.379889e-01	1.310136e-09	4.761301e+04	6.393952e+03
46	446.580173	2.349365e-09	9.278000e-01	3.963294e-14	3.177300e+04	1.647400e+04
46	813.497103	8.117068e-12	9.544000e-01	4.619859e-32	7.061000e+03	3.363100e+04
46	167.540252	1.000000e-05	8.371377e-01	1.377982e-10	5.300721e+04	1.186382e+04
46	830.441316	5.122209e-14	8.518000e-01	3.148634e-33	1.566400e+04	4.028400e+04
46	820.886920	3.592461e-13	8.860000e-01	3.644932e-32	1.176100e+04	3.595200e+04
46	12840.263957	9.983997e-09	9.012000e-01	5.953614e-16	5.879400e+04	4.136100e+04
46	172.237527	1.000000e-05	8.354565e-01	6.792750e-12	5.347104e+04	1.916792e+04
46	1078.425207	2.941728e-12	9.468000e-01	2.941728e-12	4.903700e+04	5.318500e+04
46	4432.172967	3.489315e-07	8.670007e-01	2.230097e-16	4.208500e+04	4.373700e+04
46	3232.940297	1.402233e-06	8.632006e-01	8.744098e-16	3.947000e+04	4.049200e+04
46	349.121806	3.339018e-16	9.810000e-01	3.339018e-16	4.358600e+04	1.304000e+03
46	403.208963	2.219630e-09	9.848000e-01	1.169576e-12	2.785000e+04	7.538000e+03
46	1068.750034	9.999997e-06	9.183121e-01	4.992313e-12	5.339300e+04	4.888000e+04
46	163.200014	1.413824e-10	9.924000e-01	3.289701e-14	1.569800e+04	1.588500e+04
46	815.998956	1.324404e-12	8.594000e-01	1.299211e-31	8.022000e+03	3.301100e+04
46	1733.791167	8.012959e-15	9.373000e-01	6.174482e-34	3.521600e+04	3.919000e+04
46	866.932528	4.485148e-06	8.122625e-01	9.703604e-09	5.813803e+04	2.030440e+04
46	150.851499	6.817310e-12	8.290000e-01	3.114681e-12	1.440000e+03	2.171200e+04
46	831825.603788	1.643924e-08	9.202000e-01	1.000000e-08	5.516500e+04	2.030300e+04
46	819.613399	1.344313e-11	9.373000e-01	2.687939e-27	1.735900e+04	1.318000e+03
46	564.107132	1.029593e-12	9.031000e-01	7.196861e-13	9.652000e+03	5.357100e+04
46	916.645195	1.983515e-17	9.183000e-01	5.208624e-21	3.579900e+04	4.792500e+04
46	814.726149	2.617953e-11	8.784000e-01	2.687110e-23	1.213000e+03	1.309000e+03
46	170.747809	1.000000e-05	8.376265e-01	4.404367e-10	3.763501e+04	9.041994e+03
46	170.216965	1.000000e-05	8.375709e-01	3.824051e-10	3.400600e+04	9.385001e+03
46	169.229626	1.000000e-05	8.374602e-01	2.882007e-10	4.340693e+04	1.007207e+04
46	904.300269	1.053258e-07	8.100000e-01	9.192007e-09	2.491784e+04	3.244829e+04
46	190.646695	4.819607e-06	8.383438e-01	6.991439e-09	5.518601e+04	2.325012e+03
46	1023.582032	7.182695e-06	8.461234e-01	3.180863e-11	5.772300e+04	4.158400e+04
46	192.084078	8.008148e-09	9.599099e-01	8.008148e-09	1.995036e+03	5.665199e+04
46	813.736050	2.418419e-12	9.601000e-01	5.999225e-32	1.053100e+04	2.923800e+04
46	877.285372	3.811985e-16	8.841000e-01	3.811985e-16	2.796500e+04	2.898000e+03
46	813.967077	8.985589e-12	8.860000e-01	7.508080e-29	3.996000e+03	2.555800e+04
46	141.379030	1.350672e-11	9.848000e-01	1.350672e-11	1.965200e+04	1.078000e+03
46	937.765516	8.700381e-18	8.746000e-01	3.225703e-21	3.627500e+04	5.045700e+04
46	666.058463	2.342897e-16	9.962000e-01	7.361689e-21	4.857100e+04	2.144500e+04
46	5875.848420	5.272328e-08	9.050001e-01	2.728506e-10	5.335100e+04	1.003400e+04
46	198.724754	1.911138e-13	8.328000e-01	6.277441e-14	7.866000e+03	3.062900e+04
46	1110.991147	9.999999e-06	8.878868e-01	1.817950e-13	5.811700e+04	5.658900e+04
46	868.448969	7.498721e-16	8.309000e-01	2.993918e-35	2.526400e+04	5.226300e+04
46	680.912591	6.978614e-12	9.582000e-01	1.540259e-19	4.500900e+04	4.500600e+04
46	1111.114114	9.999998e-06	8.897870e-01	1.840994e-13	5.763400e+04	5.661300e+04
46	814.670724	2.291236e-12	8.347000e-01	1.174678e-26	6.227000e+03	9.816000e+03
46	162.591711	4.378753e-10	9.886000e-01	1.207521e-13	1.202700e+04	1.271200e+04
46	1004.755153	3.107510e-10	9.050019e-01	3.107510e-10	3.802700e+04	4.256700e+04
46	813.892206	1.208538e-11	9.221000e-01	6.736853e-27	4.375000e+03	1.282300e+04
46	814.162852	4.997380e-12	8.746000e-01	5.182361e-30	5.144000e+03	2.929500e+04
46	1016.999832	6.000101e-16	9.069000e-01	1.837719e-20	1.101600e+04	5.093700e+04
46	177.199058	1.000000e-05	8.345041e-01	5.716738e-12	1.912293e+04	1.949752e+04
46	167.017978	1.000000e-05	8.367772e-01	6.597172e-11	5.334601e+04	1.365198e+04
46	551.757214	1.560767e-08	8.188037e-01	1.272618e-10	4.236000e+04	1.448300e+04
46	970.976337	3.506532e-17	9.126000e-01	2.915548e-20	3.220000e+04	4.862900e+04
46	1071.768774	3.703717e-12	8.974000e-01	3.703717e-12	4.912300e+04	5.749000e+04
46	175.686548	8.173589e-06	8.379521e-01	1.154627e-09	5.225304e+04	6.700921e+03
46	17468.917140	1.016935e-07	9.259001e-01	1.098844e-14	4.913300e+04	3.438400e+04
46	813.998393	5.234331e-12	8.100000e-01	2.253227e-12	3.811000e+03	2.334600e+04
46	181.940888	1.642426e-06	8.343271e-01	1.272738e-12	4.776508e+04	2.322769e+04
46	420.243690	2.454948e-09	9.734000e-01	1.105357e-13	2.903100e+04	1.333800e+04
46	814.165689	6.152693e-12	9.031000e-01	4.717611e-26	5.379000e+03	9.372000e+03
46	426.628084	6.536398e-09	8.917000e-01	2.891526e-13	3.032000e+04	1.254800e+04
46	544.672167	1.240052e-10	8.164803e-01	8.034656e-15	4.443000e+04	3.753600e+04
46	150.080435	4.630254e-10	9.962000e-01	4.587310e-12	1.455600e+04	4.062000e+03
46	198.598503	7.281778e-10	8.323697e-01	1.514441e-13	4.338902e+04	2.833502e+04
46	930.161954	2.685849e-08	8.100000e-01	9.386885e-09	2.834204e+04	3.941003e+04
46	499.178174	3.449277e-12	8.150569e-01	3.279174e-12	4.849000e+03	4.253700e+04
46	813.515999	3.606473e-11	9.525000e-01	3.096358e-15	3.144000e+03	1.469500e+04
46	843.763456	7.721562e-15	8.176000e-01	7.721562e-15	1.954200e+04	1.203400e+04
46	386.634681	1.266020e-08	9.772000e-01	1.446536e-13	2.452300e+04	1.264400e+04
46	551.465502	1.662636e-11	8.290000e-01	3.601811e-13	1.276000e+03	5.150000e+04
46	1077.971723	9.999999e-06	8.783875e-01	1.760653e-12	5.467200e+04	5.047900e+04
46	141.004491	1.898728e-11	9.715000e-01	1.168309e-15	1.730100e+04	2.233400e+04
46	823.394368	2.015247e-13	8.803000e-01	5.925764e-34	1.300700e+04	4.218100e+04
46	512.636278	8.158196e-11	9.772000e-01	1.071820e-15	3.720700e+04	2.428200e+04
46	181.258042	8.424707e-10	9.885999e-01	9.686393e-15	1.045600e+04	1.871800e+04
46	814.068127	3.955321e-12	8.157000e-01	6.507068e-23	4.582000e+03	4.431000e+03
46	469.330659	7.188206e-10	9.639000e-01	5.030494e-15	3.291100e+04	2.080500e+04
46	624.371384	2.399046e-10	8.135429e-01	2.318809e-13	4.468400e+04	3.150199e+04
46	172.956045	1.000000e-05	8.377994e-01	7.138628e-10	5.639164e+04	7.869019e+03
46	153.297185	7.231450e-10	9.981000e-01	1.013773e-12	1.520900e+04	7.706000e+03
46	3972.527441	3.342445e-06	8.708015e-01	4.543605e-15	3.561100e+04	3.654100e+04
46	197.181391	1.240320e-08	8.324889e-01	1.802123e-13	3.650297e+04	2.791302e+04
46	640.056905	9.989671e-12	8.784000e-01	2.641439e-18	4.704800e+04	4.044700e+04
46	814.172134	4.054753e-12	8.993000e-01	4.054753e-12	5.846000e+03	1.483000e+03
46	749.919474	1.482012e-12	9.506000e-01	7.747310e-21	4.939300e+04	5.191600e+04
46	901.039186	1.194934e-16	8.423000e-01	3.877744e-20	2.951600e+04	4.637800e+04
46	1039.018573	2.599998e-16	9.164000e-01	2.979041e-21	2.107900e+04	5.471900e+04
46	887.242194	1.526347e-16	8.138000e-01	3.420946e-29	2.870000e+04	3.090500e+04
46	832.169702	4.212567e-14	8.632000e-01	5.915061e-33	1.636100e+04	3.622800e+04
46	167.022169	1.000000e-05	8.368281e-01	7.288729e-11	4.988900e+04	1.340999e+04
46	565.901302	1.148048e-11	8.936000e-01	4.567402e-13	3.556000e+03	5.448900e+04
46	1075.118005	9.005652e-07	8.385033e-01	9.335127e-13	5.962100e+04	4.998300e+04
46	858.702583	1.983648e-15	8.993000e-01	7.724482e-34	2.450000e+04	3.987800e+04
46	169.456166	2.430330e-15	8.176000e-01	1.160842e-15	2.186100e+04	4.220500e+04
46	264.348050	4.670675e-12	9.544000e-01	3.844495e-27	1.997900e+04	5.370000e+02
46	892.916531	6.615615e-16	8.480000e-01	3.974447e-18	1.334500e+04	4.146100e+04
46	896.653297	7.809780e-17	8.252000e-01	3.479212e-34	3.044900e+04	4.776400e+04
46	814.663276	4.126615e-12	9.145000e-01	3.119173e-33	6.706000e+03	4.362800e+04
46	1042.986884	1.400000e-16	9.905000e-01	9.077248e-22	3.095400e+04	5.594800e+04
46	826.537623	9.710674e-14	9.354000e-01	6.085425e-32	1.658500e+04	3.297900e+04
46	1042.268069	5.280012e-11	9.316000e-01	1.178081e-28	1.404400e+04	6.813000e+03
46	8911.474447	1.003989e-07	8.917001e-01	2.295268e-15	4.961300e+04	3.814900e+04
46	31932.825803	2.889091e-08	9.620001e-01	6.145201e-15	5.134900e+04	3.576500e+04
46	873.453850	5.354447e-16	8.803000e-01	4.383366e-33	2.707100e+04	4.163700e+04
46	998.946515	8.288158e-06	8.747036e-01	2.358486e-10	5.198700e+04	3.790000e+04
46	954.415857	5.095832e-16	9.753000e-01	1.462051e-18	1.684800e+04	3.966300e+04
46	1007.017453	4.271466e-06	8.993533e-01	1.982174e-10	5.755300e+04	3.908700e+04
46	437.296578	9.550719e-12	9.468000e-01	9.420387e-28	1.821400e+04	4.976000e+03
46	828.559283	3.215405e-15	9.639000e-01	4.709893e-35	2.698800e+04	4.772000e+04
46	814.205514	9.273722e-12	8.689000e-01	9.273722e-12	2.086000e+03	2.936000e+03
46	201.650014	1.718710e-08	9.598807e-01	1.000000e-08	1.350103e+02	4.365903e+04
46	911.431113	7.237703e-08	8.100000e-01	8.833502e-09	2.585681e+04	3.771307e+04
46	836.259793	2.663939e-14	8.974000e-01	1.800849e-28	1.828200e+04	1.856400e+04
46	816.485517	8.987821e-13	8.309000e-01	2.136402e-24	8.417000e+03	8.690000e+03
46	927.312414	8.339176e-07	8.290106e-01	3.763169e-09	5.718600e+04	2.796700e+04
46	472.491486	1.575313e-08	9.354000e-01	7.579043e-17	2.668200e+04	3.107100e+04
46	828.387719	7.053349e-14	9.335000e-01	2.481218e-33	1.726100e+04	3.833500e+04
46	824.186415	1.911735e-13	9.202000e-01	6.382669e-28	1.430800e+04	1.409600e+04
46	61369.069431	7.000000e-17	8.252000e-01	4.006419e-36	4.549900e+04	5.641300e+04
46	983.408371	1.000000e-05	8.595249e-01	4.453460e-10	4.850300e+04	3.566100e+04
46	166.857888	6.742463e-13	8.252000e-01	3.833162e-15	7.407000e+03	3.796900e+04
46	865.070728	6.255456e-16	9.259000e-01	1.112828e-36	2.820000e+04	5.706000e+04
46	175.848866	9.925383e-10	9.981000e-01	1.868439e-14	1.445200e+04	1.725400e+04
46	818.800686	4.826108e-13	8.575000e-01	4.826108e-13	1.038000e+04	2.032000e+03
46	365.107850	9.784552e-11	9.468000e-01	2.130246e-29	1.259400e+04	8.824000e+03
46	814.208228	2.142119e-11	8.575004e-01	7.113043e-19	1.103000e+03	3.777800e+04
46	1340.799947	1.069049e-07	8.556011e-01	5.190226e-14	4.520700e+04	3.073900e+04
46	402.298561	1.000000e-05	8.215264e-01	3.879089e-15	5.518700e+04	3.810000e+04
46	1080.097702	4.850044e-06	9.962056e-01	3.650947e-12	5.722700e+04	5.085300e+04
46	-1.000000	-1.000000e+00	-1.000000e+00	-1.000000e+00	-1.000000e+00	-1.000000e+00
46	814.043280	1.381047e-11	8.613000e-01	8.166830e-17	2.254000e+03	2.616600e+04
46	1004.637083	9.999999e-06	8.994246e-01	2.279367e-10	5.216000e+04	3.873500e+04
46	191.784821	4.793810e-06	8.383579e-01	7.790486e-09	5.245001e+04	2.062023e+03
46	177.953720	1.131727e-09	9.606632e-01	1.131727e-09	6.738002e+03	4.569201e+04
46	174.620406	6.672763e-10	9.608546e-01	6.672763e-10	8.023022e+03	4.733099e+04
46	814.222589	3.080287e-11	8.784000e-01	1.334493e-18	6.400000e+02	3.601000e+04
46	1049.526735	1.000000e-05	8.784397e-01	1.160505e-11	4.686500e+04	4.567500e+04
46	404.402587	4.931862e-09	9.620000e-01	8.057198e-12	2.820700e+04	3.156000e+03
46	493.631910	4.895759e-11	9.316000e-01	2.093733e-12	4.141800e+04	6.903000e+03
46	203.271016	6.725020e-08	9.961831e-01	1.281636e-13	2.597000e+03	1.267600e+04
46	175.104633	1.000000e-05	8.379234e-01	1.049865e-09	4.718401e+04	6.931992e+03
46	1064.706670	7.438094e-06	9.354024e-01	7.432483e-12	5.677700e+04	4.819200e+04
46	893.113967	1.042030e-16	8.841000e-01	1.307137e-32	3.100400e+04	3.669200e+04
46	154.139250	6.067783e-14	8.195000e-01	8.133591e-16	1.403900e+04	4.255500e+04
46	817.567279	9.008054e-13	9.430000e-01	1.724004e-31	1.161800e+04	3.195500e+04
46	167.019247	1.000000e-05	8.367848e-01	6.698307e-11	3.960097e+04	1.361503e+04
46	832.510869	4.561104e-14	9.012000e-01	3.781119e-32	1.711000e+04	3.498700e+04
46	568.256370	8.214730e-10	8.765000e-01	3.087880e-18	3.590700e+04	4.015300e+04
46	167.661774	1.000000e-05	8.363648e-01	3.066946e-11	4.261000e+04	1.551100e+04
46	24280.917313	8.800000e-16	8.803000e-01	6.558416e-38	3.894100e+04	5.919900e+04
46	814.139222	4.826354e-12	8.651000e-01	3.200510e-31	5.018000e+03	3.148800e+04
46	26021.746202	4.667668e-08	9.620001e-01	1.242697e-13	5.047100e+04	2.855600e+04
46	813.802043	1.518491e-11	9.335000e-01	3.594937e-29	4.293000e+03	2.228600e+04
46	167.780731	1.000000e-05	8.372042e-01	1.593462e-10	4.077578e+04	1.151104e+04
46	-1.000000	-1.000000e+00	-1.000000e+00	-1.000000e+00	-1.000000e+00	-1.000000e+00
46	815.950072	1.033499e-12	9.544000e-01	1.302157e-32	1.206700e+04	3.672100e+04
46	168.340910	1.000000e-05	8.366622e-01	1.681066e-10	5.661200e+04	1.139000e+04
46	851.142418	4.412930e-15	8.974000e-01	1.413240e-32	2.255200e+04	3.323200e+04
46	743.902734	3.709412e-10	9.354000e-01	2.241820e-27	9.340000e+03	2.386000e+03
46	895.580366	6.497444e-17	9.069000e-01	2.455137e-36	3.279800e+04	4.635700e+04
46	953.407389	2.168788e-17	8.594000e-01	4.746158e-20	3.255600e+04	4.857800e+04
46	290.742464	5.324609e-11	9.857785e-01	7.170914e-21	1.643300e+04	5.121600e+04
46	937.236883	7.372174e-18	8.404000e-01	2.025170e-19	3.385500e+04	4.727200e+04
46	551.193588	1.287949e-09	9.737934e-01	1.245080e-09	6.769009e+03	3.590792e+04
46	847.906994	5.963882e-15	9.088000e-01	2.913237e-33	2.218900e+04	3.525900e+04
46	176.740104	1.357845e-09	9.603859e-01	1.357845e-09	6.307000e+03	5.828600e+04
46	883.395836	1.886350e-16	9.050000e-01	6.695087e-33	3.022800e+04	3.683900e+04
46	819.075712	6.132679e-13	9.183000e-01	6.132679e-13	1.139100e+04	3.080000e+02
46	820.985725	2.875897e-13	8.537000e-01	2.647394e-31	1.157800e+04	3.237500e+04
46	815.926074	1.221403e-12	8.670000e-01	1.221403e-12	8.236000e+03	2.884000e+03
46	189.749576	1.000000e-05	8.383316e-01	6.407322e-09	4.354099e+04	2.537029e+03
46	1003.817631	4.186550e-06	9.431779e-01	3.395606e-10	5.534200e+04	3.861400e+04
46	1025.731915	2.700000e-16	9.734000e-01	3.345087e-21	2.682400e+04	5.322200e+04
46	249.555564	7.735334e-09	9.943000e-01	8.610934e-17	6.827000e+03	2.989000e+04
46	226.959475	1.119844e-08	9.626986e-01	1.000000e-08	9.779909e+02	3.427702e+04
46	169.110122	1.000000e-05	8.374442e-01	2.771704e-10	4.585000e+04	1.016684e+04
46	186.981360	1.000000e-05	8.382875e-01	4.839167e-09	4.154002e+04	3.219154e+03
46	171.119110	3.934276e-06	8.359477e-01	2.472996e-11	2.304923e+04	1.598748e+04
46	5690.603043	3.265276e-08	8.822004e-01	1.257919e-14	4.990700e+04	3.408800e+04
46	1069.566515	1.589983e-06	9.106912e-01	4.429934e-12	4.355700e+04	4.902000e+04
46	842.059799	6.349321e-15	9.373000e-01	2.143360e-34	2.323100e+04	4.355900e+04
46	509.851024	2.974828e-10	9.221000e-01	1.618938e-15	3.719100e+04	2.416000e+04
46	814.985507	3.506765e-12	9.297000e-01	3.091062e-28	7.676000e+03	1.630600e+04
46	903.196861	4.610502e-17	8.100000e-01	3.823337e-17	3.142400e+04	4.122600e+04
46	397.367516	6.054150e-09	9.848000e-01	5.600699e-14	2.533300e+04	1.482100e+04
46	555.390683	9.100761e-12	8.575000e-01	6.104489e-13	3.278000e+03	5.240700e+04
46	832.035720	4.821508e-14	9.126000e-01	2.433331e-30	1.733700e+04	2.663100e+04
46	588.946405	1.000000e-05	8.157285e-01	4.051047e-16	5.035800e+04	4.523600e+04
46	820.761847	8.845607e-06	8.100000e-01	9.524726e-09	1.390102e+04	3.028215e+04
46	180.346191	7.649824e-10	9.923999e-01	1.225347e-14	1.167300e+04	1.823300e+04
46	866.564057	3.567339e-16	9.335000e-01	7.936429e-36	2.990700e+04	4.986700e+04
46	814.085099	7.192748e-12	9.088000e-01	2.847654e-28	5.175000e+03	1.940500e+04
46	1075.582390	3.656032e-12	9.031001e-01	3.656032e-12	4.935600e+04	5.392200e+04
46	970.046658	1.929646e-09	9.202573e-01	1.929646e-09	3.293100e+04	3.826500e+04
46	815.997148	1.257180e-12	8.518000e-01	2.246370e-33	7.995000e+03	4.273100e+04
46	816.749580	1.313138e-12	9.411000e-01	6.069620e-29	1.060000e+04	1.997700e+04
46	829.530993	9.000000e-16	9.772000e-01	3.581782e-37	3.200000e+04	5.843500e+04
46	176.696882	1.740406e-06	8.379978e-01	1.351750e-09	5.195500e+04	6.317984e+03
46	585.086599	5.235718e-13	9.943000e-01	2.302456e-16	4.643200e+04	2.769700e+04
46	872.545454	5.676419e-16	8.879000e-01	5.676419e-16	2.712900e+04	5.305000e+03
46	482.095159	5.390321e-10	9.810000e-01	6.923366e-16	3.197000e+04	2.525700e+04
46	660.989796	1.257371e-13	9.867000e-01	9.045489e-18	5.226000e+04	3.530100e+04
46	147.237098	9.159320e-11	9.829000e-01	2.551324e-12	1.478900e+04	5.126000e+03
46	445.404587	7.829747e-09	8.290229e-01	7.829747e-09	3.661713e+04	4.739602e+02
46	976.815339	1.141107e-06	8.404450e-01	4.049401e-10	5.820400e+04	3.472900e+04
46	593.829070	1.983232e-14	8.442000e-01	1.983232e-14	7.563000e+03	3.310700e+04
46	849.833778	6.633761e-07	9.525014e-01	4.577514e-15	4.677500e+04	2.124500e+04
46	46083.834478	1.188003e-15	8.214000e-01	8.401676e-34	3.968700e+04	4.846200e+04
46	187.162973	4.925781e-09	9.600032e-01	4.925781e-09	3.176002e+03	5.535202e+04
46	899.720331	9.996892e-09	9.952861e-01	9.996892e-09	2.168400e+04	3.421500e+04
46	39790.746255	6.166160e-08	9.734001e-01	1.998098e-15	4.893800e+04	3.844800e+04
46	213.188920	1.420362e-06	8.318186e-01	4.307700e-14	5.819064e+04	3.142422e+04
46	142.418996	1.394449e-11	9.848000e-01	1.118459e-13	1.952700e+04	1.272800e+04
46	4597.963244	5.186380e-08	8.974001e-01	5.992421e-10	5.367800e+04	8.137000e+03
46	804.569843	1.227656e-11	9.829000e-01	6.242414e-33	1.052900e+04	3.653500e+04
46	167.945826	1.000000e-05	8.372439e-01	1.739700e-10	5.438501e+04	1.129785e+04
46	179.527003	1.000000e-05	8.345739e-01	1.811608e-12	4.160296e+04	2.237212e+04
46	986.127695	4.278492e-06	9.278237e-01	8.421624e-10	5.600600e+04	3.604800e+04
46	834.178031	3.072881e-14	8.575000e-01	3.072881e-14	1.699200e+04	1.829000e+03
46	1030.847702	6.199996e-16	9.981000e-01	1.066653e-20	1.287800e+04	5.060500e+04
46	882.904261	4.948360e-07	9.791003e-01	2.222135e-16	4.994800e+04	2.799600e+04
46	430.768978	1.000000e-05	8.233639e-01	2.162629e-10	5.060800e+04	1.195100e+04
46	816.367890	1.413457e-12	8.898000e-01	1.109232e-31	8.564000e+03	3.633900e+04
46	922.446380	1.221385e-17	8.765000e-01	2.515385e-35	3.580300e+04	4.533600e+04
46	938.434774	1.553323e-08	8.746287e-01	1.000000e-08	2.885000e+04	3.335100e+04
46	174.750402	1.000000e-05	8.379008e-01	9.837776e-10	3.347388e+04	7.089701e+03
46	1015.651288	7.999079e-17	9.544000e-01	2.866235e-20	1.331800e+04	4.893200e+04
46	1040.352288	3.099999e-16	9.658000e-01	5.664217e-21	1.244900e+04	5.243200e+04
46	813.802552	2.165664e-11	9.354000e-01	5.303174e-16	3.440000e+03	1.818600e+04
46	880.586804	3.654091e-07	8.100000e-01	9.481987e-09	2.181101e+04	3.805012e+04
46	166.101378	8.289453e-10	9.753000e-01	7.517589e-12	8.640000e+03	1.923000e+03
46	708.364544	4.076771e-06	8.527632e-01	4.807416e-12	2.207200e+04	1.982500e+04
46	1070.472340	1.494665e-12	9.867000e-01	1.494665e-12	4.676200e+04	5.615500e+04
46	170.910885	1.000000e-05	8.376409e-01	4.580009e-10	3.647501e+04	8.946988e+03
46	838.047470	1.914263e-14	9.164000e-01	1.914263e-14	1.966800e+04	4.281000e+03
46	933.954630	1.256210e-16	9.069000e-01	5.088738e-18	1.455000e+04	3.801300e+04
46	820.489531	4.363750e-13	9.050000e-01	4.041284e-32	1.181700e+04	2.762500e+04
46	815.285437	2.501237e-12	8.993000e-01	4.262947e-33	7.445000e+03	3.926800e+04
46	174.611069	1.000000e-05	8.378942e-01	9.616354e-10	3.405100e+04	7.145054e+03
46	187.897945	1.000000e-05	8.381235e-01	4.542817e-09	2.376402e+04	3.358985e+03
46	1109.665207	3.516626e-13	9.145000e-01	3.516626e-13	5.540200e+04	5.874000e+04
46	875.003885	4.717622e-16	8.727000e-01	8.130353e-35	2.718600e+04	4.818400e+04
46	926.278522	1.200000e-16	9.544000e-01	1.756863e-22	3.216000e+04	5.712100e+04
46	180.078173	2.142094e-09	9.602353e-01	2.142094e-09	5.198997e+03	5.214001e+04
46	42320.846388	9.552042e-09	9.658000e-01	2.233923e-16	5.729400e+04	4.366800e+04
46	896.148900	1.006029e-08	9.917079e-01	1.000000e-08	2.269600e+04	3.637200e+04
46	191.041828	1.000000e-05	8.383489e-01	7.261158e-09	4.778601e+04	2.233022e+03
46	856.314474	9.308822e-16	8.556000e-01	9.308822e-16	1.798800e+04	2.771800e+04
46	209.415517	8.014501e-09	9.614795e-01	8.014501e-09	1.907041e+03	3.619199e+04
46	183.676607	1.000000e-05	8.341581e-01	1.002489e-12	5.021998e+04	2.380603e+04
46	182.697977	1.000000e-05	8.381964e-01	3.005127e-09	5.484811e+04	4.376857e+03
46	825.129962	1.533861e-13	8.936000e-01	1.630418e-29	1.399800e+04	2.330300e+04
46	403.966773	1.633893e-16	9.943000e-01	1.734616e-22	4.836500e+04	5.971800e+04
46	482.385042	2.747468e-10	9.278000e-01	4.314414e-14	3.719000e+04	1.627700e+04
46	567.443312	2.153641e-12	8.290000e-01	1.026289e-13	6.235000e+03	5.470800e+04
46	822.830662	1.697311e-13	8.689000e-01	1.697311e-13	1.291100e+04	8.867000e+03
46	171.792365	5.848123e-06	8.355222e-01	7.530163e-12	5.553401e+04	1.891798e+04
46	673.746271	1.772523e-13	9.430000e-01	1.144688e-17	5.522400e+04	3.535800e+04
46	157.768962	3.740676e-10	9.752089e-01	8.412812e-13	1.053497e+04	7.209011e+03
46	171.041693	1.000000e-05	8.356388e-01	9.057362e-12	4.800907e+04	1.847010e+04
46	818.473306	3.522012e-13	8.385000e-01	3.522012e-13	7.428000e+03	1.414000e+04
46	177.076114	1.000000e-05	8.380106e-01	1.425378e-09	3.401695e+04	6.188936e+03
46	183.652547	1.000000e-05	8.341599e-01	1.005774e-12	3.647997e+04	2.379805e+04
46	816.816146	6.991174e-13	8.100000e-01	4.088075e-13	8.674000e+03	1.917400e+04
46	35249.816883	5.134950e-16	8.423000e-01	1.756319e-20	4.163000e+04	5.023400e+04
46	535.925994	1.446831e-09	9.050000e-01	2.315923e-17	3.373600e+04	3.448300e+04
46	-1.000000	-1.000000e+00	-1.000000e+00	-1.000000e+00	-1.000000e+00	-1.000000e+00
46	245.637258	6.324377e-12	8.278024e-01	6.049515e-16	5.224215e+04	4.158208e+04
46	911.666694	3.756170e-17	8.594000e-01	1.146009e-20	3.268400e+04	4.644500e+04
46	857.112609	1.082332e-18	8.252000e-01	1.082332e-18	3.050100e+04	4.865100e+04
46	167.273802	1.000000e-05	8.370380e-01	1.115423e-10	4.274792e+04	1.237704e+04
46	188.637557	1.141392e-08	8.380996e-01	3.682556e-09	3.868294e+04	3.856989e+03
46	25658.085655	1.424542e-08	9.924000e-01	1.603934e-10	5.288600e+04	1.129800e+04
46	225.180283	5.665996e-16	9.829000e-01	5.665996e-16	4.300900e+04	2.319100e+04
46	183.548647	9.999999e-06	8.341704e-01	1.019901e-12	5.053659e+04	2.376431e+04
46	813.911126	1.742376e-11	9.183000e-01	1.085907e-15	3.248000e+03	1.746600e+04
46	725.361680	3.188844e-13	9.943000e-01	2.003818e-20	4.766800e+04	4.918100e+04
46	7368.547436	1.057362e-06	9.069013e-01	8.087329e-12	3.933600e+04	1.852400e+04
46	604.251362	2.982977e-12	9.468000e-01	1.127525e-16	4.783500e+04	2.997800e+04
46	837.101932	2.343957e-14	8.974000e-01	2.343957e-14	1.858100e+04	3.746000e+03
46	187.797418	5.256606e-09	9.599897e-01	5.256606e-09	3.018014e+03	5.417306e+04
46	5376.498867	2.052782e-15	9.145000e-01	8.698612e-36	3.843200e+04	5.002400e+04
46	160.233566	7.183962e-10	9.867000e-01	1.080595e-11	1.048100e+04	1.817000e+03
46	219.694135	5.811522e-09	8.299021e-01	1.167950e-14	3.602211e+04	3.444959e+04
46	819.791176	2.403998e-13	9.525000e-01	8.022509e-32	1.545100e+04	1.983900e+04
46	846.316762	7.493696e-15	9.012000e-01	7.072612e-31	2.140800e+04	2.682200e+04
46	836.945148	3.485500e-06	9.392042e-01	2.112935e-14	5.077100e+04	1.783000e+04
46	827.518839	1.024229e-13	9.126004e-01	1.645466e-35	1.553500e+04	5.226000e+04
46	173.264688	1.000000e-05	8.377843e-01	7.260439e-10	2.843600e+04	7.826001e+03
46	173.078210	1.000000e-05	8.353379e-01	5.651439e-12	4.348098e+04	1.961400e+04
46	185.855756	1.000000e-05	8.382666e-01	4.293302e-09	4.237400e+04	3.510000e+03
46	404.885854	1.472684e-09	9.943000e-01	4.798214e-14	2.638000e+04	1.508500e+04
46	841.131146	1.328532e-14	9.126000e-01	4.580787e-29	2.041200e+04	2.054000e+04
46	191.887069	1.000000e-05	8.383399e-01	7.721903e-09	2.913100e+04	2.081999e+03
46	917.926551	1.001300e-08	9.564964e-01	1.000000e-08	2.670400e+04	4.808801e+04
46	135.465921	2.989907e-13	8.214000e-01	2.186932e-13	1.018700e+04	2.908500e+04
46	169.876014	1.000000e-05	8.375387e-01	3.503274e-10	4.540701e+04	9.597974e+03
46	862.919944	1.384823e-15	8.746000e-01	2.004228e-32	2.469900e+04	3.917500e+04
46	984.333834	6.049750e-06	9.261519e-01	9.203936e-10	5.365800e+04	3.579200e+04
46	569.699469	1.081031e-12	8.898000e-01	3.949373e-13	9.168000e+03	5.475000e+04
46	1106.909322	2.148432e-07	9.391997e-01	3.884534e-13	4.721300e+04	5.579700e+04
46	170.154555	9.577204e-06	8.357883e-01	1.152356e-11	5.209301e+04	1.788598e+04
46	169.766200	3.338006e-06	8.375263e-01	3.395148e-10	5.949948e+04	9.674116e+03
46	18850.990745	3.086890e-15	8.670000e-01	4.578756e-35	3.742200e+04	4.615700e+04
46	1010.884183	6.874035e-06	9.411856e-01	2.216203e-10	5.623400e+04	3.966200e+04
46	828.476656	1.171553e-15	9.772000e-01	8.165706e-36	3.143300e+04	5.191100e+04
46	873.729762	1.575368e-16	8.537000e-01	1.575368e-16	2.450400e+04	3.178100e+04
46	888.115678	1.299256e-16	9.031000e-01	4.413879e-33	3.104200e+04	3.922600e+04
46	432.305723	1.917748e-09	9.639000e-01	7.735871e-14	3.044400e+04	1.431400e+04
46	817.404203	1.071333e-12	9.373000e-01	1.256495e-31	1.089300e+04	3.221500e+04
46	554.830227	7.940069e-12	9.791000e-01	5.854973e-16	4.288500e+04	2.568300e+04
46	191.188111	8.941058e-09	9.681290e-01	3.238399e-12	2.289000e+03	2.856308e+03
46	867.620410	8.655742e-16	8.518000e-01	2.997865e-21	2.531500e+04	2.696700e+04
46	1092.252427	3.091457e-06	9.183016e-01	9.777613e-13	5.610100e+04	5.304200e+04
46	564.841492	3.171338e-13	9.905000e-01	7.241776e-15	4.904400e+04	1.963600e+04
46	856.881076	2.002089e-15	8.157000e-01	2.002089e-15	2.270100e+04	1.079200e+04
46	1168.222197	1.107966e-11	9.316000e-01	2.967946e-31	1.781300e+04	2.126500e+04
46	277.928017	2.333317e-16	9.753000e-01	2.333317e-16	4.407400e+04	1.668300e+04
46	158.811006	4.427449e-10	9.772000e-01	1.989738e-13	1.032500e+04	1.089000e+04
46	881.788182	2.572238e-16	8.423000e-01	9.776209e-36	2.797500e+04	5.363000e+04
46	167.646034	1.000000e-05	8.363703e-01	3.097427e-11	4.238700e+04	1.548700e+04
46	913.607010	6.453533e-08	8.100000e-01	9.636097e-09	2.614400e+04	3.031424e+04
46	4640.246724	9.221484e-08	8.670001e-01	1.351227e-16	5.069600e+04	4.492700e+04
46	811.350991	1.206916e-11	9.677000e-01	5.749888e-28	7.594000e+03	1.742200e+04
46	857.768242	2.224562e-15	8.651000e-01	3.302985e-36	2.336900e+04	5.404900e+04
46	24883.539024	1.365303e-07	9.468002e-01	1.035775e-14	4.696700e+04	3.451900e+04
46	814.057079	4.699673e-12	8.993000e-01	4.699673e-12	5.359000e+03	1.708000e+03
46	820.633588	1.482442e-13	9.544023e-01	4.895261e-34	1.677700e+04	3.773600e+04
46	952.751090	7.967152e-20	8.575000e-01	7.967152e-20	3.466600e+04	4.988800e+04
46	819.132193	3.635769e-13	8.309000e-01	3.635769e-13	1.050900e+04	6.934000e+03
46	813.975062	1.376803e-11	8.917000e-01	7.170969e-14	2.796000e+03	1.072300e+04
46	834.089080	2.933182e-14	9.278000e-01	2.933182e-14	1.909900e+04	2.780000e+03
46	173.642849	7.841546e-06	8.378426e-01	8.130489e-10	4.950202e+04	7.552982e+03
46	1005.883102	9.999999e-06	9.089251e-01	2.320319e-10	5.191300e+04	3.891900e+04
46	167.122486	8.701693e-08	8.366251e-01	4.934043e-11	5.843815e+04	1.435706e+04
46	21110.281554	2.171451e-08	9.430000e-01	4.685641e-14	5.494200e+04	3.090200e+04
46	164.034600	1.069855e-09	9.867000e-01	9.692377e-13	9.522000e+03	7.658000e+03
46	813.579100	4.105811e-12	9.582000e-01	1.139857e-31	9.053000e+03	3.386800e+04
46	575.769762	2.541454e-11	8.689000e-01	1.649273e-13	1.026000e+03	5.627300e+04
46	875.792391	4.406047e-16	8.670000e-01	4.920861e-21	2.721700e+04	2.723500e+04
46	1033.109912	1.000000e-05	9.069389e-01	4.458419e-11	5.093400e+04	4.305700e+04
46	3294.356618	4.419849e-08	8.765006e-01	1.000000e-08	5.268100e+04	2.553800e+04
46	1057.461178	1.000000e-05	9.240044e-01	1.101580e-11	5.149000e+04	4.697800e+04
46	585.436273	1.514333e-13	8.613000e-01	1.262439e-13	1.322900e+04	5.661900e+04
46	1124.414976	1.764347e-08	8.917000e-01	6.654486e-14	5.949700e+04	5.927600e+04
46	508.736203	2.979685e-12	8.138000e-01	1.278755e-12	5.187000e+03	4.419300e+04
46	185.910023	1.000000e-05	8.381748e-01	3.958966e-09	2.541601e+04	3.700103e+03
46	872.519329	3.365795e-16	9.221000e-01	7.668254e-35	2.950400e+04	4.800800e+04
46	817.145517	1.070586e-12	8.917000e-01	1.258241e-27	9.283000e+03	1.308300e+04
46	810.479481	4.450199e-11	9.715000e-01	8.302848e-28	5.062000e+03	1.486900e+04
46	770.360553	4.730137e-15	9.905000e-01	6.797487e-20	5.976500e+04	4.646300e+04
46	588.630595	8.910162e-13	8.727000e-01	6.902565e-14	9.224000e+03	5.865000e+04
46	879.614535	3.138325e-16	8.518000e-01	8.188198e-36	2.769300e+04	4.912700e+04
46	927.131465	6.632496e-08	9.125985e-01	1.000000e-08	2.527000e+04	3.144900e+04
46	186.562035	1.380887e-09	9.638828e-01	6.278922e-10	6.306000e+03	5.436500e+04
46	1041.038442	2.800000e-16	9.354000e-01	2.133058e-22	2.562500e+04	5.978000e+04
46	169.625846	3.735602e-07	8.375099e-01	3.258379e-10	5.941702e+04	9.773976e+03
46	813.995176	6.187127e-12	9.297000e-01	6.187127e-12	7.140000e+02	4.087000e+03
46	845.526049	7.806529e-15	8.613000e-01	5.303025e-20	2.032300e+04	1.837200e+04
46	578.742661	6.033179e-12	8.955000e-01	1.671086e-13	5.169000e+03	5.711500e+04
46	189.413945	1.855128e-07	8.383269e-01	6.199335e-09	5.927310e+04	2.617226e+03
46	814.428389	2.383064e-12	8.100000e-01	9.873097e-13	5.716000e+03	5.367700e+04
46	836.024750	2.699824e-14	8.859999e-01	2.704279e-35	1.794500e+04	4.915800e+04
46	190.744730	1.000000e-05	8.383451e-01	7.057563e-09	4.797300e+04	2.302135e+03
46	1034.221999	6.000000e-16	9.753000e-01	2.247855e-21	2.452200e+04	5.416200e+04
46	908.467810	5.299986e-16	8.309000e-01	1.451049e-20	2.347900e+04	5.523200e+04
46	52643.699302	5.129738e-16	8.233000e-01	1.095789e-17	4.167200e+04	4.267900e+04
46	167.074932	1.000000e-05	8.369115e-01	8.605157e-11	5.150204e+04	1.300694e+04
46	815.951920	1.000687e-12	8.480000e-01	1.000687e-12	8.096000e+03	6.565000e+03
46	819.583955	2.789035e-14	8.290000e-01	2.789035e-14	1.227800e+04	2.223500e+04
46	204.145710	4.266915e-09	9.616493e-01	4.266915e-09	3.437011e+03	3.761303e+04
46	830.846348	5.744117e-14	8.898000e-01	5.300020e-27	1.624400e+04	1.462200e+04
46	167.484196	4.734638e-11	9.622611e-01	4.734638e-11	1.445498e+04	5.739200e+04
46	880.421071	2.913866e-16	8.480000e-01	2.913866e-16	2.779200e+04	1.220000e+02
46	171.836233	1.000000e-05	8.355753e-01	1.878113e-11	2.043701e+04	1.664998e+04
46	505.325515	1.517084e-11	9.905000e-01	1.517084e-11	3.981200e+04	9.730000e+02
46	176.451746	1.000000e-05	8.379871e-01	1.302044e-09	4.557301e+04	6.409003e+03
46	1086.773386	1.000000e-05	8.289899e-01	2.794444e-13	5.570700e+04	5.205400e+04
46	215.129146	1.032994e-10	8.305939e-01	2.099838e-14	4.655401e+04	3.307101e+04
46	679.439212	6.701112e-12	9.373000e-01	2.649264e-19	4.620200e+04	4.411100e+04
46	802.044275	6.887503e-11	9.848000e-01	5.907612e-30	6.908000e+03	2.432900e+04
46	813.885883	7.308579e-11	9.392000e-01	2.918431e-15	2.280000e+02	1.838000e+04
46	495.217751	3.402391e-11	9.620000e-01	2.388462e-13	4.076600e+04	1.165300e+04
46	912.290063	3.098352e-09	9.924098e-01	3.098352e-09	2.531300e+04	4.085500e+04
46	6262.377995	2.776373e-06	8.822012e-01	4.145558e-15	3.634800e+04	3.674500e+04
46	853.324363	1.348998e-15	9.373000e-01	2.040795e-18	2.693900e+04	4.069000e+03
46	965.718811	1.215397e-16	9.107000e-01	6.078395e-21	2.984100e+04	5.201300e+04
46	290.222144	3.281843e-11	8.274189e-01	3.281843e-11	5.801900e+04	1.573700e+04
46	1492.736188	1.254102e-07	8.499003e-01	5.059053e-16	4.666600e+04	4.184000e+04
46	168.102800	6.806825e-06	8.362285e-01	2.412912e-11	5.363798e+04	1.609302e+04
46	542.438185	2.252823e-11	9.240000e-01	3.654090e-15	4.366800e+04	2.220900e+04
46	820.082136	4.863854e-13	9.297000e-01	2.583350e-29	1.244400e+04	1.950200e+04
46	33928.633413	5.000000e-16	8.480000e-01	3.636709e-36	4.116300e+04	5.581300e+04
46	813.907670	1.646581e-11	9.202000e-01	1.427967e-24	3.554000e+03	5.300000e+02
46	371.774462	1.140884e-07	9.392001e-01	5.385825e-14	2.158100e+04	1.553500e+04
46	818.049767	9.053874e-13	9.164000e-01	1.641329e-29	1.043200e+04	2.139400e+04
46	397.786917	1.252574e-13	9.544000e-01	3.646965e-27	2.869100e+04	1.944000e+03
46	16308.701101	1.000000e-05	9.467316e-01	1.000000e-08	5.859600e+04	5.160006e+02
46	434.519133	4.133327e-09	8.974000e-01	2.280095e-13	3.132100e+04	1.296200e+04
46	817.635146	5.650512e-13	8.898000e-01	5.650512e-13	9.975000e+03	7.849000e+03
46	1023.673630	9.576271e-11	8.841061e-01	9.576271e-11	4.125400e+04	4.767200e+04
46	555.519858	4.901820e-11	9.943000e-01	9.327538e-18	3.491900e+04	3.512900e+04
46	190.446701	1.864115e-07	8.383412e-01	6.857759e-09	5.678065e+04	2.371928e+03
46	814.017331	1.915950e-11	9.031000e-01	1.862051e-19	2.561000e+03	3.754600e+04
46	281.984629	2.881492e-08	8.318054e-01	9.691619e-09	3.015199e+04	5.960750e+02
46	933.129226	8.176667e-18	9.183000e-01	1.494572e-21	3.777900e+04	5.148500e+04
46	911.068974	7.377094e-08	8.100000e-01	9.998145e-09	2.580904e+04	3.503497e+04
46	26135.721617	2.165224e-07	9.354003e-01	4.451453e-16	4.432400e+04	4.203700e+04
46	566.981780	2.954185e-12	9.962000e-01	6.460293e-17	4.097200e+04	3.063200e+04
46	849.252819	5.135620e-15	8.575000e-01	8.249319e-36	2.123500e+04	5.158600e+04
46	816.831048	1.307899e-12	9.050000e-01	4.285860e-25	9.176000e+03	7.754000e+03
46	870.666523	6.866746e-16	8.746000e-01	8.092083e-35	2.634900e+04	4.561300e+04
46	850.040903	5.048500e-15	8.879000e-01	1.622701e-33	2.197300e+04	4.125000e+04
46	813.766264	2.580522e-11	9.411000e-01	1.563291e-14	3.219000e+03	1.154500e+04
46	292.611253	9.509604e-17	9.734000e-01	9.509604e-17	4.612300e+04	8.110000e+03
46	199.793322	7.993678e-09	9.606084e-01	7.993678e-09	1.961043e+03	3.814999e+04
46	228.417140	5.715114e-06	8.308100e-01	1.148024e-14	4.593850e+04	3.462012e+04
46	968.988053	5.197198e-18	8.955000e-01	7.458702e-20	3.641900e+04	4.644600e+04
46	845.661985	7.027736e-15	8.404000e-01	7.027736e-15	2.016300e+04	2.789000e+03
46	173.499984	7.163630e-10	9.606906e-01	7.163630e-10	7.858030e+03	5.051702e+04
46	813.840164	2.145711e-11	9.316000e-01	3.511240e-17	3.302000e+03	2.438700e+04
46	855.611032	2.760852e-15	8.670000e-01	4.547019e-29	2.290100e+04	2.129100e+04
46	815.970331	1.198039e-12	9.525000e-01	2.932036e-32	1.155700e+04	3.391000e+04
46	1120.236877	1.906779e-11	9.316000e-01	5.221899e-29	1.650300e+04	1.148300e+04
46	518.509892	2.695633e-11	9.449000e-01	2.351487e-14	4.234200e+04	1.743500e+04
46	169.748702	1.000000e-05	8.375233e-01	3.372916e-10	3.780198e+04	9.690033e+03
46	870.322213	6.291149e-16	8.271000e-01	2.427577e-37	2.561000e+04	5.901100e+04
46	176.897633	1.333897e-09	9.604151e-01	1.333897e-09	6.348995e+03	5.062799e+04
46	172.039057	3.243287e-14	8.195000e-01	3.216573e-17	1.542000e+04	5.006200e+04
46	649.470411	2.085414e-11	9.468000e-01	5.370053e-19	4.287400e+04	4.232700e+04
46	814.212702	4.294828e-12	8.632000e-01	1.740574e-32	5.260000e+03	4.202200e+04
46	1080.101860	1.805698e-08	9.088000e-01	2.122822e-12	5.082200e+04	5.085400e+04
46	313.109378	9.489414e-09	8.355126e-01	9.489414e-09	5.420401e+04	7.390358e+02
46	830.779164	5.856789e-14	9.050000e-01	5.856789e-14	1.662000e+04	1.951000e+03
46	446.096653	1.090544e-09	9.183000e-01	2.957547e-11	3.405000e+04	7.290000e+02
46	869.058451	1.698003e-16	9.392000e-01	5.397039e-29	3.199800e+04	1.849400e+04
46	866.614296	8.536030e-16	8.233000e-01	2.156746e-34	2.483000e+04	5.022000e+04
46	811.527027	3.811895e-12	9.392000e-01	1.032541e-31	2.040400e+04	2.539000e+04
46	175.723488	3.170581e-06	8.349999e-01	3.384762e-12	5.339402e+04	2.085696e+04
46	211.078911	5.929492e-10	8.309566e-01	3.354733e-14	4.242801e+04	3.194144e+04
46	1065.214923	1.423167e-06	9.543981e-01	8.109717e-12	5.886800e+04	4.827800e+04
46	644.936726	1.331479e-11	9.753000e-01	1.331479e-11	4.453300e+04	1.385000e+03
46	198.771813	1.440556e-08	9.598370e-01	1.000000e-08	5.680358e+02	5.459499e+04
46	1115.713628	1.269365e-07	8.442001e-01	5.832080e-14	5.254100e+04	5.752200e+04
46	1044.415840	1.380360e-11	9.466469e-01	1.380360e-11	4.412900e+04	5.276700e+04
46	202.752616	5.437031e-15	9.848000e-01	7.380792e-19	3.784300e+04	4.052100e+04
46	920.440436	4.272213e-17	9.126000e-01	3.863868e-22	3.363300e+04	5.512200e+04
46	167.224582	1.000000e-05	8.370140e-01	1.061213e-10	4.327800e+04	1.249800e+04
46	865.598558	1.047023e-15	8.556000e-01	2.592942e-32	2.494400e+04	3.894400e+04
46	833.393721	3.268601e-14	9.259000e-01	3.268601e-14	1.872600e+04	6.755000e+03
46	825.869118	1.246635e-13	8.784000e-01	1.113092e-34	1.411100e+04	4.646600e+04
46	542.305813	3.042272e-12	8.993000e-01	3.042272e-12	6.983000e+03	4.969100e+04
46	852.539599	7.019973e-07	9.639015e-01	3.344069e-15	5.607800e+04	2.182600e+04
46	816.394010	1.379930e-12	8.879000e-01	5.474213e-33	8.573000e+03	4.072000e+04
46	173.753333	1.000000e-05	8.378492e-01	8.297057e-10	5.043203e+04	7.503718e+03
46	551.683403	3.184551e-12	8.157000e-01	9.789294e-14	5.063000e+03	5.178200e+04
46	295.393712	4.978340e-10	9.487000e-01	4.821525e-28	8.666000e+03	6.146000e+03
46	1972.176638	4.116798e-07	8.594005e-01	1.406768e-14	4.350500e+04	3.385900e+04
46	172.038570	5.902058e-10	9.607350e-01	5.902058e-10	8.331003e+03	5.952991e+04
46	824.256942	7.497638e-14	9.506000e-01	1.012273e-33	1.812600e+04	3.933700e+04
46	815.299226	2.114943e-11	8.100000e-01	1.614631e-11	4.170000e+02	1.680400e+04
46	192.785880	1.269651e-08	8.330426e-01	3.114342e-13	3.757300e+04	2.660700e+04
46	169.548937	9.631129e-06	8.375006e-01	3.184087e-10	4.591001e+04	9.829990e+03
46	921.832568	4.179007e-08	8.100000e-01	9.112284e-09	2.723300e+04	3.387100e+04
46	839.612912	2.556780e-16	9.658000e-01	7.064377e-35	3.326100e+04	4.630300e+04
46	859.170145	3.000000e-16	9.715000e-01	1.385770e-23	3.261300e+04	5.967800e+04
46	200.570297	1.206423e-10	8.321772e-01	1.193627e-13	4.762403e+04	2.890898e+04
46	1448.473565	1.000000e-05	8.687437e-01	1.000000e-08	5.545000e+04	1.046000e+03
46	1100.801917	1.499116e-06	8.859994e-01	3.817151e-13	5.091900e+04	5.463300e+04
46	206.230791	7.034307e-08	8.313256e-01	5.931940e-14	3.079601e+04	3.055698e+04
46	855.520867	2.225175e-15	8.100000e-01	1.539041e-15	2.236200e+04	2.816900e+04
46	557.492257	7.054567e-12	8.727000e-01	6.696013e-13	4.222000e+03	5.283500e+04
46	1108.828378	4.445869e-13	8.860000e-01	4.445869e-13	5.570400e+04	5.721100e+04
46	902.062788	1.099561e-16	8.841000e-01	1.222665e-18	3.040000e+04	3.778800e+04
46	24580.871628	2.065613e-08	9.582000e-01	1.352720e-13	5.466100e+04	2.835300e+04
46	813.952543	2.759106e-11	9.221000e-01	1.711473e-13	1.642000e+03	9.723000e+03
46	813.774306	2.724327e-11	9.392000e-01	2.336375e-17	3.059000e+03	2.588800e+04
46	896.799727	1.561584e-07	8.100000e-01	8.957316e-09	2.393319e+04	3.020106e+04
46	167.178191	1.000000e-05	8.366248e-01	5.002214e-11	3.062498e+04	1.432301e+04
46	584.221148	5.490138e-17	8.366000e-01	5.490138e-17	1.537900e+04	4.722500e+04
46	224.667934	1.044158e-14	8.214000e-01	4.037373e-19	1.755200e+04	5.986600e+04
46	182.914311	1.047023e-14	8.271000e-01	1.268914e-15	1.694700e+04	4.033600e+04
46	517.937663	6.251154e-12	9.658000e-01	6.251154e-12	4.502300e+04	3.618000e+03
46	1027.156069	1.000001e-16	8.936000e-01	4.983624e-21	2.203700e+04	5.428200e+04
46	167.248998	9.168974e-06	8.365414e-01	4.222644e-11	5.259301e+04	1.473495e+04
46	180.725211	2.358097e-09	9.601974e-01	2.358097e-09	4.965986e+03	5.985897e+04
46	202.466304	1.328305e-12	9.715000e-01	1.328305e-12	2.338600e+04	5.310000e+02
46	559.185467	1.097441e-11	9.164000e-01	9.417451e-13	4.357000e+03	5.319000e+04
46	167.059510	1.000000e-05	8.368946e-01	8.319187e-11	5.578801e+04	1.308898e+04
46	180.243358	1.000000e-05	8.381270e-01	2.216570e-09	3.811904e+04	5.116353e+03
46	511.007974	3.970157e-11	9.525000e-01	1.991758e-14	4.096200e+04	1.771300e+04
46	195.623803	2.555585e-09	8.328000e-01	2.188560e-13	4.097600e+04	2.745300e+04
46	6123.880635	1.081593e-06	8.898013e-01	1.122395e-13	3.894600e+04	2.883000e+04
46	1092.247552	5.594513e-06	9.430101e-01	1.169832e-12	5.368500e+04	5.304100e+04
46	175.741137	1.000000e-05	8.349976e-01	3.374913e-12	3.780204e+04	2.086399e+04
46	491.998578	1.226754e-09	9.601000e-01	2.821612e-16	3.182100e+04	2.762500e+04
46	567.634307	4.492402e-12	9.791000e-01	4.492402e-12	4.547200e+04	3.976000e+03
46	45422.872902	9.200000e-16	8.841000e-01	6.782799e-36	3.566000e+04	5.299300e+04
46	820.172726	1.734685e-13	9.544000e-01	1.831696e-31	1.639600e+04	2.889200e+04
46	813.710310	7.013908e-12	9.525000e-01	1.622659e-30	7.267000e+03	2.639900e+04
46	463.851177	2.447656e-11	9.449000e-01	5.388164e-31	1.593500e+04	1.718300e+04
46	187.072303	2.059708e-06	8.382893e-01	4.886241e-09	5.650388e+04	3.195639e+03
46	8261.070559	5.407831e-16	9.050000e-01	9.102078e-24	4.160100e+04	5.636900e+04
46	178.178862	1.676756e-09	9.603098e-01	1.676756e-09	5.794479e+03	5.893594e+04
46	406.449322	1.052147e-08	9.164000e-01	2.713060e-12	2.840600e+04	6.558000e+03
46	23305.142810	2.900000e-16	9.107000e-01	1.081261e-36	3.917900e+04	5.366400e+04
46	193.712874	1.625000e-08	9.924047e-01	1.313218e-13	4.342000e+03	1.259300e+04
46	832.214907	3.606412e-14	8.727000e-01	3.606412e-14	1.672400e+04	1.211100e+04
46	167.019334	1.000000e-05	8.367884e-01	6.745447e-11	3.930801e+04	1.359800e+04
46	814.813861	1.819281e-11	8.290000e-01	1.819281e-11	1.550000e+02	3.252000e+03
46	14407.579122	1.051456e-07	9.373001e-01	4.205374e-12	4.956900e+04	2.008900e+04
46	816.150338	1.653275e-12	8.993000e-01	1.486896e-33	8.444000e+03	4.233700e+04
46	926.524104	3.258789e-08	8.100000e-01	9.661601e-09	2.785682e+04	3.405999e+04
46	-1.000000	-1.000000e+00	-1.000000e+00	-1.000000e+00	-1.000000e+00	-1.000000e+00
46	185.991890	2.246985e-07	8.339275e-01	7.403044e-13	3.791596e+04	2.453904e+04
46	175.018874	1.000000e-05	8.350857e-01	3.849486e-12	4.051399e+04	2.054502e+04
46	814.205325	4.335843e-12	8.632000e-01	3.342033e-31	5.237000e+03	3.569300e+04
46	25412.005949	2.314818e-08	9.810001e-01	1.080735e-11	5.242900e+04	1.780600e+04
46	68866.465152	4.031190e-17	8.100000e-01	3.731087e-18	4.771700e+04	5.376600e+04
46	1065.994147	9.999999e-06	8.670040e-01	3.344873e-12	5.115800e+04	4.841100e+04
46	548.895599	7.210882e-11	9.525000e-01	1.685065e-16	3.943900e+04	2.894600e+04
46	880.464829	2.947511e-16	8.803000e-01	2.397899e-33	2.847200e+04	3.814100e+04
46	175.657090	1.000000e-05	8.350050e-01	1.875862e-11	1.866001e+04	1.659400e+04
46	176.426838	1.900179e-10	9.582000e-01	8.143471e-28	1.105300e+04	6.180000e+02
46	879.579588	2.555550e-16	9.069000e-01	1.954046e-34	2.957700e+04	4.502200e+04
46	825.404802	1.477602e-13	8.974000e-01	5.297684e-34	1.419200e+04	3.745800e+04
46	886.573588	5.000000e-17	9.316000e-01	2.908877e-37	3.446300e+04	5.909300e+04
46	814.918228	1.597017e-12	9.563000e-01	5.566870e-31	1.117300e+04	2.949400e+04
46	813.698529	2.744810e-11	9.449000e-01	1.961054e-25	3.446000e+03	5.863000e+03
46	28884.025172	9.171586e-09	9.639000e-01	3.769655e-14	5.803200e+04	3.141900e+04
46	505.039750	2.762287e-11	9.658000e-01	4.762678e-14	4.101500e+04	1.545500e+04
46	978.168971	4.699722e-16	9.411000e-01	1.945539e-19	2.165900e+04	4.466800e+04
46	814.642234	2.939757e-12	8.670000e-01	1.769203e-34	6.258000e+03	4.875500e+04
46	1003.555617	6.542426e-06	8.328218e-01	6.677462e-11	4.674300e+04	3.858000e+04
46	2086.261404	5.503830e-08	8.556001e-01	8.825443e-16	5.091400e+04	4.049100e+04
46	81706.474715	2.503469e-17	9.069000e-01	4.472666e-19	4.934800e+04	5.721100e+04
46	-1.000000	-1.000000e+00	-1.000000e+00	-1.000000e+00	-1.000000e+00	-1.000000e+00
46	524.998782	5.841239e-12	9.924000e-01	3.263503e-15	4.105600e+04	2.149100e+04
46	461.663830	1.551877e-08	9.278000e-01	2.254171e-16	2.702100e+04	2.866600e+04
46	170.137485	1.000000e-05	8.375671e-01	3.766556e-10	4.722499e+04	9.421983e+03
46	7209.974562	1.100000e-16	9.430000e-01	9.658083e-38	4.186000e+04	5.962600e+04
46	532.452625	1.453097e-11	9.582000e-01	7.178457e-15	4.317200e+04	2.005200e+04
46	171.398985	1.000000e-05	8.376582e-01	4.974661e-10	2.937100e+04	8.745001e+03
46	813.982822	2.583168e-11	9.069000e-01	1.283280e-13	1.291000e+03	1.077100e+04
46	1041.227224	3.691753e-06	8.423042e-01	9.650976e-12	5.711000e+04	4.434100e+04
46	474.310375	1.671754e-10	9.354000e-01	1.032817e-12	3.814900e+04	8.538000e+03
46	23884.194318	9.636493e-09	9.810000e-01	4.015559e-11	5.684500e+04	1.464100e+04
46	884.439705	6.928930e-17	9.411000e-01	8.216773e-23	3.411400e+04	5.601200e+04
46	1068.352623	8.547515e-06	9.278104e-01	5.519794e-12	5.637300e+04	4.881200e+04
46	816.763124	1.046902e-12	8.689000e-01	3.684172e-28	8.790000e+03	1.762800e+04
46	814.102835	7.461021e-12	9.221000e-01	1.450517e-28	5.544000e+03	2.112900e+04
46	908.536952	3.545429e-08	9.391827e-01	1.000000e-08	2.462700e+04	3.614100e+04
46	813.986942	1.075803e-11	8.936000e-01	1.216706e-12	3.113000e+03	5.434000e+03
46	167.098932	1.000000e-05	8.369328e-01	8.985268e-11	4.193502e+04	1.290200e+04
46	1070.779781	3.000134e-17	9.240000e-01	5.726815e-22	1.855900e+04	5.834200e+04
46	556.793463	1.088024e-12	8.651000e-01	7.328981e-13	8.572000e+03	5.229400e+04
46	952.076837	2.793235e-17	9.183000e-01	4.474608e-22	3.433400e+04	5.644500e+04
46	1057.120106	4.278369e-11	9.316000e-01	1.105360e-27	1.455200e+04	4.264000e+03
46	993.825840	8.132392e-10	8.100000e-01	7.056670e-10	3.715500e+04	4.207800e+04
46	1110.662747	2.762000e-08	8.822000e-01	1.739018e-13	5.511200e+04	5.652500e+04
46	409.211067	2.031628e-11	9.468000e-01	2.615136e-32	1.639200e+04	2.059400e+04
46	576.580151	3.416324e-12	8.499000e-01	9.932068e-14	5.504000e+03	5.662900e+04
46	843.361022	1.066532e-14	8.841000e-01	1.066532e-14	2.010300e+04	1.009000e+03
46	625.011547	2.908349e-13	9.905000e-01	3.714351e-17	4.925100e+04	3.198700e+04
46	814.658825	1.501368e-12	9.582000e-01	1.760203e-32	1.149900e+04	3.498100e+04
46	170.301837	8.401521e-06	8.357624e-01	1.104914e-11	5.783502e+04	1.798796e+04
46	832.761138	3.608597e-14	8.651000e-01	3.608597e-14	1.671500e+04	9.227000e+03
46	185.370348	6.441153e-06	8.382570e-01	4.073087e-09	4.810130e+04	3.637957e+03
46	819.675013	5.458829e-13	9.297000e-01	3.628806e-36	1.216600e+04	4.855000e+04
46	534.893315	1.422397e-11	8.879000e-01	4.337424e-12	2.882000e+03	4.857500e+04
46	972.402569	4.800000e-16	9.411000e-01	5.980203e-22	2.684100e+04	5.637100e+04
46	998.104769	2.324892e-06	8.366296e-01	1.063974e-10	5.265500e+04	3.778000e+04
46	832.204733	4.696040e-14	9.126000e-01	1.877125e-36	1.740000e+04	5.333500e+04
46	1081.086574	3.410619e-12	9.353717e-01	3.410619e-12	5.046000e+04	5.137300e+04
46	815.995024	1.815113e-12	9.031000e-01	8.240199e-34	8.329000e+03	4.384900e+04
46	824.068773	1.507576e-13	8.841000e-01	1.507576e-13	1.364300e+04	7.483000e+03
46	457.051972	1.853074e-15	8.385000e-01	1.853074e-15	8.063000e+03	3.882800e+04
46	173.804401	1.000000e-05	8.378523e-01	8.374502e-10	4.685370e+04	7.481147e+03
46	171.251948	1.000000e-05	8.376148e-01	4.625820e-10	2.747290e+04	8.920052e+03
46	175.087607	1.000000e-05	8.379226e-01	1.046917e-09	5.267203e+04	6.938826e+03
46	813.893423	5.921095e-11	9.392000e-01	9.529282e-18	1.040000e+03	3.015800e+04
46	567.390326	1.109460e-11	8.727000e-01	3.150477e-13	3.125000e+03	5.476400e+04
46	216.775621	4.441787e-17	9.848000e-01	1.171407e-19	4.900400e+04	4.461700e+04
46	581.687678	9.049240e-13	8.328000e-01	4.415443e-14	8.395000e+03	5.732200e+04
46	812.997246	1.777093e-11	9.582000e-01	1.850950e-30	5.489000e+03	3.047100e+04
46	49651.874947	1.814822e-15	8.176000e-01	9.052746e-21	3.867900e+04	5.882900e+04
46	810.794811	7.515990e-11	9.715000e-01	1.828367e-32	3.787000e+03	2.723300e+04
46	851.795225	2.057056e-15	9.335000e-01	2.893509e-34	2.572800e+04	4.358400e+04
46	814.237589	2.914020e-12	8.138000e-01	2.914020e-12	5.242000e+03	4.677000e+03
46	171.585225	1.746291e-09	9.715000e-01	1.889606e-13	6.495000e+03	1.034700e+04
46	427.861670	1.030609e-09	9.867000e-01	4.437469e-14	2.943300e+04	1.535800e+04
46	32074.028802	2.224579e-15	8.461000e-01	2.322429e-21	3.817500e+04	5.864700e+04
46	651.100839	5.418996e-11	9.392000e-01	7.729810e-28	1.399800e+04	4.363000e+03
46	817.109415	8.128925e-13	8.499000e-01	2.015272e-27	9.008000e+03	1.551600e+04
46	907.820658	8.752781e-08	8.100000e-01	7.431702e-09	2.538100e+04	3.943400e+04
46	168.549018	1.000000e-05	8.361142e-01	1.983052e-11	3.858196e+04	1.656904e+04
46	186.698233	2.987070e-09	9.604817e-01	2.987070e-09	4.372020e+03	4.212000e+04
46	829.249370	6.276093e-14	8.556000e-01	1.110709e-32	1.525500e+04	3.605800e+04
46	842.782103	2.236626e-06	8.368103e-01	1.000000e-08	1.684700e+04	5.969600e+04
46	167.383855	2.755530e-09	8.369988e-01	1.040253e-10	4.913992e+04	1.254498e+04
46	551.968518	2.165330e-11	9.601000e-01	5.034872e-16	4.203000e+04	2.628000e+04
46	923.592983	3.806947e-08	8.100000e-01	9.287069e-09	2.746683e+04	3.771305e+04
46	1023.220845	1.031934e-10	8.612870e-01	1.031934e-10	4.145400e+04	5.151900e+04
46	394.372791	4.279032e-07	8.324540e-01	1.000000e-08	5.093700e+04	2.839122e+02
46	829.945260	6.422304e-14	8.821999e-01	6.564841e-34	1.578600e+04	4.565700e+04
46	1010.420406	8.046457e-06	8.956000e-01	1.561634e-10	5.357600e+04	3.959300e+04
46	169.524634	3.120308e-10	9.610547e-01	3.120308e-10	9.878932e+03	5.866994e+04
46	964.644009	5.513893e-18	8.765000e-01	5.818477e-22	3.698300e+04	5.631000e+04
46	1054.569365	3.147359e-06	8.575117e-01	5.965678e-12	5.700900e+04	4.650100e+04
46	868.955154	3.151033e-17	8.442000e-01	3.151033e-17	2.195500e+04	3.690000e+04
46	357.958405	1.000000e-08	8.271005e-01	1.000000e-08	3.704200e+04	1.478000e+03
46	1061.338737	7.600004e-16	9.905000e-01	1.340579e-21	1.612900e+04	5.536200e+04
46	809.092817	6.431722e-11	9.753000e-01	4.919238e-28	4.877000e+03	1.329600e+04
46	170.298759	1.000000e-05	8.357629e-01	1.105917e-11	4.515662e+04	1.798576e+04
46	866.485170	9.402828e-16	8.461000e-01	1.313621e-35	2.501000e+04	4.474800e+04
46	470.737958	1.756122e-10	9.468000e-01	7.617724e-13	3.750200e+04	9.085000e+03
46	893.301451	2.607508e-17	9.468000e-01	2.042650e-22	3.672500e+04	5.500400e+04
46	525.046756	7.989530e-13	9.924000e-01	3.237700e-13	4.611900e+04	1.055800e+04
46	853.961157	3.327930e-15	8.784000e-01	1.926525e-34	2.272100e+04	4.609000e+04
46	2002.150800	1.271425e-06	8.594015e-01	1.218614e-14	3.807000e+04	3.420300e+04
46	441.640203	7.231553e-09	8.898000e-01	1.706541e-14	3.011200e+04	1.936200e+04
46	187.973800	1.000000e-05	8.382319e-01	5.014461e-09	2.596402e+04	3.127157e+03
46	848.772383	5.761729e-15	8.803000e-01	1.201064e-29	2.146900e+04	2.333200e+04
46	487.116368	4.698469e-11	9.563000e-01	1.491941e-12	4.031900e+04	7.327000e+03
46	822.258941	2.075776e-13	8.461000e-01	9.106378e-17	1.221200e+04	1.018300e+04
46	178.384160	1.466276e-12	9.639000e-01	6.275154e-14	2.295200e+04	9.417000e+03
46	226.560151	1.190794e-11	8.295412e-01	8.720531e-12	5.205800e+04	1.857900e+04
46	376.849697	6.840720e-08	9.335001e-01	1.597567e-13	2.309700e+04	1.303700e+04
46	820.436357	3.143668e-13	8.575000e-01	3.143668e-13	1.140100e+04	3.588000e+03
46	178.931467	1.000000e-05	8.380295e-01	1.757954e-09	2.694400e+04	5.676000e+03
46	574.861524	5.784231e-07	8.404009e-01	1.348940e-15	3.975200e+04	3.956500e+04
46	167.027462	9.519545e-06	8.368433e-01	7.511367e-11	5.104202e+04	1.333695e+04
46	831.615936	5.150542e-14	9.125927e-01	8.405177e-35	1.717900e+04	4.773400e+04
46	6749.222354	4.336393e-09	8.879001e-01	1.613398e-14	5.964400e+04	3.348600e+04
46	814.044253	1.465531e-11	8.309000e-01	1.419243e-13	1.087000e+03	1.366400e+04
46	171.586788	1.000000e-05	8.377000e-01	5.369276e-10	4.646003e+04	8.560879e+03
46	480.866587	4.341295e-11	9.829000e-01	1.174546e-13	3.806800e+04	1.308700e+04
46	167.485799	1.000000e-05	8.364306e-01	3.450477e-11	4.718603e+04	1.522506e+04
46	825.883464	1.045091e-13	8.537000e-01	1.045091e-13	1.398000e+04	4.846000e+03
46	981.163256	1.666856e-09	8.100000e-01	1.492399e-09	3.534116e+04	4.967201e+04
46	818.321520	8.200579e-13	9.126000e-01	2.080239e-27	1.054100e+04	1.322300e+04
46	57431.318142	5.970775e-16	8.100000e-01	1.994561e-16	4.132400e+04	5.652100e+04
46	167.075255	1.000000e-05	8.366711e-01	5.384483e-11	3.896598e+04	1.414499e+04
46	970.808073	5.333438e-06	9.242147e-01	1.931135e-09	5.516000e+04	3.388400e+04
46	919.871353	4.635983e-08	8.100000e-01	9.995455e-09	2.697283e+04	3.642505e+04
46	866.903647	1.586681e-07	9.601004e-01	8.818236e-16	5.873100e+04	2.501400e+04
46	187.239535	6.738498e-06	8.338287e-01	6.335021e-13	5.342004e+04	2.491794e+04
46	1046.005509	9.999999e-06	8.708132e-01	1.301428e-11	5.065300e+04	4.510500e+04
46	849.731018	5.215109e-15	8.841070e-01	3.602232e-36	2.179900e+04	5.407000e+04
46	139.041448	8.894568e-12	9.829000e-01	5.084075e-12	2.032800e+04	3.411000e+03
46	572.338887	9.775832e-12	9.696000e-01	1.702750e-16	4.333100e+04	2.868900e+04
46	914.603884	1.072624e-16	8.575000e-01	1.803424e-19	2.960300e+04	4.417600e+04
46	171.616087	5.961861e-06	8.355489e-01	7.853582e-12	5.576301e+04	1.881599e+04
46	1061.626980	9.999999e-06	9.810068e-01	1.184736e-11	5.353900e+04	4.767300e+04
46	812.542343	8.108809e-11	9.658000e-01	3.773705e-27	2.674000e+03	1.303700e+04
46	831.536459	3.741315e-14	9.354000e-01	9.744705e-37	1.887700e+04	5.326100e+04
46	1103.865508	4.248746e-09	8.556000e-01	1.889101e-13	5.922800e+04	5.521500e+04
46	1079.382757	7.165903e-06	9.106991e-01	2.269051e-12	5.476400e+04	5.072700e+04
46	906.881570	6.488572e-08	9.486579e-01	1.000000e-08	2.306400e+04	3.380000e+04
46	1076.480212	4.710449e-12	8.423000e-01	4.710449e-12	5.007600e+04	5.104700e+04
46	294.616733	2.394644e-08	8.305180e-01	1.000000e-08	3.026400e+04	3.909998e+02
46	813.888710	1.378633e-11	9.202000e-01	1.529543e-27	3.985000e+03	2.227400e+04
46	208.464694	4.413386e-13	9.715000e-01	4.413386e-13	2.598300e+04	1.814000e+03
46	916.443522	1.179958e-06	8.271066e-01	6.031991e-09	5.618200e+04	2.652500e+04
46	856.790034	2.352658e-15	9.031000e-01	6.075528e-30	2.421200e+04	2.478600e+04
46	640.171198	3.247022e-13	9.240000e-01	3.247022e-13	1.371700e+04	5.526100e+04
46	1048.554603	9.999999e-06	8.841197e-01	1.328748e-11	5.327000e+04	4.551700e+04
46	1070.825796	5.000000e-17	9.924000e-01	6.905785e-22	2.342800e+04	5.683000e+04
46	17846.175133	7.800000e-16	8.898000e-01	1.661793e-36	4.167900e+04	5.211100e+04
46	1045.195185	3.874957e-12	9.809909e-01	3.874957e-12	4.450100e+04	5.846000e+04
46	1032.616448	4.296214e-11	9.069004e-01	4.296214e-11	4.263700e+04	5.087900e+04
46	1061.451218	4.600007e-16	9.829000e-01	1.120303e-21	2.099300e+04	5.583300e+04
46	814.450029	2.796908e-12	8.727000e-01	2.796908e-12	6.249000e+03	2.026000e+03
46	447.040969	1.283634e-09	9.525000e-01	5.107553e-14	3.217500e+04	1.546500e+04
46	423.204867	3.344316e-10	9.810001e-01	3.948237e-12	8.294000e+03	5.146100e+04
46	956.085253	1.100000e-16	9.848000e-01	1.015206e-22	3.479500e+04	5.968600e+04
46	877.958013	3.191896e-16	9.924000e-01	3.185090e-16	9.713000e+03	2.700300e+04
46	880.295717	2.466289e-16	9.050000e-01	2.466289e-16	2.959600e+04	1.032600e+04
46	815.407502	1.698441e-12	8.556000e-01	1.712562e-27	7.345000e+03	1.391800e+04
46	178.165763	1.000000e-05	8.380567e-01	1.675693e-09	4.729394e+04	5.796052e+03
46	845.984813	6.729672e-15	9.183000e-01	3.020651e-34	2.223700e+04	4.380500e+04
46	864.018104	6.461810e-16	9.278000e-01	4.126344e-21	2.821000e+04	1.980300e+04
46	587.452541	1.060810e-13	8.309000e-01	4.854395e-14	1.350400e+04	5.685800e+04
46	1065.933676	8.400000e-16	9.753000e-01	8.631847e-22	1.765900e+04	5.652400e+04
46	184.718563	1.000000e-05	8.382280e-01	3.729483e-09	2.982900e+04	3.851000e+03
46	478.546642	1.698325e-09	9.753000e-01	2.510808e-16	2.975600e+04	2.769700e+04
46	193.060334	3.408187e-09	9.609118e-01	3.408187e-09	4.026001e+03	3.977402e+04
46	900.578447	1.000000e-05	8.217366e-01	9.576664e-09	4.754424e+04	2.444099e+04
46	5182.145065	1.992330e-08	8.955001e-01	1.492439e-11	5.728700e+04	1.705300e+04
46	182.461338	9.922677e-06	8.342758e-01	1.183410e-12	5.812145e+04	2.340403e+04
46	176.499950	1.000000e-05	8.349083e-01	2.953521e-12	4.397801e+04	2.118735e+04
46	431.440018	2.835670e-09	9.050000e-01	5.314616e-12	3.205700e+04	5.189000e+03
46	50744.768190	1.667630e-15	8.157000e-01	4.833346e-19	3.887600e+04	4.896200e+04
46	167.650762	1.000000e-05	8.363685e-01	3.087186e-11	5.205852e+04	1.549504e+04
46	1013.862021	4.199958e-16	9.677000e-01	3.040922e-20	1.789400e+04	4.859200e+04
46	815.539606	1.211244e-12	8.157000e-01	1.211244e-12	7.436000e+03	6.790000e+02
46	12130.523121	3.163718e-08	9.088004e-01	1.255718e-14	4.959900e+04	3.407200e+04
46	827.752225	9.527193e-14	8.917000e-01	3.115435e-35	1.508600e+04	4.975400e+04
46	199.142420	9.921831e-06	8.328431e-01	1.666682e-13	5.655160e+04	2.815099e+04
46	171.832211	1.000000e-05	8.355162e-01	7.462030e-12	3.896400e+04	1.894000e+04
46	172.173835	1.000000e-05	8.354889e-01	1.657305e-11	2.036802e+04	1.695199e+04
46	961.877593	4.800062e-06	9.165714e-01	2.971231e-09	5.271500e+04	3.264400e+04
46	876.095227	4.257142e-16	8.594000e-01	1.941645e-33	2.713400e+04	3.627700e+04
46	167.399027	8.191151e-06	8.364673e-01	3.687271e-11	4.749601e+04	1.506398e+04
46	511.017046	3.402479e-11	9.354000e-01	6.642996e-14	4.218200e+04	1.511800e+04
46	433.228687	2.108149e-09	9.202000e-01	1.043460e-11	3.232300e+04	3.222000e+03
46	998.877631	2.800000e-16	9.848000e-01	1.371306e-20	2.910300e+04	4.976000e+04
46	1050.810542	2.785570e-06	8.442043e-01	5.554377e-12	5.798900e+04	4.588600e+04
46	536.657700	6.761096e-12	9.525000e-01	2.412164e-14	4.546000e+04	1.726200e+04
46	411.895440	3.546280e-16	9.639000e-01	2.502203e-27	4.281300e+04	4.877000e+03
46	801.927428	5.390925e-11	9.848000e-01	1.428670e-30	7.507000e+03	2.507400e+04
46	856.514849	1.609169e-15	9.259000e-01	1.275559e-20	2.595300e+04	1.953600e+04
46	815.514271	1.821247e-12	8.727000e-01	9.447385e-31	7.540000e+03	2.503600e+04
46	813.620842	9.618898e-12	9.506000e-01	5.676423e-25	6.361000e+03	1.115000e+03
46	167.861108	1.000000e-05	8.363002e-01	2.738292e-11	3.665698e+04	1.578600e+04
46	384.958672	1.255188e-09	9.962000e-01	3.644095e-12	2.574400e+04	4.663000e+03
46	971.350263	9.599758e-16	9.981000e-01	4.904660e-19	1.419200e+04	4.190600e+04
46	173.174529	1.000000e-05	8.378136e-01	7.446213e-10	5.101222e+04	7.766546e+03
46	479.871266	3.105717e-15	9.582000e-01	1.422791e-20	3.758400e+04	4.017100e+04
46	902.245298	4.466497e-08	9.563109e-01	1.000000e-08	2.329200e+04	3.533800e+04
46	455.754005	1.904724e-10	9.715000e-01	5.323869e-12	3.565400e+04	4.042000e+03
46	991.690331	3.024380e-17	9.221000e-01	1.209419e-19	7.322000e+03	4.625500e+04
46	501.330109	9.937225e-12	9.449000e-01	4.669774e-30	1.811100e+04	1.226300e+04
46	815.803460	1.876938e-12	8.955000e-01	2.140510e-31	8.032000e+03	3.446400e+04
46	289.536245	6.087542e-16	9.772000e-01	6.087542e-16	4.188400e+04	1.062400e+04
46	814.225953	6.018989e-12	9.411000e-01	1.330715e-27	6.914000e+03	1.026100e+04
46	479.690727	2.683215e-09	8.594000e-01	1.186170e-15	3.330800e+04	2.698100e+04
46	520.656998	1.870999e-11	9.297000e-01	7.970478e-14	4.393200e+04	1.478500e+04
46	170.895205	3.397001e-06	8.376410e-01	4.572659e-10	5.440105e+04	8.950959e+03
46	451.162067	1.985004e-09	9.354000e-01	2.237332e-14	3.189600e+04	1.769900e+04
46	818.261306	5.605587e-13	8.765000e-01	5.605587e-13	1.030600e+04	4.671000e+03
46	241.754889	5.572550e-10	8.278015e-01	8.119367e-16	4.096460e+04	4.083783e+04
46	872.218441	4.331181e-16	9.145000e-01	2.533991e-34	2.860300e+04	4.191500e+04
46	175.116907	1.000000e-05	8.379240e-01	1.052036e-09	5.934102e+04	6.926976e+03
46	174.915046	2.608101e-09	9.772000e-01	3.730948e-12	6.076000e+03	3.842000e+03
46	167.871845	1.000000e-05	8.362975e-01	2.726930e-11	3.546495e+04	1.579605e+04
46	568.532362	6.127368e-12	9.544000e-01	7.812259e-16	4.559400e+04	2.533400e+04
46	556.530669	2.508595e-13	8.195000e-01	1.767679e-13	1.124700e+04	5.156900e+04
46	-1.000000	-1.000000e+00	-1.000000e+00	-1.000000e+00	-1.000000e+00	-1.000000e+00
46	167.220344	1.000000e-05	8.370119e-01	1.056548e-10	4.417441e+04	1.250870e+04
46	850.213917	4.888077e-15	8.917000e-01	4.888077e-15	2.214600e+04	7.119000e+03
46	610.330973	1.631343e-06	8.404004e-01	8.450334e-16	3.929800e+04	4.068100e+04
46	960.372052	2.951103e-06	8.214499e-01	3.840931e-10	4.539900e+04	3.245200e+04
46	168.264908	1.000000e-05	8.361876e-01	2.258703e-11	3.300599e+04	1.625300e+04
46	185.992503	4.162869e-06	8.382693e-01	4.357390e-09	4.750800e+04	3.473999e+03
46	828.473018	7.620972e-15	8.195000e-01	7.620972e-15	1.766300e+04	2.648000e+04
46	813.961422	1.014006e-11	8.898000e-01	6.695922e-32	3.800000e+03	4.054100e+04
46	192.453638	7.939214e-09	9.599492e-01	7.939214e-09	2.014003e+03	4.524003e+04
46	175.102174	1.000000e-05	8.379233e-01	1.049461e-09	5.849907e+04	6.932929e+03
46	136.185277	3.449196e-12	9.905000e-01	2.708480e-12	2.396100e+04	5.253000e+03
46	801.586870	1.725259e-11	9.848000e-01	4.473044e-32	1.029800e+04	3.515300e+04
46	620.754376	8.430439e-11	9.259000e-01	1.191618e-18	4.023000e+04	4.087600e+04
46	814.313560	1.063242e-11	8.309000e-01	1.063242e-11	1.867000e+03	3.210000e+03
46	197.881308	1.293830e-08	9.598780e-01	1.000000e-08	8.269849e+02	4.512415e+04
46	823.054824	1.972854e-13	9.031000e-01	1.972854e-13	1.349300e+04	6.570000e+03
46	813.987979	1.230387e-11	8.803000e-01	2.131603e-13	2.654000e+03	9.219000e+03
46	931.085769	3.100000e-16	9.411000e-01	2.453690e-22	2.900700e+04	5.689600e+04
46	1084.063200	9.999996e-06	8.518014e-01	7.266423e-13	5.269100e+04	5.156000e+04
46	1027.845862	1.101626e-06	8.233120e-01	9.249683e-12	5.041300e+04	4.225300e+04
46	54756.273027	1.922682e-16	8.271000e-01	3.738384e-20	4.414400e+04	5.661500e+04
46	557.995145	7.511334e-11	9.164000e-01	1.717450e-16	4.086700e+04	2.954700e+04
46	250.561049	5.617050e-11	8.271674e-01	2.949013e-16	4.651888e+04	4.328018e+04
46	195.396682	2.081712e-09	9.615912e-01	2.081712e-09	5.194998e+03	3.972499e+04
46	1029.189546	8.000000e-16	9.791000e-01	2.752722e-22	2.638700e+04	5.847400e+04
46	162.065033	1.491159e-10	9.639000e-01	2.661072e-13	1.187100e+04	7.041000e+03
46	823.039401	2.028055e-13	8.689000e-01	9.344059e-35	1.273100e+04	4.862800e+04
46	12465.634356	9.252474e-08	9.126001e-01	2.718392e-14	5.011800e+04	3.221900e+04
46	1078.321590	2.651933e-06	9.485081e-01	3.224423e-12	4.312700e+04	5.054000e+04
46	177.644408	6.261507e-06	8.380368e-01	1.555439e-09	5.828800e+04	5.976981e+03
46	719.422137	5.791628e-14	9.487000e-01	1.142825e-18	5.779600e+04	4.057800e+04
46	968.863969	3.674972e-06	8.879459e-01	1.527314e-09	5.841300e+04	3.361300e+04
46	820.797455	3.978599e-13	9.011996e-01	3.197371e-34	1.192600e+04	4.602700e+04
46	813.969855	3.967012e-11	9.259000e-01	1.844531e-17	1.439000e+03	2.865700e+04
46	528.850363	2.358470e-11	8.917000e-01	4.319779e-14	4.454700e+04	1.710800e+04
46	844.041510	7.035322e-15	9.278000e-01	8.531039e-32	2.252000e+04	2.936600e+04
46	168.135364	9.959944e-06	8.372841e-01	1.904827e-10	5.065906e+04	1.107766e+04
46	845.461637	4.687149e-15	9.335000e-01	4.687149e-15	2.375400e+04	6.412000e+03
46	145.061903	4.546114e-13	9.696000e-01	4.275791e-17	2.604800e+04	2.960300e+04
46	483.546413	7.136877e-10	8.803000e-01	1.519640e-14	3.618600e+04	1.995300e+04
46	826.174145	1.281893e-13	8.974000e-01	2.788318e-28	1.453200e+04	1.490000e+04
46	171.978882	9.031955e-06	8.377306e-01	5.849121e-10	5.426902e+04	8.352962e+03
46	433.678760	2.254928e-09	9.620000e-01	4.505437e-14	3.017000e+04	1.562800e+04
46	835.632933	2.234948e-14	9.297000e-01	2.169838e-29	1.984100e+04	2.128200e+04
46	835.587977	2.891116e-14	8.898000e-01	8.972944e-30	1.788000e+04	2.350800e+04
46	518.483220	1.044431e-10	9.164000e-01	4.479131e-15	4.003800e+04	2.187800e+04
46	172.646020	7.653527e-06	8.377786e-01	6.714465e-10	5.989302e+04	8.017818e+03
46	208.548086	7.016134e-11	8.313093e-01	4.593199e-14	4.807116e+04	3.119803e+04
46	870.898654	4.464784e-16	9.183000e-01	4.240966e-20	2.867800e+04	1.311500e+04
46	634.241072	1.000000e-05	8.138267e-01	1.967992e-15	4.980300e+04	4.260100e+04
46	926.485486	1.606096e-17	8.290000e-01	7.508532e-19	3.347600e+04	4.291400e+04
46	449.541246	1.840267e-10	9.810000e-01	2.699212e-12	3.469100e+04	5.569000e+03
46	822.077944	2.683202e-13	8.822000e-01	4.820831e-33	1.236700e+04	3.937400e+04
46	829.169028	5.784744e-14	8.385000e-01	2.714095e-27	1.512400e+04	1.679100e+04
46	988.508141	1.000000e-05	8.975267e-01	5.650957e-10	5.233800e+04	3.638900e+04
46	496.693345	7.251104e-13	9.981000e-01	2.062110e-13	4.262900e+04	1.157300e+04
46	171.231992	9.642124e-06	8.376706e-01	4.953082e-10	5.758002e+04	8.756854e+03
46	167.939178	9.726174e-06	8.372424e-01	1.733885e-10	5.233800e+04	1.130598e+04
46	206.733494	8.521170e-06	8.322755e-01	7.855619e-14	5.003364e+04	2.997107e+04
46	1102.223321	6.248259e-13	9.810000e-01	6.248259e-13	5.223400e+04	5.604500e+04
46	816.768426	9.528411e-13	8.556000e-01	6.850674e-30	8.738000e+03	2.351100e+04
46	861.238719	1.000000e-05	8.118206e-01	9.895398e-09	5.121810e+04	1.970215e+04
46	261.900768	1.331236e-12	9.563000e-01	6.927969e-28	2.301800e+04	5.063000e+03
46	553.700142	1.212958e-09	9.316000e-01	5.446735e-18	3.327500e+04	3.725400e+04
46	168.234558	1.000000e-05	8.373036e-01	1.991185e-10	4.926400e+04	1.096999e+04
46	374.070204	8.172047e-09	9.886000e-01	2.169735e-11	2.385400e+04	4.120000e+02
46	978.862767	1.765712e-09	8.271001e-01	1.765712e-09	3.494300e+04	4.019100e+04
46	966.369995	1.000000e-05	9.051243e-01	2.098321e-09	4.763500e+04	3.326600e+04
46	841.546379	1.051393e-14	8.271000e-01	4.238728e-29	1.897500e+04	2.302000e+04
46	870.592907	6.174823e-07	8.100000e-01	8.860544e-09	2.050381e+04	3.392706e+04
46	929.711408	1.375800e-08	8.991525e-01	1.000000e-08	2.818699e+04	4.103112e+04
46	-1.000000	-1.000000e+00	-1.000000e+00	-1.000000e+00	-1.000000e+00	-1.000000e+00
46	511.314141	1.620199e-10	9.924000e-01	8.237380e-17	3.264800e+04	3.010000e+04
46	815.181831	1.967818e-12	8.594000e-01	1.459378e-29	7.067000e+03	2.324900e+04
46	438.569193	3.579009e-10	9.924000e-01	2.983126e-14	3.066400e+04	1.624100e+04
46	851.305463	1.708935e-06	8.100000e-01	6.269951e-09	1.797283e+04	3.011505e+04
46	657.327825	1.000000e-05	8.119574e-01	3.860787e-10	4.349600e+04	1.564900e+04
46	941.956970	3.234202e-16	9.221000e-01	3.279407e-18	2.970000e+03	3.867500e+04
46	863.779351	1.229914e-15	8.955000e-01	3.154897e-37	2.551800e+04	5.701800e+04
46	832.094971	3.367449e-14	8.537000e-01	3.367449e-14	1.642700e+04	1.366800e+04
46	183.302306	1.324323e-09	9.609864e-01	1.324323e-09	6.335035e+03	4.278799e+04
46	495.101263	1.293230e-10	8.708000e-01	3.521429e-13	4.073600e+04	1.280100e+04
46	872.352225	4.603250e-17	8.404000e-01	4.603250e-17	1.588600e+04	4.759800e+04
46	498.966706	9.585672e-10	9.658000e-01	1.760198e-16	3.203800e+04	2.865000e+04
46	992.893587	8.075833e-11	9.805914e-01	8.075833e-11	3.679100e+04	5.272700e+04
46	171.292152	1.000000e-05	8.376499e-01	4.857357e-10	2.944400e+04	8.803000e+03
46	167.894335	1.697925e-11	9.905000e-01	3.918182e-15	2.018000e+04	2.088600e+04
46	1037.416093	1.000000e-05	8.917104e-01	2.928142e-11	5.273100e+04	4.373400e+04
46	545.558430	5.555884e-13	9.886000e-01	5.065234e-14	4.809100e+04	1.503800e+04
46	859.617076	3.656299e-16	9.430000e-01	6.992249e-36	3.040400e+04	5.240200e+04
46	168.469459	1.000000e-05	8.361740e-01	2.407705e-11	2.586000e+04	1.609300e+04
46	433.721338	1.144170e-08	8.784000e-01	2.114641e-14	2.923900e+04	1.922700e+04
46	998.478586	8.790618e-20	8.309000e-01	9.238290e-35	4.606600e+04	5.158900e+04
46	18015.385225	1.235597e-15	8.746000e-01	2.883997e-21	3.957900e+04	5.449500e+04
46	819.081854	6.646284e-13	9.221000e-01	1.604395e-28	1.138400e+04	1.579800e+04
46	910.172417	1.996454e-17	8.404000e-01	1.456885e-19	1.961300e+04	5.001600e+04
46	825.327000	1.237671e-13	8.594000e-01	1.159922e-28	1.371100e+04	1.993200e+04
46	1078.590100	4.436056e-07	8.175997e-01	1.967723e-13	5.017900e+04	5.064100e+04
46	424.616514	5.306588e-09	9.639000e-01	1.629921e-14	2.788500e+04	1.801700e+04
46	501.226379	1.383095e-09	9.145000e-01	3.798109e-16	3.356300e+04	2.772200e+04
46	903.382648	5.956127e-17	8.594000e-01	8.320377e-18	2.181700e+04	3.878900e+04
46	1052.882411	1.541602e-11	8.765007e-01	1.541602e-11	4.600700e+04	5.362800e+04
46	809.066057	9.110805e-14	9.829897e-01	6.706789e-34	2.252900e+04	3.847600e+04
46	851.224859	4.260400e-15	8.632000e-01	1.138661e-34	2.179500e+04	4.722600e+04
46	833.905555	3.493451e-14	8.898000e-01	3.493451e-14	1.740500e+04	6.501000e+03
46	167.066026	1.000000e-05	8.368873e-01	8.216578e-11	3.522200e+04	1.311900e+04
46	814.035727	1.848987e-11	8.442000e-01	9.600987e-13	7.500000e+01	9.498000e+03
46	213.230771	1.934557e-11	8.347000e-01	1.049639e-13	5.895700e+04	2.921500e+04
46	953.372531	3.609118e-06	9.127499e-01	4.574012e-09	5.718700e+04	3.147600e+04
46	915.919851	4.526576e-17	8.423000e-01	6.092546e-19	3.145800e+04	4.163200e+04
46	-1.000000	-1.000000e+00	-1.000000e+00	-1.000000e+00	-1.000000e+00	-1.000000e+00
46	808.164222	6.927980e-12	9.772000e-01	2.581340e-31	1.063500e+04	2.865500e+04
46	169.396894	8.850609e-06	8.374819e-01	3.039436e-10	5.458799e+04	9.942906e+03
46	570.579282	2.625546e-12	9.449000e-01	2.695687e-29	2.132100e+04	1.315000e+04
46	829.465104	7.359842e-14	9.031000e-01	6.638652e-29	1.602400e+04	1.891500e+04
46	243.351014	3.373593e-11	8.292955e-01	3.373593e-11	5.242100e+04	1.545000e+04
46	443.215271	1.237666e-07	8.366003e-01	5.304697e-16	4.315900e+04	4.183500e+04
46	317.201410	2.710385e-08	8.279722e-01	9.999999e-09	2.939998e+04	8.300997e+01
46	5153.403734	9.052262e-08	8.746011e-01	1.518069e-15	4.464100e+04	3.915500e+04
46	20953.558740	5.700000e-16	9.145000e-01	7.652816e-38	3.669200e+04	5.961400e+04
46	203.577662	2.040459e-10	8.318247e-01	8.288397e-14	4.588916e+04	2.978091e+04
46	808.414490	9.155602e-11	9.772000e-01	9.204075e-30	4.390000e+03	2.323300e+04
46	968.113997	3.404005e-09	8.119003e-01	3.404005e-09	3.350800e+04	4.979000e+04
46	980.504659	7.898490e-16	9.867000e-01	2.759395e-19	1.230900e+04	4.334600e+04
46	23165.020075	6.000000e-16	8.879000e-01	3.126331e-36	4.257100e+04	5.183200e+04
46	548.375789	2.885891e-09	9.847996e-01	2.885891e-09	6.556000e+03	4.450000e+04
46	886.497544	2.680284e-07	8.100000e-01	9.580414e-09	2.258410e+04	3.261009e+04
46	260.713137	1.884636e-14	8.271000e-01	2.423512e-17	1.490800e+04	4.963200e+04
46	170.113700	1.000000e-05	8.357962e-01	1.178021e-11	3.120800e+04	1.783198e+04
46	242.986417	4.453351e-08	8.355283e-01	1.000000e-08	3.104000e+04	8.970003e+02
46	983.168129	8.096588e-06	9.357309e-01	1.053072e-09	5.285500e+04	3.562600e+04
46	814.031811	6.362964e-12	8.746000e-01	2.244961e-26	4.559000e+03	1.271900e+04
46	172.272291	1.000000e-05	8.354515e-01	6.739615e-12	4.575004e+04	1.918697e+04
46	830.269932	2.983667e-14	9.449000e-01	4.409703e-35	1.995800e+04	4.675100e+04
46	167.857805	1.000000e-05	8.372235e-01	1.662521e-10	4.683594e+04	1.140803e+04
46	819.423998	4.105754e-13	9.202000e-01	4.105754e-13	1.195600e+04	6.875000e+03
46	946.099014	8.400000e-16	9.677000e-01	1.109622e-20	2.716900e+04	4.949300e+04
46	964.270127	8.085188e-06	8.842022e-01	1.880543e-09	5.390800e+04	3.297500e+04
46	558.466689	1.346302e-12	8.860000e-01	8.594037e-13	8.541000e+03	5.264800e+04
46	1025.733346	9.438049e-13	8.537000e-01	9.438049e-13	4.793000e+03	2.380500e+04
46	836.282860	2.653915e-14	9.012000e-01	9.093172e-33	1.840100e+04	3.749200e+04
46	181.311993	1.000000e-05	8.343899e-01	1.391782e-12	4.269699e+04	2.301102e+04
46	138.544136	1.742098e-11	9.943000e-01	4.099782e-12	2.136000e+04	4.321000e+03
46	178.433911	9.835350e-06	8.346909e-01	2.146565e-12	5.259802e+04	2.196093e+04
46	486.394472	1.601891e-09	9.715000e-01	1.783126e-16	3.027200e+04	2.854400e+04
46	948.190879	1.000000e-05	8.518971e-01	2.644303e-09	4.880800e+04	3.077100e+04
46	200.422700	1.000000e-05	8.319482e-01	1.537372e-11	1.566304e+04	1.674099e+04
46	806.012715	1.896537e-11	9.810000e-01	1.278122e-29	9.003000e+03	1.589800e+04
46	828.755872	8.256289e-14	9.012000e-01	2.550180e-36	1.569300e+04	5.595600e+04
46	18613.951488	4.015233e-09	9.183001e-01	6.692015e-16	5.876100e+04	4.107300e+04
46	232.582401	1.127918e-07	9.961476e-01	4.897823e-15	1.323000e+03	2.043200e+04
46	813.728153	2.948819e-11	9.430000e-01	1.169517e-15	3.007000e+03	1.762400e+04
46	225.089854	9.354804e-11	8.295770e-01	6.471682e-15	4.620759e+04	3.588956e+04
46	1057.652580	3.600022e-16	9.848000e-01	1.762993e-21	1.401100e+04	5.481500e+04
46	833.862047	5.906010e-16	9.677000e-01	5.805631e-37	3.150200e+04	5.599100e+04
46	188.961188	5.922943e-09	9.599641e-01	5.922943e-09	2.728040e+03	5.691210e+04
46	183.825363	5.153471e-14	8.195000e-01	6.285194e-18	1.423800e+04	5.385900e+04
46	815.344069	4.300000e-16	9.829000e-01	1.354012e-37	3.702600e+04	5.591900e+04
46	1038.556169	3.200000e-16	9.772000e-01	2.182623e-37	3.770700e+04	5.497800e+04
46	814.427836	3.319285e-12	8.594000e-01	2.431661e-31	5.804000e+03	3.532200e+04
46	168.813141	1.000000e-05	8.360530e-01	1.786680e-11	4.289092e+04	1.682207e+04
46	866.455422	6.952429e-16	9.183000e-01	1.677314e-30	2.762900e+04	2.596100e+04
46	182.590731	1.631910e-09	9.607227e-01	1.631910e-09	5.838034e+03	4.322300e+04
46	822.774606	2.141204e-13	8.689000e-01	1.285203e-33	1.260100e+04	4.224400e+04
46	169.427490	1.000000e-05	8.374857e-01	3.068400e-10	5.175319e+04	9.919872e+03
46	197.720026	2.765601e-06	8.329538e-01	1.932343e-13	4.861077e+04	2.779302e+04
46	379.425427	6.952079e-10	8.214000e-01	2.557995e-13	3.819000e+04	2.573000e+04
46	29532.163140	1.148107e-07	9.677001e-01	5.589928e-14	4.695800e+04	3.047300e+04
46	249.627266	1.538977e-15	9.886000e-01	2.454968e-19	4.146900e+04	4.320500e+04
46	-1.000000	-1.000000e+00	-1.000000e+00	-1.000000e+00	-1.000000e+00	-1.000000e+00
46	170.459737	3.839701e-10	9.609648e-01	3.839701e-10	9.374050e+03	5.375602e+04
46	848.820653	5.766865e-15	8.879000e-01	1.790403e-31	2.165800e+04	2.975200e+04
46	390.417970	2.829353e-08	9.069000e-01	1.916886e-11	2.622100e+04	2.027000e+03
46	205.258215	6.765454e-06	8.323830e-01	9.052632e-14	4.399802e+04	2.962796e+04
46	806.516960	6.387640e-12	9.810000e-01	1.008835e-30	1.163600e+04	2.504800e+04
46	170.172919	1.000000e-05	8.357856e-01	1.156391e-11	3.154298e+04	1.787701e+04
46	-1.000000	-1.000000e+00	-1.000000e+00	-1.000000e+00	-1.000000e+00	-1.000000e+00
46	442.482385	9.500700e-10	9.867000e-01	7.408260e-15	2.963500e+04	1.960700e+04
46	826.911029	1.114646e-13	9.202000e-01	6.938706e-36	1.560200e+04	5.134700e+04
46	1003.183765	5.497184e-06	8.841691e-01	2.092719e-10	5.513500e+04	3.852100e+04
46	9921.773253	4.000302e-07	8.879003e-01	1.578882e-16	4.400400e+04	4.452800e+04
46	622.118954	3.601218e-11	9.734000e-01	8.775480e-19	3.966000e+04	4.081500e+04
46	178.314538	1.000000e-05	8.380617e-01	1.709882e-09	3.815311e+04	5.746944e+03
