0	0.000000	0.019127	0.002569
1	0.000000	0.022404	0.001726
2	0.000000	0.021085	0.000964
3	0.000000	0.024324	0.002394
4	0.000000	0.023331	0.001849
5	0.000000	0.024957	0.006782
6	0.000000	0.013132	0.008972
7	0.000000	2.187386	0.238562
8	0.000000	-1.000000	-1.000000
9	0.000000	1.530283	0.143832
10	0.000000	1.480518	0.134793
11	0.000000	1.410734	0.127345
12	0.000000	1.139219	0.120874
13	0.000000	0.928352	0.083644
14	0.000000	1.315275	0.451562
15	0.000000	0.605249	0.202313
16	0.000000	0.418614	0.157289
17	0.000000	0.618109	0.239978
18	0.000000	0.557373	0.314213
19	0.000000	1.060250	0.194518
20	0.000000	0.902225	0.340254
21	0.000000	0.497882	0.224872
