0	0.000000	0.016431	0.005294
1	0.000000	0.020337	0.003713
2	0.000000	0.025076	0.002105
3	0.000000	0.022941	0.005166
4	0.000000	0.020545	0.003985
5	0.000000	0.024078	0.009906
6	0.000000	0.031418	0.012928
7	0.000000	3.928750	0.634532
8	0.000000	4.007762	0.713713
9	0.000000	2.896664	0.412754
10	0.000000	-1.000000	-1.000000
11	0.000000	2.620772	0.383222
12	0.000000	2.287187	0.378739
13	0.000000	2.272593	0.295624
14	0.000000	1.115144	0.282413
15	0.000000	1.093374	0.244909
16	0.000000	0.630930	0.202623
17	0.000000	1.216641	0.364898
18	0.000000	1.033870	0.433150
19	0.000000	1.506087	0.131543
20	0.000000	0.797309	0.256950
21	0.000000	1.101059	0.247839
