0	0.098513	0.118096	0.024274
1	0.098513	0.093522	0.008729
2	0.098513	0.092374	0.006602
3	0.098513	0.099238	0.012520
4	0.098513	0.108655	0.007571
5	0.088459	0.082844	0.015993
6	0.080556	0.085479	0.019620
7	2.653060	14.309229	7.371041
8	2.653060	22.021307	9.979545
9	2.653060	13.678816	2.776784
10	2.653060	16.178461	2.868963
11	2.653060	7.805859	1.381914
12	2.653060	9.611352	1.662536
13	2.653060	9.196541	1.137811
14	2.896003	5.262990	0.806299
15	2.896003	2.505522	0.310344
16	2.896003	2.487591	0.254309
17	2.896003	2.064120	0.348005
18	2.896003	2.159905	0.426472
19	3.335645	5.652676	0.390458
20	3.335645	2.855177	0.374258
21	3.335645	2.555647	0.325484
0	0.035629	0.036529	0.003570
1	0.035629	0.034733	0.001431
2	0.035629	0.037527	0.002024
3	0.035629	0.034861	0.002261
4	0.035629	0.035687	0.001750
5	0.028747	0.025883	0.007226
6	0.022572	0.031247	0.012046
7	1.714874	5.231953	0.394776
8	1.714874	4.528605	0.442035
9	1.714874	3.635588	0.219255
10	1.714874	3.018817	0.167728
11	1.714874	2.762894	0.157477
12	1.714874	2.687227	0.242745
13	1.714874	2.000071	0.099302
14	1.873769	1.874155	0.270405
15	1.873769	1.399455	0.245963
16	1.873769	1.038849	0.138754
17	1.873769	0.905039	0.229515
18	1.873769	0.829646	0.240738
19	2.161080	1.795102	0.126578
20	2.161080	0.988109	0.195787
21	2.161080	0.527128	0.209303
0	0.051720	0.041108	0.004522
1	0.051720	0.050192	0.002607
2	0.051720	0.052620	0.001785
3	0.051720	0.054462	0.003694
4	0.051720	0.053927	0.002343
5	0.042266	0.030106	0.006199
6	0.033852	0.068061	0.014641
7	2.179418	6.421841	0.883684
8	2.179418	5.889397	0.820900
9	2.179418	5.055365	0.401949
10	2.179418	4.415098	0.361226
11	2.179418	4.129543	0.321159
12	2.179418	3.594616	0.273858
13	2.179418	2.925750	0.150039
14	2.380625	3.172836	0.386016
15	2.380625	2.070712	0.248313
16	2.380625	1.712263	0.184324
17	2.380625	1.818406	0.247548
18	2.380625	0.944143	0.238453
19	2.744812	3.141002	0.161037
20	2.744812	1.722157	0.224024
21	2.744812	1.141540	0.199258
0	0.030856	0.031365	0.003679
1	0.030856	0.029275	0.002097
2	0.030856	0.031159	0.001177
3	0.030856	0.031589	0.002611
4	0.030856	0.030854	0.002045
5	0.025052	0.023381	0.003695
6	0.019838	0.023439	0.006040
7	0.942706	3.051811	0.375240
8	0.942706	2.663114	0.289132
9	0.942706	2.046024	0.155293
10	0.942706	1.602854	0.147546
11	0.942706	1.525504	0.135679
12	0.942706	1.373644	0.137235
13	0.942706	1.027624	0.087893
14	1.028462	1.538983	0.163052
15	1.028462	0.765079	0.106620
16	1.028462	0.768815	0.087789
17	1.028462	0.747487	0.129293
18	1.028462	0.358885	0.136014
19	1.184475	1.434984	0.079123
20	1.184475	0.718480	0.118580
21	1.184475	0.460747	0.102930
0	0.039621	0.032334	0.002458
1	0.039621	0.036822	0.001653
2	0.039621	0.042344	0.001221
3	0.039621	0.041997	0.002797
4	0.039621	0.040007	0.001918
5	0.032125	0.029945	0.005715
6	0.025354	0.029258	0.009045
7	0.931082	2.873032	0.211334
8	0.931082	3.160872	0.242978
9	0.931082	1.685107	0.124659
10	0.931082	1.373266	0.128003
11	0.931082	1.154263	0.115141
12	0.931082	0.849114	0.116463
13	0.931082	0.794385	0.071912
14	1.014443	1.122533	0.175402
15	1.014443	0.534028	0.136913
16	1.014443	0.662108	0.117213
17	1.014443	0.652016	0.159670
18	1.014443	0.544577	0.191703
19	1.166922	1.173511	0.081948
20	1.166922	0.461246	0.153628
21	1.166922	0.705011	0.161998
0	0.094435	0.090042	0.013699
1	0.094435	0.098242	0.005973
2	0.094435	0.090251	0.004505
3	0.094435	0.088139	0.015794
4	0.094435	0.110782	0.012017
5	0.078242	0.103555	0.020609
6	0.063986	0.056097	0.017649
7	4.002139	12.530043	2.987851
8	4.002139	9.082190	2.352597
9	4.002139	6.673935	0.802346
10	4.002139	5.406728	0.636372
11	4.002139	5.351302	0.591648
12	4.002139	4.316295	0.548441
13	4.002139	3.580105	0.291368
14	4.372119	4.829159	0.606881
15	4.372119	4.594026	0.510563
16	4.372119	4.351794	0.457015
17	4.372119	4.358342	0.604164
18	4.372119	3.048681	0.586297
19	5.041325	5.463008	0.322484
20	5.041325	4.185626	0.544906
21	5.041325	3.738317	0.432013
0	0.061085	0.050482	0.006251
1	0.061085	0.054614	0.004343
2	0.061085	0.062755	0.003783
3	0.061085	0.063257	0.007780
4	0.061085	0.076234	0.005946
5	0.053317	0.059570	0.011576
6	0.046897	0.043457	0.014622
7	2.352086	9.328393	1.981990
8	2.352086	5.640805	0.990912
9	2.352086	5.164907	0.643004
10	2.352086	4.136299	0.603519
11	2.352086	4.177382	0.542427
12	2.352086	3.397975	0.472218
13	2.352086	2.677292	0.299884
14	2.569823	3.026322	0.514238
15	2.569823	2.291387	0.316279
16	2.569823	2.575747	0.275179
17	2.569823	2.024829	0.319603
18	2.569823	1.449829	0.344301
19	2.963053	3.186149	0.220218
20	2.963053	2.456742	0.360867
21	2.963053	1.967597	0.290265
0	0.103956	0.107452	0.006472
1	0.103956	0.106548	0.003227
2	0.103956	0.108890	0.003076
3	0.103956	0.100590	0.005251
4	0.103956	0.101658	0.003074
5	0.084874	0.070502	0.004666
6	0.067437	0.078436	0.008362
7	1.337107	9.631815	1.149519
8	1.337107	9.154350	1.262267
9	1.337107	5.026611	0.323685
10	1.337107	4.880577	0.306534
11	1.337107	4.152020	0.252342
12	1.337107	3.672848	0.241006
13	1.337107	3.181323	0.122085
14	1.450264	2.185055	0.119439
15	1.450264	1.113192	0.075613
16	1.450264	1.027461	0.060876
17	1.450264	1.018615	0.081644
18	1.450264	0.869840	0.101229
19	1.661179	2.056518	0.062224
20	1.661179	1.237274	0.101912
21	1.661179	1.039258	0.089742
0	0.071525	0.063157	0.008206
1	0.071525	0.068380	0.005265
2	0.071525	0.076369	0.004719
3	0.071525	0.075125	0.007781
4	0.071525	0.072880	0.004744
5	0.058520	0.047835	0.008412
6	0.046888	0.055188	0.013022
7	1.968747	12.558200	3.093534
8	1.968747	5.548872	1.004980
9	1.968747	6.432999	0.802000
10	1.968747	5.675660	0.713138
11	1.968747	5.558109	0.712957
12	1.968747	4.266385	0.507604
13	1.968747	4.383267	0.409496
14	2.146995	2.711953	0.361372
15	2.146995	1.837201	0.205482
16	2.146995	1.514224	0.155414
17	2.146995	1.645626	0.231667
18	2.146995	1.682033	0.296728
19	2.471725	2.854629	0.170940
20	2.471725	1.775434	0.227205
21	2.471725	2.456891	0.270112
0	0.063294	0.050569	0.003799
1	0.063294	0.058683	0.002253
2	0.063294	0.064177	0.001861
3	0.063294	0.064934	0.003434
4	0.063294	0.071903	0.002447
5	0.060799	0.055007	0.004627
6	0.059794	0.077422	0.009449
7	0.894669	3.982575	0.365029
8	0.894669	3.771400	0.409384
9	0.894669	1.997860	0.140287
10	0.894669	1.783597	0.136389
11	0.894669	1.654504	0.129058
12	0.894669	1.529752	0.128010
13	0.894669	1.261640	0.072219
14	0.974798	0.939085	0.095644
15	0.974798	0.709085	0.076309
16	0.974798	0.561213	0.064424
17	0.974798	0.699013	0.091878
18	0.974798	0.689846	0.111314
19	1.119873	1.099954	0.051633
20	1.119873	0.819665	0.096218
21	1.119873	0.947682	0.095382
0	0.044549	0.053601	0.007157
1	0.044549	0.048933	0.003999
2	0.044549	0.041636	0.001833
3	0.044549	0.046041	0.004544
4	0.044549	0.048748	0.003637
5	0.036643	0.042718	0.007399
6	0.029596	0.019321	0.010690
7	1.160501	4.264913	0.594763
8	1.160501	4.047514	0.586446
9	1.160501	3.320073	0.354309
10	1.160501	2.753342	0.284051
11	1.160501	2.372505	0.271647
12	1.160501	2.674934	0.274323
13	1.160501	2.089394	0.169336
14	1.265309	1.288665	0.203786
15	1.265309	0.812380	0.149548
16	1.265309	0.736620	0.129330
17	1.265309	0.833809	0.197630
18	1.265309	0.693956	0.210427
19	1.456378	1.361486	0.094609
20	1.456378	0.995121	0.177220
21	1.456378	1.109159	0.240206
0	0.028590	0.016279	0.006165
1	0.028590	0.023004	0.003090
2	0.028590	0.026078	0.001556
3	0.028590	0.036635	0.003936
4	0.028590	0.045797	0.003573
5	0.025520	0.028109	0.006016
6	0.023101	0.022574	0.008205
7	0.874144	2.880373	0.531325
8	0.874144	2.621279	0.476801
9	0.874144	2.293436	0.320891
10	0.874144	2.346577	0.326587
11	0.874144	2.123185	0.302956
12	0.874144	1.732695	0.280744
13	0.874144	2.452177	0.192282
14	0.954581	0.838239	0.185467
15	0.954581	0.768182	0.205596
16	0.954581	0.870008	0.137799
17	0.954581	0.809576	0.231376
18	0.954581	1.298892	0.242303
19	1.100009	0.713548	0.083911
20	1.100009	0.736436	0.167279
21	1.100009	0.837080	0.156584
0	0.021480	0.021487	0.003007
1	0.021480	0.020101	0.001966
2	0.021480	0.020813	0.001239
3	0.021480	0.022071	0.002890
4	0.021480	0.024926	0.002258
5	0.017351	0.011100	0.004867
6	0.013638	0.014728	0.007445
7	0.783799	2.653304	0.280489
8	0.783799	2.359236	0.263273
9	0.783799	1.683673	0.161950
10	0.783799	2.016275	0.188780
11	0.783799	1.380068	0.167658
12	0.783799	1.165881	0.156876
13	0.783799	1.216647	0.120120
14	0.855669	0.577644	0.157656
15	0.855669	0.434329	0.131167
16	0.855669	0.465073	0.113216
17	0.855669	0.635280	0.174424
18	0.855669	0.432974	0.231796
19	0.986081	0.724700	0.074264
20	0.986081	0.668881	0.172573
21	0.986081	0.512549	0.154150
0	0.025814	0.025572	0.003623
1	0.025814	0.023565	0.002290
2	0.025814	0.026367	0.001370
3	0.025814	0.027776	0.003318
4	0.025814	0.025034	0.002359
5	0.024545	0.029119	0.006336
6	0.023917	0.022205	0.009978
7	0.898672	3.596915	0.440207
8	0.898672	2.888241	0.351892
9	0.898672	2.373836	0.217729
10	0.898672	1.914610	0.197985
11	0.898672	1.860822	0.198305
12	0.898672	1.895092	0.209681
13	0.898672	1.473999	0.128783
14	0.982364	0.992982	0.195583
15	0.982364	0.615105	0.162076
16	0.982364	0.512092	0.133214
17	0.982364	0.527628	0.178698
18	0.982364	0.563868	0.228458
19	1.132883	0.924126	0.086007
20	1.132883	0.451804	0.172715
21	1.132883	0.383432	0.163031
0	0.030290	0.025390	0.003209
1	0.030290	0.030712	0.002096
2	0.030290	0.030721	0.001467
3	0.030290	0.028995	0.003493
4	0.030290	0.031855	0.002888
5	0.025981	0.027647	0.005114
6	0.022328	0.023118	0.007078
7	1.182115	3.260126	0.376630
8	1.182115	3.290333	0.326055
9	1.182115	2.666535	0.194210
10	1.182115	2.364653	0.194337
11	1.182115	1.917611	0.182427
12	1.182115	2.164768	0.213043
13	1.182115	1.680623	0.156883
14	1.291416	1.294740	0.170718
15	1.291416	1.007555	0.137936
16	1.291416	0.803612	0.117376
17	1.291416	1.021540	0.195217
18	1.291416	0.579579	0.223865
19	1.488969	1.303082	0.075773
20	1.488969	0.954488	0.156980
21	1.488969	0.853290	0.189669
0	0.039402	0.036993	0.005289
1	0.039402	0.036259	0.003572
2	0.039402	0.039515	0.002223
3	0.039402	0.035700	0.006089
4	0.039402	0.046382	0.004496
5	0.036680	0.040375	0.006655
6	0.034889	0.033406	0.007295
7	0.846144	5.762752	1.009687
8	0.846144	4.562142	0.609234
9	0.846144	2.925317	0.343311
10	0.846144	2.302624	0.329184
11	0.846144	2.274568	0.345405
12	0.846144	1.905099	0.310269
13	0.846144	1.535328	0.228796
14	0.923269	1.377814	0.205997
15	0.923269	0.663578	0.145978
16	0.923269	0.679238	0.118900
17	0.923269	0.630940	0.172855
18	0.923269	0.746712	0.216397
19	1.062777	1.163063	0.083488
20	1.062777	0.517296	0.149317
21	1.062777	0.640604	0.125697
0	0.024877	0.021755	0.004296
1	0.024877	0.023373	0.002843
2	0.024877	0.025751	0.001437
3	0.024877	0.020503	0.004387
4	0.024877	0.027338	0.003934
5	0.020131	0.014489	0.006041
6	0.015849	0.015455	0.008109
7	0.661457	2.473616	0.312597
8	0.661457	2.525970	0.360388
9	0.661457	1.878615	0.245305
10	0.661457	1.715205	0.261140
11	0.661457	1.631080	0.273508
12	0.661457	1.547032	0.277934
13	0.661457	1.066340	0.187765
14	0.721137	0.875804	0.183401
15	0.721137	0.467306	0.176877
16	0.721137	0.308084	0.144011
17	0.721137	0.455550	0.152050
18	0.721137	0.346534	0.232124
19	0.830020	0.721764	0.081113
20	0.830020	0.386831	0.146780
21	0.830020	0.564492	0.146044
0	0.025778	0.026695	0.003738
1	0.025778	0.026745	0.002236
2	0.025778	0.025397	0.001362
3	0.025778	0.023466	0.003165
4	0.025778	0.025457	0.002300
5	0.020871	0.018145	0.004297
6	0.016439	0.011127	0.006493
7	0.638015	2.895161	0.298750
8	0.638015	2.745723	0.321249
9	0.638015	1.632660	0.168542
10	0.638015	1.513681	0.177513
11	0.638015	1.447335	0.174278
12	0.638015	1.298171	0.174233
13	0.638015	1.106535	0.111511
14	0.695324	0.808779	0.149230
15	0.695324	0.398661	0.117784
16	0.695324	0.381476	0.097106
17	0.695324	0.348242	0.133410
18	0.695324	0.229825	0.168996
19	0.800039	0.627690	0.061866
20	0.800039	0.420277	0.122008
21	0.800039	0.487844	0.119586
0	0.021452	0.024280	0.003907
1	0.021452	0.020118	0.002426
2	0.021452	0.021028	0.001291
3	0.021452	0.025839	0.003651
4	0.021452	0.023231	0.003272
5	0.017494	0.013888	0.004797
6	0.013956	0.010771	0.008023
7	0.710592	3.229555	0.424776
8	0.710592	2.459937	0.327101
9	0.710592	1.693922	0.184974
10	0.710592	2.000307	0.200175
11	0.710592	1.285526	0.172082
12	0.710592	1.437450	0.185582
13	0.710592	1.120567	0.128239
14	0.775526	0.895925	0.169870
15	0.775526	0.405107	0.146744
16	0.775526	0.439317	0.123425
17	0.775526	0.393036	0.160386
18	0.775526	0.468473	0.233143
19	0.893466	0.769012	0.067664
20	0.893466	0.474954	0.145936
21	0.893466	0.439175	0.129433
0	0.026427	0.014107	0.000587
1	0.026427	0.027527	0.000637
2	0.026427	0.027851	0.000444
3	0.026427	0.026163	0.000968
4	0.026427	0.030019	0.000376
5	0.021310	0.020615	0.005586
6	0.016724	0.021241	0.011426
7	1.511470	2.653319	0.042622
8	1.511470	3.399730	0.129151
9	1.511470	2.166333	0.043180
10	1.511470	2.088677	0.069559
11	1.511470	2.117877	0.020156
12	1.511470	1.659845	0.040338
13	1.511470	1.467794	0.050739
14	1.652244	1.099935	0.103710
15	1.652244	0.660475	0.021293
16	1.652244	1.421054	0.267642
17	1.652244	1.399970	0.236474
18	1.652244	1.976802	0.483199
19	1.906347	1.089135	0.057312
20	1.906347	1.416144	0.208943
21	1.906347	2.372211	0.301037
0	0.035377	0.035462	0.003299
1	0.035377	0.037023	0.002143
2	0.035377	0.037249	0.001447
3	0.035377	0.029183	0.003848
4	0.035377	0.030523	0.002946
5	0.028920	0.021216	0.006204
6	0.023103	0.016355	0.008572
7	0.699339	3.181598	0.261290
8	0.699339	2.734892	0.238220
9	0.699339	2.033444	0.160043
10	0.699339	1.737819	0.178352
11	0.699339	1.470966	0.188830
12	0.699339	1.175218	0.187255
13	0.699339	0.920244	0.130541
14	0.761233	0.817517	0.167650
15	0.761233	0.451271	0.140342
16	0.761233	0.394628	0.118108
17	0.761233	0.336846	0.183739
18	0.761233	0.328584	0.249657
19	0.874856	0.542687	0.072012
20	0.874856	0.290076	0.156099
21	0.874856	0.477947	0.145969
0	0.053746	0.065407	0.004675
1	0.053746	0.058220	0.002755
2	0.053746	0.052498	0.001752
3	0.053746	0.051967	0.003902
4	0.053746	0.049602	0.002520
5	0.043697	0.035274	0.006421
6	0.034548	0.029984	0.008742
7	0.848183	4.064131	0.383167
8	0.848183	2.848391	0.286780
9	0.848183	1.522408	0.143572
10	0.848183	1.442466	0.149370
11	0.848183	1.363457	0.152007
12	0.848183	1.154641	0.142847
13	0.848183	1.134044	0.092898
14	0.921620	0.654985	0.145462
15	0.921620	0.378466	0.125419
16	0.921620	0.478514	0.110087
17	0.921620	0.637752	0.165802
18	0.921620	0.339906	0.203976
19	1.057471	0.986976	0.076361
20	1.057471	0.557255	0.154049
21	1.057471	0.579432	0.142206
0	0.179154	0.202736	0.011779
1	0.179154	0.182098	0.005141
2	0.179154	0.182766	0.004669
3	0.179154	0.169968	0.007239
4	0.179154	0.171049	0.004837
5	0.147398	0.124118	0.009380
6	0.117826	0.126499	0.013788
7	1.426560	10.753469	1.324407
8	1.426560	9.555194	1.848321
9	1.426560	4.431535	0.230800
10	1.426560	3.750499	0.200028
11	1.426560	3.354036	0.174689
12	1.426560	2.929799	0.159546
13	1.426560	2.386410	0.081224
14	1.538127	2.414436	0.121807
15	1.538127	1.197903	0.075566
16	1.538127	0.994513	0.064702
17	1.538127	0.979627	0.085687
18	1.538127	0.617463	0.088246
19	1.751616	2.257687	0.071130
20	1.751616	1.340038	0.105723
21	1.751616	0.977688	0.083702
0	0.298987	0.342795	0.020233
1	0.298987	0.359607	0.011021
2	0.298987	0.350880	0.009761
3	0.298987	0.317083	0.014591
4	0.298987	0.227773	0.007351
5	0.295675	0.367749	0.045651
6	0.296187	0.340576	0.063288
7	1.837246	14.846962	1.648730
8	1.837246	11.218942	1.191202
9	1.837246	5.024329	0.288563
10	1.837246	4.140251	0.231010
11	1.837246	3.398615	0.185589
12	1.837246	2.925580	0.169140
13	1.837246	2.373730	0.080932
14	1.985705	2.474827	0.148221
15	1.985705	1.306147	0.142911
16	1.985705	1.326940	0.089969
17	1.985705	1.307748	0.111042
18	1.985705	1.196575	0.128016
19	2.255749	2.534198	0.077575
20	2.255749	1.815799	0.127819
21	2.255749	1.420204	0.124358
0	0.036907	0.032747	0.003906
1	0.036907	0.035255	0.002769
2	0.036907	0.036660	0.002217
3	0.036907	0.040741	0.003680
4	0.036907	0.040335	0.003199
5	0.033675	0.029211	0.004354
6	0.031304	0.036703	0.006222
7	1.107760	6.189742	0.913708
8	1.107760	4.971531	0.555422
9	1.107760	3.704265	0.322901
10	1.107760	3.320118	0.295852
11	1.107760	2.568355	0.219758
12	1.107760	2.374509	0.218533
13	1.107760	2.043167	0.146297
14	1.209903	1.592629	0.173768
15	1.209903	0.948998	0.109555
16	1.209903	0.811747	0.093726
17	1.209903	0.617888	0.122109
18	1.209903	0.505717	0.148593
19	1.394323	1.590314	0.066088
20	1.394323	0.847301	0.121044
21	1.394323	0.910201	0.122753
0	0.017064	0.016012	0.009357
1	0.017064	0.014307	0.004948
2	0.017064	0.018916	0.002521
3	0.017064	0.018142	0.005766
4	0.017064	0.014204	0.003776
5	0.014072	0.013496	0.006312
6	0.011446	0.012581	0.009248
7	2.175770	6.492885	2.325831
8	2.175770	11.174950	3.898943
9	2.175770	4.979568	1.070986
10	2.175770	4.163692	0.999894
11	2.175770	3.745241	0.739098
12	2.175770	3.327530	0.618156
13	2.175770	2.477528	0.377505
14	2.381627	5.183889	1.071419
15	2.381627	3.357431	0.470391
16	2.381627	2.742395	0.336467
17	2.381627	2.164225	0.372931
18	2.381627	1.571479	0.373506
19	2.751193	7.125452	0.598857
20	2.751193	2.223793	0.331957
21	2.751193	1.437175	0.252330
0	0.013735	0.016851	0.003629
1	0.013735	0.012718	0.002563
2	0.013735	0.011019	0.001461
3	0.013735	0.017624	0.003390
4	0.013735	0.018494	0.002447
5	0.014208	0.013255	0.005437
6	0.015057	0.019788	0.007801
7	1.923023	5.683513	0.841570
8	1.923023	5.346806	0.675497
9	1.923023	3.995753	0.408487
10	1.923023	3.540242	0.425614
11	1.923023	2.789005	0.344437
12	1.923023	2.900869	0.351594
13	1.923023	2.151787	0.204821
14	2.105172	4.676102	0.708182
15	2.105172	2.592065	0.374296
16	2.105172	2.065247	0.258986
17	2.105172	1.612218	0.300739
18	2.105172	0.993535	0.273274
19	2.432795	3.935055	0.259900
20	2.432795	1.683543	0.252748
21	2.432795	1.131605	0.173629
0	0.026868	0.027241	0.004582
1	0.026868	0.027539	0.002759
2	0.026868	0.027597	0.001804
3	0.026868	0.026951	0.003943
4	0.026868	0.026104	0.002749
5	0.021765	0.017372	0.004522
6	0.017178	0.013091	0.014998
7	0.883929	4.684455	0.803676
8	0.883929	3.502618	0.503295
9	0.883929	2.444252	0.263669
10	0.883929	1.831278	0.239920
11	0.883929	1.580121	0.213458
12	0.883929	1.488382	0.214514
13	0.883929	1.057664	0.137604
14	0.964617	1.237353	0.156545
15	0.964617	0.603602	0.125401
16	0.964617	0.623260	0.109724
17	0.964617	0.875226	0.163418
18	0.964617	0.372116	0.191706
19	1.111246	1.387745	0.083226
20	1.111246	0.672983	0.145527
21	1.111246	0.369983	0.137226
0	0.034557	0.034938	0.002416
1	0.034557	0.033906	0.003350
2	0.034557	0.035618	0.001069
3	0.034557	0.035399	0.012051
4	0.034557	0.028590	0.002448
5	0.027917	0.029783	0.007854
6	0.021945	0.018609	0.009305
7	1.235989	5.289833	1.024268
8	1.235989	4.818124	0.502334
9	1.235989	3.035078	0.308397
10	1.235989	2.718829	0.310177
11	1.235989	2.209286	0.389651
12	1.235989	2.424365	0.302573
13	1.235989	1.805111	0.411666
14	1.349223	2.174495	0.312524
15	1.349223	0.703619	0.211303
16	1.349223	0.971705	0.130379
17	1.349223	0.932907	0.252383
18	1.349223	0.606324	0.292058
19	1.554753	1.825538	0.139597
20	1.554753	0.968114	0.193218
21	1.554753	0.679689	0.205167
0	0.047458	0.051796	0.005116
1	0.047458	0.049931	0.003258
2	0.047458	0.045249	0.001537
3	0.047458	0.060452	0.005467
4	0.047458	0.047327	0.002319
5	0.045371	0.052994	0.007861
6	0.044430	0.043572	0.007147
7	1.388477	4.268517	0.442320
8	1.388477	4.770909	0.797595
9	1.388477	2.580153	0.200468
10	1.388477	2.483703	0.133158
11	1.388477	2.056419	0.138790
12	1.388477	2.054838	0.155214
13	1.388477	1.634712	0.143627
14	1.517174	1.854412	0.250494
15	1.517174	1.049653	0.134436
16	1.517174	0.940618	0.126451
17	1.517174	0.896699	0.169193
18	1.517174	0.800439	0.204965
19	1.748771	1.941827	0.094115
20	1.748771	0.948386	0.125435
21	1.748771	0.901422	0.155292
0	0.062560	0.080919	0.017037
1	0.062560	0.062547	0.008836
2	0.062560	0.068624	0.007445
3	0.062560	0.051484	0.012709
4	0.062560	0.066213	0.009552
5	0.050742	0.019027	0.011767
6	0.040033	0.034606	0.017305
7	1.241804	6.077008	1.772793
8	1.241804	6.443340	1.656077
9	1.241804	2.734181	0.548000
10	1.241804	2.126723	0.492926
11	1.241804	2.437287	0.515038
12	1.241804	1.300633	0.411761
13	1.241804	1.766811	0.362992
14	1.351587	1.866663	0.466745
15	1.351587	0.908416	0.318278
16	1.351587	1.211499	0.273412
17	1.351587	0.620832	0.400583
18	1.351587	1.217833	0.634166
19	1.553258	1.533082	0.158907
20	1.553258	1.189655	0.380715
21	1.553258	0.781686	0.317637
0	0.043673	0.039911	0.009199
1	0.043673	0.037186	0.005791
2	0.043673	0.046329	0.004245
3	0.043673	0.043964	0.010178
4	0.043673	0.047400	0.006249
5	0.036312	0.030428	0.011862
6	0.029790	0.036714	0.015185
7	0.946839	3.909328	0.997784
8	0.946839	3.717459	0.831780
9	0.946839	2.959978	0.552895
10	0.946839	2.058792	0.487371
11	0.946839	1.915073	0.426360
12	0.946839	1.758236	0.413278
13	0.946839	1.481784	0.280918
14	1.031477	1.419506	0.433466
15	1.031477	0.870797	0.309791
16	1.031477	0.816254	0.250897
17	1.031477	0.078094	0.223078
18	1.031477	0.822613	0.696444
19	1.186245	1.362600	0.158936
20	1.186245	0.311204	0.282247
21	1.186245	0.954344	0.235497
0	0.021187	0.022512	0.006605
1	0.021187	0.018298	0.004350
2	0.021187	0.021993	0.002564
3	0.021187	0.019326	0.006109
4	0.021187	0.020900	0.004592
5	0.017118	0.021328	0.009682
6	0.013457	0.004693	0.008669
7	0.742680	2.249395	0.453182
8	0.742680	2.149297	0.412790
9	0.742680	1.762812	0.323571
10	0.742680	1.472565	0.312792
11	0.742680	1.217066	0.292092
12	0.742680	0.931307	0.279703
13	0.742680	0.991307	0.237162
14	0.810659	0.911012	0.276099
15	0.810659	0.626933	0.256744
16	0.810659	0.402303	0.205697
17	0.810659	0.488707	0.325897
18	0.810659	0.187594	0.411425
19	0.934085	0.669326	0.113864
20	0.934085	0.625327	0.241045
21	0.934085	1.259552	0.308127
0	0.011779	0.011555	0.002254
1	0.011779	0.010316	0.002722
2	0.011779	0.011798	0.000862
3	0.011779	0.011630	0.001989
4	0.011779	0.012680	0.001639
5	0.010422	0.007669	0.003442
6	0.009339	0.013931	0.005793
7	0.949507	2.374218	0.215311
8	0.949507	2.069714	0.199373
9	0.949507	1.427983	0.123206
10	0.949507	1.002658	0.126063
11	0.949507	1.149289	0.131244
12	0.949507	1.064197	0.130805
13	0.949507	0.965152	0.085439
14	1.039019	1.326617	0.147051
15	1.039019	0.681528	0.110066
16	1.039019	0.725385	0.095925
17	1.039019	0.527771	0.144768
18	1.039019	0.590904	0.185519
19	1.199796	1.362709	0.081879
20	1.199796	0.810565	0.143127
21	1.199796	0.791345	0.144344
0	0.010577	0.001530	0.004922
1	0.010577	0.004477	0.003661
2	0.010577	0.012006	0.001877
3	0.010577	0.010977	0.004308
4	0.010577	0.012441	0.003063
5	0.010940	0.009653	0.006230
6	0.011596	0.032746	0.009955
7	1.949936	6.384055	1.679040
8	1.949936	5.467576	1.156670
9	1.949936	4.784546	0.719042
10	1.949936	4.639501	0.776646
11	1.949936	3.463796	0.547092
12	1.949936	2.581881	0.392762
13	1.949936	2.019034	0.253930
14	2.134890	6.536340	1.425214
15	2.134890	2.910738	0.441712
16	2.134890	2.635689	0.328761
17	2.134890	2.162322	0.415268
18	2.134890	0.853979	0.340296
19	2.467450	7.485133	0.664431
20	2.467450	1.976631	0.324538
21	2.467450	1.056113	0.233642
0	0.015618	0.018822	0.002037
1	0.015618	0.011238	0.001322
2	0.015618	0.016454	0.000691
3	0.015618	0.015893	0.001700
4	0.015618	0.015574	0.001276
5	0.012938	0.009319	0.003958
6	0.010598	0.015607	0.006105
7	3.107643	7.143782	0.531572
8	3.107643	7.658774	0.675108
9	3.107643	7.323032	0.561875
10	3.107643	5.244482	0.379196
11	3.107643	4.066967	0.280954
12	3.107643	3.695685	0.247058
13	3.107643	2.612838	0.118739
14	3.402915	10.241027	1.245352
15	3.402915	5.416026	0.456464
16	3.402915	4.246176	0.306896
17	3.402915	3.547108	0.395517
18	3.402915	1.888844	0.292473
19	3.932266	14.478073	0.953977
20	3.932266	3.719015	0.387743
21	3.932266	1.998116	0.203930
0	0.021186	0.011590	0.006179
1	0.021186	0.021196	0.002662
2	0.021186	0.022417	0.001174
3	0.021186	0.021194	0.002571
4	0.021186	0.018776	0.001899
5	0.017502	0.017333	0.004881
6	0.014239	0.015200	0.006499
7	0.660586	3.671066	0.645420
8	0.660586	2.644067	0.568841
9	0.660586	1.556333	0.205280
10	0.660586	1.239955	0.185902
11	0.660586	1.197697	0.161456
12	0.660586	1.035752	0.154440
13	0.660586	0.766897	0.099144
14	0.720861	0.648251	0.204331
15	0.720861	0.447718	0.126792
16	0.720861	0.325421	0.106944
17	0.720861	0.539437	0.161780
18	0.720861	0.242192	0.193108
19	0.830360	1.100430	0.088636
20	0.830360	0.398154	0.147988
21	0.830360	0.346270	0.128728
0	0.034712	0.030678	0.002534
1	0.034712	0.035483	0.001700
2	0.034712	0.034271	0.000926
3	0.034712	0.034397	0.002076
4	0.034712	0.038426	0.002006
5	0.032825	0.030819	0.004737
6	0.031767	0.035198	0.006264
7	0.973179	4.914845	0.324053
8	0.973179	3.595686	0.344161
9	0.973179	2.237111	0.138275
10	0.973179	1.803882	0.131249
11	0.973179	1.481603	0.116748
12	0.973179	1.379779	0.112209
13	0.973179	1.045466	0.067553
14	1.063114	1.255654	0.151092
15	1.063114	0.713547	0.105383
16	1.063114	0.535935	0.088215
17	1.063114	0.564794	0.129042
18	1.063114	0.409543	0.156596
19	1.225144	1.478878	0.073771
20	1.225144	0.689208	0.119456
21	1.225144	0.417762	0.096698
0	0.045363	0.044748	0.002909
1	0.045363	0.044343	0.001637
2	0.045363	0.045422	0.001157
3	0.045363	0.045259	0.002349
4	0.045363	0.046841	0.001765
5	0.036831	0.031947	0.004617
6	0.029129	0.039497	0.008096
7	1.032242	6.125443	0.570611
8	1.032242	4.569273	0.488332
9	1.032242	2.572507	0.150879
10	1.032242	2.040476	0.135743
11	1.032242	1.622762	0.119359
12	1.032242	1.428106	0.109861
13	1.032242	1.219261	0.067583
14	1.124473	1.477302	0.152840
15	1.124473	0.507620	0.100523
16	1.124473	0.593115	0.082779
17	1.124473	0.448418	0.119094
18	1.124473	0.369322	0.149072
19	1.293284	1.650042	0.074295
20	1.293284	0.654976	0.119093
21	1.293284	0.547817	0.117766
0	0.078644	0.079226	0.006183
1	0.078644	0.079553	0.003371
2	0.078644	0.081348	0.002582
3	0.078644	0.077237	0.004590
4	0.078644	0.078479	0.003029
5	0.064166	0.046008	0.006542
6	0.051085	0.051857	0.010522
7	1.463859	10.415809	2.478157
8	1.463859	13.027592	3.393851
9	1.463859	5.487686	0.442790
10	1.463859	4.902962	0.385677
11	1.463859	4.365438	0.324550
12	1.463859	3.599472	0.261080
13	1.463859	3.312259	0.162412
14	1.592716	2.479279	0.235945
15	1.592716	0.949955	0.118167
16	1.592716	0.957203	0.103072
17	1.592716	1.022396	0.158337
18	1.592716	0.890974	0.177108
19	1.829717	2.480999	0.120869
20	1.829717	1.385868	0.167515
21	1.829717	0.935067	0.138994
