0	-nan	-1.000000	-1.000000
1	-nan	-1.000000	-1.000000
2	-nan	-1.000000	-1.000000
3	-nan	-1.000000	-1.000000
4	-nan	-1.000000	-1.000000
5	-nan	0.060787	0.014473
6	-nan	0.061122	0.020624
7	-nan	-1.000000	-1.000000
8	-nan	-1.000000	-1.000000
9	-nan	-1.000000	-1.000000
10	-nan	-1.000000	-1.000000
11	-nan	-1.000000	-1.000000
12	-nan	-1.000000	-1.000000
13	-nan	-1.000000	-1.000000
14	-nan	5.586111	0.770395
15	-nan	3.148882	0.397961
16	-nan	2.672035	0.302434
17	-nan	2.055694	0.351447
18	-nan	1.842397	0.469553
19	-nan	4.461702	0.257582
20	-nan	3.117503	0.555466
21	-nan	2.310380	0.356738
