0	-nan	-1.000000	-1.000000
1	-nan	-1.000000	-1.000000
2	-nan	-1.000000	-1.000000
3	-nan	-1.000000	-1.000000
4	-nan	-1.000000	-1.000000
5	-nan	0.021587	0.006702
6	-nan	0.030839	0.007009
7	-nan	-1.000000	-1.000000
8	-nan	-1.000000	-1.000000
9	-nan	-1.000000	-1.000000
10	-nan	-1.000000	-1.000000
11	-nan	-1.000000	-1.000000
12	-nan	-1.000000	-1.000000
13	-nan	-1.000000	-1.000000
14	-nan	-1.000000	-1.000000
15	-nan	-1.000000	-1.000000
16	-nan	1.536168	0.339045
17	-nan	0.334814	0.209207
18	-nan	0.757275	0.290022
19	-nan	0.938796	0.057482
20	-nan	0.690417	0.196792
21	-nan	0.676908	0.153090
