0	0.078644	0.079226	0.006183
1	0.078644	0.079553	0.003371
2	0.078644	0.081348	0.002582
3	0.078644	0.077237	0.004590
4	0.078644	0.078479	0.003029
5	0.064166	0.046008	0.006542
6	0.051085	0.051857	0.010522
7	1.463859	10.415809	2.478157
8	1.463859	13.027592	3.393851
9	1.463859	5.487686	0.442790
10	1.463859	4.902962	0.385677
11	1.463859	4.365438	0.324550
12	1.463859	3.599472	0.261080
13	1.463859	3.312259	0.162412
14	1.592716	2.479279	0.235945
15	1.592716	0.949955	0.118167
16	1.592716	0.957203	0.103072
17	1.592716	1.022396	0.158337
18	1.592716	0.890974	0.177108
19	1.829717	2.480999	0.120869
20	1.829717	1.385868	0.167515
21	1.829717	0.935067	0.138994
