0	0.015618	0.018822	0.002037
1	0.015618	0.011238	0.001322
2	0.015618	0.016454	0.000691
3	0.015618	0.015893	0.001700
4	0.015618	0.015574	0.001276
5	0.012938	0.009319	0.003958
6	0.010598	0.015607	0.006105
7	3.107643	7.143782	0.531572
8	3.107643	7.658774	0.675108
9	3.107643	7.323032	0.561875
10	3.107643	5.244482	0.379196
11	3.107643	4.066967	0.280954
12	3.107643	3.695685	0.247058
13	3.107643	2.612838	0.118739
14	3.402915	10.241027	1.245352
15	3.402915	5.416026	0.456464
16	3.402915	4.246176	0.306896
17	3.402915	3.547108	0.395517
18	3.402915	1.888844	0.292473
19	3.932266	14.478073	0.953977
20	3.932266	3.719015	0.387743
21	3.932266	1.998116	0.203930
