0	-nan	0.019127	0.002569
1	-nan	0.022404	0.001726
2	-nan	0.021085	0.000964
3	-nan	0.024324	0.002394
4	-nan	0.023331	0.001849
5	-nan	0.024957	0.006782
6	-nan	0.013132	0.008972
7	-nan	2.187386	0.238562
8	-nan	-1.000000	-1.000000
9	-nan	1.530283	0.143832
10	-nan	1.480518	0.134793
11	-nan	1.410734	0.127345
12	-nan	1.139219	0.120874
13	-nan	0.928352	0.083644
14	-nan	1.315275	0.451562
15	-nan	0.605249	0.202313
16	-nan	0.418614	0.157289
17	-nan	0.618109	0.239978
18	-nan	0.557373	0.314213
19	-nan	1.060250	0.194518
20	-nan	0.902225	0.340254
21	-nan	0.497882	0.224872
