19	1798.482253	1.137974e-08	8.614000e-01	3.812701e-27
19	1136.463747	2.908635e-08	9.571000e-01	5.085157e-11
19	25797.689519	1.173416e-08	7.426000e-01	1.138313e-26
19	1121.860258	1.961125e-08	9.373000e-01	4.227630e-11
19	1142.179966	3.813181e-08	9.670000e-01	5.333346e-11
19	1113.627707	1.683515e-08	9.274000e-01	3.603225e-11
19	1102.771009	1.415506e-08	9.142000e-01	2.551779e-11
19	68648.590209	1.183422e-08	6.766002e-01	1.000000e-08
19	1127.100030	2.201817e-08	9.439000e-01	4.569680e-11
19	3866.968960	7.790908e-11	7.294000e-01	2.210010e-24
19	12214.012140	1.166691e-08	7.855000e-01	4.783589e-26
19	16634.503303	1.169665e-08	7.690000e-01	2.974884e-26
19	68831.124336	1.193985e-08	6.964000e-01	1.000000e-08
19	2173.518197	1.142378e-08	8.548000e-01	5.465915e-27
19	23244.681239	1.172573e-08	7.492000e-01	7.335480e-26
19	63373.942108	1.179569e-08	6.766000e-01	1.969647e-24
19	1148.679439	7.748185e-08	9.835000e-01	5.509524e-11
19	3844.663197	2.313527e-10	8.548000e-01	5.584124e-25
19	34626.084365	1.175645e-08	7.228000e-01	2.125430e-27
19	9312.334186	1.163830e-08	7.987000e-01	1.350436e-26
19	1090.041949	1.144084e-08	8.944000e-01	4.595011e-12
19	3500.790228	1.151018e-08	8.383000e-01	2.688622e-26
19	1127.100030	2.201817e-08	9.439000e-01	4.569680e-11
19	14754.790532	1.168545e-08	7.756000e-01	1.049403e-26
19	3829.731858	3.444696e-10	8.779000e-01	2.390667e-25
19	1131.999836	2.507660e-08	9.505000e-01	4.854785e-11
19	1149.489689	9.722296e-08	9.868000e-01	5.512359e-11
19	3188.764558	1.149509e-08	8.416000e-01	2.520843e-26
19	1158.128750	1.119361e-08	8.812000e-01	4.440235e-26
19	68831.124345	1.193985e-08	6.964000e-01	1.000000e-08
19	1088.712739	1.109019e-08	8.911000e-01	4.339445e-13
19	24498.135241	1.173001e-08	7.459000e-01	2.996245e-26
19	1145.257127	4.795126e-08	9.736000e-01	5.437687e-11
19	34626.088077	1.175645e-08	7.228000e-01	7.635231e-26
19	1127.100030	2.201817e-08	9.439000e-01	4.569680e-11
19	33026.063707	1.175302e-08	7.261000e-01	1.750056e-25
19	3862.114358	1.123924e-10	7.855000e-01	1.594457e-24
19	11438.094691	1.166021e-08	7.888000e-01	1.131600e-25
19	4198.444868	1.153773e-08	8.317000e-01	1.332044e-26
19	3839.131533	2.711785e-10	8.647000e-01	7.024240e-25
19	9988.015650	1.164593e-08	7.954000e-01	1.765708e-26
19	1108.107783	1.537933e-08	9.208000e-01	3.109713e-11
19	18671.062042	1.170704e-08	7.624000e-01	6.690184e-26
19	7473.971639	1.161323e-08	8.086000e-01	5.322076e-27
19	3860.297591	1.247591e-10	7.987000e-01	1.948848e-24
19	1090.041949	1.144084e-08	8.944000e-01	4.595009e-12
19	3868.605675	6.508582e-11	6.964000e-01	6.843532e-25
19	3863.603747	1.021188e-10	7.723000e-01	4.070472e-24
19	23244.681705	1.172573e-08	7.492000e-01	4.758871e-26
19	68862.427436	1.195800e-08	6.997000e-01	1.000000e-08
19	43467.739996	1.177221e-08	7.063000e-01	7.107716e-26
19	1798.482210	1.137974e-08	8.614000e-01	8.818148e-27
19	23244.681435	1.172573e-08	7.492000e-01	1.051537e-25
19	3846.231800	2.203683e-10	8.515000e-01	1.948590e-25
19	3808.522698	5.449244e-10	9.010000e-01	3.777994e-25
19	1146.560480	5.497350e-08	9.769000e-01	5.472560e-11
19	10696.352447	1.165322e-08	7.921000e-01	8.654599e-26
19	3188.764446	1.149509e-08	8.416000e-01	6.250394e-27
19	1142.179966	3.813181e-08	9.670000e-01	5.333345e-11
19	3866.768864	7.941194e-11	7.327000e-01	8.614327e-25
19	68619.022344	1.181715e-08	6.733002e-01	1.000000e-08
19	1138.507668	3.159639e-08	9.604000e-01	5.180554e-11
19	1124.515815	2.074680e-08	9.406000e-01	4.405906e-11
19	27144.434362	1.173817e-08	7.393000e-01	1.835633e-25
19	13871.545049	1.167951e-08	7.789000e-01	6.655179e-26
19	1094.453660	1.110342e-08	8.878000e-01	4.894509e-27
19	24498.134671	1.173001e-08	7.459000e-01	8.465868e-26
19	1147.702191	6.434533e-08	9.802000e-01	5.496383e-11
19	22036.268550	1.172130e-08	7.525000e-01	3.275880e-26
19	1110.856856	1.607456e-08	9.241000e-01	3.364372e-11
19	1102.771009	1.415506e-08	9.142000e-01	2.551779e-11
19	22036.268361	1.172130e-08	7.525000e-01	1.127060e-25
19	19750.455054	1.171196e-08	7.591000e-01	5.182834e-26
19	3732.571510	1.250045e-09	9.340000e-01	9.988256e-27
19	13871.545017	1.167951e-08	7.789000e-01	6.298211e-27
19	2173.518166	1.142378e-08	8.548000e-01	6.653343e-27
19	1216.977321	1.123216e-08	8.779000e-01	1.061112e-26
19	17632.721039	1.170194e-08	7.657000e-01	1.024602e-25
19	1148.679439	7.748185e-08	9.835000e-01	5.509524e-11
19	13024.893028	1.167334e-08	7.822000e-01	3.991800e-27
19	3811.984137	5.094244e-10	8.977000e-01	2.526413e-25
19	16634.501835	1.169665e-08	7.690000e-01	2.339644e-27
19	1390.812801	1.129903e-08	8.713000e-01	2.444080e-26
19	12214.012180	1.166691e-08	7.855000e-01	8.102686e-27
19	3862.894511	1.070313e-10	7.789000e-01	1.865856e-24
19	3862.513901	1.096517e-10	7.822000e-01	1.427454e-24
19	47422.926841	1.177792e-08	6.997000e-01	1.280341e-25
19	1216.977342	1.123216e-08	8.779000e-01	1.163896e-27
19	1094.453659	1.110342e-08	8.878000e-01	9.714097e-26
19	68619.022383	1.181715e-08	6.733002e-01	1.000000e-08
19	4198.444856	1.153773e-08	8.317000e-01	5.582890e-26
19	1095.570604	1.264901e-08	9.043000e-01	1.587894e-11
19	19750.454814	1.171196e-08	7.591000e-01	2.551336e-26
19	1097.825426	1.311322e-08	9.076000e-01	1.926688e-11
19	1097.825426	1.311322e-08	9.076000e-01	1.926688e-11
19	37990.421577	1.176303e-08	7.162000e-01	3.400816e-26
19	1138.507668	3.159639e-08	9.604000e-01	5.180554e-11
19	3500.790171	1.151018e-08	8.383000e-01	1.118743e-26
19	10696.352446	1.165322e-08	7.921000e-01	3.542161e-26
19	9988.015727	1.164593e-08	7.954000e-01	9.233367e-27
19	8668.573778	1.163033e-08	8.020000e-01	5.521869e-26
19	4585.193807	1.155034e-08	8.284000e-01	5.193467e-27
19	12214.012166	1.166691e-08	7.855000e-01	1.492286e-26
19	34626.083953	1.175645e-08	7.228000e-01	1.220787e-25
19	1150.589202	1.968380e-07	9.934000e-01	5.488623e-11
19	3811.984137	5.094244e-10	8.977000e-01	1.901587e-25
19	4997.991943	1.156226e-08	8.251000e-01	3.948095e-26
19	68769.284019	1.190402e-08	6.898000e-01	1.000000e-08
19	18671.061455	1.170704e-08	7.624000e-01	9.902019e-26
19	2393.436218	1.144348e-08	8.515000e-01	1.757521e-26
19	1094.453667	1.110342e-08	8.878000e-01	4.050037e-26
19	7473.971706	1.161323e-08	8.086000e-01	1.747081e-26
19	11438.094692	1.166021e-08	7.888000e-01	5.710014e-26
19	23244.681315	1.172573e-08	7.492000e-01	1.046819e-26
19	3842.961952	2.434046e-10	8.581000e-01	1.272708e-24
19	1140.415364	3.456562e-08	9.637000e-01	5.263176e-11
19	5904.121780	1.158423e-08	8.185000e-01	3.484163e-26
19	6921.747976	1.160404e-08	8.119000e-01	1.620557e-26
19	1143.795560	4.249407e-08	9.703000e-01	5.391401e-11
19	56116.591371	1.178846e-08	6.865000e-01	2.564309e-25
19	34626.086418	1.175645e-08	7.228000e-01	6.257910e-26
19	3868.605675	6.508582e-11	6.964000e-01	4.945586e-23
19	3500.790169	1.151018e-08	8.383000e-01	2.679170e-26
19	1105.404086	1.474169e-08	9.175000e-01	2.838955e-11
19	20871.862743	1.171671e-08	7.558000e-01	3.419641e-26
19	47422.927554	1.177792e-08	6.997000e-01	9.119005e-26
19	12214.012161	1.166691e-08	7.855000e-01	1.707873e-26
19	9312.333993	1.163830e-08	7.987000e-01	4.521762e-26
19	1975.361595	1.140259e-08	8.581000e-01	2.176659e-26
19	3500.790237	1.151018e-08	8.383000e-01	2.286093e-27
19	1145.257126	4.795126e-08	9.736000e-01	5.437687e-11
19	13871.545045	1.167951e-08	7.789000e-01	5.378844e-26
19	3842.961952	2.434046e-10	8.581000e-01	1.402412e-25
19	36280.438046	1.175979e-08	7.195000e-01	1.101490e-25
19	1108.107785	1.537933e-08	9.208000e-01	3.109713e-11
19	45413.992283	1.177510e-08	7.030000e-01	2.174777e-25
19	1146.560480	5.497350e-08	9.769000e-01	5.472560e-11
19	47422.928480	1.177792e-08	6.997000e-01	4.126008e-25
19	47422.928261	1.177792e-08	6.997000e-01	3.850834e-25
19	16634.504187	1.169665e-08	7.690000e-01	4.895485e-26
19	68738.741249	1.188635e-08	6.865000e-01	1.000000e-08
19	68800.077436	1.192186e-08	6.931000e-01	1.000000e-08
19	1131.999836	2.507660e-08	9.505000e-01	4.854785e-11
19	1146.560481	5.497350e-08	9.769000e-01	5.472560e-11
19	1121.860259	1.961125e-08	9.373000e-01	4.227630e-11
19	1093.501234	1.221761e-08	9.010000e-01	1.230890e-11
19	3854.314314	1.651055e-10	8.284000e-01	1.037593e-25
19	20871.862254	1.171671e-08	7.558000e-01	9.297626e-26
19	14754.790531	1.168545e-08	7.756000e-01	7.745907e-26
19	3868.992273	6.187253e-11	6.865000e-01	7.735569e-24
19	31479.109431	1.174948e-08	7.294000e-01	7.986381e-26
19	3808.522698	5.449244e-10	9.010000e-01	3.387914e-25
19	9988.015516	1.164593e-08	7.954000e-01	2.230779e-26
19	1146.560481	5.497350e-08	9.769000e-01	5.472560e-11
19	69022.889740	1.205123e-08	7.162000e-01	1.000000e-08
19	1148.679439	7.748184e-08	9.835000e-01	5.509524e-11
19	2635.610717	1.146185e-08	8.482000e-01	2.291971e-26
19	68589.690149	1.180022e-08	6.700000e-01	1.860502e-09
19	28539.485550	1.174206e-08	7.360000e-01	7.571525e-26
19	5904.121735	1.158423e-08	8.185000e-01	5.282515e-26
19	49496.065872	1.178066e-08	6.964000e-01	1.618826e-26
19	1143.795560	4.249406e-08	9.703000e-01	5.391401e-11
19	1110.856856	1.607456e-08	9.241000e-01	3.364372e-11
19	5437.432283	1.157354e-08	8.218000e-01	3.130744e-26
19	8056.019610	1.162198e-08	8.053000e-01	1.501958e-26
19	-1.000000	-1.000000e+00	-1.000000e+00	-1.000000e+00
19	37990.421798	1.176303e-08	7.162000e-01	2.233481e-26
19	1121.860258	1.961125e-08	9.373000e-01	4.227630e-11
19	1147.702191	6.434533e-08	9.802000e-01	5.496383e-11
19	69190.212195	1.214878e-08	7.327000e-01	1.000000e-08
19	36280.437964	1.175979e-08	7.195000e-01	1.264892e-26
19	41582.685250	1.176923e-08	7.096000e-01	5.137431e-25
19	65942.824542	1.179798e-08	6.733000e-01	4.710995e-24
19	27144.435506	1.173817e-08	7.393000e-01	9.302236e-27
19	11438.094628	1.166021e-08	7.888000e-01	8.857474e-27
19	4997.991935	1.156226e-08	8.251000e-01	6.669359e-27
19	25797.689597	1.173416e-08	7.426000e-01	1.895035e-26
19	1142.179966	3.813181e-08	9.670000e-01	5.333346e-11
19	3800.789737	6.252504e-10	9.076000e-01	2.563184e-25
19	68589.689287	1.180022e-08	6.700000e-01	7.405297e-10
19	68990.260945	1.203225e-08	7.129000e-01	1.000000e-08
19	1148.679439	7.748185e-08	9.835000e-01	5.509524e-11
19	8056.019590	1.162198e-08	8.053000e-01	2.748455e-26
19	1140.415364	3.456562e-08	9.637000e-01	5.263176e-11
19	1121.860258	1.961125e-08	9.373000e-01	4.227631e-11
19	1136.463747	2.908635e-08	9.571000e-01	5.085157e-11
19	1119.148805	1.859124e-08	9.340000e-01	4.034595e-11
19	1117.426512	1.115093e-08	8.845000e-01	7.140830e-26
19	25797.690552	1.173416e-08	7.426000e-01	3.789810e-26
19	4997.991943	1.156226e-08	8.251000e-01	2.126513e-26
19	36280.440087	1.175979e-08	7.195000e-01	2.742482e-25
19	9312.334037	1.163830e-08	7.987000e-01	1.946073e-26
19	1091.648109	1.181582e-08	8.977000e-01	8.550201e-12
19	27144.433748	1.173817e-08	7.393000e-01	3.990734e-26
19	13024.893114	1.167334e-08	7.822000e-01	1.016700e-26
19	3855.161037	1.593945e-10	8.251000e-01	6.467680e-25
19	68648.590235	1.183422e-08	6.766002e-01	1.000000e-08
19	1117.426487	1.115093e-08	8.845000e-01	7.566205e-26
19	3188.764492	1.149509e-08	8.416000e-01	4.599315e-27
19	1100.235375	1.361385e-08	9.109000e-01	2.247825e-11
19	1143.795560	4.249407e-08	9.703000e-01	5.391401e-11
19	1119.148804	1.859124e-08	9.340000e-01	4.034595e-11
19	3500.790140	1.151018e-08	8.383000e-01	4.980399e-26
19	68893.989566	1.197631e-08	7.030000e-01	1.000000e-08
19	68862.427383	1.195800e-08	6.997000e-01	1.000000e-08
19	1124.515815	2.074680e-08	9.406000e-01	4.405906e-11
19	19750.454728	1.171196e-08	7.591000e-01	6.348660e-26
19	68619.022519	1.181715e-08	6.733002e-01	1.000000e-08
19	27144.433668	1.173817e-08	7.393000e-01	8.755068e-26
19	45413.991642	1.177510e-08	7.030000e-01	7.213197e-26
19	24498.135493	1.173001e-08	7.459000e-01	7.520529e-26
19	1108.107785	1.537933e-08	9.208000e-01	3.109713e-11
19	15675.491380	1.169116e-08	7.723000e-01	6.233519e-27
19	1148.679439	7.748185e-08	9.835000e-01	5.509524e-11
19	60881.165556	1.179334e-08	6.799000e-01	1.237259e-24
19	1117.426493	1.115093e-08	8.845000e-01	1.233755e-26
19	1798.482188	1.137974e-08	8.614000e-01	1.381438e-26
19	7473.971843	1.161323e-08	8.086000e-01	2.662076e-26
19	15675.490465	1.169116e-08	7.723000e-01	9.124473e-26
19	1147.702190	6.434533e-08	9.802000e-01	5.496383e-11
19	2393.436167	1.144348e-08	8.515000e-01	1.542422e-26
19	27144.433349	1.173817e-08	7.393000e-01	4.549304e-26
19	56116.591473	1.178846e-08	6.865000e-01	2.610854e-26
19	18671.062075	1.170704e-08	7.624000e-01	1.811927e-25
19	1390.812743	1.129903e-08	8.713000e-01	1.597457e-27
19	3862.513901	1.096517e-10	7.822000e-01	3.085335e-25
19	43467.740153	1.177221e-08	7.063000e-01	3.179149e-25
19	3865.385358	8.954163e-11	7.525000e-01	3.200679e-24
19	1294.395294	1.126715e-08	8.746000e-01	7.966060e-26
19	1147.702191	6.434533e-08	9.802000e-01	5.496383e-11
19	1116.398431	1.767035e-08	9.307000e-01	3.826546e-11
19	27144.433803	1.173817e-08	7.393000e-01	1.501284e-26
19	36280.440001	1.175979e-08	7.195000e-01	1.601496e-25
19	22036.268056	1.172130e-08	7.525000e-01	8.149262e-26
19	1097.825426	1.311322e-08	9.076000e-01	1.926688e-11
19	3866.968960	7.790908e-11	7.294000e-01	4.361603e-24
19	20871.862550	1.171671e-08	7.558000e-01	7.045861e-26
19	68619.022528	1.181715e-08	6.733002e-01	1.000000e-08
19	13871.545024	1.167951e-08	7.789000e-01	9.400739e-26
19	7473.971667	1.161323e-08	8.086000e-01	2.163899e-26
19	1091.648109	1.181582e-08	8.977000e-01	8.550200e-12
19	1091.648109	1.181582e-08	8.977000e-01	8.550200e-12
19	1147.702190	6.434533e-08	9.802000e-01	5.496383e-11
19	45413.992219	1.177510e-08	7.030000e-01	1.218103e-25
19	1090.041949	1.144084e-08	8.944000e-01	4.595009e-12
19	2173.518204	1.142378e-08	8.548000e-01	1.634111e-26
19	1140.415364	3.456562e-08	9.637000e-01	5.263176e-11
19	1113.627708	1.683515e-08	9.274000e-01	3.603225e-11
19	1150.798974	4.046293e-07	9.967001e-01	5.462805e-11
19	29983.985299	1.174582e-08	7.327000e-01	3.648814e-26
19	1294.395349	1.126715e-08	8.746000e-01	6.572648e-27
19	7473.971819	1.161323e-08	8.086000e-01	6.186645e-26
19	17632.722391	1.170194e-08	7.657000e-01	2.471131e-26
19	1798.482252	1.137974e-08	8.614000e-01	8.136214e-27
19	2393.436150	1.144348e-08	8.515000e-01	8.281267e-27
19	68708.447634	1.186882e-08	6.832002e-01	1.000000e-08
19	3796.346149	6.711087e-10	9.109000e-01	7.417945e-25
19	1116.398431	1.767035e-08	9.307000e-01	3.826546e-11
19	1110.856856	1.607456e-08	9.241000e-01	3.364372e-11
19	31479.109631	1.174948e-08	7.294000e-01	2.548854e-26
19	3796.346149	6.711087e-10	9.109000e-01	3.396533e-26
19	68800.077469	1.192186e-08	6.931000e-01	1.000000e-08
19	20871.862381	1.171671e-08	7.558000e-01	1.347371e-26
19	29983.985125	1.174582e-08	7.327000e-01	1.622277e-26
19	68648.590263	1.183422e-08	6.766002e-01	1.000000e-08
19	1091.648109	1.181582e-08	8.977000e-01	8.550200e-12
19	47422.926541	1.177792e-08	6.997000e-01	7.756879e-26
19	53841.267039	1.178593e-08	6.898000e-01	2.458746e-25
19	34626.086671	1.175645e-08	7.228000e-01	1.762805e-25
19	1088.712739	1.109019e-08	8.911000e-01	4.339443e-13
19	8668.574033	1.163033e-08	8.020000e-01	2.426537e-26
19	10696.352404	1.165322e-08	7.921000e-01	4.451397e-27
19	1140.415363	3.456562e-08	9.637000e-01	5.263176e-11
19	68800.077489	1.192186e-08	6.931000e-01	1.000000e-08
19	1140.415364	3.456562e-08	9.637000e-01	5.263176e-11
19	3839.131533	2.711785e-10	8.647000e-01	3.084381e-26
19	1097.825427	1.311322e-08	9.076000e-01	1.926688e-11
19	1146.560481	5.497350e-08	9.769000e-01	5.472560e-11
19	1143.795559	4.249406e-08	9.703000e-01	5.391401e-11
19	3800.789737	6.252504e-10	9.076000e-01	1.336581e-25
19	1140.415364	3.456562e-08	9.637000e-01	5.263176e-11
19	1088.712739	1.109019e-08	8.911000e-01	4.339430e-13
19	1136.463747	2.908634e-08	9.571000e-01	5.085157e-11
19	9312.334135	1.163830e-08	7.987000e-01	7.947663e-27
19	1121.860258	1.961125e-08	9.373000e-01	4.227630e-11
19	4198.444838	1.153773e-08	8.317000e-01	6.762905e-27
19	1150.589202	1.968380e-07	9.934000e-01	5.488623e-11
19	1113.627708	1.683515e-08	9.274000e-01	3.603225e-11
19	1097.825427	1.311322e-08	9.076000e-01	1.926688e-11
19	3811.984137	5.094244e-10	8.977000e-01	1.045611e-25
19	1116.398430	1.767035e-08	9.307000e-01	3.826545e-11
19	10696.352444	1.165322e-08	7.921000e-01	2.212179e-26
19	68738.741192	1.188634e-08	6.865000e-01	1.000000e-08
19	19750.454464	1.171196e-08	7.591000e-01	8.553773e-26
19	-1.000000	-1.000000e+00	-1.000000e+00	-1.000000e+00
19	36280.436246	1.175979e-08	7.195000e-01	6.665181e-26
19	1294.395331	1.126715e-08	8.746000e-01	1.005642e-26
19	3837.165815	1.152437e-08	8.350000e-01	1.132118e-27
19	14754.792943	1.168545e-08	7.756000e-01	1.172984e-25
19	3866.119050	8.422116e-11	7.426000e-01	4.051889e-24
19	68769.284080	1.190402e-08	6.898000e-01	1.000000e-08
19	1113.627708	1.683515e-08	9.274000e-01	3.603225e-11
19	1108.107783	1.537933e-08	9.208000e-01	3.109713e-11
19	1143.795559	4.249406e-08	9.703000e-01	5.391401e-11
19	1090.041949	1.144084e-08	8.944000e-01	4.595010e-12
19	11438.094703	1.166021e-08	7.888000e-01	7.104167e-26
19	1147.702190	6.434533e-08	9.802000e-01	5.496383e-11
19	1091.648108	1.181582e-08	8.977000e-01	8.550199e-12
19	1097.825426	1.311322e-08	9.076000e-01	1.926688e-11
19	68589.689811	1.180022e-08	6.700000e-01	8.500334e-10
19	3811.984137	5.094244e-10	8.977000e-01	1.294474e-25
19	1136.463747	2.908635e-08	9.571000e-01	5.085157e-11
19	1146.560480	5.497350e-08	9.769000e-01	5.472560e-11
19	1093.501234	1.221761e-08	9.010000e-01	1.230890e-11
19	1642.405582	1.135503e-08	8.647000e-01	4.369400e-26
19	3500.790117	1.151018e-08	8.383000e-01	1.374731e-26
19	1091.648108	1.181582e-08	8.977000e-01	8.550199e-12
19	1117.426488	1.115093e-08	8.845000e-01	2.728336e-26
19	1113.627707	1.683515e-08	9.274000e-01	3.603225e-11
19	19750.454640	1.171196e-08	7.591000e-01	1.667807e-25
19	15675.488152	1.169116e-08	7.723000e-01	2.960719e-26
19	1146.560481	5.497350e-08	9.769000e-01	5.472560e-11
19	1145.257126	4.795126e-08	9.736000e-01	5.437687e-11
19	6398.681747	1.159439e-08	8.152000e-01	3.091410e-26
19	1146.560481	5.497350e-08	9.769000e-01	5.472560e-11
19	9312.334073	1.163830e-08	7.987000e-01	5.968856e-26
19	1642.405575	1.135503e-08	8.647000e-01	1.044974e-26
19	68678.397730	1.185145e-08	6.799002e-01	1.000000e-08
19	34626.085191	1.175645e-08	7.228000e-01	2.037094e-25
19	1113.627707	1.683515e-08	9.274000e-01	3.603225e-11
19	1148.679438	7.748184e-08	9.835000e-01	5.509524e-11
19	9988.015494	1.164593e-08	7.954000e-01	1.822409e-26
19	33026.062973	1.175302e-08	7.261000e-01	5.452437e-26
19	9988.015722	1.164593e-08	7.954000e-01	2.266571e-27
19	3854.314314	1.651055e-10	8.284000e-01	3.438107e-24
19	1091.648108	1.181582e-08	8.977000e-01	8.550199e-12
19	3859.779988	1.282622e-10	8.020000e-01	4.788080e-25
19	1127.100029	2.201817e-08	9.439000e-01	4.569680e-11
19	6921.748051	1.160404e-08	8.119000e-01	9.338160e-27
19	9312.334126	1.163830e-08	7.987000e-01	1.504318e-26
19	1094.453657	1.110342e-08	8.878000e-01	1.076164e-25
19	1150.798974	4.046293e-07	9.967001e-01	5.462805e-11
19	1095.570604	1.264901e-08	9.043000e-01	1.587894e-11
19	43467.740821	1.177221e-08	7.063000e-01	6.915719e-26
19	49496.075206	1.178066e-08	6.964000e-01	2.430750e-25
19	3859.779988	1.282622e-10	8.020000e-01	1.805544e-24
19	16634.503723	1.169665e-08	7.690000e-01	1.467822e-26
19	1216.977329	1.123216e-08	8.779000e-01	1.542472e-26
19	43467.740060	1.177221e-08	7.063000e-01	3.544783e-26
19	12214.012188	1.166691e-08	7.855000e-01	6.364266e-27
19	3859.232803	1.319592e-10	8.053000e-01	5.028548e-25
19	23244.681569	1.172573e-08	7.492000e-01	6.348825e-26
19	39757.381078	1.176617e-08	7.129000e-01	1.063627e-25
19	1138.507669	3.159639e-08	9.604000e-01	5.180555e-11
19	1131.999835	2.507660e-08	9.505000e-01	4.854785e-11
19	1149.489689	9.722295e-08	9.868000e-01	5.512359e-11
19	1294.395301	1.126715e-08	8.746000e-01	1.735839e-27
19	68648.590175	1.183422e-08	6.766002e-01	1.000000e-08
19	1131.999835	2.507660e-08	9.505000e-01	4.854785e-11
19	1138.507668	3.159639e-08	9.604000e-01	5.180554e-11
19	20871.862267	1.171671e-08	7.558000e-01	3.261232e-26
19	5437.432126	1.157354e-08	8.218000e-01	6.426155e-26
19	3732.571510	1.250045e-09	9.340000e-01	8.657808e-26
19	1158.128723	1.119361e-08	8.812000e-01	2.879419e-26
19	68589.690149	1.180022e-08	6.700000e-01	1.305542e-09
19	4997.991959	1.156226e-08	8.251000e-01	1.851218e-26
19	17632.719096	1.170194e-08	7.657000e-01	3.480900e-26
19	25797.688616	1.173416e-08	7.426000e-01	4.557670e-26
19	5437.432247	1.157354e-08	8.218000e-01	5.301156e-27
19	22036.268304	1.172130e-08	7.525000e-01	5.571310e-26
19	27144.435026	1.173817e-08	7.393000e-01	1.558410e-26
19	1105.404084	1.474169e-08	9.175000e-01	2.838955e-11
19	53841.267378	1.178593e-08	6.898000e-01	5.565320e-25
19	1113.627707	1.683515e-08	9.274000e-01	3.603225e-11
19	7473.971794	1.161323e-08	8.086000e-01	1.850168e-26
19	68589.691631	1.180022e-08	6.700002e-01	1.000000e-08
19	1158.128753	1.119361e-08	8.812000e-01	4.964032e-26
19	1094.453658	1.110342e-08	8.878000e-01	7.451639e-26
19	6921.747896	1.160404e-08	8.119000e-01	1.256830e-26
19	68648.590156	1.183422e-08	6.766002e-01	1.000000e-08
19	6921.747821	1.160404e-08	8.119000e-01	3.907131e-26
19	68990.260955	1.203225e-08	7.129000e-01	1.000000e-08
19	4997.991923	1.156226e-08	8.251000e-01	1.748788e-26
19	9988.015501	1.164593e-08	7.954000e-01	2.115065e-26
19	19750.455088	1.171196e-08	7.591000e-01	1.054123e-25
19	2635.610711	1.146185e-08	8.482000e-01	8.594301e-27
19	43467.739898	1.177221e-08	7.063000e-01	1.162741e-25
19	1390.812778	1.129903e-08	8.713000e-01	6.826719e-27
19	13024.893092	1.167334e-08	7.822000e-01	1.937014e-26
19	4198.444926	1.153773e-08	8.317000e-01	1.991662e-26
19	68738.741198	1.188634e-08	6.865000e-01	1.000000e-08
19	3815.256483	4.765472e-10	8.944000e-01	3.351500e-26
19	1150.129558	1.302380e-07	9.901000e-01	5.505265e-11
19	1129.598909	2.345072e-08	9.472000e-01	4.719216e-11
19	1148.679439	7.748185e-08	9.835000e-01	5.509524e-11
19	1113.627707	1.683515e-08	9.274000e-01	3.603225e-11
19	3804.816106	5.833849e-10	9.043000e-01	8.672524e-26
19	1136.463747	2.908635e-08	9.571000e-01	5.085157e-11
19	5437.432145	1.157354e-08	8.218000e-01	2.384654e-26
19	3804.816106	5.833849e-10	9.043000e-01	6.058732e-26
19	68619.022582	1.181715e-08	6.733002e-01	1.000000e-08
19	1136.463747	2.908635e-08	9.571000e-01	5.085157e-11
19	1136.463746	2.908634e-08	9.571000e-01	5.085157e-11
19	1975.361663	1.140259e-08	8.581000e-01	6.797171e-27
19	2173.518207	1.142378e-08	8.548000e-01	1.989782e-26
19	1136.463748	2.908635e-08	9.571000e-01	5.085157e-11
19	2900.547691	1.147902e-08	8.449000e-01	1.400061e-26
19	63373.944752	1.179569e-08	6.766000e-01	7.966798e-25
19	1090.041949	1.144084e-08	8.944000e-01	4.595008e-12
19	1110.856857	1.607456e-08	9.241000e-01	3.364373e-11
19	1127.100030	2.201817e-08	9.439000e-01	4.569680e-11
19	1129.598910	2.345073e-08	9.472000e-01	4.719216e-11
19	1093.501234	1.221761e-08	9.010000e-01	1.230890e-11
19	1146.560480	5.497350e-08	9.769000e-01	5.472560e-11
19	28539.485322	1.174206e-08	7.360000e-01	6.372531e-26
19	25797.688926	1.173416e-08	7.426000e-01	1.068748e-25
19	68708.447604	1.186882e-08	6.832002e-01	1.000000e-08
19	19750.455100	1.171196e-08	7.591000e-01	7.228350e-26
19	1119.148806	1.859124e-08	9.340000e-01	4.034595e-11
19	1110.856856	1.607456e-08	9.241000e-01	3.364372e-11
19	4585.193848	1.155034e-08	8.284000e-01	1.837529e-27
19	68589.690149	1.180022e-08	6.700000e-01	1.912983e-09
19	1145.257126	4.795126e-08	9.736000e-01	5.437687e-11
19	34626.086920	1.175645e-08	7.228000e-01	1.240231e-25
19	68708.447703	1.186882e-08	6.832002e-01	1.000000e-08
19	4585.193825	1.155034e-08	8.284000e-01	5.756470e-26
19	10696.352434	1.165322e-08	7.921000e-01	4.493360e-27
19	1091.648108	1.181582e-08	8.977000e-01	8.550199e-12
19	68648.590169	1.183422e-08	6.766002e-01	1.000000e-08
19	1119.148805	1.859124e-08	9.340000e-01	4.034595e-11
19	28539.485509	1.174206e-08	7.360000e-01	2.787430e-26
19	22036.268185	1.172130e-08	7.525000e-01	2.701324e-26
19	45413.991988	1.177510e-08	7.030000e-01	7.015932e-26
19	1094.453656	1.110342e-08	8.878000e-01	4.129347e-27
19	29983.985384	1.174582e-08	7.327000e-01	1.294159e-25
19	36280.436175	1.175979e-08	7.195000e-01	5.972604e-26
19	68678.397760	1.185145e-08	6.799002e-01	1.000000e-08
19	3188.764558	1.149509e-08	8.416000e-01	1.701420e-26
19	68678.397769	1.185145e-08	6.799002e-01	1.000000e-08
19	1102.771009	1.415506e-08	9.142000e-01	2.551778e-11
19	68738.741164	1.188634e-08	6.865000e-01	1.000000e-08
19	1642.405657	1.135503e-08	8.647000e-01	2.320142e-26
19	13871.545021	1.167951e-08	7.789000e-01	4.183322e-26
19	68800.077458	1.192186e-08	6.931000e-01	1.000000e-08
19	12214.012199	1.166691e-08	7.855000e-01	7.793386e-26
19	-1.000000	-1.000000e+00	-1.000000e+00	-1.000000e+00
19	3850.239701	1.927451e-10	8.416000e-01	8.775697e-25
19	36280.440594	1.175979e-08	7.195000e-01	7.577620e-26
19	43467.739916	1.177221e-08	7.063000e-01	6.772749e-26
19	3800.789737	6.252504e-10	9.076000e-01	2.577310e-25
19	5904.121664	1.158423e-08	8.185000e-01	2.961828e-26
19	68619.022401	1.181715e-08	6.733002e-01	1.000000e-08
19	3837.165769	1.152437e-08	8.350000e-01	1.174036e-26
19	1127.100030	2.201817e-08	9.439000e-01	4.569680e-11
19	3707.363213	1.485628e-09	9.373000e-01	3.880658e-26
19	69022.889747	1.205123e-08	7.162000e-01	1.000000e-08
19	7473.971808	1.161323e-08	8.086000e-01	1.062223e-26
19	1798.482197	1.137974e-08	8.614000e-01	2.736181e-27
19	69190.212190	1.214878e-08	7.327000e-01	1.000000e-08
19	43467.740236	1.177221e-08	7.063000e-01	3.905534e-25
19	1294.395351	1.126715e-08	8.746000e-01	1.756124e-26
19	1136.463747	2.908635e-08	9.571000e-01	5.085157e-11
19	28539.485031	1.174206e-08	7.360000e-01	4.292562e-26
19	1642.405655	1.135503e-08	8.647000e-01	3.107257e-27
19	1642.405665	1.135503e-08	8.647000e-01	1.189170e-26
19	1146.560480	5.497350e-08	9.769000e-01	5.472560e-11
19	1108.107784	1.537933e-08	9.208000e-01	3.109713e-11
19	1113.627708	1.683515e-08	9.274000e-01	3.603225e-11
19	3849.009908	2.011635e-10	8.449000e-01	3.700465e-25
19	1110.856856	1.607456e-08	9.241000e-01	3.364372e-11
19	22036.268256	1.172130e-08	7.525000e-01	3.411681e-26
19	4997.991928	1.156226e-08	8.251000e-01	2.061786e-26
19	7473.971608	1.161323e-08	8.086000e-01	4.669486e-28
19	3854.314314	1.651055e-10	8.284000e-01	2.960261e-25
19	1095.570605	1.264901e-08	9.043000e-01	1.587894e-11
19	68800.077502	1.192186e-08	6.931000e-01	1.000000e-08
19	19750.454434	1.171196e-08	7.591000e-01	8.341194e-26
19	3864.597669	9.525523e-11	7.624000e-01	2.786933e-13
19	6921.748064	1.160404e-08	8.119000e-01	3.038172e-26
19	1149.489689	9.722296e-08	9.868000e-01	5.512359e-11
19	1390.812755	1.129904e-08	8.713000e-01	1.368297e-26
19	2173.518150	1.142378e-08	8.548000e-01	1.811286e-26
19	1108.107785	1.537933e-08	9.208000e-01	3.109713e-11
19	1216.977339	1.123216e-08	8.779000e-01	6.537361e-27
19	1093.501234	1.221761e-08	9.010000e-01	1.230890e-11
19	16634.503721	1.169665e-08	7.690000e-01	3.265692e-26
19	3850.239702	1.927451e-10	8.416000e-01	5.235253e-25
19	36280.438895	1.175979e-08	7.195000e-01	3.926935e-25
19	7473.971685	1.161323e-08	8.086000e-01	3.488449e-26
19	1294.395336	1.126715e-08	8.746000e-01	2.162331e-26
19	65942.820849	1.179798e-08	6.733000e-01	1.927964e-24
19	1100.235375	1.361385e-08	9.109000e-01	2.247825e-11
19	-1.000000	-1.000000e+00	-1.000000e+00	-1.000000e+00
19	1127.100030	2.201817e-08	9.439000e-01	4.569680e-11
19	13871.545042	1.167951e-08	7.789000e-01	1.860172e-26
19	3188.764559	1.149509e-08	8.416000e-01	2.697530e-26
19	43467.739915	1.177221e-08	7.063000e-01	2.225358e-25
19	68619.022601	1.181715e-08	6.733002e-01	1.000000e-08
19	4585.193827	1.155034e-08	8.284000e-01	5.927962e-29
19	17632.721043	1.170194e-08	7.657000e-01	3.251096e-26
19	47422.927256	1.177792e-08	6.997000e-01	1.700118e-25
19	1105.404086	1.474169e-08	9.175000e-01	2.838955e-11
19	1148.679438	7.748184e-08	9.835000e-01	5.509524e-11
19	3862.114358	1.123924e-10	7.855000e-01	1.906836e-24
19	69224.535189	1.216883e-08	7.360000e-01	1.000000e-08
19	25797.690294	1.173416e-08	7.426000e-01	3.985775e-27
19	33026.062625	1.175302e-08	7.261000e-01	1.822609e-26
19	1294.395294	1.126715e-08	8.746000e-01	5.340171e-27
19	41582.685746	1.176923e-08	7.096000e-01	8.349323e-26
19	1506.667471	1.132822e-08	8.680000e-01	1.987838e-26
19	7473.971659	1.161323e-08	8.086000e-01	3.287845e-26
19	17632.720720	1.170194e-08	7.657000e-01	3.370130e-26
19	-1.000000	-1.000000e+00	-1.000000e+00	-1.000000e+00
19	16634.501940	1.169665e-08	7.690000e-01	6.356401e-27
19	22036.268942	1.172130e-08	7.525000e-01	5.871354e-26
19	31479.109246	1.174948e-08	7.294000e-01	4.839325e-26
19	3847.677319	2.103398e-10	8.482000e-01	3.575224e-25
19	22036.268647	1.172130e-08	7.525000e-01	1.966447e-26
19	1134.291483	2.693712e-08	9.538000e-01	4.976668e-11
19	7473.971801	1.161323e-08	8.086000e-01	4.097840e-26
19	3868.022088	6.978454e-11	7.096000e-01	1.202768e-23
19	5904.121757	1.158423e-08	8.185000e-01	3.742738e-26
19	-1.000000	-1.000000e+00	-1.000000e+00	-1.000000e+00
19	3867.525137	7.366762e-11	7.195000e-01	2.360626e-24
19	1117.426490	1.115093e-08	8.845000e-01	4.766457e-26
19	1147.702190	6.434533e-08	9.802000e-01	5.496383e-11
19	3796.346149	6.711087e-10	9.109000e-01	7.658368e-26
19	3854.314314	1.651055e-10	8.284000e-01	7.883060e-25
19	3867.525137	7.366762e-11	7.195000e-01	8.459522e-24
19	3851.376401	1.850004e-10	8.383000e-01	1.590659e-25
19	2635.610689	1.146185e-08	8.482000e-01	2.288008e-26
19	16634.504301	1.169665e-08	7.690000e-01	4.914965e-26
19	1216.977347	1.123216e-08	8.779000e-01	2.640406e-26
19	1149.489689	9.722296e-08	9.868000e-01	5.512359e-11
19	33026.063626	1.175302e-08	7.261000e-01	9.247537e-26
19	1124.515814	2.074680e-08	9.406000e-01	4.405906e-11
19	31479.109478	1.174948e-08	7.294000e-01	1.536103e-25
19	1088.712740	1.109019e-08	8.911000e-01	4.339461e-13
19	3188.764543	1.149509e-08	8.416000e-01	6.700876e-27
19	68769.284039	1.190402e-08	6.898000e-01	1.000000e-08
19	6921.748018	1.160404e-08	8.119000e-01	4.435064e-26
19	1136.463747	2.908634e-08	9.571000e-01	5.085157e-11
19	33026.062689	1.175302e-08	7.261000e-01	8.741018e-26
19	19750.455209	1.171196e-08	7.591000e-01	1.633557e-25
19	11438.094637	1.166021e-08	7.888000e-01	2.863373e-26
19	1143.795559	4.249406e-08	9.703000e-01	5.391401e-11
19	1150.589202	1.968380e-07	9.934000e-01	5.488623e-11
19	1143.795559	4.249406e-08	9.703000e-01	5.391401e-11
19	1146.560480	5.497350e-08	9.769000e-01	5.472560e-11
19	68990.260945	1.203225e-08	7.129000e-01	1.000000e-08
19	45413.991989	1.177510e-08	7.030000e-01	2.177270e-26
19	3863.934517	9.981234e-11	7.690000e-01	1.214839e-24
19	3500.790208	1.151018e-08	8.383000e-01	9.006975e-27
19	37990.421596	1.176303e-08	7.162000e-01	4.288786e-26
19	45413.992433	1.177510e-08	7.030000e-01	1.432001e-25
19	68738.741168	1.188634e-08	6.865000e-01	1.000000e-08
19	1121.860259	1.961125e-08	9.373000e-01	4.227630e-11
19	68990.260954	1.203225e-08	7.129000e-01	1.000000e-08
19	23244.680862	1.172573e-08	7.492000e-01	1.948372e-25
19	5904.121648	1.158423e-08	8.185000e-01	3.199679e-26
19	37990.421540	1.176303e-08	7.162000e-01	1.325148e-25
19	69224.535190	1.216883e-08	7.360000e-01	1.000000e-08
19	8056.019530	1.162198e-08	8.053000e-01	2.918231e-26
19	1642.405600	1.135503e-08	8.647000e-01	1.062492e-26
19	4997.991951	1.156226e-08	8.251000e-01	2.677029e-27
19	5904.121584	1.158423e-08	8.185000e-01	2.182383e-26
19	3837.165861	1.152437e-08	8.350000e-01	1.876705e-26
19	10696.352401	1.165322e-08	7.921000e-01	4.997503e-26
19	10696.352384	1.165322e-08	7.921000e-01	4.543788e-26
19	1119.148805	1.859124e-08	9.340000e-01	4.034595e-11
19	1149.489689	9.722295e-08	9.868000e-01	5.512359e-11
19	1105.404086	1.474169e-08	9.175000e-01	2.838955e-11
19	22036.268738	1.172130e-08	7.525000e-01	8.694435e-26
19	18671.061991	1.170704e-08	7.624000e-01	5.909011e-26
19	4585.193842	1.155034e-08	8.284000e-01	2.075612e-27
19	1105.404086	1.474169e-08	9.175000e-01	2.838956e-11
19	1110.856858	1.607456e-08	9.241000e-01	3.364373e-11
19	24498.134671	1.173001e-08	7.459000e-01	1.504893e-26
19	1150.798974	4.046292e-07	9.967001e-01	5.462805e-11
19	16634.500669	1.169665e-08	7.690000e-01	2.300568e-26
19	25797.690578	1.173416e-08	7.426000e-01	2.432259e-26
19	68862.427385	1.195800e-08	6.997000e-01	1.000000e-08
19	14754.793093	1.168545e-08	7.756000e-01	1.605711e-26
19	18671.061864	1.170704e-08	7.624000e-01	2.915588e-26
19	1798.482225	1.137974e-08	8.614000e-01	5.363409e-27
19	2173.518228	1.142378e-08	8.548000e-01	2.619979e-26
19	22036.268777	1.172130e-08	7.525000e-01	4.527876e-26
19	37990.421633	1.176303e-08	7.162000e-01	8.487705e-26
19	3500.790224	1.151018e-08	8.383000e-01	7.240415e-26
19	3868.467505	6.621359e-11	6.997000e-01	2.401878e-25
19	68831.124323	1.193985e-08	6.964000e-01	1.000000e-08
19	1131.999836	2.507660e-08	9.505000e-01	4.854785e-11
19	1121.860259	1.961125e-08	9.373000e-01	4.227630e-11
19	36280.441966	1.175979e-08	7.195000e-01	9.712815e-26
19	6398.681576	1.159439e-08	8.152000e-01	6.440788e-27
19	3500.790193	1.151018e-08	8.383000e-01	1.488636e-26
19	3837.165788	1.152437e-08	8.350000e-01	5.190154e-27
19	68990.260945	1.203225e-08	7.129000e-01	1.000000e-08
19	3857.386642	1.444037e-10	8.152000e-01	3.839860e-25
19	2635.610723	1.146185e-08	8.482000e-01	1.859110e-26
19	3188.764472	1.149509e-08	8.416000e-01	9.560209e-27
19	8056.019496	1.162198e-08	8.053000e-01	1.952249e-26
19	7473.971757	1.161323e-08	8.086000e-01	5.709384e-26
19	1134.291483	2.693712e-08	9.538000e-01	4.976668e-11
19	36280.441108	1.175979e-08	7.195000e-01	1.603809e-25
19	69022.889736	1.205123e-08	7.162000e-01	1.000000e-08
19	3832.286751	3.236911e-10	8.746000e-01	5.085289e-25
19	68800.077446	1.192186e-08	6.931000e-01	1.000000e-08
19	4198.444778	1.153773e-08	8.317000e-01	1.142262e-26
19	25797.688849	1.173416e-08	7.426000e-01	3.210401e-27
19	34626.087833	1.175645e-08	7.228000e-01	2.249410e-25
19	4997.991955	1.156226e-08	8.251000e-01	4.984802e-26
19	1138.507668	3.159639e-08	9.604000e-01	5.180554e-11
19	1124.515815	2.074680e-08	9.406000e-01	4.405906e-11
19	7473.971855	1.161323e-08	8.086000e-01	2.561883e-26
19	2393.436194	1.144348e-08	8.515000e-01	6.346328e-27
19	15675.488507	1.169116e-08	7.723000e-01	2.536015e-26
19	3858.653484	1.358679e-10	8.086000e-01	1.565210e-25
19	1127.100029	2.201817e-08	9.439000e-01	4.569680e-11
19	19750.454401	1.171196e-08	7.591000e-01	2.536454e-26
19	6398.681540	1.159439e-08	8.152000e-01	5.822941e-27
19	1110.856857	1.607456e-08	9.241000e-01	3.364372e-11
19	2635.610685	1.146185e-08	8.482000e-01	2.748206e-26
19	1158.128733	1.119361e-08	8.812000e-01	4.579375e-27
19	2393.436220	1.144348e-08	8.515000e-01	1.204309e-26
19	1091.648108	1.181582e-08	8.977000e-01	8.550200e-12
19	3188.764526	1.149509e-08	8.416000e-01	5.378139e-27
19	2900.547712	1.147902e-08	8.449000e-01	1.129725e-26
19	60881.165746	1.179334e-08	6.799000e-01	1.740009e-24
19	2393.436226	1.144348e-08	8.515000e-01	5.147216e-26
19	1134.291483	2.693712e-08	9.538000e-01	4.976668e-11
19	41582.685884	1.176923e-08	7.096000e-01	6.099004e-26
19	3868.739059	6.398716e-11	6.931000e-01	1.285927e-23
19	2900.547705	1.147902e-08	8.449000e-01	1.359872e-27
19	3188.764475	1.149509e-08	8.416000e-01	4.081517e-27
19	68769.284043	1.190402e-08	6.898000e-01	1.000000e-08
19	68862.427410	1.195800e-08	6.997000e-01	1.000000e-08
19	3811.984137	5.094244e-10	8.977000e-01	5.679468e-27
19	1140.415364	3.456562e-08	9.637000e-01	5.263176e-11
19	1097.825426	1.311322e-08	9.076000e-01	1.926688e-11
19	4585.193846	1.155034e-08	8.284000e-01	3.400582e-26
19	3849.009908	2.011635e-10	8.449000e-01	6.288748e-25
19	3850.239702	1.927451e-10	8.416000e-01	1.621164e-25
19	51634.986116	1.178333e-08	6.931000e-01	3.895163e-26
19	34626.088656	1.175645e-08	7.228000e-01	9.416788e-26
19	1642.405653	1.135503e-08	8.647000e-01	2.785640e-26
19	68619.022506	1.181715e-08	6.733002e-01	1.000000e-08
19	1134.291483	2.693712e-08	9.538000e-01	4.976668e-11
19	68589.690149	1.180022e-08	6.700000e-01	1.250212e-09
19	24498.134481	1.173001e-08	7.459000e-01	8.984869e-26
19	68708.447674	1.186882e-08	6.832002e-01	1.000000e-08
19	1216.977333	1.123216e-08	8.779000e-01	3.186290e-26
19	24498.135391	1.173001e-08	7.459000e-01	1.579184e-25
19	18671.061612	1.170704e-08	7.624000e-01	6.574333e-26
19	2900.547647	1.147902e-08	8.449000e-01	3.361148e-26
19	1121.860259	1.961125e-08	9.373000e-01	4.227630e-11
19	1146.560481	5.497350e-08	9.769000e-01	5.472560e-11
19	3867.862515	7.104212e-11	7.129000e-01	1.083713e-23
19	1116.398432	1.767035e-08	9.307000e-01	3.826546e-11
19	8056.019381	1.162198e-08	8.053000e-01	1.977018e-26
19	1113.627709	1.683516e-08	9.274000e-01	3.603225e-11
19	3865.640085	8.770599e-11	7.492000e-01	2.857709e-24
19	68738.741183	1.188634e-08	6.865000e-01	1.000000e-08
19	68769.284031	1.190402e-08	6.898000e-01	1.000000e-08
19	1148.679439	7.748185e-08	9.835000e-01	5.509524e-11
19	11438.094657	1.166021e-08	7.888000e-01	3.487168e-26
19	1129.598910	2.345072e-08	9.472000e-01	4.719216e-11
19	53841.266833	1.178593e-08	6.898000e-01	3.392893e-25
19	1294.395330	1.126715e-08	8.746000e-01	2.482969e-26
19	1158.128717	1.119361e-08	8.812000e-01	2.318455e-26
19	1121.860258	1.961125e-08	9.373000e-01	4.227630e-11
19	13871.545022	1.167951e-08	7.789000e-01	2.117925e-26
19	68589.689098	1.180022e-08	6.700000e-01	7.104571e-10
19	28539.485342	1.174206e-08	7.360000e-01	1.061525e-26
19	1145.257126	4.795126e-08	9.736000e-01	5.437687e-11
19	17632.721693	1.170194e-08	7.657000e-01	1.512161e-27
19	9312.334060	1.163830e-08	7.987000e-01	1.446503e-26
19	39757.380945	1.176617e-08	7.129000e-01	1.202591e-25
19	1091.648109	1.181582e-08	8.977000e-01	8.550200e-12
19	45413.992432	1.177510e-08	7.030000e-01	2.567473e-25
19	4198.444874	1.153773e-08	8.317000e-01	9.921729e-27
19	1127.100029	2.201817e-08	9.439000e-01	4.569680e-11
19	6398.681699	1.159439e-08	8.152000e-01	4.387261e-26
19	8056.019485	1.162198e-08	8.053000e-01	4.676371e-26
19	3865.884468	8.593365e-11	7.459000e-01	1.217442e-25
19	68831.124261	1.193985e-08	6.964000e-01	1.000000e-08
19	68738.741195	1.188634e-08	6.865000e-01	1.000000e-08
19	25797.689597	1.173416e-08	7.426000e-01	5.259530e-27
19	1127.100030	2.201817e-08	9.439000e-01	4.569680e-11
19	1105.404086	1.474169e-08	9.175000e-01	2.838955e-11
19	11438.094659	1.166021e-08	7.888000e-01	5.344236e-27
19	5904.121734	1.158423e-08	8.185000e-01	3.604500e-26
19	1642.405608	1.135503e-08	8.647000e-01	1.735123e-26
19	3863.934517	9.981234e-11	7.690000e-01	2.061786e-24
19	3837.165775	1.152437e-08	8.350000e-01	7.098212e-27
19	7473.971792	1.161323e-08	8.086000e-01	4.675020e-26
19	2635.610655	1.146185e-08	8.482000e-01	6.444434e-27
19	1095.570604	1.264901e-08	9.043000e-01	1.587894e-11
19	58462.653839	1.179093e-08	6.832000e-01	1.125179e-25
19	68738.741202	1.188634e-08	6.865000e-01	1.000000e-08
19	1127.100030	2.201817e-08	9.439000e-01	4.569680e-11
19	1145.257126	4.795126e-08	9.736000e-01	5.437687e-11
19	3846.231800	2.203683e-10	8.515000e-01	7.710255e-25
19	68831.124313	1.193985e-08	6.964000e-01	1.000000e-08
19	1642.405634	1.135503e-08	8.647000e-01	1.530961e-26
19	1094.453662	1.110342e-08	8.878000e-01	7.096250e-26
19	43467.740805	1.177221e-08	7.063000e-01	2.836668e-25
19	1975.361604	1.140259e-08	8.581000e-01	1.503911e-26
19	1095.570604	1.264901e-08	9.043000e-01	1.587894e-11
19	1124.515814	2.074680e-08	9.406000e-01	4.405906e-11
19	1148.679439	7.748184e-08	9.835000e-01	5.509524e-11
19	13871.545012	1.167951e-08	7.789000e-01	3.910788e-27
19	1150.798974	4.046292e-07	9.967001e-01	5.462805e-11
19	41582.685251	1.176923e-08	7.096000e-01	1.710449e-25
19	68589.690149	1.180022e-08	6.700000e-01	1.822142e-09
19	3800.789736	6.252504e-10	9.076000e-01	8.106905e-26
19	1149.489689	9.722295e-08	9.868000e-01	5.512359e-11
19	1091.648109	1.181582e-08	8.977000e-01	8.550200e-12
19	68619.022480	1.181715e-08	6.733002e-01	1.000000e-08
19	1150.798974	4.046293e-07	9.967001e-01	5.462805e-11
19	1138.507668	3.159639e-08	9.604000e-01	5.180554e-11
19	18671.061686	1.170704e-08	7.624000e-01	3.608797e-26
19	1108.107784	1.537933e-08	9.208000e-01	3.109713e-11
19	37990.421633	1.176303e-08	7.162000e-01	2.422377e-25
19	1129.598909	2.345072e-08	9.472000e-01	4.719216e-11
19	2173.518181	1.142378e-08	8.548000e-01	1.505362e-26
19	10696.352439	1.165322e-08	7.921000e-01	4.456397e-26
19	1148.679439	7.748185e-08	9.835000e-01	5.509524e-11
19	1975.361678	1.140259e-08	8.581000e-01	3.192642e-26
19	68678.397811	1.185145e-08	6.799002e-01	1.000000e-08
19	17632.721098	1.170194e-08	7.657000e-01	4.142551e-26
19	68800.077504	1.192186e-08	6.931000e-01	1.000000e-08
19	69224.535199	1.216883e-08	7.360000e-01	1.000000e-08
19	11438.094691	1.166021e-08	7.888000e-01	1.311668e-26
19	3851.376401	1.850004e-10	8.383000e-01	2.818438e-25
19	16634.501886	1.169665e-08	7.690000e-01	2.714482e-26
19	5904.121721	1.158423e-08	8.185000e-01	1.689205e-26
19	1105.404086	1.474169e-08	9.175000e-01	2.838955e-11
19	69022.889745	1.205123e-08	7.162000e-01	1.000000e-08
19	1116.398430	1.767035e-08	9.307000e-01	3.826546e-11
19	1642.405583	1.135503e-08	8.647000e-01	1.227280e-26
19	18671.061537	1.170704e-08	7.624000e-01	1.373122e-25
19	1142.179966	3.813181e-08	9.670000e-01	5.333345e-11
19	58462.650313	1.179093e-08	6.832000e-01	4.166432e-25
19	8668.573915	1.163033e-08	8.020000e-01	1.941530e-26
19	1506.667464	1.132822e-08	8.680000e-01	1.176610e-26
19	68831.124277	1.193985e-08	6.964000e-01	1.000000e-08
19	1110.856856	1.607456e-08	9.241000e-01	3.364372e-11
19	6921.747991	1.160404e-08	8.119000e-01	5.884614e-26
19	1145.257126	4.795126e-08	9.736000e-01	5.437687e-11
19	1113.627708	1.683515e-08	9.274000e-01	3.603225e-11
19	6921.748059	1.160404e-08	8.119000e-01	5.583849e-27
19	3779.010408	8.421150e-10	9.208000e-01	7.852754e-26
19	68738.741160	1.188634e-08	6.865000e-01	1.000000e-08
19	1146.560481	5.497350e-08	9.769000e-01	5.472560e-11
19	37990.421521	1.176303e-08	7.162000e-01	8.679673e-26
19	68619.022378	1.181715e-08	6.733002e-01	1.000000e-08
19	1158.128743	1.119361e-08	8.812000e-01	7.766492e-27
19	68862.427368	1.195800e-08	6.997000e-01	1.000000e-08
19	25797.690268	1.173416e-08	7.426000e-01	5.027837e-27
19	1110.856857	1.607456e-08	9.241000e-01	3.364372e-11
19	15675.488301	1.169116e-08	7.723000e-01	6.874197e-26
19	-1.000000	-1.000000e+00	-1.000000e+00	-1.000000e+00
19	68800.077503	1.192186e-08	6.931000e-01	1.000000e-08
19	11438.094655	1.166021e-08	7.888000e-01	4.394747e-26
19	1091.648108	1.181582e-08	8.977000e-01	8.550198e-12
19	3854.314314	1.651055e-10	8.284000e-01	5.158377e-25
19	5437.432116	1.157354e-08	8.218000e-01	1.758148e-26
19	1091.648109	1.181582e-08	8.977000e-01	8.550200e-12
19	12214.012180	1.166691e-08	7.855000e-01	1.079321e-26
19	23244.681679	1.172573e-08	7.492000e-01	9.769397e-26
19	15675.491223	1.169116e-08	7.723000e-01	7.827598e-27
19	41582.685296	1.176923e-08	7.096000e-01	2.770179e-25
19	43467.740216	1.177221e-08	7.063000e-01	6.921685e-26
19	1148.679439	7.748184e-08	9.835000e-01	5.509524e-11
19	-1.000000	-1.000000e+00	-1.000000e+00	-1.000000e+00
19	1150.798974	4.046293e-07	9.967001e-01	5.462805e-11
19	1216.977325	1.123216e-08	8.779000e-01	1.290110e-26
19	43467.740361	1.177221e-08	7.063000e-01	4.200091e-26
19	1506.667476	1.132822e-08	8.680000e-01	7.213034e-27
19	11438.094701	1.166021e-08	7.888000e-01	4.857000e-26
19	1105.404085	1.474169e-08	9.175000e-01	2.838955e-11
19	20871.862198	1.171671e-08	7.558000e-01	1.079846e-25
19	63373.942892	1.179569e-08	6.766000e-01	8.472814e-25
19	12214.012162	1.166691e-08	7.855000e-01	2.161707e-26
19	1138.507668	3.159639e-08	9.604000e-01	5.180554e-11
19	1119.148806	1.859124e-08	9.340000e-01	4.034595e-11
19	5904.121750	1.158423e-08	8.185000e-01	9.361759e-27
19	3188.764445	1.149509e-08	8.416000e-01	3.344236e-26
19	39757.380963	1.176617e-08	7.129000e-01	8.645841e-28
19	29983.985169	1.174583e-08	7.327000e-01	1.258680e-25
19	1143.795559	4.249406e-08	9.703000e-01	5.391401e-11
19	3849.009908	2.011635e-10	8.449000e-01	1.229171e-24
19	29983.985815	1.174582e-08	7.327000e-01	4.789959e-26
19	4585.193836	1.155034e-08	8.284000e-01	2.026074e-26
19	8668.573795	1.163033e-08	8.020000e-01	2.402128e-26
19	1094.453667	1.110342e-08	8.878000e-01	4.305904e-26
19	1095.570604	1.264901e-08	9.043000e-01	1.587894e-11
19	1124.515815	2.074680e-08	9.406000e-01	4.405906e-11
19	4997.991963	1.156226e-08	8.251000e-01	4.401908e-26
19	3188.764449	1.149509e-08	8.416000e-01	1.467624e-26
19	1095.570604	1.264901e-08	9.043000e-01	1.587894e-11
19	1097.825427	1.311322e-08	9.076000e-01	1.926688e-11
19	17632.720723	1.170194e-08	7.657000e-01	7.571570e-26
19	4198.444939	1.153773e-08	8.317000e-01	2.585852e-26
19	68831.124279	1.193985e-08	6.964000e-01	1.000000e-08
19	5437.432189	1.157354e-08	8.218000e-01	1.556651e-26
19	3869.112475	6.085439e-11	6.832000e-01	2.407705e-23
19	-1.000000	-1.000000e+00	-1.000000e+00	-1.000000e+00
19	3867.696960	7.233591e-11	7.162000e-01	3.777812e-24
19	1110.856858	1.607456e-08	9.241000e-01	3.364373e-11
19	11438.094633	1.166021e-08	7.888000e-01	4.533303e-26
19	10696.352417	1.165322e-08	7.921000e-01	2.701053e-27
19	13024.893113	1.167334e-08	7.822000e-01	4.396599e-26
19	1136.463747	2.908634e-08	9.571000e-01	5.085157e-11
19	3785.656428	7.782407e-10	9.175000e-01	1.278783e-25
19	69224.535188	1.216883e-08	7.360000e-01	1.000000e-08
19	1119.148805	1.859124e-08	9.340000e-01	4.034595e-11
19	3842.961952	2.434046e-10	8.581000e-01	7.186347e-26
19	3860.787890	1.214341e-10	7.954000e-01	3.914085e-25
19	4585.193813	1.155034e-08	8.284000e-01	2.345800e-28
19	4585.193838	1.155034e-08	8.284000e-01	3.523503e-26
19	3867.346745	7.503907e-11	7.228000e-01	6.155947e-24
19	68619.022506	1.181715e-08	6.733002e-01	1.000000e-08
19	1145.257126	4.795126e-08	9.736000e-01	5.437687e-11
19	2393.436190	1.144348e-08	8.515000e-01	5.316770e-27
19	31479.109478	1.174948e-08	7.294000e-01	1.929271e-25
19	3868.992272	6.187253e-11	6.865000e-01	3.530835e-24
19	69224.535192	1.216883e-08	7.360000e-01	1.000000e-08
19	68831.124337	1.193985e-08	6.964000e-01	1.000000e-08
19	3862.513901	1.096517e-10	7.822000e-01	7.819635e-25
19	1113.627708	1.683515e-08	9.274000e-01	3.603225e-11
19	8668.574008	1.163033e-08	8.020000e-01	7.250010e-27
19	3837.165774	1.152437e-08	8.350000e-01	5.734816e-27
19	1121.860259	1.961125e-08	9.373000e-01	4.227631e-11
19	1129.598909	2.345072e-08	9.472000e-01	4.719216e-11
19	5437.432142	1.157354e-08	8.218000e-01	6.653289e-26
19	3800.789737	6.252504e-10	9.076000e-01	6.033590e-26
19	1148.679439	7.748185e-08	9.835000e-01	5.509524e-11
19	1146.560481	5.497350e-08	9.769000e-01	5.472560e-11
19	68769.284051	1.190402e-08	6.898000e-01	1.000000e-08
19	1216.977330	1.123216e-08	8.779000e-01	3.572402e-26
19	3804.816106	5.833849e-10	9.043000e-01	4.173529e-26
19	1147.702190	6.434533e-08	9.802000e-01	5.496383e-11
19	68769.284065	1.190402e-08	6.898000e-01	1.000000e-08
19	5437.432267	1.157354e-08	8.218000e-01	2.949458e-26
19	11438.094683	1.166021e-08	7.888000e-01	2.055992e-26
19	15675.488247	1.169116e-08	7.723000e-01	1.845817e-26
19	68800.077441	1.192186e-08	6.931000e-01	1.000000e-08
19	1129.598910	2.345072e-08	9.472000e-01	4.719216e-11
19	1136.463747	2.908634e-08	9.571000e-01	5.085157e-11
19	1150.129558	1.302380e-07	9.901000e-01	5.505265e-11
19	1143.795560	4.249406e-08	9.703000e-01	5.391401e-11
19	2635.610735	1.146185e-08	8.482000e-01	3.383904e-26
19	1149.489689	9.722296e-08	9.868000e-01	5.512359e-11
19	1108.107784	1.537933e-08	9.208000e-01	3.109713e-11
19	1102.771010	1.415506e-08	9.142000e-01	2.551779e-11
19	1090.041949	1.144084e-08	8.944000e-01	4.595009e-12
19	1102.771008	1.415506e-08	9.142000e-01	2.551778e-11
19	23244.680862	1.172573e-08	7.492000e-01	1.230829e-25
19	20871.862449	1.171671e-08	7.558000e-01	7.591547e-26
19	3860.297591	1.247591e-10	7.987000e-01	9.763181e-25
19	1116.398432	1.767035e-08	9.307000e-01	3.826546e-11
19	53841.267499	1.178593e-08	6.898000e-01	2.765698e-25
19	1095.570604	1.264901e-08	9.043000e-01	1.587894e-11
19	1294.395350	1.126715e-08	8.746000e-01	1.565000e-26
19	20871.862914	1.171671e-08	7.558000e-01	3.501531e-26
19	1129.598909	2.345072e-08	9.472000e-01	4.719216e-11
19	1093.501234	1.221761e-08	9.010000e-01	1.230890e-11
19	68738.741215	1.188634e-08	6.865000e-01	1.000000e-08
19	19750.454967	1.171196e-08	7.591000e-01	3.230009e-26
19	1108.107784	1.537933e-08	9.208000e-01	3.109713e-11
19	5437.432136	1.157354e-08	8.218000e-01	1.276848e-26
19	1506.667495	1.132822e-08	8.680000e-01	6.297064e-27
19	27144.434521	1.173817e-08	7.393000e-01	3.606918e-26
19	68862.427466	1.195800e-08	6.997000e-01	1.000000e-08
19	1142.179965	3.813181e-08	9.670000e-01	5.333345e-11
19	1216.977336	1.123216e-08	8.779000e-01	6.066188e-27
19	1095.570605	1.264901e-08	9.043000e-01	1.587894e-11
19	68925.813958	1.199479e-08	7.063000e-01	1.000000e-08
19	18671.061182	1.170704e-08	7.624000e-01	2.092025e-26
19	2635.610732	1.146185e-08	8.482000e-01	9.987608e-27
19	-1.000000	-1.000000e+00	-1.000000e+00	-1.000000e+00
19	1150.589202	1.968380e-07	9.934000e-01	5.488623e-11
19	69224.535200	1.216883e-08	7.360000e-01	1.000000e-08
19	16634.503669	1.169665e-08	7.690000e-01	6.174518e-26
19	1148.679439	7.748184e-08	9.835000e-01	5.509524e-11
19	1129.598910	2.345072e-08	9.472000e-01	4.719216e-11
19	3867.346745	7.503907e-11	7.228000e-01	1.904803e-24
19	7473.971727	1.161323e-08	8.086000e-01	1.421693e-25
19	1149.489689	9.722295e-08	9.868000e-01	5.512359e-11
19	1642.405663	1.135503e-08	8.647000e-01	3.687182e-26
19	1091.648109	1.181582e-08	8.977000e-01	8.550200e-12
19	51634.977359	1.178333e-08	6.931000e-01	1.072397e-25
19	60881.161696	1.179334e-08	6.799000e-01	1.193111e-23
19	1105.404085	1.474169e-08	9.175000e-01	2.838955e-11
19	39757.380733	1.176617e-08	7.129000e-01	1.365503e-25
19	5437.432125	1.157354e-08	8.218000e-01	9.901299e-26
19	1129.598910	2.345072e-08	9.472000e-01	4.719216e-11
19	19750.454630	1.171196e-08	7.591000e-01	5.380825e-27
19	19750.454751	1.171196e-08	7.591000e-01	6.369732e-26
19	1091.648108	1.181582e-08	8.977000e-01	8.550199e-12
19	14754.790920	1.168545e-08	7.756000e-01	5.564406e-27
19	1127.100030	2.201817e-08	9.439000e-01	4.569680e-11
19	68831.124333	1.193985e-08	6.964000e-01	1.000000e-08
19	31479.110107	1.174948e-08	7.294000e-01	4.398710e-26
19	1642.405656	1.135503e-08	8.647000e-01	1.096076e-26
19	41582.685252	1.176923e-08	7.096000e-01	2.355937e-25
19	34626.086841	1.175645e-08	7.228000e-01	1.366501e-25
19	28539.485304	1.174206e-08	7.360000e-01	1.288190e-25
19	68862.427408	1.195800e-08	6.997000e-01	1.000000e-08
19	7473.971636	1.161323e-08	8.086000e-01	1.284759e-27
19	16634.503712	1.169665e-08	7.690000e-01	3.542448e-26
19	1149.489689	9.722295e-08	9.868000e-01	5.512359e-11
19	25797.688668	1.173416e-08	7.426000e-01	1.636255e-26
19	45413.991379	1.177510e-08	7.030000e-01	3.048039e-25
19	1088.712739	1.109019e-08	8.911000e-01	4.339429e-13
19	3844.663197	2.313527e-10	8.548000e-01	1.430537e-24
19	3188.764496	1.149509e-08	8.416000e-01	1.054354e-26
19	1110.856857	1.607456e-08	9.241000e-01	3.364373e-11
19	47422.928168	1.177792e-08	6.997000e-01	8.863517e-26
19	1150.129558	1.302380e-07	9.901000e-01	5.505265e-11
19	1127.100030	2.201817e-08	9.439000e-01	4.569680e-11
19	1145.257127	4.795126e-08	9.736000e-01	5.437687e-11
19	1117.426510	1.115093e-08	8.845000e-01	2.294487e-26
19	-1.000000	-1.000000e+00	-1.000000e+00	-1.000000e+00
19	3500.790115	1.151018e-08	8.383000e-01	6.006970e-27
19	14754.791985	1.168545e-08	7.756000e-01	5.957260e-26
19	33026.062547	1.175302e-08	7.261000e-01	2.024503e-26
19	3808.522698	5.449244e-10	9.010000e-01	2.880072e-25
19	18671.061392	1.170704e-08	7.624000e-01	1.377898e-26
19	16634.503876	1.169665e-08	7.690000e-01	4.297072e-26
19	1143.795560	4.249407e-08	9.703000e-01	5.391401e-11
19	3791.358035	7.217466e-10	9.142000e-01	1.433667e-25
19	18671.061391	1.170704e-08	7.624000e-01	5.990318e-26
19	5437.432103	1.157354e-08	8.218000e-01	8.112504e-27
19	36280.439912	1.175979e-08	7.195000e-01	4.652293e-26
19	1294.395322	1.126715e-08	8.746000e-01	1.950693e-26
19	1093.501234	1.221761e-08	9.010000e-01	1.230890e-11
19	4198.444898	1.153773e-08	8.317000e-01	6.065271e-27
19	2393.436199	1.144348e-08	8.515000e-01	1.077030e-26
19	2393.436189	1.144348e-08	8.515000e-01	1.358451e-26
19	68619.022583	1.181715e-08	6.733002e-01	1.000000e-08
19	1113.627708	1.683516e-08	9.274000e-01	3.603225e-11
19	27144.434334	1.173817e-08	7.393000e-01	4.689243e-26
19	68800.077495	1.192186e-08	6.931000e-01	1.000000e-08
19	1390.812770	1.129903e-08	8.713000e-01	1.869202e-26
19	3854.314314	1.651055e-10	8.284000e-01	1.981731e-25
19	3832.286751	3.236911e-10	8.746000e-01	3.198128e-25
19	1124.515815	2.074680e-08	9.406000e-01	4.405906e-11
19	3868.022088	6.978454e-11	7.096000e-01	1.916224e-25
19	1975.361589	1.140259e-08	8.581000e-01	1.291590e-26
19	37990.421467	1.176303e-08	7.162000e-01	8.488178e-26
19	3500.790121	1.151018e-08	8.383000e-01	1.823484e-26
19	36280.438987	1.175979e-08	7.195000e-01	3.181576e-25
19	33026.062877	1.175302e-08	7.261000e-01	5.471207e-26
19	6921.748061	1.160404e-08	8.119000e-01	1.424808e-26
19	3500.790154	1.151018e-08	8.383000e-01	1.153890e-26
19	2900.547664	1.147902e-08	8.449000e-01	2.239067e-26
19	3749.094626	1.109020e-09	9.307000e-01	7.239668e-26
19	8056.019647	1.162198e-08	8.053000e-01	5.874825e-26
19	3832.286751	3.236911e-10	8.746000e-01	1.963810e-25
19	37990.421486	1.176303e-08	7.162000e-01	4.864287e-26
19	1149.489689	9.722295e-08	9.868000e-01	5.512359e-11
19	1129.598909	2.345072e-08	9.472000e-01	4.719216e-11
19	14754.792901	1.168545e-08	7.756000e-01	4.487100e-27
19	1134.291483	2.693712e-08	9.538000e-01	4.976668e-11
19	1294.395300	1.126715e-08	8.746000e-01	9.941382e-27
19	68589.689874	1.180022e-08	6.700000e-01	8.680810e-10
19	12214.012191	1.166691e-08	7.855000e-01	4.845381e-26
19	3749.094624	1.109020e-09	9.307000e-01	4.908731e-26
19	-1.000000	-1.000000e+00	-1.000000e+00	-1.000000e+00
19	1150.589202	1.968380e-07	9.934000e-01	5.488623e-11
19	1134.291483	2.693712e-08	9.538000e-01	4.976668e-11
19	1110.856856	1.607456e-08	9.241000e-01	3.364372e-11
19	3859.232803	1.319591e-10	8.053000e-01	2.782903e-24
19	68769.284071	1.190402e-08	6.898000e-01	1.000000e-08
19	5437.432129	1.157354e-08	8.218000e-01	6.914410e-28
19	1097.825427	1.311322e-08	9.076000e-01	1.926688e-11
19	3867.525137	7.366762e-11	7.195000e-01	7.909055e-25
19	1138.507669	3.159639e-08	9.604000e-01	5.180554e-11
19	45413.991923	1.177510e-08	7.030000e-01	2.595428e-26
19	3837.165816	1.152437e-08	8.350000e-01	2.354188e-26
19	1127.100030	2.201817e-08	9.439000e-01	4.569680e-11
19	1148.679439	7.748184e-08	9.835000e-01	5.509524e-11
19	1108.107785	1.537933e-08	9.208000e-01	3.109713e-11
19	5904.121669	1.158423e-08	8.185000e-01	1.331003e-26
19	1140.415364	3.456562e-08	9.637000e-01	5.263176e-11
19	31479.110322	1.174948e-08	7.294000e-01	1.163459e-25
19	68589.691632	1.180022e-08	6.700002e-01	1.000000e-08
19	3854.314314	1.651055e-10	8.284000e-01	4.073955e-25
19	1142.179965	3.813181e-08	9.670000e-01	5.333345e-11
19	41582.685081	1.176923e-08	7.096000e-01	4.357271e-26
19	1142.179966	3.813181e-08	9.670000e-01	5.333346e-11
19	9988.015820	1.164593e-08	7.954000e-01	2.316149e-26
19	3836.994494	2.871319e-10	8.680000e-01	5.519282e-25
19	6921.748023	1.160404e-08	8.119000e-01	7.620195e-26
19	2635.610716	1.146185e-08	8.482000e-01	3.727934e-26
19	8668.574026	1.163033e-08	8.020000e-01	9.099005e-26
19	3864.553067	9.546748e-11	7.624000e-01	5.740796e-24
