31	167.812851	2.817049e-07	9.980001e-01	2.127119e-11
31	23664.682587	1.822195e-08	8.140001e-01	1.733363e-25
31	445.624162	4.010572e-11	8.800000e-01	6.368548e-24
31	2175.061368	1.787852e-08	9.160000e-01	2.420150e-27
31	163.151052	1.709270e-08	9.680000e-01	2.320014e-12
31	18886.307841	1.820142e-08	8.280000e-01	2.383403e-25
31	8757.688655	1.811543e-08	8.680000e-01	2.031438e-26
31	166.929965	4.583239e-08	9.880000e-01	1.942659e-11
31	444.910408	1.159071e-10	9.500000e-01	1.300741e-24
31	445.511118	5.476145e-11	9.080000e-01	2.388240e-24
31	13725.852942	1.816890e-08	8.460000e-01	2.249553e-26
31	957.690093	1.767228e-08	9.340000e-01	1.187274e-26
31	17647.627659	1.819486e-08	8.320000e-01	2.420625e-25
31	12718.093714	1.816048e-08	8.500000e-01	8.486314e-26
31	442.305034	6.004605e-10	9.800000e-01	9.246487e-26
31	3560.019195	1.797630e-08	9.020000e-01	1.074408e-26
31	766.958381	1.760453e-08	9.380000e-01	1.311837e-26
31	166.616456	3.922375e-08	9.860000e-01	1.855636e-11
31	8757.688291	1.811543e-08	8.680000e-01	9.824162e-26
31	2348.457661	1.789489e-08	9.140000e-01	3.171245e-27
31	164.665049	2.277033e-08	9.760000e-01	1.146724e-11
31	20180.034247	1.820765e-08	8.240000e-01	1.230343e-25
31	29181.745450	1.823935e-08	8.000000e-01	8.920392e-19
31	32900.794774	2.031234e-08	8.480000e-01	1.000000e-08
31	167.613651	9.224296e-08	9.940000e-01	2.101570e-11
31	445.158704	9.152809e-11	9.400000e-01	4.431083e-25
31	4031.585871	1.799838e-08	8.980000e-01	2.372718e-26
31	444.688366	1.385285e-10	9.560000e-01	3.033072e-25
31	1424.374212	1.777976e-08	9.260000e-01	3.119880e-26
31	4538.448193	1.801850e-08	8.940000e-01	3.599144e-26
31	167.203476	5.509544e-08	9.900000e-01	2.012353e-11
31	18260.175555	1.819818e-08	8.300000e-01	1.182202e-25
31	9559.587802	1.812661e-08	8.640000e-01	3.340635e-27
31	22938.406110	1.821923e-08	8.160000e-01	3.225950e-26
31	2009.547484	1.786117e-08	9.180000e-01	2.006440e-26
31	1701.776354	1.782309e-08	9.220000e-01	3.098469e-27
31	408.800926	1.736935e-08	9.480000e-01	8.536657e-27
31	20847.981427	1.821066e-08	8.220000e-01	6.930588e-26
31	445.652182	3.583911e-11	8.680000e-01	1.807003e-24
31	7634.454815	1.809713e-08	8.740000e-01	2.243114e-26
31	21530.236294	1.821358e-08	8.200000e-01	4.191718e-25
31	22938.405288	1.821923e-08	8.160000e-01	6.837082e-25
31	24406.050514	1.822461e-08	8.120000e-01	3.758824e-25
31	19526.195441	1.820458e-08	8.260001e-01	4.505927e-26
31	445.485863	5.769610e-11	9.120000e-01	1.787748e-24
31	445.196015	8.786050e-11	9.380000e-01	6.260414e-24
31	20847.985045	1.821066e-08	8.220000e-01	1.231130e-25
31	681.936078	1.756603e-08	9.400000e-01	5.021140e-27
31	167.743275	1.389201e-07	9.960000e-01	2.122054e-11
31	163.856546	1.951365e-08	9.720000e-01	7.292304e-12
31	1296.826096	1.775577e-08	9.280000e-01	6.907788e-27
31	238.757999	1.706078e-08	9.560000e-01	6.574134e-27
31	4031.585828	1.799838e-08	8.980000e-01	1.514638e-26
31	3560.019078	1.797630e-08	9.020000e-01	1.068504e-26
31	175.654181	1.668389e-08	9.620000e-01	5.784070e-27
31	1424.374147	1.777976e-08	9.260000e-01	5.479826e-27
31	3337.197370	1.796443e-08	9.040000e-01	1.015492e-27
31	2175.061317	1.787852e-08	9.160000e-01	1.423688e-27
31	20180.029510	1.820766e-08	8.240000e-01	5.738440e-26
31	7634.454634	1.809713e-08	8.740000e-01	2.560202e-26
31	10844.788123	1.814205e-08	8.580000e-01	1.681700e-26
31	15329.839214	1.818064e-08	8.400000e-01	1.150975e-25
31	7280.743081	1.809058e-08	8.760000e-01	1.311563e-26
31	166.268231	3.427359e-08	9.840000e-01	1.750859e-11
31	166.426020	1.650911e-08	9.640000e-01	1.405718e-26
31	1701.776255	1.782309e-08	9.220000e-01	1.735005e-26
31	167.432583	6.900844e-08	9.920000e-01	2.065166e-11
31	162.939310	1.629679e-08	9.660000e-01	2.537965e-26
31	445.606691	4.259680e-11	8.860000e-01	3.944911e-23
31	444.970121	1.100011e-10	9.480000e-01	2.501067e-24
31	1851.818165	1.784272e-08	9.200000e-01	1.516832e-29
31	14782.652968	1.817684e-08	8.420000e-01	7.814828e-26
31	445.663495	3.399721e-11	8.620000e-01	1.164277e-23
31	167.613651	9.224296e-08	9.940000e-01	2.101570e-11
31	445.689783	2.935363e-11	8.440000e-01	5.530343e-23
31	3791.445606	1.798761e-08	9.000000e-01	1.820104e-26
31	858.847410	1.763982e-08	9.360000e-01	1.870756e-26
31	3560.018976	1.797630e-08	9.020000e-01	6.804170e-27
31	190.724361	1.683014e-08	9.600000e-01	5.078149e-27
31	4280.549687	1.800867e-08	8.960000e-01	2.024115e-27
31	20180.032673	1.820766e-08	8.240000e-01	6.006902e-26
31	54307.501451	3.558051e-08	9.980000e-01	1.000000e-08
31	445.709781	2.534129e-11	8.240000e-01	1.182122e-22
31	9976.868066	1.813193e-08	8.620000e-01	2.698048e-26
31	5965.971464	1.806175e-08	8.840000e-01	8.289793e-27
31	18886.307591	1.820142e-08	8.280000e-01	1.604865e-25
31	10844.788015	1.814205e-08	8.580000e-01	7.042228e-26
31	4538.448456	1.801850e-08	8.940000e-01	1.467718e-26
31	10844.788119	1.814205e-08	8.580000e-01	8.787862e-27
31	15889.765006	1.818434e-08	8.380000e-01	2.901449e-26
31	7280.743253	1.809058e-08	8.760000e-01	1.094098e-26
31	8372.795977	1.810955e-08	8.700000e-01	3.856910e-26
31	13725.852784	1.816890e-08	8.460000e-01	5.927441e-26
31	25162.662101	1.822721e-08	8.100000e-01	1.978642e-25
31	1559.326469	1.780215e-08	9.240000e-01	6.135350e-27
31	190.724361	1.683014e-08	9.600000e-01	7.357077e-27
31	1176.589835	1.773000e-08	9.300000e-01	1.056445e-26
31	163.485418	1.821942e-08	9.700000e-01	4.907024e-12
31	408.800906	1.736935e-08	9.480000e-01	2.714170e-27
31	17647.623296	1.819486e-08	8.320000e-01	8.327485e-26
31	445.457074	6.094498e-11	9.160000e-01	9.856810e-25
31	445.663495	3.399721e-11	8.620000e-01	9.279639e-24
31	-1.000000	-1.000000e+00	-1.000000e+00	-1.000000e+00
31	19526.199483	1.820458e-08	8.260000e-01	2.193450e-25
31	8757.688265	1.811543e-08	8.680000e-01	3.288658e-26
31	10844.787827	1.814205e-08	8.580000e-01	7.724061e-27
31	29181.745179	1.823935e-08	8.000000e-01	2.357389e-18
31	3791.445843	1.798761e-08	9.000000e-01	2.741072e-26
31	4538.448173	1.801850e-08	8.940000e-01	1.139209e-26
31	167.743275	1.389201e-07	9.960000e-01	2.122054e-11
31	165.891474	3.042922e-08	9.820000e-01	1.627931e-11
31	27526.092356	1.823466e-08	8.040000e-01	5.858566e-25
31	442.679231	5.024759e-10	9.780000e-01	9.037888e-26
31	166.268231	3.427359e-08	9.840000e-01	1.750859e-11
31	271.895578	1.715325e-08	9.540000e-01	1.479468e-27
31	15329.839239	1.818064e-08	8.400000e-01	2.750216e-26
31	10405.221029	1.813707e-08	8.600000e-01	4.833851e-27
31	3791.445729	1.798761e-08	9.000000e-01	5.395949e-26
31	3337.197317	1.796443e-08	9.040000e-01	6.252745e-27
31	12232.217187	1.815609e-08	8.520000e-01	2.901599e-26
31	211.729506	1.695422e-08	9.580000e-01	1.549104e-27
31	15889.764892	1.818434e-08	8.380000e-01	7.969897e-26
31	23664.692549	1.822195e-08	8.140000e-01	1.390527e-25
31	166.426016	1.650911e-08	9.640000e-01	1.764601e-26
31	162.939310	1.629679e-08	9.660000e-01	1.181325e-26
31	467.210924	1.742627e-08	9.460000e-01	1.473322e-27
31	445.629418	3.933305e-11	8.780000e-01	7.033915e-24
31	445.522592	5.339764e-11	9.060000e-01	5.433956e-24
31	5081.503887	1.803691e-08	8.900000e-01	1.422133e-26
31	681.936125	1.756603e-08	9.400000e-01	2.142870e-27
31	9153.240265	1.812112e-08	8.660000e-01	2.575038e-26
31	957.690098	1.767228e-08	9.340000e-01	3.155187e-27
31	14248.044250	1.817293e-08	8.440000e-01	2.823880e-26
31	163.151052	1.709270e-08	9.680000e-01	2.320013e-12
31	9976.867733	1.813193e-08	8.620000e-01	3.743854e-26
31	-1.000000	-1.000000e+00	-1.000000e+00	-1.000000e+00
31	1424.374184	1.777976e-08	9.260000e-01	5.339140e-27
31	18260.176145	1.819818e-08	8.300000e-01	4.549026e-28
31	25162.663867	1.822721e-08	8.100000e-01	2.818145e-25
31	4538.448417	1.801850e-08	8.940000e-01	9.719972e-27
31	1296.825995	1.775577e-08	9.280000e-01	1.459483e-26
31	1296.825993	1.775577e-08	9.280000e-01	8.411798e-27
31	7634.454702	1.809713e-08	8.740000e-01	1.182199e-26
31	311.226369	1.723424e-08	9.520000e-01	1.769456e-26
31	445.405769	6.653280e-11	9.220000e-01	9.036702e-25
31	442.977760	4.232093e-10	9.760000e-01	1.125973e-25
31	445.405769	6.653280e-11	9.220000e-01	2.131224e-24
31	445.405769	6.653280e-11	9.220000e-01	4.022050e-24
31	19526.200120	1.820458e-08	8.260000e-01	2.524891e-26
31	167.203476	5.509544e-08	9.900000e-01	2.012353e-11
31	165.891474	3.042922e-08	9.820000e-01	1.627931e-11
31	9153.240187	1.812112e-08	8.660000e-01	5.668275e-26
31	18260.175965	1.819818e-08	8.300000e-01	1.281391e-26
31	443.241880	3.589030e-10	9.740000e-01	2.098215e-25
31	166.616456	3.922376e-08	9.860000e-01	1.855636e-11
31	13725.852851	1.816890e-08	8.460000e-01	3.742170e-26
31	445.522592	5.339763e-11	9.060000e-01	8.717335e-25
31	27526.092217	1.823466e-08	8.040000e-01	9.304491e-25
31	26722.485858	1.823223e-08	8.060000e-01	1.766808e-25
31	445.471949	5.927808e-11	9.140000e-01	5.771451e-24
31	167.432583	6.900844e-08	9.920000e-01	2.065166e-11
31	27526.092685	1.823466e-08	8.040000e-01	4.222606e-25
31	162.939310	1.629679e-08	9.660000e-01	9.372785e-26
31	167.203476	5.509545e-08	9.900000e-01	2.012353e-11
31	7634.454871	1.809713e-08	8.740000e-01	9.944149e-26
31	603.694226	1.752388e-08	9.420000e-01	6.563573e-27
31	957.690052	1.767228e-08	9.340000e-01	1.276416e-26
31	20847.982880	1.821066e-08	8.220000e-01	3.606174e-25
31	162.939310	1.629679e-08	9.660000e-01	1.656465e-26
31	175.654186	1.668389e-08	9.620000e-01	5.062535e-27
31	1296.826021	1.775577e-08	9.280000e-01	1.855341e-26
31	467.210944	1.742627e-08	9.460000e-01	1.483994e-27
31	190.724367	1.683014e-08	9.600000e-01	3.396009e-27
31	1063.574651	1.770225e-08	9.320000e-01	2.724263e-28
31	1063.574570	1.770225e-08	9.320000e-01	9.506775e-27
31	444.910408	1.159071e-10	9.500000e-01	1.109887e-24
31	445.230230	8.447879e-11	9.360000e-01	4.904850e-25
31	163.485418	1.821942e-08	9.700000e-01	4.907025e-12
31	445.618634	4.090618e-11	8.820000e-01	8.101091e-24
31	356.833795	1.730575e-08	9.500000e-01	3.673205e-27
31	9153.240618	1.812112e-08	8.660000e-01	8.735809e-26
31	4280.549671	1.800867e-08	8.960000e-01	3.493488e-26
31	165.081531	2.485316e-08	9.780000e-01	1.326184e-11
31	445.692146	2.890525e-11	8.420000e-01	3.208541e-23
31	356.833789	1.730575e-08	9.500000e-01	3.951622e-27
31	166.929965	4.583238e-08	9.880000e-01	1.942659e-11
31	24406.047549	1.822461e-08	8.120000e-01	6.265827e-25
31	5366.891226	1.804554e-08	8.880000e-01	2.063947e-26
31	18260.172961	1.819818e-08	8.300000e-01	2.405761e-25
31	444.596111	1.483601e-10	9.580000e-01	2.803966e-25
31	5081.503784	1.803691e-08	8.900000e-01	1.366771e-26
31	5366.891252	1.804554e-08	8.880000e-01	1.649359e-26
31	4280.549581	1.800867e-08	8.960000e-01	1.191959e-26
31	441.774990	7.248377e-10	9.820000e-01	1.006391e-25
31	211.729499	1.695422e-08	9.580000e-01	2.161220e-27
31	24406.049780	1.822461e-08	8.120000e-01	2.891821e-27
31	858.847354	1.763982e-08	9.360000e-01	2.332476e-27
31	8372.795941	1.810955e-08	8.700000e-01	6.967268e-26
31	-1.000000	-1.000000e+00	-1.000000e+00	-1.000000e+00
31	8372.795799	1.810955e-08	8.700000e-01	1.364147e-25
31	163.485418	1.821942e-08	9.700000e-01	4.907024e-12
31	356.833772	1.730575e-08	9.500000e-01	5.892270e-27
31	532.147363	1.747751e-08	9.440000e-01	3.058980e-27
31	20847.983157	1.821066e-08	8.220000e-01	9.475753e-26
31	6603.594328	1.807672e-08	8.800000e-01	7.667806e-27
31	167.743275	1.389201e-07	9.960000e-01	2.122054e-11
31	29181.745253	1.823935e-08	8.000000e-01	1.581008e-18
31	9976.867927	1.813193e-08	8.620000e-01	1.857985e-26
31	4031.585973	1.799838e-08	8.980000e-01	1.318649e-27
31	8372.795990	1.810955e-08	8.700000e-01	6.004446e-26
31	858.847375	1.763982e-08	9.360000e-01	4.959360e-27
31	13215.921196	1.816475e-08	8.480000e-01	3.364589e-26
31	1063.574596	1.770225e-08	9.320000e-01	1.452869e-27
31	167.613651	9.224294e-08	9.940000e-01	2.101570e-11
31	167.812851	2.817046e-07	9.980001e-01	2.127119e-11
31	167.432583	6.900845e-08	9.920000e-01	2.065166e-11
31	445.652182	3.583911e-11	8.680000e-01	1.159053e-23
31	167.743275	1.389201e-07	9.960000e-01	2.122054e-11
31	166.426017	1.650911e-08	9.640000e-01	1.361871e-26
31	444.844222	1.225248e-10	9.520000e-01	8.896554e-26
31	5661.673949	1.805381e-08	8.860000e-01	7.210799e-26
31	7634.454796	1.809713e-08	8.740000e-01	5.565130e-26
31	167.743275	1.389201e-07	9.960000e-01	2.122054e-11
31	166.616456	3.922375e-08	9.860000e-01	1.855636e-11
31	445.673393	3.231526e-11	8.560000e-01	2.722908e-23
31	12232.216984	1.815609e-08	8.520000e-01	3.813779e-26
31	163.151052	1.709270e-08	9.680000e-01	2.320015e-12
31	15329.839173	1.818064e-08	8.400000e-01	1.289189e-25
31	167.812851	2.817046e-07	9.980001e-01	2.127119e-11
31	211.729512	1.695422e-08	9.580000e-01	1.474379e-27
31	681.936076	1.756603e-08	9.400000e-01	1.456042e-27
31	440.936661	8.921799e-10	9.840000e-01	1.786570e-25
31	8372.795769	1.810955e-08	8.700000e-01	1.828614e-26
31	12232.217071	1.815609e-08	8.520000e-01	1.079104e-25
31	445.457074	6.094498e-11	9.160000e-01	2.496071e-25
31	165.081531	2.485316e-08	9.780000e-01	1.326185e-11
31	18260.175169	1.819818e-08	8.300000e-01	1.151077e-25
31	444.086174	2.099091e-10	9.660000e-01	5.280321e-26
31	25934.747852	1.822975e-08	8.080000e-01	9.561881e-25
31	20847.980678	1.821066e-08	8.220000e-01	2.730306e-25
31	175.654188	1.668389e-08	9.620000e-01	6.015072e-27
31	166.616456	3.922375e-08	9.860000e-01	1.855636e-11
31	175.654187	1.668389e-08	9.620000e-01	2.228031e-26
31	163.151052	1.709270e-08	9.680000e-01	2.320015e-12
31	167.203476	5.509545e-08	9.900000e-01	2.012353e-11
31	1063.574640	1.770225e-08	9.320000e-01	4.525782e-27
31	445.600234	4.349046e-11	8.880000e-01	5.088835e-24
31	1176.589924	1.773000e-08	9.300000e-01	4.511819e-27
31	445.586233	4.538430e-11	8.920000e-01	6.119441e-24
31	10405.220958	1.813707e-08	8.600000e-01	1.501073e-26
31	10844.787606	1.814205e-08	8.580000e-01	2.251233e-26
31	17048.489387	1.819145e-08	8.340000e-01	1.753662e-25
31	1559.326524	1.780215e-08	9.240000e-01	1.088244e-27
31	9976.867678	1.813193e-08	8.620000e-01	1.092031e-25
31	445.511118	5.476145e-11	9.080000e-01	1.532615e-24
31	25934.748026	1.822975e-08	8.080000e-01	7.408715e-26
31	14782.653282	1.817684e-08	8.420000e-01	4.600759e-26
31	175.654183	1.668389e-08	9.620000e-01	1.233634e-26
31	4805.395054	1.802791e-08	8.920000e-01	1.226337e-26
31	24406.051812	1.822461e-08	8.120000e-01	7.435176e-26
31	2529.835972	1.791034e-08	9.120000e-01	1.801229e-26
31	311.226361	1.723424e-08	9.520000e-01	9.943998e-27
31	5081.503986	1.803691e-08	8.900000e-01	3.571842e-26
31	445.386078	6.862202e-11	9.240000e-01	2.731591e-24
31	2175.061428	1.787852e-08	9.160000e-01	2.976869e-26
31	18886.309920	1.820142e-08	8.280000e-01	1.191553e-25
31	26722.485808	1.823223e-08	8.060000e-01	1.961514e-25
31	6279.904207	1.806938e-08	8.820000e-01	2.293873e-27
31	467.210965	1.742627e-08	9.460000e-01	5.940790e-27
31	445.708101	2.569988e-11	8.260000e-01	2.310847e-23
31	24406.051968	1.822461e-08	8.120000e-01	6.801618e-25
31	4280.549619	1.800867e-08	8.960000e-01	4.466499e-26
31	1063.574603	1.770225e-08	9.320000e-01	8.651195e-27
31	18886.309019	1.820142e-08	8.280000e-01	9.820407e-26
31	2719.296495	1.792496e-08	9.100000e-01	7.111515e-27
31	-1.000000	-1.000000e+00	-1.000000e+00	-1.000000e+00
31	1424.374176	1.777976e-08	9.260000e-01	1.679772e-27
31	15329.839489	1.818064e-08	8.400000e-01	7.647044e-26
31	163.856546	1.951365e-08	9.720000e-01	7.292305e-12
31	445.606691	4.259680e-11	8.860000e-01	9.855421e-25
31	14782.653315	1.817684e-08	8.420000e-01	3.532598e-26
31	2529.835958	1.791034e-08	9.120000e-01	1.358426e-26
31	163.485418	1.821942e-08	9.700000e-01	4.907023e-12
31	163.485418	1.821942e-08	9.700000e-01	4.907025e-12
31	167.432583	6.900843e-08	9.920000e-01	2.065166e-11
31	445.158704	9.152809e-11	9.400000e-01	1.906608e-25
31	14248.044169	1.817293e-08	8.440000e-01	1.651238e-26
31	4280.549559	1.800867e-08	8.960000e-01	6.649915e-27
31	166.426020	1.650911e-08	9.640000e-01	1.310544e-26
31	25162.667273	1.822721e-08	8.100000e-01	2.796648e-25
31	18260.172467	1.819818e-08	8.300000e-01	1.018865e-25
31	12232.217003	1.815609e-08	8.520000e-01	7.751742e-26
31	12718.093853	1.816048e-08	8.500000e-01	4.848337e-26
31	163.856546	1.951365e-08	9.720000e-01	7.292305e-12
31	1176.589868	1.773000e-08	9.300000e-01	4.981577e-27
31	444.239872	1.898201e-10	9.640000e-01	7.817849e-25
31	957.690117	1.767228e-08	9.340000e-01	1.459310e-26
31	22938.406870	1.821923e-08	8.160000e-01	1.362348e-25
31	164.253329	2.101363e-08	9.740000e-01	9.478240e-12
31	175.654183	1.668389e-08	9.620000e-01	4.482907e-27
31	445.679316	3.127270e-11	8.520000e-01	1.780204e-23
31	21530.237447	1.821358e-08	8.200000e-01	1.351861e-26
31	166.268231	3.427359e-08	9.840000e-01	1.750859e-11
31	1701.776396	1.782309e-08	9.220000e-01	7.823099e-27
31	445.652182	3.583911e-11	8.680000e-01	1.147460e-23
31	18260.172772	1.819818e-08	8.300000e-01	2.127179e-25
31	6603.594056	1.807672e-08	8.800000e-01	2.866700e-26
31	22938.404916	1.821923e-08	8.160000e-01	2.870704e-25
31	7280.743449	1.809058e-08	8.760000e-01	2.483631e-26
31	25162.667202	1.822721e-08	8.100000e-01	7.969348e-25
31	7280.743470	1.809058e-08	8.760000e-01	1.806896e-27
31	4280.549577	1.800867e-08	8.960000e-01	1.843510e-26
31	18260.173578	1.819818e-08	8.300000e-01	2.464083e-25
31	20180.032355	1.820766e-08	8.240000e-01	5.293894e-26
31	443.910178	2.349989e-10	9.680000e-01	4.548626e-25
31	1424.374190	1.777976e-08	9.260000e-01	1.585356e-27
31	1851.818100	1.784272e-08	9.200000e-01	4.317609e-28
31	13215.921253	1.816475e-08	8.480000e-01	1.532833e-26
31	163.856546	1.951365e-08	9.720000e-01	7.292305e-12
31	858.847338	1.763982e-08	9.360000e-01	1.808024e-27
31	445.593423	4.441892e-11	8.900000e-01	2.221415e-24
31	5661.673801	1.805381e-08	8.860000e-01	5.956893e-27
31	2529.835942	1.791034e-08	9.120000e-01	7.774159e-27
31	1063.574527	1.770225e-08	9.320000e-01	1.428571e-26
31	311.226364	1.723424e-08	9.520000e-01	1.204397e-26
31	1063.574603	1.770225e-08	9.320000e-01	2.262460e-27
31	17647.624706	1.819486e-08	8.320000e-01	2.154814e-25
31	445.629418	3.933305e-11	8.780000e-01	3.411999e-24
31	22938.403401	1.821923e-08	8.160000e-01	3.798465e-25
31	1851.818068	1.784272e-08	9.200000e-01	1.462630e-27
31	18260.174762	1.819818e-08	8.300000e-01	8.894464e-26
31	166.426018	1.650911e-08	9.640000e-01	1.280046e-26
31	1851.818158	1.784272e-08	9.200000e-01	7.224947e-27
31	18886.307823	1.820142e-08	8.280000e-01	6.485306e-26
31	1424.374109	1.777976e-08	9.260000e-01	4.831678e-27
31	31703.373452	1.965134e-08	8.339999e-01	1.000000e-08
31	25934.747528	1.822975e-08	8.080000e-01	4.500798e-25
31	3560.018989	1.797630e-08	9.020000e-01	2.160142e-26
31	31703.373358	1.965134e-08	8.339999e-01	1.000000e-08
31	311.226366	1.723424e-08	9.520000e-01	2.848043e-27
31	163.485418	1.821942e-08	9.700000e-01	4.907024e-12
31	19526.199804	1.820458e-08	8.260000e-01	8.647515e-26
31	22938.405248	1.821923e-08	8.160000e-01	8.588305e-26
31	29181.745471	1.823935e-08	8.000000e-01	1.580010e-18
31	5366.891268	1.804554e-08	8.880000e-01	6.347849e-27
31	2916.941227	1.793881e-08	9.080000e-01	1.959643e-27
31	14782.652958	1.817684e-08	8.420000e-01	1.382381e-25
31	15889.765137	1.818434e-08	8.380000e-01	3.932008e-26
31	17647.623001	1.819486e-08	8.320000e-01	3.194136e-26
31	444.970121	1.100011e-10	9.480000e-01	3.157858e-25
31	22226.981571	1.821644e-08	8.180000e-01	1.075883e-25
31	29181.746115	1.823935e-08	8.000000e-01	2.296987e-10
31	445.600234	4.349046e-11	8.880000e-01	1.501921e-24
31	11295.712680	1.814688e-08	8.560000e-01	9.602999e-26
31	167.812851	2.817048e-07	9.980001e-01	2.127119e-11
31	445.117924	9.552183e-11	9.420000e-01	2.140861e-24
31	9559.587502	1.812661e-08	8.640000e-01	2.387397e-27
31	2916.941143	1.793881e-08	9.080000e-01	3.464843e-26
31	164.665049	2.277033e-08	9.760000e-01	1.146724e-11
31	22226.981649	1.821644e-08	8.180000e-01	4.111739e-26
31	271.895587	1.715325e-08	9.540000e-01	7.413702e-27
31	167.743275	1.389201e-07	9.960000e-01	2.122054e-11
31	16462.589064	1.818795e-08	8.360000e-01	3.327339e-26
31	1851.818192	1.784272e-08	9.200000e-01	4.648183e-27
31	6603.593980	1.807672e-08	8.800000e-01	1.194265e-26
31	165.891474	3.042922e-08	9.820000e-01	1.627931e-11
31	5965.971578	1.806175e-08	8.840000e-01	8.930617e-27
31	7280.743262	1.809058e-08	8.760000e-01	8.290857e-27
31	271.895588	1.715325e-08	9.540000e-01	3.156691e-27
31	36255.841679	2.216240e-08	8.820000e-01	1.000000e-08
31	165.081531	2.485316e-08	9.780000e-01	1.326185e-11
31	20847.981067	1.821066e-08	8.220000e-01	1.333136e-25
31	10844.787780	1.814205e-08	8.580000e-01	4.341652e-26
31	10844.787955	1.814205e-08	8.580000e-01	1.722216e-26
31	408.800910	1.736935e-08	9.480000e-01	3.351576e-27
31	22226.980706	1.821644e-08	8.180000e-01	2.839657e-25
31	445.659893	3.459229e-11	8.640000e-01	7.789831e-25
31	445.196015	8.786050e-11	9.380000e-01	3.096076e-25
31	445.659893	3.459229e-11	8.640000e-01	6.193783e-25
31	4031.585816	1.799838e-08	8.980000e-01	4.336735e-27
31	22226.981380	1.821644e-08	8.180000e-01	3.098180e-26
31	18260.174233	1.819818e-08	8.300000e-01	9.762503e-26
31	13725.852978	1.816890e-08	8.460000e-01	7.748300e-26
31	166.616456	3.922375e-08	9.860000e-01	1.855636e-11
31	25934.747690	1.822975e-08	8.080000e-01	2.299027e-25
31	4280.549468	1.800867e-08	8.960000e-01	3.368076e-26
31	166.616456	3.922375e-08	9.860000e-01	1.855636e-11
31	444.596111	1.483601e-10	9.580000e-01	1.159527e-25
31	11295.712607	1.814688e-08	8.560000e-01	5.149316e-26
31	445.511118	5.476145e-11	9.080000e-01	2.170182e-24
31	22938.406434	1.821923e-08	8.160000e-01	1.374500e-25
31	165.493260	2.735932e-08	9.800000e-01	1.486485e-11
31	13215.921097	1.816475e-08	8.480000e-01	5.141981e-26
31	162.939310	1.629679e-08	9.660000e-01	2.482199e-25
31	858.847355	1.763982e-08	9.360000e-01	8.135114e-27
31	11758.139728	1.815155e-08	8.540000e-01	6.740418e-26
31	408.800910	1.736935e-08	9.480000e-01	2.332802e-27
31	1063.574621	1.770225e-08	9.320000e-01	4.072369e-27
31	5081.503882	1.803691e-08	8.900000e-01	1.317703e-26
31	211.729495	1.695422e-08	9.580000e-01	7.692487e-27
31	165.081531	2.485316e-08	9.780000e-01	1.326185e-11
31	15889.765055	1.818434e-08	8.380000e-01	4.801272e-26
31	163.485418	1.821942e-08	9.700000e-01	4.907024e-12
31	4031.585871	1.799838e-08	8.980000e-01	2.431349e-27
31	12232.216886	1.815609e-08	8.520000e-01	3.606924e-26
31	166.616456	3.922375e-08	9.860000e-01	1.855636e-11
31	20180.034765	1.820765e-08	8.240000e-01	9.051151e-26
31	444.910408	1.159071e-10	9.500000e-01	3.475452e-25
31	957.690060	1.767228e-08	9.340000e-01	9.586278e-27
31	443.910178	2.349989e-10	9.680000e-01	2.625879e-25
31	444.492098	1.598397e-10	9.600000e-01	1.765120e-25
31	15329.839188	1.818064e-08	8.400000e-01	1.459325e-25
31	25934.747947	1.822975e-08	8.080000e-01	5.527115e-25
31	25162.665475	1.822721e-08	8.100000e-01	3.008346e-25
31	4031.585821	1.799838e-08	8.980000e-01	3.903880e-27
31	445.261672	8.134926e-11	9.340000e-01	4.430714e-24
31	445.498896	5.619251e-11	9.100000e-01	2.760496e-24
31	166.929965	4.583239e-08	9.880000e-01	1.942659e-11
31	603.694196	1.752388e-08	9.420000e-01	5.581613e-27
31	18886.307577	1.820142e-08	8.280000e-01	2.275418e-25
31	4538.448417	1.801850e-08	8.940000e-01	6.479592e-27
31	15889.764854	1.818434e-08	8.380000e-01	3.523363e-26
31	408.800901	1.736935e-08	9.480000e-01	9.014083e-27
31	445.600234	4.349046e-11	8.880000e-01	5.065182e-24
31	9976.868051	1.813193e-08	8.620000e-01	5.058607e-27
31	467.210932	1.742627e-08	9.460000e-01	8.376362e-28
31	957.690039	1.767228e-08	9.340000e-01	1.405495e-27
31	356.833804	1.730575e-08	9.500000e-01	1.193943e-26
31	167.743275	1.389201e-07	9.960000e-01	2.122054e-11
31	4805.394842	1.802791e-08	8.920000e-01	1.842892e-27
31	36255.841683	2.216240e-08	8.820000e-01	1.000000e-08
31	22938.406270	1.821923e-08	8.160000e-01	1.370755e-25
31	603.694234	1.752388e-08	9.420000e-01	3.856698e-27
31	167.743275	1.389201e-07	9.960000e-01	2.122054e-11
31	6279.904245	1.806939e-08	8.820000e-01	9.135202e-27
31	9559.587916	1.812661e-08	8.640000e-01	6.069376e-26
31	163.485418	1.821942e-08	9.700000e-01	4.907023e-12
31	17647.628101	1.819486e-08	8.320000e-01	1.217944e-25
31	14248.044283	1.817293e-08	8.440000e-01	8.864664e-26
31	6603.594357	1.807672e-08	8.800000e-01	1.425380e-26
31	957.690071	1.767228e-08	9.340000e-01	2.814523e-27
31	166.616456	3.922375e-08	9.860000e-01	1.855636e-11
31	1701.776409	1.782309e-08	9.220000e-01	1.229760e-26
31	445.659893	3.459229e-11	8.640000e-01	1.428099e-23
31	5661.673936	1.805381e-08	8.860000e-01	4.127710e-26
31	12232.216864	1.815609e-08	8.520000e-01	9.336007e-27
31	445.424086	6.456363e-11	9.200000e-01	2.272832e-24
31	13725.852899	1.816890e-08	8.460000e-01	4.822758e-26
31	12718.093627	1.816048e-08	8.500000e-01	6.140632e-26
31	11758.139783	1.815155e-08	8.540000e-01	2.248791e-26
31	13215.920982	1.816475e-08	8.480000e-01	2.771289e-26
31	9559.587909	1.812661e-08	8.640000e-01	6.006270e-26
31	167.743275	1.389201e-07	9.960000e-01	2.122054e-11
31	26722.486209	1.823223e-08	8.060000e-01	5.747780e-25
31	5366.891163	1.804554e-08	8.880000e-01	1.004430e-26
31	1559.326580	1.780215e-08	9.240000e-01	4.099799e-28
31	167.613651	9.224294e-08	9.940000e-01	2.101570e-11
31	167.743275	1.389201e-07	9.960000e-01	2.122054e-11
31	1559.326461	1.780215e-08	9.240000e-01	1.914090e-26
31	4538.448232	1.801850e-08	8.940000e-01	1.546039e-26
31	-1.000000	-1.000000e+00	-1.000000e+00	-1.000000e+00
31	445.342023	7.320971e-11	9.280000e-01	2.161373e-24
31	10405.221035	1.813707e-08	8.600000e-01	2.926714e-26
31	8757.688427	1.811543e-08	8.680000e-01	2.508982e-26
31	25934.747898	1.822975e-08	8.080000e-01	4.317299e-25
31	10405.221167	1.813707e-08	8.600000e-01	8.244733e-26
31	238.758010	1.706078e-08	9.560000e-01	1.881857e-27
31	14248.044326	1.817293e-08	8.440000e-01	9.789806e-26
31	15889.764956	1.818434e-08	8.380000e-01	2.930200e-26
31	6279.904058	1.806939e-08	8.820000e-01	7.851394e-27
31	26722.486215	1.823223e-08	8.060000e-01	7.934688e-25
31	164.253328	2.101363e-08	9.740000e-01	9.478239e-12
31	4280.549505	1.800867e-08	8.960000e-01	1.431623e-27
31	858.847407	1.763982e-08	9.360000e-01	2.207627e-27
31	445.117924	9.552183e-11	9.420000e-01	1.489414e-24
31	167.432583	6.900844e-08	9.920000e-01	2.065166e-11
31	164.253329	2.101363e-08	9.740000e-01	9.478240e-12
31	3560.018989	1.797630e-08	9.020000e-01	1.046913e-26
31	18260.175610	1.819818e-08	8.300000e-01	8.350325e-26
31	20847.984733	1.821066e-08	8.220000e-01	1.808945e-25
31	445.485863	5.769610e-11	9.120000e-01	5.231567e-24
31	3122.873286	1.795195e-08	9.060000e-01	1.688759e-26
31	22938.402433	1.821923e-08	8.160000e-01	5.100696e-25
31	356.833772	1.730575e-08	9.500000e-01	1.034552e-26
31	3560.019045	1.797630e-08	9.020000e-01	1.024249e-26
31	8757.688272	1.811543e-08	8.680000e-01	3.985503e-27
31	6937.165377	1.808378e-08	8.780000e-01	2.794367e-26
31	25934.747623	1.822975e-08	8.080000e-01	6.629843e-25
31	17647.622151	1.819486e-08	8.320000e-01	2.725037e-27
31	1063.574637	1.770225e-08	9.320000e-01	4.162247e-28
31	164.253329	2.101363e-08	9.740000e-01	9.478240e-12
31	28345.774629	1.823703e-08	8.020000e-01	6.159319e-24
31	19526.199343	1.820458e-08	8.260000e-01	1.386234e-25
31	443.241880	3.589031e-10	9.740000e-01	1.000903e-25
31	163.856546	1.951365e-08	9.720000e-01	7.292306e-12
31	9153.240716	1.812112e-08	8.660000e-01	3.174793e-26
31	444.770597	1.300015e-10	9.540000e-01	1.190630e-24
31	442.977760	4.232093e-10	9.760000e-01	3.975063e-25
31	11758.139791	1.815155e-08	8.540000e-01	6.374215e-26
31	3337.197471	1.796443e-08	9.040000e-01	7.628364e-27
31	238.758007	1.706078e-08	9.560000e-01	1.021296e-28
31	16462.588418	1.818795e-08	8.360000e-01	1.309130e-25
31	167.203476	5.509544e-08	9.900000e-01	2.012353e-11
31	445.718709	2.335374e-11	8.120000e-01	5.795457e-22
31	167.432583	6.900844e-08	9.920000e-01	2.065166e-11
31	445.158704	9.152809e-11	9.400000e-01	2.258472e-25
31	2348.457695	1.789489e-08	9.140000e-01	6.323091e-27
31	3122.873429	1.795195e-08	9.060000e-01	3.453207e-27
31	445.485863	5.769610e-11	9.120000e-01	1.301101e-24
31	445.471949	5.927808e-11	9.140000e-01	3.793439e-24
31	163.151052	1.709270e-08	9.680000e-01	2.320015e-12
31	467.210951	1.742627e-08	9.460000e-01	1.262516e-27
31	603.694212	1.752388e-08	9.420000e-01	1.503589e-27
31	766.958436	1.760453e-08	9.380000e-01	2.617594e-27
31	163.151052	1.709270e-08	9.680000e-01	2.320013e-12
31	14248.044184	1.817293e-08	8.440000e-01	3.123807e-26
31	441.774990	7.248377e-10	9.820000e-01	3.397780e-25
31	2348.457786	1.789489e-08	9.140000e-01	5.208677e-26
31	6937.165605	1.808378e-08	8.780000e-01	8.962449e-27
31	4805.394915	1.802791e-08	8.920000e-01	2.645727e-26
31	11758.139811	1.815155e-08	8.540000e-01	3.435161e-26
31	10405.221130	1.813707e-08	8.600000e-01	5.825556e-26
31	681.936075	1.756603e-08	9.400000e-01	2.035111e-27
31	445.457074	6.094498e-11	9.160000e-01	4.904620e-25
31	445.317335	7.573719e-11	9.300000e-01	2.219024e-24
31	163.856546	1.951365e-08	9.720000e-01	7.292305e-12
31	5661.673786	1.805381e-08	8.860000e-01	3.451556e-26
31	13215.921201	1.816475e-08	8.480000e-01	1.048227e-25
31	532.147390	1.747751e-08	9.440000e-01	2.844909e-27
31	7998.428832	1.810345e-08	8.720000e-01	2.259085e-26
31	31703.373913	1.965134e-08	8.339999e-01	1.000000e-08
31	22226.984481	1.821644e-08	8.180000e-01	1.119104e-25
31	681.936112	1.756603e-08	9.400000e-01	6.332527e-27
31	25162.666670	1.822721e-08	8.100000e-01	9.388703e-26
31	14782.653255	1.817684e-08	8.420000e-01	3.708432e-26
31	3122.873296	1.795195e-08	9.060000e-01	1.268478e-26
31	10405.220771	1.813707e-08	8.600000e-01	4.972272e-26
31	4031.585944	1.799838e-08	8.980000e-01	4.380369e-26
31	25162.666662	1.822721e-08	8.100000e-01	1.534605e-25
31	440.936661	8.921800e-10	9.840000e-01	5.698164e-27
31	311.226371	1.723424e-08	9.520000e-01	1.086443e-26
31	167.743275	1.389201e-07	9.960000e-01	2.122054e-11
31	12232.217203	1.815609e-08	8.520000e-01	1.802780e-26
31	445.634420	3.858671e-11	8.760000e-01	4.761529e-24
31	27526.092711	1.823466e-08	8.040000e-01	5.892322e-25
31	858.847333	1.763982e-08	9.360000e-01	5.497047e-27
31	2348.457724	1.789489e-08	9.140000e-01	1.621357e-26
31	12232.217085	1.815609e-08	8.520000e-01	3.016974e-27
31	7634.454758	1.809713e-08	8.740000e-01	8.024829e-26
31	18260.171303	1.819818e-08	8.300000e-01	4.333500e-26
31	2348.457730	1.789489e-08	9.140000e-01	3.539923e-26
31	1851.818181	1.784272e-08	9.200000e-01	7.991980e-27
31	445.424086	6.456363e-11	9.200000e-01	6.369149e-24
31	766.958323	1.760453e-08	9.380000e-01	3.238955e-27
31	11758.139712	1.815155e-08	8.540000e-01	1.217390e-25
31	12718.093598	1.816048e-08	8.500000e-01	5.078910e-26
31	5965.971278	1.806175e-08	8.840000e-01	1.596154e-26
31	603.694235	1.752388e-08	9.420000e-01	1.832261e-27
31	681.936133	1.756603e-08	9.400000e-01	5.796381e-27
31	20180.029649	1.820766e-08	8.240000e-01	1.554872e-25
31	15329.839513	1.818064e-08	8.400000e-01	3.285844e-26
31	24406.050839	1.822461e-08	8.120000e-01	8.098554e-26
31	11758.139826	1.815155e-08	8.540000e-01	1.252829e-26
31	3122.873426	1.795195e-08	9.060000e-01	1.173756e-27
31	14782.652982	1.817684e-08	8.420000e-01	7.208193e-28
31	4805.395032	1.802791e-08	8.920000e-01	2.406450e-26
31	18886.307076	1.820142e-08	8.280000e-01	8.254251e-26
31	165.081531	2.485316e-08	9.780000e-01	1.326185e-11
31	211.729496	1.695422e-08	9.580000e-01	8.711183e-27
31	7280.743191	1.809058e-08	8.760000e-01	2.629669e-26
31	-1.000000	-1.000000e+00	-1.000000e+00	-1.000000e+00
31	1424.374251	1.777976e-08	9.260000e-01	3.924687e-26
31	441.774990	7.248377e-10	9.820000e-01	2.757506e-25
31	27526.092404	1.823466e-08	8.040000e-01	4.569162e-25
31	22938.404427	1.821923e-08	8.160000e-01	2.625297e-26
31	164.665049	2.277033e-08	9.760000e-01	1.146724e-11
31	444.596111	1.483601e-10	9.580000e-01	1.244476e-25
31	12718.093864	1.816048e-08	8.500000e-01	4.641974e-26
31	167.812851	2.817048e-07	9.980001e-01	2.127119e-11
31	957.690100	1.767228e-08	9.340000e-01	1.815134e-26
31	5965.971492	1.806175e-08	8.840000e-01	1.129012e-26
31	957.690080	1.767228e-08	9.340000e-01	6.516829e-27
31	25934.747837	1.822975e-08	8.080000e-01	1.363366e-25
31	1559.326569	1.780215e-08	9.240000e-01	2.574979e-27
31	1176.589917	1.773000e-08	9.300000e-01	5.614314e-27
31	25934.748339	1.822975e-08	8.080000e-01	1.776630e-24
31	164.253329	2.101363e-08	9.740000e-01	9.478240e-12
31	190.724362	1.683014e-08	9.600000e-01	3.019857e-29
31	5965.971332	1.806175e-08	8.840000e-01	3.669549e-26
31	20847.985809	1.821066e-08	8.220000e-01	1.381387e-25
31	1424.374206	1.777976e-08	9.260000e-01	1.215953e-26
31	175.654180	1.668389e-08	9.620000e-01	1.618788e-27
31	7280.743182	1.809058e-08	8.760000e-01	1.627825e-26
31	165.081531	2.485316e-08	9.780000e-01	1.326184e-11
31	681.936080	1.756603e-08	9.400000e-01	3.331062e-26
31	25934.747841	1.822975e-08	8.080000e-01	7.490615e-25
31	10844.787852	1.814205e-08	8.580000e-01	5.236749e-26
31	166.426020	1.650911e-08	9.640000e-01	1.603839e-26
31	166.426017	1.650911e-08	9.640000e-01	2.053244e-26
31	4538.448357	1.801850e-08	8.940000e-01	1.296059e-26
31	166.929965	4.583238e-08	9.880000e-01	1.942659e-11
31	163.151052	1.709270e-08	9.680000e-01	2.320014e-12
31	271.895578	1.715325e-08	9.540000e-01	7.351914e-27
31	681.936121	1.756603e-08	9.400000e-01	1.358147e-27
31	8757.688618	1.811543e-08	8.680000e-01	5.386730e-26
31	445.317335	7.573719e-11	9.300000e-01	2.964025e-24
31	163.856546	1.951365e-08	9.720000e-01	7.292305e-12
31	167.812851	2.817048e-07	9.980001e-01	2.127119e-11
31	163.856546	1.951365e-08	9.720000e-01	7.292305e-12
31	445.586233	4.538430e-11	8.920000e-01	5.475947e-25
31	2529.835895	1.791034e-08	9.120000e-01	7.567430e-27
31	175.654179	1.668389e-08	9.620000e-01	3.594776e-27
31	1424.374208	1.777976e-08	9.260000e-01	6.175281e-27
31	2719.296484	1.792496e-08	9.100000e-01	1.982654e-27
31	28345.775474	1.823703e-08	8.020000e-01	1.945734e-25
31	14248.044069	1.817293e-08	8.440000e-01	1.483889e-25
31	10844.787703	1.814205e-08	8.580000e-01	9.191720e-26
31	4538.448361	1.801850e-08	8.940000e-01	1.106596e-26
31	-1.000000	-1.000000e+00	-1.000000e+00	-1.000000e+00
31	238.758015	1.706078e-08	9.560000e-01	7.233528e-28
31	8757.688706	1.811543e-08	8.680000e-01	5.424173e-26
31	13215.921054	1.816475e-08	8.480000e-01	7.312733e-26
31	9976.867684	1.813193e-08	8.620000e-01	2.080392e-26
31	445.364880	7.084316e-11	9.260000e-01	1.731224e-24
31	11295.712707	1.814688e-08	8.560000e-01	1.185615e-26
31	3337.197462	1.796443e-08	9.040000e-01	7.746858e-27
31	858.847365	1.763982e-08	9.360000e-01	1.128225e-26
31	175.654186	1.668389e-08	9.620000e-01	6.163539e-27
31	5081.503761	1.803691e-08	8.900000e-01	3.473081e-26
31	442.977760	4.232093e-10	9.760000e-01	3.530506e-25
31	165.081531	2.485316e-08	9.780000e-01	1.326185e-11
31	164.665049	2.277032e-08	9.760000e-01	1.146723e-11
31	17048.488067	1.819145e-08	8.340000e-01	4.362016e-26
31	24406.051114	1.822461e-08	8.120000e-01	2.008918e-25
31	14248.044329	1.817293e-08	8.440000e-01	1.188361e-25
31	10405.221181	1.813707e-08	8.600000e-01	3.796320e-26
31	20180.030074	1.820766e-08	8.240000e-01	3.642498e-25
31	18260.172101	1.819818e-08	8.300000e-01	3.342259e-25
31	17647.624919	1.819486e-08	8.320000e-01	1.095319e-26
31	167.432583	6.900844e-08	9.920000e-01	2.065166e-11
31	2009.547500	1.786117e-08	9.180000e-01	1.189361e-27
31	167.812851	2.817048e-07	9.980001e-01	2.127119e-11
31	311.226374	1.723424e-08	9.520000e-01	2.658858e-27
31	164.253328	2.101363e-08	9.740000e-01	9.478239e-12
31	445.652182	3.583911e-11	8.680000e-01	4.240618e-24
31	13725.852680	1.816890e-08	8.460000e-01	9.776719e-26
31	1559.326559	1.780215e-08	9.240000e-01	4.153756e-27
31	3337.197304	1.796443e-08	9.040000e-01	1.378990e-26
31	603.694217	1.752388e-08	9.420000e-01	3.084038e-27
31	-1.000000	-1.000000e+00	-1.000000e+00	-1.000000e+00
31	238.758016	1.706078e-08	9.560000e-01	2.277167e-27
31	10844.787696	1.814205e-08	8.580000e-01	7.513187e-26
31	9559.587742	1.812661e-08	8.640000e-01	3.171053e-26
31	-1.000000	-1.000000e+00	-1.000000e+00	-1.000000e+00
31	408.800901	1.736935e-08	9.480000e-01	1.208132e-26
31	18260.171781	1.819818e-08	8.300000e-01	6.755514e-26
31	8372.795984	1.810955e-08	8.700000e-01	1.064084e-26
31	17647.627970	1.819486e-08	8.320000e-01	2.016513e-25
31	311.226391	1.723424e-08	9.520000e-01	8.209325e-27
31	1424.374281	1.777976e-08	9.260000e-01	3.904023e-26
31	445.405769	6.653280e-11	9.220000e-01	7.255450e-25
31	4805.395015	1.802791e-08	8.920000e-01	1.776775e-26
31	24406.048339	1.822461e-08	8.120000e-01	1.577051e-25
31	238.758014	1.706078e-08	9.560000e-01	3.056500e-27
31	16462.587105	1.818795e-08	8.360000e-01	8.207921e-26
31	4805.394998	1.802791e-08	8.920000e-01	1.572234e-26
31	444.844222	1.225248e-10	9.520000e-01	9.596817e-25
31	7280.743152	1.809058e-08	8.760000e-01	3.882336e-26
31	20847.982034	1.821066e-08	8.220000e-01	1.890239e-25
31	9976.868211	1.813193e-08	8.620000e-01	5.908833e-26
31	6937.165393	1.808378e-08	8.780000e-01	5.803497e-26
31	7998.428997	1.810345e-08	8.720000e-01	2.087084e-26
31	18260.173755	1.819818e-08	8.300000e-01	1.132500e-25
31	445.511118	5.476145e-11	9.080000e-01	8.879010e-24
31	4538.448205	1.801850e-08	8.940000e-01	1.470113e-27
31	766.958358	1.760453e-08	9.380000e-01	1.585609e-27
31	5366.891180	1.804554e-08	8.880000e-01	1.462939e-26
31	22938.407407	1.821923e-08	8.160000e-01	1.192079e-26
31	167.613651	9.224294e-08	9.940000e-01	2.101570e-11
31	311.226389	1.723424e-08	9.520000e-01	1.432662e-27
31	3791.445846	1.798761e-08	9.000000e-01	9.016130e-27
31	2529.835878	1.791034e-08	9.120000e-01	3.060845e-26
31	2348.457809	1.789489e-08	9.140000e-01	1.002270e-26
31	175.654187	1.668389e-08	9.620000e-01	7.600936e-27
31	445.606691	4.259680e-11	8.860000e-01	1.124948e-24
31	22938.405629	1.821923e-08	8.160000e-01	8.729462e-26
31	12232.216942	1.815609e-08	8.520000e-01	7.313084e-26
31	766.958393	1.760453e-08	9.380000e-01	4.146858e-27
31	20847.980785	1.821066e-08	8.220000e-01	1.505514e-25
31	6279.904077	1.806939e-08	8.820000e-01	6.563942e-27
31	444.596111	1.483601e-10	9.580000e-01	7.879789e-25
31	163.856546	1.951365e-08	9.720000e-01	7.292305e-12
31	3122.873451	1.795195e-08	9.060000e-01	7.898993e-27
31	17048.487927	1.819145e-08	8.340000e-01	4.457227e-26
31	6937.165372	1.808378e-08	8.780000e-01	1.658524e-26
31	20847.984375	1.821066e-08	8.220000e-01	1.822371e-25
31	2348.457714	1.789489e-08	9.140000e-01	2.785420e-26
31	23664.686841	1.822195e-08	8.140001e-01	9.345552e-26
31	15329.839325	1.818064e-08	8.400000e-01	4.179830e-27
31	167.812851	2.817049e-07	9.980001e-01	2.127119e-11
31	166.929965	4.583238e-08	9.880000e-01	1.942659e-11
31	13725.852886	1.816890e-08	8.460000e-01	3.509783e-26
31	26722.486252	1.823223e-08	8.060000e-01	1.918956e-25
31	-1.000000	-1.000000e+00	-1.000000e+00	-1.000000e+00
31	20180.030718	1.820766e-08	8.240000e-01	1.539835e-25
31	166.268231	3.427359e-08	9.840000e-01	1.750859e-11
31	11758.139806	1.815155e-08	8.540000e-01	7.225795e-26
31	9153.240591	1.812112e-08	8.660000e-01	1.613246e-26
31	163.856546	1.951365e-08	9.720000e-01	7.292306e-12
31	467.210942	1.742627e-08	9.460000e-01	3.789539e-27
31	16462.585764	1.818795e-08	8.360000e-01	1.619908e-26
31	311.226370	1.723424e-08	9.520000e-01	1.463080e-26
31	4538.448271	1.801850e-08	8.940000e-01	7.057873e-27
31	12232.217104	1.815609e-08	8.520000e-01	2.432638e-26
31	9559.587983	1.812661e-08	8.640000e-01	1.353123e-25
31	1559.326459	1.780215e-08	9.240000e-01	1.251508e-26
31	4538.448271	1.801850e-08	8.940000e-01	2.671678e-26
31	4805.394988	1.802791e-08	8.920000e-01	1.690596e-26
31	12232.217170	1.815609e-08	8.520000e-01	1.813662e-25
31	766.958424	1.760453e-08	9.380000e-01	5.916962e-27
31	23664.691111	1.822195e-08	8.140000e-01	4.666310e-25
31	31703.373912	1.965134e-08	8.339999e-01	1.000000e-08
31	440.936661	8.921799e-10	9.840000e-01	1.883860e-25
31	12718.093668	1.816048e-08	8.500000e-01	6.290226e-26
31	18886.306600	1.820142e-08	8.280000e-01	2.182957e-26
31	17647.628100	1.819486e-08	8.320000e-01	3.480402e-26
31	17048.484554	1.819145e-08	8.340000e-01	2.595057e-26
31	25162.661257	1.822721e-08	8.100000e-01	5.328842e-25
31	164.253329	2.101363e-08	9.740000e-01	9.478240e-12
31	11295.712533	1.814688e-08	8.560000e-01	9.293647e-27
31	27526.092286	1.823466e-08	8.040000e-01	1.291688e-24
31	4280.549539	1.800867e-08	8.960000e-01	9.699870e-27
31	1063.574626	1.770225e-08	9.320000e-01	9.365226e-27
31	681.936099	1.756603e-08	9.400000e-01	4.327373e-27
31	445.196015	8.786050e-11	9.380000e-01	7.349474e-25
31	2529.835961	1.791034e-08	9.120000e-01	1.015770e-26
31	166.929965	4.583238e-08	9.880000e-01	1.942659e-11
31	175.654181	1.668389e-08	9.620000e-01	1.180715e-26
31	25934.748099	1.822975e-08	8.080000e-01	2.360967e-25
31	21530.238089	1.821358e-08	8.200000e-01	1.554114e-25
31	162.939310	1.629679e-08	9.660000e-01	9.716470e-26
31	167.203476	5.509545e-08	9.900000e-01	2.012353e-11
31	22938.403732	1.821923e-08	8.160000e-01	1.219519e-24
31	5965.971237	1.806176e-08	8.840000e-01	1.386339e-27
31	2175.061392	1.787852e-08	9.160000e-01	3.622183e-27
31	165.891474	3.042922e-08	9.820000e-01	1.627931e-11
31	163.485418	1.821942e-08	9.700000e-01	4.907024e-12
31	271.895589	1.715325e-08	9.540000e-01	3.054228e-27
31	14782.653004	1.817684e-08	8.420000e-01	3.763681e-26
31	445.533376	5.209631e-11	9.040000e-01	2.992514e-24
31	29181.745571	1.823935e-08	8.000000e-01	2.247729e-19
31	2175.061435	1.787852e-08	9.160000e-01	5.401465e-27
31	11295.712588	1.814688e-08	8.560000e-01	4.519482e-26
31	6937.165615	1.808378e-08	8.780000e-01	1.034506e-26
31	20180.030345	1.820765e-08	8.240000e-01	3.193448e-26
31	165.891474	3.042922e-08	9.820000e-01	1.627931e-11
31	8372.796032	1.810955e-08	8.700000e-01	3.559563e-26
31	23664.684773	1.822195e-08	8.140001e-01	2.542396e-25
31	17647.627566	1.819486e-08	8.320000e-01	1.324972e-26
31	11295.712539	1.814688e-08	8.560000e-01	7.601204e-26
31	20180.034002	1.820765e-08	8.240000e-01	1.510258e-25
31	445.656126	3.520596e-11	8.660000e-01	4.873506e-24
31	1559.326590	1.780215e-08	9.240000e-01	9.043982e-27
31	163.485418	1.821942e-08	9.700000e-01	4.907025e-12
31	10405.220891	1.813707e-08	8.600000e-01	6.938511e-26
31	8372.796112	1.810955e-08	8.700000e-01	3.469457e-26
31	858.847367	1.763982e-08	9.360000e-01	2.542190e-27
31	163.151052	1.709270e-08	9.680000e-01	2.320014e-12
31	445.522592	5.339764e-11	9.060000e-01	1.850838e-24
31	211.729499	1.695422e-08	9.580000e-01	1.761347e-27
31	13725.852973	1.816890e-08	8.460000e-01	1.632482e-26
31	20847.981416	1.821066e-08	8.220000e-01	5.346104e-26
31	166.929965	4.583238e-08	9.880000e-01	1.942659e-11
31	445.639184	3.786537e-11	8.740000e-01	4.349903e-24
31	445.511118	5.476145e-11	9.080000e-01	6.100291e-25
31	31703.373353	1.965134e-08	8.339999e-01	1.000000e-08
31	21530.237800	1.821358e-08	8.200000e-01	2.729645e-26
31	5366.891286	1.804554e-08	8.880000e-01	2.228344e-26
31	766.958373	1.760453e-08	9.380000e-01	3.134082e-27
31	25162.665243	1.822721e-08	8.100000e-01	4.117777e-25
31	957.690073	1.767228e-08	9.340000e-01	5.661546e-27
31	858.847400	1.763982e-08	9.360000e-01	1.540517e-26
31	445.624162	4.010572e-11	8.800000e-01	6.397884e-24
31	5081.503968	1.803691e-08	8.900000e-01	1.934749e-26
31	29181.745688	1.823935e-08	8.000000e-01	1.428347e-18
31	167.743275	1.389201e-07	9.960000e-01	2.122054e-11
31	162.939310	1.629679e-08	9.660000e-01	1.279843e-25
31	19526.199282	1.820458e-08	8.260000e-01	2.536004e-25
31	28345.775460	1.823703e-08	8.020000e-01	1.058564e-24
31	6603.594051	1.807672e-08	8.800000e-01	1.899308e-26
31	18886.308057	1.820142e-08	8.280000e-01	1.622540e-25
31	164.665049	2.277033e-08	9.760000e-01	1.146724e-11
31	15889.764962	1.818434e-08	8.380000e-01	4.334140e-26
31	2175.061332	1.787852e-08	9.160000e-01	3.203514e-27
31	19526.201131	1.820458e-08	8.260000e-01	1.685939e-25
31	445.342023	7.320971e-11	9.280000e-01	1.195520e-24
31	22226.976136	1.821644e-08	8.180001e-01	3.780482e-25
31	190.724358	1.683014e-08	9.600000e-01	2.834791e-27
31	16462.590147	1.818795e-08	8.360000e-01	1.396341e-26
31	1176.589861	1.773000e-08	9.300000e-01	2.538923e-26
31	13215.920963	1.816475e-08	8.480000e-01	4.579648e-26
31	957.690113	1.767228e-08	9.340000e-01	1.214811e-27
31	15889.764993	1.818434e-08	8.380000e-01	1.147757e-25
31	2916.941284	1.793881e-08	9.080000e-01	2.579076e-27
31	24406.049807	1.822461e-08	8.120000e-01	4.061686e-25
31	444.770597	1.300015e-10	9.540000e-01	5.142214e-25
31	439.430473	1.145994e-09	9.860000e-01	1.386872e-25
31	12718.093506	1.816048e-08	8.500000e-01	9.748121e-26
31	15329.839190	1.818064e-08	8.400000e-01	1.315017e-25
31	15889.765063	1.818434e-08	8.380000e-01	4.992046e-26
31	603.694222	1.752388e-08	9.420000e-01	2.011085e-27
31	12232.217129	1.815609e-08	8.520000e-01	3.456708e-26
31	445.657298	3.507956e-11	8.660000e-01	1.973151e-13
31	445.471949	5.927808e-11	9.140000e-01	9.622409e-25
31	445.424086	6.456363e-11	9.200000e-01	4.598837e-24
31	167.743275	1.389201e-07	9.960000e-01	2.122054e-11
31	445.342023	7.320971e-11	9.280000e-01	9.032238e-25
31	17647.626579	1.819486e-08	8.320000e-01	1.777877e-25
31	532.147356	1.747751e-08	9.440000e-01	8.958984e-28
31	17647.626293	1.819486e-08	8.320000e-01	4.246086e-26
31	1296.826101	1.775577e-08	9.280000e-01	2.210249e-27
31	2529.835866	1.791034e-08	9.120000e-01	1.115340e-26
31	163.856546	1.951365e-08	9.720000e-01	7.292305e-12
31	2348.457741	1.789489e-08	9.140000e-01	7.368619e-27
31	8757.688483	1.811543e-08	8.680000e-01	4.678634e-27
31	15329.839452	1.818064e-08	8.400000e-01	5.747097e-26
31	444.492098	1.598397e-10	9.600000e-01	9.641299e-25
31	27526.092731	1.823466e-08	8.040000e-01	5.686631e-26
31	211.729495	1.695422e-08	9.580000e-01	2.471619e-27
31	26722.486062	1.823223e-08	8.060000e-01	6.347573e-25
31	444.596111	1.483601e-10	9.580000e-01	5.996596e-25
31	166.616456	3.922375e-08	9.860000e-01	1.855636e-11
31	3337.197261	1.796443e-08	9.040000e-01	8.706253e-27
31	2916.941200	1.793881e-08	9.080000e-01	5.038857e-27
31	4031.585864	1.799838e-08	8.980000e-01	3.187253e-26
31	2916.941296	1.793881e-08	9.080000e-01	1.922837e-26
31	238.758011	1.706078e-08	9.560000e-01	3.918910e-27
31	175.654182	1.668389e-08	9.620000e-01	8.549532e-27
31	445.511118	5.476145e-11	9.080000e-01	4.652698e-24
31	166.268231	3.427359e-08	9.840000e-01	1.750859e-11
31	-1.000000	-1.000000e+00	-1.000000e+00	-1.000000e+00
31	2348.457698	1.789489e-08	9.140000e-01	1.491725e-26
31	15889.765027	1.818434e-08	8.380000e-01	2.397491e-27
31	11295.712509	1.814688e-08	8.560000e-01	2.449272e-26
31	33261.604983	2.051097e-08	8.520000e-01	1.000000e-08
31	5366.891278	1.804554e-08	8.880000e-01	2.769229e-27
31	3122.873344	1.795195e-08	9.060000e-01	5.033394e-27
31	467.210961	1.742627e-08	9.460000e-01	4.106329e-27
31	20180.033591	1.820766e-08	8.240000e-01	1.377109e-25
31	8757.688384	1.811543e-08	8.680000e-01	3.662863e-26
31	445.618634	4.090618e-11	8.820000e-01	1.936749e-23
31	167.812851	2.817049e-07	9.980001e-01	2.127119e-11
31	1559.326546	1.780215e-08	9.240000e-01	5.881113e-27
31	17048.488125	1.819145e-08	8.340000e-01	9.811966e-26
31	12232.217145	1.815609e-08	8.520000e-01	7.038026e-26
31	14782.653168	1.817684e-08	8.420000e-01	5.660204e-26
31	167.432583	6.900844e-08	9.920000e-01	2.065166e-11
31	3791.445617	1.798761e-08	9.000000e-01	7.975444e-27
31	467.210925	1.742627e-08	9.460000e-01	2.354818e-27
31	443.486076	3.074067e-10	9.720000e-01	2.185644e-25
31	165.493260	2.735932e-08	9.800000e-01	1.486485e-11
31	441.774990	7.248377e-10	9.820000e-01	5.248524e-25
31	681.936106	1.756603e-08	9.400000e-01	1.794607e-26
31	20847.985389	1.821066e-08	8.220000e-01	3.095476e-25
31	167.203476	5.509544e-08	9.900000e-01	2.012353e-11
31	15889.764860	1.818434e-08	8.380000e-01	7.345313e-27
31	22938.405412	1.821923e-08	8.160000e-01	3.534367e-25
31	9153.240716	1.812112e-08	8.660000e-01	8.441417e-26
31	3560.019033	1.797630e-08	9.020000e-01	2.113208e-26
31	25162.665448	1.822721e-08	8.100000e-01	9.655675e-26
31	9153.240246	1.812112e-08	8.660000e-01	2.090188e-26
31	28345.774580	1.823703e-08	8.020000e-01	3.882100e-24
31	20847.984342	1.821066e-08	8.220000e-01	1.954211e-25
31	10844.788035	1.814205e-08	8.580000e-01	9.208934e-27
31	1296.826067	1.775577e-08	9.280000e-01	6.636931e-27
31	6279.904268	1.806939e-08	8.820000e-01	1.410307e-27
31	6937.165243	1.808378e-08	8.780000e-01	9.650542e-27
31	2529.835855	1.791034e-08	9.120000e-01	1.125812e-26
31	14248.044367	1.817293e-08	8.440000e-01	7.060271e-26
31	9559.588016	1.812661e-08	8.640000e-01	3.997234e-27
31	15889.765090	1.818434e-08	8.380000e-01	9.433121e-26
31	167.743275	1.389201e-07	9.960000e-01	2.122054e-11
31	2348.457666	1.789489e-08	9.140000e-01	1.352360e-26
31	12718.093828	1.816048e-08	8.500000e-01	1.579206e-26
31	2175.061415	1.787852e-08	9.160000e-01	5.528856e-27
31	17647.627931	1.819486e-08	8.320000e-01	1.919553e-25
31	23664.689143	1.822195e-08	8.140000e-01	5.035026e-26
31	766.958435	1.760453e-08	9.380000e-01	9.677803e-27
31	9153.240572	1.812112e-08	8.660000e-01	5.250158e-26
31	23664.693095	1.822195e-08	8.140000e-01	2.694109e-25
31	4031.585824	1.799838e-08	8.980000e-01	1.773010e-26
31	356.833795	1.730575e-08	9.500000e-01	3.700088e-27
31	12718.093847	1.816048e-08	8.500000e-01	9.876073e-27
31	15329.839203	1.818064e-08	8.400000e-01	2.724257e-26
31	5661.673781	1.805381e-08	8.860000e-01	7.719452e-27
31	165.891474	3.042922e-08	9.820000e-01	1.627931e-11
31	10844.788097	1.814205e-08	8.580000e-01	1.245984e-26
31	15889.764972	1.818434e-08	8.380000e-01	8.027080e-26
31	27526.092366	1.823466e-08	8.040000e-01	1.022827e-24
31	20847.985304	1.821066e-08	8.220000e-01	4.963168e-26
31	445.386078	6.862202e-11	9.240000e-01	2.886035e-24
31	23664.688217	1.822195e-08	8.140001e-01	1.622518e-25
31	4280.549574	1.800867e-08	8.960000e-01	9.428384e-27
31	14248.044245	1.817293e-08	8.440000e-01	8.567844e-27
31	7280.743455	1.809058e-08	8.760000e-01	2.398086e-26
31	13725.852941	1.816890e-08	8.460000e-01	9.207697e-26
31	7280.743410	1.809058e-08	8.760000e-01	8.550947e-27
31	31703.373401	1.965134e-08	8.339999e-01	1.000000e-08
31	766.958375	1.760453e-08	9.380000e-01	5.568741e-27
31	27526.092418	1.823466e-08	8.040000e-01	4.003367e-25
31	1424.374252	1.777976e-08	9.260000e-01	1.100359e-26
31	445.261672	8.134926e-11	9.340000e-01	1.984860e-24
31	175.654187	1.668389e-08	9.620000e-01	1.150639e-27
31	23664.689854	1.822195e-08	8.140000e-01	1.141495e-25
31	444.844222	1.225248e-10	9.520000e-01	2.724546e-25
31	8757.688599	1.811543e-08	8.680000e-01	1.055565e-25
31	17647.623394	1.819486e-08	8.320000e-01	2.669832e-26
31	1296.825998	1.775577e-08	9.280000e-01	1.197785e-26
31	28345.775003	1.823703e-08	8.020000e-01	1.106688e-24
31	2175.061267	1.787852e-08	9.160000e-01	2.236648e-26
31	2348.457698	1.789489e-08	9.140000e-01	2.088697e-26
31	16462.588082	1.818795e-08	8.360000e-01	1.183371e-25
31	1851.818190	1.784272e-08	9.200000e-01	9.103497e-27
31	10405.220903	1.813707e-08	8.600000e-01	2.099679e-25
31	5965.971400	1.806175e-08	8.840000e-01	1.501392e-26
31	467.210960	1.742627e-08	9.460000e-01	5.644069e-27
31	166.616456	3.922376e-08	9.860000e-01	1.855636e-11
31	175.654186	1.668389e-08	9.620000e-01	1.575590e-26
31	2719.296318	1.792496e-08	9.100000e-01	5.741431e-27
31	17647.625509	1.819486e-08	8.320000e-01	6.208175e-26
31	445.602172	4.331319e-11	8.880000e-01	1.699878e-13
31	17647.627343	1.819486e-08	8.320000e-01	5.790583e-26
31	27526.092326	1.823466e-08	8.040000e-01	3.290001e-25
31	25934.748131	1.822975e-08	8.080000e-01	1.116439e-25
31	445.606691	4.259680e-11	8.860000e-01	2.196557e-23
31	163.856546	1.951365e-08	9.720000e-01	7.292305e-12
31	8372.796057	1.810955e-08	8.700000e-01	3.468863e-26
31	15889.765028	1.818434e-08	8.380000e-01	1.092547e-25
31	2009.547579	1.786117e-08	9.180000e-01	1.808435e-26
31	211.729497	1.695422e-08	9.580000e-01	3.825606e-26
31	29181.746078	1.823935e-08	8.000000e-01	2.279126e-10
31	1296.826058	1.775577e-08	9.280000e-01	1.633765e-26
31	1296.825982	1.775577e-08	9.280000e-01	5.135791e-27
31	4805.394872	1.802791e-08	8.920000e-01	9.210747e-27
31	166.426018	1.650911e-08	9.640000e-01	7.092494e-28
31	22938.402389	1.821923e-08	8.160000e-01	1.161500e-25
31	26722.486294	1.823223e-08	8.060000e-01	6.038086e-25
31	166.616456	3.922376e-08	9.860000e-01	1.855636e-11
31	12232.217089	1.815609e-08	8.520000e-01	1.424951e-26
31	7998.428963	1.810345e-08	8.720000e-01	1.136903e-26
31	22226.983740	1.821644e-08	8.180000e-01	1.880514e-25
31	445.709781	2.534129e-11	8.240000e-01	6.294433e-24
31	3560.019175	1.797630e-08	9.020000e-01	5.898822e-27
31	443.486076	3.074067e-10	9.720000e-01	8.172725e-25
31	3337.197349	1.796443e-08	9.040000e-01	1.336224e-26
31	6279.904128	1.806939e-08	8.820000e-01	5.171208e-27
31	445.586233	4.538430e-11	8.920000e-01	1.059548e-23
31	23664.685216	1.822195e-08	8.140001e-01	5.848644e-26
31	-1.000000	-1.000000e+00	-1.000000e+00	-1.000000e+00
31	445.606691	4.259680e-11	8.860000e-01	3.857471e-24
31	25162.665204	1.822721e-08	8.100000e-01	5.908163e-26
31	9153.240703	1.812112e-08	8.660000e-01	9.500841e-26
31	408.800906	1.736935e-08	9.480000e-01	1.417708e-28
31	1424.374244	1.777976e-08	9.260000e-01	3.948267e-27
31	2529.835789	1.791034e-08	9.120000e-01	1.403867e-26
31	11758.139807	1.815155e-08	8.540000e-01	2.061378e-26
31	29181.745511	1.823935e-08	8.000000e-01	1.206351e-19
31	1424.374232	1.777976e-08	9.260000e-01	5.363460e-27
31	5661.673826	1.805381e-08	8.860000e-01	1.545038e-26
31	165.081531	2.485316e-08	9.780000e-01	1.326185e-11
31	18260.176963	1.819818e-08	8.300000e-01	1.311591e-25
31	6603.593979	1.807672e-08	8.800000e-01	2.939844e-27
31	25162.663709	1.822721e-08	8.100000e-01	1.342322e-25
31	408.800918	1.736935e-08	9.480000e-01	4.680736e-27
31	19526.201087	1.820458e-08	8.260000e-01	9.227240e-26
31	356.833799	1.730575e-08	9.500000e-01	6.038536e-27
31	11295.712537	1.814688e-08	8.560000e-01	2.670842e-26
31	8372.796051	1.810955e-08	8.700000e-01	9.687933e-27
31	27526.092625	1.823466e-08	8.040000e-01	7.978214e-25
31	3337.197225	1.796443e-08	9.040000e-01	1.176067e-26
31	1701.776416	1.782309e-08	9.220000e-01	9.310315e-27
31	6937.165492	1.808378e-08	8.780000e-01	4.016530e-26
31	443.709943	2.668092e-10	9.700000e-01	1.455809e-25
31	13215.921285	1.816475e-08	8.480000e-01	6.010180e-26
31	3560.019128	1.797630e-08	9.020000e-01	1.174639e-26
31	17647.623020	1.819486e-08	8.320000e-01	5.527725e-26
31	167.203476	5.509545e-08	9.900000e-01	2.012353e-11
31	16462.585539	1.818795e-08	8.360000e-01	5.243282e-26
31	11295.712774	1.814688e-08	8.560000e-01	1.862737e-26
31	444.688366	1.385285e-10	9.560000e-01	1.063343e-26
31	13725.852640	1.816890e-08	8.460000e-01	2.151998e-26
31	166.929965	4.583239e-08	9.880000e-01	1.942659e-11
31	445.342023	7.320971e-11	9.280000e-01	1.386537e-25
31	167.743275	1.389201e-07	9.960000e-01	2.122054e-11
31	16462.589286	1.818795e-08	8.360000e-01	4.917057e-26
31	29181.746251	1.823935e-08	8.000000e-01	1.533171e-10
31	445.694417	2.846843e-11	8.400000e-01	2.959068e-23
31	164.253329	2.101363e-08	9.740000e-01	9.478240e-12
31	444.596111	1.483601e-10	9.580000e-01	4.977931e-25
31	164.665049	2.277033e-08	9.760000e-01	1.146724e-11
