54	25064.003292	3.873191e-08	8.060000e-01	2.383439e-25
54	19620.904503	3.884961e-08	8.200001e-01	6.314865e-26
54	546.734965	2.895424e-06	9.980009e-01	1.360728e-11
54	5157.040704	3.972760e-08	8.780000e-01	1.874532e-26
54	4288.198108	3.988762e-08	8.840000e-01	1.755132e-26
54	2526.232068	7.097830e-11	9.520000e-01	2.129010e-23
54	546.734931	2.895425e-06	9.980009e-01	1.360728e-11
54	2645.884154	4.036739e-08	8.980000e-01	8.461091e-27
54	6479.056494	3.954471e-08	8.700000e-01	4.244189e-27
54	11663.465075	3.913991e-08	8.460000e-01	2.092103e-26
54	15009.526806	3.899192e-08	8.340001e-01	1.451589e-27
54	547.704937	4.460170e-08	9.400000e-01	1.047231e-27
54	539.811838	1.026215e-07	9.740000e-01	1.213847e-11
54	538.887329	5.432557e-08	9.520000e-01	5.068021e-12
54	4566.429851	3.983180e-08	8.820000e-01	2.881079e-27
54	5157.040571	3.972760e-08	8.780000e-01	1.066468e-26
54	14414.314964	3.901472e-08	8.360001e-01	4.883587e-27
54	11156.982153	3.916746e-08	8.480000e-01	1.734381e-26
54	11663.464968	3.913991e-08	8.460000e-01	2.832783e-26
54	27670.991292	3.868748e-08	8.000000e-01	4.346926e-11
54	13834.392660	3.903821e-08	8.380000e-01	2.838569e-26
54	3061.999549	4.021184e-08	8.940000e-01	9.025994e-27
54	22624.419384	3.877977e-08	8.120001e-01	1.046022e-25
54	1263.946632	4.136118e-08	9.160000e-01	8.010878e-27
54	540.262237	1.939147e-07	9.860001e-01	1.351910e-11
54	540.064677	1.344080e-07	9.800000e-01	1.301018e-11
54	17547.172876	3.890716e-08	8.260001e-01	4.988236e-27
54	539.528324	8.282610e-08	9.680000e-01	1.086052e-11
54	1935.178317	4.073837e-08	9.060000e-01	1.382558e-27
54	25064.003527	3.873191e-08	8.060000e-01	1.795089e-25
54	6839.790968	3.950355e-08	8.680000e-01	4.813137e-27
54	539.245247	6.931092e-08	9.620000e-01	9.126960e-12
54	540.348885	7.539637e-07	9.960002e-01	1.366372e-11
54	540.348885	7.539635e-07	9.960002e-01	1.366372e-11
54	25064.003452	3.873191e-08	8.060000e-01	2.740039e-25
54	16246.578831	3.894831e-08	8.300001e-01	2.212685e-26
54	13269.530970	3.906244e-08	8.400000e-01	1.212870e-26
54	4855.994740	3.977852e-08	8.800000e-01	1.661997e-26
54	538.848587	4.621104e-08	9.440000e-01	5.822076e-13
54	539.528324	8.282610e-08	9.680000e-01	1.086052e-11
54	540.350490	2.745972e-07	9.900001e-01	1.367600e-11
54	5794.176296	3.963227e-08	8.740000e-01	1.587077e-27
54	25064.003607	3.873191e-08	8.060000e-01	6.337464e-25
54	819.321616	4.227545e-08	9.260000e-01	9.834817e-27
54	5469.717449	3.967890e-08	8.760000e-01	1.794536e-26
54	546.735016	2.895425e-06	9.980009e-01	1.360728e-11
54	3061.999490	4.021184e-08	8.940000e-01	1.064228e-26
54	2525.320307	2.047233e-10	9.780000e-01	1.769421e-25
54	2097.993583	4.063698e-08	9.040000e-01	3.704695e-26
54	2526.376189	4.341719e-11	9.260000e-01	1.127480e-24
54	21847.306845	3.879655e-08	8.140001e-01	1.366941e-25
54	2525.066406	2.439667e-10	9.800000e-01	2.038093e-25
54	540.203933	1.690343e-07	9.840000e-01	1.338730e-11
54	10664.625337	3.919594e-08	8.500000e-01	4.120378e-26
54	2526.251371	6.770232e-11	9.500000e-01	1.538290e-23
54	2525.931208	1.166065e-10	9.680000e-01	3.517047e-24
54	538.828098	4.801251e-08	9.460000e-01	1.818814e-12
54	26782.978817	3.870193e-08	8.020000e-01	7.014653e-25
54	540.350490	2.745972e-07	9.900001e-01	1.367600e-11
54	7598.645432	3.942599e-08	8.640000e-01	8.882720e-27
54	3061.999490	4.021184e-08	8.940000e-01	1.692711e-26
54	1157.389092	4.151526e-08	9.180000e-01	3.737357e-27
54	9270.502292	3.928749e-08	8.560000e-01	3.468582e-26
54	1782.055320	4.084647e-08	9.080000e-01	4.789850e-27
54	5157.040741	3.972760e-08	8.780000e-01	3.100925e-27
54	3061.999356	4.021184e-08	8.940000e-01	6.474328e-27
54	540.348885	7.539635e-07	9.960002e-01	1.366372e-11
54	1638.496671	4.096196e-08	9.100000e-01	5.596830e-27
54	5157.040754	3.972760e-08	8.780000e-01	9.239963e-27
54	2525.767149	1.399967e-10	9.720000e-01	3.268025e-24
54	539.432140	7.778824e-08	9.660000e-01	1.033591e-11
54	4566.429821	3.983180e-08	8.820000e-01	1.818940e-26
54	1504.375961	4.108563e-08	9.120000e-01	5.427918e-27
54	546.735101	2.895425e-06	9.980009e-01	1.360728e-11
54	540.350490	2.745972e-07	9.900001e-01	1.367600e-11
54	2848.767285	4.028746e-08	8.960000e-01	4.121870e-28
54	1157.389181	4.151526e-08	9.180000e-01	6.709742e-27
54	5157.040621	3.972760e-08	8.780000e-01	7.300524e-27
54	9721.563507	3.925590e-08	8.540000e-01	2.679460e-26
54	1157.389185	4.151526e-08	9.180000e-01	2.379999e-27
54	539.719369	9.507439e-08	9.720000e-01	1.175993e-11
54	539.900840	1.114362e-07	9.760000e-01	1.247192e-11
54	16888.826542	3.892744e-08	8.280001e-01	6.486899e-26
54	539.624483	8.853958e-08	9.700000e-01	1.133455e-11
54	6479.056521	3.954470e-08	8.700000e-01	2.252659e-27
54	2097.993398	4.063698e-08	9.040000e-01	6.073186e-27
54	4021.154278	3.994615e-08	8.860000e-01	3.508569e-27
54	6839.790781	3.950355e-08	8.680000e-01	4.194660e-26
54	2645.884267	4.036739e-08	8.980000e-01	2.711941e-27
54	2525.931208	1.166065e-10	9.680000e-01	3.499485e-24
54	616.329413	4.338143e-08	9.340000e-01	7.642055e-27
54	5157.040520	3.972760e-08	8.780000e-01	4.148544e-27
54	1935.178336	4.073837e-08	9.060000e-01	7.074968e-27
54	12184.258164	3.911326e-08	8.440000e-01	5.192418e-27
54	1782.055351	4.084647e-08	9.080000e-01	3.140752e-27
54	2526.185546	7.858959e-11	9.560000e-01	6.238918e-24
54	1059.771420	4.168199e-08	9.200000e-01	1.571920e-27
54	2525.654285	1.560629e-10	9.740000e-01	2.395196e-24
54	540.311629	2.273161e-07	9.880001e-01	1.361489e-11
54	540.203933	1.690343e-07	9.840000e-01	1.338730e-11
54	540.348885	7.539636e-07	9.960002e-01	1.366372e-11
54	2848.767432	4.028746e-08	8.960000e-01	1.027395e-26
54	1504.375956	4.108563e-08	9.120000e-01	5.030185e-27
54	8408.436303	3.935417e-08	8.600000e-01	2.282979e-26
54	540.375759	3.469306e-07	9.920001e-01	1.370368e-11
54	819.321633	4.227545e-08	9.260000e-01	1.776363e-26
54	21847.303932	3.879655e-08	8.140001e-01	3.079077e-26
54	2270.629288	4.054170e-08	9.020000e-01	4.534862e-27
54	9270.502319	3.928749e-08	8.560000e-01	2.165710e-28
54	540.203933	1.690343e-07	9.840000e-01	1.338730e-11
54	23419.414988	3.876341e-08	8.100001e-01	2.662484e-26
54	-1.000000	-1.000000e+00	-1.000000e+00	-1.000000e+00
54	539.432140	7.778824e-08	9.660000e-01	1.033591e-11
54	7212.933130	3.946401e-08	8.660000e-01	1.030494e-26
54	10664.625319	3.919594e-08	8.500000e-01	1.076072e-26
54	2645.884190	4.036739e-08	8.980000e-01	1.261733e-26
54	26782.979106	3.870193e-08	8.020000e-01	9.161628e-25
54	701.447858	4.277227e-08	9.300000e-01	3.140301e-27
54	12184.258696	3.911326e-08	8.440000e-01	4.576539e-26
54	2097.993560	4.063698e-08	9.040000e-01	2.901563e-27
54	15009.526635	3.899192e-08	8.340001e-01	3.298826e-26
54	5157.040653	3.972760e-08	8.780000e-01	1.588701e-26
54	25914.066626	3.871674e-08	8.040000e-01	3.390597e-26
54	540.348885	7.539631e-07	9.960002e-01	1.366372e-11
54	4855.994683	3.977852e-08	8.800000e-01	9.521641e-27
54	2526.457606	1.935598e-11	8.660000e-01	4.400004e-12
54	2523.822124	5.010546e-10	9.860000e-01	8.031874e-25
54	24232.540116	3.874746e-08	8.080000e-01	1.266966e-25
54	5469.717425	3.967890e-08	8.760000e-01	2.713073e-27
54	21087.838386	3.881377e-08	8.160001e-01	2.951862e-26
54	13834.391903	3.903821e-08	8.380000e-01	5.838740e-26
54	25064.002841	3.873191e-08	8.060000e-01	1.898032e-25
54	1379.567489	4.121836e-08	9.140000e-01	5.350904e-27
54	2848.767313	4.028746e-08	8.960000e-01	4.897711e-27
54	2526.439905	2.560695e-11	8.820000e-01	1.415404e-22
54	6130.570809	3.958757e-08	8.720000e-01	9.365667e-27
54	17547.174408	3.890716e-08	8.260001e-01	5.633317e-26
54	12719.550822	3.908745e-08	8.420000e-01	1.324007e-26
54	5469.717425	3.967890e-08	8.760000e-01	2.251428e-26
54	540.311629	2.273161e-07	9.880001e-01	1.361489e-11
54	2848.767560	4.028746e-08	8.960000e-01	1.616396e-27
54	15620.213975	3.896980e-08	8.320001e-01	2.341510e-26
54	2526.251371	6.770232e-11	9.500000e-01	2.618163e-24
54	539.076079	6.245574e-08	9.580000e-01	7.690601e-12
54	970.970098	4.186296e-08	9.220000e-01	7.239025e-27
54	970.970023	4.186296e-08	9.220000e-01	3.315109e-27
54	2526.413425	3.398816e-11	9.080000e-01	1.122367e-23
54	3061.999352	4.021184e-08	8.940000e-01	1.127471e-26
54	538.887329	5.432557e-08	9.520000e-01	5.068022e-12
54	540.137789	1.497703e-07	9.820000e-01	1.321814e-11
54	654.859456	4.306062e-08	9.320000e-01	7.507245e-27
54	585.722283	4.374032e-08	9.360000e-01	2.210433e-27
54	4288.198239	3.988761e-08	8.840000e-01	5.705706e-27
54	12719.550097	3.908745e-08	8.420000e-01	4.290414e-26
54	539.624483	8.853958e-08	9.700000e-01	1.133455e-11
54	539.986841	4.512358e-08	9.420000e-01	1.022063e-26
54	2645.884147	4.036739e-08	8.980000e-01	1.624242e-26
54	1263.946651	4.136118e-08	9.160000e-01	3.578013e-27
54	9721.563673	3.925590e-08	8.540000e-01	2.294642e-26
54	539.811837	1.026215e-07	9.740000e-01	1.213847e-11
54	17547.171757	3.890716e-08	8.260001e-01	3.443577e-26
54	539.811838	1.026215e-07	9.740000e-01	1.213847e-11
54	616.329431	4.338143e-08	9.340000e-01	6.277350e-27
54	539.337290	7.331290e-08	9.640000e-01	9.758758e-12
54	540.375759	3.469306e-07	9.920001e-01	1.370368e-11
54	616.329403	4.338143e-08	9.340000e-01	7.214261e-27
54	4566.429591	3.983180e-08	8.820000e-01	7.846182e-27
54	540.203933	1.690343e-07	9.840000e-01	1.338730e-11
54	819.321569	4.227545e-08	9.260000e-01	3.252386e-26
54	540.262237	1.939148e-07	9.860001e-01	1.351910e-11
54	27670.991305	3.868748e-08	8.000000e-01	4.673344e-11
54	16888.828691	3.892744e-08	8.280001e-01	2.288983e-26
54	11156.982015	3.916746e-08	8.480000e-01	1.212470e-27
54	970.970094	4.186296e-08	9.220000e-01	4.631200e-27
54	539.528324	8.282609e-08	9.680000e-01	1.086052e-11
54	539.624483	8.853958e-08	9.700000e-01	1.133455e-11
54	5157.040635	3.972760e-08	8.780000e-01	3.954284e-27
54	4288.198132	3.988761e-08	8.840000e-01	2.816486e-26
54	9270.502538	3.928749e-08	8.560000e-01	2.818874e-26
54	654.859491	4.306061e-08	9.320000e-01	2.550833e-27
54	1935.178325	4.073837e-08	9.060000e-01	7.831319e-27
54	970.970082	4.186296e-08	9.220000e-01	9.244402e-28
54	3285.716066	4.014019e-08	8.920000e-01	7.364741e-28
54	540.350490	2.745972e-07	9.900001e-01	1.367600e-11
54	654.859498	4.306061e-08	9.320000e-01	1.346371e-26
54	2526.087452	9.374781e-11	9.620000e-01	4.608986e-24
54	1782.055250	4.084647e-08	9.080000e-01	6.587954e-27
54	2525.509889	1.768175e-10	9.760000e-01	2.030186e-24
54	5469.717707	3.967890e-08	8.760000e-01	1.625021e-26
54	3061.999365	4.021184e-08	8.940000e-01	2.616908e-27
54	2526.251371	6.770232e-11	9.500000e-01	9.510431e-24
54	-1.000000	-1.000000e+00	-1.000000e+00	-1.000000e+00
54	4855.994528	3.977852e-08	8.800000e-01	5.251745e-27
54	538.850060	5.205162e-08	9.500000e-01	4.058485e-12
54	11663.465057	3.913991e-08	8.460000e-01	1.802780e-26
54	540.348885	7.539635e-07	9.960002e-01	1.366372e-11
54	2526.321264	5.498232e-11	9.400000e-01	1.063817e-23
54	3285.716234	4.014019e-08	8.920000e-01	6.154069e-27
54	15620.214571	3.896980e-08	8.320001e-01	2.481335e-27
54	540.380354	4.725331e-07	9.940001e-01	1.369917e-11
54	1504.375911	4.108563e-08	9.120000e-01	4.000440e-28
54	540.262237	1.939148e-07	9.860001e-01	1.351910e-11
54	540.375759	3.469307e-07	9.920001e-01	1.370368e-11
54	539.002518	5.949788e-08	9.560000e-01	6.881344e-12
54	547.704928	4.460170e-08	9.400000e-01	1.292282e-26
54	1263.946656	4.136118e-08	9.160000e-01	4.151802e-27
54	539.900840	1.114362e-07	9.760000e-01	1.247192e-11
54	540.311629	2.273161e-07	9.880001e-01	1.361489e-11
54	538.829475	4.995379e-08	9.480000e-01	2.976463e-12
54	5794.176300	3.963227e-08	8.740000e-01	1.014484e-26
54	2526.321264	5.498233e-11	9.400000e-01	1.123766e-23
54	19620.907298	3.884961e-08	8.200001e-01	3.049292e-26
54	9270.502317	3.928749e-08	8.560000e-01	7.405829e-27
54	5157.040806	3.972760e-08	8.780000e-01	2.842132e-28
54	562.897052	4.414421e-08	9.380000e-01	6.369980e-27
54	11156.982405	3.916746e-08	8.480000e-01	7.947986e-27
54	8408.436171	3.935417e-08	8.600000e-01	3.678669e-26
54	1504.375983	4.108563e-08	9.120000e-01	1.124902e-27
54	4855.994461	3.977852e-08	8.800000e-01	2.404693e-26
54	2525.654285	1.560629e-10	9.740000e-01	2.442217e-24
54	18912.995476	3.886827e-08	8.220001e-01	1.161020e-26
54	539.157604	6.571106e-08	9.600000e-01	8.438338e-12
54	539.986844	4.512358e-08	9.420000e-01	4.291390e-27
54	3520.054664	4.007220e-08	8.900000e-01	1.203654e-27
54	539.432140	7.778824e-08	9.660000e-01	1.033591e-11
54	2848.767470	4.028746e-08	8.960000e-01	6.192322e-27
54	2526.310063	5.713550e-11	9.420000e-01	2.510521e-23
54	2453.215644	4.045199e-08	9.000000e-01	1.544916e-27
54	547.704932	4.460170e-08	9.400000e-01	2.659304e-26
54	10664.625977	3.919594e-08	8.500000e-01	3.399688e-29
54	18221.820176	3.888744e-08	8.240001e-01	1.483120e-25
54	15620.211647	3.896980e-08	8.320001e-01	2.595535e-26
54	2270.629256	4.054170e-08	9.020000e-01	5.994566e-27
54	701.447825	4.277228e-08	9.300000e-01	5.733184e-29
54	1504.375960	4.108563e-08	9.120000e-01	6.064219e-27
54	4288.198149	3.988761e-08	8.840000e-01	2.237594e-27
54	970.970009	4.186296e-08	9.220000e-01	4.291548e-27
54	2526.376189	4.341719e-11	9.260000e-01	8.852374e-25
54	17547.173330	3.890716e-08	8.260001e-01	4.213845e-26
54	539.986843	4.512358e-08	9.420000e-01	2.173428e-26
54	18221.824559	3.888744e-08	8.240001e-01	2.847424e-26
54	5469.717683	3.967890e-08	8.760000e-01	1.871089e-27
54	1935.178476	4.073837e-08	9.060000e-01	1.530035e-27
54	539.986845	4.512358e-08	9.420000e-01	9.471627e-27
54	5469.717395	3.967890e-08	8.760000e-01	1.265650e-26
54	2848.767294	4.028746e-08	8.960000e-01	8.229825e-27
54	539.528324	8.282610e-08	9.680000e-01	1.086052e-11
54	12719.550662	3.908745e-08	8.420000e-01	3.158304e-26
54	539.337290	7.331290e-08	9.640000e-01	9.758758e-12
54	8832.849734	3.932023e-08	8.580000e-01	6.492421e-27
54	539.002518	5.949788e-08	9.560000e-01	6.881344e-12
54	2526.251371	6.770232e-11	9.500000e-01	2.065327e-24
54	14414.317926	3.901472e-08	8.360001e-01	8.267452e-26
54	6130.571174	3.958757e-08	8.720000e-01	4.329365e-27
54	756.225821	4.251181e-08	9.280000e-01	6.386936e-27
54	2645.884282	4.036739e-08	8.980000e-01	5.487227e-27
54	19620.907586	3.884961e-08	8.200001e-01	6.930708e-26
54	22624.420957	3.877977e-08	8.120001e-01	1.514202e-25
54	18221.824284	3.888744e-08	8.240001e-01	2.131016e-25
54	970.970027	4.186296e-08	9.220000e-01	1.235798e-27
54	539.432140	7.778824e-08	9.660000e-01	1.033591e-11
54	12719.550784	3.908745e-08	8.420000e-01	3.212888e-26
54	5469.717453	3.967890e-08	8.760000e-01	1.525923e-26
54	24232.539504	3.874746e-08	8.080000e-01	1.217975e-24
54	539.719369	9.507438e-08	9.720000e-01	1.175993e-11
54	8408.436196	3.935417e-08	8.600000e-01	1.528773e-26
54	2453.215629	4.045199e-08	9.000000e-01	6.583812e-27
54	7997.090770	3.938940e-08	8.620000e-01	1.565586e-26
54	539.528324	8.282610e-08	9.680000e-01	1.086052e-11
54	13269.531009	3.906244e-08	8.400000e-01	6.964459e-26
54	18221.822144	3.888744e-08	8.240001e-01	1.450893e-25
54	5794.176310	3.963227e-08	8.740000e-01	1.923781e-27
54	539.157604	6.571107e-08	9.600000e-01	8.438338e-12
54	562.897048	4.414421e-08	9.380000e-01	1.231744e-27
54	538.829475	4.995379e-08	9.480000e-01	2.976462e-12
54	539.719369	9.507438e-08	9.720000e-01	1.175993e-11
54	6839.790664	3.950355e-08	8.680000e-01	3.138591e-26
54	59775.870082	5.167787e-08	8.520000e-01	1.000000e-08
54	7997.091087	3.938940e-08	8.620000e-01	2.227643e-26
54	1157.389127	4.151526e-08	9.180000e-01	1.677843e-27
54	1263.946663	4.136118e-08	9.160000e-01	1.693244e-27
54	17547.172105	3.890716e-08	8.260001e-01	7.895329e-26
54	18221.820867	3.888744e-08	8.240001e-01	3.967375e-26
54	12719.550482	3.908745e-08	8.420000e-01	1.034585e-26
54	540.380354	4.725331e-07	9.940001e-01	1.369917e-11
54	11663.465102	3.913991e-08	8.460000e-01	1.543279e-26
54	12719.550427	3.908745e-08	8.420000e-01	3.398508e-26
54	15620.213104	3.896980e-08	8.320001e-01	1.632616e-26
54	12184.258191	3.911326e-08	8.440000e-01	2.556408e-26
54	539.337290	7.331290e-08	9.640000e-01	9.758758e-12
54	970.970008	4.186296e-08	9.220000e-01	4.153364e-27
54	538.848587	4.621104e-08	9.440000e-01	5.822075e-13
54	2848.767532	4.028746e-08	8.960000e-01	2.245515e-27
54	14414.313911	3.901472e-08	8.360001e-01	5.563456e-26
54	1379.567471	4.121836e-08	9.140000e-01	4.706108e-27
54	8408.436561	3.935417e-08	8.600000e-01	2.603876e-26
54	2270.629237	4.054170e-08	9.020000e-01	1.227790e-27
54	2453.215616	4.045199e-08	9.000000e-01	3.328062e-27
54	24232.539353	3.874746e-08	8.080000e-01	4.437865e-25
54	19620.905659	3.884961e-08	8.200001e-01	5.783294e-26
54	6479.056463	3.954471e-08	8.700000e-01	7.062986e-27
54	1504.375922	4.108563e-08	9.120000e-01	6.585025e-27
54	19620.903953	3.884961e-08	8.200001e-01	1.355803e-26
54	19620.903200	3.884961e-08	8.200001e-01	2.188609e-26
54	12719.550182	3.908745e-08	8.420000e-01	8.592103e-27
54	701.447857	4.277227e-08	9.300000e-01	5.312292e-27
54	5469.717315	3.967890e-08	8.760000e-01	1.685702e-26
54	27670.991149	3.868748e-08	8.000000e-01	4.724251e-11
54	547.704936	4.460170e-08	9.400000e-01	4.927446e-27
54	539.900840	1.114362e-07	9.760000e-01	1.247192e-11
54	539.719369	9.507439e-08	9.720000e-01	1.175993e-11
54	25064.003514	3.873191e-08	8.060000e-01	1.089328e-25
54	-1.000000	-1.000000e+00	-1.000000e+00	-1.000000e+00
54	2525.857478	1.271493e-10	9.700000e-01	3.291351e-24
54	2525.767150	1.399967e-10	9.720000e-01	4.492278e-24
54	4021.153987	3.994615e-08	8.860000e-01	7.012902e-27
54	26782.979289	3.870193e-08	8.020000e-01	3.314329e-25
54	2526.376189	4.341719e-11	9.260000e-01	8.018432e-24
54	539.337290	7.331290e-08	9.640000e-01	9.758758e-12
54	3285.716245	4.014019e-08	8.920000e-01	6.932430e-27
54	243379.406252	1.615319e-07	9.880001e-01	1.000000e-08
54	562.897039	4.414421e-08	9.380000e-01	9.725902e-28
54	890.861443	4.206004e-08	9.240000e-01	5.840504e-27
54	819.321610	4.227545e-08	9.260000e-01	5.671109e-28
54	4855.994483	3.977852e-08	8.800000e-01	3.476096e-27
54	4855.994537	3.977852e-08	8.800000e-01	3.163125e-27
54	13834.392182	3.903821e-08	8.380000e-01	2.238253e-26
54	7598.645178	3.942599e-08	8.640000e-01	2.677665e-27
54	539.002518	5.949787e-08	9.560000e-01	6.881343e-12
54	7997.090776	3.938941e-08	8.620000e-01	3.450575e-26
54	6839.790764	3.950355e-08	8.680000e-01	2.345817e-26
54	540.203933	1.690343e-07	9.840001e-01	1.338730e-11
54	5157.040934	3.972760e-08	8.780000e-01	3.025190e-27
54	539.986844	4.512358e-08	9.420000e-01	3.105875e-26
54	756.225813	4.251181e-08	9.280000e-01	5.137732e-27
54	1504.375907	4.108563e-08	9.120000e-01	7.068377e-27
54	540.350490	2.745972e-07	9.900001e-01	1.367600e-11
54	18912.993315	3.886827e-08	8.220001e-01	1.354051e-25
54	22624.418899	3.877977e-08	8.120001e-01	1.451877e-25
54	538.828098	4.801251e-08	9.460000e-01	1.818814e-12
54	9721.563507	3.925590e-08	8.540000e-01	1.207502e-26
54	539.900840	1.114362e-07	9.760000e-01	1.247192e-11
54	1782.055228	4.084647e-08	9.080000e-01	3.906356e-28
54	2526.251371	6.770232e-11	9.500000e-01	1.399498e-23
54	970.970040	4.186296e-08	9.220000e-01	5.543062e-28
54	2453.215598	4.045199e-08	9.000000e-01	2.670237e-27
54	540.350490	2.745972e-07	9.900001e-01	1.367600e-11
54	23419.409590	3.876341e-08	8.100001e-01	1.764830e-25
54	1782.055324	4.084647e-08	9.080000e-01	4.351497e-27
54	2526.376189	4.341719e-11	9.260000e-01	1.554015e-23
54	23419.415207	3.876341e-08	8.100001e-01	1.633080e-25
54	540.064677	1.344080e-07	9.800000e-01	1.301018e-11
54	539.432140	7.778824e-08	9.660000e-01	1.033591e-11
54	6130.570891	3.958757e-08	8.720000e-01	7.848562e-27
54	7598.645266	3.942599e-08	8.640000e-01	4.150389e-27
54	7997.090759	3.938941e-08	8.620000e-01	3.342784e-26
54	21847.305299	3.879655e-08	8.140001e-01	2.875347e-25
54	540.350490	2.745972e-07	9.900001e-01	1.367600e-11
54	890.861459	4.206004e-08	9.240000e-01	2.029373e-27
54	1263.946559	4.136118e-08	9.160000e-01	5.842737e-27
54	4566.429502	3.983180e-08	8.820000e-01	7.850511e-27
54	2526.232068	7.097830e-11	9.520000e-01	5.352284e-24
54	35420.687645	4.243899e-08	8.160000e-01	1.000000e-08
54	26782.979078	3.870193e-08	8.020000e-01	1.138012e-24
54	539.985416	1.218679e-07	9.780000e-01	1.276196e-11
54	540.348885	7.539632e-07	9.960002e-01	1.366372e-11
54	539.811837	1.026215e-07	9.740000e-01	1.213847e-11
54	701.447867	4.277227e-08	9.300000e-01	2.135943e-27
54	2848.767460	4.028746e-08	8.960000e-01	8.077387e-27
54	1638.496676	4.096196e-08	9.100000e-01	2.641299e-27
54	4855.994492	3.977852e-08	8.800000e-01	1.159786e-26
54	540.203933	1.690343e-07	9.840000e-01	1.338730e-11
54	585.722295	4.374032e-08	9.360000e-01	2.577829e-27
54	16888.826818	3.892744e-08	8.280001e-01	8.157770e-27
54	7598.645161	3.942599e-08	8.640000e-01	1.852963e-26
54	539.986843	4.512358e-08	9.420000e-01	2.920547e-26
54	2526.410367	3.484113e-11	9.100000e-01	3.989441e-24
54	5794.176514	3.963227e-08	8.740000e-01	3.764810e-26
54	2270.629285	4.054170e-08	9.020000e-01	2.854335e-27
54	970.970112	4.186296e-08	9.220000e-01	2.942856e-27
54	1638.496607	4.096196e-08	9.100000e-01	7.598678e-27
54	756.225819	4.251181e-08	9.280000e-01	1.496798e-27
54	12719.550690	3.908745e-08	8.420000e-01	8.576827e-27
54	7212.933096	3.946401e-08	8.660000e-01	1.555418e-27
54	9270.502458	3.928749e-08	8.560000e-01	5.101170e-26
54	2526.453269	2.224437e-11	8.880000e-01	4.936273e-12
54	540.137789	1.497703e-07	9.820000e-01	1.321814e-11
54	1059.771463	4.168199e-08	9.200000e-01	5.258875e-27
54	970.970061	4.186296e-08	9.220000e-01	2.931126e-27
54	2519.603743	1.398928e-09	9.920000e-01	7.912654e-26
54	-1.000000	-1.000000e+00	-1.000000e+00	-1.000000e+00
54	2526.043768	1.002487e-10	9.640000e-01	2.246850e-24
54	654.859443	4.306061e-08	9.320000e-01	9.649352e-28
54	-1.000000	-1.000000e+00	-1.000000e+00	-1.000000e+00
54	2525.767149	1.399967e-10	9.720000e-01	4.728247e-24
54	6130.571060	3.958757e-08	8.720000e-01	2.160030e-26
54	540.350490	2.745972e-07	9.900001e-01	1.367600e-11
54	2525.066406	2.439667e-10	9.800000e-01	3.311786e-24
54	5469.717692	3.967890e-08	8.760000e-01	2.780344e-26
54	540.203933	1.690343e-07	9.840001e-01	1.338730e-11
54	20345.776576	3.883145e-08	8.180001e-01	3.446944e-26
54	654.859478	4.306061e-08	9.320000e-01	4.154614e-27
54	5469.717615	3.967890e-08	8.760000e-01	1.704956e-26
54	6839.790653	3.950355e-08	8.680000e-01	1.260499e-26
54	539.157604	6.571106e-08	9.600000e-01	8.438338e-12
54	546.734929	2.895423e-06	9.980009e-01	1.360728e-11
54	1782.055246	4.084647e-08	9.080000e-01	1.618567e-26
54	6479.056340	3.954471e-08	8.700000e-01	9.875344e-27
54	539.986845	4.512358e-08	9.420000e-01	1.470045e-26
54	59775.868161	5.167787e-08	8.520000e-01	1.000000e-08
54	20345.779302	3.883145e-08	8.180001e-01	6.412346e-26
54	546.735050	2.895425e-06	9.980009e-01	1.360728e-11
54	3285.716042	4.014019e-08	8.920000e-01	4.861647e-27
54	540.348885	7.539629e-07	9.960002e-01	1.366372e-11
54	5157.040874	3.972760e-08	8.780000e-01	3.371850e-27
54	701.447849	4.277227e-08	9.300000e-01	8.693266e-27
54	8832.849554	3.932023e-08	8.580000e-01	7.941981e-26
54	5157.040833	3.972760e-08	8.780000e-01	1.999874e-26
54	2097.993484	4.063698e-08	9.040000e-01	1.355704e-27
54	4566.429702	3.983180e-08	8.820000e-01	1.620461e-26
54	26782.979398	3.870193e-08	8.020000e-01	4.855740e-25
54	13834.392023	3.903821e-08	8.380000e-01	6.280225e-27
54	540.311629	2.273161e-07	9.880001e-01	1.361489e-11
54	539.528324	8.282610e-08	9.680000e-01	1.086052e-11
54	3765.153887	4.000760e-08	8.880000e-01	2.017065e-26
54	539.624483	8.853957e-08	9.700000e-01	1.133455e-11
54	3520.054448	4.007220e-08	8.900000e-01	7.179109e-27
54	12184.258686	3.911326e-08	8.440000e-01	2.130875e-27
54	539.985416	1.218679e-07	9.780000e-01	1.276196e-11
54	540.203933	1.690343e-07	9.840000e-01	1.338730e-11
54	7997.091233	3.938940e-08	8.620000e-01	7.087098e-27
54	5469.717491	3.967890e-08	8.760000e-01	4.450428e-27
54	2270.629136	4.054170e-08	9.020000e-01	3.088969e-27
54	20345.780904	3.883145e-08	8.180001e-01	1.679175e-25
54	2526.283896	6.197757e-11	9.460000e-01	1.941527e-23
54	18221.820177	3.888744e-08	8.240001e-01	7.816184e-26
54	616.329411	4.338143e-08	9.340000e-01	1.189932e-26
54	3520.054762	4.007220e-08	8.900000e-01	1.267232e-26
54	24232.540225	3.874746e-08	8.080000e-01	6.837502e-26
54	2525.767149	1.399967e-10	9.720000e-01	8.277029e-24
54	539.432140	7.778824e-08	9.660000e-01	1.033591e-11
54	25914.067461	3.871674e-08	8.040000e-01	3.799654e-25
54	-1.000000	-1.000000e+00	-1.000000e+00	-1.000000e+00
54	539.337290	7.331290e-08	9.640000e-01	9.758758e-12
54	210452.605502	1.145711e-07	9.700000e-01	1.000000e-08
54	2526.251371	6.770232e-11	9.500000e-01	8.465150e-24
54	540.064677	1.344080e-07	9.800000e-01	1.301018e-11
54	540.203933	1.690343e-07	9.840000e-01	1.338730e-11
54	546.735019	2.895424e-06	9.980009e-01	1.360728e-11
54	11663.464701	3.913991e-08	8.460000e-01	2.295779e-26
54	540.350490	2.745972e-07	9.900001e-01	1.367600e-11
54	538.887329	5.432557e-08	9.520000e-01	5.068022e-12
54	11156.982432	3.916746e-08	8.480000e-01	7.052614e-27
54	14414.315336	3.901472e-08	8.360001e-01	5.223953e-26
54	539.719369	9.507439e-08	9.720000e-01	1.175993e-11
54	9270.502362	3.928749e-08	8.560000e-01	1.576314e-26
54	539.900840	1.114362e-07	9.760000e-01	1.247192e-11
54	5157.040709	3.972760e-08	8.780000e-01	7.291253e-27
54	2526.268547	6.471463e-11	9.480000e-01	2.481330e-23
54	562.897040	4.414421e-08	9.380000e-01	1.881126e-28
54	1157.389113	4.151526e-08	9.180000e-01	5.445177e-27
54	4855.994581	3.977852e-08	8.800000e-01	1.537147e-26
54	2097.993572	4.063698e-08	9.040000e-01	3.093423e-27
54	539.002518	5.949788e-08	9.560000e-01	6.881344e-12
54	539.985416	1.218679e-07	9.780000e-01	1.276196e-11
54	2524.729473	3.011544e-10	9.820000e-01	7.645275e-25
54	539.002518	5.949787e-08	9.560000e-01	6.881343e-12
54	16888.827390	3.892744e-08	8.280001e-01	8.089305e-26
54	5157.040570	3.972760e-08	8.780000e-01	2.179372e-27
54	562.897039	4.414421e-08	9.380000e-01	7.880259e-27
54	17547.174509	3.890716e-08	8.260001e-01	8.951273e-26
54	4288.198017	3.988761e-08	8.840000e-01	3.645236e-27
54	756.225756	4.251181e-08	9.280000e-01	1.157651e-26
54	11156.982449	3.916746e-08	8.480000e-01	6.012665e-26
54	539.076079	6.245574e-08	9.580000e-01	7.690601e-12
54	4855.994784	3.977852e-08	8.800000e-01	7.617145e-27
54	10664.625613	3.919594e-08	8.500000e-01	4.921017e-27
54	4566.429621	3.983180e-08	8.820000e-01	9.504573e-27
54	3061.999608	4.021184e-08	8.940000e-01	1.810678e-27
54	2524.729472	3.011544e-10	9.820000e-01	1.490129e-24
54	540.311629	2.273161e-07	9.880001e-01	1.361489e-11
54	6839.791012	3.950355e-08	8.680000e-01	3.723677e-27
54	21847.307226	3.879655e-08	8.140001e-01	1.286761e-25
54	756.225756	4.251181e-08	9.280000e-01	1.488903e-26
54	539.245247	6.931092e-08	9.620000e-01	9.126961e-12
54	2453.215830	4.045199e-08	9.000000e-01	4.234864e-27
54	10664.625977	3.919594e-08	8.500000e-01	6.848149e-27
54	4566.429574	3.983180e-08	8.820000e-01	5.827572e-27
54	15620.213575	3.896980e-08	8.320001e-01	5.245134e-26
54	539.624483	8.853958e-08	9.700000e-01	1.133455e-11
54	3520.054676	4.007220e-08	8.900000e-01	1.296790e-26
54	540.380354	4.725331e-07	9.940001e-01	1.369917e-11
54	538.887329	5.432557e-08	9.520000e-01	5.068021e-12
54	540.203933	1.690343e-07	9.840001e-01	1.338730e-11
54	701.447838	4.277227e-08	9.300000e-01	8.833390e-27
54	5794.176568	3.963227e-08	8.740000e-01	1.489968e-27
54	2645.884154	4.036739e-08	8.980000e-01	2.584601e-27
54	539.811837	1.026215e-07	9.740000e-01	1.213847e-11
54	2525.509889	1.768175e-10	9.760000e-01	1.861034e-24
54	59775.870109	5.167787e-08	8.520000e-01	1.000000e-08
54	6130.570782	3.958757e-08	8.720000e-01	1.469527e-26
54	6479.056382	3.954471e-08	8.700000e-01	5.565585e-27
54	1263.946607	4.136118e-08	9.160000e-01	6.831387e-28
54	8832.849507	3.932023e-08	8.580000e-01	9.366851e-27
54	539.811837	1.026215e-07	9.740000e-01	1.213847e-11
54	538.828098	4.801251e-08	9.460000e-01	1.818814e-12
54	539.624483	8.853957e-08	9.700000e-01	1.133455e-11
54	-1.000000	-1.000000e+00	-1.000000e+00	-1.000000e+00
54	539.245247	6.931092e-08	9.620000e-01	9.126960e-12
54	2523.822124	5.010546e-10	9.860000e-01	2.367213e-25
54	15620.215598	3.896980e-08	8.320001e-01	5.101199e-26
54	6839.790559	3.950355e-08	8.680000e-01	1.877707e-27
54	26782.978379	3.870193e-08	8.020000e-01	6.960502e-25
54	25064.003440	3.873191e-08	8.060000e-01	3.331579e-25
54	539.624483	8.853958e-08	9.700000e-01	1.133455e-11
54	2526.363776	4.621382e-11	9.300000e-01	9.716405e-23
54	539.076079	6.245574e-08	9.580000e-01	7.690601e-12
54	12184.258374	3.911326e-08	8.440000e-01	1.118156e-26
54	546.735048	2.895424e-06	9.980009e-01	1.360728e-11
54	539.432140	7.778824e-08	9.660000e-01	1.033591e-11
54	540.350490	2.745972e-07	9.900001e-01	1.367600e-11
54	20345.777038	3.883145e-08	8.180001e-01	1.960273e-25
54	540.137789	1.497703e-07	9.820000e-01	1.321814e-11
54	540.262237	1.939147e-07	9.860001e-01	1.351910e-11
54	18912.997081	3.886827e-08	8.220001e-01	8.554800e-26
54	2645.884249	4.036739e-08	8.980000e-01	1.306163e-26
54	5469.717553	3.967890e-08	8.760000e-01	1.109740e-27
54	22624.423248	3.877977e-08	8.120001e-01	3.749161e-26
54	540.203933	1.690343e-07	9.840000e-01	1.338730e-11
54	5157.040538	3.972760e-08	8.780000e-01	1.314567e-26
54	616.329400	4.338143e-08	9.340000e-01	1.147777e-26
54	3285.716121	4.014019e-08	8.920000e-01	2.004052e-27
54	16888.827558	3.892744e-08	8.280001e-01	6.398951e-27
54	9270.502337	3.928749e-08	8.560000e-01	1.368395e-26
54	13834.392629	3.903821e-08	8.380000e-01	6.244827e-27
54	21087.838125	3.881377e-08	8.160001e-01	3.282547e-25
54	21847.304634	3.879655e-08	8.140001e-01	1.184008e-25
54	18912.994055	3.886827e-08	8.220001e-01	1.166990e-25
54	23419.411533	3.876341e-08	8.100001e-01	2.884102e-25
54	16888.827223	3.892744e-08	8.280001e-01	1.126987e-25
54	3285.716269	4.014019e-08	8.920000e-01	8.972157e-27
54	11663.464736	3.913991e-08	8.460000e-01	1.497761e-26
54	2526.321264	5.498233e-11	9.400000e-01	5.856223e-24
54	6479.056580	3.954471e-08	8.700000e-01	4.524179e-27
54	540.203933	1.690343e-07	9.840000e-01	1.338730e-11
54	23419.412460	3.876341e-08	8.100001e-01	2.731049e-25
54	540.311629	2.273161e-07	9.880001e-01	1.361489e-11
54	2453.215700	4.045199e-08	9.000000e-01	1.129131e-26
54	538.848587	4.621104e-08	9.440000e-01	5.822077e-13
54	1263.946622	4.136118e-08	9.160000e-01	1.782157e-27
54	585.722309	4.374032e-08	9.360000e-01	5.079613e-27
54	539.002518	5.949787e-08	9.560000e-01	6.881344e-12
54	26782.978967	3.870193e-08	8.020000e-01	5.026132e-25
54	10664.625614	3.919594e-08	8.500000e-01	2.077381e-25
54	539.719369	9.507438e-08	9.720000e-01	1.175993e-11
54	539.076079	6.245574e-08	9.580000e-01	7.690601e-12
54	1157.389225	4.151526e-08	9.180000e-01	5.679512e-27
54	14414.313534	3.901472e-08	8.360001e-01	7.157077e-27
54	540.380354	4.725330e-07	9.940001e-01	1.369917e-11
54	19620.906669	3.884961e-08	8.200001e-01	6.681657e-26
54	10664.626018	3.919594e-08	8.500000e-01	3.632236e-26
54	2848.767473	4.028746e-08	8.960000e-01	3.616371e-28
54	1379.567408	4.121836e-08	9.140000e-01	7.612823e-28
54	2526.268547	6.471464e-11	9.480000e-01	4.900898e-24
54	538.850060	5.205162e-08	9.500000e-01	4.058485e-12
54	7997.090886	3.938940e-08	8.620000e-01	8.708265e-27
54	540.350490	2.745972e-07	9.900001e-01	1.367600e-11
54	6479.056521	3.954471e-08	8.700000e-01	4.051292e-26
54	18912.995594	3.886827e-08	8.220001e-01	2.261933e-25
54	5794.176509	3.963227e-08	8.740000e-01	9.917878e-27
54	4566.429689	3.983180e-08	8.820000e-01	3.508366e-27
54	59775.869579	5.167787e-08	8.520000e-01	1.000000e-08
54	3285.716269	4.014019e-08	8.920000e-01	6.924149e-27
54	2525.992365	1.077739e-10	9.660000e-01	3.577409e-24
54	539.157604	6.571107e-08	9.600000e-01	8.438338e-12
54	13834.392301	3.903821e-08	8.380000e-01	7.130064e-28
54	17547.170023	3.890716e-08	8.260001e-01	1.306816e-26
54	23419.413213	3.876341e-08	8.100001e-01	8.334191e-27
54	3765.153643	4.000760e-08	8.880000e-01	1.587716e-27
54	2526.251371	6.770232e-11	9.500000e-01	1.118893e-23
54	5157.040746	3.972760e-08	8.780000e-01	2.457906e-27
54	3520.054610	4.007220e-08	8.900000e-01	2.487299e-26
54	539.986844	4.512358e-08	9.420000e-01	5.809566e-27
54	1059.771521	4.168199e-08	9.200000e-01	5.558545e-27
54	540.137789	1.497703e-07	9.820000e-01	1.321814e-11
54	3061.999437	4.021184e-08	8.940000e-01	6.625491e-27
54	6839.790665	3.950355e-08	8.680000e-01	1.780741e-26
54	970.970087	4.186296e-08	9.220000e-01	1.199433e-26
54	18221.820208	3.888745e-08	8.240001e-01	3.166077e-27
54	539.157604	6.571106e-08	9.600000e-01	8.438338e-12
54	1059.771509	4.168199e-08	9.200000e-01	1.331286e-26
54	4566.429566	3.983180e-08	8.820000e-01	5.499563e-27
54	22624.421497	3.877977e-08	8.120001e-01	7.421831e-26
54	16246.581368	3.894831e-08	8.300001e-01	4.483030e-26
54	539.076079	6.245575e-08	9.580000e-01	7.690601e-12
54	3061.999467	4.021184e-08	8.940000e-01	1.979843e-27
54	16888.830546	3.892744e-08	8.280001e-01	2.436175e-25
54	3765.153918	4.000760e-08	8.880000e-01	7.755854e-27
54	2848.767541	4.028746e-08	8.960000e-01	1.081667e-26
54	1935.178451	4.073837e-08	9.060000e-01	1.323806e-26
54	540.262237	1.939147e-07	9.860001e-01	1.351910e-11
54	539.002518	5.949788e-08	9.560000e-01	6.881344e-12
54	12184.258282	3.911326e-08	8.440000e-01	5.395475e-26
54	2526.124924	8.806645e-11	9.600000e-01	6.756952e-24
54	16246.578823	3.894831e-08	8.300001e-01	1.128502e-25
54	4855.994709	3.977852e-08	8.800000e-01	8.316088e-27
54	8832.849839	3.932023e-08	8.580000e-01	1.666748e-26
54	1638.496745	4.096196e-08	9.100000e-01	5.532079e-27
54	585.722311	4.374032e-08	9.360000e-01	5.901144e-27
54	18912.994803	3.886827e-08	8.220001e-01	2.211767e-25
54	540.311629	2.273161e-07	9.880001e-01	1.361489e-11
54	8408.436572	3.935417e-08	8.600000e-01	8.227787e-27
54	1935.178419	4.073837e-08	9.060000e-01	8.196152e-27
54	701.447865	4.277227e-08	9.300000e-01	1.272597e-26
54	539.811837	1.026215e-07	9.740000e-01	1.213847e-11
54	6130.570921	3.958757e-08	8.720000e-01	9.870570e-27
54	24232.539374	3.874746e-08	8.080000e-01	2.017560e-25
54	14414.313498	3.901472e-08	8.360001e-01	2.136101e-26
54	2525.654285	1.560629e-10	9.740000e-01	3.851758e-24
54	539.985416	1.218679e-07	9.780000e-01	1.276196e-11
54	20345.775949	3.883145e-08	8.180001e-01	8.729154e-26
54	19620.902840	3.884961e-08	8.200001e-01	3.079622e-25
54	13834.392639	3.903821e-08	8.380000e-01	1.690232e-26
54	2848.767513	4.028746e-08	8.960000e-01	2.604265e-27
54	2645.884261	4.036739e-08	8.980000e-01	9.243926e-27
54	539.528324	8.282610e-08	9.680000e-01	1.086052e-11
54	21847.305161	3.879655e-08	8.140001e-01	2.501774e-25
54	1782.055241	4.084647e-08	9.080000e-01	3.634210e-27
54	3520.054524	4.007220e-08	8.900000e-01	5.535982e-27
54	2097.993360	4.063698e-08	9.040000e-01	3.975229e-27
54	18221.822625	3.888744e-08	8.240001e-01	6.640802e-26
54	15009.524891	3.899192e-08	8.340001e-01	2.721807e-26
54	6479.056559	3.954471e-08	8.700000e-01	5.555704e-27
54	539.985416	1.218679e-07	9.780000e-01	1.276196e-11
54	1935.178466	4.073837e-08	9.060000e-01	2.259431e-27
54	6839.790809	3.950355e-08	8.680000e-01	4.648907e-28
54	5469.717396	3.967890e-08	8.760000e-01	3.009649e-27
54	540.203933	1.690343e-07	9.840001e-01	1.338730e-11
54	3285.716183	4.014019e-08	8.920000e-01	1.344534e-26
54	540.348885	7.539637e-07	9.960002e-01	1.366372e-11
54	970.970051	4.186296e-08	9.220000e-01	9.451240e-27
54	539.900840	1.114362e-07	9.760000e-01	1.247192e-11
54	9270.502486	3.928749e-08	8.560000e-01	1.189447e-26
54	1157.389141	4.151526e-08	9.180000e-01	4.110272e-27
54	5469.717363	3.967890e-08	8.760000e-01	4.342765e-26
54	15620.211665	3.896980e-08	8.320001e-01	6.254042e-26
54	540.380354	4.725331e-07	9.940001e-01	1.369917e-11
54	16246.580821	3.894831e-08	8.300001e-01	6.826588e-26
54	2525.509889	1.768175e-10	9.760000e-01	1.084170e-24
54	540.348885	7.539630e-07	9.960002e-01	1.366372e-11
54	5794.176285	3.963227e-08	8.740000e-01	1.339601e-26
54	540.380354	4.725330e-07	9.940001e-01	1.369917e-11
54	17547.173041	3.890716e-08	8.260001e-01	1.845541e-25
54	538.828098	4.801251e-08	9.460000e-01	1.818814e-12
54	539.811837	1.026215e-07	9.740000e-01	1.213847e-11
54	18221.820752	3.888744e-08	8.240001e-01	5.386051e-26
54	3765.153903	4.000760e-08	8.880000e-01	4.872459e-27
54	538.850060	5.205162e-08	9.500000e-01	4.058485e-12
54	2645.884217	4.036738e-08	8.980000e-01	4.310773e-27
54	8408.436177	3.935417e-08	8.600000e-01	2.255850e-26
54	18221.823045	3.888744e-08	8.240001e-01	3.094461e-26
54	540.311629	2.273161e-07	9.880001e-01	1.361489e-11
54	540.348885	7.539637e-07	9.960002e-01	1.366372e-11
54	7212.933072	3.946401e-08	8.660000e-01	1.151760e-27
54	1379.567491	4.121836e-08	9.140000e-01	3.439412e-27
54	701.447874	4.277227e-08	9.300000e-01	7.141699e-27
54	6479.056600	3.954471e-08	8.700000e-01	1.155661e-26
54	585.722299	4.374032e-08	9.360000e-01	4.139247e-27
54	15620.211349	3.896980e-08	8.320001e-01	3.983455e-26
54	6479.056356	3.954471e-08	8.700000e-01	8.458323e-27
54	6479.056531	3.954471e-08	8.700000e-01	1.132622e-26
54	970.970078	4.186296e-08	9.220000e-01	8.650894e-28
54	25914.067602	3.871674e-08	8.040000e-01	4.021867e-25
54	9721.563723	3.925590e-08	8.540000e-01	2.550229e-26
54	8408.436497	3.935417e-08	8.600000e-01	2.282764e-26
54	14414.316154	3.901472e-08	8.360001e-01	2.005654e-26
54	540.311629	2.273161e-07	9.880001e-01	1.361489e-11
54	23419.415187	3.876341e-08	8.100001e-01	1.078619e-26
54	1157.389086	4.151526e-08	9.180000e-01	7.616606e-27
54	19620.902827	3.884961e-08	8.200001e-01	6.979241e-26
54	2526.185546	7.858959e-11	9.560000e-01	1.607996e-24
54	13834.392600	3.903821e-08	8.380000e-01	1.581033e-26
54	8408.436642	3.935417e-08	8.600000e-01	1.133961e-26
54	2645.884285	4.036739e-08	8.980000e-01	4.354349e-27
54	654.859441	4.306062e-08	9.320000e-01	3.138147e-27
54	21847.303657	3.879655e-08	8.140001e-01	1.194884e-25
54	539.528324	8.282609e-08	9.680000e-01	1.086052e-11
54	12184.258383	3.911326e-08	8.440000e-01	3.305088e-26
54	585.722308	4.374032e-08	9.360000e-01	4.656131e-27
54	538.887329	5.432557e-08	9.520000e-01	5.068022e-12
54	8408.436548	3.935417e-08	8.600000e-01	1.362675e-26
54	25914.066647	3.871674e-08	8.040000e-01	5.876386e-25
54	540.380354	4.725332e-07	9.940001e-01	1.369917e-11
54	1935.178451	4.073837e-08	9.060000e-01	2.216899e-27
54	4021.154030	3.994615e-08	8.860000e-01	1.575409e-26
54	2848.767407	4.028746e-08	8.960000e-01	7.457169e-27
54	7212.933157	3.946401e-08	8.660000e-01	1.969497e-26
54	3520.054427	4.007220e-08	8.900000e-01	2.452453e-26
54	4566.429693	3.983180e-08	8.820000e-01	9.723000e-27
54	539.245247	6.931092e-08	9.620000e-01	9.126960e-12
54	2848.767288	4.028746e-08	8.960000e-01	5.549429e-27
54	1379.567517	4.121836e-08	9.140000e-01	1.229661e-26
54	27670.991258	3.868748e-08	8.000000e-01	4.813445e-11
54	4855.994461	3.977852e-08	8.800000e-01	4.588678e-27
54	546.735045	2.895424e-06	9.980009e-01	1.360728e-11
54	2848.767306	4.028746e-08	8.960000e-01	6.913745e-27
54	14414.317417	3.901472e-08	8.360001e-01	5.589173e-26
54	7212.933209	3.946401e-08	8.660000e-01	9.869309e-27
54	539.985416	1.218679e-07	9.780000e-01	1.276196e-11
54	6839.790598	3.950355e-08	8.680000e-01	1.591172e-26
54	25064.003400	3.873191e-08	8.060000e-01	9.724757e-26
54	538.887329	5.432557e-08	9.520000e-01	5.068021e-12
54	539.624483	8.853958e-08	9.700000e-01	1.133455e-11
54	13834.392530	3.903821e-08	8.380000e-01	1.118346e-26
54	2526.399829	3.765503e-11	9.160000e-01	4.480592e-23
54	12184.258833	3.911326e-08	8.440000e-01	5.954362e-26
54	7997.091270	3.938940e-08	8.620000e-01	1.173762e-26
54	2848.767445	4.028746e-08	8.960000e-01	1.169672e-27
54	11156.981807	3.916746e-08	8.480000e-01	2.287488e-26
54	10664.625791	3.919594e-08	8.500000e-01	1.123946e-27
54	59775.869876	5.167787e-08	8.520000e-01	1.000000e-08
54	26782.978391	3.870193e-08	8.020000e-01	6.128357e-25
54	4855.994772	3.977852e-08	8.800000e-01	2.918613e-26
54	5794.176509	3.963227e-08	8.740000e-01	3.650293e-27
54	654.859494	4.306061e-08	9.320000e-01	6.473822e-28
54	20345.775612	3.883145e-08	8.180001e-01	5.194827e-26
54	16888.828833	3.892744e-08	8.280001e-01	2.040246e-25
54	59775.870612	5.167787e-08	8.520000e-01	1.000000e-08
54	2453.215805	4.045199e-08	9.000000e-01	2.414056e-27
54	3520.054722	4.007220e-08	8.900000e-01	8.200120e-27
54	539.245247	6.931092e-08	9.620000e-01	9.126960e-12
54	6839.790631	3.950355e-08	8.680000e-01	1.415001e-26
54	35420.687555	4.243899e-08	8.160000e-01	1.000000e-08
54	22624.423045	3.877977e-08	8.120001e-01	3.057493e-25
54	539.719369	9.507439e-08	9.720000e-01	1.175993e-11
54	540.380354	4.725331e-07	9.940001e-01	1.369917e-11
54	13269.530903	3.906244e-08	8.400000e-01	1.064024e-26
54	539.245247	6.931092e-08	9.620000e-01	9.126960e-12
54	539.986844	4.512358e-08	9.420000e-01	3.069338e-27
54	1638.496694	4.096196e-08	9.100000e-01	1.817142e-28
54	2524.729473	3.011544e-10	9.820000e-01	2.443875e-25
54	546.734837	2.895423e-06	9.980009e-01	1.360728e-11
54	6479.056670	3.954471e-08	8.700000e-01	1.186660e-26
54	3061.999434	4.021184e-08	8.940000e-01	7.385903e-27
54	2525.320307	2.047233e-10	9.780000e-01	1.299418e-24
54	2525.320307	2.047233e-10	9.780000e-01	5.657617e-25
54	2526.210275	7.458851e-11	9.540000e-01	1.092680e-23
54	539.624483	8.853957e-08	9.700000e-01	1.133455e-11
54	585.722297	4.374032e-08	9.360000e-01	8.627169e-27
54	1504.375959	4.108563e-08	9.120000e-01	2.593238e-27
54	1504.375913	4.108563e-08	9.120000e-01	9.121132e-28
54	4021.154242	3.994615e-08	8.860000e-01	3.624214e-27
54	539.528324	8.282610e-08	9.680000e-01	1.086052e-11
54	539.985416	1.218679e-07	9.780000e-01	1.276196e-11
54	21847.302857	3.879655e-08	8.140001e-01	1.649017e-25
54	18221.823293	3.888744e-08	8.240001e-01	1.708155e-26
54	2453.215756	4.045199e-08	9.000000e-01	3.861931e-27
54	538.938897	5.679860e-08	9.540000e-01	6.008038e-12
54	547.704935	4.460170e-08	9.400000e-01	5.872854e-27
54	15009.528968	3.899192e-08	8.340001e-01	1.011117e-25
54	14414.318130	3.901472e-08	8.360001e-01	2.545742e-26
54	8408.436234	3.935417e-08	8.600000e-01	1.822165e-26
54	9721.563524	3.925590e-08	8.540000e-01	6.379163e-27
54	16888.827381	3.892744e-08	8.280001e-01	2.911300e-26
54	1157.389228	4.151526e-08	9.180000e-01	1.689673e-27
54	7212.933164	3.946401e-08	8.660000e-01	1.591000e-26
54	540.203933	1.690343e-07	9.840001e-01	1.338730e-11
54	539.432140	7.778824e-08	9.660000e-01	1.033591e-11
54	24232.539863	3.874746e-08	8.080000e-01	3.975235e-25
54	970.970011	4.186296e-08	9.220000e-01	5.185301e-27
54	1263.946641	4.136118e-08	9.160000e-01	3.277276e-27
54	6130.571174	3.958757e-08	8.720000e-01	1.924943e-27
54	539.811838	1.026215e-07	9.740000e-01	1.213847e-11
54	3520.054679	4.007220e-08	8.900000e-01	3.330116e-27
54	4855.994643	3.977852e-08	8.800000e-01	1.533933e-27
54	7212.933010	3.946401e-08	8.660000e-01	4.484556e-28
54	539.002518	5.949788e-08	9.560000e-01	6.881344e-12
54	-1.000000	-1.000000e+00	-1.000000e+00	-1.000000e+00
54	9270.502256	3.928749e-08	8.560000e-01	3.226606e-26
54	819.321589	4.227545e-08	9.260000e-01	4.260435e-27
54	970.970085	4.186296e-08	9.220000e-01	3.676877e-27
54	970.970077	4.186296e-08	9.220000e-01	1.545561e-27
54	25064.002891	3.873191e-08	8.060000e-01	2.393969e-25
54	5157.040575	3.972760e-08	8.780000e-01	1.727639e-26
54	3765.153668	4.000760e-08	8.880000e-01	1.307131e-26
54	1504.375883	4.108563e-08	9.120000e-01	4.841999e-27
54	2645.884106	4.036739e-08	8.980000e-01	6.990552e-27
54	540.375759	3.469306e-07	9.920001e-01	1.370368e-11
54	539.528324	8.282609e-08	9.680000e-01	1.086052e-11
54	6839.790758	3.950355e-08	8.680000e-01	1.288644e-26
54	22624.420763	3.877977e-08	8.120001e-01	1.539112e-25
54	1782.055315	4.084647e-08	9.080000e-01	6.528465e-27
54	4021.154238	3.994615e-08	8.860000e-01	3.365551e-27
54	540.262237	1.939148e-07	9.860001e-01	1.351910e-11
54	546.735083	2.895425e-06	9.980009e-01	1.360728e-11
54	18221.822402	3.888744e-08	8.240001e-01	1.340841e-25
54	539.900840	1.114362e-07	9.760000e-01	1.247192e-11
54	540.375759	3.469306e-07	9.920001e-01	1.370368e-11
54	26782.978831	3.870193e-08	8.020000e-01	5.267799e-25
54	25064.002819	3.873191e-08	8.060000e-01	4.444863e-25
54	59775.868304	5.167787e-08	8.520000e-01	1.000000e-08
54	24232.540292	3.874746e-08	8.080000e-01	3.144108e-25
54	3285.716166	4.014019e-08	8.920000e-01	1.728699e-26
54	4021.154239	3.994615e-08	8.860000e-01	4.222344e-27
54	2270.629336	4.054170e-08	9.020000e-01	1.274518e-26
54	2526.439905	2.560695e-11	8.820000e-01	3.706440e-23
54	7997.090813	3.938940e-08	8.620000e-01	1.761759e-26
54	6130.571009	3.958757e-08	8.720000e-01	1.895417e-26
54	19620.904791	3.884961e-08	8.200001e-01	2.550714e-26
54	15620.213813	3.896980e-08	8.320001e-01	1.808858e-26
54	23419.409445	3.876341e-08	8.100001e-01	1.878739e-26
54	25064.002933	3.873191e-08	8.060000e-01	3.444508e-25
54	2526.413425	3.398816e-11	9.080000e-01	4.334953e-23
54	540.064677	1.344080e-07	9.800000e-01	1.301018e-11
54	6479.056617	3.954471e-08	8.700000e-01	1.600307e-26
54	538.850060	5.205162e-08	9.500000e-01	4.058485e-12
54	59775.868190	5.167787e-08	8.520000e-01	1.000000e-08
54	16888.828183	3.892744e-08	8.280001e-01	3.005912e-27
54	16888.827006	3.892744e-08	8.280001e-01	6.932232e-27
54	756.225810	4.251181e-08	9.280000e-01	8.767171e-28
54	538.848587	4.621104e-08	9.440000e-01	5.822078e-13
54	5469.717473	3.967890e-08	8.760000e-01	4.072602e-28
54	8408.436485	3.935417e-08	8.600000e-01	8.749715e-27
54	6479.056488	3.954471e-08	8.700000e-01	1.210213e-26
54	540.064677	1.344080e-07	9.800000e-01	1.301018e-11
54	5794.176200	3.963227e-08	8.740000e-01	2.844270e-26
54	539.986841	4.512358e-08	9.420000e-01	3.604292e-27
54	539.076079	6.245575e-08	9.580000e-01	7.690601e-12
54	538.829475	4.995379e-08	9.480000e-01	2.976463e-12
54	2526.457582	1.819467e-11	8.420000e-01	2.441315e-22
54	1059.771486	4.168199e-08	9.200000e-01	3.076872e-27
54	25914.066885	3.871674e-08	8.040000e-01	2.199627e-25
54	3765.153891	4.000760e-08	8.880000e-01	6.755879e-28
54	654.859458	4.306061e-08	9.320000e-01	1.550311e-27
54	4021.154321	3.994615e-08	8.860000e-01	1.451218e-26
54	539.245247	6.931092e-08	9.620000e-01	9.126961e-12
54	14414.314582	3.901472e-08	8.360001e-01	3.262085e-27
54	25064.003403	3.873191e-08	8.060000e-01	3.522310e-25
54	2525.066406	2.439667e-10	9.800000e-01	1.355539e-24
54	538.828098	4.801251e-08	9.460000e-01	1.818813e-12
54	15620.213192	3.896980e-08	8.320001e-01	4.113209e-26
54	2645.884151	4.036738e-08	8.980000e-01	8.060763e-28
54	539.528324	8.282610e-08	9.680000e-01	1.086052e-11
54	25914.066645	3.871674e-08	8.040000e-01	5.013058e-25
54	3061.999467	4.021184e-08	8.940000e-01	8.202559e-27
54	20345.776252	3.883145e-08	8.180001e-01	1.134043e-25
54	819.321559	4.227545e-08	9.260000e-01	6.871267e-27
54	1782.055237	4.084647e-08	9.080000e-01	8.949665e-28
54	3520.054693	4.007220e-08	8.900000e-01	1.132681e-26
54	4855.994469	3.977852e-08	8.800000e-01	7.587597e-27
54	2848.767401	4.028746e-08	8.960000e-01	1.332700e-27
54	4855.994754	3.977852e-08	8.800000e-01	9.299383e-27
54	9270.502384	3.928749e-08	8.560000e-01	2.149715e-26
54	539.900840	1.114362e-07	9.760000e-01	1.247192e-11
54	547.704937	4.460170e-08	9.400000e-01	6.463728e-27
54	5157.040778	3.972760e-08	8.780000e-01	2.071922e-26
54	25914.066895	3.871674e-08	8.040000e-01	4.904198e-25
54	2523.822124	5.010547e-10	9.860000e-01	1.903183e-24
54	15620.211689	3.896980e-08	8.320001e-01	3.783466e-26
54	4855.994434	3.977852e-08	8.800000e-01	1.100869e-26
54	9721.563723	3.925590e-08	8.540000e-01	2.389732e-27
54	562.897055	4.414421e-08	9.380000e-01	7.659448e-27
54	562.897037	4.414421e-08	9.380000e-01	1.548157e-26
54	539.986845	4.512358e-08	9.420000e-01	2.235464e-26
54	18221.824831	3.888744e-08	8.240001e-01	5.997491e-26
54	701.447859	4.277227e-08	9.300000e-01	1.258393e-27
54	546.735108	2.895425e-06	9.980009e-01	1.360728e-11
54	18221.824602	3.888744e-08	8.240001e-01	1.336804e-25
54	539.002518	5.949787e-08	9.560000e-01	6.881343e-12
54	20345.777148	3.883145e-08	8.180001e-01	6.513501e-26
54	539.432140	7.778824e-08	9.660000e-01	1.033591e-11
54	1935.178336	4.073837e-08	9.060000e-01	4.429657e-27
54	5469.717521	3.967890e-08	8.760000e-01	3.163232e-27
54	17547.172235	3.890716e-08	8.260001e-01	4.641991e-26
54	562.897043	4.414421e-08	9.380000e-01	1.694515e-27
54	18912.996075	3.886827e-08	8.220001e-01	9.446546e-26
54	539.719369	9.507438e-08	9.720000e-01	1.175993e-11
54	1782.055340	4.084647e-08	9.080000e-01	3.413958e-27
54	540.350490	2.745972e-07	9.900001e-01	1.367600e-11
54	9270.502247	3.928749e-08	8.560000e-01	7.973219e-27
54	2097.993457	4.063698e-08	9.040000e-01	1.530656e-26
54	5794.176548	3.963227e-08	8.740000e-01	1.029819e-26
54	3520.054669	4.007220e-08	8.900000e-01	2.544355e-27
54	16888.830936	3.892744e-08	8.280001e-01	2.197332e-26
54	2525.767149	1.399967e-10	9.720000e-01	9.507096e-25
54	19620.907186	3.884961e-08	8.200001e-01	1.612652e-25
54	15009.528319	3.899192e-08	8.340001e-01	2.583164e-27
54	540.262237	1.939148e-07	9.860001e-01	1.351910e-11
54	20345.779860	3.883145e-08	8.180001e-01	1.430433e-25
54	20345.779825	3.883145e-08	8.180001e-01	9.636979e-26
54	540.350490	2.745972e-07	9.900001e-01	1.367600e-11
54	6839.791040	3.950355e-08	8.680000e-01	1.160317e-27
54	1504.375878	4.108563e-08	9.120000e-01	7.398367e-27
54	1263.946614	4.136118e-08	9.160000e-01	8.613147e-27
54	540.350490	2.745972e-07	9.900001e-01	1.367600e-11
54	16888.829605	3.892744e-08	8.280001e-01	7.916470e-26
54	6839.790869	3.950355e-08	8.680000e-01	3.984473e-27
54	11663.464495	3.913991e-08	8.460000e-01	5.689162e-27
54	27670.991240	3.868748e-08	8.000000e-01	5.022472e-11
54	2097.993463	4.063698e-08	9.040000e-01	1.373487e-26
54	15009.525721	3.899192e-08	8.340001e-01	4.995433e-26
54	654.859467	4.306062e-08	9.320000e-01	1.869384e-27
54	540.350490	2.745972e-07	9.900001e-01	1.367600e-11
54	540.203933	1.690343e-07	9.840001e-01	1.338730e-11
54	8832.849701	3.932023e-08	8.580000e-01	4.096967e-27
54	2524.729473	3.011543e-10	9.820000e-01	1.006000e-25
54	16888.827912	3.892744e-08	8.280001e-01	5.407814e-26
54	5157.040676	3.972760e-08	8.780000e-01	1.133952e-26
54	1782.055340	4.084647e-08	9.080000e-01	1.407566e-26
54	539.624483	8.853958e-08	9.700000e-01	1.133455e-11
54	21087.833875	3.881377e-08	8.160001e-01	9.904978e-26
54	539.900840	1.114362e-07	9.760000e-01	1.247192e-11
54	1263.946612	4.136118e-08	9.160000e-01	6.052495e-27
54	27670.991007	3.868748e-08	8.000000e-01	4.331788e-11
54	2097.993370	4.063698e-08	9.040000e-01	1.038450e-26
54	546.735024	2.895425e-06	9.980009e-01	1.360728e-11
54	25064.003548	3.873191e-08	8.060000e-01	2.708273e-25
54	15620.212170	3.896980e-08	8.320001e-01	1.072016e-25
54	25914.066778	3.871674e-08	8.040000e-01	8.415152e-25
54	8408.436653	3.935417e-08	8.600000e-01	1.644532e-26
54	11663.464906	3.913991e-08	8.460000e-01	7.213952e-26
54	6839.790825	3.950355e-08	8.680000e-01	1.079851e-26
54	2525.931208	1.166065e-10	9.680000e-01	2.468823e-24
54	2525.992365	1.077739e-10	9.660000e-01	7.395032e-24
54	1638.496725	4.096196e-08	9.100000e-01	6.100588e-27
54	2526.210275	7.458851e-11	9.540000e-01	4.631106e-24
54	3520.054682	4.007220e-08	8.900000e-01	6.783633e-27
54	3285.716249	4.014019e-08	8.920000e-01	9.447750e-27
54	540.064677	1.344080e-07	9.800000e-01	1.301018e-11
54	1782.055251	4.084647e-08	9.080000e-01	1.023475e-27
54	1263.946627	4.136118e-08	9.160000e-01	1.356800e-26
54	2526.124924	8.806646e-11	9.600000e-01	4.568843e-25
54	16246.580610	3.894831e-08	8.300001e-01	6.791510e-26
54	547.704928	4.460170e-08	9.400000e-01	7.976743e-30
54	-1.000000	-1.000000e+00	-1.000000e+00	-1.000000e+00
54	539.245247	6.931092e-08	9.620000e-01	9.126960e-12
54	1059.771410	4.168199e-08	9.200000e-01	3.472384e-27
54	756.225809	4.251181e-08	9.280000e-01	1.715575e-26
54	1782.055228	4.084647e-08	9.080000e-01	4.130618e-27
54	701.447830	4.277227e-08	9.300000e-01	2.155388e-27
54	539.002518	5.949788e-08	9.560000e-01	6.881344e-12
54	539.432140	7.778824e-08	9.660000e-01	1.033591e-11
54	19620.903068	3.884961e-08	8.200001e-01	3.039876e-25
54	6479.056452	3.954471e-08	8.700000e-01	1.750397e-26
54	539.528324	8.282610e-08	9.680000e-01	1.086052e-11
54	547.704935	4.460170e-08	9.400000e-01	5.829651e-27
54	562.897052	4.414421e-08	9.380000e-01	2.636618e-27
54	540.375759	3.469307e-07	9.920001e-01	1.370368e-11
54	7598.645414	3.942599e-08	8.640000e-01	1.418079e-26
54	6130.570819	3.958757e-08	8.720000e-01	2.734589e-26
54	12719.550690	3.908745e-08	8.420000e-01	1.332413e-26
54	2526.157327	8.305232e-11	9.580000e-01	8.065841e-24
54	10664.625606	3.919594e-08	8.500000e-01	8.830465e-27
54	3061.999339	4.021184e-08	8.940000e-01	3.221736e-27
54	7598.645466	3.942599e-08	8.640000e-01	7.771582e-27
54	2526.376189	4.341719e-11	9.260000e-01	4.939134e-24
54	539.157604	6.571107e-08	9.600000e-01	8.438338e-12
54	3765.153714	4.000760e-08	8.880000e-01	3.039011e-26
54	539.985416	1.218679e-07	9.780000e-01	1.276196e-11
54	539.900840	1.114362e-07	9.760000e-01	1.247192e-11
54	5157.040635	3.972760e-08	8.780000e-01	1.422533e-27
54	540.311629	2.273161e-07	9.880001e-01	1.361489e-11
54	1059.771460	4.168199e-08	9.200000e-01	1.486511e-26
54	1379.567392	4.121836e-08	9.140000e-01	4.516307e-27
54	538.938897	5.679861e-08	9.540000e-01	6.008038e-12
54	3520.054762	4.007220e-08	8.900000e-01	7.657118e-27
54	2526.463517	1.507586e-11	8.180000e-01	2.037471e-12
54	539.157604	6.571106e-08	9.600000e-01	8.438338e-12
54	9270.502347	3.928749e-08	8.560000e-01	3.422916e-26
54	8408.436409	3.935417e-08	8.600000e-01	5.586789e-27
54	2526.185546	7.858959e-11	9.560000e-01	2.274074e-24
54	2645.884222	4.036739e-08	8.980000e-01	1.032615e-26
54	3285.716025	4.014019e-08	8.920000e-01	1.216429e-27
54	18221.824230	3.888744e-08	8.240001e-01	1.389518e-26
54	2526.450733	2.135449e-11	8.620000e-01	6.594461e-23
54	2525.320307	2.047233e-10	9.780000e-01	1.265298e-25
54	540.311629	2.273161e-07	9.880001e-01	1.361489e-11
54	3765.153759	4.000760e-08	8.880000e-01	2.431969e-29
54	585.722282	4.374032e-08	9.360000e-01	1.010261e-27
54	2525.654285	1.560629e-10	9.740000e-01	6.166349e-24
54	970.970099	4.186296e-08	9.220000e-01	3.727386e-27
54	540.064677	1.344080e-07	9.800000e-01	1.301018e-11
54	59775.870334	5.167787e-08	8.520000e-01	1.000000e-08
54	539.076079	6.245574e-08	9.580000e-01	7.690601e-12
54	59775.869164	5.167787e-08	8.520000e-01	1.000000e-08
54	9721.563996	3.925590e-08	8.540000e-01	1.034580e-26
54	539.245247	6.931092e-08	9.620000e-01	9.126960e-12
54	6479.056750	3.954470e-08	8.700000e-01	3.476477e-26
54	2097.993583	4.063698e-08	9.040000e-01	6.455782e-28
54	890.861392	4.206004e-08	9.240000e-01	5.512979e-27
54	540.380354	4.725330e-07	9.940001e-01	1.369917e-11
54	7997.090885	3.938941e-08	8.620000e-01	1.718240e-26
54	2453.215748	4.045199e-08	9.000000e-01	4.801311e-27
54	2645.884121	4.036739e-08	8.980000e-01	5.205726e-27
54	35420.692849	4.243899e-08	8.160000e-01	1.000000e-08
54	1504.375979	4.108563e-08	9.120000e-01	1.708830e-27
54	538.828098	4.801251e-08	9.460000e-01	1.818814e-12
54	21847.307654	3.879655e-08	8.140001e-01	1.443356e-25
54	22624.422409	3.877977e-08	8.120001e-01	2.148588e-25
54	5157.040557	3.972760e-08	8.780000e-01	1.728486e-27
