30	17416.491873	1.911278e-08	8.299000e-01	4.891218e-27
30	2457.836443	1.926913e-08	9.034000e-01	1.239286e-26
30	280.783317	2.499586e-08	9.601000e-01	1.082344e-11
30	28820.052838	1.908732e-08	8.005000e-01	7.832871e-26
30	6102.125688	1.918367e-08	8.761000e-01	1.382400e-26
30	14807.587328	1.912208e-08	8.383000e-01	2.794911e-26
30	27878.850519	1.908885e-08	8.026000e-01	1.251643e-25
30	1321.450561	1.259088e-09	9.832000e-01	4.113443e-26
30	31769.954767	1.908295e-08	7.942000e-01	1.542122e-25
30	3370.532071	1.923655e-08	8.950000e-01	2.945859e-27
30	280.871704	2.058399e-08	9.517000e-01	2.115431e-12
30	21066.633267	1.910258e-08	8.194000e-01	9.687525e-26
30	4464.507679	1.921023e-08	8.866000e-01	2.591952e-29
30	283.605410	5.144301e-07	9.979001e-01	2.502336e-11
30	7236.697551	1.917031e-08	8.698000e-01	8.761750e-27
30	28820.052193	1.908732e-08	8.005000e-01	4.277300e-25
30	283.605410	5.144301e-07	9.979001e-01	2.502336e-11
30	3370.531982	1.923655e-08	8.950000e-01	5.491133e-27
30	282.918951	6.034929e-08	9.832000e-01	2.367653e-11
30	41293.433827	2.237205e-08	8.551000e-01	1.000000e-08
30	283.605410	5.144297e-07	9.979001e-01	2.502336e-11
30	280.717684	2.372346e-08	9.580000e-01	8.872229e-12
30	1886.592101	1.929914e-08	9.097000e-01	1.937243e-27
30	33844.786702	1.908020e-08	7.900000e-01	1.133499e-10
30	559.354252	1.948754e-08	9.328000e-01	7.864410e-27
30	283.605410	5.144298e-07	9.979001e-01	2.502336e-11
30	282.918951	6.034929e-08	9.832000e-01	2.367653e-11
30	18823.246554	1.910853e-08	8.257001e-01	5.352883e-26
30	8936.568518	1.915481e-08	8.614000e-01	2.615109e-26
30	281.623888	3.413451e-08	9.706000e-01	1.851222e-11
30	283.605410	5.144299e-07	9.979001e-01	2.502336e-11
30	6845.440094	1.917458e-08	8.719000e-01	2.435332e-26
30	13601.796271	1.912718e-08	8.425000e-01	5.100800e-26
30	282.514221	4.809908e-08	9.790000e-01	2.240574e-11
30	33844.786308	1.908020e-08	7.900000e-01	1.362111e-10
30	34443.607051	1.935165e-08	7.963000e-01	1.000000e-08
30	3626.651141	1.922946e-08	8.929000e-01	2.044269e-26
30	281.623888	3.413451e-08	9.706000e-01	1.851222e-11
30	1336.777602	1.795752e-10	9.538000e-01	8.009831e-25
30	2066.504021	1.928850e-08	9.076000e-01	5.202954e-27
30	32796.343068	1.908156e-08	7.921000e-01	6.944249e-25
30	11378.797989	1.913841e-08	8.509000e-01	2.740756e-26
30	632.993993	1.946212e-08	9.307000e-01	3.392597e-27
30	13022.792838	1.912985e-08	8.446000e-01	1.471134e-26
30	14807.587264	1.912208e-08	8.383000e-01	5.761510e-26
30	32796.343981	1.908156e-08	7.921000e-01	5.898980e-25
30	280.783317	2.499586e-08	9.601000e-01	1.082344e-11
30	282.723237	5.354094e-08	9.811000e-01	2.309467e-11
30	1327.364558	8.219287e-10	9.790000e-01	2.156602e-25
30	8059.300914	1.916226e-08	8.656000e-01	3.185579e-26
30	283.596516	1.632163e-07	9.937000e-01	2.509360e-11
30	283.258175	8.080839e-08	9.874000e-01	2.453213e-11
30	6102.126131	1.918367e-08	8.761000e-01	2.387500e-26
30	1337.871155	6.595470e-11	9.034000e-01	1.623998e-23
30	9869.994161	1.914790e-08	8.572000e-01	8.793753e-26
30	21066.633037	1.910258e-08	8.194000e-01	1.062471e-25
30	16739.036244	1.911500e-08	8.320000e-01	3.345198e-26
30	283.510295	1.218825e-07	9.916000e-01	2.499846e-11
30	282.514221	4.809908e-08	9.790000e-01	2.240574e-11
30	9869.994264	1.914790e-08	8.572000e-01	1.613407e-26
30	27878.843413	1.908885e-08	8.026001e-01	2.523996e-26
30	26958.222179	1.909042e-08	8.047001e-01	2.539648e-25
30	1337.847505	6.960736e-11	9.076000e-01	1.376942e-23
30	1336.307369	2.124673e-10	9.580000e-01	7.215302e-25
30	5409.923893	1.919358e-08	8.803000e-01	4.585460e-26
30	27878.844519	1.908885e-08	8.026001e-01	5.472347e-26
30	283.510295	1.218825e-07	9.916000e-01	2.499846e-11
30	3370.532022	1.923655e-08	8.950000e-01	8.027295e-27
30	8936.568714	1.915481e-08	8.614000e-01	7.641772e-27
30	280.893228	2.641240e-08	9.622000e-01	1.263155e-11
30	5082.565568	1.919888e-08	8.824000e-01	2.139734e-26
30	1335.966267	2.342218e-10	9.601000e-01	1.009586e-24
30	632.993987	1.946212e-08	9.307000e-01	3.506624e-27
30	1327.364558	8.219287e-10	9.790000e-01	9.574220e-27
30	27878.849051	1.908885e-08	8.026000e-01	1.570733e-25
30	281.845570	3.681552e-08	9.727000e-01	1.966308e-11
30	4767.481735	1.920442e-08	8.845000e-01	2.245340e-26
30	6102.125845	1.918367e-08	8.761000e-01	1.835061e-26
30	-1.000000	-1.000000e+00	-1.000000e+00	-1.000000e+00
30	18823.246555	1.910853e-08	8.257001e-01	1.164766e-25
30	2892.125123	1.925192e-08	8.992000e-01	1.404050e-26
30	4173.483810	1.921632e-08	8.887000e-01	1.323836e-26
30	5409.923737	1.919358e-08	8.803000e-01	2.108958e-26
30	2256.872134	1.927852e-08	9.055000e-01	2.193766e-26
30	280.783317	2.499586e-08	9.601000e-01	1.082344e-11
30	10861.112177	1.914146e-08	8.530000e-01	1.080135e-26
30	9396.166556	1.915129e-08	8.593000e-01	1.223654e-26
30	1139.092609	1.936476e-08	9.202000e-01	1.690158e-26
30	3370.532050	1.923655e-08	8.950000e-01	2.495984e-27
30	3894.250335	1.922272e-08	8.908000e-01	5.171298e-27
30	632.994025	1.946212e-08	9.307000e-01	3.764503e-27
30	18823.248338	1.910853e-08	8.257000e-01	4.032716e-25
30	280.783317	2.499586e-08	9.601000e-01	1.082344e-11
30	16078.552980	1.911729e-08	8.341000e-01	6.177772e-27
30	24316.972180	1.909536e-08	8.110001e-01	1.627204e-26
30	280.893228	2.641240e-08	9.622000e-01	1.263155e-11
30	1337.881853	6.426247e-11	9.013000e-01	5.895370e-24
30	438.685800	1.954699e-08	9.370000e-01	1.241058e-27
30	1337.881853	6.426247e-11	9.013000e-01	6.191291e-24
30	26958.219901	1.909042e-08	8.047001e-01	1.442966e-26
30	4767.481372	1.920442e-08	8.845000e-01	4.755869e-26
30	1325.116212	9.934655e-10	9.811000e-01	2.432954e-25
30	6467.307862	1.917903e-08	8.740000e-01	2.422171e-26
30	283.605410	5.144301e-07	9.979001e-01	2.502336e-11
30	1337.463659	1.184547e-10	9.391000e-01	5.100632e-25
30	283.596516	1.632163e-07	9.937000e-01	2.509360e-11
30	14196.655187	1.912459e-08	8.404000e-01	5.556061e-26
30	5409.923616	1.919358e-08	8.803000e-01	1.312930e-27
30	283.510295	1.218825e-07	9.916000e-01	2.499846e-11
30	2892.125294	1.925193e-08	8.992000e-01	1.689869e-27
30	281.411561	3.181362e-08	9.685000e-01	1.723726e-11
30	27878.849816	1.908885e-08	8.026000e-01	1.287962e-25
30	29782.105993	1.908583e-08	7.984000e-01	4.765459e-25
30	24316.975856	1.909536e-08	8.110000e-01	3.131245e-26
30	22653.924956	1.909888e-08	8.152000e-01	4.487761e-26
30	28820.052734	1.908732e-08	8.005000e-01	1.434970e-25
30	26958.221681	1.909042e-08	8.047001e-01	8.083838e-26
30	3894.250577	1.922272e-08	8.908000e-01	4.761022e-26
30	352.715273	1.962161e-08	9.412000e-01	2.034872e-26
30	19553.032731	1.910649e-08	8.236001e-01	8.307939e-27
30	286.801255	1.977762e-08	9.475000e-01	8.944102e-27
30	1337.980581	4.698267e-11	8.719000e-01	2.191946e-23
30	14196.655119	1.912459e-08	8.404000e-01	1.309664e-26
30	4173.483712	1.921632e-08	8.887000e-01	1.008732e-26
30	16078.552315	1.911729e-08	8.341000e-01	3.144123e-26
30	5409.924023	1.919358e-08	8.803000e-01	2.221396e-26
30	16739.036282	1.911500e-08	8.320000e-01	4.260041e-26
30	280.871704	2.058399e-08	9.517000e-01	2.115430e-12
30	9869.994185	1.914790e-08	8.572000e-01	9.509408e-26
30	715.663722	1.943906e-08	9.286000e-01	9.410447e-28
30	3894.250308	1.922272e-08	8.908000e-01	1.999288e-26
30	280.753020	2.153284e-08	9.538000e-01	4.522982e-12
30	16078.552287	1.911729e-08	8.341000e-01	5.768734e-28
30	281.411561	3.181362e-08	9.685000e-01	1.723726e-11
30	17416.492029	1.911278e-08	8.299000e-01	3.573092e-26
30	1338.023843	3.781883e-11	8.467000e-01	6.159238e-24
30	14807.587398	1.912208e-08	8.383000e-01	4.018806e-26
30	1338.001531	4.273195e-11	8.614000e-01	1.475188e-23
30	11378.798029	1.913841e-08	8.509000e-01	7.570928e-27
30	9396.166557	1.915129e-08	8.593000e-01	3.735031e-26
30	280.717684	2.372346e-08	9.580000e-01	8.872229e-12
30	1337.731220	8.618232e-11	9.223000e-01	1.027083e-24
30	32796.344135	1.908156e-08	7.921000e-01	1.109711e-24
30	5409.923914	1.919358e-08	8.803000e-01	9.675758e-27
30	352.715251	1.962161e-08	9.412000e-01	1.848310e-27
30	14807.587490	1.912208e-08	8.383000e-01	1.400029e-26
30	26958.223657	1.909042e-08	8.047000e-01	2.131179e-25
30	20300.742345	1.910451e-08	8.215001e-01	3.795774e-26
30	4464.507623	1.921023e-08	8.866000e-01	3.493874e-26
30	1337.834403	7.158305e-11	9.097000e-01	1.200923e-24
30	27878.842950	1.908885e-08	8.026001e-01	3.321842e-25
30	1337.683573	9.245162e-11	9.265000e-01	5.497030e-24
30	322.452328	1.966653e-08	9.433000e-01	1.352129e-26
30	14196.655390	1.912459e-08	8.404000e-01	4.133685e-27
30	1019.073764	1.938107e-08	9.223000e-01	2.003849e-27
30	5409.923830	1.919358e-08	8.803000e-01	1.650003e-26
30	280.704680	2.257471e-08	9.559000e-01	6.773603e-12
30	27878.843248	1.908885e-08	8.026001e-01	3.152112e-26
30	283.646182	2.469954e-07	9.958001e-01	2.510088e-11
30	322.452347	1.966653e-08	9.433000e-01	1.066143e-26
30	31769.954237	1.908295e-08	7.942000e-01	1.287585e-24
30	13022.793110	1.912985e-08	8.446000e-01	6.216617e-26
30	438.685836	1.954699e-08	9.370000e-01	2.095597e-27
30	2066.504145	1.928850e-08	9.076000e-01	4.046235e-27
30	8491.009566	1.915846e-08	8.635000e-01	1.986992e-26
30	283.646182	2.469954e-07	9.958001e-01	2.510088e-11
30	1329.000512	6.947717e-10	9.769000e-01	7.238064e-26
30	2892.125278	1.925192e-08	8.992000e-01	3.650059e-27
30	283.258176	8.080840e-08	9.874000e-01	2.453213e-11
30	4767.481333	1.920442e-08	8.845000e-01	4.850987e-27
30	8936.568545	1.915481e-08	8.614000e-01	2.860184e-26
30	27878.847402	1.908885e-08	8.026000e-01	1.324554e-25
30	4464.507655	1.921023e-08	8.866000e-01	6.082656e-27
30	4173.483556	1.921632e-08	8.887000e-01	1.359492e-26
30	282.514221	4.809908e-08	9.790000e-01	2.240574e-11
30	32796.343220	1.908156e-08	7.921000e-01	1.176276e-25
30	28820.052768	1.908732e-08	8.005000e-01	3.094011e-26
30	18823.251305	1.910853e-08	8.257000e-01	1.367448e-25
30	281.039479	2.799838e-08	9.643000e-01	1.430064e-11
30	1886.592073	1.929914e-08	9.097000e-01	3.545052e-27
30	4464.507897	1.921023e-08	8.866000e-01	1.960643e-27
30	11911.503053	1.913546e-08	8.488000e-01	9.207912e-27
30	280.783317	2.499586e-08	9.601000e-01	1.082344e-11
30	283.258175	8.080839e-08	9.874000e-01	2.453213e-11
30	286.801254	1.977762e-08	9.475000e-01	1.547563e-26
30	11378.797794	1.913841e-08	8.509000e-01	2.783457e-26
30	2457.836472	1.926913e-08	9.034000e-01	1.004688e-26
30	7236.697799	1.917031e-08	8.698000e-01	1.268069e-26
30	283.098195	6.911145e-08	9.853000e-01	2.415459e-11
30	1557.584522	1.932264e-08	9.139000e-01	1.101487e-26
30	6102.125946	1.918367e-08	8.761000e-01	4.963257e-27
30	494.624306	1.951567e-08	9.349000e-01	4.886564e-27
30	280.717684	2.372346e-08	9.580000e-01	8.872228e-12
30	12459.431991	1.913261e-08	8.467000e-01	2.451721e-26
30	280.871704	2.058399e-08	9.517000e-01	2.115431e-12
30	286.801257	1.977762e-08	9.475000e-01	3.127265e-27
30	6102.125919	1.918367e-08	8.761000e-01	2.826165e-27
30	8491.009219	1.915846e-08	8.635000e-01	6.360403e-26
30	282.918951	6.034929e-08	9.832000e-01	2.367653e-11
30	4767.481517	1.920442e-08	8.845000e-01	2.915254e-26
30	283.098195	6.911146e-08	9.853000e-01	2.415459e-11
30	283.596516	1.632163e-07	9.937000e-01	2.509360e-11
30	32796.343181	1.908156e-08	7.921000e-01	9.809332e-25
30	3370.531871	1.923655e-08	8.950000e-01	1.467681e-26
30	1337.463659	1.184547e-10	9.391000e-01	3.528744e-24
30	28820.052367	1.908732e-08	8.005000e-01	3.812104e-25
30	5749.721358	1.918852e-08	8.782000e-01	7.090790e-26
30	1337.901305	6.111377e-11	8.971000e-01	5.698249e-23
30	28820.052357	1.908732e-08	8.005000e-01	2.605044e-27
30	559.354243	1.948754e-08	9.328000e-01	5.800023e-27
30	1335.525256	2.609237e-10	9.622000e-01	2.389731e-25
30	5082.565879	1.919888e-08	8.824000e-01	1.418236e-26
30	1338.069547	2.558273e-11	7.942000e-01	2.421248e-11
30	280.871704	2.058399e-08	9.517000e-01	2.115430e-12
30	11911.503175	1.913546e-08	8.488000e-01	2.445846e-26
30	22653.922473	1.909888e-08	8.152001e-01	1.720734e-25
30	18823.245396	1.910853e-08	8.257001e-01	3.323289e-26
30	494.624301	1.951567e-08	9.349000e-01	8.033237e-27
30	283.646182	2.469953e-07	9.958000e-01	2.510088e-11
30	1337.656160	9.594404e-11	9.286000e-01	3.871866e-24
30	21850.941107	1.910070e-08	8.173000e-01	2.764291e-26
30	24316.976547	1.909536e-08	8.110000e-01	1.190450e-25
30	29782.106078	1.908583e-08	7.984000e-01	1.624825e-25
30	14807.587266	1.912208e-08	8.383000e-01	1.831899e-26
30	12459.432138	1.913261e-08	8.467000e-01	5.349651e-27
30	2892.125333	1.925192e-08	8.992000e-01	6.948974e-27
30	1337.072387	1.560123e-10	9.496000e-01	6.441361e-25
30	16739.036177	1.911500e-08	8.320000e-01	1.374368e-25
30	1337.463659	1.184547e-10	9.391000e-01	2.255782e-24
30	70494.090154	4.011596e-08	9.937000e-01	1.000000e-08
30	494.624324	1.951567e-08	9.349000e-01	2.183541e-27
30	280.893228	2.641240e-08	9.622000e-01	1.263155e-11
30	283.396377	9.721150e-08	9.895000e-01	2.481235e-11
30	14196.655319	1.912459e-08	8.404000e-01	3.366244e-26
30	13022.792926	1.912985e-08	8.446000e-01	3.028321e-26
30	281.214590	2.978542e-08	9.664000e-01	1.583462e-11
30	632.994053	1.946212e-08	9.307000e-01	1.013319e-26
30	281.039479	2.799838e-08	9.643000e-01	1.430064e-11
30	22653.927711	1.909888e-08	8.152000e-01	1.126560e-25
30	8936.568485	1.915481e-08	8.614000e-01	1.211928e-26
30	1329.000512	6.947717e-10	9.769000e-01	9.268574e-26
30	280.717684	2.372346e-08	9.580000e-01	8.872229e-12
30	300.518757	1.971802e-08	9.454000e-01	9.747664e-27
30	4464.507841	1.921023e-08	8.866000e-01	2.272387e-26
30	3626.651339	1.922946e-08	8.929000e-01	2.030946e-26
30	10358.243821	1.914462e-08	8.551000e-01	4.370315e-26
30	1337.731220	8.618232e-11	9.223000e-01	4.039548e-24
30	2892.125310	1.925192e-08	8.992000e-01	7.794879e-27
30	1338.064049	2.727680e-11	8.005000e-01	3.411044e-22
30	280.783317	2.499586e-08	9.601000e-01	1.082344e-11
30	280.753020	2.153284e-08	9.538000e-01	4.522982e-12
30	3370.532017	1.923655e-08	8.950000e-01	1.343362e-26
30	33844.786655	1.908020e-08	7.900000e-01	1.173684e-10
30	20300.746195	1.910451e-08	8.215000e-01	1.551697e-25
30	4464.507767	1.921023e-08	8.866000e-01	3.746800e-26
30	26958.223662	1.909042e-08	8.047000e-01	2.280179e-25
30	283.258176	8.080840e-08	9.874000e-01	2.453213e-11
30	283.596516	1.632163e-07	9.937000e-01	2.509360e-11
30	283.510295	1.218825e-07	9.916000e-01	2.499846e-11
30	300.518760	1.971802e-08	9.454000e-01	7.452301e-27
30	11378.797949	1.913841e-08	8.509000e-01	2.186255e-26
30	4767.481444	1.920442e-08	8.845000e-01	1.661332e-26
30	21850.934290	1.910070e-08	8.173001e-01	1.030667e-25
30	281.411561	3.181362e-08	9.685000e-01	1.723726e-11
30	1716.997795	1.931049e-08	9.118000e-01	5.372096e-27
30	283.510295	1.218825e-07	9.916000e-01	2.499846e-11
30	281.623888	3.413451e-08	9.706000e-01	1.851222e-11
30	283.605410	5.144298e-07	9.979001e-01	2.502336e-11
30	1139.092553	1.936476e-08	9.202000e-01	4.012762e-29
30	807.484641	1.941802e-08	9.265000e-01	9.096015e-27
30	559.354228	1.948754e-08	9.328000e-01	6.147637e-27
30	21850.938960	1.910070e-08	8.173000e-01	3.231254e-25
30	1337.731220	8.618232e-11	9.223000e-01	4.828395e-24
30	8491.009264	1.915846e-08	8.635000e-01	1.373811e-26
30	283.596516	1.632163e-07	9.937000e-01	2.509360e-11
30	1337.834403	7.158305e-11	9.097000e-01	8.546453e-24
30	559.354212	1.948754e-08	9.328000e-01	1.465545e-26
30	1337.980581	4.698267e-11	8.719000e-01	2.097206e-23
30	300.518754	1.971802e-08	9.454000e-01	2.977734e-26
30	14196.655284	1.912459e-08	8.404000e-01	1.076818e-26
30	33844.786541	1.908020e-08	7.900000e-01	1.289020e-10
30	13022.793019	1.912985e-08	8.446000e-01	2.574149e-26
30	-1.000000	-1.000000e+00	-1.000000e+00	-1.000000e+00
30	632.994055	1.946212e-08	9.307000e-01	3.371721e-27
30	30765.308157	1.908437e-08	7.963000e-01	4.021998e-25
30	908.579855	1.939877e-08	9.244000e-01	3.712580e-27
30	3894.250335	1.922272e-08	8.908000e-01	1.214903e-26
30	280.871704	2.058399e-08	9.517000e-01	2.115430e-12
30	1337.910163	5.964622e-11	8.950000e-01	2.935902e-24
30	7236.697457	1.917031e-08	8.698000e-01	6.791567e-27
30	2256.872015	1.927852e-08	9.055000e-01	6.591927e-27
30	494.624297	1.951567e-08	9.349000e-01	2.706820e-27
30	494.624312	1.951567e-08	9.349000e-01	4.024160e-27
30	283.596516	1.632163e-07	9.937000e-01	2.509360e-11
30	3125.739947	1.924403e-08	8.971000e-01	3.677520e-27
30	33844.786525	1.908020e-08	7.900000e-01	1.256933e-10
30	352.715264	1.962161e-08	9.412000e-01	1.779523e-26
30	280.753020	2.153284e-08	9.538000e-01	4.522982e-12
30	283.258176	8.080840e-08	9.874000e-01	2.453213e-11
30	1336.307369	2.124673e-10	9.580000e-01	2.176365e-25
30	281.411561	3.181362e-08	9.685000e-01	1.723726e-11
30	281.411561	3.181362e-08	9.685000e-01	1.723726e-11
30	31769.954247	1.908295e-08	7.942000e-01	1.200111e-25
30	8936.568948	1.915481e-08	8.614000e-01	6.950783e-26
30	11911.502845	1.913546e-08	8.488000e-01	1.119834e-26
30	8059.300688	1.916226e-08	8.656000e-01	9.598176e-27
30	3894.250528	1.922272e-08	8.908000e-01	9.196126e-27
30	2892.125285	1.925192e-08	8.992000e-01	1.796777e-26
30	25177.562998	1.909367e-08	8.089000e-01	1.452882e-25
30	281.411561	3.181362e-08	9.685000e-01	1.723726e-11
30	18111.146523	1.911063e-08	8.278000e-01	3.674553e-26
30	283.596516	1.632163e-07	9.937000e-01	2.509360e-11
30	19553.032170	1.910649e-08	8.236001e-01	2.033120e-25
30	21066.631906	1.910258e-08	8.194000e-01	2.334932e-25
30	10861.111968	1.914146e-08	8.530000e-01	4.077619e-27
30	1336.940953	1.668951e-10	9.517000e-01	1.958821e-24
30	16739.036331	1.911500e-08	8.320000e-01	3.763125e-26
30	21066.632053	1.910258e-08	8.194000e-01	9.729782e-26
30	3125.739876	1.924403e-08	8.971000e-01	8.167420e-27
30	283.596516	1.632163e-07	9.937000e-01	2.509360e-11
30	1337.752050	8.335582e-11	9.202000e-01	2.968864e-24
30	632.994055	1.946212e-08	9.307000e-01	1.392634e-26
30	2066.504037	1.928850e-08	9.076000e-01	3.516664e-27
30	3894.250555	1.922272e-08	8.908000e-01	1.899339e-26
30	7236.697501	1.917031e-08	8.698000e-01	1.690242e-26
30	26057.891471	1.909203e-08	8.068000e-01	4.135772e-26
30	18111.147448	1.911063e-08	8.278000e-01	1.147889e-25
30	5749.721104	1.918852e-08	8.782000e-01	1.079017e-26
30	7641.257936	1.916620e-08	8.677000e-01	2.217782e-26
30	494.624358	1.951567e-08	9.349000e-01	9.276716e-27
30	283.605410	5.144301e-07	9.979001e-01	2.502336e-11
30	280.783317	2.499586e-08	9.601000e-01	1.082344e-11
30	1139.092588	1.936476e-08	9.202000e-01	1.443209e-26
30	5409.923851	1.919358e-08	8.803000e-01	3.346671e-27
30	1337.910163	5.964622e-11	8.950000e-01	8.052700e-24
30	32796.341011	1.908156e-08	7.921000e-01	2.070908e-24
30	281.623888	3.413451e-08	9.706000e-01	1.851222e-11
30	1337.731220	8.618232e-11	9.223000e-01	4.723451e-24
30	1337.656160	9.594404e-11	9.286000e-01	5.399408e-24
30	281.039479	2.799838e-08	9.643000e-01	1.430064e-11
30	282.723237	5.354094e-08	9.811000e-01	2.309467e-11
30	8936.568857	1.915481e-08	8.614000e-01	1.718306e-26
30	33844.786178	1.908020e-08	7.900000e-01	1.686963e-10
30	280.717684	2.372346e-08	9.580000e-01	8.872229e-12
30	10861.112080	1.914146e-08	8.530000e-01	2.987153e-26
30	286.801251	1.977762e-08	9.475000e-01	5.640561e-27
30	32796.344021	1.908156e-08	7.921000e-01	4.903416e-24
30	283.596516	1.632163e-07	9.937000e-01	2.509360e-11
30	21850.939752	1.910070e-08	8.173000e-01	2.308030e-25
30	283.258176	8.080840e-08	9.874000e-01	2.453213e-11
30	8059.300804	1.916226e-08	8.656000e-01	2.594438e-26
30	1337.708484	8.920663e-11	9.244000e-01	2.653427e-24
30	286.801255	1.977762e-08	9.475000e-01	1.566914e-26
30	282.918951	6.034929e-08	9.832000e-01	2.367653e-11
30	282.514221	4.809908e-08	9.790000e-01	2.240574e-11
30	2066.504082	1.928850e-08	9.076000e-01	3.256808e-27
30	21066.630985	1.910258e-08	8.194000e-01	2.147076e-27
30	18111.142009	1.911063e-08	8.278001e-01	7.567327e-27
30	1337.708484	8.920662e-11	9.244000e-01	7.447451e-24
30	18111.142081	1.911063e-08	8.278001e-01	1.776896e-25
30	9396.166737	1.915129e-08	8.593000e-01	2.948960e-27
30	12459.432278	1.913261e-08	8.467000e-01	4.321040e-26
30	283.510295	1.218825e-07	9.916000e-01	2.499846e-11
30	286.801253	1.977762e-08	9.475000e-01	3.112255e-26
30	908.579818	1.939877e-08	9.244000e-01	4.555404e-27
30	1337.847505	6.960736e-11	9.076000e-01	2.873582e-23
30	5749.721288	1.918852e-08	8.782000e-01	1.623063e-26
30	283.605410	5.144299e-07	9.979001e-01	2.502336e-11
30	1338.064049	2.727680e-11	8.005000e-01	6.880923e-22
30	281.411561	3.181362e-08	9.685000e-01	1.723726e-11
30	1338.066361	2.656336e-11	7.963000e-01	1.217060e-22
30	1335.966267	2.342218e-10	9.601000e-01	5.747547e-25
30	32796.341353	1.908156e-08	7.921000e-01	9.590341e-25
30	1337.554430	1.082507e-10	9.349000e-01	8.245187e-24
30	3370.531907	1.923655e-08	8.950000e-01	1.381651e-26
30	8059.301019	1.916226e-08	8.656000e-01	1.244204e-26
30	18111.142201	1.911063e-08	8.278001e-01	3.384232e-26
30	14196.655270	1.912459e-08	8.404000e-01	7.496863e-27
30	28820.053160	1.908732e-08	8.005000e-01	3.989020e-25
30	352.715262	1.962161e-08	9.412000e-01	1.526288e-27
30	29782.106017	1.908583e-08	7.984000e-01	4.515361e-27
30	1337.708484	8.920662e-11	9.244000e-01	2.371124e-23
30	4767.481667	1.920442e-08	8.845000e-01	2.759354e-26
30	26057.884135	1.909203e-08	8.068001e-01	2.605188e-25
30	715.663667	1.943906e-08	9.286000e-01	8.862231e-27
30	8059.300933	1.916226e-08	8.656000e-01	2.946567e-26
30	22653.921747	1.909888e-08	8.152001e-01	3.333065e-25
30	1337.975743	4.792471e-11	8.740000e-01	3.942006e-23
30	2256.871979	1.927852e-08	9.055000e-01	1.550722e-26
30	26057.885184	1.909202e-08	8.068001e-01	7.313538e-27
30	31769.953980	1.908295e-08	7.942000e-01	7.632654e-26
30	1337.554430	1.082507e-10	9.349000e-01	9.188052e-25
30	282.723237	5.354094e-08	9.811000e-01	2.309467e-11
30	16739.035764	1.911500e-08	8.320000e-01	1.783943e-25
30	12459.432266	1.913261e-08	8.467000e-01	7.306244e-26
30	34443.607079	1.935165e-08	7.963000e-01	1.000000e-08
30	4767.481314	1.920442e-08	8.845000e-01	3.196380e-27
30	22653.925933	1.909888e-08	8.152000e-01	2.652727e-25
30	280.783317	2.499586e-08	9.601000e-01	1.082344e-11
30	438.685787	1.954699e-08	9.370000e-01	9.550849e-27
30	281.845569	3.681552e-08	9.727000e-01	1.966308e-11
30	14807.587172	1.912208e-08	8.383000e-01	4.635946e-26
30	286.801257	1.977762e-08	9.475000e-01	9.453271e-27
30	1337.554430	1.082507e-10	9.349000e-01	4.287462e-24
30	18111.145616	1.911063e-08	8.278000e-01	1.099885e-25
30	26958.224336	1.909042e-08	8.047000e-01	2.076211e-25
30	1337.656160	9.594405e-11	9.286000e-01	6.158260e-24
30	6845.439998	1.917458e-08	8.719000e-01	2.659450e-26
30	12459.432322	1.913261e-08	8.467000e-01	1.536862e-25
30	2256.872039	1.927852e-08	9.055000e-01	7.294779e-27
30	14807.587336	1.912208e-08	8.383000e-01	2.598595e-26
30	12459.432310	1.913261e-08	8.467000e-01	3.117663e-27
30	34443.607003	1.935165e-08	7.963000e-01	1.000000e-08
30	3894.250297	1.922272e-08	8.908000e-01	3.050932e-26
30	282.295496	4.365048e-08	9.769000e-01	2.160641e-11
30	26958.222444	1.909042e-08	8.047000e-01	3.175242e-25
30	5409.923882	1.919358e-08	8.803000e-01	2.902753e-26
30	23475.846817	1.909710e-08	8.131001e-01	6.463132e-26
30	1337.834403	7.158305e-11	9.097000e-01	8.393610e-24
30	2457.836478	1.926913e-08	9.034000e-01	5.843932e-27
30	18823.245950	1.910853e-08	8.257001e-01	2.102891e-26
30	38823.170924	2.129337e-08	8.362000e-01	1.000000e-08
30	9869.994257	1.914790e-08	8.572000e-01	2.273892e-26
30	1337.269063	1.382657e-10	9.454000e-01	4.507710e-24
30	14807.587090	1.912208e-08	8.383000e-01	2.170731e-26
30	16078.552204	1.911729e-08	8.341000e-01	7.326766e-26
30	26958.221352	1.909042e-08	8.047001e-01	1.619460e-25
30	283.605410	5.144302e-07	9.979001e-01	2.502336e-11
30	28820.053136	1.908732e-08	8.005000e-01	7.906353e-27
30	280.704680	2.257471e-08	9.559000e-01	6.773604e-12
30	3125.739934	1.924403e-08	8.971000e-01	9.611380e-27
30	7236.697799	1.917031e-08	8.698000e-01	1.137748e-26
30	1337.891885	6.265077e-11	8.992000e-01	3.396749e-23
30	1337.752050	8.335582e-11	9.202000e-01	7.820239e-24
30	1557.584667	1.932264e-08	9.139000e-01	2.304898e-26
30	3370.531885	1.923655e-08	8.950000e-01	8.672691e-27
30	21066.632333	1.910258e-08	8.194000e-01	2.588450e-26
30	1338.038334	3.433575e-11	8.341000e-01	1.175700e-22
30	5749.721180	1.918852e-08	8.782000e-01	1.535259e-26
30	1268.764027	1.934966e-08	9.181000e-01	2.963601e-27
30	4767.481575	1.920442e-08	8.845000e-01	3.891892e-26
30	18823.246213	1.910853e-08	8.257001e-01	6.215020e-26
30	1337.463659	1.184547e-10	9.391000e-01	2.746937e-24
30	13601.795923	1.912718e-08	8.425000e-01	3.411026e-26
30	2669.539496	1.926028e-08	9.013000e-01	2.064519e-26
30	22653.927777	1.909888e-08	8.152000e-01	4.617219e-26
30	1336.940953	1.668951e-10	9.517000e-01	1.221869e-24
30	10861.111899	1.914146e-08	8.530000e-01	6.241975e-26
30	5409.923966	1.919358e-08	8.803000e-01	3.735123e-26
30	1408.217690	1.933566e-08	9.160000e-01	4.900421e-27
30	8059.301013	1.916226e-08	8.656000e-01	2.598092e-26
30	281.411561	3.181362e-08	9.685000e-01	1.723726e-11
30	4767.481502	1.920442e-08	8.845000e-01	8.222442e-27
30	11378.797797	1.913841e-08	8.509000e-01	5.721673e-26
30	282.723237	5.354094e-08	9.811000e-01	2.309467e-11
30	1139.092555	1.936476e-08	9.202000e-01	1.656057e-26
30	1019.073703	1.938107e-08	9.223000e-01	6.292999e-27
30	6467.307763	1.917903e-08	8.740000e-01	1.021433e-26
30	19553.030603	1.910649e-08	8.236001e-01	1.601232e-25
30	11378.797910	1.913841e-08	8.509000e-01	1.493597e-26
30	21850.940821	1.910070e-08	8.173000e-01	2.006046e-25
30	1338.054596	3.003774e-11	8.152000e-01	2.598970e-22
30	14196.655239	1.912459e-08	8.404000e-01	4.350860e-26
30	7641.257707	1.916620e-08	8.677000e-01	5.029426e-26
30	1886.592248	1.929914e-08	9.097000e-01	3.191776e-26
30	282.918951	6.034929e-08	9.832000e-01	2.367653e-11
30	17416.492206	1.911278e-08	8.299000e-01	6.958462e-26
30	23475.846238	1.909710e-08	8.131001e-01	1.636233e-25
30	12459.432215	1.913261e-08	8.467000e-01	7.251899e-27
30	281.411561	3.181362e-08	9.685000e-01	1.723726e-11
30	16078.552828	1.911729e-08	8.341000e-01	2.079418e-27
30	281.214590	2.978542e-08	9.664000e-01	1.583462e-11
30	4173.483676	1.921632e-08	8.887000e-01	6.077296e-27
30	26958.226746	1.909042e-08	8.047000e-01	1.568930e-25
30	5409.923741	1.919358e-08	8.803000e-01	3.737350e-27
30	1337.834403	7.158305e-11	9.097000e-01	6.321267e-24
30	280.704680	2.257471e-08	9.559000e-01	6.773603e-12
30	280.704680	2.257471e-08	9.559000e-01	6.773603e-12
30	3125.740025	1.924403e-08	8.971000e-01	1.283541e-26
30	6102.125840	1.918367e-08	8.761000e-01	2.528908e-27
30	21850.937972	1.910070e-08	8.173000e-01	8.837824e-26
30	14807.587329	1.912208e-08	8.383000e-01	1.208090e-26
30	8936.568825	1.915481e-08	8.614000e-01	7.186062e-26
30	715.663692	1.943906e-08	9.286000e-01	5.279132e-27
30	16739.035747	1.911500e-08	8.320000e-01	1.530091e-25
30	3894.250381	1.922272e-08	8.908000e-01	8.871267e-27
30	632.993987	1.946212e-08	9.307000e-01	1.013495e-26
30	4173.483774	1.921632e-08	8.887000e-01	3.469224e-28
30	282.918951	6.034929e-08	9.832000e-01	2.367653e-11
30	280.704680	2.257471e-08	9.559000e-01	6.773604e-12
30	807.484659	1.941802e-08	9.265000e-01	3.242986e-27
30	1886.592178	1.929914e-08	9.097000e-01	9.414355e-27
30	632.993996	1.946212e-08	9.307000e-01	1.105124e-27
30	4767.481691	1.920442e-08	8.845000e-01	1.672575e-26
30	14196.655391	1.912459e-08	8.404000e-01	9.767853e-26
30	280.783317	2.499586e-08	9.601000e-01	1.082344e-11
30	11911.503142	1.913546e-08	8.488000e-01	1.900616e-26
30	8491.009530	1.915846e-08	8.635000e-01	1.027621e-25
30	23475.845909	1.909710e-08	8.131001e-01	9.608868e-26
30	1886.592096	1.929914e-08	9.097000e-01	2.880882e-27
30	281.039479	2.799838e-08	9.643000e-01	1.430064e-11
30	281.411561	3.181362e-08	9.685000e-01	1.723726e-11
30	1139.092474	1.936476e-08	9.202000e-01	1.629794e-26
30	20300.745684	1.910451e-08	8.215000e-01	1.900471e-25
30	1327.364558	8.219287e-10	9.790000e-01	3.953339e-25
30	7641.257942	1.916620e-08	8.677000e-01	5.716459e-27
30	283.605410	5.144298e-07	9.979001e-01	2.502336e-11
30	280.783317	2.499586e-08	9.601000e-01	1.082344e-11
30	25177.561477	1.909367e-08	8.089001e-01	2.719367e-25
30	7641.258124	1.916620e-08	8.677000e-01	8.557085e-27
30	18111.144242	1.911063e-08	8.278000e-01	1.295016e-25
30	283.646182	2.469954e-07	9.958001e-01	2.510088e-11
30	2256.872068	1.927852e-08	9.055000e-01	6.869026e-27
30	1337.910163	5.964622e-11	8.950000e-01	5.982508e-24
30	34443.606888	1.935165e-08	7.963000e-01	1.000000e-08
30	280.893228	2.641240e-08	9.622000e-01	1.263155e-11
30	4173.483891	1.921632e-08	8.887000e-01	8.633612e-27
30	13022.792885	1.912985e-08	8.446000e-01	1.091802e-25
30	1337.592142	1.038027e-10	9.328000e-01	7.322577e-24
30	2256.872015	1.927852e-08	9.055000e-01	4.641470e-28
30	300.518752	1.971802e-08	9.454000e-01	2.387648e-26
30	8491.009353	1.915846e-08	8.635000e-01	2.583253e-26
30	38823.170979	2.129337e-08	8.362000e-01	1.000000e-08
30	322.452342	1.966653e-08	9.433000e-01	7.096415e-27
30	2256.872103	1.927852e-08	9.055000e-01	4.002178e-26
30	21066.629021	1.910258e-08	8.194000e-01	3.668712e-26
30	1336.940953	1.668951e-10	9.517000e-01	3.858074e-27
30	11378.797940	1.913841e-08	8.509000e-01	7.879138e-26
30	14196.655335	1.912459e-08	8.404000e-01	1.873599e-26
30	5749.721002	1.918852e-08	8.782000e-01	1.085377e-26
30	283.258175	8.080839e-08	9.874000e-01	2.453213e-11
30	1335.525256	2.609237e-10	9.622000e-01	1.080413e-24
30	4767.481590	1.920442e-08	8.845000e-01	5.139778e-26
30	4173.483757	1.921632e-08	8.887000e-01	1.754840e-26
30	1337.463659	1.184547e-10	9.391000e-01	3.389962e-24
30	281.623888	3.413451e-08	9.706000e-01	1.851222e-11
30	6102.126008	1.918367e-08	8.761000e-01	2.176870e-27
30	1268.764027	1.934966e-08	9.181000e-01	1.013542e-27
30	7641.257585	1.916620e-08	8.677000e-01	2.254818e-26
30	280.893228	2.641240e-08	9.622000e-01	1.263155e-11
30	9396.166770	1.915129e-08	8.593000e-01	3.813192e-26
30	4173.483569	1.921632e-08	8.887000e-01	1.128722e-26
30	352.715255	1.962161e-08	9.412000e-01	7.905212e-27
30	20300.745623	1.910451e-08	8.215000e-01	1.061974e-26
30	3894.250593	1.922272e-08	8.908000e-01	1.181407e-26
30	280.704680	2.257471e-08	9.559000e-01	6.773603e-12
30	281.214590	2.978542e-08	9.664000e-01	1.583462e-11
30	16739.036522	1.911500e-08	8.320000e-01	1.332454e-25
30	1335.966267	2.342218e-10	9.601000e-01	3.097067e-24
30	1335.966267	2.342218e-10	9.601000e-01	2.406618e-26
30	9396.166609	1.915129e-08	8.593000e-01	1.326971e-26
30	16739.036522	1.911500e-08	8.320000e-01	9.458722e-27
30	14196.655209	1.912459e-08	8.404000e-01	1.823425e-25
30	8936.568727	1.915481e-08	8.614000e-01	1.197351e-26
30	5409.923898	1.919358e-08	8.803000e-01	1.000729e-26
30	22653.927419	1.909888e-08	8.152000e-01	5.581610e-26
30	1337.788861	7.821992e-11	9.160000e-01	7.078000e-24
30	1337.656160	9.594405e-11	9.286000e-01	1.141274e-24
30	807.484619	1.941802e-08	9.265000e-01	3.370782e-27
30	21850.939855	1.910070e-08	8.173000e-01	1.706587e-25
30	3894.250489	1.922272e-08	8.908000e-01	3.063739e-26
30	283.510295	1.218825e-07	9.916000e-01	2.499846e-11
30	2066.504048	1.928850e-08	9.076000e-01	2.591358e-26
30	391.421476	1.958206e-08	9.391000e-01	3.367106e-27
30	2457.836396	1.926913e-08	9.034000e-01	2.721852e-26
30	283.596516	1.632163e-07	9.937000e-01	2.509360e-11
30	23475.846004	1.909710e-08	8.131001e-01	2.559430e-25
30	14196.654992	1.912459e-08	8.404000e-01	7.128109e-28
30	2892.125174	1.925192e-08	8.992000e-01	6.682238e-27
30	280.717684	2.372346e-08	9.580000e-01	8.872228e-12
30	5082.565899	1.919888e-08	8.824000e-01	3.187232e-26
30	10861.112156	1.914146e-08	8.530000e-01	2.776201e-26
30	14807.587070	1.912208e-08	8.383000e-01	8.744197e-28
30	280.893228	2.641240e-08	9.622000e-01	1.263155e-11
30	22653.921730	1.909888e-08	8.152001e-01	1.879120e-26
30	2457.836530	1.926913e-08	9.034000e-01	3.704591e-27
30	1408.217598	1.933566e-08	9.160000e-01	2.339456e-26
30	283.605410	5.144297e-07	9.979001e-01	2.502336e-11
30	32796.343257	1.908156e-08	7.921000e-01	5.524245e-25
30	1886.592233	1.929914e-08	9.097000e-01	2.347695e-26
30	26958.219923	1.909042e-08	8.047001e-01	4.846566e-25
30	281.214590	2.978542e-08	9.664000e-01	1.583462e-11
30	281.623888	3.413451e-08	9.706000e-01	1.851222e-11
30	3370.531953	1.923655e-08	8.950000e-01	4.002728e-27
30	31769.954808	1.908295e-08	7.942000e-01	5.051587e-25
30	282.071107	3.994660e-08	9.748000e-01	2.069332e-11
30	21850.935074	1.910070e-08	8.173001e-01	5.789416e-26
30	280.704680	2.257471e-08	9.559000e-01	6.773603e-12
30	23475.847814	1.909710e-08	8.131001e-01	6.400507e-27
30	1337.788861	7.821991e-11	9.160000e-01	1.009999e-23
30	6467.307763	1.917903e-08	8.740000e-01	2.022507e-26
30	1338.005161	4.196318e-11	8.593000e-01	6.743674e-23
30	283.596516	1.632163e-07	9.937000e-01	2.509360e-11
30	283.605410	5.144299e-07	9.979001e-01	2.502336e-11
30	281.186936	1.984739e-08	9.496000e-01	1.065992e-25
30	391.421459	1.958206e-08	9.391000e-01	1.214798e-26
30	71826.247565	4.178534e-08	9.979000e-01	1.000000e-08
30	283.596516	1.632163e-07	9.937000e-01	2.509360e-11
30	1019.073806	1.938107e-08	9.223000e-01	9.108480e-28
30	438.685810	1.954699e-08	9.370000e-01	4.756300e-27
30	715.663708	1.943906e-08	9.286000e-01	3.226123e-28
30	9869.994264	1.914790e-08	8.572000e-01	3.932938e-26
30	9869.994069	1.914790e-08	8.572000e-01	2.778102e-26
30	2066.504076	1.928850e-08	9.076000e-01	3.347122e-28
30	16078.552821	1.911729e-08	8.341000e-01	2.547318e-26
30	19553.034352	1.910649e-08	8.236000e-01	5.907789e-27
30	283.510295	1.218825e-07	9.916000e-01	2.499846e-11
30	283.605410	5.144302e-07	9.979001e-01	2.502336e-11
30	26958.223724	1.909042e-08	8.047000e-01	3.673489e-25
30	12459.432157	1.913261e-08	8.467000e-01	3.790803e-26
30	10358.243949	1.914462e-08	8.551000e-01	3.681221e-26
30	37085.050627	2.052982e-08	8.214999e-01	1.000000e-08
30	19553.032319	1.910649e-08	8.236001e-01	3.153934e-26
30	8491.009656	1.915846e-08	8.635000e-01	4.640249e-26
30	1338.042441	3.329461e-11	8.299000e-01	1.877518e-22
30	9869.994170	1.914790e-08	8.572000e-01	3.924702e-26
30	13601.796073	1.912718e-08	8.425000e-01	3.625674e-27
30	3370.531985	1.923655e-08	8.950000e-01	5.882105e-27
30	282.071107	3.994660e-08	9.748000e-01	2.069332e-11
30	5749.721115	1.918852e-08	8.782000e-01	2.584689e-26
30	1334.962463	2.938604e-10	9.643000e-01	5.024276e-26
30	281.623888	3.413451e-08	9.706000e-01	1.851222e-11
30	438.685798	1.954699e-08	9.370000e-01	1.317849e-26
30	1337.511934	1.131129e-10	9.370000e-01	2.631673e-24
30	283.258176	8.080840e-08	9.874000e-01	2.453213e-11
30	282.071107	3.994660e-08	9.748000e-01	2.069332e-11
30	34443.606948	1.935165e-08	7.963000e-01	1.000000e-08
30	283.646182	2.469954e-07	9.958001e-01	2.510088e-11
30	41293.433833	2.237205e-08	8.551000e-01	1.000000e-08
30	1139.092546	1.936476e-08	9.202000e-01	3.395108e-27
30	494.624305	1.951567e-08	9.349000e-01	4.121204e-27
30	352.715252	1.962161e-08	9.412000e-01	1.663604e-27
30	632.994048	1.946212e-08	9.307000e-01	4.029045e-27
30	10358.243955	1.914462e-08	8.551000e-01	1.210156e-26
30	32796.341126	1.908156e-08	7.921000e-01	2.319778e-24
30	14807.587343	1.912208e-08	8.383000e-01	1.650575e-27
30	21066.633291	1.910258e-08	8.194000e-01	1.036729e-25
30	559.354208	1.948754e-08	9.328000e-01	2.132787e-27
30	38823.170956	2.129337e-08	8.362000e-01	1.000000e-08
30	24316.969555	1.909536e-08	8.110001e-01	4.708553e-26
30	280.717684	2.372346e-08	9.580000e-01	8.872228e-12
30	32796.342422	1.908156e-08	7.921000e-01	3.266570e-25
30	281.214590	2.978542e-08	9.664000e-01	1.583462e-11
30	38823.170875	2.129337e-08	8.362000e-01	1.000000e-08
30	1337.656160	9.594405e-11	9.286000e-01	2.817048e-24
30	1338.061577	2.802187e-11	8.047000e-01	1.000724e-22
30	438.685789	1.954699e-08	9.370000e-01	2.031893e-27
30	1337.918504	5.824336e-11	8.929000e-01	3.160962e-23
30	5409.923840	1.919358e-08	8.803000e-01	7.676055e-26
30	33844.782751	1.908020e-08	7.900000e-01	6.941096e-20
30	23475.853288	1.909710e-08	8.131000e-01	9.578566e-26
30	9869.994133	1.914790e-08	8.572000e-01	4.252189e-26
30	16739.035745	1.911500e-08	8.320000e-01	7.145353e-26
30	281.411561	3.181362e-08	9.685000e-01	1.723726e-11
30	22653.927010	1.909888e-08	8.152000e-01	9.822888e-26
30	9396.166743	1.915129e-08	8.593000e-01	7.111923e-27
30	1337.683573	9.245162e-11	9.265000e-01	2.799531e-24
30	3370.531826	1.923655e-08	8.950000e-01	1.361281e-26
30	18111.144041	1.911063e-08	8.278000e-01	3.398308e-26
30	11378.797961	1.913841e-08	8.509000e-01	5.817078e-26
30	282.918951	6.034929e-08	9.832000e-01	2.367653e-11
30	1557.584682	1.932264e-08	9.139000e-01	5.383673e-27
30	280.717684	2.372346e-08	9.580000e-01	8.872228e-12
30	14807.587182	1.912208e-08	8.383000e-01	5.763319e-26
30	21066.631119	1.910258e-08	8.194000e-01	6.220155e-26
30	28820.052871	1.908732e-08	8.005000e-01	3.932519e-25
30	17416.491971	1.911278e-08	8.299000e-01	1.277213e-25
30	16078.552736	1.911729e-08	8.341000e-01	8.492440e-26
30	41293.433774	2.237205e-08	8.551000e-01	1.000000e-08
30	1408.217584	1.933566e-08	9.160000e-01	2.182691e-27
30	3125.739910	1.924403e-08	8.971000e-01	5.479667e-26
30	2457.836539	1.926913e-08	9.034000e-01	7.221074e-27
30	281.186935	1.984739e-08	9.496000e-01	8.011970e-26
30	1338.001531	4.273195e-11	8.614000e-01	3.906567e-23
30	2256.872070	1.927852e-08	9.055000e-01	1.299726e-26
30	10358.243767	1.914462e-08	8.551000e-01	7.947068e-26
30	25177.558517	1.909367e-08	8.089001e-01	1.027904e-26
30	494.624351	1.951567e-08	9.349000e-01	3.115204e-27
30	1337.891885	6.265077e-11	8.992000e-01	4.392421e-24
30	807.484663	1.941802e-08	9.265000e-01	2.483781e-27
30	1557.584645	1.932264e-08	9.139000e-01	8.623870e-27
30	19553.035770	1.910649e-08	8.236000e-01	3.657435e-26
30	7236.697464	1.917031e-08	8.698000e-01	7.859177e-27
30	2457.836313	1.926913e-08	9.034000e-01	1.223327e-26
30	19553.035035	1.910649e-08	8.236000e-01	1.812150e-25
30	3370.531786	1.923655e-08	8.950000e-01	7.887878e-27
30	1408.217561	1.933566e-08	9.160000e-01	3.633464e-27
30	32796.342612	1.908156e-08	7.921000e-01	8.386053e-25
30	27878.843646	1.908885e-08	8.026001e-01	7.218405e-25
30	280.704680	2.257471e-08	9.559000e-01	6.773604e-12
30	6845.440063	1.917458e-08	8.719000e-01	6.552991e-26
30	21066.632735	1.910258e-08	8.194000e-01	8.327001e-26
30	283.596516	1.632163e-07	9.937000e-01	2.509360e-11
30	38823.170878	2.129337e-08	8.362000e-01	1.000000e-08
30	1336.571370	1.945449e-10	9.559000e-01	4.389994e-25
30	12459.432225	1.913261e-08	8.467000e-01	3.459979e-27
30	8936.568505	1.915481e-08	8.614000e-01	3.231232e-26
30	24316.970398	1.909536e-08	8.110001e-01	9.506387e-26
30	1139.092550	1.936476e-08	9.202000e-01	9.508076e-27
30	3125.740113	1.924403e-08	8.971000e-01	1.741201e-26
30	24316.973688	1.909536e-08	8.110000e-01	3.503010e-26
30	3370.531872	1.923655e-08	8.950000e-01	9.221211e-27
30	281.186935	1.984739e-08	9.496000e-01	9.198339e-26
30	1408.217580	1.933566e-08	9.160000e-01	2.051794e-27
30	2892.125110	1.925192e-08	8.992000e-01	1.249339e-26
30	1337.980581	4.698267e-11	8.719000e-01	5.642824e-24
30	14196.655098	1.912459e-08	8.404000e-01	1.175638e-25
30	19553.035628	1.910649e-08	8.236000e-01	2.179228e-25
30	391.421454	1.958206e-08	9.391000e-01	3.095637e-27
30	38823.170941	2.129337e-08	8.362000e-01	1.000000e-08
30	3125.739971	1.924403e-08	8.971000e-01	3.254497e-27
30	715.663732	1.943906e-08	9.286000e-01	1.064101e-26
30	7236.697519	1.917031e-08	8.698000e-01	1.420704e-26
30	13022.792758	1.912985e-08	8.446000e-01	4.899690e-26
30	7236.697805	1.917031e-08	8.698000e-01	2.888900e-26
30	280.893228	2.641240e-08	9.622000e-01	1.263155e-11
30	22653.925305	1.909888e-08	8.152000e-01	1.183417e-25
30	282.723237	5.354094e-08	9.811000e-01	2.309467e-11
30	11378.797805	1.913841e-08	8.509000e-01	5.916766e-27
30	281.623888	3.413451e-08	9.706000e-01	1.851222e-11
30	322.452345	1.966653e-08	9.433000e-01	3.123536e-27
30	1337.463659	1.184547e-10	9.391000e-01	1.234701e-23
30	5749.721375	1.918852e-08	8.782000e-01	2.593683e-26
30	1019.073726	1.938107e-08	9.223000e-01	6.834608e-27
30	18823.250681	1.910853e-08	8.257000e-01	1.312012e-25
30	283.510295	1.218825e-07	9.916000e-01	2.499846e-11
30	1557.584597	1.932264e-08	9.139000e-01	2.942310e-26
30	632.994032	1.946212e-08	9.307000e-01	8.897510e-27
30	14807.587160	1.912208e-08	8.383000e-01	6.876454e-26
30	1886.592166	1.929914e-08	9.097000e-01	1.616160e-27
30	5082.565723	1.919888e-08	8.824000e-01	6.845805e-26
30	1337.918504	5.824336e-11	8.929000e-01	1.048217e-23
30	280.717684	2.372346e-08	9.580000e-01	8.872229e-12
30	4173.483851	1.921632e-08	8.887000e-01	2.450977e-26
30	352.715254	1.962161e-08	9.412000e-01	1.688769e-26
30	1139.092558	1.936476e-08	9.202000e-01	1.783136e-26
30	1337.980581	4.698267e-11	8.719000e-01	2.014845e-23
30	11378.797855	1.913841e-08	8.509000e-01	7.178193e-26
30	6845.440370	1.917458e-08	8.719000e-01	2.447160e-27
30	2892.125232	1.925192e-08	8.992000e-01	8.071502e-27
30	1268.764053	1.934966e-08	9.181000e-01	6.335786e-27
30	281.214590	2.978542e-08	9.664000e-01	1.583462e-11
30	1408.217592	1.933566e-08	9.160000e-01	4.398354e-27
30	280.704680	2.257471e-08	9.559000e-01	6.773602e-12
30	300.518752	1.971802e-08	9.454000e-01	5.758585e-27
30	908.579788	1.939877e-08	9.244000e-01	9.128651e-28
30	31769.954146	1.908295e-08	7.942000e-01	4.503871e-25
30	14807.587210	1.912208e-08	8.383000e-01	1.859434e-26
30	24316.970693	1.909536e-08	8.110001e-01	6.301950e-26
30	16078.552577	1.911729e-08	8.341000e-01	2.697316e-26
30	24316.971547	1.909536e-08	8.110001e-01	3.197329e-25
30	281.845570	3.681552e-08	9.727000e-01	1.966308e-11
30	283.258176	8.080840e-08	9.874000e-01	2.453213e-11
30	16739.036532	1.911500e-08	8.320000e-01	3.174383e-26
30	13601.796110	1.912718e-08	8.425000e-01	9.714001e-27
30	18823.247364	1.910853e-08	8.257000e-01	7.293408e-26
30	8936.568596	1.915481e-08	8.614000e-01	1.162152e-26
30	9869.994208	1.914790e-08	8.572000e-01	2.316372e-26
30	1337.625847	9.971533e-11	9.307000e-01	2.892013e-24
30	16078.552473	1.911729e-08	8.341000e-01	3.006017e-26
30	10358.243950	1.914462e-08	8.551000e-01	1.494294e-26
30	10358.243875	1.914462e-08	8.551000e-01	9.613587e-27
30	6467.307845	1.917903e-08	8.740000e-01	4.530669e-27
30	283.646182	2.469954e-07	9.958000e-01	2.510088e-11
30	1716.997764	1.931049e-08	9.118000e-01	6.029560e-27
30	391.421461	1.958206e-08	9.391000e-01	9.651926e-28
30	280.783317	2.499586e-08	9.601000e-01	1.082344e-11
30	25177.558351	1.909367e-08	8.089001e-01	9.419660e-26
30	38823.171004	2.129337e-08	8.362000e-01	1.000000e-08
30	281.411561	3.181362e-08	9.685000e-01	1.723726e-11
30	27878.846612	1.908885e-08	8.026000e-01	1.757050e-25
30	25177.559907	1.909367e-08	8.089001e-01	3.408751e-25
30	38823.170989	2.129337e-08	8.362000e-01	1.000000e-08
30	1335.966267	2.342218e-10	9.601000e-01	1.268451e-24
30	5749.721467	1.918852e-08	8.782000e-01	2.591648e-27
30	280.871704	2.058399e-08	9.517000e-01	2.115431e-12
30	16739.036234	1.911500e-08	8.320000e-01	1.177110e-25
30	9869.994136	1.914790e-08	8.572000e-01	1.259488e-26
30	7236.697433	1.917031e-08	8.698000e-01	8.537956e-27
30	1557.584520	1.932264e-08	9.139000e-01	3.726255e-27
30	8491.009529	1.915846e-08	8.635000e-01	3.959415e-26
30	21066.626368	1.910258e-08	8.194001e-01	1.333235e-25
30	15434.812359	1.911965e-08	8.362000e-01	2.225155e-26
30	1337.708484	8.920663e-11	9.244000e-01	1.999649e-23
30	19553.036890	1.910649e-08	8.236000e-01	1.133557e-25
30	3626.651432	1.922946e-08	8.929000e-01	1.164244e-26
30	4173.483904	1.921632e-08	8.887000e-01	2.229207e-27
30	715.663677	1.943906e-08	9.286000e-01	5.883757e-27
30	3894.250308	1.922272e-08	8.908000e-01	2.489175e-26
30	34443.606926	1.935165e-08	7.963000e-01	1.000000e-08
30	352.715273	1.962161e-08	9.412000e-01	1.683836e-27
30	3125.740103	1.924403e-08	8.971000e-01	2.028874e-26
30	283.510295	1.218825e-07	9.916000e-01	2.499846e-11
30	4464.507860	1.921023e-08	8.866000e-01	2.460427e-26
30	8936.568759	1.915481e-08	8.614000e-01	1.173901e-26
30	438.685824	1.954699e-08	9.370000e-01	4.611265e-27
30	282.071107	3.994660e-08	9.748000e-01	2.069332e-11
30	14807.587308	1.912208e-08	8.383000e-01	9.423084e-26
30	6467.307845	1.917903e-08	8.740000e-01	1.057867e-26
30	12459.432104	1.913261e-08	8.467000e-01	7.658347e-27
30	283.646182	2.469954e-07	9.958001e-01	2.510088e-11
30	28820.052103	1.908732e-08	8.005000e-01	1.715845e-25
30	283.596516	1.632163e-07	9.937000e-01	2.509360e-11
30	1337.910163	5.964622e-11	8.950000e-01	1.369056e-23
30	322.452344	1.966653e-08	9.433000e-01	1.525802e-26
30	1408.217670	1.933566e-08	9.160000e-01	2.640623e-27
30	283.646182	2.469954e-07	9.958000e-01	2.510088e-11
30	15434.812367	1.911965e-08	8.362000e-01	4.038045e-26
30	1337.463659	1.184547e-10	9.391000e-01	6.402315e-24
30	1337.771201	8.070739e-11	9.181000e-01	8.725001e-24
30	1337.859729	6.773393e-11	9.055000e-01	3.395547e-24
30	1408.217660	1.933566e-08	9.160000e-01	1.572874e-27
30	22653.925056	1.909888e-08	8.152000e-01	6.599533e-26
30	37085.050889	2.052982e-08	8.214999e-01	1.000000e-08
30	22653.926437	1.909888e-08	8.152000e-01	1.450430e-26
30	1337.820333	7.367004e-11	9.118000e-01	3.731396e-23
30	1408.217580	1.933566e-08	9.160000e-01	8.904565e-27
30	283.396377	9.721151e-08	9.895000e-01	2.481235e-11
30	21066.627849	1.910258e-08	8.194001e-01	1.173848e-25
30	38823.170998	2.129337e-08	8.362000e-01	1.000000e-08
30	-1.000000	-1.000000e+00	-1.000000e+00	-1.000000e+00
30	3370.531890	1.923655e-08	8.950000e-01	4.071809e-27
30	494.624297	1.951567e-08	9.349000e-01	1.268076e-26
30	16739.036283	1.911500e-08	8.320000e-01	2.299857e-26
30	391.421463	1.958206e-08	9.391000e-01	1.817318e-27
30	4173.483542	1.921632e-08	8.887000e-01	1.182266e-26
30	5749.721099	1.918852e-08	8.782000e-01	1.510436e-26
30	1337.625847	9.971533e-11	9.307000e-01	1.271780e-24
30	28820.052257	1.908732e-08	8.005000e-01	4.547548e-25
30	16739.036435	1.911500e-08	8.320000e-01	2.975949e-26
30	18823.248454	1.910853e-08	8.257000e-01	3.609267e-27
30	8936.568897	1.915481e-08	8.614000e-01	4.542338e-26
30	281.186936	1.984739e-08	9.496000e-01	6.502686e-26
30	1557.584509	1.932264e-08	9.139000e-01	9.455809e-28
30	1139.092618	1.936476e-08	9.202000e-01	3.170386e-27
30	11911.503193	1.913546e-08	8.488000e-01	2.421158e-26
30	13022.793042	1.912985e-08	8.446000e-01	3.922275e-26
30	1337.881853	6.426247e-11	9.013000e-01	1.597239e-23
30	33844.782747	1.908020e-08	7.900000e-01	8.431736e-20
30	7236.697383	1.917031e-08	8.698000e-01	4.241605e-26
30	8936.568882	1.915481e-08	8.614000e-01	1.281095e-26
30	283.646182	2.469953e-07	9.958000e-01	2.510088e-11
30	4464.508009	1.921023e-08	8.866000e-01	3.161116e-26
30	283.396377	9.721151e-08	9.895000e-01	2.481235e-11
30	3125.740103	1.924403e-08	8.971000e-01	1.527524e-26
30	283.396377	9.721151e-08	9.895000e-01	2.481235e-11
30	2457.836379	1.926913e-08	9.034000e-01	5.069852e-27
30	2066.504111	1.928850e-08	9.076000e-01	1.621654e-27
30	28820.052411	1.908732e-08	8.005000e-01	1.863093e-25
30	6102.125784	1.918367e-08	8.761000e-01	1.939202e-26
30	280.717684	2.372346e-08	9.580000e-01	8.872229e-12
30	18111.146421	1.911063e-08	8.278000e-01	1.230378e-26
30	283.510295	1.218825e-07	9.916000e-01	2.499846e-11
30	4464.507730	1.921023e-08	8.866000e-01	2.620142e-26
30	13601.796159	1.912718e-08	8.425000e-01	6.283867e-26
30	18111.147700	1.911063e-08	8.278000e-01	4.556438e-26
30	5749.721245	1.918852e-08	8.782000e-01	2.965787e-26
30	5082.565824	1.919888e-08	8.824000e-01	1.716961e-27
30	38823.170925	2.129337e-08	8.362000e-01	1.000000e-08
30	283.605410	5.144300e-07	9.979001e-01	2.502336e-11
30	41293.433789	2.237205e-08	8.551000e-01	1.000000e-08
30	280.783317	2.499586e-08	9.601000e-01	1.082344e-11
30	283.258176	8.080841e-08	9.874000e-01	2.453213e-11
30	19553.033560	1.910649e-08	8.236000e-01	4.741461e-26
30	1019.073786	1.938107e-08	9.223000e-01	3.197422e-27
30	281.411561	3.181362e-08	9.685000e-01	1.723726e-11
30	14807.587217	1.912208e-08	8.383000e-01	1.527346e-25
30	1334.962463	2.938605e-10	9.643000e-01	7.892789e-25
30	1337.834403	7.158305e-11	9.097000e-01	5.657396e-24
30	16078.552690	1.911729e-08	8.341000e-01	4.181915e-26
30	19553.037201	1.910649e-08	8.236000e-01	1.858403e-25
30	2669.539448	1.926028e-08	9.013000e-01	1.488827e-26
30	5082.565753	1.919888e-08	8.824000e-01	1.905035e-26
30	280.783317	2.499586e-08	9.601000e-01	1.082344e-11
30	4767.481618	1.920442e-08	8.845000e-01	4.742286e-27
30	13022.793093	1.912985e-08	8.446000e-01	5.709997e-26
30	283.605410	5.144298e-07	9.979001e-01	2.502336e-11
30	280.704680	2.257471e-08	9.559000e-01	6.773602e-12
30	24316.972783	1.909536e-08	8.110000e-01	1.802103e-25
30	282.514221	4.809908e-08	9.790000e-01	2.240574e-11
30	283.510295	1.218825e-07	9.916000e-01	2.499846e-11
30	7641.257905	1.916620e-08	8.677000e-01	1.625902e-27
30	10861.112155	1.914146e-08	8.530000e-01	3.514812e-26
30	1337.901305	6.111377e-11	8.971000e-01	8.211457e-24
30	1408.217604	1.933566e-08	9.160000e-01	3.977881e-27
30	1337.463659	1.184547e-10	9.391000e-01	2.912585e-24
30	3894.250462	1.922272e-08	8.908000e-01	1.153873e-26
30	1321.450561	1.259088e-09	9.832000e-01	5.792390e-26
30	280.893228	2.641240e-08	9.622000e-01	1.263155e-11
30	908.579792	1.939877e-08	9.244000e-01	2.510040e-27
30	1337.592142	1.038027e-10	9.328000e-01	1.517124e-25
30	5409.923914	1.919358e-08	8.803000e-01	8.634945e-27
30	12459.432341	1.913261e-08	8.467000e-01	1.272033e-25
30	283.258176	8.080840e-08	9.874000e-01	2.453213e-11
30	23475.848077	1.909710e-08	8.131001e-01	1.911585e-25
30	22653.926826	1.909888e-08	8.152000e-01	1.686893e-25
30	7641.258009	1.916620e-08	8.677000e-01	7.634531e-27
30	632.994041	1.946212e-08	9.307000e-01	9.018850e-28
30	14196.655038	1.912459e-08	8.404000e-01	2.353634e-26
30	19553.034443	1.910649e-08	8.236000e-01	9.592043e-26
30	391.421464	1.958206e-08	9.391000e-01	1.122049e-27
30	281.623888	3.413451e-08	9.706000e-01	1.851222e-11
30	1338.023843	3.781883e-11	8.467000e-01	9.707991e-23
30	13601.795885	1.912718e-08	8.425000e-01	5.539586e-26
30	1139.092615	1.936476e-08	9.202000e-01	5.660210e-27
30	6102.125627	1.918367e-08	8.761000e-01	4.213232e-27
30	1337.683573	9.245162e-11	9.265000e-01	5.881909e-24
30	41293.433790	2.237205e-08	8.551000e-01	1.000000e-08
30	283.098195	6.911146e-08	9.853000e-01	2.415459e-11
30	6102.126137	1.918367e-08	8.761000e-01	1.373397e-26
30	283.596516	1.632163e-07	9.937000e-01	2.509360e-11
30	3370.531836	1.923655e-08	8.950000e-01	3.565498e-26
30	281.845569	3.681552e-08	9.727000e-01	1.966308e-11
30	25177.561194	1.909367e-08	8.089001e-01	7.585437e-26
30	1337.179845	1.465608e-10	9.475000e-01	3.471273e-25
30	1336.571370	1.945449e-10	9.559000e-01	1.127724e-24
30	1408.217590	1.933566e-08	9.160000e-01	1.810245e-26
30	283.646182	2.469954e-07	9.958001e-01	2.510088e-11
30	280.753020	2.153284e-08	9.538000e-01	4.522981e-12
30	33844.786126	1.908020e-08	7.900000e-01	1.758160e-10
30	281.623888	3.413451e-08	9.706000e-01	1.851222e-11
30	283.098195	6.911146e-08	9.853000e-01	2.415459e-11
30	1337.708484	8.920662e-11	9.244000e-01	6.541517e-24
30	1335.525256	2.609237e-10	9.622000e-01	1.327860e-25
30	283.646182	2.469954e-07	9.958001e-01	2.510088e-11
30	281.623888	3.413451e-08	9.706000e-01	1.851222e-11
30	1139.092542	1.936476e-08	9.202000e-01	1.249730e-26
30	6467.308192	1.917903e-08	8.740000e-01	2.162460e-26
30	283.396377	9.721150e-08	9.895000e-01	2.481235e-11
30	391.421464	1.958206e-08	9.391000e-01	3.826408e-27
30	11378.797808	1.913841e-08	8.509000e-01	1.282863e-26
30	715.663682	1.943906e-08	9.286000e-01	9.739781e-27
30	27878.843833	1.908885e-08	8.026001e-01	1.198836e-25
30	7641.257911	1.916620e-08	8.677000e-01	4.999109e-26
30	32796.341392	1.908156e-08	7.921000e-01	1.138110e-24
30	29782.105390	1.908583e-08	7.984000e-01	4.459491e-25
30	300.518755	1.971802e-08	9.454000e-01	2.584199e-26
30	1337.834403	7.158305e-11	9.097000e-01	1.728635e-23
30	2892.125313	1.925192e-08	8.992000e-01	1.106534e-26
30	1337.592142	1.038027e-10	9.328000e-01	7.080239e-24
30	29782.105894	1.908583e-08	7.984000e-01	1.955432e-25
30	281.214590	2.978542e-08	9.664000e-01	1.583462e-11
30	1338.008629	4.121849e-11	8.572000e-01	6.451670e-23
30	22653.924581	1.909888e-08	8.152000e-01	3.866008e-26
30	1337.554430	1.082507e-10	9.349000e-01	6.831783e-25
30	280.783317	2.499586e-08	9.601000e-01	1.082344e-11
30	283.605410	5.144300e-07	9.979001e-01	2.502336e-11
30	14196.655241	1.912459e-08	8.404000e-01	6.849990e-26
30	5409.923731	1.919358e-08	8.803000e-01	6.289136e-27
30	7641.257675	1.916620e-08	8.677000e-01	4.744972e-27
30	283.098195	6.911145e-08	9.853000e-01	2.415459e-11
30	281.411561	3.181362e-08	9.685000e-01	1.723726e-11
30	14196.655304	1.912459e-08	8.404000e-01	4.144724e-26
30	21066.628003	1.910258e-08	8.194001e-01	8.018413e-26
30	14196.655385	1.912459e-08	8.404000e-01	3.592090e-26
30	21850.934520	1.910070e-08	8.173001e-01	1.186346e-26
30	19553.032784	1.910649e-08	8.236001e-01	1.292459e-25
30	1268.764081	1.934966e-08	9.181000e-01	4.407526e-26
30	26958.224962	1.909042e-08	8.047000e-01	3.290360e-25
30	29782.105151	1.908583e-08	7.984000e-01	4.234960e-26
30	20300.742201	1.910451e-08	8.215001e-01	2.073364e-26
30	7641.258002	1.916620e-08	8.677000e-01	3.535991e-28
30	3894.250339	1.922272e-08	8.908000e-01	1.198763e-26
30	2256.871951	1.927852e-08	9.055000e-01	8.347138e-27
30	18111.143293	1.911063e-08	8.278001e-01	5.706089e-26
30	283.605410	5.144297e-07	9.979001e-01	2.502336e-11
30	27878.851131	1.908885e-08	8.026000e-01	3.909273e-26
30	16739.035717	1.911500e-08	8.320000e-01	5.924186e-26
30	280.871704	2.058399e-08	9.517000e-01	2.115430e-12
30	283.396377	9.721150e-08	9.895000e-01	2.481235e-11
30	9396.166535	1.915129e-08	8.593000e-01	2.097481e-26
30	6102.126031	1.918367e-08	8.761000e-01	4.049854e-27
30	41293.433811	2.237205e-08	8.551000e-01	1.000000e-08
30	19553.031292	1.910649e-08	8.236001e-01	4.209110e-26
30	4464.507707	1.921023e-08	8.866000e-01	8.427876e-27
30	280.783317	2.499586e-08	9.601000e-01	1.082344e-11
30	632.993986	1.946212e-08	9.307000e-01	2.145594e-26
30	283.605410	5.144298e-07	9.979001e-01	2.502336e-11
30	21066.627926	1.910258e-08	8.194001e-01	2.272589e-26
30	7236.697476	1.917031e-08	8.698000e-01	3.414833e-26
30	16078.552503	1.911729e-08	8.341000e-01	8.840496e-27
30	282.723237	5.354094e-08	9.811000e-01	2.309467e-11
30	34443.607013	1.935165e-08	7.963000e-01	1.000000e-08
30	1338.021058	3.845883e-11	8.488000e-01	5.962303e-23
30	281.845570	3.681552e-08	9.727000e-01	1.966308e-11
30	26057.891587	1.909203e-08	8.068000e-01	1.739854e-25
30	69204.086992	3.869822e-08	9.895000e-01	1.000000e-08
30	13022.793132	1.912985e-08	8.446000e-01	3.638241e-27
30	27878.849786	1.908885e-08	8.026000e-01	3.751439e-25
30	9396.166456	1.915129e-08	8.593000e-01	4.558819e-26
30	10358.243868	1.914462e-08	8.551000e-01	1.074506e-26
30	27878.848875	1.908885e-08	8.026000e-01	5.093323e-26
30	6102.125806	1.918367e-08	8.761000e-01	4.884689e-27
30	31769.954038	1.908295e-08	7.942000e-01	2.599803e-25
30	9869.994076	1.914790e-08	8.572000e-01	1.345870e-26
30	41293.433770	2.237205e-08	8.551000e-01	1.000000e-08
30	41293.433798	2.237205e-08	8.551000e-01	1.000000e-08
30	13022.792883	1.912985e-08	8.446000e-01	1.055781e-25
30	1268.763986	1.934966e-08	9.181000e-01	4.435787e-27
30	283.646182	2.469953e-07	9.958000e-01	2.510088e-11
