20	410.947790	1.638359e-08	8.572000e-01	1.401994e-27
20	18367.270767	1.663797e-08	6.837998e-01	1.000000e-08
20	3130.582955	1.622350e-08	7.790000e-01	2.838973e-26
20	13992.238749	1.615849e-08	6.804000e-01	1.613483e-25
20	4809.509199	1.620149e-08	7.552000e-01	6.147012e-26
20	5999.645339	1.619128e-08	7.416000e-01	2.175967e-26
20	12310.991962	1.616284e-08	6.906000e-01	2.088310e-25
20	19147.922156	1.739217e-08	7.178000e-01	1.000000e-08
20	220.384617	1.478424e-07	9.864000e-01	3.635292e-11
20	5382.070404	1.619620e-08	7.484000e-01	3.162813e-26
20	215.605622	2.952099e-08	9.354000e-01	2.815468e-11
20	1108.000248	5.006883e-11	7.212000e-01	2.148939e-23
20	19481.668759	1.771487e-08	7.314000e-01	1.000000e-08
20	2736.018127	1.623102e-08	7.858000e-01	2.112841e-26
20	5090.297255	1.619880e-08	7.518000e-01	2.070224e-26
20	211.313139	1.882296e-08	9.014000e-01	1.006868e-11
20	300.522386	1.642949e-08	8.674000e-01	6.294539e-27
20	8966.251198	1.617452e-08	7.144000e-01	1.147054e-25
20	220.384617	1.478424e-07	9.864000e-01	3.635292e-11
20	2551.836645	1.623503e-08	7.892000e-01	3.528804e-26
20	19397.048250	1.763300e-08	7.280000e-01	1.000000e-08
20	220.084906	9.765955e-08	9.796000e-01	3.625943e-11
20	18075.666866	1.635568e-08	6.702002e-01	1.000000e-08
20	1043.574155	1.629492e-08	8.266000e-01	1.053648e-26
20	4279.857015	1.620718e-08	7.620000e-01	2.409884e-26
20	8966.251180	1.617452e-08	7.144000e-01	1.643965e-26
20	1100.394934	4.429867e-10	9.218000e-01	9.530568e-26
20	1897.813641	1.625307e-08	8.028000e-01	2.521595e-27
20	220.249933	1.176875e-07	9.830000e-01	3.633821e-11
20	18004.543890	1.628673e-08	6.668002e-01	1.000000e-08
20	5685.095281	1.619370e-08	7.450000e-01	1.100566e-26
20	214.317192	1.654258e-08	8.844000e-01	2.899098e-26
20	17864.399250	1.615074e-08	6.600002e-01	1.000000e-08
20	211.642177	1.954113e-08	9.048000e-01	1.246320e-11
20	218.828841	5.232028e-08	9.626000e-01	3.481242e-11
20	19313.220695	1.755193e-08	7.246000e-01	1.000000e-08
20	1107.267498	8.650025e-11	8.096000e-01	6.973226e-25
20	5382.070404	1.619620e-08	7.484000e-01	5.084782e-26
20	212.009310	2.031454e-08	9.082000e-01	1.471536e-11
20	210.765773	1.657383e-08	8.878000e-01	9.500728e-26
20	410.947780	1.638359e-08	8.572000e-01	2.627708e-27
20	1897.813641	1.625307e-08	8.028000e-01	4.484152e-27
20	300.522398	1.642949e-08	8.674000e-01	4.043027e-27
20	10306.253495	1.616923e-08	7.042000e-01	1.751042e-25
20	703.109008	1.632770e-08	8.402000e-01	7.735563e-27
20	633.271821	1.633732e-08	8.436000e-01	1.237308e-26
20	218.497192	4.779936e-08	9.592000e-01	3.429314e-11
20	215.605622	2.952099e-08	9.354000e-01	2.815468e-11
20	300.522392	1.642949e-08	8.674000e-01	2.705155e-27
20	210.625056	1.694870e-08	8.912000e-01	1.973414e-12
20	211.313139	1.882296e-08	9.014000e-01	1.006868e-11
20	1754.037643	1.625814e-08	8.062000e-01	9.217592e-27
20	212.831859	2.205318e-08	9.150000e-01	1.881248e-11
20	219.890264	8.338513e-08	9.762000e-01	3.611402e-11
20	510.966472	1.635872e-08	8.504000e-01	8.108316e-27
20	211.029112	1.815457e-08	8.980000e-01	7.526306e-12
20	368.980184	1.639760e-08	8.606000e-01	5.878631e-27
20	4030.491691	1.621019e-08	7.654000e-01	1.974951e-26
20	219.890264	8.338513e-08	9.762000e-01	3.611402e-11
20	4030.492056	1.621019e-08	7.654000e-01	2.567306e-26
20	220.084906	9.765955e-08	9.796000e-01	3.625943e-11
20	458.235186	1.637067e-08	8.538000e-01	2.001806e-26
20	2551.836638	1.623503e-08	7.892000e-01	3.361232e-26
20	211.313139	1.882296e-08	9.014000e-01	1.006868e-11
20	12817.286518	9.890700e-09	7.314000e-01	4.218277e-27
20	2551.836646	1.623503e-08	7.892000e-01	2.509717e-26
20	18670.524211	1.693106e-08	6.974000e-01	1.000000e-08
20	5685.095331	1.619370e-08	7.450000e-01	3.224100e-26
20	1107.652745	6.842091e-11	7.756000e-01	1.765160e-23
20	217.364039	3.786524e-08	9.490000e-01	3.222349e-11
20	220.549771	6.422345e-07	9.966001e-01	3.603747e-11
20	219.135024	5.774885e-08	9.660000e-01	3.525131e-11
20	4030.491917	1.621019e-08	7.654000e-01	1.536264e-26
20	217.763104	4.070153e-08	9.524000e-01	3.300168e-11
20	214.198653	2.526976e-08	9.252000e-01	2.400678e-11
20	220.384617	1.478424e-07	9.864000e-01	3.635292e-11
20	213.275189	2.303419e-08	9.184000e-01	2.066657e-11
20	212.009310	2.031454e-08	9.082000e-01	1.471536e-11
20	1106.428015	1.237479e-10	8.504000e-01	2.137042e-24
20	5685.095316	1.619370e-08	7.450000e-01	2.884628e-26
20	18147.496541	1.642527e-08	6.736002e-01	1.000000e-08
20	5685.095361	1.619370e-08	7.450000e-01	1.326434e-26
20	860.834047	1.631028e-08	8.334000e-01	4.142839e-26
20	218.141423	4.397634e-08	9.558000e-01	3.369055e-11
20	219.890264	8.338513e-08	9.762000e-01	3.611402e-11
20	5685.095384	1.619370e-08	7.450000e-01	3.074510e-26
20	18367.271497	1.663797e-08	6.837998e-01	1.000000e-08
20	1252.514892	1.628129e-08	8.198000e-01	3.364902e-27
20	219.135024	5.774885e-08	9.660000e-01	3.525131e-11
20	5685.095295	1.619370e-08	7.450000e-01	3.142828e-26
20	778.916550	1.631870e-08	8.368000e-01	4.602657e-26
20	18441.987032	1.671021e-08	6.872001e-01	1.000000e-08
20	18670.524518	1.693106e-08	6.974000e-01	1.000000e-08
20	18004.544185	1.628673e-08	6.668002e-01	1.000000e-08
20	1102.536294	3.114605e-10	9.082000e-01	1.454442e-25
20	219.666608	7.269463e-08	9.728000e-01	3.589934e-11
20	510.966474	1.635872e-08	8.504000e-01	1.042320e-26
20	18293.298242	1.656641e-08	6.804002e-01	1.000000e-08
20	1095.335887	7.962075e-10	9.422000e-01	1.993868e-25
20	11785.264144	1.616437e-08	6.940001e-01	7.016504e-26
20	211.313139	1.882296e-08	9.014000e-01	1.006868e-11
20	210.765773	1.657383e-08	8.878000e-01	9.177953e-27
20	215.139339	2.796040e-08	9.320000e-01	2.688216e-11
20	215.605622	2.952099e-08	9.354000e-01	2.815468e-11
20	1367.197101	1.627503e-08	8.164000e-01	3.135963e-26
20	222.291321	1.651486e-08	8.810000e-01	1.736917e-26
20	11785.266008	1.616437e-08	6.940000e-01	2.502533e-25
20	1107.315152	8.432957e-11	8.062000e-01	5.873699e-25
20	8966.251631	1.617452e-08	7.144000e-01	5.731517e-26
20	860.834036	1.631028e-08	8.334000e-01	3.203374e-27
20	251.924612	1.646784e-08	8.742000e-01	2.746984e-27
20	219.135024	5.774885e-08	9.660000e-01	3.525131e-11
20	220.249933	1.176875e-07	9.830000e-01	3.633821e-11
20	949.004431	1.630236e-08	8.300000e-01	1.183526e-26
20	219.135024	5.774885e-08	9.660000e-01	3.525131e-11
20	2551.836633	1.623503e-08	7.892000e-01	2.542575e-26
20	1617.791159	1.626348e-08	8.096000e-01	5.992405e-27
20	5090.297266	1.619880e-08	7.518000e-01	4.083928e-26
20	214.198653	2.526976e-08	9.252000e-01	2.400678e-11
20	215.139339	2.796040e-08	9.320000e-01	2.688216e-11
20	4030.492568	1.621019e-08	7.654000e-01	2.347161e-26
20	219.890264	8.338513e-08	9.762000e-01	3.611402e-11
20	19397.048250	1.763300e-08	7.280000e-01	1.000000e-08
20	1105.335531	1.727326e-10	8.776000e-01	2.089433e-24
20	219.135024	5.774885e-08	9.660000e-01	3.525131e-11
20	211.029112	1.815457e-08	8.980000e-01	7.526305e-12
20	10306.253541	1.616923e-08	7.042000e-01	2.582737e-27
20	1107.217295	8.877383e-11	8.130000e-01	4.920797e-24
20	214.198653	2.526976e-08	9.252000e-01	2.400678e-11
20	234.791823	1.649009e-08	8.776000e-01	6.444293e-27
20	1103.398892	2.657873e-10	9.014000e-01	7.729047e-25
20	212.407949	2.114946e-08	9.116000e-01	1.683022e-11
20	215.605622	2.952099e-08	9.354000e-01	2.815468e-11
20	3791.114344	1.621332e-08	7.688000e-01	3.340086e-26
20	11276.169028	1.616595e-08	6.974000e-01	1.322390e-25
20	1107.360423	8.225452e-11	8.028000e-01	8.645845e-24
20	1104.676903	2.032942e-10	8.878000e-01	1.862313e-24
20	212.407949	2.114946e-08	9.116000e-01	1.683022e-11
20	214.198653	2.526976e-08	9.252000e-01	2.400678e-11
20	633.271825	1.633732e-08	8.436000e-01	4.646555e-27
20	4279.857015	1.620718e-08	7.620000e-01	3.254883e-27
20	219.666608	7.269463e-08	9.728000e-01	3.589934e-11
20	2736.018106	1.623102e-08	7.858000e-01	4.128845e-27
20	212.009310	2.031454e-08	9.082000e-01	1.471536e-11
20	214.317194	1.654258e-08	8.844000e-01	5.565923e-26
20	5090.297150	1.619880e-08	7.518000e-01	5.320070e-26
20	18670.524538	1.693106e-08	6.974000e-01	1.000000e-08
20	222.291318	1.651486e-08	8.810000e-01	4.424786e-27
20	2551.836641	1.623503e-08	7.892000e-01	9.133609e-26
20	19230.180160	1.747166e-08	7.212000e-01	1.000000e-08
20	2551.836642	1.623503e-08	7.892000e-01	6.587627e-28
20	3561.488612	1.621658e-08	7.722000e-01	5.223816e-26
20	213.275189	2.303419e-08	9.184000e-01	2.066657e-11
20	569.268685	1.634763e-08	8.470000e-01	4.736161e-27
20	10783.297025	1.616757e-08	7.008001e-01	9.679248e-26
20	11276.168681	1.616595e-08	6.974001e-01	2.406784e-25
20	214.317192	1.654258e-08	8.844000e-01	2.100507e-26
20	273.797912	1.644774e-08	8.708000e-01	1.404795e-26
20	219.135024	5.774885e-08	9.660000e-01	3.525131e-11
20	214.669040	2.655012e-08	9.286000e-01	2.550072e-11
20	17168.575150	1.615194e-08	6.634000e-01	7.488702e-25
20	214.669040	2.655012e-08	9.286000e-01	2.550072e-11
20	3130.582398	1.622350e-08	7.790000e-01	9.173079e-27
20	251.924618	1.646784e-08	8.742000e-01	2.423949e-27
20	10306.253655	1.616923e-08	7.042000e-01	4.711290e-26
20	251.924611	1.646784e-08	8.742000e-01	8.420590e-27
20	217.763104	4.070153e-08	9.524000e-01	3.300168e-11
20	220.487475	1.984819e-07	9.898000e-01	3.630608e-11
20	18441.987013	1.671021e-08	6.872001e-01	1.000000e-08
20	10306.253501	1.616923e-08	7.042000e-01	1.504027e-26
20	4809.509159	1.620149e-08	7.552000e-01	1.079758e-26
20	18293.298025	1.656641e-08	6.804002e-01	1.000000e-08
20	1102.048837	3.389537e-10	9.116000e-01	5.650364e-25
20	17934.123608	1.621842e-08	6.634002e-01	1.000000e-08
20	18593.603641	1.685674e-08	6.940000e-01	1.000000e-08
20	2928.864309	1.622718e-08	7.824000e-01	6.414404e-26
20	18517.424768	1.678313e-08	6.906000e-01	1.000000e-08
20	5382.070318	1.619620e-08	7.484000e-01	6.270091e-26
20	3130.582803	1.622350e-08	7.790000e-01	5.672581e-27
20	219.666608	7.269463e-08	9.728000e-01	3.589934e-11
20	3341.385073	1.621997e-08	7.756000e-01	4.482868e-27
20	368.980196	1.639760e-08	8.606000e-01	1.813467e-26
20	1106.096661	1.384227e-10	8.606000e-01	1.990394e-24
20	633.271810	1.633732e-08	8.436000e-01	7.619040e-27
20	1104.106706	2.305653e-10	8.946000e-01	7.776295e-25
20	19313.220684	1.755193e-08	7.246000e-01	1.000000e-08
20	210.625056	1.694870e-08	8.912000e-01	1.973415e-12
20	1754.037611	1.625814e-08	8.062000e-01	5.449384e-27
20	1144.693047	1.628791e-08	8.232000e-01	1.366767e-26
20	1098.370606	5.868609e-10	9.320000e-01	2.762917e-25
20	1093.813295	8.921466e-10	9.456000e-01	3.063770e-26
20	219.890264	8.338512e-08	9.762000e-01	3.611402e-11
20	220.384617	1.478424e-07	9.864000e-01	3.635292e-11
20	220.249933	1.176875e-07	9.830000e-01	3.633821e-11
20	218.141423	4.397634e-08	9.558000e-01	3.369055e-11
20	18004.543961	1.628673e-08	6.668002e-01	1.000000e-08
20	217.763104	4.070153e-08	9.524000e-01	3.300168e-11
20	703.109006	1.632770e-08	8.402000e-01	2.526110e-27
20	251.924615	1.646784e-08	8.742000e-01	1.039942e-26
20	6326.000987	1.618894e-08	7.382000e-01	1.336866e-26
20	251.924615	1.646784e-08	8.742000e-01	1.623853e-26
20	234.791826	1.649009e-08	8.776000e-01	5.592108e-27
20	219.414598	6.438841e-08	9.694000e-01	3.561268e-11
20	212.009310	2.031454e-08	9.082000e-01	1.471536e-11
20	214.198653	2.526976e-08	9.252000e-01	2.400678e-11
20	1105.830149	1.503280e-10	8.674000e-01	7.071533e-25
20	216.064313	3.125682e-08	9.388000e-01	2.932174e-11
20	18670.524484	1.693106e-08	6.974000e-01	1.000000e-08
20	4539.446666	1.620429e-08	7.586000e-01	4.373679e-26
20	1104.919215	1.919448e-10	8.844000e-01	1.495162e-24
20	1107.652745	6.842091e-11	7.756000e-01	4.054709e-24
20	218.141423	4.397634e-08	9.558000e-01	3.369055e-11
20	18147.497177	1.642527e-08	6.736002e-01	1.000000e-08
20	5382.070567	1.619620e-08	7.484000e-01	4.079061e-26
20	217.763104	4.070153e-08	9.524000e-01	3.300168e-11
20	9398.101064	1.617270e-08	7.110000e-01	4.197938e-26
20	19066.440870	1.731345e-08	7.144000e-01	1.000000e-08
20	17934.123357	1.621842e-08	6.634002e-01	1.000000e-08
20	214.198653	2.526976e-08	9.252000e-01	2.400678e-11
20	18075.666700	1.635568e-08	6.702002e-01	1.000000e-08
20	213.732476	2.410245e-08	9.218000e-01	2.239668e-11
20	219.890264	8.338513e-08	9.762000e-01	3.611402e-11
20	332.211222	1.641284e-08	8.640000e-01	9.097011e-27
20	210.797287	1.753121e-08	8.946000e-01	4.830091e-12
20	218.497192	4.779936e-08	9.592000e-01	3.429314e-11
20	219.135024	5.774885e-08	9.660000e-01	3.525132e-11
20	1252.514944	1.628129e-08	8.198000e-01	2.444874e-26
20	19147.922209	1.739217e-08	7.178000e-01	1.000000e-08
20	216.064313	3.125682e-08	9.388000e-01	2.932174e-11
20	18075.667073	1.635568e-08	6.702002e-01	1.000000e-08
20	5382.070482	1.619620e-08	7.484000e-01	1.770330e-26
20	251.924618	1.646784e-08	8.742000e-01	1.773623e-26
20	5685.095263	1.619370e-08	7.450000e-01	1.545462e-25
20	11785.264670	1.616437e-08	6.940000e-01	1.185816e-25
20	4030.491704	1.621019e-08	7.654000e-01	4.887580e-26
20	222.291318	1.651486e-08	8.810000e-01	1.910070e-26
20	1105.335531	1.727326e-10	8.776000e-01	1.699626e-24
20	220.249933	1.176875e-07	9.830000e-01	3.633821e-11
20	6326.000660	1.618894e-08	7.382000e-01	1.250920e-25
20	217.763104	4.070153e-08	9.524000e-01	3.300168e-11
20	215.605622	2.952099e-08	9.354000e-01	2.815468e-11
20	6326.000729	1.618894e-08	7.382000e-01	1.663001e-25
20	219.135024	5.774885e-08	9.660000e-01	3.525131e-11
20	1043.574160	1.629492e-08	8.266000e-01	3.879972e-26
20	18670.524138	1.693106e-08	6.974000e-01	1.000000e-08
20	1488.900768	1.626910e-08	8.130000e-01	1.632686e-27
20	220.384617	1.478424e-07	9.864000e-01	3.635292e-11
20	217.364039	3.786524e-08	9.490000e-01	3.222349e-11
20	213.732476	2.410245e-08	9.218000e-01	2.239668e-11
20	4279.856841	1.620718e-08	7.620000e-01	4.603739e-26
20	2928.864363	1.622718e-08	7.824000e-01	1.276608e-26
20	8966.251643	1.617452e-08	7.144000e-01	9.406037e-27
20	6664.450481	1.618667e-08	7.348000e-01	1.201292e-26
20	217.364039	3.786524e-08	9.490000e-01	3.222349e-11
20	1107.315152	8.432956e-11	8.062000e-01	1.009219e-24
20	19481.668759	1.771487e-08	7.314000e-01	1.000000e-08
20	1252.514882	1.628129e-08	8.198000e-01	1.546331e-26
20	1897.813611	1.625307e-08	8.028000e-01	2.294518e-27
20	211.642176	1.954113e-08	9.048000e-01	1.246320e-11
20	215.605622	2.952099e-08	9.354000e-01	2.815468e-11
20	218.141423	4.397634e-08	9.558000e-01	3.369055e-11
20	1095.335887	7.962075e-10	9.422000e-01	2.517246e-25
20	8966.251234	1.617452e-08	7.144000e-01	2.897383e-26
20	1101.528119	3.698797e-10	9.150000e-01	4.973326e-25
20	2551.836638	1.623503e-08	7.892000e-01	3.617386e-27
20	220.084906	9.765955e-08	9.796000e-01	3.625943e-11
20	19230.180184	1.747166e-08	7.212000e-01	1.000000e-08
20	10783.297660	1.616757e-08	7.008000e-01	7.765933e-26
20	219.414598	6.438840e-08	9.694000e-01	3.561268e-11
20	1252.514942	1.628129e-08	8.198000e-01	5.812054e-27
20	410.947784	1.638359e-08	8.572000e-01	1.011789e-26
20	3561.488635	1.621658e-08	7.722000e-01	6.914134e-27
20	6326.000766	1.618894e-08	7.382000e-01	2.008876e-25
20	2736.018116	1.623102e-08	7.858000e-01	3.662982e-26
20	1107.737165	6.422186e-11	7.654000e-01	3.125429e-24
20	220.553215	3.017778e-07	9.932001e-01	3.620013e-11
20	220.384617	1.478424e-07	9.864000e-01	3.635292e-11
20	4279.856981	1.620718e-08	7.620000e-01	2.926063e-26
20	5999.645481	1.619128e-08	7.416000e-01	2.240237e-26
20	18748.192454	1.700608e-08	7.008000e-01	1.000000e-08
20	234.791828	1.649009e-08	8.776000e-01	1.936680e-27
20	569.268677	1.634763e-08	8.470000e-01	1.171774e-26
20	18441.986315	1.671021e-08	6.872001e-01	1.000000e-08
20	1106.987086	9.907259e-11	8.266000e-01	1.361789e-24
20	1107.217295	8.877383e-11	8.130000e-01	5.799970e-24
20	18441.986296	1.671021e-08	6.872001e-01	1.000000e-08
20	4030.491805	1.621019e-08	7.654000e-01	1.225052e-26
20	1100.976915	4.044673e-10	9.184000e-01	4.023213e-25
20	217.364039	3.786524e-08	9.490000e-01	3.222349e-11
20	211.029112	1.815457e-08	8.980000e-01	7.526305e-12
20	210.797287	1.753121e-08	8.946000e-01	4.830091e-12
20	703.108993	1.632770e-08	8.402000e-01	9.347842e-27
20	216.512173	3.319873e-08	9.422000e-01	3.038671e-11
20	218.141423	4.397634e-08	9.558000e-01	3.369055e-11
20	1252.514922	1.628129e-08	8.198000e-01	1.477077e-26
20	212.407949	2.114946e-08	9.116000e-01	1.683022e-11
20	569.268673	1.634763e-08	8.470000e-01	4.762470e-27
20	1367.197080	1.627503e-08	8.164000e-01	1.144582e-26
20	569.268678	1.634763e-08	8.470000e-01	3.639524e-26
20	1084.375371	1.426844e-09	9.558000e-01	2.393102e-26
20	220.553215	3.017778e-07	9.932001e-01	3.620013e-11
20	1144.693049	1.628791e-08	8.232000e-01	3.490215e-26
20	220.249933	1.176875e-07	9.830000e-01	3.633821e-11
20	18593.603308	1.685674e-08	6.940000e-01	1.000000e-08
20	213.732476	2.410245e-08	9.218000e-01	2.239668e-11
20	210.625056	1.694870e-08	8.912000e-01	1.973415e-12
20	18905.792174	1.715829e-08	7.076000e-01	1.000000e-08
20	19066.440855	1.731345e-08	7.144000e-01	1.000000e-08
20	300.522390	1.642949e-08	8.674000e-01	3.747142e-27
20	213.275189	2.303419e-08	9.184000e-01	2.066657e-11
20	219.890264	8.338513e-08	9.762000e-01	3.611402e-11
20	219.414598	6.438840e-08	9.694000e-01	3.561268e-11
20	211.029112	1.815457e-08	8.980000e-01	7.526305e-12
20	1106.776668	1.083794e-10	8.368000e-01	4.362387e-25
20	1367.198023	1.626935e-08	8.164000e-01	1.134300e-27
20	11785.264378	1.616437e-08	6.940000e-01	1.917559e-25
20	1488.900718	1.626910e-08	8.130000e-01	7.046069e-27
20	213.732476	2.410245e-08	9.218000e-01	2.239667e-11
20	11276.169506	1.616595e-08	6.974000e-01	1.296020e-25
20	11276.170608	1.616595e-08	6.974000e-01	7.085679e-26
20	19397.048250	1.763300e-08	7.280000e-01	1.000000e-08
20	633.271808	1.633732e-08	8.436000e-01	1.565614e-27
20	-1.000000	-1.000000e+00	-1.000000e+00	-1.000000e+00
20	4539.446787	1.620428e-08	7.586000e-01	1.252289e-26
20	458.235176	1.637067e-08	8.538000e-01	6.085389e-27
20	219.890264	8.338513e-08	9.762000e-01	3.611402e-11
20	218.497192	4.779936e-08	9.592000e-01	3.429314e-11
20	18670.524187	1.693106e-08	6.974000e-01	1.000000e-08
20	219.135024	5.774885e-08	9.660000e-01	3.525131e-11
20	215.139340	2.796040e-08	9.320000e-01	2.688216e-11
20	5382.070333	1.619620e-08	7.484000e-01	2.189476e-26
20	18367.272056	1.663797e-08	6.837998e-01	1.000000e-08
20	216.064313	3.125682e-08	9.388000e-01	2.932174e-11
20	211.029112	1.815457e-08	8.980000e-01	7.526306e-12
20	1105.830149	1.503280e-10	8.674000e-01	9.264677e-25
20	2376.119399	1.623923e-08	7.926000e-01	5.050367e-27
20	211.642176	1.954113e-08	9.048000e-01	1.246320e-11
20	217.364039	3.786524e-08	9.490000e-01	3.222349e-11
20	18075.666810	1.635568e-08	6.702002e-01	1.000000e-08
20	1754.037671	1.625814e-08	8.062000e-01	7.410428e-27
20	2208.669939	1.624363e-08	7.960000e-01	5.444979e-29
20	1107.164363	9.115837e-11	8.164000e-01	1.331194e-24
20	1107.737165	6.422186e-11	7.654000e-01	5.989078e-24
20	8966.251271	1.617452e-08	7.144000e-01	1.385835e-25
20	1252.514939	1.628129e-08	8.198000e-01	5.495903e-28
20	3791.114742	1.621332e-08	7.688000e-01	4.528331e-26
20	210.765772	1.657383e-08	8.878000e-01	5.134835e-26
20	219.666608	7.269463e-08	9.728000e-01	3.589934e-11
20	569.268677	1.634763e-08	8.470000e-01	6.270617e-27
20	18826.614030	1.708182e-08	7.042000e-01	1.000000e-08
20	216.946286	3.538525e-08	9.456000e-01	3.135288e-11
20	949.004396	1.630236e-08	8.300000e-01	3.614631e-27
20	3791.113758	1.621332e-08	7.688000e-01	1.131028e-26
20	1617.791177	1.626348e-08	8.096000e-01	1.440256e-26
20	17934.123448	1.621842e-08	6.634002e-01	1.000000e-08
20	19147.922167	1.739217e-08	7.178000e-01	1.000000e-08
20	234.791832	1.649009e-08	8.776000e-01	2.758706e-26
20	220.084906	9.765955e-08	9.796000e-01	3.625943e-11
20	19481.668759	1.771487e-08	7.314000e-01	1.000000e-08
20	1106.215217	1.331584e-10	8.572000e-01	1.010856e-24
20	210.765773	1.657383e-08	8.878000e-01	8.476839e-26
20	220.384617	1.478424e-07	9.864000e-01	3.635292e-11
20	19066.440848	1.731345e-08	7.144000e-01	1.000000e-08
20	7755.361544	1.618031e-08	7.246000e-01	7.400883e-27
20	17864.399585	1.615074e-08	6.600002e-01	1.000000e-08
20	4539.446723	1.620429e-08	7.586000e-01	3.007783e-26
20	3130.582988	1.622350e-08	7.790000e-01	1.650274e-26
20	18367.270612	1.663796e-08	6.837998e-01	1.000000e-08
20	-1.000000	-1.000000e+00	-1.000000e+00	-1.000000e+00
20	1106.328682	1.281826e-10	8.538000e-01	3.146828e-14
20	213.732476	2.410246e-08	9.218000e-01	2.239668e-11
20	1107.915278	5.486809e-11	7.382000e-01	4.566818e-24
20	778.916553	1.631870e-08	8.368000e-01	5.249158e-27
20	5090.297118	1.619880e-08	7.518000e-01	1.593975e-26
20	1106.215217	1.331584e-10	8.572000e-01	1.953350e-24
20	217.364039	3.786524e-08	9.490000e-01	3.222349e-11
20	214.669040	2.655012e-08	9.286000e-01	2.550072e-11
20	18075.667074	1.635568e-08	6.702002e-01	1.000000e-08
20	216.512173	3.319873e-08	9.422000e-01	3.038671e-11
20	3130.583131	1.622350e-08	7.790000e-01	1.877875e-26
20	220.549771	6.422345e-07	9.966001e-01	3.603747e-11
20	8548.742600	1.617639e-08	7.178000e-01	7.152102e-26
20	2049.297005	1.624823e-08	7.994000e-01	2.352845e-26
20	1488.900768	1.626910e-08	8.130000e-01	1.640145e-26
20	5999.645262	1.619128e-08	7.416000e-01	3.671742e-26
20	220.487475	1.984818e-07	9.898000e-01	3.630608e-11
20	15054.955907	9.298042e-09	7.280000e-01	4.699828e-26
20	3130.582397	1.622350e-08	7.790000e-01	8.032373e-27
20	5999.645469	1.619128e-08	7.416000e-01	4.037066e-26
20	2928.863703	1.622718e-08	7.824000e-01	7.607246e-26
20	10783.296871	1.616757e-08	7.008001e-01	7.274167e-26
20	5685.095361	1.619370e-08	7.450000e-01	2.226724e-26
20	220.384617	1.478424e-07	9.864000e-01	3.635292e-11
20	210.797287	1.753121e-08	8.946000e-01	4.830091e-12
20	1103.771555	2.470287e-10	8.980000e-01	3.960654e-25
20	1108.082677	4.510681e-11	7.008000e-01	1.083961e-23
20	213.732476	2.410245e-08	9.218000e-01	2.239668e-11
20	8966.251632	1.617452e-08	7.144000e-01	2.021816e-26
20	703.109009	1.632770e-08	8.402000e-01	5.126940e-27
20	14588.819462	1.615711e-08	6.770000e-01	1.472836e-25
20	210.625056	1.694870e-08	8.912000e-01	1.973414e-12
20	3130.583209	1.622350e-08	7.790000e-01	4.179446e-26
20	1106.523861	1.195208e-10	8.470000e-01	4.366737e-24
20	210.797287	1.753121e-08	8.946000e-01	4.830092e-12
20	220.487475	1.984818e-07	9.898000e-01	3.630608e-11
20	4809.508995	1.620149e-08	7.552000e-01	2.152749e-26
20	3791.113895	1.621332e-08	7.688000e-01	4.495198e-26
20	18517.425112	1.678313e-08	6.906000e-01	1.000000e-08
20	19397.048250	1.763300e-08	7.280000e-01	1.000000e-08
20	1754.037633	1.625814e-08	8.062000e-01	1.431306e-26
20	220.549771	6.422344e-07	9.966001e-01	3.603747e-11
20	210.765773	1.657383e-08	8.878000e-01	1.601486e-26
20	368.980189	1.639760e-08	8.606000e-01	7.571881e-27
20	222.291321	1.651486e-08	8.810000e-01	8.968616e-27
20	1104.676903	2.032942e-10	8.878000e-01	1.779532e-24
20	18147.496450	1.642527e-08	6.736002e-01	1.000000e-08
20	216.064313	3.125682e-08	9.388000e-01	2.932174e-11
20	220.553215	3.017778e-07	9.932001e-01	3.620013e-11
20	219.135024	5.774885e-08	9.660000e-01	3.525131e-11
20	3341.385427	1.621997e-08	7.756000e-01	1.398500e-26
20	2551.836638	1.623503e-08	7.892000e-01	1.817428e-26
20	2208.669921	1.624363e-08	7.960000e-01	3.438707e-26
20	1043.574163	1.629492e-08	8.266000e-01	1.923626e-26
20	18293.298505	1.656641e-08	6.804002e-01	1.000000e-08
20	18367.272320	1.663797e-08	6.837999e-01	1.000000e-08
20	5999.645222	1.619128e-08	7.416000e-01	1.757667e-26
20	216.512173	3.319873e-08	9.422000e-01	3.038671e-11
20	19147.922233	1.739217e-08	7.178001e-01	1.000000e-08
20	410.947776	1.638359e-08	8.572000e-01	3.710560e-28
20	1102.987059	2.871624e-10	9.048000e-01	5.556853e-26
20	220.084906	9.765955e-08	9.796000e-01	3.625943e-11
20	860.834021	1.631028e-08	8.334000e-01	3.112431e-27
20	1488.900757	1.626910e-08	8.130000e-01	2.229194e-26
20	3341.385255	1.621997e-08	7.756000e-01	1.357202e-26
20	1488.900768	1.626910e-08	8.130000e-01	1.867931e-26
20	1144.693067	1.628791e-08	8.232000e-01	7.522802e-27
20	11276.168941	1.616595e-08	6.974001e-01	3.088704e-26
20	1144.693033	1.628791e-08	8.232000e-01	2.704838e-27
20	18517.424797	1.678313e-08	6.906000e-01	1.000000e-08
20	1105.137715	1.818183e-10	8.810000e-01	1.143668e-24
20	216.064313	3.125682e-08	9.388000e-01	2.932174e-11
20	18367.272061	1.663797e-08	6.837998e-01	1.000000e-08
20	220.084906	9.765955e-08	9.796000e-01	3.625943e-11
20	18004.544214	1.628673e-08	6.668002e-01	1.000000e-08
20	332.211238	1.641284e-08	8.640000e-01	2.133370e-27
20	9398.100634	1.617270e-08	7.110000e-01	5.106937e-26
20	18075.666775	1.635568e-08	6.702002e-01	1.000000e-08
20	213.275189	2.303419e-08	9.184000e-01	2.066657e-11
20	5090.297239	1.619880e-08	7.518000e-01	1.376320e-25
20	1104.106706	2.305653e-10	8.946000e-01	2.038994e-25
20	2049.296950	1.624823e-08	7.994000e-01	2.040079e-26
20	214.317191	1.654258e-08	8.844000e-01	1.814523e-26
20	1088.959142	1.170993e-09	9.524000e-01	2.592009e-26
20	18367.270233	1.663796e-08	6.837998e-01	1.000000e-08
20	5382.070413	1.619620e-08	7.484000e-01	9.353304e-27
20	2736.018131	1.623102e-08	7.858000e-01	1.787167e-26
20	7755.361521	1.618031e-08	7.246000e-01	3.003553e-26
20	510.966465	1.635872e-08	8.504000e-01	4.999233e-27
20	17864.399428	1.615074e-08	6.600002e-01	1.000000e-08
20	1367.197037	1.627503e-08	8.164000e-01	1.086438e-26
20	1617.791113	1.626348e-08	8.096000e-01	7.354938e-27
20	214.669040	2.655012e-08	9.286000e-01	2.550072e-11
20	18147.497026	1.642527e-08	6.736002e-01	1.000000e-08
20	1488.900789	1.626910e-08	8.130000e-01	3.293786e-26
20	-1.000000	-1.000000e+00	-1.000000e+00	-1.000000e+00
20	215.139340	2.796040e-08	9.320000e-01	2.688216e-11
20	1107.049489	9.629716e-11	8.232000e-01	1.373626e-23
20	15344.609115	8.997226e-09	7.314000e-01	4.568513e-26
20	10306.253514	1.616923e-08	7.042000e-01	2.363828e-26
20	17934.122995	1.621842e-08	6.634002e-01	1.000000e-08
20	234.791832	1.649009e-08	8.776000e-01	9.551830e-27
20	212.831859	2.205318e-08	9.150000e-01	1.881248e-11
20	8966.251319	1.617452e-08	7.144000e-01	1.134058e-26
20	3130.583141	1.622350e-08	7.790000e-01	5.419748e-26
20	703.109012	1.632770e-08	8.402000e-01	2.484589e-27
20	18905.792189	1.715829e-08	7.076000e-01	1.000000e-08
20	410.947779	1.638359e-08	8.572000e-01	4.779555e-27
20	1107.108500	9.366282e-11	8.198000e-01	1.665484e-24
20	210.765773	1.657383e-08	8.878000e-01	1.835263e-25
20	219.890264	8.338513e-08	9.762000e-01	3.611402e-11
20	4030.492656	1.621019e-08	7.654000e-01	1.829750e-26
20	1108.082677	4.510681e-11	7.008000e-01	2.115625e-23
20	1043.574161	1.629492e-08	8.266000e-01	1.028011e-26
20	458.235176	1.637067e-08	8.538000e-01	2.289809e-27
20	5999.645472	1.619128e-08	7.416000e-01	1.337743e-26
20	18220.038821	1.649551e-08	6.770002e-01	1.000000e-08
20	1144.693086	1.628791e-08	8.232000e-01	1.684394e-26
20	220.549771	6.422343e-07	9.966001e-01	3.603747e-11
20	1099.108880	5.334995e-10	9.286000e-01	1.254657e-25
20	8966.251192	1.617452e-08	7.144000e-01	4.353591e-26
20	300.522392	1.642949e-08	8.674000e-01	6.098941e-27
20	1105.968701	1.441256e-10	8.640000e-01	5.305262e-25
20	-1.000000	-1.000000e+00	-1.000000e+00	-1.000000e+00
20	4030.492142	1.621019e-08	7.654000e-01	1.558046e-26
20	212.009310	2.031454e-08	9.082000e-01	1.471536e-11
20	300.522404	1.642949e-08	8.674000e-01	4.144120e-27
20	19313.220659	1.755193e-08	7.246000e-01	1.000000e-08
20	368.980200	1.639760e-08	8.606000e-01	2.191627e-27
20	1107.833737	5.924894e-11	7.518000e-01	1.231612e-23
20	17934.123394	1.621842e-08	6.634002e-01	1.000000e-08
20	569.268679	1.634763e-08	8.470000e-01	4.831546e-27
20	1105.515382	1.645359e-10	8.742000e-01	1.565538e-24
20	213.732476	2.410245e-08	9.218000e-01	2.239667e-11
20	214.669040	2.655012e-08	9.286000e-01	2.550072e-11
20	19397.048250	1.763300e-08	7.280000e-01	1.000000e-08
20	19397.048250	1.763300e-08	7.280000e-01	1.000000e-08
20	219.414598	6.438841e-08	9.694000e-01	3.561268e-11
20	211.313139	1.882296e-08	9.014000e-01	1.006868e-11
20	19397.048250	1.763300e-08	7.280000e-01	1.000000e-08
20	220.249933	1.176875e-07	9.830000e-01	3.633821e-11
20	210.797287	1.753121e-08	8.946000e-01	4.830091e-12
20	18441.986941	1.671021e-08	6.872001e-01	1.000000e-08
20	18905.792191	1.715829e-08	7.076000e-01	1.000000e-08
20	11276.168717	1.616595e-08	6.974001e-01	3.058097e-25
20	18004.544438	1.628673e-08	6.668002e-01	1.000000e-08
20	17934.122844	1.621842e-08	6.634002e-01	1.000000e-08
20	218.141423	4.397634e-08	9.558000e-01	3.369055e-11
20	17864.399172	1.615074e-08	6.600002e-01	1.000000e-08
20	19147.922226	1.739217e-08	7.178001e-01	1.000000e-08
20	216.064313	3.125682e-08	9.388000e-01	2.932174e-11
20	14588.817846	1.615711e-08	6.770000e-01	3.818770e-25
20	1100.976915	4.044673e-10	9.184000e-01	1.327772e-25
20	18004.544500	1.628673e-08	6.668002e-01	1.000000e-08
20	368.980208	1.639760e-08	8.606000e-01	1.650538e-28
20	19567.086901	1.779757e-08	7.348000e-01	1.000000e-08
20	219.890264	8.338512e-08	9.762000e-01	3.611402e-11
20	11276.169982	1.616595e-08	6.974000e-01	9.112156e-26
20	18441.987043	1.671021e-08	6.872001e-01	1.000000e-08
20	19397.048251	1.763309e-08	7.280000e-01	1.000000e-08
20	1106.215217	1.331584e-10	8.572000e-01	1.221917e-24
20	1108.176773	3.891466e-11	6.702000e-01	3.544969e-22
20	10783.298793	1.616757e-08	7.008000e-01	1.117581e-25
20	213.732476	2.410245e-08	9.218000e-01	2.239667e-11
20	1617.791167	1.626348e-08	8.096000e-01	6.776935e-27
20	214.198653	2.526976e-08	9.252000e-01	2.400678e-11
20	218.497192	4.779936e-08	9.592000e-01	3.429314e-11
20	214.317194	1.654258e-08	8.844000e-01	3.347717e-26
20	220.553215	3.017778e-07	9.932001e-01	3.620013e-11
20	18441.986375	1.671021e-08	6.872001e-01	1.000000e-08
20	18985.732793	1.723550e-08	7.110000e-01	1.000000e-08
20	212.831859	2.205318e-08	9.150000e-01	1.881248e-11
20	217.763104	4.070153e-08	9.524000e-01	3.300168e-11
20	215.605622	2.952099e-08	9.354000e-01	2.815468e-11
20	210.765773	1.657383e-08	8.878000e-01	1.256468e-25
20	1107.855411	5.810276e-11	7.484000e-01	3.140087e-23
20	2049.296965	1.624823e-08	7.994000e-01	1.729308e-27
20	12310.991019	1.616284e-08	6.906001e-01	1.457939e-25
20	219.666608	7.269463e-08	9.728000e-01	3.589934e-11
20	210.797287	1.753121e-08	8.946000e-01	4.830090e-12
20	17934.123241	1.621842e-08	6.634002e-01	1.000000e-08
20	215.139340	2.796040e-08	9.320000e-01	2.688216e-11
20	8966.251282	1.617452e-08	7.144000e-01	4.060886e-26
20	218.141423	4.397634e-08	9.558000e-01	3.369055e-11
20	215.139339	2.796040e-08	9.320000e-01	2.688216e-11
20	1488.900788	1.626910e-08	8.130000e-01	2.402609e-27
20	212.831859	2.205318e-08	9.150000e-01	1.881248e-11
20	220.549771	6.422342e-07	9.966001e-01	3.603747e-11
20	1043.574154	1.629492e-08	8.266000e-01	2.580801e-26
20	410.947776	1.638359e-08	8.572000e-01	6.711637e-27
20	18147.496750	1.642526e-08	6.736002e-01	1.000000e-08
20	220.553215	3.017778e-07	9.932001e-01	3.620013e-11
20	220.249933	1.176875e-07	9.830000e-01	3.633821e-11
20	5090.297126	1.619880e-08	7.518000e-01	1.985545e-26
20	4279.856993	1.620718e-08	7.620000e-01	1.146391e-26
20	12310.991690	1.616284e-08	6.906000e-01	9.393686e-26
20	3561.487750	1.621658e-08	7.722000e-01	3.646542e-27
20	219.666608	7.269463e-08	9.728000e-01	3.589934e-11
20	212.009310	2.031454e-08	9.082000e-01	1.471536e-11
20	220.084906	9.765955e-08	9.796000e-01	3.625943e-11
20	1252.514935	1.628129e-08	8.198000e-01	9.858448e-27
20	212.831859	2.205318e-08	9.150000e-01	1.881248e-11
20	3561.487822	1.621658e-08	7.722000e-01	1.117223e-27
20	1107.833737	5.924894e-11	7.518000e-01	5.192948e-24
20	1252.514939	1.628129e-08	8.198000e-01	6.988987e-27
20	215.139340	2.796040e-08	9.320000e-01	2.688216e-11
20	1100.394934	4.429867e-10	9.218000e-01	4.456983e-25
20	410.947782	1.638359e-08	8.572000e-01	1.177515e-26
20	1252.514907	1.628129e-08	8.198000e-01	7.057534e-27
20	633.271817	1.633732e-08	8.436000e-01	4.461779e-26
20	18147.496716	1.642527e-08	6.736002e-01	1.000000e-08
20	18147.497213	1.642527e-08	6.736002e-01	1.000000e-08
20	458.235181	1.637067e-08	8.538000e-01	1.582512e-27
20	4539.446733	1.620429e-08	7.586000e-01	2.299432e-26
20	216.064312	3.125682e-08	9.388000e-01	2.932174e-11
20	19230.180162	1.747166e-08	7.212000e-01	1.000000e-08
20	210.765772	1.657383e-08	8.878000e-01	4.446687e-26
20	18593.603589	1.685674e-08	6.940000e-01	1.000000e-08
20	458.235177	1.637067e-08	8.538000e-01	1.203844e-26
20	10783.298759	1.616757e-08	7.008000e-01	2.403162e-25
20	368.980194	1.639760e-08	8.606000e-01	6.614086e-28
20	212.407948	2.114946e-08	9.116000e-01	1.683022e-11
20	220.384617	1.478424e-07	9.864000e-01	3.635292e-11
20	18293.298418	1.656641e-08	6.804002e-01	1.000000e-08
20	5685.095355	1.619370e-08	7.450000e-01	5.580489e-26
20	218.828841	5.232028e-08	9.626000e-01	3.481242e-11
20	300.522401	1.642949e-08	8.674000e-01	1.739919e-27
20	14588.819164	1.615711e-08	6.770000e-01	5.165671e-25
20	9398.100821	1.617270e-08	7.110000e-01	4.129544e-26
20	1897.813611	1.625307e-08	8.028000e-01	2.722149e-26
20	210.625056	1.694870e-08	8.912000e-01	1.973415e-12
20	18670.524439	1.693106e-08	6.974000e-01	1.000000e-08
20	1108.070200	4.588141e-11	7.042000e-01	9.525927e-23
20	18367.270940	1.663797e-08	6.837998e-01	1.000000e-08
20	217.364039	3.786524e-08	9.490000e-01	3.222349e-11
20	1102.048837	3.389537e-10	9.116000e-01	5.328372e-26
20	3561.487609	1.621658e-08	7.722000e-01	1.116841e-26
20	510.966471	1.635872e-08	8.504000e-01	3.020475e-27
20	213.732476	2.410245e-08	9.218000e-01	2.239668e-11
20	1104.106706	2.305653e-10	8.946000e-01	1.762454e-25
20	5999.645348	1.619128e-08	7.416000e-01	2.411681e-26
20	19147.922159	1.739217e-08	7.178000e-01	1.000000e-08
20	234.791827	1.649009e-08	8.776000e-01	1.399380e-26
20	217.763104	4.070153e-08	9.524000e-01	3.300168e-11
20	218.828841	5.232028e-08	9.626000e-01	3.481242e-11
20	18293.297900	1.656641e-08	6.804002e-01	1.000000e-08
20	-1.000000	-1.000000e+00	-1.000000e+00	-1.000000e+00
20	1107.833737	5.924894e-11	7.518000e-01	4.466367e-24
20	1104.407296	2.160831e-10	8.912000e-01	4.309186e-25
20	216.512173	3.319873e-08	9.422000e-01	3.038671e-11
20	213.732476	2.410245e-08	9.218000e-01	2.239668e-11
20	217.364039	3.786524e-08	9.490000e-01	3.222349e-11
20	2208.669834	1.624363e-08	7.960000e-01	3.249085e-26
20	222.291319	1.651486e-08	8.810000e-01	1.034765e-26
20	1488.900728	1.626910e-08	8.130000e-01	4.409583e-26
20	9844.646007	1.617094e-08	7.076000e-01	4.274783e-26
20	234.791828	1.649009e-08	8.776000e-01	4.868093e-27
20	3341.384614	1.621997e-08	7.756000e-01	4.646949e-27
20	18004.543806	1.628673e-08	6.668002e-01	1.000000e-08
20	213.275189	2.303419e-08	9.184000e-01	2.066657e-11
20	19481.668759	1.771487e-08	7.314000e-01	1.000000e-08
20	4279.856976	1.620718e-08	7.620000e-01	1.075476e-26
20	212.009310	2.031454e-08	9.082000e-01	1.471536e-11
20	1252.514948	1.628129e-08	8.198000e-01	2.496128e-26
20	213.732476	2.410245e-08	9.218000e-01	2.239668e-11
20	17864.398951	1.615074e-08	6.600002e-01	1.000000e-08
20	4539.446613	1.620428e-08	7.586000e-01	5.937028e-26
20	4809.509021	1.620149e-08	7.552000e-01	2.214161e-26
20	251.924613	1.646784e-08	8.742000e-01	1.114181e-26
20	220.084906	9.765956e-08	9.796000e-01	3.625943e-11
20	218.497192	4.779936e-08	9.592000e-01	3.429314e-11
20	1617.791181	1.626348e-08	8.096000e-01	2.130312e-26
20	410.947787	1.638359e-08	8.572000e-01	1.137126e-26
20	17934.123303	1.621842e-08	6.634002e-01	1.000000e-08
20	18441.986902	1.671021e-08	6.872001e-01	1.000000e-08
20	949.004404	1.630236e-08	8.300000e-01	2.222520e-26
20	220.487475	1.984819e-07	9.898000e-01	3.630608e-11
20	18441.986456	1.671021e-08	6.872001e-01	1.000000e-08
20	220.553215	3.017778e-07	9.932001e-01	3.620013e-11
20	8966.251372	1.617452e-08	7.144000e-01	1.116086e-26
20	1107.217295	8.877383e-11	8.130000e-01	1.844265e-24
20	214.198653	2.526976e-08	9.252000e-01	2.400678e-11
20	6326.000571	1.618894e-08	7.382000e-01	4.519711e-26
20	220.384617	1.478424e-07	9.864000e-01	3.635292e-11
20	6326.000779	1.618894e-08	7.382000e-01	3.628810e-26
20	2551.836642	1.623503e-08	7.892000e-01	3.881848e-26
20	1107.403464	8.026854e-11	7.994000e-01	4.225880e-24
20	217.763104	4.070153e-08	9.524000e-01	3.300168e-11
20	220.553215	3.017778e-07	9.932001e-01	3.620013e-11
20	3561.487572	1.621658e-08	7.722000e-01	2.983718e-26
20	4809.509164	1.620149e-08	7.552000e-01	5.170241e-26
20	1144.693085	1.628791e-08	8.232000e-01	2.444507e-27
20	2928.863514	1.622718e-08	7.824000e-01	2.128939e-26
20	210.797287	1.753121e-08	8.946000e-01	4.830091e-12
20	1106.325381	1.282814e-10	8.538000e-01	8.159192e-25
20	6326.000892	1.618894e-08	7.382000e-01	3.178184e-26
20	218.141423	4.397634e-08	9.558000e-01	3.369055e-11
20	19567.086895	1.779757e-08	7.348000e-01	1.000000e-08
20	17934.123001	1.621842e-08	6.634002e-01	1.000000e-08
20	18441.986772	1.671021e-08	6.872001e-01	1.000000e-08
20	1105.515382	1.645359e-10	8.742000e-01	7.182594e-25
20	1100.976916	4.044673e-10	9.184000e-01	4.768524e-25
20	4279.856843	1.620718e-08	7.620000e-01	4.293671e-26
20	18293.298453	1.656641e-08	6.804002e-01	1.000000e-08
20	1106.613559	1.155681e-10	8.436000e-01	2.700465e-24
20	1102.987059	2.871624e-10	9.048000e-01	1.842526e-24
20	217.364039	3.786524e-08	9.490000e-01	3.222349e-11
20	218.141423	4.397634e-08	9.558000e-01	3.369055e-11
20	18004.544390	1.628673e-08	6.668002e-01	1.000000e-08
20	1252.514897	1.628129e-08	8.198000e-01	2.493812e-26
20	216.064312	3.125682e-08	9.388000e-01	2.932174e-11
20	210.765773	1.657383e-08	8.878000e-01	8.993477e-26
20	219.666608	7.269463e-08	9.728000e-01	3.589934e-11
20	214.198653	2.526976e-08	9.252000e-01	2.400678e-11
20	949.004399	1.630236e-08	8.300000e-01	1.194633e-26
20	210.625056	1.694870e-08	8.912000e-01	1.973414e-12
20	2928.863922	1.622718e-08	7.824000e-01	2.859447e-26
20	19066.440869	1.731345e-08	7.144000e-01	1.000000e-08
20	210.625056	1.694870e-08	8.912000e-01	1.973415e-12
20	5999.645308	1.619128e-08	7.416000e-01	6.649026e-26
20	215.605622	2.952099e-08	9.354000e-01	2.815468e-11
20	219.890264	8.338513e-08	9.762000e-01	3.611402e-11
20	18670.524206	1.693105e-08	6.974000e-01	1.000000e-08
20	4279.856898	1.620718e-08	7.620000e-01	7.112828e-27
20	19397.048250	1.763300e-08	7.280000e-01	1.000000e-08
20	5999.645363	1.619128e-08	7.416000e-01	1.731681e-26
20	4279.856978	1.620718e-08	7.620000e-01	6.756734e-27
20	1096.540509	7.159764e-10	9.388000e-01	4.410341e-25
20	4279.857010	1.620718e-08	7.620000e-01	5.743528e-26
20	210.625056	1.694870e-08	8.912000e-01	1.973414e-12
20	210.797287	1.753121e-08	8.946000e-01	4.830091e-12
20	1100.394934	4.429867e-10	9.218000e-01	5.385716e-25
20	217.364039	3.786524e-08	9.490000e-01	3.222349e-11
20	1488.900789	1.626910e-08	8.130000e-01	2.157287e-26
20	220.549771	6.422346e-07	9.966001e-01	3.603747e-11
20	18075.666522	1.635568e-08	6.702002e-01	1.000000e-08
20	10306.253794	1.616923e-08	7.042000e-01	1.818043e-25
20	212.009310	2.031454e-08	9.082000e-01	1.471536e-11
20	220.084906	9.765955e-08	9.796000e-01	3.625943e-11
20	251.924611	1.646784e-08	8.742000e-01	4.621203e-27
20	633.271816	1.633732e-08	8.436000e-01	2.817071e-27
20	3561.488338	1.621658e-08	7.722000e-01	1.550589e-26
20	18826.614040	1.708182e-08	7.042000e-01	1.000000e-08
20	1107.682157	6.697151e-11	7.722000e-01	1.426744e-23
20	1104.106706	2.305653e-10	8.946000e-01	1.814013e-25
20	217.763104	4.070153e-08	9.524000e-01	3.300168e-11
20	218.828841	5.232028e-08	9.626000e-01	3.481242e-11
20	18004.543932	1.628673e-08	6.668002e-01	1.000000e-08
20	216.946286	3.538525e-08	9.456000e-01	3.135288e-11
20	18147.496442	1.642527e-08	6.736002e-01	1.000000e-08
20	18075.667002	1.635568e-08	6.702002e-01	1.000000e-08
20	210.797287	1.753121e-08	8.946000e-01	4.830092e-12
20	4279.857020	1.620718e-08	7.620000e-01	2.619660e-26
20	212.407949	2.114946e-08	9.116000e-01	1.683022e-11
20	219.666608	7.269463e-08	9.728000e-01	3.589934e-11
20	8145.224696	1.617832e-08	7.212000e-01	1.567532e-26
20	9844.646167	1.617094e-08	7.076000e-01	8.935645e-27
20	1754.037666	1.625814e-08	8.062000e-01	3.955289e-27
20	18367.271071	1.663797e-08	6.837998e-01	1.000000e-08
20	212.009310	2.031454e-08	9.082000e-01	1.471536e-11
20	1897.813653	1.625307e-08	8.028000e-01	6.671440e-27
20	1107.049489	9.629716e-11	8.232000e-01	3.394034e-24
20	5090.297156	1.619880e-08	7.518000e-01	1.303467e-26
20	3561.487739	1.621658e-08	7.722000e-01	2.202713e-27
20	9844.646103	1.617094e-08	7.076000e-01	1.463127e-25
20	8548.742535	1.617639e-08	7.178000e-01	2.693780e-26
20	3791.114383	1.621332e-08	7.688000e-01	2.469359e-26
20	17864.399318	1.615074e-08	6.600002e-01	1.000000e-08
20	1105.515382	1.645359e-10	8.742000e-01	1.243532e-25
20	212.831859	2.205318e-08	9.150000e-01	1.881248e-11
20	1106.325381	1.282814e-10	8.538000e-01	3.504506e-25
20	210.797287	1.753121e-08	8.946000e-01	4.830092e-12
20	949.004438	1.630236e-08	8.300000e-01	1.222863e-26
20	1897.813609	1.625307e-08	8.028000e-01	2.390646e-26
20	2049.296992	1.624823e-08	7.994000e-01	3.922444e-26
20	17851.051513	8.498695e-09	7.280000e-01	1.000581e-25
20	219.135024	5.774885e-08	9.660000e-01	3.525131e-11
20	2928.864310	1.622718e-08	7.824000e-01	1.817507e-26
20	212.009310	2.031454e-08	9.082000e-01	1.471536e-11
20	633.271824	1.633732e-08	8.436000e-01	9.498344e-27
20	2376.119402	1.623923e-08	7.926000e-01	7.504588e-28
20	6664.450416	1.618667e-08	7.348000e-01	5.323761e-26
20	4809.509098	1.620149e-08	7.552000e-01	2.810834e-26
20	332.211220	1.641284e-08	8.640000e-01	2.314845e-26
20	216.946286	3.538525e-08	9.456000e-01	3.135288e-11
20	860.834023	1.631028e-08	8.334000e-01	4.166168e-26
20	18985.732800	1.723550e-08	7.110000e-01	1.000000e-08
20	2376.119408	1.623923e-08	7.926000e-01	2.903610e-26
20	251.924616	1.646784e-08	8.742000e-01	8.163955e-28
20	211.642176	1.954113e-08	9.048000e-01	1.246320e-11
20	220.549771	6.422346e-07	9.966001e-01	3.603747e-11
20	2551.836636	1.623503e-08	7.892000e-01	1.546614e-26
20	1107.984572	5.097550e-11	7.246000e-01	2.714407e-23
20	1107.164363	9.115837e-11	8.164000e-01	2.442995e-24
20	2049.297012	1.624823e-08	7.994000e-01	1.795992e-26
20	5999.645444	1.619128e-08	7.416000e-01	6.753938e-26
20	569.268670	1.634763e-08	8.470000e-01	6.317873e-27
20	3341.385347	1.621997e-08	7.756000e-01	1.021346e-26
20	211.313139	1.882296e-08	9.014000e-01	1.006868e-11
20	949.004429	1.630236e-08	8.300000e-01	9.477187e-27
20	217.763104	4.070153e-08	9.524000e-01	3.300168e-11
20	2376.119402	1.623923e-08	7.926000e-01	3.162958e-26
20	19397.048250	1.763300e-08	7.280000e-01	1.000000e-08
20	458.235172	1.637067e-08	8.538000e-01	1.467696e-27
20	300.522402	1.642949e-08	8.674000e-01	6.394742e-28
20	778.916559	1.631870e-08	8.368000e-01	5.501782e-27
20	1106.850994	1.050986e-10	8.334000e-01	4.204842e-24
20	1897.813649	1.625307e-08	8.028000e-01	1.387513e-26
20	3341.385107	1.621997e-08	7.756000e-01	1.344408e-26
20	220.487475	1.984819e-07	9.898000e-01	3.630608e-11
20	4539.446794	1.620428e-08	7.586000e-01	2.614298e-26
20	1097.529783	6.470952e-10	9.354000e-01	2.305229e-25
20	3561.487872	1.621658e-08	7.722000e-01	2.532554e-26
20	1617.791170	1.626348e-08	8.096000e-01	6.845817e-27
20	18075.666649	1.635568e-08	6.702002e-01	1.000000e-08
20	1084.375371	1.426844e-09	9.558000e-01	1.087711e-25
20	4809.509127	1.620149e-08	7.552000e-01	3.823662e-26
20	3130.582552	1.622350e-08	7.790000e-01	7.863914e-27
20	1107.267498	8.650025e-11	8.096000e-01	3.257456e-26
20	18147.496372	1.642527e-08	6.736002e-01	1.000000e-08
20	18517.425093	1.678313e-08	6.906000e-01	1.000000e-08
20	211.313139	1.882296e-08	9.014000e-01	1.006868e-11
20	19230.180209	1.747166e-08	7.212000e-01	1.000000e-08
20	1488.900761	1.626910e-08	8.130000e-01	7.215871e-27
20	216.512173	3.319873e-08	9.422000e-01	3.038671e-11
20	7755.361474	1.618031e-08	7.246000e-01	1.399374e-25
20	210.625056	1.694870e-08	8.912000e-01	1.973414e-12
20	6326.000974	1.618894e-08	7.382000e-01	4.734692e-26
20	1106.325381	1.282814e-10	8.538000e-01	1.485168e-24
20	1043.574159	1.629492e-08	8.266000e-01	1.405491e-26
20	220.553215	3.017778e-07	9.932001e-01	3.620013e-11
20	219.666608	7.269463e-08	9.728000e-01	3.589934e-11
20	216.512173	3.319873e-08	9.422000e-01	3.038671e-11
20	19066.440856	1.731345e-08	7.144000e-01	1.000000e-08
20	1105.335531	1.727326e-10	8.776000e-01	7.336425e-26
20	220.084906	9.765955e-08	9.796000e-01	3.625943e-11
20	219.666608	7.269463e-08	9.728000e-01	3.589934e-11
20	949.004420	1.630236e-08	8.300000e-01	1.976058e-26
20	212.831859	2.205318e-08	9.150000e-01	1.881248e-11
20	368.980199	1.639760e-08	8.606000e-01	2.950334e-27
20	218.828841	5.232028e-08	9.626000e-01	3.481242e-11
20	3791.113835	1.621332e-08	7.688000e-01	6.316697e-26
20	1617.791188	1.626348e-08	8.096000e-01	2.561916e-26
20	3561.487965	1.621658e-08	7.722000e-01	1.848505e-26
20	1102.048837	3.389537e-10	9.116000e-01	9.843535e-26
20	4279.856883	1.620718e-08	7.620000e-01	4.156774e-27
20	220.553215	3.017777e-07	9.932001e-01	3.620013e-11
20	214.317191	1.654258e-08	8.844000e-01	1.225632e-26
20	234.791831	1.649009e-08	8.776000e-01	1.142749e-26
20	1108.106293	4.361413e-11	6.940000e-01	9.620409e-24
20	210.625056	1.694870e-08	8.912000e-01	1.973415e-12
20	1107.267498	8.650025e-11	8.096000e-01	2.750627e-24
20	211.029112	1.815457e-08	8.980000e-01	7.526305e-12
20	220.084906	9.765955e-08	9.796000e-01	3.625943e-11
20	211.642176	1.954113e-08	9.048000e-01	1.246320e-11
20	210.765773	1.657383e-08	8.878000e-01	6.861925e-26
20	212.009310	2.031454e-08	9.082000e-01	1.471536e-11
20	9398.100740	1.617270e-08	7.110000e-01	3.863717e-26
20	6664.450527	1.618667e-08	7.348000e-01	6.231377e-26
20	4279.856983	1.620718e-08	7.620000e-01	1.962431e-26
20	219.666608	7.269463e-08	9.728000e-01	3.589934e-11
20	569.268683	1.634763e-08	8.470000e-01	2.830435e-27
20	6326.000672	1.618894e-08	7.382000e-01	4.169416e-26
20	8966.251331	1.617452e-08	7.144000e-01	9.201010e-26
20	220.487475	1.984819e-07	9.898000e-01	3.630608e-11
20	1093.813295	8.921466e-10	9.456000e-01	7.635239e-26
20	210.765772	1.657383e-08	8.878000e-01	2.050017e-27
20	458.235171	1.637067e-08	8.538000e-01	2.465291e-27
20	1107.896138	5.591394e-11	7.416000e-01	5.170495e-24
20	778.916544	1.631870e-08	8.368000e-01	5.864342e-27
20	5090.297104	1.619880e-08	7.518000e-01	7.988865e-26
20	3561.488122	1.621658e-08	7.722000e-01	2.129376e-26
20	218.497192	4.779936e-08	9.592000e-01	3.429314e-11
20	3341.385586	1.621997e-08	7.756000e-01	2.211807e-26
20	216.946286	3.538525e-08	9.456000e-01	3.135288e-11
20	218.141423	4.397634e-08	9.558000e-01	3.369055e-11
20	12310.991797	1.616284e-08	6.906000e-01	2.999832e-26
20	6326.000987	1.618894e-08	7.382000e-01	2.743663e-26
20	1106.613559	1.155681e-10	8.436000e-01	1.520079e-24
20	2376.119400	1.623923e-08	7.926000e-01	9.200583e-27
20	2208.669831	1.624363e-08	7.960000e-01	1.430177e-26
20	18441.987091	1.671021e-08	6.872001e-01	1.000000e-08
20	210.765772	1.657383e-08	8.878000e-01	2.444060e-26
20	218.828841	5.232028e-08	9.626000e-01	3.481242e-11
20	220.084906	9.765956e-08	9.796000e-01	3.625943e-11
20	1367.197079	1.627503e-08	8.164000e-01	2.874501e-26
20	234.791830	1.649009e-08	8.776000e-01	3.937340e-27
20	17864.399268	1.615074e-08	6.600002e-01	1.000000e-08
20	5999.645240	1.619128e-08	7.416000e-01	5.937356e-26
20	4539.446773	1.620428e-08	7.586000e-01	3.669354e-26
20	2736.018140	1.623102e-08	7.858000e-01	8.857447e-26
20	11785.265945	1.616437e-08	6.940000e-01	2.707135e-25
20	219.135024	5.774885e-08	9.660000e-01	3.525131e-11
20	4030.492130	1.621019e-08	7.654000e-01	9.330164e-27
20	11785.263728	1.616437e-08	6.940001e-01	8.201205e-26
20	3130.582290	1.622350e-08	7.790000e-01	7.126640e-27
20	18004.544246	1.628673e-08	6.668002e-01	1.000000e-08
20	220.384617	1.478424e-07	9.864000e-01	3.635292e-11
20	1098.370606	5.868608e-10	9.320000e-01	3.101404e-25
20	1617.791192	1.626348e-08	8.096000e-01	1.361011e-26
20	1488.900740	1.626910e-08	8.130000e-01	1.683785e-26
20	18075.666619	1.635568e-08	6.702002e-01	1.000000e-08
20	1107.217295	8.877383e-11	8.130000e-01	6.207766e-24
20	569.268671	1.634763e-08	8.470000e-01	1.166846e-27
20	368.980212	1.639760e-08	8.606000e-01	6.053849e-27
20	9398.100809	1.617270e-08	7.110000e-01	3.371290e-26
20	19066.440874	1.731345e-08	7.144000e-01	1.000000e-08
20	1088.959142	1.170993e-09	9.524000e-01	2.194329e-26
20	4539.446703	1.620429e-08	7.586000e-01	1.529633e-26
20	1106.987086	9.907259e-11	8.266000e-01	2.297514e-24
20	215.139339	2.796040e-08	9.320000e-01	2.688216e-11
20	1897.813629	1.625307e-08	8.028000e-01	3.113905e-26
20	220.487475	1.984819e-07	9.898000e-01	3.630608e-11
20	5382.070473	1.619620e-08	7.484000e-01	6.486607e-26
20	1103.398892	2.657873e-10	9.014000e-01	5.935123e-25
20	1043.574155	1.629492e-08	8.266000e-01	1.976733e-27
20	218.141423	4.397634e-08	9.558000e-01	3.369055e-11
20	220.553215	3.017778e-07	9.932001e-01	3.620013e-11
20	1108.043803	4.749094e-11	7.110000e-01	5.020425e-23
20	19313.220664	1.755193e-08	7.246000e-01	1.000000e-08
20	5999.645315	1.619128e-08	7.416000e-01	3.943506e-26
20	19397.048250	1.763300e-08	7.280000e-01	1.000000e-08
20	18441.986603	1.671021e-08	6.872001e-01	1.000000e-08
20	1104.407296	2.160831e-10	8.912000e-01	3.154820e-25
20	211.313139	1.882296e-08	9.014000e-01	1.006868e-11
20	220.553215	3.017778e-07	9.932001e-01	3.620013e-11
20	18220.039214	1.649551e-08	6.770002e-01	1.000000e-08
20	1754.037581	1.625814e-08	8.062000e-01	1.020451e-26
20	219.666608	7.269463e-08	9.728000e-01	3.589934e-11
20	216.946286	3.538525e-08	9.456000e-01	3.135288e-11
20	210.765773	1.657383e-08	8.878000e-01	3.764584e-27
20	212.831859	2.205318e-08	9.150000e-01	1.881248e-11
20	7755.361407	1.618031e-08	7.246000e-01	6.271039e-26
20	4539.446662	1.620428e-08	7.586000e-01	5.866447e-26
20	1106.613559	1.155681e-10	8.436000e-01	8.920616e-25
20	18293.298437	1.656641e-08	6.804002e-01	1.000000e-08
20	2928.863639	1.622718e-08	7.824000e-01	5.152583e-27
20	220.487475	1.984818e-07	9.898000e-01	3.630608e-11
20	1107.217295	8.877383e-11	8.130000e-01	2.313726e-24
20	1144.693068	1.628791e-08	8.232000e-01	3.166667e-26
20	332.211219	1.641284e-08	8.640000e-01	1.578572e-26
20	1103.398892	2.657873e-10	9.014000e-01	2.623446e-25
20	1099.776520	4.858133e-10	9.252000e-01	9.913752e-25
20	1106.613559	1.155681e-10	8.436000e-01	1.552502e-24
20	220.384617	1.478424e-07	9.864000e-01	3.635292e-11
20	212.407948	2.114946e-08	9.116000e-01	1.683022e-11
20	8548.742671	1.617639e-08	7.178000e-01	8.577099e-26
20	949.004415	1.630236e-08	8.300000e-01	7.902311e-27
20	10306.253740	1.616923e-08	7.042000e-01	1.138517e-25
20	2736.018135	1.623102e-08	7.858000e-01	2.325199e-27
20	1099.108880	5.334995e-10	9.286000e-01	1.687108e-25
20	220.249933	1.176875e-07	9.830000e-01	3.633821e-11
20	5685.095313	1.619370e-08	7.450000e-01	9.988880e-27
20	211.313139	1.882296e-08	9.014000e-01	1.006868e-11
20	8966.251150	1.617452e-08	7.144000e-01	5.586629e-26
20	219.890264	8.338512e-08	9.762000e-01	3.611402e-11
20	1106.776668	1.083794e-10	8.368000e-01	1.243693e-25
20	5382.070395	1.619620e-08	7.484000e-01	2.201354e-26
20	18075.667003	1.635568e-08	6.702002e-01	1.000000e-08
20	1367.197091	1.627503e-08	8.164000e-01	2.703586e-26
20	2049.296957	1.624823e-08	7.994000e-01	5.076671e-26
20	949.004398	1.630236e-08	8.300000e-01	4.006137e-27
20	220.384617	1.478424e-07	9.864000e-01	3.635292e-11
20	214.317190	1.654258e-08	8.844000e-01	8.094385e-26
20	219.666608	7.269463e-08	9.728000e-01	3.589934e-11
20	217.364039	3.786524e-08	9.490000e-01	3.222349e-11
20	210.765772	1.657383e-08	8.878000e-01	2.210773e-25
20	300.522402	1.642949e-08	8.674000e-01	3.317736e-28
20	11276.168996	1.616595e-08	6.974000e-01	2.175831e-25
20	215.605622	2.952099e-08	9.354000e-01	2.815468e-11
20	5090.297073	1.619880e-08	7.518000e-01	3.720617e-26
20	1617.791190	1.626348e-08	8.096000e-01	7.855767e-27
20	214.198653	2.526976e-08	9.252000e-01	2.400678e-11
20	949.004406	1.630236e-08	8.300000e-01	1.262868e-26
20	214.198653	2.526976e-08	9.252000e-01	2.400678e-11
20	368.980195	1.639760e-08	8.606000e-01	2.990776e-27
20	219.666608	7.269463e-08	9.728000e-01	3.589934e-11
20	18593.603338	1.685674e-08	6.940000e-01	1.000000e-08
20	219.135024	5.774885e-08	9.660000e-01	3.525131e-11
20	19397.048250	1.763300e-08	7.280000e-01	1.000000e-08
20	4539.446662	1.620429e-08	7.586000e-01	1.892225e-26
20	215.605622	2.952099e-08	9.354000e-01	2.815468e-11
20	18367.272131	1.663797e-08	6.837999e-01	1.000000e-08
20	216.512172	3.319873e-08	9.422000e-01	3.038671e-11
20	12310.992030	1.616284e-08	6.906000e-01	1.460905e-26
20	219.666608	7.269463e-08	9.728000e-01	3.589934e-11
20	4539.446667	1.620429e-08	7.586000e-01	2.009262e-26
20	212.407949	2.114946e-08	9.116000e-01	1.683022e-11
20	18075.667212	1.635568e-08	6.702002e-01	1.000000e-08
20	220.384617	1.478424e-07	9.864000e-01	3.635292e-11
20	633.271814	1.633732e-08	8.436000e-01	7.308272e-27
20	18147.496815	1.642527e-08	6.736002e-01	1.000000e-08
20	1144.693057	1.628791e-08	8.232000e-01	8.392567e-27
20	1097.529783	6.470952e-10	9.354000e-01	3.069483e-25
20	219.890264	8.338513e-08	9.762000e-01	3.611402e-11
20	18985.732872	1.723550e-08	7.110000e-01	1.000000e-08
20	368.980185	1.639760e-08	8.606000e-01	2.371937e-27
20	4279.856966	1.620718e-08	7.620000e-01	8.253725e-26
20	9844.646078	1.617094e-08	7.076000e-01	1.866083e-25
20	220.084906	9.765956e-08	9.796000e-01	3.625943e-11
20	18441.987180	1.671021e-08	6.872001e-01	1.000000e-08
20	18905.792197	1.715829e-08	7.076000e-01	1.000000e-08
20	212.009310	2.031454e-08	9.082000e-01	1.471536e-11
20	3561.488445	1.621658e-08	7.722000e-01	9.089914e-27
20	2376.119403	1.623923e-08	7.926000e-01	9.809251e-27
20	1252.514945	1.628129e-08	8.198000e-01	1.024924e-26
20	19147.922193	1.739217e-08	7.178000e-01	1.000000e-08
20	2736.018140	1.623102e-08	7.858000e-01	1.084247e-26
20	4539.446610	1.620429e-08	7.586000e-01	1.944062e-26
20	1107.737165	6.422186e-11	7.654000e-01	6.194809e-24
20	5382.070536	1.619620e-08	7.484000e-01	2.059686e-26
20	219.890264	8.338512e-08	9.762000e-01	3.611402e-11
20	18905.792204	1.715829e-08	7.076000e-01	1.000000e-08
20	220.384617	1.478424e-07	9.864000e-01	3.635292e-11
20	5090.297074	1.619880e-08	7.518000e-01	1.349289e-25
20	18748.192799	1.700608e-08	7.008000e-01	1.000000e-08
20	1107.049489	9.629716e-11	8.232000e-01	2.393153e-24
20	251.924619	1.646784e-08	8.742000e-01	1.134592e-26
20	2928.863639	1.622718e-08	7.824000e-01	1.978959e-26
20	214.317193	1.654258e-08	8.844000e-01	6.204350e-26
20	703.109015	1.632770e-08	8.402000e-01	6.722272e-27
20	1106.850994	1.050986e-10	8.334000e-01	4.429401e-25
20	234.791832	1.649009e-08	8.776000e-01	1.548324e-26
20	2049.296954	1.624823e-08	7.994000e-01	1.577067e-26
20	9398.100747	1.617270e-08	7.110000e-01	8.365871e-26
20	214.198653	2.526976e-08	9.252000e-01	2.400678e-11
20	220.249933	1.176875e-07	9.830000e-01	3.633821e-11
20	213.732476	2.410245e-08	9.218000e-01	2.239668e-11
20	18220.039143	1.649551e-08	6.770002e-01	1.000000e-08
20	220.084906	9.765955e-08	9.796000e-01	3.625943e-11
20	1107.360423	8.225452e-11	8.028000e-01	2.278131e-24
