16	9860.931446	1.845177e-08	8.746000e-01	2.213421e-26
16	809.069138	1.701286e-08	9.316000e-01	6.983188e-27
16	13957.168476	1.858488e-08	8.613000e-01	3.468060e-26
16	18948.252050	1.869062e-08	8.480000e-01	7.807844e-26
16	22232.622573	1.874182e-08	8.404000e-01	3.061835e-26
16	34160.107663	1.886615e-08	8.176000e-01	6.575741e-25
16	5417.205989	1.818834e-08	8.936000e-01	4.687697e-27
16	709.996923	1.690194e-08	9.335000e-01	3.887225e-27
16	23999.136070	1.876534e-08	8.366000e-01	2.505768e-25
16	30870.602880	1.883852e-08	8.233000e-01	1.247885e-25
16	7441.998838	1.833345e-08	8.841000e-01	2.607744e-27
16	809.069242	1.701286e-08	9.316000e-01	8.558018e-27
16	1321.734483	1.737964e-08	9.240000e-01	4.184715e-27
16	13957.168902	1.858488e-08	8.613000e-01	1.648509e-26
16	322.982629	1.576723e-08	9.468000e-01	1.624548e-26
16	304.890474	1.530427e-08	9.506000e-01	1.776393e-13
16	2236.586821	1.771554e-08	9.145000e-01	4.322253e-27
16	5791.775941	1.821993e-08	8.917000e-01	3.094958e-26
16	17426.375710	1.866269e-08	8.518000e-01	1.910127e-26
16	7441.998716	1.833345e-08	8.841000e-01	7.087310e-27
16	380.704998	1.617404e-08	9.430000e-01	1.441612e-26
16	15288.507753	1.861749e-08	8.575000e-01	9.538477e-27
16	304.966654	1.591305e-08	9.525000e-01	3.592204e-12
16	7893.481187	1.835900e-08	8.822000e-01	2.799895e-26
16	479.923440	1.650610e-08	9.392000e-01	5.524345e-27
16	4381.727996	1.808437e-08	8.993000e-01	1.723335e-26
16	322.982636	1.576723e-08	9.468000e-01	5.096443e-27
16	28794.833128	1.881893e-08	8.271000e-01	1.512011e-25
16	2028.397194	1.765662e-08	9.164000e-01	1.978746e-27
16	8844.505552	1.840716e-08	8.784000e-01	1.698716e-26
16	7441.998862	1.833345e-08	8.841000e-01	1.210083e-26
16	7006.277169	1.830684e-08	8.860000e-01	2.657417e-26
16	1215.551436	7.968187e-11	8.974000e-01	1.072081e-23
16	309.070540	3.341103e-08	9.772000e-01	3.187638e-11
16	27791.245440	1.880876e-08	8.290000e-01	5.630466e-26
16	11511.744090	1.851281e-08	8.689000e-01	2.606125e-26
16	11511.744390	1.851281e-08	8.689000e-01	4.557843e-26
16	35304.667398	1.887493e-08	8.157000e-01	4.388738e-25
16	3474.863638	1.796410e-08	9.050000e-01	1.115365e-26
16	1212.553703	2.073210e-10	9.468000e-01	8.333154e-25
16	21380.826733	1.872956e-08	8.423000e-01	8.382832e-27
16	2457.711515	1.777103e-08	9.126000e-01	3.113612e-26
16	13318.987488	1.856776e-08	8.632000e-01	2.492142e-26
16	2028.397193	1.765662e-08	9.164000e-01	1.104339e-26
16	1215.101451	1.007928e-10	9.145000e-01	3.833951e-24
16	22232.624137	1.874182e-08	8.404000e-01	1.287573e-25
16	1214.607052	1.224833e-10	9.259000e-01	2.275429e-24
16	306.830977	2.214466e-08	9.658000e-01	2.228790e-11
16	20549.669221	1.871695e-08	8.442000e-01	8.230946e-26
16	306.830977	2.214466e-08	9.658000e-01	2.228790e-11
16	309.413774	3.649519e-08	9.791000e-01	3.295583e-11
16	13957.168169	1.858488e-08	8.613000e-01	2.772111e-26
16	3763.152702	1.800623e-08	9.031000e-01	2.913046e-26
16	4381.727965	1.808437e-08	8.993000e-01	1.147732e-26
16	26810.162200	1.879833e-08	8.309000e-01	7.702661e-27
16	305.539081	1.808514e-08	9.582000e-01	1.267635e-11
16	7893.480607	1.835900e-08	8.822000e-01	3.456365e-26
16	17426.375555	1.866269e-08	8.518000e-01	1.910779e-26
16	1321.734575	1.737964e-08	9.240000e-01	2.653037e-27
16	4712.361563	1.812067e-08	8.974000e-01	1.470688e-26
16	425.023160	1.634815e-08	9.411000e-01	3.295615e-27
16	1215.101451	1.007928e-10	9.145000e-01	2.617733e-24
16	309.413774	3.649519e-08	9.791000e-01	3.295583e-11
16	1321.734504	1.737964e-08	9.240000e-01	1.434929e-27
16	545.598065	1.664993e-08	9.373000e-01	6.282078e-27
16	1199.188052	9.180578e-10	9.753000e-01	1.455465e-25
16	26810.164619	1.879833e-08	8.309000e-01	1.081335e-26
16	310.789278	6.743517e-08	9.886000e-01	3.633594e-11
16	7441.998900	1.833345e-08	8.841000e-01	1.017221e-26
16	1202.807339	7.136808e-10	9.715000e-01	2.914323e-25
16	305.298442	1.729599e-08	9.563000e-01	9.835253e-12
16	310.789278	6.743517e-08	9.886000e-01	3.633594e-11
16	310.979412	8.108651e-08	9.905000e-01	3.663341e-11
16	2457.711366	1.777103e-08	9.126000e-01	1.869406e-26
16	4065.383324	1.804627e-08	9.012000e-01	1.587457e-26
16	8844.506019	1.840716e-08	8.784000e-01	8.254474e-27
16	3763.152856	1.800623e-08	9.031000e-01	1.434731e-26
16	304.966654	1.591305e-08	9.525000e-01	3.592205e-12
16	17426.375776	1.866269e-08	8.518000e-01	2.387555e-26
16	25851.298428	1.878762e-08	8.328000e-01	1.183291e-25
16	1214.960425	1.070944e-10	9.183000e-01	1.462275e-24
16	2691.935177	1.782339e-08	9.107000e-01	1.899206e-26
16	311.259511	1.359287e-07	9.943000e-01	3.687908e-11
16	6586.125517	1.827910e-08	8.879000e-01	1.740832e-26
16	23999.134569	1.876534e-08	8.366000e-01	1.697849e-26
16	309.413774	3.649518e-08	9.791000e-01	3.295583e-11
16	4065.383101	1.804627e-08	9.012000e-01	5.817966e-27
16	31943.368459	1.884796e-08	8.214000e-01	1.336148e-24
16	307.963064	2.663995e-08	9.715000e-01	2.776922e-11
16	1215.164987	9.791491e-11	9.126000e-01	1.828736e-23
16	346.764797	1.598135e-08	9.449000e-01	8.100809e-27
16	1213.958024	1.498137e-10	9.354000e-01	1.136621e-24
16	1215.224428	9.519743e-11	9.107000e-01	2.038887e-24
16	709.996979	1.690194e-08	9.335000e-01	8.975529e-27
16	305.105136	1.657466e-08	9.544000e-01	6.809168e-12
16	311.360872	4.221083e-07	9.981001e-01	3.668398e-11
16	311.259511	1.359287e-07	9.943000e-01	3.687908e-11
16	5791.775846	1.821993e-08	8.917000e-01	1.716178e-26
16	4712.361695	1.812067e-08	8.974000e-01	5.754008e-27
16	305.819678	1.895176e-08	9.601000e-01	1.533766e-11
16	29821.187121	1.882885e-08	8.252000e-01	9.783900e-26
16	479.923416	1.650610e-08	9.392000e-01	5.670060e-27
16	5417.205619	1.818834e-08	8.936000e-01	2.347314e-26
16	12698.835631	1.855007e-08	8.651000e-01	1.646639e-27
16	622.230389	1.678139e-08	9.354000e-01	6.339628e-27
16	311.343086	2.052189e-07	9.962000e-01	3.683475e-11
16	7893.480940	1.835900e-08	8.822000e-01	1.356555e-26
16	23105.306269	1.875374e-08	8.385000e-01	9.206439e-26
16	1201.220287	8.056674e-10	9.734000e-01	2.050487e-25
16	2691.935211	1.782339e-08	9.107000e-01	8.030806e-27
16	3474.863392	1.796410e-08	9.050000e-01	1.099065e-26
16	33039.770911	1.885716e-08	8.195000e-01	9.209219e-27
16	311.360872	4.221082e-07	9.981001e-01	3.668398e-11
16	1041.798966	1.720995e-08	9.278000e-01	5.739674e-27
16	29821.182566	1.882885e-08	8.252000e-01	1.131960e-26
16	23999.132552	1.876534e-08	8.366000e-01	5.821403e-26
16	35304.675019	1.887493e-08	8.157000e-01	5.015142e-25
16	310.317750	5.040101e-08	9.848000e-01	3.537325e-11
16	10944.374509	1.849319e-08	8.708000e-01	2.464335e-26
16	33039.760866	1.885716e-08	8.195000e-01	6.624039e-26
16	1832.979116	1.759396e-08	9.183000e-01	5.677540e-27
16	2939.423715	1.787287e-08	9.088000e-01	1.356311e-27
16	709.996938	1.690194e-08	9.335000e-01	1.823170e-27
16	310.317750	5.040101e-08	9.848000e-01	3.537325e-11
16	1215.772026	6.840992e-11	8.841000e-01	8.607443e-25
16	310.979412	8.108651e-08	9.905000e-01	3.663341e-11
16	34160.099142	1.886615e-08	8.176000e-01	8.344853e-25
16	305.539081	1.808514e-08	9.582000e-01	1.267635e-11
16	1216.027298	5.387253e-11	8.594000e-01	3.323873e-23
16	309.070540	3.341103e-08	9.772000e-01	3.187638e-11
16	309.070540	3.341103e-08	9.772000e-01	3.187638e-11
16	1213.785950	1.569336e-10	9.373000e-01	4.229126e-25
16	20549.665659	1.871695e-08	8.442000e-01	1.168473e-25
16	2939.423679	1.787287e-08	9.088000e-01	8.093820e-27
16	34160.097980	1.886615e-08	8.176000e-01	2.322240e-25
16	16694.663387	1.864809e-08	8.537000e-01	2.313893e-26
16	2457.711537	1.777103e-08	9.126000e-01	4.312965e-26
16	7441.998447	1.833345e-08	8.841000e-01	1.995578e-26
16	7006.277574	1.830684e-08	8.860000e-01	3.783875e-26
16	311.343086	2.052189e-07	9.962000e-01	3.683475e-11
16	1209.522681	3.377907e-10	9.582000e-01	1.123699e-25
16	1215.471426	8.358416e-11	9.012000e-01	5.281362e-24
16	12698.835604	1.855007e-08	8.651000e-01	6.184342e-26
16	307.202768	2.346446e-08	9.677000e-01	2.427338e-11
16	1202.807339	7.136808e-10	9.715000e-01	2.147213e-25
16	9344.443443	1.842989e-08	8.765000e-01	1.933196e-26
16	5057.461219	1.815529e-08	8.955000e-01	6.388518e-27
16	18948.252162	1.869062e-08	8.480000e-01	5.079800e-27
16	21380.824725	1.872956e-08	8.423000e-01	1.299097e-25
16	7006.277397	1.830684e-08	8.860000e-01	3.887082e-26
16	1650.170502	1.752720e-08	9.202000e-01	1.716307e-27
16	29821.188408	1.882885e-08	8.252000e-01	1.819269e-25
16	308.711750	3.080404e-08	9.753000e-01	3.065438e-11
16	23999.140813	1.876534e-08	8.366000e-01	1.157104e-25
16	622.230440	1.678139e-08	9.354000e-01	2.098527e-26
16	310.317750	5.040101e-08	9.848000e-01	3.537325e-11
16	307.202768	2.346446e-08	9.677000e-01	2.427338e-11
16	6586.125510	1.827910e-08	8.879000e-01	5.768385e-27
16	27791.249785	1.880877e-08	8.290000e-01	2.300503e-25
16	9344.442995	1.842989e-08	8.765000e-01	1.968382e-26
16	27791.251715	1.880877e-08	8.290000e-01	4.966066e-26
16	307.202768	2.346446e-08	9.677000e-01	2.427338e-11
16	304.966654	1.591305e-08	9.525000e-01	3.592204e-12
16	1215.101451	1.007928e-10	9.145000e-01	1.321171e-24
16	17426.375917	1.866269e-08	8.518000e-01	1.085285e-25
16	2457.711402	1.777103e-08	9.126000e-01	1.120925e-26
16	2691.935389	1.782339e-08	9.107000e-01	7.362151e-27
16	10944.374685	1.849319e-08	8.708000e-01	1.693306e-25
16	311.259511	1.359287e-07	9.943000e-01	3.687908e-11
16	5417.205810	1.818834e-08	8.936000e-01	1.140746e-26
16	1215.381565	8.787708e-11	9.050000e-01	2.573487e-24
16	1041.799012	1.720995e-08	9.278000e-01	3.340859e-27
16	1213.958024	1.498137e-10	9.354000e-01	1.702583e-26
16	1650.170516	1.752720e-08	9.202000e-01	4.706565e-27
16	38886.859377	1.890006e-08	8.100000e-01	1.032277e-18
16	38886.859426	1.890006e-08	8.100000e-01	9.562642e-19
16	35304.672791	1.887493e-08	8.157000e-01	4.744246e-25
16	1210.792704	2.808203e-10	9.544000e-01	1.137164e-24
16	11511.744414	1.851281e-08	8.689000e-01	4.266123e-26
16	8360.917759	1.838355e-08	8.803000e-01	2.625441e-26
16	21380.830714	1.872956e-08	8.423000e-01	7.255566e-26
16	309.738034	4.019967e-08	9.810000e-01	3.389615e-11
16	308.711750	3.080404e-08	9.753000e-01	3.065438e-11
16	1205.233722	5.690427e-10	9.677000e-01	1.503557e-25
16	19738.898989	1.870397e-08	8.461000e-01	5.970949e-26
16	4381.727580	1.808437e-08	8.993000e-01	3.478253e-26
16	6181.354097	1.825016e-08	8.898000e-01	8.090701e-27
16	9860.931283	1.845177e-08	8.746000e-01	1.212531e-26
16	5417.205810	1.818834e-08	8.936000e-01	5.456632e-27
16	545.598014	1.664993e-08	9.373000e-01	5.919501e-27
16	5791.775948	1.821993e-08	8.917000e-01	3.101009e-26
16	14613.600331	1.860145e-08	8.594000e-01	2.286105e-26
16	479.923425	1.650610e-08	9.392000e-01	1.120308e-27
16	14613.600049	1.860145e-08	8.594000e-01	5.846837e-26
16	1207.996433	4.132046e-10	9.620000e-01	3.464572e-25
16	311.360872	4.221081e-07	9.981001e-01	3.668398e-11
16	309.738034	4.019967e-08	9.810000e-01	3.389615e-11
16	306.472347	2.096599e-08	9.639000e-01	2.013932e-11
16	1321.734471	1.737964e-08	9.240000e-01	8.721250e-27
16	17426.375805	1.866269e-08	8.518000e-01	7.387273e-26
16	307.581927	2.495176e-08	9.696000e-01	2.609933e-11
16	1216.081063	5.047861e-11	8.518000e-01	4.894995e-24
16	4381.727859	1.808437e-08	8.993000e-01	5.885781e-26
16	310.979412	8.108652e-08	9.905000e-01	3.663341e-11
16	1215.280133	9.262654e-11	9.088000e-01	1.474405e-24
16	1041.798974	1.720995e-08	9.278000e-01	1.051578e-26
16	10394.173125	1.847285e-08	8.727000e-01	2.764333e-26
16	304.966654	1.591305e-08	9.525000e-01	3.592204e-12
16	305.819678	1.895176e-08	9.601000e-01	1.533767e-11
16	1650.170499	1.752720e-08	9.202000e-01	1.199470e-26
16	4381.727737	1.808437e-08	8.993000e-01	3.989884e-27
16	919.614917	1.711522e-08	9.297000e-01	6.473331e-27
16	1832.979119	1.759396e-08	9.183000e-01	3.739577e-27
16	709.997027	1.690194e-08	9.335000e-01	4.423108e-27
16	23105.300203	1.875374e-08	8.385000e-01	3.718396e-26
16	23105.305132	1.875374e-08	8.385000e-01	5.019621e-26
16	1216.192512	4.284381e-11	8.309000e-01	2.250663e-23
16	1216.208419	4.166820e-11	8.271000e-01	4.489043e-23
16	305.105136	1.657466e-08	9.544000e-01	6.809168e-12
16	11511.744374	1.851281e-08	8.689000e-01	1.943606e-26
16	23999.138506	1.876534e-08	8.366000e-01	6.079307e-26
16	4712.361424	1.812067e-08	8.974000e-01	1.226849e-26
16	2691.935337	1.782339e-08	9.107000e-01	4.831379e-26
16	309.738034	4.019967e-08	9.810000e-01	3.389615e-11
16	29821.183555	1.882885e-08	8.252000e-01	1.730618e-25
16	4065.383320	1.804627e-08	9.012000e-01	9.645226e-27
16	2028.397124	1.765662e-08	9.164000e-01	2.525964e-27
16	23105.300509	1.875374e-08	8.385000e-01	1.780283e-25
16	346.764795	1.598135e-08	9.449000e-01	1.009826e-26
16	2028.397216	1.765662e-08	9.164000e-01	3.580886e-27
16	23999.136557	1.876534e-08	8.366000e-01	9.581401e-26
16	545.598090	1.664993e-08	9.373000e-01	1.166817e-26
16	9860.931128	1.845177e-08	8.746000e-01	1.515688e-26
16	1192.210722	1.263177e-09	9.791000e-01	1.927894e-25
16	12096.493516	1.853176e-08	8.670000e-01	6.303320e-26
16	304.966654	1.591305e-08	9.525000e-01	3.592204e-12
16	305.105136	1.657466e-08	9.544000e-01	6.809167e-12
16	305.298442	1.729599e-08	9.563000e-01	9.835253e-12
16	19738.898495	1.870397e-08	8.461000e-01	1.376797e-26
16	22232.622246	1.874182e-08	8.404000e-01	3.973227e-26
16	25851.297966	1.878762e-08	8.328000e-01	3.768067e-26
16	23105.301363	1.875374e-08	8.385000e-01	1.178130e-25
16	5057.461409	1.815529e-08	8.955000e-01	8.941951e-27
16	23999.134368	1.876534e-08	8.366000e-01	1.245258e-26
16	4712.361679	1.812067e-08	8.974000e-01	4.880037e-26
16	305.298442	1.729599e-08	9.563000e-01	9.835254e-12
16	11511.743947	1.851281e-08	8.689000e-01	3.590043e-26
16	311.360872	4.221081e-07	9.981001e-01	3.668398e-11
16	309.070540	3.341103e-08	9.772000e-01	3.187638e-11
16	24914.380891	1.877663e-08	8.347000e-01	3.840033e-26
16	8844.505739	1.840716e-08	8.784000e-01	4.246995e-26
16	3474.863578	1.796410e-08	9.050000e-01	7.625931e-27
16	1205.233722	5.690427e-10	9.677000e-01	6.174879e-25
16	40265.329904	1.944387e-08	8.213998e-01	1.000000e-08
16	309.413774	3.649519e-08	9.791000e-01	3.295583e-11
16	3200.343770	1.791971e-08	9.069000e-01	1.314490e-26
16	1216.263774	3.738847e-11	8.119000e-01	6.182103e-12
16	919.614919	1.711522e-08	9.297000e-01	9.688079e-27
16	346.764776	1.598135e-08	9.449000e-01	1.728033e-26
16	2457.711395	1.777103e-08	9.126000e-01	1.436431e-26
16	10394.172705	1.847285e-08	8.727000e-01	4.138670e-26
16	8844.506054	1.840716e-08	8.784000e-01	1.778189e-26
16	12698.836030	1.855007e-08	8.651000e-01	4.505587e-26
16	28794.829390	1.881893e-08	8.271000e-01	1.760433e-25
16	15982.118697	1.863303e-08	8.556000e-01	1.787419e-27
16	311.343086	2.052189e-07	9.962000e-01	3.683475e-11
16	308.341198	2.857199e-08	9.734000e-01	2.928644e-11
16	304.890474	1.530427e-08	9.506000e-01	1.776404e-13
16	2691.935147	1.782339e-08	9.107000e-01	2.995658e-26
16	13957.168550	1.858488e-08	8.613000e-01	1.210792e-25
16	23105.305144	1.875374e-08	8.385000e-01	1.033262e-25
16	7006.277257	1.830684e-08	8.860000e-01	2.223995e-27
16	1215.381565	8.787708e-11	9.050000e-01	2.057851e-24
16	25851.300065	1.878762e-08	8.328000e-01	8.079086e-26
16	1213.594324	1.648221e-10	9.392000e-01	2.202393e-24
16	1215.280133	9.262654e-11	9.088000e-01	2.016355e-24
16	3763.152702	1.800623e-08	9.031000e-01	9.974248e-27
16	1832.979314	1.759396e-08	9.183000e-01	4.291423e-27
16	305.105136	1.657466e-08	9.544000e-01	6.809168e-12
16	310.040262	4.473140e-08	9.829000e-01	3.470079e-11
16	305.539081	1.808514e-08	9.582000e-01	1.267635e-11
16	304.890474	1.530427e-08	9.506000e-01	1.776391e-13
16	15288.507159	1.861749e-08	8.575000e-01	4.223510e-26
16	304.890474	1.530427e-08	9.506000e-01	1.776385e-13
16	1213.138250	1.834821e-10	9.430000e-01	1.725303e-25
16	34160.106452	1.886615e-08	8.176000e-01	1.191384e-25
16	15288.507371	1.861749e-08	8.575000e-01	4.498235e-26
16	37667.749490	1.889187e-08	8.119000e-01	1.703233e-24
16	13318.987873	1.856776e-08	8.632000e-01	1.990119e-26
16	13957.168496	1.858488e-08	8.613000e-01	2.897588e-26
16	7006.277405	1.830684e-08	8.860000e-01	1.963343e-26
16	9860.931581	1.845177e-08	8.746000e-01	1.469921e-26
16	1214.960425	1.070944e-10	9.183000e-01	1.518074e-24
16	8360.917775	1.838355e-08	8.803000e-01	1.982096e-26
16	19738.898787	1.870397e-08	8.461000e-01	2.272841e-26
16	33039.767229	1.885716e-08	8.195000e-01	6.852642e-26
16	9860.931546	1.845177e-08	8.746000e-01	2.183036e-26
16	9344.442960	1.842989e-08	8.765000e-01	2.066207e-26
16	311.343086	2.052188e-07	9.962000e-01	3.683475e-11
16	1210.792704	2.808203e-10	9.544000e-01	4.700332e-25
16	21380.823423	1.872956e-08	8.423000e-01	3.042190e-26
16	34160.100953	1.886615e-08	8.176000e-01	1.570615e-25
16	309.738034	4.019967e-08	9.810000e-01	3.389615e-11
16	38886.858496	1.890006e-08	8.100000e-01	7.405001e-19
16	6181.354412	1.825016e-08	8.898000e-01	2.417347e-27
16	310.317750	5.040101e-08	9.848000e-01	3.537325e-11
16	1213.594324	1.648221e-10	9.392000e-01	1.102002e-24
16	2028.397294	1.765662e-08	9.164000e-01	2.852381e-26
16	309.738034	4.019967e-08	9.810000e-01	3.389615e-11
16	8844.506232	1.840716e-08	8.784000e-01	8.803356e-27
16	1216.184131	4.345307e-11	8.328000e-01	8.240398e-23
16	425.023158	1.634815e-08	9.411000e-01	1.758995e-26
16	6181.354222	1.825016e-08	8.898000e-01	7.553137e-27
16	1216.104903	4.892077e-11	8.480000e-01	4.647111e-23
16	25851.301782	1.878762e-08	8.328000e-01	1.429082e-25
16	311.136820	1.016045e-07	9.924000e-01	3.681322e-11
16	311.136820	1.016045e-07	9.924000e-01	3.681322e-11
16	4381.727645	1.808437e-08	8.993000e-01	1.028156e-26
16	311.343086	2.052189e-07	9.962000e-01	3.683475e-11
16	310.979412	8.108651e-08	9.905000e-01	3.663341e-11
16	309.117858	1.552829e-08	9.487000e-01	7.727683e-26
16	33039.762267	1.885716e-08	8.195000e-01	1.855219e-25
16	18177.491905	1.867686e-08	8.499000e-01	7.672120e-27
16	1216.208419	4.166820e-11	8.271000e-01	8.115664e-23
16	-1.000000	-1.000000e+00	-1.000000e+00	-1.000000e+00
16	1650.170448	1.752720e-08	9.202000e-01	1.900040e-26
16	309.413774	3.649518e-08	9.791000e-01	3.295583e-11
16	19738.899007	1.870397e-08	8.461000e-01	5.500225e-26
16	308.711750	3.080404e-08	9.753000e-01	3.065438e-11
16	308.341198	2.857199e-08	9.734000e-01	2.928645e-11
16	24914.383477	1.877663e-08	8.347000e-01	1.479998e-26
16	4381.727671	1.808437e-08	8.993000e-01	3.354805e-26
16	16694.663561	1.864809e-08	8.537000e-01	5.278123e-26
16	1214.706017	1.182214e-10	9.240000e-01	4.353150e-24
16	1207.146609	4.588314e-10	9.639000e-01	9.094366e-26
16	13318.987787	1.856776e-08	8.632000e-01	2.172712e-25
16	13957.168167	1.858488e-08	8.613000e-01	6.638771e-27
16	17426.375714	1.866269e-08	8.518000e-01	1.134664e-25
16	309.413774	3.649519e-08	9.791000e-01	3.295583e-11
16	306.133063	1.990738e-08	9.620000e-01	1.782389e-11
16	9860.931092	1.845177e-08	8.746000e-01	9.256325e-27
16	1041.798955	1.720995e-08	9.278000e-01	5.374670e-27
16	23105.304851	1.875374e-08	8.385000e-01	1.423432e-25
16	311.136820	1.016045e-07	9.924000e-01	3.681322e-11
16	3763.152721	1.800623e-08	9.031000e-01	4.238352e-26
16	310.317750	5.040101e-08	9.848000e-01	3.537325e-11
16	309.070540	3.341103e-08	9.772000e-01	3.187638e-11
16	1832.979136	1.759396e-08	9.183000e-01	1.679116e-26
16	9344.443267	1.842989e-08	8.765000e-01	7.051592e-27
16	306.830977	2.214466e-08	9.658000e-01	2.228790e-11
16	27791.247929	1.880876e-08	8.290000e-01	4.347800e-26
16	10394.173290	1.847285e-08	8.727000e-01	2.682731e-26
16	17426.375455	1.866269e-08	8.518000e-01	1.013297e-26
16	8360.918261	1.838355e-08	8.803000e-01	3.389107e-26
16	309.070540	3.341103e-08	9.772000e-01	3.187638e-11
16	346.764787	1.598135e-08	9.449000e-01	1.130237e-26
16	309.413774	3.649518e-08	9.791000e-01	3.295583e-11
16	23105.303523	1.875374e-08	8.385000e-01	1.852737e-26
16	12096.493170	1.853176e-08	8.670000e-01	2.983618e-26
16	19738.898502	1.870397e-08	8.461000e-01	5.711803e-27
16	8844.506113	1.840716e-08	8.784000e-01	5.327729e-27
16	34160.104068	1.886615e-08	8.176000e-01	2.437287e-25
16	310.317750	5.040101e-08	9.848000e-01	3.537325e-11
16	24914.385772	1.877663e-08	8.347000e-01	1.456753e-25
16	25851.300770	1.878762e-08	8.328000e-01	7.696656e-26
16	308.711750	3.080404e-08	9.753000e-01	3.065438e-11
16	7006.277161	1.830684e-08	8.860000e-01	6.990395e-27
16	307.963064	2.663995e-08	9.715000e-01	2.776922e-11
16	5417.205520	1.818834e-08	8.936000e-01	2.817806e-26
16	23999.133841	1.876534e-08	8.366000e-01	7.941122e-26
16	1214.499529	1.270791e-10	9.278000e-01	1.038934e-24
16	1212.198174	2.218694e-10	9.487000e-01	5.501668e-25
16	27791.253902	1.880876e-08	8.290000e-01	2.477526e-25
16	380.704989	1.617404e-08	9.430000e-01	1.363722e-26
16	310.568115	5.769709e-08	9.867000e-01	3.591710e-11
16	4381.727549	1.808437e-08	8.993000e-01	1.941155e-26
16	23105.308418	1.875374e-08	8.385000e-01	5.299304e-26
16	545.598067	1.664993e-08	9.373000e-01	1.495209e-26
16	304.890474	1.530427e-08	9.506000e-01	1.776386e-13
16	305.298442	1.729599e-08	9.563000e-01	9.835253e-12
16	310.317750	5.040101e-08	9.848000e-01	3.537325e-11
16	15982.118853	1.863303e-08	8.556000e-01	4.285433e-26
16	309.117850	1.552829e-08	9.487000e-01	1.271744e-26
16	16694.663671	1.864809e-08	8.537000e-01	1.564265e-25
16	5057.461453	1.815529e-08	8.955000e-01	2.265409e-26
16	36473.795804	1.888350e-08	8.138000e-01	1.364653e-24
16	50645.162956	2.336345e-08	8.860000e-01	1.000000e-08
16	310.789278	6.743518e-08	9.886000e-01	3.633594e-11
16	304.890474	1.530427e-08	9.506000e-01	1.776391e-13
16	33039.763730	1.885716e-08	8.195000e-01	5.369098e-25
16	15982.118575	1.863303e-08	8.556000e-01	2.532910e-26
16	311.360872	4.221082e-07	9.981001e-01	3.668398e-11
16	24914.385860	1.877663e-08	8.347000e-01	1.103463e-25
16	310.568115	5.769708e-08	9.867000e-01	3.591710e-11
16	1321.734499	1.737964e-08	9.240000e-01	1.072092e-26
16	37667.749106	1.889187e-08	8.119000e-01	1.758728e-24
16	308.711750	3.080404e-08	9.753000e-01	3.065438e-11
16	308.341198	2.857199e-08	9.734000e-01	2.928645e-11
16	310.789278	6.743518e-08	9.886000e-01	3.633594e-11
16	1479.809303	1.745591e-08	9.221000e-01	2.542363e-27
16	14613.600251	1.860145e-08	8.594000e-01	2.272278e-26
16	24914.383556	1.877663e-08	8.347000e-01	8.669257e-26
16	8844.506317	1.840716e-08	8.784000e-01	2.148550e-26
16	305.539081	1.808514e-08	9.582000e-01	1.267635e-11
16	22232.620967	1.874182e-08	8.404000e-01	2.107877e-25
16	33039.768157	1.885716e-08	8.195000e-01	3.245580e-25
16	30870.603365	1.883852e-08	8.233000e-01	2.347352e-25
16	12096.493535	1.853176e-08	8.670000e-01	1.691793e-26
16	9344.443188	1.842989e-08	8.765000e-01	1.128355e-26
16	310.568115	5.769709e-08	9.867000e-01	3.591710e-11
16	26810.162609	1.879833e-08	8.309000e-01	2.201667e-25
16	34160.104019	1.886615e-08	8.176000e-01	1.718778e-25
16	8844.505849	1.840716e-08	8.784000e-01	1.620887e-26
16	2236.586912	1.771554e-08	9.145000e-01	2.165509e-26
16	1216.104903	4.892077e-11	8.480000e-01	1.114152e-23
16	8360.918285	1.838355e-08	8.803000e-01	1.465724e-26
16	306.830977	2.214466e-08	9.658000e-01	2.228790e-11
16	10944.374430	1.849319e-08	8.708000e-01	1.038940e-26
16	305.105136	1.657466e-08	9.544000e-01	6.809167e-12
16	23105.304046	1.875374e-08	8.385000e-01	3.238091e-26
16	82847.949953	3.951283e-08	9.943000e-01	1.000000e-08
16	9860.931019	1.845177e-08	8.746000e-01	3.902039e-27
16	14613.600252	1.860145e-08	8.594000e-01	2.701645e-26
16	18177.491900	1.867686e-08	8.499000e-01	9.216846e-26
16	1216.126973	4.744553e-11	8.442000e-01	1.611825e-23
16	1214.113316	1.433515e-10	9.335000e-01	1.906927e-24
16	7893.481226	1.835900e-08	8.822000e-01	7.755028e-26
16	311.259511	1.359286e-07	9.943000e-01	3.687908e-11
16	306.830977	2.214466e-08	9.658000e-01	2.228790e-11
16	305.298442	1.729599e-08	9.563000e-01	9.835254e-12
16	79684.008187	3.699613e-08	9.867000e-01	1.000000e-08
16	1215.381565	8.787708e-11	9.050000e-01	3.699940e-24
16	34160.107170	1.886615e-08	8.176000e-01	1.878859e-25
16	1215.033418	1.038466e-10	9.164000e-01	2.907163e-24
16	26810.164240	1.879833e-08	8.309000e-01	1.366616e-25
16	21380.830477	1.872956e-08	8.423000e-01	1.636437e-25
16	5791.776031	1.821993e-08	8.917000e-01	8.367296e-27
16	13318.987638	1.856776e-08	8.632000e-01	4.922426e-26
16	22232.616891	1.874182e-08	8.404000e-01	1.247308e-25
16	36473.796722	1.888350e-08	8.138000e-01	6.472026e-25
16	1215.888335	6.204808e-11	8.746000e-01	1.495787e-23
16	34160.107239	1.886615e-08	8.176000e-01	6.452522e-25
16	311.259511	1.359287e-07	9.943000e-01	3.687908e-11
16	12096.493729	1.853176e-08	8.670000e-01	2.804843e-26
16	9344.443363	1.842989e-08	8.765000e-01	7.864571e-26
16	8360.918055	1.838355e-08	8.803000e-01	7.479329e-26
16	26810.162951	1.879833e-08	8.309000e-01	1.553132e-26
16	1215.551436	7.968187e-11	8.974000e-01	1.070166e-23
16	19738.898761	1.870397e-08	8.461000e-01	5.383731e-27
16	305.105136	1.657466e-08	9.544000e-01	6.809167e-12
16	310.789278	6.743518e-08	9.886000e-01	3.633594e-11
16	16694.663351	1.864809e-08	8.537000e-01	3.499689e-26
16	1214.607052	1.224833e-10	9.259000e-01	1.164946e-24
16	3474.863526	1.796410e-08	9.050000e-01	1.834231e-27
16	305.819678	1.895176e-08	9.601000e-01	1.533767e-11
16	1212.198174	2.218694e-10	9.487000e-01	7.070788e-25
16	1213.958024	1.498137e-10	9.354000e-01	3.095625e-24
16	17426.375737	1.866269e-08	8.518000e-01	2.258878e-26
16	7893.480765	1.835900e-08	8.822000e-01	9.022668e-27
16	479.923423	1.650610e-08	9.392000e-01	4.666691e-27
16	307.581927	2.495176e-08	9.696000e-01	2.609933e-11
16	5417.205660	1.818834e-08	8.936000e-01	2.520727e-27
16	5057.461114	1.815529e-08	8.955000e-01	1.072580e-26
16	1215.588196	7.786012e-11	8.955000e-01	6.941968e-25
16	305.298442	1.729599e-08	9.563000e-01	9.835254e-12
16	12096.493630	1.853176e-08	8.670000e-01	1.358566e-25
16	38886.858603	1.890006e-08	8.100000e-01	1.030398e-18
16	306.133063	1.990739e-08	9.620000e-01	1.782389e-11
16	2028.397222	1.765662e-08	9.164000e-01	6.533846e-27
16	309.117854	1.552829e-08	9.487000e-01	3.973326e-26
16	29821.187738	1.882885e-08	8.252000e-01	3.945806e-25
16	545.598099	1.664993e-08	9.373000e-01	1.219344e-26
16	29821.181051	1.882885e-08	8.252000e-01	6.031743e-26
16	622.230408	1.678139e-08	9.354000e-01	9.550393e-27
16	23105.308035	1.875374e-08	8.385000e-01	4.473352e-26
16	309.070540	3.341103e-08	9.772000e-01	3.187638e-11
16	1213.958024	1.498138e-10	9.354000e-01	9.084220e-25
16	346.764777	1.598135e-08	9.449000e-01	6.995984e-27
16	8360.917899	1.838355e-08	8.803000e-01	8.210153e-27
16	12698.835521	1.855007e-08	8.651000e-01	3.425629e-26
16	40265.331081	1.944387e-08	8.213999e-01	1.000000e-08
16	25851.293341	1.878762e-08	8.328000e-01	3.098541e-26
16	304.890474	1.530427e-08	9.506000e-01	1.776384e-13
16	2028.397241	1.765662e-08	9.164000e-01	4.727897e-27
16	1192.210721	1.263177e-09	9.791000e-01	1.258591e-25
16	311.360872	4.221082e-07	9.981001e-01	3.668398e-11
16	37667.749512	1.889187e-08	8.119000e-01	2.641808e-24
16	307.202768	2.346446e-08	9.677000e-01	2.427338e-11
16	15288.506870	1.861749e-08	8.575000e-01	3.821381e-26
16	322.982634	1.576723e-08	9.468000e-01	5.774232e-27
16	1213.138250	1.834821e-10	9.430000e-01	2.199762e-25
16	18948.252204	1.869062e-08	8.480000e-01	1.683182e-26
16	1215.655978	7.444671e-11	8.917000e-01	7.432255e-25
16	8360.918105	1.838355e-08	8.803000e-01	4.347832e-26
16	1215.471426	8.358416e-11	9.012000e-01	4.635876e-24
16	306.472347	2.096599e-08	9.639000e-01	2.013932e-11
16	307.581927	2.495176e-08	9.696000e-01	2.609933e-11
16	34160.098633	1.886615e-08	8.176000e-01	2.352046e-26
16	919.614905	1.711522e-08	9.297000e-01	2.104831e-27
16	306.133063	1.990738e-08	9.620000e-01	1.782389e-11
16	8844.505756	1.840716e-08	8.784000e-01	4.278874e-26
16	4381.727544	1.808437e-08	8.993000e-01	4.210390e-26
16	33039.770570	1.885716e-08	8.195000e-01	6.281223e-25
16	1214.113316	1.433515e-10	9.335000e-01	1.443677e-24
16	4065.383081	1.804627e-08	9.012000e-01	1.803186e-26
16	1041.799016	1.720995e-08	9.278000e-01	2.100753e-27
16	322.982623	1.576723e-08	9.468000e-01	1.173195e-26
16	18177.492290	1.867686e-08	8.499000e-01	8.047535e-26
16	11511.744429	1.851281e-08	8.689000e-01	9.252574e-26
16	310.789278	6.743517e-08	9.886000e-01	3.633594e-11
16	36473.796998	1.888350e-08	8.138000e-01	2.848365e-25
16	19738.898981	1.870397e-08	8.461000e-01	9.651949e-26
16	21380.823315	1.872956e-08	8.423000e-01	7.137363e-26
16	12096.493414	1.853176e-08	8.670000e-01	5.571622e-26
16	305.539081	1.808514e-08	9.582000e-01	1.267635e-11
16	23999.140216	1.876534e-08	8.366000e-01	2.063151e-26
16	50645.163054	2.336346e-08	8.860000e-01	1.000000e-08
16	50645.163002	2.336345e-08	8.860000e-01	1.000000e-08
16	809.069159	1.701286e-08	9.316000e-01	9.000805e-26
16	21380.828036	1.872956e-08	8.423000e-01	4.340795e-26
16	310.317750	5.040101e-08	9.848000e-01	3.537325e-11
16	1209.522681	3.377907e-10	9.582000e-01	6.268244e-25
16	38886.859233	1.890006e-08	8.100000e-01	1.234253e-18
16	308.341198	2.857199e-08	9.734000e-01	2.928645e-11
16	26810.165100	1.879833e-08	8.309000e-01	2.202533e-25
16	21380.823007	1.872956e-08	8.423000e-01	1.591936e-25
16	1201.220287	8.056674e-10	9.734000e-01	1.556841e-25
16	1212.864828	1.946311e-10	9.449000e-01	1.193578e-24
16	37667.748718	1.889187e-08	8.119000e-01	3.425547e-25
16	23105.300390	1.875374e-08	8.385000e-01	1.717856e-25
16	8844.506113	1.840716e-08	8.784000e-01	1.391905e-26
16	23105.305314	1.875374e-08	8.385000e-01	1.600407e-25
16	8844.505663	1.840716e-08	8.784000e-01	5.571942e-26
16	310.789278	6.743518e-08	9.886000e-01	3.633594e-11
16	10944.374620	1.849319e-08	8.708000e-01	1.995185e-27
16	322.982631	1.576723e-08	9.468000e-01	9.023630e-27
16	545.598043	1.664993e-08	9.373000e-01	2.373806e-26
16	33039.770649	1.885716e-08	8.195000e-01	3.297378e-25
16	2457.711373	1.777103e-08	9.126000e-01	2.883431e-27
16	12698.835522	1.855007e-08	8.651000e-01	6.045325e-26
16	5057.461454	1.815529e-08	8.955000e-01	1.078329e-28
16	1175.784921	1.729786e-08	9.259000e-01	1.428844e-26
16	38886.858516	1.890006e-08	8.100000e-01	1.994268e-18
16	919.614882	1.711522e-08	9.297000e-01	1.051001e-26
16	310.789278	6.743518e-08	9.886000e-01	3.633594e-11
16	30870.599330	1.883852e-08	8.233000e-01	2.433989e-25
16	307.963064	2.663995e-08	9.715000e-01	2.776922e-11
16	305.105136	1.657466e-08	9.544000e-01	6.809168e-12
16	1175.784950	1.729786e-08	9.259000e-01	5.584083e-27
16	16694.663649	1.864809e-08	8.537000e-01	1.840085e-25
16	16694.663425	1.864809e-08	8.537000e-01	1.259051e-26
16	310.040262	4.473141e-08	9.829000e-01	3.470079e-11
16	25851.294044	1.878762e-08	8.328000e-01	1.913990e-26
16	1192.210722	1.263177e-09	9.791000e-01	8.691029e-26
16	9344.443224	1.842989e-08	8.765000e-01	1.997923e-26
16	309.738034	4.019967e-08	9.810000e-01	3.389615e-11
16	7893.481123	1.835900e-08	8.822000e-01	5.438631e-26
16	23999.140834	1.876534e-08	8.366000e-01	5.669761e-26
16	33039.770177	1.885716e-08	8.195000e-01	3.046556e-25
16	1041.798996	1.720995e-08	9.278000e-01	3.708622e-27
16	1212.553703	2.073210e-10	9.468000e-01	2.480801e-24
16	306.472347	2.096599e-08	9.639000e-01	2.013932e-11
16	304.890474	1.530427e-08	9.506000e-01	1.776385e-13
16	311.343086	2.052189e-07	9.962000e-01	3.683475e-11
16	40265.329545	1.944387e-08	8.213998e-01	1.000000e-08
16	1202.807339	7.136808e-10	9.715000e-01	1.941418e-25
16	1215.381565	8.787707e-11	9.050000e-01	5.175937e-25
16	1207.146609	4.588314e-10	9.639000e-01	7.036707e-25
16	919.614875	1.711522e-08	9.297000e-01	5.822850e-27
16	310.789278	6.743518e-08	9.886000e-01	3.633594e-11
16	38886.859476	1.890006e-08	8.100000e-01	5.014685e-19
16	310.040263	4.473141e-08	9.829000e-01	3.470079e-11
16	2457.711494	1.777103e-08	9.126000e-01	5.091704e-27
16	14613.599509	1.860145e-08	8.594000e-01	7.364551e-26
16	305.819678	1.895176e-08	9.601000e-01	1.533767e-11
16	346.764786	1.598135e-08	9.449000e-01	1.852605e-27
16	1215.946213	5.873256e-11	8.689000e-01	1.202810e-23
16	36473.796096	1.888350e-08	8.138000e-01	8.790557e-25
16	12096.493112	1.853176e-08	8.670000e-01	4.627697e-26
16	2691.935393	1.782339e-08	9.107000e-01	2.658273e-27
16	-1.000000	-1.000000e+00	-1.000000e+00	-1.000000e+00
16	306.472347	2.096599e-08	9.639000e-01	2.013932e-11
16	308.341198	2.857199e-08	9.734000e-01	2.928645e-11
16	14613.599586	1.860145e-08	8.594000e-01	5.904158e-27
16	311.360872	4.221084e-07	9.981001e-01	3.668398e-11
16	1215.996919	5.572630e-11	8.632000e-01	1.461574e-23
16	1215.381565	8.787708e-11	9.050000e-01	6.796627e-24
16	24914.383413	1.877663e-08	8.347000e-01	1.060557e-25
16	545.598103	1.664993e-08	9.373000e-01	1.256021e-26
16	310.979412	8.108650e-08	9.905000e-01	3.663341e-11
16	380.705004	1.617404e-08	9.430000e-01	7.565699e-27
16	-1.000000	-1.000000e+00	-1.000000e+00	-1.000000e+00
16	34160.106453	1.886615e-08	8.176000e-01	6.019734e-25
16	304.890474	1.530427e-08	9.506000e-01	1.776382e-13
16	1212.864828	1.946311e-10	9.449000e-01	3.419426e-25
16	309.738034	4.019967e-08	9.810000e-01	3.389615e-11
16	304.966654	1.591305e-08	9.525000e-01	3.592205e-12
16	13957.168746	1.858488e-08	8.613000e-01	6.026554e-26
16	311.136820	1.016045e-07	9.924000e-01	3.681322e-11
16	4381.727660	1.808437e-08	8.993000e-01	3.294077e-26
16	310.789278	6.743518e-08	9.886000e-01	3.633594e-11
16	1321.734478	1.737964e-08	9.240000e-01	8.818345e-27
16	-1.000000	-1.000000e+00	-1.000000e+00	-1.000000e+00
16	40265.330142	1.944387e-08	8.213999e-01	1.000000e-08
16	311.259511	1.359287e-07	9.943000e-01	3.687908e-11
16	2236.586838	1.771554e-08	9.145000e-01	4.823273e-27
16	2939.423867	1.787287e-08	9.088000e-01	2.335302e-26
16	306.133063	1.990738e-08	9.620000e-01	1.782389e-11
16	307.202768	2.346446e-08	9.677000e-01	2.427338e-11
16	21380.830093	1.872956e-08	8.423000e-01	4.088924e-26
16	309.070540	3.341103e-08	9.772000e-01	3.187638e-11
16	22232.622419	1.874182e-08	8.404000e-01	1.327340e-25
16	311.259511	1.359287e-07	9.943000e-01	3.687908e-11
16	1321.734550	1.737964e-08	9.240000e-01	1.176389e-26
16	2457.711373	1.777103e-08	9.126000e-01	1.924853e-26
16	37667.748795	1.889187e-08	8.119000e-01	1.206819e-24
16	309.070540	3.341103e-08	9.772000e-01	3.187638e-11
16	9860.931455	1.845177e-08	8.746000e-01	1.574336e-26
16	310.317750	5.040101e-08	9.848000e-01	3.537325e-11
16	2236.587003	1.771554e-08	9.145000e-01	3.885653e-26
16	6181.353916	1.825016e-08	8.898000e-01	1.689599e-26
16	9860.931001	1.845177e-08	8.746000e-01	1.459877e-27
16	304.966654	1.591305e-08	9.525000e-01	3.592204e-12
16	13318.987324	1.856776e-08	8.632000e-01	3.786242e-26
16	26810.164503	1.879833e-08	8.309000e-01	1.363155e-25
16	33039.763266	1.885716e-08	8.195000e-01	6.603504e-25
16	5417.205762	1.818834e-08	8.936000e-01	3.053146e-26
16	305.539081	1.808514e-08	9.582000e-01	1.267635e-11
16	310.040262	4.473141e-08	9.829000e-01	3.470079e-11
16	29821.180921	1.882885e-08	8.252000e-01	7.208784e-25
16	6181.354046	1.825016e-08	8.898000e-01	6.686101e-27
16	18948.252369	1.869062e-08	8.480000e-01	1.468416e-25
16	322.982626	1.576723e-08	9.468000e-01	1.616349e-26
16	1215.101451	1.007928e-10	9.145000e-01	2.512339e-24
16	26810.166925	1.879833e-08	8.309000e-01	2.686956e-26
16	2236.586824	1.771554e-08	9.145000e-01	7.089632e-27
16	1216.116148	4.817325e-11	8.461000e-01	1.383509e-23
16	1207.996433	4.132046e-10	9.620000e-01	7.176858e-25
16	1215.427826	8.567800e-11	9.031000e-01	9.315164e-24
16	25851.300555	1.878762e-08	8.328000e-01	1.203461e-26
16	307.202768	2.346446e-08	9.677000e-01	2.427338e-11
16	310.979411	8.108650e-08	9.905000e-01	3.663341e-11
16	29821.186920	1.882885e-08	8.252000e-01	8.052936e-26
16	13318.987775	1.856776e-08	8.632000e-01	9.277253e-27
16	7006.277508	1.830684e-08	8.860000e-01	1.101433e-26
16	4712.361557	1.812067e-08	8.974000e-01	2.896827e-26
16	8844.505935	1.840716e-08	8.784000e-01	3.614316e-26
16	15288.506862	1.861749e-08	8.575000e-01	9.513628e-27
16	306.133063	1.990738e-08	9.620000e-01	1.782389e-11
16	34160.100882	1.886615e-08	8.176000e-01	1.525281e-25
16	10944.374750	1.849319e-08	8.708000e-01	3.063234e-26
16	1832.979282	1.759396e-08	9.183000e-01	2.277530e-27
16	17426.375812	1.866269e-08	8.518000e-01	2.185692e-26
16	311.343086	2.052189e-07	9.962000e-01	3.683475e-11
16	307.581927	2.495176e-08	9.696000e-01	2.609933e-11
16	26810.169409	1.879833e-08	8.309000e-01	2.467721e-25
16	709.996950	1.690194e-08	9.335000e-01	3.418680e-27
16	4065.383247	1.804627e-08	9.012000e-01	5.028732e-27
16	21380.828247	1.872956e-08	8.423000e-01	5.835025e-27
16	919.614840	1.711522e-08	9.297000e-01	1.877688e-26
16	23999.133775	1.876534e-08	8.366000e-01	5.691212e-26
16	1213.785950	1.569336e-10	9.373000e-01	2.906458e-24
16	919.614905	1.711522e-08	9.297000e-01	6.672278e-27
16	3200.343677	1.791971e-08	9.069000e-01	6.484781e-26
16	307.963064	2.663995e-08	9.715000e-01	2.776922e-11
16	622.230430	1.678139e-08	9.354000e-01	2.908914e-27
16	5057.461498	1.815529e-08	8.955000e-01	3.204897e-26
16	18177.492223	1.867686e-08	8.499000e-01	4.094549e-26
16	1214.706017	1.182214e-10	9.240000e-01	2.201160e-25
16	5057.461237	1.815529e-08	8.955000e-01	6.231662e-27
16	5417.205815	1.818834e-08	8.936000e-01	5.544367e-28
16	9860.931182	1.845177e-08	8.746000e-01	4.737379e-26
16	40265.329700	1.944387e-08	8.213998e-01	1.000000e-08
16	1215.101451	1.007928e-10	9.145000e-01	3.835787e-24
16	306.133063	1.990739e-08	9.620000e-01	1.782389e-11
16	38886.858464	1.890006e-08	8.100000e-01	2.292343e-19
16	310.979412	8.108651e-08	9.905000e-01	3.663341e-11
16	307.963064	2.663995e-08	9.715000e-01	2.776922e-11
16	2236.586966	1.771554e-08	9.145000e-01	1.064040e-26
16	5791.775753	1.821993e-08	8.917000e-01	4.689439e-26
16	1215.772026	6.840992e-11	8.841000e-01	3.647124e-24
16	20549.670888	1.871695e-08	8.442000e-01	2.773538e-26
16	8360.917874	1.838355e-08	8.803000e-01	1.389924e-25
16	3200.343713	1.791971e-08	9.069000e-01	1.573017e-26
16	18948.252104	1.869062e-08	8.480000e-01	9.776534e-26
16	19738.898961	1.870397e-08	8.461000e-01	1.375820e-26
16	3474.863616	1.796410e-08	9.050000e-01	9.202992e-27
16	306.472347	2.096599e-08	9.639000e-01	2.013932e-11
16	19738.898754	1.870397e-08	8.461000e-01	1.955263e-26
16	1215.716963	7.130770e-11	8.879000e-01	9.091249e-24
16	310.568115	5.769708e-08	9.867000e-01	3.591710e-11
16	12698.835931	1.855007e-08	8.651000e-01	5.542229e-27
16	311.259511	1.359287e-07	9.943000e-01	3.687908e-11
16	306.133063	1.990739e-08	9.620000e-01	1.782390e-11
16	7441.998278	1.833345e-08	8.841000e-01	1.804757e-26
16	306.133063	1.990739e-08	9.620000e-01	1.782389e-11
16	311.136820	1.016045e-07	9.924000e-01	3.681322e-11
16	309.070540	3.341103e-08	9.772000e-01	3.187638e-11
16	1832.979105	1.759396e-08	9.183000e-01	4.689521e-27
16	2691.935265	1.782339e-08	9.107000e-01	8.312013e-27
16	36473.796651	1.888350e-08	8.138000e-01	1.265528e-24
16	35304.667108	1.887493e-08	8.157000e-01	9.468439e-25
16	11511.744234	1.851281e-08	8.689000e-01	4.112565e-26
16	1215.033418	1.038466e-10	9.164000e-01	1.229501e-24
16	304.890474	1.530427e-08	9.506000e-01	1.776372e-13
16	18948.252052	1.869062e-08	8.480000e-01	9.837836e-27
16	34160.103525	1.886615e-08	8.176000e-01	4.071622e-25
16	310.789278	6.743518e-08	9.886000e-01	3.633594e-11
16	5791.775691	1.821993e-08	8.917000e-01	3.674392e-26
16	23999.137933	1.876534e-08	8.366000e-01	1.122026e-25
16	1214.382327	1.320527e-10	9.297000e-01	9.653383e-25
16	8360.917693	1.838355e-08	8.803000e-01	4.567856e-26
16	23105.299624	1.875374e-08	8.385000e-01	2.054021e-26
16	1650.170546	1.752720e-08	9.202000e-01	2.794860e-26
16	311.259511	1.359287e-07	9.943000e-01	3.687908e-11
16	1215.471426	8.358416e-11	9.012000e-01	2.051872e-24
16	22232.617140	1.874181e-08	8.404000e-01	4.424420e-26
16	18177.491982	1.867686e-08	8.499000e-01	3.057018e-26
16	305.105136	1.657466e-08	9.544000e-01	6.809167e-12
16	308.341198	2.857199e-08	9.734000e-01	2.928645e-11
16	309.117854	1.552829e-08	9.487000e-01	3.529870e-26
16	309.070540	3.341103e-08	9.772000e-01	3.187638e-11
16	1650.170581	1.752720e-08	9.202000e-01	1.817154e-26
16	12096.493069	1.853176e-08	8.670000e-01	9.387967e-27
16	21380.828199	1.872956e-08	8.423000e-01	2.872901e-25
16	11511.744302	1.851281e-08	8.689000e-01	3.060133e-26
16	-1.000000	-1.000000e+00	-1.000000e+00	-1.000000e+00
16	1215.588196	7.786012e-11	8.955000e-01	4.726813e-24
16	25851.293561	1.878762e-08	8.328000e-01	8.925746e-26
16	311.360872	4.221081e-07	9.981001e-01	3.668398e-11
16	11511.744123	1.851281e-08	8.689000e-01	1.765631e-26
16	3200.343603	1.791971e-08	9.069000e-01	9.341872e-28
16	12096.493655	1.853176e-08	8.670000e-01	5.316501e-26
16	7893.481036	1.835900e-08	8.822000e-01	2.736777e-26
16	1215.164987	9.791491e-11	9.126000e-01	7.370088e-24
16	1208.789044	3.729968e-10	9.601000e-01	1.646386e-25
16	8844.506308	1.840716e-08	8.784000e-01	1.147196e-26
16	36473.796969	1.888350e-08	8.138000e-01	4.526391e-25
16	1211.790891	2.386605e-10	9.506000e-01	5.270386e-25
16	30870.597162	1.883852e-08	8.233000e-01	1.564920e-26
16	809.069176	1.701286e-08	9.316000e-01	3.414343e-27
16	1175.784963	1.729786e-08	9.259000e-01	1.972652e-26
16	30870.595937	1.883852e-08	8.233000e-01	4.725498e-25
16	1321.734580	1.737964e-08	9.240000e-01	8.038898e-27
16	1215.381565	8.787708e-11	9.050000e-01	2.475041e-24
16	16694.663235	1.864809e-08	8.537000e-01	1.664230e-25
16	15288.507851	1.861749e-08	8.575000e-01	2.356502e-26
16	311.259511	1.359287e-07	9.943000e-01	3.687908e-11
16	1211.324484	2.581440e-10	9.525000e-01	6.063116e-25
16	4381.727656	1.808437e-08	8.993000e-01	2.614660e-27
16	17426.375928	1.866269e-08	8.518000e-01	3.621035e-26
16	40265.331035	1.944387e-08	8.213999e-01	1.000000e-08
16	18948.252066	1.869062e-08	8.480000e-01	5.265107e-26
16	33039.764033	1.885716e-08	8.195000e-01	3.625358e-25
16	14613.599867	1.860145e-08	8.594000e-01	7.514339e-26
16	305.819678	1.895176e-08	9.601000e-01	1.533767e-11
16	5417.206034	1.818834e-08	8.936000e-01	6.798692e-27
16	1214.113316	1.433515e-10	9.335000e-01	1.369166e-24
16	3474.863556	1.796410e-08	9.050000e-01	4.224009e-27
16	309.070540	3.341103e-08	9.772000e-01	3.187638e-11
16	10944.374257	1.849319e-08	8.708000e-01	2.264086e-26
16	22232.618365	1.874182e-08	8.404000e-01	1.524207e-25
16	346.764783	1.598135e-08	9.449000e-01	1.011812e-26
16	5417.205781	1.818834e-08	8.936000e-01	1.041643e-26
16	10944.374606	1.849319e-08	8.708000e-01	2.521672e-26
16	380.704991	1.617404e-08	9.430000e-01	8.477173e-27
16	305.298442	1.729599e-08	9.563000e-01	9.835252e-12
16	307.202768	2.346446e-08	9.677000e-01	2.427338e-11
16	1214.960425	1.070944e-10	9.183000e-01	5.208632e-25
16	11511.744256	1.851281e-08	8.689000e-01	1.138677e-26
16	31943.369217	1.884796e-08	8.214000e-01	8.593149e-26
16	1216.104903	4.892077e-11	8.480000e-01	3.170399e-23
16	1216.041567	5.298664e-11	8.575000e-01	2.073346e-23
16	12096.493593	1.853176e-08	8.670000e-01	4.777694e-26
16	1216.126973	4.744553e-11	8.442000e-01	1.773927e-23
16	17426.375953	1.866269e-08	8.518000e-01	6.852135e-26
16	18177.492307	1.867686e-08	8.499000e-01	8.023478e-26
16	1214.499529	1.270791e-10	9.278000e-01	1.661065e-24
16	27791.247084	1.880876e-08	8.290000e-01	2.686850e-25
16	7893.481012	1.835900e-08	8.822000e-01	1.248894e-28
16	20549.668069	1.871695e-08	8.442000e-01	1.338236e-25
16	22232.617398	1.874182e-08	8.404000e-01	2.500748e-25
16	38886.859322	1.890006e-08	8.100000e-01	1.148049e-10
16	18948.251938	1.869062e-08	8.480000e-01	5.266172e-26
16	1215.655978	7.444671e-11	8.917000e-01	4.544147e-24
16	304.966654	1.591305e-08	9.525000e-01	3.592204e-12
16	308.341198	2.857199e-08	9.734000e-01	2.928645e-11
16	307.202768	2.346446e-08	9.677000e-01	2.427338e-11
16	1321.734471	1.737964e-08	9.240000e-01	1.650129e-26
16	346.764792	1.598135e-08	9.449000e-01	7.986593e-28
16	20549.665681	1.871695e-08	8.442000e-01	2.551099e-26
16	10394.173029	1.847285e-08	8.727000e-01	1.291955e-25
16	2457.711537	1.777103e-08	9.126000e-01	6.932914e-27
16	346.764775	1.598135e-08	9.449000e-01	8.239061e-27
16	307.202768	2.346446e-08	9.677000e-01	2.427338e-11
16	1215.332418	9.019003e-11	9.069000e-01	4.421573e-24
16	709.996990	1.690194e-08	9.335000e-01	4.370511e-27
16	4381.727884	1.808437e-08	8.993000e-01	1.457686e-26
16	311.360872	4.221080e-07	9.981001e-01	3.668398e-11
16	1214.254117	1.374561e-10	9.316000e-01	1.203204e-24
16	310.317750	5.040101e-08	9.848000e-01	3.537325e-11
16	29821.182952	1.882885e-08	8.252000e-01	7.317483e-25
16	9860.931010	1.845177e-08	8.746000e-01	6.096423e-27
16	310.979412	8.108651e-08	9.905000e-01	3.663341e-11
16	309.070540	3.341103e-08	9.772000e-01	3.187638e-11
16	1650.170388	1.752720e-08	9.202000e-01	7.545814e-27
16	308.711750	3.080404e-08	9.753000e-01	3.065438e-11
16	3474.863612	1.796410e-08	9.050000e-01	1.128396e-26
16	33039.764193	1.885716e-08	8.195000e-01	6.506302e-26
16	1650.170524	1.752720e-08	9.202000e-01	9.252117e-27
16	307.202768	2.346446e-08	9.677000e-01	2.427338e-11
16	709.997013	1.690194e-08	9.335000e-01	7.203883e-27
16	6181.354263	1.825016e-08	8.898000e-01	8.625830e-27
16	31943.368531	1.884796e-08	8.214000e-01	2.596748e-25
16	11511.743946	1.851281e-08	8.689000e-01	2.983572e-26
16	9344.443478	1.842989e-08	8.765000e-01	6.786534e-27
16	1214.254117	1.374561e-10	9.316000e-01	1.755662e-24
16	2691.935306	1.782339e-08	9.107000e-01	1.306055e-26
16	1479.809326	1.745591e-08	9.221000e-01	6.258896e-27
16	304.890474	1.530427e-08	9.506000e-01	1.776389e-13
16	1041.799053	1.720995e-08	9.278000e-01	9.990363e-27
16	1215.687262	7.284512e-11	8.898000e-01	2.087040e-24
16	10394.173105	1.847285e-08	8.727000e-01	1.399292e-26
16	11511.743860	1.851281e-08	8.689000e-01	2.685274e-26
16	35304.675635	1.887493e-08	8.157000e-01	2.619679e-25
16	7893.480583	1.835900e-08	8.822000e-01	1.820506e-26
16	309.117851	1.552829e-08	9.487000e-01	1.825132e-26
16	8844.505509	1.840716e-08	8.784000e-01	2.852284e-26
16	6586.125517	1.827909e-08	8.879000e-01	2.086157e-26
16	425.023144	1.634815e-08	9.411000e-01	3.904525e-27
16	310.789278	6.743517e-08	9.886000e-01	3.633594e-11
16	306.830977	2.214466e-08	9.658000e-01	2.228790e-11
16	14613.599778	1.860145e-08	8.594000e-01	1.967665e-26
16	2236.586959	1.771554e-08	9.145000e-01	2.452736e-26
16	10944.374310	1.849319e-08	8.708000e-01	2.480560e-26
16	1214.607052	1.224833e-10	9.259000e-01	3.326730e-25
16	10944.374287	1.849319e-08	8.708000e-01	1.379299e-26
16	27791.247442	1.880876e-08	8.290000e-01	1.372242e-26
16	33039.771248	1.885716e-08	8.195000e-01	4.905610e-25
16	380.704996	1.617404e-08	9.430000e-01	9.123010e-27
16	1650.170470	1.752720e-08	9.202000e-01	4.782533e-26
16	545.598075	1.664993e-08	9.373000e-01	7.973411e-28
16	2691.935186	1.782339e-08	9.107000e-01	3.569054e-26
16	380.704993	1.617404e-08	9.430000e-01	9.781953e-27
16	11511.744479	1.851281e-08	8.689000e-01	8.755024e-27
16	1204.112500	6.360177e-10	9.696000e-01	9.166125e-26
16	709.996957	1.690194e-08	9.335000e-01	2.029682e-27
16	545.598036	1.664993e-08	9.373000e-01	8.408960e-28
16	545.598099	1.664993e-08	9.373000e-01	2.231516e-27
16	309.738034	4.019967e-08	9.810000e-01	3.389615e-11
16	1215.996919	5.572630e-11	8.632000e-01	1.190719e-23
16	425.023163	1.634815e-08	9.411000e-01	1.710177e-27
16	306.830977	2.214466e-08	9.658000e-01	2.228790e-11
16	310.317750	5.040101e-08	9.848000e-01	3.537325e-11
16	309.070540	3.341103e-08	9.772000e-01	3.187638e-11
16	1202.807338	7.136808e-10	9.715000e-01	2.123420e-25
16	425.023135	1.634815e-08	9.411000e-01	3.377947e-27
16	305.105136	1.657466e-08	9.544000e-01	6.809166e-12
16	22232.621971	1.874182e-08	8.404000e-01	7.310735e-26
16	24914.383644	1.877663e-08	8.347000e-01	6.713811e-27
16	33039.764132	1.885716e-08	8.195000e-01	1.951285e-25
16	35304.673475	1.887493e-08	8.157000e-01	7.887965e-25
16	38886.858478	1.890006e-08	8.100000e-01	6.285836e-19
16	2457.711391	1.777103e-08	9.126000e-01	8.747549e-27
16	307.202768	2.346446e-08	9.677000e-01	2.427338e-11
16	19738.898509	1.870397e-08	8.461000e-01	3.339453e-25
16	18177.491836	1.867686e-08	8.499000e-01	5.005884e-26
16	28794.833867	1.881893e-08	8.271000e-01	4.619687e-25
16	27791.248078	1.880876e-08	8.290000e-01	2.143109e-26
16	311.259511	1.359287e-07	9.943000e-01	3.687908e-11
16	305.298442	1.729599e-08	9.563000e-01	9.835254e-12
16	16694.663298	1.864809e-08	8.537000e-01	9.101567e-26
16	1212.553704	2.073210e-10	9.468000e-01	6.295136e-25
16	545.598054	1.664993e-08	9.373000e-01	4.567228e-27
16	322.982627	1.576723e-08	9.468000e-01	1.897596e-26
16	19738.898416	1.870397e-08	8.461000e-01	8.571138e-26
16	1832.979302	1.759396e-08	9.183000e-01	9.915148e-27
16	18948.251981	1.869062e-08	8.480000e-01	6.684833e-26
16	7893.481226	1.835900e-08	8.822000e-01	3.004616e-26
16	15288.507309	1.861749e-08	8.575000e-01	7.176689e-26
16	1215.101451	1.007928e-10	9.145000e-01	3.270059e-24
16	305.298442	1.729599e-08	9.563000e-01	9.835253e-12
16	23999.137379	1.876534e-08	8.366000e-01	1.772731e-26
16	311.259511	1.359287e-07	9.943000e-01	3.687908e-11
16	5791.775573	1.821993e-08	8.917000e-01	5.552419e-27
16	5417.205550	1.818834e-08	8.936000e-01	1.697234e-26
16	23105.304543	1.875374e-08	8.385000e-01	1.278026e-25
16	1650.170407	1.752720e-08	9.202000e-01	9.457315e-27
16	1216.068421	5.129078e-11	8.537000e-01	4.256273e-23
16	5417.206016	1.818834e-08	8.936000e-01	8.267772e-27
16	22232.618023	1.874182e-08	8.404000e-01	2.887780e-27
16	35304.676644	1.887493e-08	8.157000e-01	6.945805e-25
16	1201.220287	8.056674e-10	9.734000e-01	2.509491e-25
16	1212.198174	2.218694e-10	9.487000e-01	5.880426e-25
16	-1.000000	-1.000000e+00	-1.000000e+00	-1.000000e+00
16	5417.205901	1.818834e-08	8.936000e-01	1.858714e-26
16	311.259511	1.359287e-07	9.943000e-01	3.687908e-11
16	4065.382989	1.804627e-08	9.012000e-01	1.502267e-26
16	1321.734536	1.737964e-08	9.240000e-01	3.273640e-27
16	1215.551436	7.968187e-11	8.974000e-01	1.821916e-24
16	307.963064	2.663995e-08	9.715000e-01	2.776922e-11
16	309.413774	3.649519e-08	9.791000e-01	3.295583e-11
16	35304.678911	1.887493e-08	8.157000e-01	1.580492e-24
16	11511.744098	1.851281e-08	8.689000e-01	5.880657e-26
16	21380.823728	1.872956e-08	8.423000e-01	5.086390e-26
16	310.317750	5.040101e-08	9.848000e-01	3.537325e-11
16	1215.164987	9.791490e-11	9.126000e-01	3.989113e-25
16	2939.423843	1.787287e-08	9.088000e-01	4.992641e-27
16	24914.380118	1.877663e-08	8.347000e-01	2.512405e-25
16	310.568115	5.769709e-08	9.867000e-01	3.591710e-11
16	3200.343869	1.791971e-08	9.069000e-01	2.655968e-27
16	1213.785950	1.569336e-10	9.373000e-01	2.298571e-24
16	305.819678	1.895176e-08	9.601000e-01	1.533767e-11
16	1832.979273	1.759396e-08	9.183000e-01	1.756573e-26
16	1215.381565	8.787708e-11	9.050000e-01	7.819007e-24
16	306.133063	1.990739e-08	9.620000e-01	1.782390e-11
16	1213.379781	1.736154e-10	9.411000e-01	8.209886e-25
16	13957.168522	1.858488e-08	8.613000e-01	2.051441e-25
16	311.360872	4.221082e-07	9.981001e-01	3.668398e-11
16	309.117855	1.552829e-08	9.487000e-01	7.374344e-27
16	2939.423735	1.787287e-08	9.088000e-01	4.926900e-26
16	19738.898948	1.870397e-08	8.461000e-01	2.412148e-26
16	11511.744216	1.851281e-08	8.689000e-01	4.756789e-26
16	8360.917940	1.838355e-08	8.803000e-01	3.140096e-26
16	809.069161	1.701286e-08	9.316000e-01	1.194834e-27
16	1321.734589	1.737964e-08	9.240000e-01	9.032092e-27
16	1215.821904	6.572546e-11	8.803000e-01	5.599457e-24
16	1214.499529	1.270791e-10	9.278000e-01	1.775303e-24
16	1175.784834	1.729786e-08	9.259000e-01	5.888242e-27
16	18948.252417	1.869062e-08	8.480000e-01	1.102925e-25
16	4712.361419	1.812067e-08	8.974000e-01	1.208828e-26
16	809.069257	1.701286e-08	9.316000e-01	1.000036e-26
16	27791.245624	1.880876e-08	8.290000e-01	2.772834e-26
16	34160.103332	1.886615e-08	8.176000e-01	4.848735e-25
16	322.982637	1.576723e-08	9.468000e-01	2.470721e-27
16	709.996989	1.690194e-08	9.335000e-01	6.879304e-27
16	310.040262	4.473140e-08	9.829000e-01	3.470079e-11
16	23999.134491	1.876534e-08	8.366000e-01	1.066498e-25
16	4065.383387	1.804627e-08	9.012000e-01	6.057398e-27
16	322.982630	1.576723e-08	9.468000e-01	3.478363e-28
16	3763.152690	1.800623e-08	9.031000e-01	1.336684e-26
16	8360.918220	1.838355e-08	8.803000e-01	1.743072e-26
16	311.259511	1.359287e-07	9.943000e-01	3.687908e-11
16	23105.306868	1.875374e-08	8.385000e-01	4.297245e-26
16	13957.168569	1.858488e-08	8.613000e-01	4.480476e-26
16	10944.374360	1.849319e-08	8.708000e-01	2.240423e-26
16	36473.796553	1.888350e-08	8.138000e-01	5.235012e-25
16	311.259511	1.359287e-07	9.943000e-01	3.687908e-11
16	2236.586875	1.771554e-08	9.145000e-01	7.923155e-27
16	1215.512568	8.158778e-11	8.993000e-01	9.519492e-24
16	310.979412	8.108651e-08	9.905000e-01	3.663341e-11
16	309.070540	3.341103e-08	9.772000e-01	3.187638e-11
16	15982.118789	1.863303e-08	8.556000e-01	3.156438e-27
16	1832.979128	1.759396e-08	9.183000e-01	6.640148e-27
16	37667.749604	1.889187e-08	8.119000e-01	1.160252e-24
16	309.738033	4.019967e-08	9.810000e-01	3.389615e-11
16	1216.223269	4.054644e-11	8.233000e-01	1.395480e-22
16	310.040262	4.473141e-08	9.829000e-01	3.470079e-11
16	3763.152856	1.800623e-08	9.031000e-01	5.870692e-27
16	3200.343702	1.791971e-08	9.069000e-01	3.147743e-27
16	545.598059	1.664993e-08	9.373000e-01	5.745414e-28
16	310.568115	5.769709e-08	9.867000e-01	3.591710e-11
16	308.711750	3.080404e-08	9.753000e-01	3.065438e-11
16	310.789278	6.743517e-08	9.886000e-01	3.633594e-11
16	307.963064	2.663995e-08	9.715000e-01	2.776922e-11
16	10944.374453	1.849319e-08	8.708000e-01	3.841880e-26
16	2939.423883	1.787287e-08	9.088000e-01	5.876999e-26
16	311.259511	1.359287e-07	9.943000e-01	3.687908e-11
16	310.979412	8.108651e-08	9.905000e-01	3.663341e-11
16	22232.624262	1.874182e-08	8.404000e-01	7.809086e-26
16	26810.165334	1.879833e-08	8.309000e-01	1.441381e-25
16	38886.858682	1.890006e-08	8.100000e-01	1.766729e-18
16	311.360872	4.221084e-07	9.981001e-01	3.668398e-11
16	22232.616143	1.874182e-08	8.404000e-01	1.385254e-25
16	23105.307498	1.875374e-08	8.385000e-01	4.054640e-25
16	310.040262	4.473140e-08	9.829000e-01	3.470079e-11
16	5057.461269	1.815529e-08	8.955000e-01	2.992562e-27
16	5791.775746	1.821993e-08	8.917000e-01	4.119429e-27
16	40265.329560	1.944387e-08	8.213998e-01	1.000000e-08
16	306.133063	1.990739e-08	9.620000e-01	1.782390e-11
16	622.230372	1.678139e-08	9.354000e-01	4.468864e-27
16	13318.987959	1.856776e-08	8.632000e-01	1.037882e-25
16	13318.987649	1.856776e-08	8.632000e-01	3.571083e-26
16	1202.807339	7.136807e-10	9.715000e-01	3.289410e-26
16	2691.935148	1.782339e-08	9.107000e-01	9.935317e-27
16	1321.734604	1.737964e-08	9.240000e-01	1.083461e-26
16	1215.996919	5.572630e-11	8.632000e-01	6.604292e-24
16	310.789278	6.743517e-08	9.886000e-01	3.633594e-11
16	4065.383398	1.804627e-08	9.012000e-01	8.245203e-27
16	305.105136	1.657466e-08	9.544000e-01	6.809168e-12
16	36473.796312	1.888350e-08	8.138000e-01	2.696269e-25
16	311.343086	2.052189e-07	9.962000e-01	3.683475e-11
16	1832.979241	1.759396e-08	9.183000e-01	3.676230e-26
16	33039.767684	1.885716e-08	8.195000e-01	1.663367e-25
16	16694.663367	1.864809e-08	8.537000e-01	8.014242e-26
16	1213.594324	1.648221e-10	9.392000e-01	6.502504e-26
16	2939.423819	1.787288e-08	9.088000e-01	2.072288e-26
16	4065.382974	1.804627e-08	9.012000e-01	1.253838e-26
16	310.568115	5.769709e-08	9.867000e-01	3.591710e-11
16	1214.607052	1.224833e-10	9.259000e-01	1.524448e-24
