39	287.113882	1.029810e-07	9.931000e-01	4.071936e-11
39	278.239905	2.014975e-08	9.655000e-01	2.854326e-11
39	269.964287	1.312829e-08	9.471000e-01	6.212247e-12
39	6069.459136	1.518979e-08	8.666000e-01	3.431923e-26
39	13016.374850	1.547401e-08	8.344000e-01	3.412042e-26
39	9640.595435	1.536997e-08	8.482000e-01	2.435092e-26
39	285.293915	4.370180e-08	9.839000e-01	3.924917e-11
39	12409.475419	1.545812e-08	8.367000e-01	7.749515e-26
39	286.788793	7.699959e-08	9.908000e-01	4.057286e-11
39	2464.427352	1.476485e-08	8.942000e-01	7.002486e-26
39	-1.000000	-1.000000e+00	-1.000000e+00	-1.000000e+00
39	271.829666	1.436267e-08	9.517000e-01	1.295483e-11
39	26380.511373	1.568160e-08	7.953000e-01	3.253186e-25
39	37345.122326	1.576613e-08	7.723000e-01	2.763431e-24
39	1676.639182	1.455034e-08	9.034000e-01	2.847301e-26
39	32650.026040	1.573475e-08	7.815000e-01	7.001145e-25
39	32650.026189	1.573475e-08	7.815000e-01	5.088973e-25
39	268.884855	1.235841e-08	9.425000e-01	5.401033e-26
39	907.020451	5.461008e-10	9.540000e-01	6.426282e-26
39	437.887143	1.352939e-08	9.287000e-01	7.540892e-28
39	4022.253553	1.500840e-08	8.804000e-01	4.332252e-26
39	6069.459555	1.518979e-08	8.666000e-01	7.313316e-27
39	915.496818	1.275949e-10	9.011000e-01	1.975658e-23
39	287.468134	3.158158e-07	9.977001e-01	4.059782e-11
39	282.220300	2.761458e-08	9.747000e-01	3.526608e-11
39	2932.016447	1.485479e-08	8.896000e-01	1.149023e-26
39	10696.081262	1.540709e-08	8.436000e-01	9.006089e-27
39	283.896595	3.386267e-08	9.793000e-01	3.758731e-11
39	2691.923343	1.481107e-08	8.919000e-01	4.315201e-26
39	917.837965	7.876097e-11	8.597000e-01	7.987785e-25
39	841.333035	1.410170e-08	9.172000e-01	1.983463e-27
39	285.875954	5.109094e-08	9.862000e-01	3.984216e-11
39	8182.427731	1.530892e-08	8.551000e-01	6.800911e-26
39	27363.923242	1.569102e-08	7.930000e-01	3.880207e-26
39	14948.210658	1.551869e-08	8.275000e-01	1.032535e-27
39	918.825408	5.712329e-11	8.206000e-01	6.166178e-24
39	3450.768490	1.493553e-08	8.850000e-01	3.468724e-26
39	38587.052480	1.577354e-08	7.700000e-01	2.879282e-19
39	386.901753	1.338082e-08	9.310000e-01	1.273521e-26
39	14948.210768	1.551869e-08	8.275000e-01	3.403360e-26
39	14285.462038	1.550427e-08	8.298000e-01	4.037110e-26
39	23571.204869	1.565183e-08	8.022000e-01	4.717448e-27
39	286.375247	6.144613e-08	9.885000e-01	4.028195e-11
39	278.239905	2.014975e-08	9.655000e-01	2.854326e-11
39	30460.263851	1.571790e-08	7.861000e-01	2.017520e-25
39	30460.264920	1.571790e-08	7.861000e-01	7.590047e-27
39	10696.081048	1.540709e-08	8.436000e-01	4.096004e-26
39	1075.514685	1.427301e-08	9.126000e-01	2.536111e-27
39	7728.735800	1.528697e-08	8.574000e-01	4.274102e-26
39	14285.461562	1.550427e-08	8.298000e-01	6.981046e-26
39	281.292370	2.527633e-08	9.724000e-01	3.384977e-11
39	11820.638832	1.544169e-08	8.390000e-01	3.575719e-26
39	912.825508	1.962862e-10	9.241000e-01	7.262081e-25
39	20965.951219	1.561957e-08	8.091000e-01	1.671086e-25
39	1208.931361	1.434966e-08	9.103000e-01	1.444056e-26
39	270.863878	1.371576e-08	9.494000e-01	9.683832e-12
39	914.603767	1.480676e-10	9.103000e-01	7.636186e-25
39	900.423391	9.238693e-10	9.655000e-01	7.438108e-26
39	20965.948717	1.561957e-08	8.091000e-01	1.205333e-25
39	24484.509462	1.566202e-08	7.999000e-01	2.835882e-26
39	6868.462719	1.524037e-08	8.620000e-01	3.627675e-26
39	2046.467691	1.466406e-08	8.988000e-01	7.238793e-28
39	285.875954	5.109094e-08	9.862000e-01	3.984216e-11
39	38587.052649	1.577354e-08	7.700000e-01	1.143223e-19
39	-1.000000	-1.000000e+00	-1.000000e+00	-1.000000e+00
39	27363.929419	1.569102e-08	7.930000e-01	7.137672e-26
39	13016.374844	1.547401e-08	8.344000e-01	9.227673e-26
39	914.603767	1.480676e-10	9.103000e-01	8.188863e-26
39	10696.080985	1.540709e-08	8.436000e-01	4.308688e-26
39	386.901699	1.338082e-08	9.310000e-01	3.027222e-27
39	5329.918275	1.513471e-08	8.712000e-01	1.321275e-26
39	4648.084418	1.507450e-08	8.758000e-01	1.663772e-26
39	37345.122041	1.576613e-08	7.723000e-01	2.627684e-24
39	841.332957	1.410170e-08	9.172000e-01	1.125213e-27
39	8652.139881	1.533004e-08	8.528000e-01	5.205836e-26
39	287.468134	3.158158e-07	9.977001e-01	4.059782e-11
39	38587.051137	1.577354e-08	7.700000e-01	2.971383e-19
39	5692.367040	1.516285e-08	8.689000e-01	5.405661e-27
39	437.887152	1.352939e-08	9.287000e-01	6.618526e-27
39	11820.638876	1.544169e-08	8.390000e-01	9.279278e-27
39	283.090548	3.042437e-08	9.770000e-01	3.651086e-11
39	287.113882	1.029810e-07	9.931000e-01	4.071936e-11
39	34943.891194	1.575081e-08	7.769000e-01	1.010461e-24
39	278.239905	2.014975e-08	9.655000e-01	2.854326e-11
39	916.520983	1.058319e-10	8.873000e-01	3.625562e-24
39	32650.028841	1.573475e-08	7.815000e-01	9.194469e-26
39	271.829666	1.436267e-08	9.517000e-01	1.295483e-11
39	27363.926818	1.569102e-08	7.930000e-01	2.079310e-25
39	568.985127	1.378820e-08	9.241000e-01	4.554143e-27
39	2249.338193	1.471593e-08	8.965000e-01	2.514330e-26
39	274.982383	1.675815e-08	9.586000e-01	2.159872e-11
39	907.020451	5.461008e-10	9.540000e-01	2.775551e-25
39	2932.016602	1.485479e-08	8.896000e-01	4.130671e-26
39	5692.366670	1.516285e-08	8.689000e-01	2.912266e-26
39	9138.113861	1.535038e-08	8.505000e-01	1.462927e-26
39	273.902755	1.587204e-08	9.563000e-01	1.890939e-11
39	2932.016457	1.485479e-08	8.896000e-01	1.745906e-27
39	12409.475338	1.545812e-08	8.367000e-01	6.576126e-26
39	908.164415	4.521520e-10	9.494000e-01	4.537135e-26
39	31542.333909	1.572642e-08	7.838000e-01	2.402747e-25
39	33783.744562	1.574287e-08	7.792000e-01	7.132650e-25
39	289.674120	1.283436e-08	9.379000e-01	7.275266e-27
39	283.090547	3.042437e-08	9.770000e-01	3.651086e-11
39	915.496818	1.275949e-10	9.011000e-01	5.463191e-25
39	386.901747	1.338082e-08	9.310000e-01	1.135450e-26
39	280.314083	2.330102e-08	9.701000e-01	3.225898e-11
39	25420.824203	1.567194e-08	7.976000e-01	1.035373e-26
39	31542.332049	1.572642e-08	7.838000e-01	1.119023e-24
39	17052.735723	1.555935e-08	8.206000e-01	1.307995e-25
39	20141.291971	1.560821e-08	8.114000e-01	8.676863e-26
39	285.875954	5.109094e-08	9.862000e-01	3.984216e-11
39	15630.144068	1.553266e-08	8.252000e-01	4.418395e-26
39	283.896596	3.386267e-08	9.793000e-01	3.758731e-11
39	44011.871185	1.836218e-08	8.597000e-01	1.000000e-08
39	273.902755	1.587204e-08	9.563000e-01	1.890940e-11
39	2249.338104	1.471593e-08	8.965000e-01	4.030633e-27
39	40264.451188	1.657612e-08	8.021999e-01	1.000000e-08
39	905.346005	6.648466e-10	9.586000e-01	6.642951e-26
39	918.445625	6.577624e-11	8.390000e-01	6.409293e-24
39	498.515640	1.366463e-08	9.264000e-01	1.059685e-26
39	34943.891308	1.575081e-08	7.769000e-01	3.373687e-25
39	17793.991947	1.557211e-08	8.183000e-01	8.230320e-26
39	6461.416660	1.521561e-08	8.643000e-01	1.442794e-26
39	10696.081191	1.540709e-08	8.436000e-01	7.049807e-26
39	14948.210836	1.551869e-08	8.275000e-01	2.033833e-26
39	900.423392	9.238693e-10	9.655000e-01	2.742228e-26
39	26380.504930	1.568160e-08	7.953000e-01	1.545192e-25
39	3450.768302	1.493553e-08	8.850000e-01	2.366171e-26
39	24484.503892	1.566202e-08	7.999000e-01	1.079490e-25
39	29403.433807	1.570916e-08	7.884000e-01	8.123450e-26
39	10159.833247	1.538886e-08	8.459000e-01	4.430113e-26
39	912.825508	1.962862e-10	9.241000e-01	7.770125e-26
39	29403.434071	1.570916e-08	7.884000e-01	2.197956e-25
39	276.073188	1.775224e-08	9.609000e-01	2.409934e-11
39	2046.467647	1.466405e-08	8.988000e-01	9.719842e-27
39	8182.427849	1.530892e-08	8.551000e-01	1.052476e-26
39	4328.273257	1.504224e-08	8.781000e-01	1.407171e-26
39	1676.639094	1.455034e-08	9.034000e-01	8.048416e-27
39	17793.992161	1.557211e-08	8.183000e-01	1.213856e-26
39	37345.120316	1.576613e-08	7.723000e-01	2.740616e-25
39	902.560648	8.219960e-10	9.632000e-01	1.485803e-25
39	14285.461562	1.550427e-08	8.298000e-01	1.973055e-25
39	17793.991895	1.557211e-08	8.183000e-01	5.566034e-27
39	269.145260	1.259286e-08	9.448000e-01	2.535431e-12
39	30460.264065	1.571790e-08	7.861000e-01	4.582245e-26
39	273.902756	1.587204e-08	9.563000e-01	1.890940e-11
39	4022.253557	1.500840e-08	8.804000e-01	2.400732e-26
39	278.239905	2.014975e-08	9.655000e-01	2.854326e-11
39	18555.628719	1.558449e-08	8.160000e-01	4.275333e-26
39	275.055918	1.260977e-08	9.402000e-01	2.436132e-26
39	2464.427262	1.476485e-08	8.942000e-01	3.813088e-26
39	916.925339	9.751530e-11	8.804000e-01	3.866701e-25
39	917.273796	9.038639e-11	8.735000e-01	2.418251e-24
39	287.113882	1.029810e-07	9.931000e-01	4.071936e-11
39	21812.268615	1.563062e-08	8.068000e-01	1.515215e-25
39	285.293915	4.370180e-08	9.839000e-01	3.924917e-11
39	268.884856	1.235841e-08	9.425000e-01	5.298811e-26
39	282.220300	2.761458e-08	9.747000e-01	3.526608e-11
39	269.145260	1.259286e-08	9.448000e-01	2.535431e-12
39	1075.514596	1.427301e-08	9.126000e-01	1.470242e-26
39	280.314083	2.330102e-08	9.701000e-01	3.225898e-11
39	17052.735524	1.555935e-08	8.206000e-01	1.160727e-25
39	24484.506977	1.566202e-08	7.999000e-01	3.829364e-26
39	282.220300	2.761458e-08	9.747000e-01	3.526608e-11
39	13016.374638	1.547401e-08	8.344000e-01	3.305210e-26
39	274.982383	1.675815e-08	9.586000e-01	2.159872e-11
39	4328.273481	1.504224e-08	8.781000e-01	3.778099e-26
39	273.902755	1.587204e-08	9.563000e-01	1.890939e-11
39	953.041664	1.419058e-08	9.149000e-01	5.550487e-27
39	287.346674	1.552274e-07	9.954000e-01	4.072611e-11
39	4648.084402	1.507450e-08	8.758000e-01	1.367517e-26
39	6069.459475	1.518979e-08	8.666000e-01	1.130022e-26
39	568.985117	1.378820e-08	9.241000e-01	7.879285e-27
39	30460.265345	1.571790e-08	7.861000e-01	4.631019e-26
39	272.847314	1.507788e-08	9.540000e-01	1.602898e-11
39	19337.956773	1.559652e-08	8.137000e-01	4.018379e-25
39	4648.084610	1.507450e-08	8.758000e-01	7.345175e-27
39	916.797273	1.001407e-10	8.827000e-01	2.282305e-24
39	498.515596	1.366463e-08	9.264000e-01	1.093951e-26
39	313.021476	1.303575e-08	9.356000e-01	2.609105e-28
39	271.829666	1.436267e-08	9.517000e-01	1.295483e-11
39	16331.553375	1.554621e-08	8.229000e-01	1.482864e-25
39	289.674118	1.283436e-08	9.379000e-01	5.867155e-27
39	740.208653	1.400562e-08	9.195000e-01	1.462845e-27
39	24484.509389	1.566202e-08	7.999000e-01	5.909593e-26
39	5329.918369	1.513471e-08	8.712000e-01	3.981887e-27
39	1676.639167	1.455034e-08	9.034000e-01	1.855381e-27
39	275.055919	1.260977e-08	9.402000e-01	1.377788e-26
39	386.901738	1.338082e-08	9.310000e-01	4.196630e-27
39	37345.123517	1.576613e-08	7.723000e-01	2.402043e-24
39	11249.596072	1.542469e-08	8.413000e-01	1.186388e-28
39	30460.266808	1.571790e-08	7.861000e-01	1.287977e-25
39	274.982383	1.675815e-08	9.586000e-01	2.159872e-11
39	2046.467685	1.466406e-08	8.988000e-01	4.825075e-27
39	279.293594	2.161111e-08	9.678000e-01	3.049098e-11
39	24484.509545	1.566202e-08	7.999000e-01	5.838523e-26
39	9138.113868	1.535038e-08	8.505000e-01	6.233292e-26
39	14285.461990	1.550427e-08	8.298000e-01	1.495851e-26
39	286.375247	6.144613e-08	9.885000e-01	4.028195e-11
39	2691.923269	1.481107e-08	8.919000e-01	1.405951e-26
39	24484.503214	1.566202e-08	7.999000e-01	2.537521e-25
39	10159.833468	1.538886e-08	8.459000e-01	3.435854e-26
39	912.825508	1.962862e-10	9.241000e-01	2.476050e-25
39	1509.313515	1.448786e-08	9.057000e-01	1.799751e-26
39	29403.434002	1.570916e-08	7.884000e-01	6.381055e-26
39	11820.638769	1.544169e-08	8.390000e-01	8.489851e-26
39	915.691022	1.233569e-10	8.988000e-01	6.718977e-25
39	273.902755	1.587204e-08	9.563000e-01	1.890939e-11
39	20141.291602	1.560821e-08	8.114000e-01	4.142044e-26
39	740.208645	1.400562e-08	9.195000e-01	1.319001e-26
39	269.964286	1.312829e-08	9.471000e-01	6.212246e-12
39	6461.416593	1.521561e-08	8.643000e-01	6.745243e-26
39	283.090547	3.042437e-08	9.770000e-01	3.651086e-11
39	917.917812	7.709272e-11	8.574000e-01	1.615226e-25
39	10696.081108	1.540709e-08	8.436000e-01	7.576740e-26
39	4022.253626	1.500840e-08	8.804000e-01	1.139936e-26
39	9640.595383	1.536997e-08	8.482000e-01	4.021317e-27
39	270.863878	1.371576e-08	9.494000e-01	9.683831e-12
39	437.887155	1.352939e-08	9.287000e-01	1.640844e-26
39	271.829666	1.436267e-08	9.517000e-01	1.295483e-11
39	24484.504703	1.566202e-08	7.999000e-01	2.176459e-26
39	13016.374552	1.547401e-08	8.344000e-01	2.160957e-26
39	4022.253496	1.500840e-08	8.804000e-01	3.466510e-26
39	34943.890215	1.575081e-08	7.769000e-01	9.384565e-26
39	272.847313	1.507788e-08	9.540000e-01	1.602898e-11
39	740.208628	1.400562e-08	9.195000e-01	5.823421e-27
39	283.090547	3.042437e-08	9.770000e-01	3.651086e-11
39	8652.140041	1.533004e-08	8.528000e-01	3.100800e-26
39	1353.471048	1.442111e-08	9.080000e-01	1.618142e-26
39	279.293594	2.161111e-08	9.678000e-01	3.049098e-11
39	29403.434316	1.570916e-08	7.884000e-01	1.616083e-26
39	4022.253657	1.500840e-08	8.804000e-01	2.132208e-26
39	3450.768524	1.493553e-08	8.850000e-01	2.548576e-26
39	281.292370	2.527633e-08	9.724000e-01	3.384977e-11
39	283.090547	3.042437e-08	9.770000e-01	3.651086e-11
39	11249.596096	1.542469e-08	8.413000e-01	5.903645e-26
39	287.468134	3.158157e-07	9.977001e-01	4.059782e-11
39	19337.956282	1.559652e-08	8.137000e-01	1.354848e-26
39	11249.595873	1.542469e-08	8.413000e-01	7.444279e-26
39	10696.081096	1.540709e-08	8.436000e-01	3.598105e-27
39	919.135152	4.950810e-11	7.999000e-01	1.093726e-23
39	34943.892208	1.575081e-08	7.769000e-01	3.392458e-25
39	286.375247	6.144613e-08	9.885000e-01	4.028195e-11
39	269.145260	1.259286e-08	9.448000e-01	2.535431e-12
39	914.347510	1.543106e-10	9.126000e-01	1.120528e-25
39	1075.514655	1.427301e-08	9.126000e-01	4.170483e-27
39	2932.016481	1.485479e-08	8.896000e-01	3.070259e-26
39	10696.081026	1.540709e-08	8.436000e-01	5.224576e-26
39	22680.572374	1.564137e-08	8.045000e-01	1.787339e-25
39	281.292370	2.527633e-08	9.724000e-01	3.384977e-11
39	10159.833437	1.538886e-08	8.459000e-01	1.963622e-26
39	917.667034	8.230769e-11	8.643000e-01	1.452428e-24
39	38587.052018	1.577354e-08	7.700000e-01	4.241307e-19
39	280.314083	2.330102e-08	9.701000e-01	3.225898e-11
39	498.515618	1.366463e-08	9.264000e-01	1.667809e-26
39	285.293915	4.370180e-08	9.839000e-01	3.924917e-11
39	345.352626	1.321703e-08	9.333000e-01	1.485680e-26
39	5692.366691	1.516285e-08	8.689000e-01	4.754510e-26
39	28371.448666	1.570021e-08	7.907000e-01	3.159898e-25
39	918.602298	6.227610e-11	8.321000e-01	7.725866e-24
39	-1.000000	-1.000000e+00	-1.000000e+00	-1.000000e+00
39	18555.628701	1.558449e-08	8.160000e-01	6.425257e-26
39	271.829666	1.436267e-08	9.517000e-01	1.295483e-11
39	11249.595972	1.542469e-08	8.413000e-01	2.923264e-26
39	912.091694	2.206663e-10	9.287000e-01	6.832677e-25
39	3450.768396	1.493553e-08	8.850000e-01	7.393520e-27
39	33783.745900	1.574287e-08	7.792000e-01	7.044787e-25
39	5329.918019	1.513471e-08	8.712000e-01	2.815114e-26
39	1676.639053	1.455034e-08	9.034000e-01	3.523986e-27
39	276.073188	1.775224e-08	9.609000e-01	2.409934e-11
39	6868.462612	1.524037e-08	8.620000e-01	3.901189e-27
39	19337.956601	1.559652e-08	8.137000e-01	3.440559e-26
39	31542.333544	1.572642e-08	7.838000e-01	1.361152e-25
39	2932.016681	1.485479e-08	8.896000e-01	4.376288e-26
39	4981.895730	1.510529e-08	8.735000e-01	2.046320e-26
39	286.375247	6.144613e-08	9.885000e-01	4.028195e-11
39	28371.448792	1.570021e-08	7.907000e-01	1.452744e-25
39	275.055926	1.260978e-08	9.402000e-01	5.752710e-26
39	2249.338143	1.471593e-08	8.965000e-01	1.118948e-25
39	19337.956286	1.559652e-08	8.137000e-01	7.731609e-26
39	6868.462487	1.524037e-08	8.620000e-01	1.355598e-26
39	16331.553016	1.554621e-08	8.229000e-01	3.564630e-27
39	23571.205651	1.565183e-08	8.022000e-01	1.651160e-25
39	2046.467777	1.466405e-08	8.988000e-01	1.369514e-26
39	14948.210811	1.551869e-08	8.275000e-01	6.850597e-26
39	3450.768309	1.493553e-08	8.850000e-01	2.604133e-26
39	285.875954	5.109094e-08	9.862000e-01	3.984216e-11
39	918.741323	5.909188e-11	8.252000e-01	4.565174e-24
39	2046.467637	1.466406e-08	8.988000e-01	3.751776e-26
39	277.162871	1.887433e-08	9.632000e-01	2.641345e-11
39	916.797273	1.001407e-10	8.827000e-01	1.354745e-25
39	740.208566	1.400562e-08	9.195000e-01	1.512100e-27
39	28371.449011	1.570021e-08	7.907000e-01	7.947592e-26
39	915.291734	1.321437e-10	9.034000e-01	7.272617e-25
39	1208.931408	1.434966e-08	9.103000e-01	1.501195e-26
39	14948.210782	1.551869e-08	8.275000e-01	6.274266e-26
39	918.067260	7.394544e-11	8.528000e-01	3.855425e-24
39	282.220300	2.761458e-08	9.747000e-01	3.526608e-11
39	11820.638776	1.544169e-08	8.390000e-01	5.897852e-26
39	2932.016646	1.485479e-08	8.896000e-01	1.375468e-26
39	4022.253649	1.500840e-08	8.804000e-01	4.962350e-27
39	29403.433965	1.570916e-08	7.884000e-01	4.152665e-25
39	17793.992127	1.557211e-08	8.183000e-01	6.846713e-27
39	18555.628339	1.558449e-08	8.160000e-01	7.637486e-26
39	286.788793	7.699958e-08	9.908000e-01	4.057286e-11
39	34943.890412	1.575081e-08	7.769000e-01	5.406377e-25
39	20141.292087	1.560821e-08	8.114000e-01	4.801324e-27
39	6461.416475	1.521561e-08	8.643000e-01	8.094111e-27
39	437.887138	1.352939e-08	9.287000e-01	4.854832e-27
39	914.347510	1.543106e-10	9.126000e-01	1.802834e-25
39	268.884857	1.235841e-08	9.425000e-01	1.047467e-25
39	4648.084619	1.507450e-08	8.758000e-01	5.195045e-26
39	1208.931333	1.434966e-08	9.103000e-01	1.401445e-26
39	27363.928194	1.569102e-08	7.930000e-01	1.603154e-25
39	280.314082	2.330102e-08	9.701000e-01	3.225898e-11
39	281.292370	2.527633e-08	9.724000e-01	3.384977e-11
39	905.346005	6.648467e-10	9.586000e-01	4.871204e-25
39	7290.825470	1.526413e-08	8.597000e-01	4.060869e-26
39	23571.209511	1.565183e-08	8.022000e-01	7.189080e-26
39	8652.139804	1.533004e-08	8.528000e-01	2.001813e-26
39	278.239905	2.014975e-08	9.655000e-01	2.854326e-11
39	36130.875184	1.575856e-08	7.746000e-01	2.235023e-25
39	287.113882	1.029810e-07	9.931000e-01	4.071936e-11
39	30460.263923	1.571790e-08	7.861000e-01	3.242353e-25
39	5329.918259	1.513471e-08	8.712000e-01	2.034465e-26
39	271.829666	1.436267e-08	9.517000e-01	1.295483e-11
39	10159.833472	1.538886e-08	8.459000e-01	2.033816e-26
39	269.964287	1.312829e-08	9.471000e-01	6.212248e-12
39	17052.735642	1.555935e-08	8.206000e-01	3.370665e-26
39	915.875021	1.193972e-10	8.965000e-01	8.128338e-25
39	16331.553475	1.554621e-08	8.229000e-01	3.342801e-26
39	284.632710	3.816501e-08	9.816000e-01	3.849885e-11
39	915.875021	1.193972e-10	8.965000e-01	1.665168e-24
39	22680.573501	1.564137e-08	8.045000e-01	9.655327e-26
39	914.845996	1.423317e-10	9.080000e-01	2.637894e-25
39	289.674116	1.283436e-08	9.379000e-01	6.672814e-27
39	498.515620	1.366463e-08	9.264000e-01	8.301324e-27
39	6868.462636	1.524037e-08	8.620000e-01	1.041709e-26
39	17793.991896	1.557211e-08	8.183000e-01	1.043981e-25
39	18555.628388	1.558449e-08	8.160000e-01	4.743285e-26
39	270.863879	1.371576e-08	9.494000e-01	9.683833e-12
39	274.982383	1.675815e-08	9.586000e-01	2.159872e-11
39	280.314083	2.330102e-08	9.701000e-01	3.225898e-11
39	914.603767	1.480676e-10	9.103000e-01	6.092432e-26
39	3450.768455	1.493553e-08	8.850000e-01	1.841632e-26
39	268.884856	1.235841e-08	9.425000e-01	6.448938e-27
39	287.468134	3.158158e-07	9.977001e-01	4.059782e-11
39	36130.878352	1.575856e-08	7.746000e-01	1.015286e-25
39	14285.461996	1.550427e-08	8.298000e-01	5.057208e-26
39	283.896595	3.386267e-08	9.793000e-01	3.758731e-11
39	15630.144030	1.553266e-08	8.252000e-01	2.655478e-26
39	286.788793	7.699958e-08	9.908000e-01	4.057286e-11
39	7290.825475	1.526413e-08	8.597000e-01	1.622222e-26
39	11820.638991	1.544169e-08	8.390000e-01	3.519676e-26
39	286.375247	6.144613e-08	9.885000e-01	4.028195e-11
39	5329.918056	1.513471e-08	8.712000e-01	2.629750e-26
39	33783.746051	1.574287e-08	7.792000e-01	6.034665e-25
39	3729.819625	1.497288e-08	8.827000e-01	1.896605e-27
39	8652.139882	1.533004e-08	8.528000e-01	2.482299e-26
39	27363.927569	1.569102e-08	7.930000e-01	3.683061e-25
39	283.896595	3.386267e-08	9.793000e-01	3.758731e-11
39	13641.610871	1.548938e-08	8.321000e-01	6.161510e-26
39	914.845996	1.423317e-10	9.080000e-01	1.237186e-25
39	917.273796	9.038639e-11	8.735000e-01	8.416906e-27
39	2932.016475	1.485479e-08	8.896000e-01	2.641179e-26
39	282.220300	2.761458e-08	9.747000e-01	3.526608e-11
39	9640.595333	1.536997e-08	8.482000e-01	3.301122e-26
39	2249.338160	1.471593e-08	8.965000e-01	2.713951e-26
39	285.293915	4.370180e-08	9.839000e-01	3.924917e-11
39	18555.628927	1.558449e-08	8.160000e-01	3.893015e-26
39	915.291734	1.321437e-10	9.034000e-01	3.947356e-27
39	8182.427791	1.530892e-08	8.551000e-01	8.060866e-27
39	6868.462707	1.524037e-08	8.620000e-01	2.256236e-26
39	32650.027050	1.573475e-08	7.815000e-01	1.394694e-24
39	6461.416627	1.521561e-08	8.643000e-01	1.117843e-26
39	3184.900026	1.489622e-08	8.873000e-01	5.451780e-27
39	27363.924867	1.569102e-08	7.930000e-01	1.317031e-25
39	18555.628657	1.558449e-08	8.160000e-01	5.579636e-26
39	10159.833175	1.538886e-08	8.459000e-01	1.748876e-27
39	908.164415	4.521520e-10	9.494000e-01	1.432448e-25
39	4328.273421	1.504224e-08	8.781000e-01	2.069245e-26
39	841.333022	1.410170e-08	9.172000e-01	1.358467e-26
39	908.164415	4.521520e-10	9.494000e-01	7.935828e-26
39	13016.374728	1.547401e-08	8.344000e-01	6.992685e-26
39	4328.273317	1.504224e-08	8.781000e-01	5.817774e-27
39	13016.374664	1.547401e-08	8.344000e-01	4.803795e-26
39	19337.956397	1.559652e-08	8.137000e-01	6.435244e-26
39	910.864308	2.709131e-10	9.356000e-01	7.583913e-25
39	6461.416408	1.521561e-08	8.643000e-01	5.173160e-27
39	28371.449003	1.570021e-08	7.907000e-01	2.655190e-25
39	281.292370	2.527633e-08	9.724000e-01	3.384977e-11
39	14948.210699	1.551869e-08	8.275000e-01	1.067705e-26
39	285.875954	5.109094e-08	9.862000e-01	3.984216e-11
39	915.496818	1.275949e-10	9.011000e-01	2.268049e-26
39	26380.507458	1.568160e-08	7.953000e-01	7.027382e-26
39	26380.509806	1.568160e-08	7.953000e-01	7.967155e-26
39	286.375247	6.144613e-08	9.885000e-01	4.028195e-11
39	287.113882	1.029810e-07	9.931000e-01	4.071936e-11
39	908.164415	4.521520e-10	9.494000e-01	1.151928e-25
39	269.964286	1.312829e-08	9.471000e-01	6.212246e-12
39	498.515595	1.366463e-08	9.264000e-01	4.013661e-27
39	1208.931354	1.434966e-08	9.103000e-01	3.796726e-26
39	285.875954	5.109095e-08	9.862000e-01	3.984216e-11
39	1676.639045	1.455034e-08	9.034000e-01	8.735597e-27
39	1676.639155	1.455034e-08	9.034000e-01	2.900998e-27
39	282.220300	2.761458e-08	9.747000e-01	3.526608e-11
39	916.797273	1.001407e-10	8.827000e-01	1.399519e-25
39	38587.050800	1.577354e-08	7.700000e-01	9.019815e-19
39	498.515624	1.366463e-08	9.264000e-01	1.006279e-26
39	277.162870	1.887433e-08	9.632000e-01	2.641345e-11
39	13016.374503	1.547401e-08	8.344000e-01	9.526755e-27
39	916.797273	1.001407e-10	8.827000e-01	1.158741e-24
39	1208.931336	1.434966e-08	9.103000e-01	1.283786e-26
39	285.875954	5.109094e-08	9.862000e-01	3.984216e-11
39	13016.374819	1.547401e-08	8.344000e-01	5.483511e-26
39	26380.506551	1.568160e-08	7.953000e-01	5.868890e-26
39	20141.291840	1.560821e-08	8.114000e-01	1.081463e-25
39	275.055924	1.260978e-08	9.402000e-01	4.199515e-26
39	916.520983	1.058319e-10	8.873000e-01	7.850890e-25
39	283.090547	3.042437e-08	9.770000e-01	3.651086e-11
39	2691.923266	1.481107e-08	8.919000e-01	1.252583e-26
39	268.884856	1.235841e-08	9.425000e-01	4.437122e-26
39	280.314083	2.330102e-08	9.701000e-01	3.225898e-11
39	274.982383	1.675815e-08	9.586000e-01	2.159872e-11
39	649.487161	1.390146e-08	9.218000e-01	6.106425e-27
39	2464.427291	1.476485e-08	8.942000e-01	2.049549e-26
39	1855.629591	1.460896e-08	9.011000e-01	1.070393e-27
39	386.901714	1.338082e-08	9.310000e-01	1.497646e-27
39	283.090548	3.042437e-08	9.770000e-01	3.651086e-11
39	38587.051265	1.577354e-08	7.700000e-01	3.631820e-19
39	14948.210652	1.551869e-08	8.275000e-01	2.461408e-26
39	897.446471	1.051430e-09	9.678000e-01	1.422413e-26
39	4328.273136	1.504224e-08	8.781000e-01	9.551715e-28
39	33783.744831	1.574287e-08	7.792000e-01	8.896777e-25
39	20965.949737	1.561957e-08	8.091000e-01	2.596988e-26
39	285.875954	5.109094e-08	9.862000e-01	3.984216e-11
39	269.145260	1.259286e-08	9.448000e-01	2.535433e-12
39	26380.511155	1.568160e-08	7.953000e-01	2.800814e-25
39	33783.743721	1.574287e-08	7.792000e-01	8.586803e-25
39	19337.956675	1.559652e-08	8.137000e-01	1.455200e-25
39	286.788793	7.699959e-08	9.908000e-01	4.057286e-11
39	841.332964	1.410170e-08	9.172000e-01	7.904320e-27
39	313.021444	1.303575e-08	9.356000e-01	2.340508e-26
39	9640.595336	1.536997e-08	8.482000e-01	3.773493e-27
39	4328.273277	1.504224e-08	8.781000e-01	7.149828e-27
39	918.602298	6.227610e-11	8.321000e-01	5.527399e-25
39	11820.638964	1.544169e-08	8.390000e-01	8.529060e-26
39	271.829666	1.436267e-08	9.517000e-01	1.295483e-11
39	918.067260	7.394543e-11	8.528000e-01	2.543875e-24
39	283.090547	3.042437e-08	9.770000e-01	3.651086e-11
39	281.292370	2.527633e-08	9.724000e-01	3.384977e-11
39	2249.338255	1.471593e-08	8.965000e-01	4.710440e-26
39	2464.427178	1.476485e-08	8.942000e-01	2.154407e-26
39	36130.877953	1.575856e-08	7.746000e-01	1.245276e-24
39	282.220300	2.761458e-08	9.747000e-01	3.526608e-11
39	4648.084519	1.507450e-08	8.758000e-01	1.008006e-26
39	279.293594	2.161111e-08	9.678000e-01	3.049098e-11
39	286.788793	7.699959e-08	9.908000e-01	4.057286e-11
39	32650.028767	1.573475e-08	7.815000e-01	5.592162e-25
39	28371.448725	1.570021e-08	7.907000e-01	4.375272e-26
39	12409.475130	1.545812e-08	8.367000e-01	4.146969e-26
39	283.896595	3.386267e-08	9.793000e-01	3.758731e-11
39	20141.292055	1.560821e-08	8.114000e-01	1.974510e-26
39	916.049446	1.156876e-10	8.942000e-01	5.144565e-25
39	918.825408	5.712329e-11	8.206000e-01	1.162333e-25
39	25420.823197	1.567194e-08	7.976000e-01	7.825386e-26
39	1075.514668	1.427301e-08	9.126000e-01	1.778744e-26
39	5329.918108	1.513471e-08	8.712000e-01	2.079267e-26
39	32650.027050	1.573475e-08	7.815000e-01	3.098783e-25
39	8652.139941	1.533004e-08	8.528000e-01	3.718661e-26
39	285.293915	4.370180e-08	9.839000e-01	3.924917e-11
39	5692.366953	1.516285e-08	8.689000e-01	2.884877e-26
39	3184.900085	1.489622e-08	8.873000e-01	6.687729e-27
39	1353.471095	1.442111e-08	9.080000e-01	2.534780e-27
39	18555.628625	1.558449e-08	8.160000e-01	9.309085e-26
39	9640.595347	1.536997e-08	8.482000e-01	5.291848e-26
39	287.468134	3.158157e-07	9.977001e-01	4.059782e-11
39	914.347510	1.543106e-10	9.126000e-01	2.212819e-25
39	270.863879	1.371576e-08	9.494000e-01	9.683833e-12
39	5329.918354	1.513471e-08	8.712000e-01	1.169606e-26
39	10696.081282	1.540709e-08	8.436000e-01	5.963961e-26
39	4648.084469	1.507450e-08	8.758000e-01	1.291018e-26
39	32650.026788	1.573475e-08	7.815000e-01	7.461471e-25
39	283.090547	3.042437e-08	9.770000e-01	3.651086e-11
39	269.145260	1.259286e-08	9.448000e-01	2.535432e-12
39	25420.819463	1.567194e-08	7.976000e-01	6.469041e-26
39	740.208606	1.400562e-08	9.195000e-01	9.272245e-27
39	437.887137	1.352939e-08	9.287000e-01	6.845463e-27
39	13641.610690	1.548938e-08	8.321000e-01	1.776399e-26
39	13016.374652	1.547401e-08	8.344000e-01	2.701104e-27
39	277.162871	1.887433e-08	9.632000e-01	2.641345e-11
39	4328.273160	1.504224e-08	8.781000e-01	2.418517e-27
39	9640.595268	1.536997e-08	8.482000e-01	1.180251e-25
39	915.075049	1.370412e-10	9.057000e-01	1.254096e-25
39	29403.434143	1.570916e-08	7.884000e-01	9.889173e-26
39	289.674123	1.283436e-08	9.379000e-01	8.516382e-27
39	25420.821432	1.567194e-08	7.976000e-01	1.438977e-25
39	18555.628971	1.558449e-08	8.160000e-01	4.212562e-26
39	4981.895787	1.510529e-08	8.735000e-01	2.259133e-26
39	905.346005	6.648467e-10	9.586000e-01	4.491382e-25
39	32650.026601	1.573475e-08	7.815000e-01	6.062935e-26
39	27363.927413	1.569102e-08	7.930000e-01	2.936640e-25
39	4648.084627	1.507450e-08	8.758000e-01	4.082643e-27
39	281.292370	2.527633e-08	9.724000e-01	3.384977e-11
39	32650.027198	1.573475e-08	7.815000e-01	1.168902e-25
39	17793.992332	1.557211e-08	8.183000e-01	7.756178e-26
39	918.825408	5.712329e-11	8.206000e-01	8.704763e-25
39	278.239905	2.014975e-08	9.655000e-01	2.854326e-11
39	917.667034	8.230769e-11	8.643000e-01	1.365480e-24
39	12409.475309	1.545812e-08	8.367000e-01	4.826299e-26
39	4648.084473	1.507450e-08	8.758000e-01	2.481803e-26
39	28371.449000	1.570021e-08	7.907000e-01	1.407228e-25
39	33783.744142	1.574287e-08	7.792000e-01	1.221766e-24
39	40264.451192	1.657612e-08	8.021999e-01	1.000000e-08
39	38587.055869	1.577354e-08	7.700000e-01	2.314422e-10
39	1855.629516	1.460896e-08	9.011000e-01	6.327580e-27
39	907.020451	5.461008e-10	9.540000e-01	8.035867e-26
39	287.346674	1.552274e-07	9.954000e-01	4.072611e-11
39	912.467822	2.077478e-10	9.264000e-01	1.771596e-25
39	4648.084619	1.507450e-08	8.758000e-01	1.525343e-26
39	33783.742918	1.574287e-08	7.792000e-01	2.669648e-25
39	916.662626	1.029087e-10	8.850000e-01	4.817964e-25
39	9138.113932	1.535038e-08	8.505000e-01	1.037357e-26
39	4648.084393	1.507450e-08	8.758000e-01	2.969328e-26
39	10159.833299	1.538886e-08	8.459000e-01	2.987642e-26
39	26380.504826	1.568160e-08	7.953000e-01	9.591485e-26
39	14948.210658	1.551869e-08	8.275000e-01	9.087756e-26
39	14948.210764	1.551869e-08	8.275000e-01	1.424252e-26
39	29403.433728	1.570916e-08	7.884000e-01	4.332785e-25
39	498.515623	1.366463e-08	9.264000e-01	6.237567e-27
39	841.332993	1.410170e-08	9.172000e-01	1.373357e-27
39	5329.918108	1.513471e-08	8.712000e-01	2.712267e-26
39	34943.891076	1.575081e-08	7.769000e-01	1.181679e-24
39	28371.448787	1.570021e-08	7.907000e-01	1.154599e-25
39	33783.743494	1.574287e-08	7.792000e-01	2.227255e-25
39	919.268995	4.598306e-11	7.884000e-01	5.877039e-24
39	280.314083	2.330102e-08	9.701000e-01	3.225898e-11
39	908.164415	4.521521e-10	9.494000e-01	4.798018e-25
39	917.163250	9.264776e-11	8.758000e-01	3.741966e-25
39	13016.374593	1.547401e-08	8.344000e-01	1.918818e-25
39	275.055919	1.260978e-08	9.402000e-01	1.345478e-26
39	2691.923122	1.481107e-08	8.919000e-01	5.075785e-26
39	283.090548	3.042437e-08	9.770000e-01	3.651086e-11
39	38587.053447	1.577354e-08	7.700000e-01	2.232899e-19
39	17052.735558	1.555935e-08	8.206000e-01	1.779670e-25
39	27363.924713	1.569102e-08	7.930000e-01	1.854071e-25
39	270.863878	1.371576e-08	9.494000e-01	9.683831e-12
39	269.964286	1.312829e-08	9.471000e-01	6.212245e-12
39	29403.433803	1.570916e-08	7.884000e-01	1.284063e-25
39	44011.871181	1.836218e-08	8.597000e-01	1.000000e-08
39	269.964287	1.312829e-08	9.471000e-01	6.212247e-12
39	12409.475110	1.545812e-08	8.367000e-01	2.677875e-27
39	274.982383	1.675815e-08	9.586000e-01	2.159872e-11
39	17793.992192	1.557211e-08	8.183000e-01	1.300362e-25
39	1509.313413	1.448786e-08	9.057000e-01	7.213251e-27
39	916.662627	1.029087e-10	8.850000e-01	1.966779e-25
39	897.446471	1.051430e-09	9.678000e-01	3.595872e-26
39	14948.210799	1.551869e-08	8.275000e-01	4.649909e-26
39	4648.084360	1.507450e-08	8.758000e-01	1.712444e-26
39	841.332935	1.410170e-08	9.172000e-01	2.195997e-26
39	13641.610492	1.548938e-08	8.321000e-01	5.130634e-26
39	12409.475284	1.545812e-08	8.367000e-01	2.488556e-26
39	9640.595422	1.536997e-08	8.482000e-01	9.042972e-27
39	20965.948379	1.561957e-08	8.091000e-01	1.416013e-26
39	498.515600	1.366463e-08	9.264000e-01	6.281605e-27
39	313.021458	1.303575e-08	9.356000e-01	5.285433e-28
39	3184.899980	1.489622e-08	8.873000e-01	2.598578e-26
39	905.346005	6.648467e-10	9.586000e-01	3.182977e-25
39	16331.553089	1.554621e-08	8.229000e-01	7.614409e-26
39	12409.475348	1.545812e-08	8.367000e-01	8.345650e-26
39	274.982383	1.675815e-08	9.586000e-01	2.159872e-11
39	37345.120562	1.576613e-08	7.723000e-01	9.664892e-25
39	287.346674	1.552274e-07	9.954000e-01	4.072611e-11
39	913.789395	1.686271e-10	9.172000e-01	1.351995e-24
39	11820.638868	1.544169e-08	8.390000e-01	1.911519e-25
39	915.291734	1.321437e-10	9.034000e-01	8.688096e-25
39	14948.210657	1.551869e-08	8.275000e-01	6.450535e-26
39	280.314083	2.330102e-08	9.701000e-01	3.225898e-11
39	34943.891506	1.575081e-08	7.769000e-01	5.729587e-25
39	10696.081052	1.540709e-08	8.436000e-01	7.567794e-26
39	2691.923288	1.481107e-08	8.919000e-01	4.664017e-27
39	269.964286	1.312829e-08	9.471000e-01	6.212245e-12
39	27363.927906	1.569102e-08	7.930000e-01	2.930062e-25
39	841.332960	1.410170e-08	9.172000e-01	1.113194e-27
39	905.346005	6.648467e-10	9.586000e-01	1.299288e-25
39	4328.273201	1.504224e-08	8.781000e-01	1.779788e-26
39	282.220300	2.761458e-08	9.747000e-01	3.526608e-11
39	913.789395	1.686271e-10	9.172000e-01	3.853708e-25
39	313.021472	1.303575e-08	9.356000e-01	3.681093e-27
39	1353.471081	1.442111e-08	9.080000e-01	8.120828e-27
39	345.352658	1.321703e-08	9.333000e-01	2.719432e-27
39	3184.899989	1.489622e-08	8.873000e-01	1.639837e-26
39	283.090548	3.042438e-08	9.770000e-01	3.651086e-11
39	26380.508906	1.568160e-08	7.953000e-01	1.590289e-25
39	11820.638835	1.544169e-08	8.390000e-01	3.201635e-27
39	914.603767	1.480676e-10	9.103000e-01	4.186951e-25
39	4981.895761	1.510529e-08	8.735000e-01	1.137364e-26
39	918.137220	7.245903e-11	8.505000e-01	2.376590e-24
39	286.788793	7.699959e-08	9.908000e-01	4.057286e-11
39	8182.427767	1.530892e-08	8.551000e-01	3.498277e-26
39	5692.366775	1.516285e-08	8.689000e-01	3.928468e-26
39	276.073189	1.775224e-08	9.609000e-01	2.409934e-11
39	313.021475	1.303575e-08	9.356000e-01	1.348834e-26
39	498.515641	1.366463e-08	9.264000e-01	8.581142e-27
39	269.964287	1.312829e-08	9.471000e-01	6.212247e-12
39	919.382153	4.285148e-11	7.769000e-01	1.251998e-23
39	14285.461823	1.550427e-08	8.298000e-01	6.121990e-26
39	913.789395	1.686271e-10	9.172000e-01	8.664981e-25
39	24484.506734	1.566202e-08	7.999000e-01	1.349156e-26
39	2932.016461	1.485479e-08	8.896000e-01	4.266038e-27
39	285.293915	4.370180e-08	9.839000e-01	3.924917e-11
39	2691.923205	1.481107e-08	8.919000e-01	2.063331e-26
39	3184.899954	1.489622e-08	8.873000e-01	1.564092e-27
39	3450.768374	1.493553e-08	8.850000e-01	2.152365e-26
39	271.829666	1.436267e-08	9.517000e-01	1.295483e-11
39	2691.923221	1.481107e-08	8.919000e-01	1.382730e-26
39	13016.374746	1.547401e-08	8.344000e-01	2.355918e-26
39	10159.833370	1.538886e-08	8.459000e-01	1.297417e-26
39	29403.433805	1.570916e-08	7.884000e-01	5.247137e-26
39	32650.028543	1.573475e-08	7.815000e-01	6.355839e-25
39	33783.744867	1.574287e-08	7.792000e-01	9.838258e-25
39	280.314083	2.330102e-08	9.701000e-01	3.225898e-11
39	916.520983	1.058319e-10	8.873000e-01	4.837040e-25
39	3450.768381	1.493553e-08	8.850000e-01	3.739218e-27
39	10696.081277	1.540709e-08	8.436000e-01	6.274471e-26
39	6069.459421	1.518979e-08	8.666000e-01	1.368049e-26
39	313.021470	1.303575e-08	9.356000e-01	4.879905e-28
39	498.515604	1.366463e-08	9.264000e-01	2.429675e-27
39	274.982383	1.675815e-08	9.586000e-01	2.159872e-11
39	287.113882	1.029810e-07	9.931000e-01	4.071936e-11
39	4648.084551	1.507450e-08	8.758000e-01	9.784513e-27
39	289.674127	1.283436e-08	9.379000e-01	9.693323e-27
39	21812.267374	1.563062e-08	8.068000e-01	7.647349e-26
39	1509.313505	1.448786e-08	9.057000e-01	5.132813e-27
39	911.697828	2.352986e-10	9.310000e-01	9.021039e-26
39	20965.948292	1.561957e-08	8.091000e-01	2.283983e-26
39	1509.313450	1.448786e-08	9.057000e-01	7.436011e-27
39	5329.918296	1.513471e-08	8.712000e-01	1.302023e-26
39	14948.210831	1.551869e-08	8.275000e-01	1.525706e-26
39	568.985135	1.378820e-08	9.241000e-01	8.525938e-27
39	911.287818	2.519389e-10	9.333000e-01	1.898393e-25
39	386.901749	1.338082e-08	9.310000e-01	2.267099e-27
39	918.067260	7.394543e-11	8.528000e-01	2.856525e-24
39	4022.253672	1.500840e-08	8.804000e-01	1.856879e-27
39	22680.577159	1.564137e-08	8.045000e-01	1.896311e-25
39	17793.992238	1.557211e-08	8.183000e-01	1.435145e-25
39	29403.433946	1.570916e-08	7.884000e-01	2.510041e-25
39	914.603767	1.480676e-10	9.103000e-01	2.573396e-25
39	278.239905	2.014975e-08	9.655000e-01	2.854326e-11
39	437.887164	1.352939e-08	9.287000e-01	5.020275e-27
39	1208.931282	1.434966e-08	9.103000e-01	3.089171e-28
39	6069.459496	1.518979e-08	8.666000e-01	8.701940e-27
39	913.164699	1.860629e-10	9.218000e-01	5.269550e-25
39	386.901715	1.338082e-08	9.310000e-01	1.928554e-26
39	278.239906	2.014975e-08	9.655000e-01	2.854326e-11
39	2932.016598	1.485479e-08	8.896000e-01	1.611629e-26
39	918.204225	7.102636e-11	8.482000e-01	3.329707e-25
39	14285.461539	1.550427e-08	8.298000e-01	3.660828e-26
39	272.847313	1.507788e-08	9.540000e-01	1.602898e-11
39	31542.334822	1.572642e-08	7.838000e-01	2.272951e-25
39	9138.113855	1.535038e-08	8.505000e-01	2.654651e-26
39	4648.084430	1.507450e-08	8.758000e-01	1.473783e-26
39	287.113882	1.029810e-07	9.931000e-01	4.071936e-11
39	11249.595909	1.542469e-08	8.413000e-01	2.646397e-26
39	14285.462060	1.550427e-08	8.298000e-01	3.681399e-26
39	278.239905	2.014975e-08	9.655000e-01	2.854326e-11
39	285.293915	4.370180e-08	9.839000e-01	3.924917e-11
39	1509.313406	1.448786e-08	9.057000e-01	2.958454e-26
39	269.964286	1.312829e-08	9.471000e-01	6.212245e-12
39	29403.433824	1.570916e-08	7.884000e-01	9.884283e-26
39	2932.016640	1.485479e-08	8.896000e-01	2.147012e-26
39	3729.819549	1.497288e-08	8.827000e-01	1.530684e-26
39	914.347510	1.543106e-10	9.126000e-01	5.430999e-25
39	31542.332740	1.572642e-08	7.838000e-01	6.991510e-26
39	27363.922276	1.569102e-08	7.930000e-01	3.092292e-26
39	313.021464	1.303575e-08	9.356000e-01	2.646479e-27
39	7728.735750	1.528697e-08	8.574000e-01	2.700758e-26
39	2932.016505	1.485479e-08	8.896000e-01	3.588643e-27
39	33783.746129	1.574287e-08	7.792000e-01	1.352165e-24
39	3450.768393	1.493553e-08	8.850000e-01	1.631802e-26
39	20141.291982	1.560821e-08	8.114000e-01	1.047181e-25
39	2046.467665	1.466405e-08	8.988000e-01	3.123042e-26
39	915.291734	1.321437e-10	9.034000e-01	7.758908e-25
39	4022.253694	1.500840e-08	8.804000e-01	1.287535e-26
39	313.021462	1.303575e-08	9.356000e-01	1.478637e-26
39	914.845996	1.423317e-10	9.080000e-01	7.219958e-25
39	272.847313	1.507788e-08	9.540000e-01	1.602898e-11
39	13641.610840	1.548938e-08	8.321000e-01	3.062737e-26
39	2249.338091	1.471593e-08	8.965000e-01	2.492915e-26
39	915.691022	1.233569e-10	8.988000e-01	3.383013e-25
39	276.073188	1.775224e-08	9.609000e-01	2.409934e-11
39	918.137220	7.245903e-11	8.505000e-01	6.728205e-25
39	269.145260	1.259286e-08	9.448000e-01	2.535432e-12
39	1208.931336	1.434966e-08	9.103000e-01	3.071437e-26
39	25420.822376	1.567194e-08	7.976000e-01	1.203618e-25
39	286.788793	7.699958e-08	9.908000e-01	4.057286e-11
39	9138.114069	1.535038e-08	8.505000e-01	1.440930e-25
39	34943.889630	1.575081e-08	7.769000e-01	6.793397e-26
39	278.239905	2.014975e-08	9.655000e-01	2.854326e-11
39	29403.434053	1.570916e-08	7.884000e-01	2.889562e-26
39	24484.508584	1.566202e-08	7.999000e-01	1.678453e-25
39	1208.931367	1.434966e-08	9.103000e-01	4.012162e-27
39	5329.918056	1.513471e-08	8.712000e-01	2.734679e-26
39	917.667034	8.230769e-11	8.643000e-01	1.838399e-24
39	912.825508	1.962862e-10	9.241000e-01	1.786611e-25
39	6461.416649	1.521561e-08	8.643000e-01	1.986566e-26
39	24484.507989	1.566202e-08	7.999000e-01	8.069485e-26
39	10696.081027	1.540709e-08	8.436000e-01	1.517800e-26
39	313.021447	1.303575e-08	9.356000e-01	1.265677e-26
39	915.291734	1.321437e-10	9.034000e-01	2.123276e-25
39	919.339105	4.406133e-11	7.815000e-01	3.476131e-23
39	4981.895446	1.510529e-08	8.735000e-01	2.644816e-26
39	4022.253569	1.500840e-08	8.804000e-01	2.164588e-27
39	268.884857	1.235841e-08	9.425000e-01	1.008619e-26
39	287.346674	1.552274e-07	9.954000e-01	4.072611e-11
39	273.902755	1.587204e-08	9.563000e-01	1.890939e-11
39	2932.016646	1.485479e-08	8.896000e-01	3.140959e-27
39	285.875954	5.109094e-08	9.862000e-01	3.984216e-11
39	283.090547	3.042437e-08	9.770000e-01	3.651086e-11
39	498.515629	1.366463e-08	9.264000e-01	5.752813e-28
39	345.352627	1.321703e-08	9.333000e-01	1.993763e-27
39	4022.253534	1.500840e-08	8.804000e-01	1.613983e-27
39	18555.628576	1.558449e-08	8.160000e-01	2.146416e-26
39	287.113882	1.029810e-07	9.931000e-01	4.071936e-11
39	7290.825540	1.526413e-08	8.597000e-01	1.793097e-26
39	271.829666	1.436267e-08	9.517000e-01	1.295483e-11
39	276.073188	1.775224e-08	9.609000e-01	2.409934e-11
39	38587.052355	1.577354e-08	7.700000e-01	4.090614e-19
39	916.797273	1.001407e-10	8.827000e-01	6.558141e-25
39	271.829666	1.436267e-08	9.517000e-01	1.295483e-11
39	912.825508	1.962862e-10	9.241000e-01	9.518769e-25
39	268.884856	1.235841e-08	9.425000e-01	9.304129e-26
39	18555.628492	1.558449e-08	8.160000e-01	2.660657e-25
39	7290.825389	1.526413e-08	8.597000e-01	1.259008e-25
39	11820.638773	1.544169e-08	8.390000e-01	2.369640e-26
39	13016.374545	1.547401e-08	8.344000e-01	1.039175e-26
39	4328.273329	1.504224e-08	8.781000e-01	5.604311e-27
39	2932.016516	1.485479e-08	8.896000e-01	7.688285e-26
39	20141.291724	1.560821e-08	8.114000e-01	2.754035e-25
39	283.896595	3.386267e-08	9.793000e-01	3.758731e-11
39	2046.467742	1.466406e-08	8.988000e-01	1.354998e-26
39	8652.139941	1.533004e-08	8.528000e-01	3.718661e-26
39	897.446471	1.051430e-09	9.678000e-01	3.160100e-26
39	6868.462606	1.524037e-08	8.620000e-01	8.895638e-27
39	28371.448985	1.570021e-08	7.907000e-01	9.365256e-26
39	287.468134	3.158157e-07	9.977001e-01	4.059782e-11
39	916.214888	1.122040e-10	8.919000e-01	1.472444e-25
39	23571.207587	1.565183e-08	8.022000e-01	4.413004e-26
39	274.982383	1.675815e-08	9.586000e-01	2.159872e-11
39	1353.471050	1.442111e-08	9.080000e-01	2.956022e-27
39	37345.123353	1.576613e-08	7.723000e-01	4.888650e-25
39	15630.143915	1.553266e-08	8.252000e-01	7.175259e-26
39	914.603767	1.480676e-10	9.103000e-01	5.324607e-25
39	913.789395	1.686271e-10	9.172000e-01	6.223863e-25
39	26380.507923	1.568160e-08	7.953000e-01	7.336157e-26
39	36130.875584	1.575856e-08	7.746000e-01	2.957974e-25
39	902.560648	8.219960e-10	9.632000e-01	1.583515e-26
39	15630.143914	1.553266e-08	8.252000e-01	1.074449e-25
39	905.346005	6.648467e-10	9.586000e-01	3.004332e-25
39	740.208589	1.400562e-08	9.195000e-01	2.150652e-26
39	6461.416599	1.521561e-08	8.643000e-01	4.022291e-26
39	280.314082	2.330102e-08	9.701000e-01	3.225898e-11
39	36130.876227	1.575856e-08	7.746000e-01	2.425624e-24
39	953.041710	1.419058e-08	9.149000e-01	2.550465e-27
39	914.347510	1.543106e-10	9.126000e-01	4.219465e-25
39	2932.016647	1.485479e-08	8.896000e-01	1.010865e-26
39	1208.931406	1.434966e-08	9.103000e-01	3.433221e-27
39	20965.948620	1.561957e-08	8.091000e-01	6.788133e-26
39	268.884857	1.235841e-08	9.425000e-01	4.281065e-26
39	2691.923282	1.481107e-08	8.919000e-01	6.363623e-27
39	6461.416750	1.521561e-08	8.643000e-01	2.570738e-26
39	8652.139856	1.533004e-08	8.528000e-01	1.728765e-26
39	912.467822	2.077478e-10	9.264000e-01	9.975835e-26
39	284.632710	3.816501e-08	9.816000e-01	3.849885e-11
39	5329.917998	1.513471e-08	8.712000e-01	1.993083e-26
39	287.468134	3.158156e-07	9.977001e-01	4.059782e-11
39	13016.374824	1.547401e-08	8.344000e-01	2.036185e-27
39	2464.427242	1.476485e-08	8.942000e-01	5.808121e-27
39	919.360978	4.344961e-11	7.792000e-01	1.470001e-23
39	38587.053782	1.577354e-08	7.700000e-01	3.333249e-19
39	14948.210667	1.551869e-08	8.275000e-01	3.331677e-26
39	918.741323	5.909188e-11	8.252000e-01	1.727820e-23
39	36130.876346	1.575854e-08	7.746000e-01	3.065362e-24
39	26380.509510	1.568160e-08	7.953000e-01	2.285898e-25
39	914.603767	1.480676e-10	9.103000e-01	9.236921e-25
39	913.485778	1.768942e-10	9.195000e-01	6.882266e-25
39	274.982383	1.675815e-08	9.586000e-01	2.159872e-11
39	269.964286	1.312829e-08	9.471000e-01	6.212246e-12
39	284.632710	3.816501e-08	9.816000e-01	3.849885e-11
39	912.467823	2.077477e-10	9.264000e-01	1.761099e-25
39	21812.270310	1.563062e-08	8.068000e-01	1.692025e-27
39	283.090548	3.042437e-08	9.770000e-01	3.651086e-11
39	269.145260	1.259286e-08	9.448000e-01	2.535432e-12
39	286.788793	7.699960e-08	9.908000e-01	4.057286e-11
39	2464.427183	1.476485e-08	8.942000e-01	1.860160e-26
39	287.346674	1.552274e-07	9.954000e-01	4.072611e-11
39	10159.833317	1.538886e-08	8.459000e-01	1.904972e-26
39	5692.366916	1.516285e-08	8.689000e-01	1.625888e-26
39	285.875954	5.109095e-08	9.862000e-01	3.984216e-11
39	30460.263958	1.571790e-08	7.861000e-01	9.758421e-26
39	14948.210765	1.551869e-08	8.275000e-01	1.279910e-25
39	1509.313518	1.448786e-08	9.057000e-01	9.472778e-27
39	31542.333034	1.572642e-08	7.838000e-01	3.482631e-25
39	13641.610780	1.548938e-08	8.321000e-01	1.226261e-25
39	3729.819571	1.497288e-08	8.827000e-01	2.013415e-26
39	281.292370	2.527633e-08	9.724000e-01	3.384977e-11
39	7728.735717	1.528697e-08	8.574000e-01	1.374849e-26
39	9640.595325	1.536997e-08	8.482000e-01	4.572894e-26
39	8182.427791	1.530892e-08	8.551000e-01	1.750552e-26
39	284.632710	3.816501e-08	9.816000e-01	3.849885e-11
39	10696.081041	1.540709e-08	8.436000e-01	5.393751e-26
39	284.632710	3.816501e-08	9.816000e-01	3.849885e-11
39	281.292370	2.527633e-08	9.724000e-01	3.384977e-11
39	4648.084527	1.507450e-08	8.758000e-01	1.068991e-26
39	953.041604	1.419058e-08	9.149000e-01	9.800772e-27
39	13016.374520	1.547401e-08	8.344000e-01	3.944754e-26
39	36130.877831	1.575856e-08	7.746000e-01	2.445159e-24
39	6461.416750	1.521561e-08	8.643000e-01	2.842626e-26
39	15630.143886	1.553266e-08	8.252000e-01	1.820726e-25
39	21812.270520	1.563062e-08	8.068000e-01	6.977232e-26
39	287.346674	1.552274e-07	9.954000e-01	4.072611e-11
39	9640.595273	1.536997e-08	8.482000e-01	6.199399e-26
39	7290.825487	1.526413e-08	8.597000e-01	2.416928e-26
39	24484.506386	1.566202e-08	7.999000e-01	2.995814e-26
39	34943.889943	1.575081e-08	7.769000e-01	4.044265e-25
39	345.352630	1.321703e-08	9.333000e-01	4.858373e-27
39	916.925339	9.751530e-11	8.804000e-01	2.489152e-24
39	12409.475422	1.545812e-08	8.367000e-01	9.750056e-26
39	278.239906	2.014975e-08	9.655000e-01	2.854326e-11
39	40264.451276	1.657612e-08	8.021999e-01	1.000000e-08
39	280.314082	2.330102e-08	9.701000e-01	3.225898e-11
39	918.499977	6.457144e-11	8.367000e-01	4.124377e-24
39	6461.416520	1.521561e-08	8.643000e-01	2.266692e-26
39	285.293915	4.370180e-08	9.839000e-01	3.924917e-11
39	32650.027871	1.573475e-08	7.815000e-01	1.481088e-25
39	20141.291612	1.560821e-08	8.114000e-01	3.553350e-26
39	18555.628760	1.558449e-08	8.160000e-01	8.870397e-26
39	7290.825466	1.526413e-08	8.597000e-01	2.172437e-26
39	31542.333362	1.572642e-08	7.838000e-01	3.699165e-26
39	916.214888	1.122040e-10	8.919000e-01	1.184987e-24
39	26380.507176	1.568160e-08	7.953000e-01	1.475820e-25
39	10696.081124	1.540709e-08	8.436000e-01	4.558826e-26
39	21812.271660	1.563062e-08	8.068000e-01	5.219638e-26
39	20141.291701	1.560821e-08	8.114000e-01	1.632592e-25
39	36130.876387	1.575856e-08	7.746000e-01	1.539566e-24
39	3450.768316	1.493553e-08	8.850000e-01	6.018602e-27
39	8182.427759	1.530892e-08	8.551000e-01	4.896891e-26
39	4981.895451	1.510529e-08	8.735000e-01	1.535160e-26
39	841.332976	1.410170e-08	9.172000e-01	8.507911e-27
39	8652.139941	1.533004e-08	8.528000e-01	3.718661e-26
39	28371.448947	1.570021e-08	7.907000e-01	1.760311e-25
39	15630.143918	1.553266e-08	8.252000e-01	5.435463e-26
39	8652.139986	1.533004e-08	8.528000e-01	3.323465e-26
39	10696.081282	1.540709e-08	8.436000e-01	2.262786e-26
39	7728.735716	1.528697e-08	8.574000e-01	2.777710e-26
39	20141.291680	1.560821e-08	8.114000e-01	9.784323e-26
39	271.829666	1.436267e-08	9.517000e-01	1.295483e-11
39	280.314083	2.330102e-08	9.701000e-01	3.225898e-11
39	498.515603	1.366463e-08	9.264000e-01	6.442044e-27
39	4328.273309	1.504224e-08	8.781000e-01	5.742898e-27
39	268.884855	1.235841e-08	9.425000e-01	6.660627e-26
39	437.887171	1.352939e-08	9.287000e-01	1.315455e-26
39	912.825508	1.962862e-10	9.241000e-01	5.414421e-25
39	919.191459	4.804608e-11	7.953000e-01	5.580809e-24
39	273.902756	1.587204e-08	9.563000e-01	1.890940e-11
39	27363.924298	1.569102e-08	7.930000e-01	3.632705e-25
39	917.994182	7.548882e-11	8.551000e-01	6.745511e-25
39	2691.923163	1.481107e-08	8.919000e-01	8.941281e-27
39	10696.081187	1.540709e-08	8.436000e-01	5.709079e-26
39	5692.366765	1.516285e-08	8.689000e-01	1.827480e-26
39	285.875954	5.109094e-08	9.862000e-01	3.984216e-11
39	289.674130	1.283436e-08	9.379000e-01	1.538574e-26
39	917.754443	8.049777e-11	8.620000e-01	1.327418e-24
39	7290.825281	1.526413e-08	8.597000e-01	3.474579e-26
39	28371.448775	1.570021e-08	7.907000e-01	2.120081e-25
39	19337.956618	1.559652e-08	8.137000e-01	9.905467e-26
39	281.292370	2.527633e-08	9.724000e-01	3.384977e-11
39	10696.081144	1.540709e-08	8.436000e-01	3.834225e-26
39	20141.291826	1.560821e-08	8.114000e-01	2.575680e-26
39	275.055921	1.260978e-08	9.402000e-01	1.533430e-26
39	9640.595175	1.536997e-08	8.482000e-01	9.325471e-26
39	282.220300	2.761458e-08	9.747000e-01	3.526608e-11
39	286.375247	6.144613e-08	9.885000e-01	4.028195e-11
39	269.964287	1.312829e-08	9.471000e-01	6.212247e-12
39	437.887164	1.352939e-08	9.287000e-01	2.451490e-26
39	31542.334674	1.572642e-08	7.838000e-01	2.271732e-25
39	1676.639051	1.455034e-08	9.034000e-01	1.201221e-26
39	1353.471077	1.442111e-08	9.080000e-01	1.451055e-26
39	9640.595297	1.536997e-08	8.482000e-01	4.978802e-26
39	6868.462588	1.524037e-08	8.620000e-01	1.643442e-26
39	37345.121053	1.576613e-08	7.723000e-01	3.058084e-24
39	37345.120561	1.576613e-08	7.723000e-01	2.391084e-24
39	28371.448652	1.570021e-08	7.907000e-01	7.941886e-26
39	953.041653	1.419058e-08	9.149000e-01	4.626722e-27
39	21812.269344	1.563062e-08	8.068000e-01	4.596110e-26
39	1855.629509	1.460896e-08	9.011000e-01	6.444118e-27
39	18555.628937	1.558449e-08	8.160000e-01	1.232542e-25
39	4022.253565	1.500840e-08	8.804000e-01	4.435760e-27
39	6461.416334	1.521561e-08	8.643000e-01	5.138965e-26
39	287.346674	1.552274e-07	9.954000e-01	4.072611e-11
39	917.379162	8.822872e-11	8.712000e-01	9.097338e-25
39	24484.503292	1.566202e-08	7.999000e-01	8.218051e-26
39	285.875954	5.109094e-08	9.862000e-01	3.984216e-11
39	34943.891582	1.575081e-08	7.769000e-01	3.154608e-25
39	274.982383	1.675815e-08	9.586000e-01	2.159872e-11
39	2046.467721	1.466406e-08	8.988000e-01	2.020011e-26
39	277.162870	1.887433e-08	9.632000e-01	2.641345e-11
39	917.379162	8.822872e-11	8.712000e-01	2.538389e-24
39	30460.266629	1.571790e-08	7.861000e-01	1.374298e-25
39	28371.448837	1.570021e-08	7.907000e-01	1.153072e-25
39	914.076350	1.611345e-10	9.149000e-01	9.532520e-26
39	953.041628	1.419058e-08	9.149000e-01	6.696907e-27
39	279.293594	2.161111e-08	9.678000e-01	3.049098e-11
39	13641.610812	1.548938e-08	8.321000e-01	4.285517e-26
39	31542.333070	1.572642e-08	7.838000e-01	1.610357e-25
39	274.982383	1.675815e-08	9.586000e-01	2.159872e-11
39	345.352628	1.321703e-08	9.333000e-01	9.716503e-27
39	20965.951303	1.561957e-08	8.091000e-01	1.510882e-25
39	914.347510	1.543107e-10	9.126000e-01	1.289568e-25
39	649.487133	1.390146e-08	9.218000e-01	2.004264e-26
39	279.293594	2.161111e-08	9.678000e-01	3.049098e-11
39	908.164415	4.521520e-10	9.494000e-01	2.549615e-25
39	32650.026228	1.573475e-08	7.815000e-01	1.972911e-25
39	14285.461782	1.550427e-08	8.298000e-01	8.526502e-27
39	31542.331939	1.572642e-08	7.838000e-01	9.381866e-25
39	21812.268920	1.563062e-08	8.068000e-01	7.909573e-27
39	284.632710	3.816501e-08	9.816000e-01	3.849885e-11
39	285.875954	5.109094e-08	9.862000e-01	3.984216e-11
39	289.674126	1.283436e-08	9.379000e-01	2.590661e-26
39	20141.291943	1.560821e-08	8.114000e-01	3.329552e-26
39	20141.291621	1.560821e-08	8.114000e-01	1.917642e-26
39	5329.918019	1.513471e-08	8.712000e-01	6.856840e-27
39	6069.459201	1.518979e-08	8.666000e-01	6.216779e-27
39	287.346674	1.552274e-07	9.954000e-01	4.072611e-11
39	9138.113898	1.535038e-08	8.505000e-01	3.447825e-26
39	28371.448770	1.570021e-08	7.907000e-01	4.110923e-26
39	25420.824208	1.567194e-08	7.976000e-01	3.508404e-26
39	278.239906	2.014975e-08	9.655000e-01	2.854326e-11
39	33783.743571	1.574287e-08	7.792000e-01	1.050322e-25
39	280.314082	2.330102e-08	9.701000e-01	3.225898e-11
39	913.164699	1.860629e-10	9.218000e-01	4.995479e-25
39	22680.572919	1.564137e-08	8.045000e-01	8.982240e-26
39	2464.427216	1.476485e-08	8.942000e-01	1.554852e-26
39	272.847313	1.507788e-08	9.540000e-01	1.602898e-11
39	5692.366801	1.516285e-08	8.689000e-01	3.281980e-26
39	283.090548	3.042437e-08	9.770000e-01	3.651086e-11
39	10696.081043	1.540709e-08	8.436000e-01	1.132813e-25
39	20965.950726	1.561957e-08	8.091000e-01	7.970717e-26
39	287.468134	3.158158e-07	9.977001e-01	4.059782e-11
39	270.863878	1.371576e-08	9.494000e-01	9.683832e-12
39	4328.273273	1.504224e-08	8.781000e-01	7.086304e-27
39	568.985132	1.378820e-08	9.241000e-01	4.732914e-27
39	273.902755	1.587204e-08	9.563000e-01	1.890940e-11
39	916.371896	1.089249e-10	8.896000e-01	1.925015e-24
39	269.964286	1.312829e-08	9.471000e-01	6.212247e-12
39	345.352663	1.321703e-08	9.333000e-01	1.472078e-26
39	272.847313	1.507788e-08	9.540000e-01	1.602898e-11
39	16331.552965	1.554621e-08	8.229000e-01	5.920189e-26
39	285.293915	4.370180e-08	9.839000e-01	3.924917e-11
39	915.691022	1.233569e-10	8.988000e-01	1.938879e-24
39	437.887169	1.352939e-08	9.287000e-01	6.534660e-27
39	268.884856	1.235841e-08	9.425000e-01	6.236379e-26
39	285.875954	5.109094e-08	9.862000e-01	3.984216e-11
39	13641.610863	1.548938e-08	8.321000e-01	4.651704e-27
39	2932.016451	1.485479e-08	8.896000e-01	1.492246e-26
39	386.901736	1.338082e-08	9.310000e-01	1.900608e-27
39	915.075049	1.370412e-10	9.057000e-01	1.421097e-25
39	2464.427204	1.476485e-08	8.942000e-01	4.346395e-26
39	2691.923189	1.481107e-08	8.919000e-01	9.826247e-27
39	1208.931385	1.434966e-08	9.103000e-01	6.603234e-27
39	4328.273417	1.504224e-08	8.781000e-01	1.553715e-26
39	4328.273473	1.504224e-08	8.781000e-01	4.211653e-26
39	36130.875946	1.575856e-08	7.746000e-01	1.386613e-24
39	3184.899923	1.489622e-08	8.873000e-01	2.222154e-26
39	287.346674	1.552274e-07	9.954000e-01	4.072611e-11
39	16331.553096	1.554621e-08	8.229000e-01	7.082402e-26
39	31542.335077	1.572642e-08	7.838000e-01	1.348377e-25
39	740.208603	1.400562e-08	9.195000e-01	8.106427e-27
39	37345.120355	1.576613e-08	7.723000e-01	9.933158e-25
39	31542.334713	1.572642e-08	7.838000e-01	1.554714e-25
39	3184.899963	1.489622e-08	8.873000e-01	7.768685e-27
39	1509.313515	1.448786e-08	9.057000e-01	1.612784e-26
39	286.788793	7.699960e-08	9.908000e-01	4.057286e-11
39	274.982383	1.675815e-08	9.586000e-01	2.159872e-11
39	313.021454	1.303575e-08	9.356000e-01	2.862770e-26
39	7290.825563	1.526413e-08	8.597000e-01	6.399611e-27
39	3450.768299	1.493553e-08	8.850000e-01	9.768114e-27
39	5692.366717	1.516285e-08	8.689000e-01	2.106787e-26
39	906.277808	6.017753e-10	9.563000e-01	1.877832e-25
39	-1.000000	-1.000000e+00	-1.000000e+00	-1.000000e+00
39	289.674121	1.283436e-08	9.379000e-01	3.371334e-27
39	17052.735608	1.555935e-08	8.206000e-01	4.475714e-26
39	40264.451193	1.657612e-08	8.021999e-01	1.000000e-08
39	26380.511071	1.568160e-08	7.953000e-01	1.755443e-25
39	345.352661	1.321703e-08	9.333000e-01	1.676879e-27
39	917.479643	8.616739e-11	8.689000e-01	2.740781e-25
39	284.632710	3.816500e-08	9.816000e-01	3.849885e-11
39	386.901741	1.338082e-08	9.310000e-01	3.319763e-26
39	270.863878	1.371576e-08	9.494000e-01	9.683832e-12
39	270.863878	1.371576e-08	9.494000e-01	9.683831e-12
