14	11807.582281	2.201195e-08	7.850000e-01	1.282449e-25
14	395.208181	2.080061e-08	9.075000e-01	5.574199e-26
14	5829.480347	2.188959e-08	8.200000e-01	1.611047e-26
14	390.844788	2.492125e-08	9.250000e-01	1.466187e-11
14	396.188512	9.270348e-07	9.975002e-01	3.631146e-11
14	1842.627432	3.432577e-10	9.425000e-01	1.247806e-24
14	396.147447	1.320177e-07	9.850000e-01	3.686913e-11
14	5186.138097	2.186673e-08	8.250000e-01	5.390550e-26
14	392.052147	3.021525e-08	9.375000e-01	2.376188e-11
14	524.524768	2.114889e-08	8.950000e-01	1.530090e-26
14	7656.559936	2.193995e-08	8.075000e-01	1.896559e-26
14	690.382975	2.129657e-08	8.875000e-01	2.192948e-26
14	1929.475914	2.163956e-08	8.600000e-01	2.266181e-26
14	396.331435	4.119847e-07	9.950001e-01	3.652155e-11
14	395.276705	6.488375e-08	9.700000e-01	3.568338e-11
14	1846.800438	1.602222e-10	9.150000e-01	3.253391e-24
14	8911.460672	2.196627e-08	8.000000e-01	6.540287e-26
14	9357.568713	2.197449e-08	7.975000e-01	2.116738e-25
14	2857.125644	2.173764e-08	8.475000e-01	2.921957e-26
14	926.690146	2.141493e-08	8.800000e-01	3.013504e-27
14	391.059029	2.583190e-08	9.275000e-01	1.672630e-11
14	8911.460513	2.196627e-08	8.000000e-01	9.249760e-26
14	425.621298	2.095952e-08	9.025000e-01	4.735060e-26
14	22013.056567	2.284455e-08	7.625000e-01	1.000000e-08
14	1847.390239	1.294845e-10	9.025000e-01	3.463073e-25
14	1837.564827	6.306963e-10	9.575000e-01	2.505690e-25
14	16552.040940	2.206165e-08	7.650000e-01	1.301600e-25
14	2456.565507	2.170127e-08	8.525000e-01	1.497886e-26
14	1848.377243	5.375571e-11	8.125000e-01	8.440563e-24
14	396.042090	1.127748e-07	9.825000e-01	3.682273e-11
14	390.287386	2.070818e-08	9.100000e-01	1.880572e-25
14	3782.305526	2.180111e-08	8.375000e-01	3.389789e-28
14	396.234760	1.590609e-07	9.875000e-01	3.686016e-11
14	9357.568587	2.197449e-08	7.975000e-01	2.868744e-26
14	5501.767800	2.187837e-08	8.225000e-01	1.981179e-26
14	3072.654262	2.175458e-08	8.450000e-01	2.622313e-27
14	1237.085499	2.151187e-08	8.725000e-01	1.999827e-26
14	390.141810	2.116338e-08	9.125000e-01	2.236849e-12
14	12343.249909	2.201879e-08	7.825000e-01	6.345979e-26
14	392.592047	3.298596e-08	9.425000e-01	2.660767e-11
14	5829.480314	2.188959e-08	8.200000e-01	3.599226e-26
14	8479.413022	2.195778e-08	8.025000e-01	5.525172e-26
14	451.360389	2.102831e-08	9.000000e-01	3.018419e-27
14	2857.125591	2.173764e-08	8.475000e-01	1.291004e-26
14	6521.972991	2.191081e-08	8.150000e-01	1.826558e-27
14	2651.819051	2.171989e-08	8.500000e-01	1.902625e-26
14	484.286500	2.109119e-08	8.975000e-01	2.154293e-26
14	1848.268470	6.607732e-11	8.400000e-01	7.724746e-25
14	1357.667454	2.154040e-08	8.700000e-01	2.485147e-26
14	7656.559903	2.193995e-08	8.075000e-01	5.605325e-26
14	395.919894	9.837749e-08	9.800000e-01	3.671883e-11
14	392.592047	3.298596e-08	9.425000e-01	2.660767e-11
14	1357.667477	2.154040e-08	8.700000e-01	1.150431e-26
14	7656.560180	2.193995e-08	8.075000e-01	2.393147e-26
14	392.592047	3.298596e-08	9.425000e-01	2.660767e-11
14	390.221170	2.182440e-08	9.150000e-01	5.023710e-12
14	484.286515	2.109119e-08	8.975000e-01	6.598501e-28
14	425.621302	2.095952e-08	9.025000e-01	1.546568e-26
14	1848.369617	5.470590e-11	8.150000e-01	8.239529e-24
14	524.524795	2.114889e-08	8.950000e-01	1.486669e-26
14	21077.054609	2.223974e-08	7.525000e-01	1.000000e-08
14	690.382996	2.129657e-08	8.875000e-01	2.981438e-26
14	3535.067825	2.178627e-08	8.400000e-01	1.440431e-26
14	2651.819091	2.171989e-08	8.500000e-01	6.507872e-27
14	395.080480	5.974246e-08	9.675000e-01	3.525779e-11
14	8479.412730	2.195778e-08	8.025000e-01	1.041766e-26
14	7656.560200	2.193995e-08	8.075000e-01	7.427646e-26
14	396.341478	2.689009e-07	9.925001e-01	3.668438e-11
14	1847.945691	9.393550e-11	8.775000e-01	3.944497e-24
14	926.690160	2.141493e-08	8.800000e-01	1.898554e-26
14	572.201530	2.120202e-08	8.925000e-01	3.214778e-26
14	7656.560122	2.193995e-08	8.075000e-01	2.202490e-26
14	6521.972603	2.191081e-08	8.150000e-01	3.105343e-26
14	4040.470632	2.181532e-08	8.350000e-01	6.679920e-27
14	406.945075	2.088397e-08	9.050000e-01	7.234380e-27
14	390.221170	2.182440e-08	9.150000e-01	5.023710e-12
14	-1.000000	-1.000000e+00	-1.000000e+00	-1.000000e+00
14	524.524766	2.114889e-08	8.950000e-01	1.589471e-26
14	390.479231	2.327384e-08	9.200000e-01	1.013090e-11
14	1772.801153	2.161678e-08	8.625000e-01	1.086778e-26
14	395.781634	8.719814e-08	9.775000e-01	3.655524e-11
14	15264.704779	2.205023e-08	7.700000e-01	8.858144e-26
14	393.135961	3.628927e-08	9.475000e-01	2.904675e-11
14	1487.048427	2.156731e-08	8.675000e-01	7.577131e-27
14	393.135961	3.628927e-08	9.475000e-01	2.904675e-11
14	6521.972896	2.191081e-08	8.150000e-01	7.268893e-26
14	15899.596366	2.205602e-08	7.675000e-01	2.993819e-26
14	391.534207	2.785905e-08	9.325000e-01	2.047924e-11
14	22013.056099	2.284455e-08	7.625000e-01	1.000000e-08
14	4590.322991	2.184206e-08	8.300000e-01	1.452703e-26
14	396.301589	1.998992e-07	9.900000e-01	3.679791e-11
14	394.871507	5.533821e-08	9.650000e-01	3.476058e-11
14	839.872060	2.137818e-08	8.825000e-01	1.559627e-26
14	2271.198940	2.168173e-08	8.550000e-01	2.129855e-26
14	396.341479	2.689009e-07	9.925001e-01	3.668438e-11
14	627.444496	2.125110e-08	8.900000e-01	5.068040e-27
14	21305.155861	2.238851e-08	7.550000e-01	1.000000e-08
14	14046.386474	2.203818e-08	7.750000e-01	9.401408e-26
14	396.188512	9.270349e-07	9.975002e-01	3.631146e-11
14	391.789201	2.899129e-08	9.350000e-01	2.217717e-11
14	13462.379321	2.203190e-08	7.775000e-01	1.102549e-26
14	1125.156906	2.148157e-08	8.750000e-01	1.319069e-26
14	572.201557	2.120202e-08	8.925000e-01	4.523401e-27
14	9357.568598	2.197449e-08	7.975000e-01	2.831807e-26
14	391.059029	2.583190e-08	9.275000e-01	1.672630e-11
14	12894.759403	2.202544e-08	7.800000e-01	6.392770e-26
14	2456.565502	2.170127e-08	8.525000e-01	7.605585e-27
14	396.341479	2.689009e-07	9.925001e-01	3.668438e-11
14	1237.085437	2.151187e-08	8.725000e-01	2.737183e-26
14	4040.470621	2.181532e-08	8.350000e-01	8.547287e-27
14	392.320539	3.154233e-08	9.400000e-01	2.523743e-11
14	395.919894	9.837748e-08	9.800000e-01	3.671883e-11
14	392.864517	3.456198e-08	9.450000e-01	2.787627e-11
14	3298.576679	2.177078e-08	8.425000e-01	2.546674e-26
14	3298.576678	2.177078e-08	8.425000e-01	4.384625e-26
14	393.404546	3.819050e-08	9.500000e-01	3.012246e-11
14	8479.413068	2.195778e-08	8.025000e-01	6.119379e-26
14	390.334920	2.252660e-08	9.175000e-01	7.652608e-12
14	15264.704139	2.205023e-08	7.700000e-01	1.924125e-26
14	1823.669794	1.459509e-09	9.725000e-01	7.711330e-26
14	3535.067786	2.178627e-08	8.400000e-01	3.275708e-26
14	6887.173062	2.192086e-08	8.125000e-01	7.127817e-26
14	761.147859	2.133882e-08	8.850000e-01	4.780775e-27
14	11807.583029	2.201195e-08	7.850000e-01	2.365758e-25
14	6887.172995	2.192086e-08	8.125000e-01	6.449099e-26
14	392.052147	3.021525e-08	9.375000e-01	2.376188e-11
14	390.650381	2.407042e-08	9.225000e-01	1.246528e-11
14	13462.379534	2.203190e-08	7.775000e-01	1.023211e-25
14	15264.704023	2.205023e-08	7.700000e-01	1.088213e-25
14	395.781634	8.719814e-08	9.775000e-01	3.655524e-11
14	395.781634	8.719814e-08	9.775000e-01	3.655524e-11
14	14647.064826	2.204429e-08	7.725000e-01	2.589791e-25
14	21537.159549	2.253889e-08	7.575000e-01	1.000000e-08
14	395.208181	2.080061e-08	9.075000e-01	1.812163e-26
14	1833.618846	8.921619e-10	9.650000e-01	1.266160e-26
14	10782.684811	2.199765e-08	7.900000e-01	6.436102e-26
14	396.147447	1.320177e-07	9.850000e-01	3.686913e-11
14	12343.250597	2.201879e-08	7.825000e-01	1.367466e-25
14	9357.568511	2.197449e-08	7.975000e-01	9.328781e-26
14	4882.388961	2.185464e-08	8.275000e-01	6.721064e-27
14	406.945072	2.088397e-08	9.050000e-01	1.569001e-26
14	392.592047	3.298596e-08	9.425000e-01	2.660767e-11
14	572.201548	2.120202e-08	8.925000e-01	1.099038e-26
14	395.781634	8.719814e-08	9.775000e-01	3.655524e-11
14	524.524759	2.114889e-08	8.950000e-01	2.526952e-27
14	9357.568379	2.197449e-08	7.975000e-01	9.558878e-26
14	10292.934807	2.199016e-08	7.925000e-01	1.507157e-25
14	1357.667401	2.154040e-08	8.700000e-01	3.902232e-26
14	390.650381	2.407042e-08	9.225000e-01	1.246528e-11
14	1487.048444	2.156731e-08	8.675000e-01	1.027346e-26
14	1847.909536	9.659214e-11	8.800000e-01	1.441323e-23
14	21537.159312	2.253889e-08	7.575000e-01	1.000000e-08
14	20852.819140	2.209256e-08	7.500001e-01	7.492793e-09
14	15899.596346	2.205602e-08	7.675000e-01	4.586778e-27
14	3535.067828	2.178627e-08	8.400000e-01	5.012897e-27
14	395.919894	9.837748e-08	9.800000e-01	3.671883e-11
14	1625.376173	2.159273e-08	8.650000e-01	1.381561e-26
14	391.789201	2.899129e-08	9.350000e-01	2.217717e-11
14	8911.460239	2.196627e-08	8.000000e-01	3.338500e-26
14	4590.323154	2.184206e-08	8.300000e-01	4.410153e-26
14	10782.683682	2.199765e-08	7.900000e-01	2.969348e-26
14	9817.977276	2.198245e-08	7.950000e-01	1.211369e-25
14	395.919894	9.837749e-08	9.800000e-01	3.671883e-11
14	1848.038873	8.675096e-11	8.700000e-01	5.762416e-25
14	6887.173250	2.192086e-08	8.125000e-01	1.739571e-26
14	3782.305473	2.180111e-08	8.375000e-01	4.983183e-26
14	-1.000000	-1.000000e+00	-1.000000e+00	-1.000000e+00
14	1848.325467	5.992304e-11	8.275000e-01	1.768339e-23
14	10292.935657	2.199016e-08	7.925000e-01	6.587848e-26
14	14046.387405	2.203818e-08	7.750000e-01	1.303966e-25
14	690.382977	2.129657e-08	8.875000e-01	3.098983e-27
14	1848.470546	4.043362e-11	7.675000e-01	4.038951e-15
14	1772.801071	2.161678e-08	8.625000e-01	1.020417e-26
14	8911.460307	2.196627e-08	8.000000e-01	2.172259e-26
14	3535.067836	2.178627e-08	8.400000e-01	6.132674e-26
14	393.926568	4.263069e-08	9.550000e-01	3.200245e-11
14	390.221170	2.182440e-08	9.150000e-01	5.023709e-12
14	1929.475834	2.163956e-08	8.600000e-01	1.797084e-27
14	1772.801166	2.161678e-08	8.625000e-01	5.395235e-27
14	393.135961	3.628927e-08	9.475000e-01	2.904675e-11
14	391.289857	2.680873e-08	9.300000e-01	1.866380e-11
14	425.621304	2.095952e-08	9.025000e-01	3.104091e-27
14	390.334921	2.252660e-08	9.175000e-01	7.652610e-12
14	396.042090	1.127748e-07	9.825000e-01	3.682273e-11
14	14046.387552	2.203818e-08	7.750000e-01	3.334514e-25
14	15264.704760	2.205023e-08	7.700000e-01	2.376047e-25
14	5501.767986	2.187838e-08	8.225000e-01	7.138123e-26
14	1848.485027	3.803589e-11	7.575000e-01	3.624940e-12
14	12343.250764	2.201879e-08	7.825000e-01	3.045556e-26
14	13462.379303	2.203190e-08	7.775000e-01	7.280279e-26
14	3782.305510	2.180111e-08	8.375000e-01	1.026973e-26
14	22013.056171	2.284455e-08	7.625000e-01	1.000000e-08
14	6521.972663	2.191081e-08	8.150000e-01	4.424624e-26
14	396.341478	2.689009e-07	9.925001e-01	3.668438e-11
14	1772.801111	2.161678e-08	8.625000e-01	3.274701e-26
14	4040.470712	2.181532e-08	8.350000e-01	1.595367e-27
14	390.141810	2.116338e-08	9.125000e-01	2.236852e-12
14	390.221170	2.182440e-08	9.150000e-01	5.023709e-12
14	390.141810	2.116338e-08	9.125000e-01	2.236848e-12
14	1487.048439	2.156731e-08	8.675000e-01	9.950358e-27
14	394.871507	5.533821e-08	9.650000e-01	3.476058e-11
14	572.201548	2.120202e-08	8.925000e-01	5.369180e-30
14	1125.156979	2.148157e-08	8.750000e-01	1.358168e-26
14	395.919894	9.837749e-08	9.800000e-01	3.671883e-11
14	839.872040	2.137818e-08	8.825000e-01	8.374166e-28
14	5829.480327	2.188959e-08	8.200000e-01	2.492476e-26
14	392.052147	3.021525e-08	9.375000e-01	2.376188e-11
14	12343.249927	2.201879e-08	7.825000e-01	1.473276e-25
14	425.621298	2.095952e-08	9.025000e-01	5.659492e-27
14	8479.412720	2.195778e-08	8.025000e-01	5.908379e-27
14	395.276705	6.488375e-08	9.700000e-01	3.568338e-11
14	390.844788	2.492125e-08	9.250000e-01	1.466187e-11
14	8061.189946	2.194901e-08	8.050000e-01	2.014270e-26
14	392.592047	3.298596e-08	9.425000e-01	2.660767e-11
14	390.141810	2.116338e-08	9.125000e-01	2.236850e-12
14	425.621303	2.095952e-08	9.025000e-01	1.390245e-27
14	396.341479	2.689009e-07	9.925001e-01	3.668438e-11
14	8911.460672	2.196627e-08	8.000000e-01	3.087528e-26
14	1848.156037	7.685325e-11	8.575000e-01	1.122152e-23
14	395.208181	2.080061e-08	9.075000e-01	1.539421e-26
14	5501.767963	2.187838e-08	8.225000e-01	4.863868e-26
14	572.201564	2.120202e-08	8.925000e-01	6.529734e-27
14	395.459422	7.096384e-08	9.725000e-01	3.603987e-11
14	22013.056533	2.284455e-08	7.625000e-01	1.000000e-08
14	394.177063	4.524468e-08	9.575000e-01	3.281286e-11
14	393.668595	4.029312e-08	9.525000e-01	3.110665e-11
14	390.287386	2.070818e-08	9.100000e-01	1.713733e-25
14	396.301589	1.998992e-07	9.900000e-01	3.679791e-11
14	10292.934916	2.199016e-08	7.925000e-01	7.000408e-26
14	11807.583417	2.201195e-08	7.850000e-01	2.436553e-26
14	8479.413129	2.195778e-08	8.025000e-01	8.306011e-26
14	395.459422	7.096383e-08	9.725000e-01	3.603987e-11
14	2271.198896	2.168173e-08	8.550000e-01	1.284611e-26
14	1625.376174	2.159273e-08	8.650000e-01	4.865734e-27
14	5186.138057	2.186673e-08	8.250000e-01	5.581798e-26
14	2857.125619	2.173764e-08	8.475000e-01	1.518369e-26
14	425.621295	2.095952e-08	9.025000e-01	2.561112e-27
14	2095.555782	2.166118e-08	8.575000e-01	9.413957e-27
14	1487.048420	2.156731e-08	8.675000e-01	3.826990e-27
14	1847.195286	1.401746e-10	9.075000e-01	5.225452e-25
14	3535.067759	2.178627e-08	8.400000e-01	2.325974e-26
14	2271.198947	2.168173e-08	8.550000e-01	1.049569e-26
14	1847.675259	1.124487e-10	8.925000e-01	8.718732e-24
14	392.864518	3.456198e-08	9.450000e-01	2.787627e-11
14	392.864517	3.456198e-08	9.450000e-01	2.787627e-11
14	392.320539	3.154233e-08	9.400000e-01	2.523743e-11
14	4882.388897	2.185464e-08	8.275000e-01	2.924490e-27
14	391.789201	2.899129e-08	9.350000e-01	2.217717e-11
14	5829.480162	2.188959e-08	8.200000e-01	1.874420e-26
14	-1.000000	-1.000000e+00	-1.000000e+00	-1.000000e+00
14	2095.555869	2.166118e-08	8.575000e-01	1.438943e-26
14	2651.819012	2.171989e-08	8.500000e-01	1.970739e-26
14	1021.738833	2.144932e-08	8.775000e-01	1.067380e-26
14	390.334920	2.252660e-08	9.175000e-01	7.652608e-12
14	390.479231	2.327384e-08	9.200000e-01	1.013090e-11
14	7265.295859	2.193057e-08	8.100000e-01	5.321236e-27
14	396.147447	1.320177e-07	9.850000e-01	3.686913e-11
14	690.382934	2.129657e-08	8.875000e-01	6.065125e-27
14	627.444476	2.125110e-08	8.900000e-01	7.997350e-27
14	14046.387369	2.203818e-08	7.750000e-01	1.824762e-25
14	484.286504	2.109119e-08	8.975000e-01	8.876508e-27
14	396.341478	2.689009e-07	9.925001e-01	3.668438e-11
14	392.052147	3.021525e-08	9.375000e-01	2.376188e-11
14	392.592047	3.298596e-08	9.425000e-01	2.660767e-11
14	21773.111901	2.269090e-08	7.600000e-01	1.000000e-08
14	15264.703365	2.205023e-08	7.700000e-01	2.461239e-25
14	572.201539	2.120202e-08	8.925000e-01	6.766167e-27
14	393.404546	3.819050e-08	9.500000e-01	3.012246e-11
14	4882.388908	2.185464e-08	8.275000e-01	1.048121e-26
14	484.286501	2.109119e-08	8.975000e-01	7.950753e-28
14	395.208187	2.080061e-08	9.075000e-01	4.897900e-26
14	8911.460677	2.196627e-08	8.000000e-01	2.125418e-26
14	4882.388946	2.185464e-08	8.275000e-01	2.079822e-26
14	396.042090	1.127748e-07	9.825000e-01	3.682273e-11
14	393.404546	3.819050e-08	9.500000e-01	3.012246e-11
14	394.418805	4.818696e-08	9.600000e-01	3.354082e-11
14	1125.156954	2.148157e-08	8.750000e-01	3.147038e-27
14	4882.388938	2.185464e-08	8.275000e-01	6.936825e-27
14	15264.704430	2.205023e-08	7.700000e-01	3.555609e-25
14	839.872053	2.137818e-08	8.825000e-01	7.749994e-27
14	4882.388984	2.185464e-08	8.275000e-01	9.889459e-26
14	2095.555803	2.166118e-08	8.575000e-01	7.122474e-27
14	394.871507	5.533821e-08	9.650000e-01	3.476058e-11
14	14647.065335	2.204429e-08	7.725000e-01	2.827400e-26
14	4590.322992	2.184206e-08	8.300000e-01	8.850990e-27
14	14046.387277	2.203818e-08	7.750000e-01	1.956505e-25
14	390.479231	2.327384e-08	9.200000e-01	1.013090e-11
14	1847.195286	1.401746e-10	9.075000e-01	1.137981e-24
14	1848.293106	6.348682e-11	8.350000e-01	5.136483e-23
14	1125.156933	2.148157e-08	8.750000e-01	1.311079e-26
14	394.871507	5.533821e-08	9.650000e-01	3.476058e-11
14	524.524794	2.114889e-08	8.950000e-01	1.514832e-26
14	3072.654234	2.175458e-08	8.450000e-01	1.556433e-26
14	839.872008	2.137818e-08	8.825000e-01	1.613135e-26
14	390.334920	2.252660e-08	9.175000e-01	7.652608e-12
14	395.919894	9.837748e-08	9.800000e-01	3.671883e-11
14	391.059029	2.583190e-08	9.275000e-01	1.672630e-11
14	425.621310	2.095952e-08	9.025000e-01	2.492767e-27
14	8479.412985	2.195778e-08	8.025000e-01	7.352798e-26
14	3072.654253	2.175458e-08	8.450000e-01	4.238765e-26
14	1836.468524	7.037564e-10	9.600000e-01	1.898934e-25
14	12894.759057	2.202544e-08	7.800000e-01	8.772718e-26
14	6521.972918	2.191081e-08	8.150000e-01	3.807035e-26
14	392.864517	3.456198e-08	9.450000e-01	2.787627e-11
14	396.188512	9.270348e-07	9.975002e-01	3.631146e-11
14	1625.376305	2.159273e-08	8.650000e-01	1.189804e-26
14	6169.478987	2.190039e-08	8.175000e-01	2.055517e-26
14	425.621289	2.095952e-08	9.025000e-01	1.702689e-26
14	395.459422	7.096383e-08	9.725000e-01	3.603987e-11
14	391.289857	2.680873e-08	9.300000e-01	1.866380e-11
14	1846.214124	1.875023e-10	9.225000e-01	8.330306e-25
14	572.201525	2.120202e-08	8.925000e-01	4.099181e-27
14	3072.654185	2.175458e-08	8.450000e-01	7.141153e-28
14	3535.067832	2.178627e-08	8.400000e-01	3.782782e-26
14	390.844788	2.492125e-08	9.250000e-01	1.466187e-11
14	21077.054134	2.223974e-08	7.525000e-01	1.000000e-08
14	1625.376239	2.159273e-08	8.650000e-01	1.549615e-26
14	15264.704197	2.205023e-08	7.700000e-01	5.028319e-25
14	390.650381	2.407042e-08	9.225000e-01	1.246528e-11
14	395.781634	8.719814e-08	9.775000e-01	3.655524e-11
14	9817.977249	2.198245e-08	7.950000e-01	8.656226e-27
14	390.221170	2.182440e-08	9.150000e-01	5.023709e-12
14	392.864518	3.456198e-08	9.450000e-01	2.787627e-11
14	14647.066315	2.204429e-08	7.725000e-01	1.284341e-25
14	396.331435	4.119848e-07	9.950001e-01	3.652155e-11
14	425.621297	2.095952e-08	9.025000e-01	1.439404e-27
14	15899.595490	2.205602e-08	7.675000e-01	9.622707e-26
14	572.201534	2.120202e-08	8.925000e-01	1.676627e-26
14	396.234760	1.590609e-07	9.875000e-01	3.686016e-11
14	21773.111919	2.269090e-08	7.600000e-01	1.000000e-08
14	9817.977518	2.198245e-08	7.950000e-01	4.072756e-26
14	395.627942	7.826550e-08	9.750000e-01	3.632969e-11
14	5501.767947	2.187838e-08	8.225000e-01	3.175819e-26
14	-1.000000	-1.000000e+00	-1.000000e+00	-1.000000e+00
14	2857.125597	2.173764e-08	8.475000e-01	1.146244e-26
14	11287.479825	2.200491e-08	7.875000e-01	4.551114e-26
14	1837.564827	6.306963e-10	9.575000e-01	6.618228e-25
14	12343.249608	2.201879e-08	7.825000e-01	2.092556e-26
14	396.331435	4.119848e-07	9.950001e-01	3.652155e-11
14	5186.138065	2.186673e-08	8.250000e-01	6.980414e-26
14	11807.583617	2.201195e-08	7.850000e-01	1.456303e-25
14	1823.669794	1.459509e-09	9.725000e-01	1.052612e-25
14	391.289857	2.680873e-08	9.300000e-01	1.866380e-11
14	396.341479	2.689009e-07	9.925001e-01	3.668438e-11
14	9817.977536	2.198245e-08	7.950000e-01	2.207616e-25
14	393.926568	4.263069e-08	9.550000e-01	3.200245e-11
14	3535.067821	2.178627e-08	8.400000e-01	3.127100e-26
14	6169.479262	2.190039e-08	8.175000e-01	1.052958e-26
14	390.479231	2.327384e-08	9.200000e-01	1.013090e-11
14	22013.057281	2.284455e-08	7.625000e-01	1.000000e-08
14	5829.480082	2.188959e-08	8.200000e-01	2.221091e-26
14	396.331435	4.119847e-07	9.950001e-01	3.652155e-11
14	926.690101	2.141493e-08	8.800000e-01	1.309796e-26
14	1125.156968	2.148157e-08	8.750000e-01	1.497552e-26
14	1843.297941	3.128987e-10	9.400000e-01	1.539413e-25
14	8479.412924	2.195778e-08	8.025000e-01	4.686144e-26
14	390.334920	2.252660e-08	9.175000e-01	7.652609e-12
14	14046.385981	2.203818e-08	7.750000e-01	1.374056e-25
14	1929.475926	2.163956e-08	8.600000e-01	1.664451e-26
14	7656.560262	2.193995e-08	8.075000e-01	4.679241e-26
14	451.360374	2.102831e-08	9.000000e-01	2.012174e-26
14	572.201530	2.120202e-08	8.925000e-01	1.499774e-26
14	1772.801064	2.161678e-08	8.625000e-01	8.501687e-28
14	2651.819034	2.171989e-08	8.500000e-01	2.772613e-27
14	396.147447	1.320177e-07	9.850000e-01	3.686913e-11
14	7656.559912	2.193995e-08	8.075000e-01	3.775151e-26
14	6521.972983	2.191081e-08	8.150000e-01	5.778563e-26
14	390.479231	2.327384e-08	9.200000e-01	1.013090e-11
14	16552.041247	2.206165e-08	7.650000e-01	1.358435e-25
14	2271.198936	2.168173e-08	8.550000e-01	4.875864e-26
14	395.919894	9.837749e-08	9.800000e-01	3.671883e-11
14	1848.432476	4.631916e-11	7.900000e-01	1.674002e-22
14	21537.159647	2.253889e-08	7.575000e-01	1.000000e-08
14	394.418805	4.818696e-08	9.600000e-01	3.354082e-11
14	390.287386	2.070818e-08	9.100000e-01	1.153387e-25
14	10292.935034	2.199016e-08	7.925000e-01	5.478174e-26
14	396.188512	9.270354e-07	9.975002e-01	3.631146e-11
14	396.301589	1.998992e-07	9.900000e-01	3.679791e-11
14	2271.198903	2.168173e-08	8.550000e-01	3.165905e-26
14	13462.379872	2.203190e-08	7.775000e-01	7.883052e-26
14	10292.935500	2.199016e-08	7.925000e-01	1.494171e-26
14	390.844788	2.492125e-08	9.250000e-01	1.466187e-11
14	391.534207	2.785905e-08	9.325000e-01	2.047924e-11
14	396.147447	1.320177e-07	9.850000e-01	3.686913e-11
14	2271.198943	2.168173e-08	8.550000e-01	2.925271e-27
14	15899.595151	2.205602e-08	7.675000e-01	2.949587e-25
14	390.334920	2.252660e-08	9.175000e-01	7.652609e-12
14	7656.560027	2.193995e-08	8.075000e-01	5.037846e-26
14	391.789201	2.899129e-08	9.350000e-01	2.217717e-11
14	12343.250362	2.201879e-08	7.825000e-01	4.846094e-27
14	1847.909536	9.659214e-11	8.800000e-01	1.420870e-23
14	1847.390239	1.294845e-10	9.025000e-01	6.328540e-24
14	839.872038	2.137818e-08	8.825000e-01	1.426638e-26
14	394.418805	4.818696e-08	9.600000e-01	3.354082e-11
14	11807.582549	2.201195e-08	7.850000e-01	9.694224e-26
14	761.147888	2.133882e-08	8.850000e-01	4.893886e-27
14	9817.977648	2.198245e-08	7.950000e-01	9.602322e-26
14	1847.827771	1.023715e-10	8.850000e-01	1.039589e-24
14	390.479231	2.327384e-08	9.200000e-01	1.013090e-11
14	1772.801082	2.161678e-08	8.625000e-01	1.335333e-26
14	2456.565493	2.170127e-08	8.525000e-01	5.352088e-26
14	12894.760179	2.202544e-08	7.800000e-01	6.055293e-26
14	3782.305536	2.180111e-08	8.375000e-01	1.389002e-26
14	4040.470583	2.181532e-08	8.350000e-01	9.317950e-27
14	1848.193129	7.346279e-11	8.525000e-01	9.105687e-25
14	8911.460260	2.196627e-08	8.000000e-01	4.848043e-26
14	425.621289	2.095952e-08	9.025000e-01	1.070532e-26
14	9817.977215	2.198245e-08	7.950000e-01	4.814135e-26
14	390.221170	2.182440e-08	9.150000e-01	5.023709e-12
14	484.286494	2.109119e-08	8.975000e-01	2.856928e-27
14	16552.040797	2.206165e-08	7.650000e-01	1.945146e-25
14	393.668595	4.029312e-08	9.525000e-01	3.110665e-11
14	1929.475848	2.163956e-08	8.600000e-01	5.715938e-27
14	8911.460429	2.196627e-08	8.000000e-01	7.507923e-26
14	926.690161	2.141493e-08	8.800000e-01	1.260170e-26
14	7656.560291	2.193995e-08	8.075000e-01	5.014577e-26
14	524.524780	2.114889e-08	8.950000e-01	9.234528e-27
14	393.404546	3.819050e-08	9.500000e-01	3.012246e-11
14	21773.111679	2.269090e-08	7.600000e-01	1.000000e-08
14	1841.899263	3.779126e-10	9.450000e-01	2.658151e-25
14	1842.627432	3.432577e-10	9.425000e-01	4.620493e-25
14	690.382977	2.129657e-08	8.875000e-01	5.835619e-27
14	2651.818998	2.171989e-08	8.500000e-01	1.282105e-26
14	21773.112390	2.269090e-08	7.600000e-01	1.000000e-08
14	1847.827771	1.023715e-10	8.850000e-01	8.408621e-24
14	394.871507	5.533821e-08	9.650000e-01	3.476058e-11
14	12343.250110	2.201879e-08	7.825000e-01	3.711117e-26
14	4590.322930	2.184206e-08	8.300000e-01	5.055232e-26
14	1841.123493	4.171737e-10	9.475000e-01	1.292562e-25
14	13462.378504	2.203190e-08	7.775000e-01	1.804038e-25
14	12894.760265	2.202544e-08	7.800000e-01	1.091287e-25
14	4882.388890	2.185464e-08	8.275000e-01	3.259664e-26
14	15899.596624	2.205602e-08	7.675000e-01	7.256168e-26
14	391.789201	2.899129e-08	9.350000e-01	2.217717e-11
14	14647.065824	2.204429e-08	7.725000e-01	6.653855e-26
14	16552.040653	2.206165e-08	7.650000e-01	9.817898e-26
14	391.789201	2.899129e-08	9.350000e-01	2.217717e-11
14	396.301589	1.998992e-07	9.900000e-01	3.679791e-11
14	926.690103	2.141493e-08	8.800000e-01	2.326661e-27
14	395.781634	8.719814e-08	9.775000e-01	3.655524e-11
14	396.341478	2.689009e-07	9.925001e-01	3.668438e-11
14	396.042090	1.127748e-07	9.825000e-01	3.682273e-11
14	393.404546	3.819050e-08	9.500000e-01	3.012246e-11
14	1847.945691	9.393550e-11	8.775000e-01	3.302644e-24
14	5829.480190	2.188959e-08	8.200000e-01	3.230769e-26
14	2095.555828	2.166118e-08	8.575000e-01	8.578202e-29
14	14046.386456	2.203818e-08	7.750000e-01	2.889363e-25
14	21773.112484	2.269090e-08	7.600000e-01	1.000000e-08
14	4590.323212	2.184206e-08	8.300000e-01	2.255683e-26
14	393.926568	4.263069e-08	9.550000e-01	3.200245e-11
14	1848.492438	3.663571e-11	7.500000e-01	2.833825e-11
14	395.781634	8.719814e-08	9.775000e-01	3.655524e-11
14	21537.160506	2.253889e-08	7.575000e-01	1.000000e-08
14	15264.704565	2.205023e-08	7.700000e-01	2.091160e-26
14	15899.595211	2.205602e-08	7.675000e-01	4.166149e-25
14	390.334920	2.252660e-08	9.175000e-01	7.652609e-12
14	839.872051	2.137818e-08	8.825000e-01	5.528271e-27
14	524.524787	2.114889e-08	8.950000e-01	3.261813e-27
14	1357.667439	2.154040e-08	8.700000e-01	2.038491e-26
14	390.334921	2.252660e-08	9.175000e-01	7.652609e-12
14	396.188512	9.270355e-07	9.975002e-01	3.631146e-11
14	5186.138140	2.186673e-08	8.250000e-01	4.103766e-26
14	13462.378611	2.203190e-08	7.775000e-01	1.561608e-25
14	390.479231	2.327384e-08	9.200000e-01	1.013090e-11
14	1125.156955	2.148157e-08	8.750000e-01	2.259797e-26
14	4590.322970	2.184206e-08	8.300000e-01	3.004996e-26
14	21773.112190	2.269090e-08	7.600000e-01	1.000000e-08
14	1487.048491	2.156731e-08	8.675000e-01	6.866628e-27
14	627.444500	2.125110e-08	8.900000e-01	1.169119e-26
14	390.287387	2.070818e-08	9.100000e-01	6.522963e-26
14	690.382957	2.129658e-08	8.875000e-01	2.238970e-27
14	394.650635	5.152328e-08	9.625000e-01	3.418914e-11
14	391.789201	2.899129e-08	9.350000e-01	2.217717e-11
14	9817.977186	2.198245e-08	7.950000e-01	5.383110e-26
14	572.201540	2.120202e-08	8.925000e-01	1.193801e-26
14	394.650635	5.152327e-08	9.625000e-01	3.418914e-11
14	10782.684263	2.199765e-08	7.900000e-01	1.621545e-25
14	21077.055155	2.223974e-08	7.525000e-01	1.000000e-08
14	926.690086	2.141493e-08	8.800000e-01	1.762437e-26
14	395.459422	7.096383e-08	9.725000e-01	3.603987e-11
14	926.690114	2.141493e-08	8.800000e-01	1.566948e-26
14	1833.618846	8.921619e-10	9.650000e-01	7.242687e-26
14	1357.667478	2.154040e-08	8.700000e-01	1.904572e-26
14	6169.479016	2.190039e-08	8.175000e-01	9.950459e-27
14	395.627942	7.826550e-08	9.750000e-01	3.632969e-11
14	390.334920	2.252660e-08	9.175000e-01	7.652608e-12
14	11807.583620	2.201195e-08	7.850000e-01	4.252820e-26
14	7656.560195	2.193995e-08	8.075000e-01	1.043028e-26
14	396.331435	4.119848e-07	9.950001e-01	3.652155e-11
14	1843.297941	3.128987e-10	9.400000e-01	6.188941e-25
14	6169.479058	2.190039e-08	8.175000e-01	1.325437e-25
14	396.147447	1.320177e-07	9.850000e-01	3.686913e-11
14	395.080480	5.974246e-08	9.675000e-01	3.525779e-11
14	395.080480	5.974246e-08	9.675000e-01	3.525779e-11
14	21305.155266	2.238851e-08	7.550000e-01	1.000000e-08
14	5829.480383	2.188959e-08	8.200000e-01	2.562310e-26
14	390.479231	2.327384e-08	9.200000e-01	1.013090e-11
14	393.135961	3.628927e-08	9.475000e-01	2.904675e-11
14	392.592047	3.298596e-08	9.425000e-01	2.660767e-11
14	6887.172909	2.192086e-08	8.125000e-01	2.691842e-26
14	1847.827771	1.023715e-10	8.850000e-01	5.962000e-24
14	1847.870348	9.939940e-11	8.825000e-01	3.204058e-25
14	7265.295633	2.193057e-08	8.100000e-01	2.557549e-26
14	396.234760	1.590609e-07	9.875000e-01	3.686016e-11
14	524.524790	2.114889e-08	8.950000e-01	6.024599e-27
14	4590.323167	2.184206e-08	8.300000e-01	1.114006e-26
14	2651.819013	2.171989e-08	8.500000e-01	2.383258e-26
14	21773.112621	2.269090e-08	7.600000e-01	1.000000e-08
14	390.334920	2.252660e-08	9.175000e-01	7.652608e-12
14	9357.568762	2.197449e-08	7.975000e-01	1.287200e-25
14	11287.479614	2.200490e-08	7.875000e-01	1.768308e-25
14	425.621290	2.095952e-08	9.025000e-01	1.790756e-26
14	1772.801104	2.161678e-08	8.625000e-01	3.383920e-26
14	3072.654247	2.175458e-08	8.450000e-01	1.410938e-26
14	393.135961	3.628927e-08	9.475000e-01	2.904675e-11
14	395.459422	7.096384e-08	9.725000e-01	3.603987e-11
14	21305.156080	2.238851e-08	7.550000e-01	1.000000e-08
14	4040.470734	2.181532e-08	8.350000e-01	8.166223e-26
14	22013.056256	2.284455e-08	7.625000e-01	1.000000e-08
14	524.524804	2.114889e-08	8.950000e-01	8.983493e-28
14	395.919894	9.837749e-08	9.800000e-01	3.671883e-11
14	572.201547	2.120202e-08	8.925000e-01	1.286958e-26
14	12894.759989	2.202544e-08	7.800000e-01	3.180138e-26
14	8479.412678	2.195778e-08	8.025000e-01	4.266540e-27
14	11807.583362	2.201195e-08	7.850000e-01	5.294121e-26
14	406.945070	2.088397e-08	9.050000e-01	1.533385e-26
14	395.781634	8.719814e-08	9.775000e-01	3.655524e-11
14	394.418805	4.818696e-08	9.600000e-01	3.354081e-11
14	12505.026423	1.370553e-10	7.500000e-01	1.370553e-10
14	393.135961	3.628927e-08	9.475000e-01	2.904675e-11
14	393.926568	4.263069e-08	9.550000e-01	3.200245e-11
14	390.287386	2.070818e-08	9.100000e-01	3.173637e-25
14	395.208182	2.080061e-08	9.075000e-01	1.565974e-26
14	4040.470692	2.181532e-08	8.350000e-01	2.034440e-25
14	11807.583136	2.201195e-08	7.850000e-01	3.949518e-26
14	2095.555830	2.166118e-08	8.575000e-01	2.497997e-26
14	2857.125587	2.173764e-08	8.475000e-01	2.535951e-26
14	2271.198882	2.168173e-08	8.550000e-01	1.474823e-26
14	390.287387	2.070818e-08	9.100000e-01	2.010629e-26
14	390.479231	2.327384e-08	9.200000e-01	1.013090e-11
14	396.234760	1.590609e-07	9.875000e-01	3.686016e-11
14	396.042090	1.127748e-07	9.825000e-01	3.682273e-11
14	14647.065164	2.204429e-08	7.725000e-01	9.822624e-26
14	391.534207	2.785905e-08	9.325000e-01	2.047924e-11
14	14046.386109	2.203818e-08	7.750000e-01	1.519105e-25
14	395.276705	6.488375e-08	9.700000e-01	3.568338e-11
14	391.789201	2.899129e-08	9.350000e-01	2.217717e-11
14	391.534207	2.785905e-08	9.325000e-01	2.047924e-11
14	690.382934	2.129658e-08	8.875000e-01	9.577119e-27
14	16552.040306	2.206165e-08	7.650000e-01	2.867420e-25
14	1125.156990	2.148157e-08	8.750000e-01	2.589634e-26
14	15264.704216	2.205023e-08	7.700000e-01	6.759185e-26
14	15899.596166	2.205602e-08	7.675000e-01	3.941120e-26
14	-1.000000	-1.000000e+00	-1.000000e+00	-1.000000e+00
14	3535.067813	2.178627e-08	8.400000e-01	4.127459e-26
14	1847.298249	1.346090e-10	9.050000e-01	3.672857e-24
14	4590.323108	2.184206e-08	8.300000e-01	2.224936e-26
14	1237.085418	2.151187e-08	8.725000e-01	5.208400e-28
14	4040.470601	2.181532e-08	8.350000e-01	4.466629e-26
14	6169.479341	2.190039e-08	8.175000e-01	2.207995e-26
14	9817.977456	2.198245e-08	7.950000e-01	8.199148e-26
14	8479.413088	2.195778e-08	8.025000e-01	2.218988e-27
14	406.945070	2.088397e-08	9.050000e-01	2.644383e-27
14	393.926568	4.263069e-08	9.550000e-01	3.200245e-11
14	391.534207	2.785905e-08	9.325000e-01	2.047924e-11
14	396.331435	4.119848e-07	9.950001e-01	3.652155e-11
14	1843.297941	3.128987e-10	9.400000e-01	7.026642e-26
14	390.334921	2.252660e-08	9.175000e-01	7.652610e-12
14	1848.492257	3.674258e-11	7.525000e-01	2.876692e-11
14	393.404546	3.819050e-08	9.500000e-01	3.012246e-11
14	484.286513	2.109119e-08	8.975000e-01	1.151742e-26
14	4309.747352	2.182896e-08	8.325000e-01	2.200874e-26
14	1839.451659	5.111127e-10	9.525000e-01	1.211889e-25
14	390.287386	2.070818e-08	9.100000e-01	4.127133e-26
14	20852.821653	2.209256e-08	7.500001e-01	6.557863e-09
14	1828.613615	1.192957e-09	9.700000e-01	6.093501e-27
14	11807.583071	2.201195e-08	7.850000e-01	7.072960e-26
14	2456.565494	2.170127e-08	8.525000e-01	1.444081e-26
14	22013.056238	2.284455e-08	7.625000e-01	1.000000e-08
14	390.334920	2.252660e-08	9.175000e-01	7.652607e-12
14	3298.576679	2.177078e-08	8.425000e-01	4.837550e-26
14	4040.470628	2.181532e-08	8.350000e-01	2.431932e-26
14	1929.475826	2.163956e-08	8.600000e-01	4.711505e-27
14	395.080480	5.974246e-08	9.675000e-01	3.525779e-11
14	1847.827771	1.023715e-10	8.850000e-01	1.209111e-23
14	484.286502	2.109119e-08	8.975000e-01	3.417424e-27
14	21537.160558	2.253889e-08	7.575000e-01	1.000000e-08
14	15899.596286	2.205602e-08	7.675000e-01	6.450888e-26
14	926.690142	2.141493e-08	8.800000e-01	1.418633e-26
14	396.188512	9.270356e-07	9.975002e-01	3.631146e-11
14	11287.479977	2.200491e-08	7.875000e-01	1.106119e-25
14	14647.066032	2.204429e-08	7.725000e-01	7.298351e-27
14	10292.935852	2.199016e-08	7.925000e-01	8.046741e-26
14	6887.173205	2.192086e-08	8.125000e-01	3.281565e-26
14	5501.767874	2.187838e-08	8.225000e-01	9.222788e-27
14	392.052147	3.021525e-08	9.375000e-01	2.376188e-11
14	8911.460450	2.196627e-08	8.000000e-01	6.136452e-26
14	392.592047	3.298596e-08	9.425000e-01	2.660767e-11
14	1848.038873	8.675096e-11	8.700000e-01	3.309419e-23
14	390.221170	2.182440e-08	9.150000e-01	5.023708e-12
14	406.945071	2.088397e-08	9.050000e-01	4.377252e-26
14	390.844788	2.492125e-08	9.250000e-01	1.466187e-11
14	15899.595370	2.205602e-08	7.675000e-01	7.977233e-26
14	390.287387	2.070818e-08	9.100000e-01	4.379097e-26
14	395.459422	7.096383e-08	9.725000e-01	3.603987e-11
14	12343.249641	2.201879e-08	7.825000e-01	2.014203e-26
14	10292.935373	2.199016e-08	7.925000e-01	2.154101e-25
14	1625.376243	2.159273e-08	8.650000e-01	1.792495e-26
14	1837.564827	6.306963e-10	9.575000e-01	1.529914e-25
14	3535.067752	2.178627e-08	8.400000e-01	2.216047e-26
14	6887.172848	2.192086e-08	8.125000e-01	8.862917e-27
14	9357.568434	2.197449e-08	7.975000e-01	1.657975e-26
14	1929.475943	2.163956e-08	8.600000e-01	7.435464e-28
14	451.360375	2.102831e-08	9.000000e-01	2.394648e-26
14	396.301589	1.998992e-07	9.900000e-01	3.679791e-11
14	396.147447	1.320177e-07	9.850000e-01	3.686913e-11
14	1125.156906	2.148157e-08	8.750000e-01	3.387515e-26
14	392.864518	3.456198e-08	9.450000e-01	2.787627e-11
14	396.301589	1.998992e-07	9.900000e-01	3.679791e-11
14	1841.899263	3.779126e-10	9.450000e-01	1.086891e-24
14	1625.376186	2.159273e-08	8.650000e-01	4.425684e-27
14	2095.555716	2.166118e-08	8.575000e-01	1.951758e-26
14	5829.480416	2.188959e-08	8.200000e-01	3.749755e-26
14	1625.376226	2.159273e-08	8.650000e-01	2.227147e-26
14	393.404546	3.819051e-08	9.500000e-01	3.012246e-11
14	3298.576646	2.177078e-08	8.425000e-01	1.316858e-26
14	15899.596744	2.205602e-08	7.675000e-01	9.998372e-26
14	6169.479070	2.190039e-08	8.175000e-01	6.110224e-27
14	14647.066182	2.204429e-08	7.725000e-01	1.055478e-26
14	3072.654179	2.175458e-08	8.450000e-01	3.582487e-27
14	572.201532	2.120202e-08	8.925000e-01	3.055354e-27
14	392.864517	3.456198e-08	9.450000e-01	2.787627e-11
14	390.479231	2.327384e-08	9.200000e-01	1.013090e-11
14	21773.111497	2.269090e-08	7.600000e-01	1.000000e-08
14	22013.057367	2.284455e-08	7.625000e-01	1.000000e-08
14	20852.816264	2.209256e-08	7.500000e-01	7.912809e-09
14	21773.111997	2.269090e-08	7.600000e-01	1.000000e-08
14	6521.972650	2.191081e-08	8.150000e-01	2.691498e-26
14	21305.155441	2.238851e-08	7.550000e-01	1.000000e-08
14	393.668595	4.029312e-08	9.525000e-01	3.110665e-11
14	7656.560285	2.193995e-08	8.075000e-01	5.125380e-26
14	5829.480391	2.188959e-08	8.200000e-01	1.169318e-26
14	396.234760	1.590609e-07	9.875000e-01	3.686016e-11
14	5829.480138	2.188959e-08	8.200000e-01	4.353875e-26
14	21773.111299	2.269090e-08	7.600000e-01	1.000000e-08
14	3535.067848	2.178627e-08	8.400000e-01	9.845145e-27
14	394.871507	5.533821e-08	9.650000e-01	3.476058e-11
14	12894.759748	2.202544e-08	7.800000e-01	2.328836e-25
14	392.320539	3.154233e-08	9.400000e-01	2.523743e-11
14	394.650635	5.152328e-08	9.625000e-01	3.418914e-11
14	1848.255092	6.744443e-11	8.425000e-01	1.857575e-23
14	391.789201	2.899129e-08	9.350000e-01	2.217717e-11
14	13462.379498	2.203190e-08	7.775000e-01	5.502194e-26
14	1828.613615	1.192957e-09	9.700000e-01	1.098387e-25
14	1848.225934	7.033692e-11	8.475000e-01	1.750239e-23
14	484.286489	2.109119e-08	8.975000e-01	7.579929e-27
14	391.059029	2.583190e-08	9.275000e-01	1.672630e-11
14	8911.460661	2.196627e-08	8.000000e-01	5.882932e-26
14	20852.812926	2.209256e-08	7.500000e-01	1.000000e-08
14	1772.801197	2.161678e-08	8.625000e-01	1.321500e-26
14	6521.972702	2.191081e-08	8.150000e-01	2.058748e-25
14	396.331435	4.119847e-07	9.950001e-01	3.652155e-11
14	395.919894	9.837749e-08	9.800000e-01	3.671883e-11
14	2456.565472	2.170127e-08	8.525000e-01	9.199679e-27
14	839.872051	2.137818e-08	8.825000e-01	5.145691e-27
14	394.871507	5.533821e-08	9.650000e-01	3.476058e-11
14	1840.307543	4.614000e-10	9.500000e-01	5.184210e-25
14	524.524776	2.114889e-08	8.950000e-01	1.093020e-27
14	393.135961	3.628927e-08	9.475000e-01	2.904675e-11
14	13462.378895	2.203190e-08	7.775000e-01	5.027970e-26
14	3535.067851	2.178627e-08	8.400000e-01	1.108229e-26
14	2095.555757	2.166118e-08	8.575000e-01	1.083273e-25
14	1625.376203	2.159273e-08	8.650000e-01	6.129893e-27
14	627.444509	2.125110e-08	8.900000e-01	3.389464e-26
14	8911.460387	2.196627e-08	8.000000e-01	4.985155e-26
14	7656.560233	2.193995e-08	8.075000e-01	3.968633e-26
14	14046.386419	2.203818e-08	7.750000e-01	1.571977e-25
14	394.177063	4.524468e-08	9.575000e-01	3.281286e-11
14	390.287386	2.070818e-08	9.100000e-01	7.622308e-26
14	1836.468524	7.037564e-10	9.600000e-01	2.277041e-24
14	391.059029	2.583190e-08	9.275000e-01	1.672630e-11
14	1831.560706	1.020874e-09	9.675000e-01	2.838151e-25
14	395.276705	6.488375e-08	9.700000e-01	3.568338e-11
14	390.141810	2.116338e-08	9.125000e-01	2.236850e-12
14	22013.056894	2.284455e-08	7.625000e-01	1.000000e-08
14	390.221170	2.182440e-08	9.150000e-01	5.023710e-12
14	7265.295563	2.193057e-08	8.100000e-01	5.416329e-26
14	392.052147	3.021525e-08	9.375000e-01	2.376188e-11
14	21773.112776	2.269090e-08	7.600000e-01	1.000000e-08
14	395.208189	2.080061e-08	9.075000e-01	1.551081e-26
14	1848.090580	8.251859e-11	8.650000e-01	1.274641e-23
14	390.334921	2.252660e-08	9.175000e-01	7.652609e-12
14	761.147858	2.133882e-08	8.850000e-01	1.881161e-26
14	1357.667497	2.154040e-08	8.700000e-01	3.507280e-26
14	391.059029	2.583190e-08	9.275000e-01	1.672630e-11
14	21305.155960	2.238851e-08	7.550000e-01	1.000000e-08
14	1772.801096	2.161677e-08	8.625000e-01	1.298244e-26
14	15899.596505	2.205602e-08	7.675000e-01	7.056704e-26
14	11807.582651	2.201195e-08	7.850000e-01	1.645235e-25
14	1847.945691	9.393550e-11	8.775000e-01	8.395628e-24
14	11807.582465	2.201195e-08	7.850000e-01	2.839435e-25
14	1848.361623	5.568519e-11	8.175000e-01	1.026354e-22
14	396.301589	1.998992e-07	9.900000e-01	3.679791e-11
14	391.289857	2.680873e-08	9.300000e-01	1.866380e-11
14	393.926568	4.263069e-08	9.550000e-01	3.200245e-11
14	21077.054371	2.223974e-08	7.525000e-01	1.000000e-08
14	2095.555751	2.166118e-08	8.575000e-01	6.417965e-27
14	395.919894	9.837748e-08	9.800000e-01	3.671883e-11
14	10782.684321	2.199765e-08	7.900000e-01	1.862880e-26
14	392.592047	3.298596e-08	9.425000e-01	2.660767e-11
14	6887.173232	2.192086e-08	8.125000e-01	5.531526e-26
14	761.147850	2.133882e-08	8.850000e-01	2.940572e-27
14	11287.480450	2.200490e-08	7.875000e-01	1.955119e-26
14	9357.568586	2.197449e-08	7.975000e-01	5.258162e-26
14	1846.800438	1.602222e-10	9.150000e-01	2.370213e-24
14	1487.048359	2.156731e-08	8.675000e-01	3.683312e-27
14	-1.000000	-1.000000e+00	-1.000000e+00	-1.000000e+00
14	12343.249675	2.201879e-08	7.825000e-01	1.637402e-25
14	1842.627432	3.432577e-10	9.425000e-01	5.726884e-25
14	391.534207	2.785905e-08	9.325000e-01	2.047924e-11
14	395.208188	2.080061e-08	9.075000e-01	1.952768e-26
14	10782.683831	2.199765e-08	7.900000e-01	2.038257e-26
14	1625.376166	2.159273e-08	8.650000e-01	7.863084e-27
14	1487.048455	2.156731e-08	8.675000e-01	7.482040e-27
14	2857.125602	2.173764e-08	8.475000e-01	3.886722e-26
14	11807.583502	2.201195e-08	7.850000e-01	3.433502e-26
14	395.781634	8.719814e-08	9.775000e-01	3.655524e-11
14	390.650381	2.407042e-08	9.225000e-01	1.246528e-11
14	2857.125659	2.173764e-08	8.475000e-01	3.411504e-27
14	20852.814199	2.209256e-08	7.500000e-01	9.506555e-09
14	15264.704236	2.205023e-08	7.700000e-01	2.864817e-25
14	6887.173058	2.192086e-08	8.125000e-01	8.473416e-26
14	394.871507	5.533821e-08	9.650000e-01	3.476058e-11
14	3535.067804	2.178627e-08	8.400000e-01	4.316145e-26
14	396.147447	1.320177e-07	9.850000e-01	3.686913e-11
14	4882.388879	2.185464e-08	8.275000e-01	2.165190e-26
14	393.404547	3.819051e-08	9.500000e-01	3.012246e-11
14	926.690162	2.141493e-08	8.800000e-01	2.282971e-27
14	392.052147	3.021525e-08	9.375000e-01	2.376188e-11
14	394.650635	5.152328e-08	9.625000e-01	3.418914e-11
14	690.382971	2.129657e-08	8.875000e-01	1.778812e-26
14	572.201526	2.120202e-08	8.925000e-01	7.266108e-27
14	12894.759575	2.202544e-08	7.800000e-01	2.244088e-25
14	1848.488218	3.748037e-11	7.550000e-01	6.396668e-12
14	391.789201	2.899129e-08	9.350000e-01	2.217717e-11
14	393.135961	3.628927e-08	9.475000e-01	2.904675e-11
14	11807.583497	2.201195e-08	7.850000e-01	5.868064e-26
14	2456.565450	2.170127e-08	8.525000e-01	4.342803e-26
14	391.289857	2.680873e-08	9.300000e-01	1.866380e-11
14	1848.193129	7.346279e-11	8.525000e-01	7.643066e-24
14	4590.323215	2.184206e-08	8.300000e-01	3.495160e-26
14	21537.159370	2.253889e-08	7.575000e-01	1.000000e-08
14	396.042090	1.127748e-07	9.825000e-01	3.682273e-11
14	20852.816452	2.209256e-08	7.500000e-01	7.523208e-09
14	392.592047	3.298596e-08	9.425000e-01	2.660767e-11
14	8061.190075	2.194901e-08	8.050000e-01	4.074894e-26
14	391.534207	2.785905e-08	9.325000e-01	2.047924e-11
14	5186.138156	2.186673e-08	8.250000e-01	1.284195e-26
14	390.650381	2.407042e-08	9.225000e-01	1.246528e-11
14	7265.295484	2.193057e-08	8.100000e-01	8.258540e-26
14	1772.801084	2.161678e-08	8.625000e-01	5.762414e-27
14	21305.155538	2.238851e-08	7.550000e-01	1.000000e-08
14	572.201543	2.120202e-08	8.925000e-01	5.183477e-27
14	690.382948	2.129657e-08	8.875000e-01	8.319271e-27
14	16552.041145	2.206165e-08	7.650000e-01	2.845759e-25
14	5829.480170	2.188959e-08	8.200000e-01	1.796375e-26
14	12894.760076	2.202544e-08	7.800000e-01	1.101411e-25
14	6521.972767	2.191081e-08	8.150000e-01	1.227084e-26
14	4590.323218	2.184206e-08	8.300000e-01	7.431445e-26
14	390.650381	2.407042e-08	9.225000e-01	1.246528e-11
14	627.444478	2.125110e-08	8.900000e-01	2.530893e-26
14	1847.390239	1.294845e-10	9.025000e-01	4.716715e-24
14	393.135961	3.628927e-08	9.475000e-01	2.904675e-11
14	394.650635	5.152327e-08	9.625000e-01	3.418914e-11
14	1848.038873	8.675096e-11	8.700000e-01	1.152130e-23
14	3782.305473	2.180111e-08	8.375000e-01	1.708375e-26
14	10782.683695	2.199765e-08	7.900000e-01	5.729779e-26
14	3535.067795	2.178627e-08	8.400000e-01	2.267040e-26
14	392.320539	3.154233e-08	9.400000e-01	2.523743e-11
14	690.382944	2.129657e-08	8.875000e-01	1.920011e-26
14	6169.479124	2.190039e-08	8.175000e-01	4.559664e-26
14	11287.480341	2.200491e-08	7.875000e-01	2.197248e-25
14	4590.323146	2.184206e-08	8.300000e-01	3.265558e-26
14	390.334920	2.252660e-08	9.175000e-01	7.652609e-12
14	391.789201	2.899129e-08	9.350000e-01	2.217717e-11
14	10292.934587	2.199016e-08	7.925000e-01	4.377877e-26
14	12343.250596	2.201879e-08	7.825000e-01	5.899569e-26
14	7656.560008	2.193995e-08	8.075000e-01	7.080746e-26
14	1021.738817	2.144932e-08	8.775000e-01	8.708933e-27
14	393.404546	3.819050e-08	9.500000e-01	3.012246e-11
14	390.479231	2.327384e-08	9.200000e-01	1.013090e-11
14	395.459422	7.096383e-08	9.725000e-01	3.603987e-11
14	3298.576689	2.177078e-08	8.425000e-01	1.897659e-26
14	7656.560329	2.193995e-08	8.075000e-01	3.246271e-26
14	451.360390	2.102831e-08	9.000000e-01	1.799265e-28
14	391.289857	2.680873e-08	9.300000e-01	1.866380e-11
14	3072.654188	2.175458e-08	8.450000e-01	2.079534e-27
14	396.188512	9.270356e-07	9.975002e-01	3.631146e-11
14	395.627942	7.826551e-08	9.750000e-01	3.632969e-11
14	1848.471347	4.034317e-11	7.675000e-01	8.604552e-13
14	1848.432476	4.631916e-11	7.900000e-01	3.926331e-23
14	1357.667398	2.154040e-08	8.700000e-01	1.537019e-26
14	3535.067774	2.178627e-08	8.400000e-01	4.482209e-26
14	394.650635	5.152328e-08	9.625000e-01	3.418914e-11
14	839.872026	2.137818e-08	8.825000e-01	8.896976e-27
14	21537.160091	2.253889e-08	7.575000e-01	1.000000e-08
14	395.781634	8.719814e-08	9.775000e-01	3.655524e-11
14	14046.387533	2.203818e-08	7.750000e-01	2.115201e-25
14	390.287386	2.070818e-08	9.100000e-01	5.138487e-26
14	1929.475830	2.163956e-08	8.600000e-01	1.542514e-26
14	4590.322926	2.184206e-08	8.300000e-01	2.617393e-26
14	393.926568	4.263069e-08	9.550000e-01	3.200245e-11
14	393.404546	3.819051e-08	9.500000e-01	3.012246e-11
14	396.331435	4.119848e-07	9.950001e-01	3.652155e-11
14	690.382941	2.129657e-08	8.875000e-01	4.317659e-28
14	391.789201	2.899129e-08	9.350000e-01	2.217717e-11
14	4590.322981	2.184206e-08	8.300000e-01	1.736139e-26
14	396.234760	1.590609e-07	9.875000e-01	3.686016e-11
14	12894.759782	2.202544e-08	7.800000e-01	2.917578e-25
14	1847.827771	1.023715e-10	8.850000e-01	2.901303e-24
14	21537.159500	2.253889e-08	7.575000e-01	1.000000e-08
14	524.524808	2.114889e-08	8.950000e-01	5.453515e-27
14	390.479231	2.327384e-08	9.200000e-01	1.013090e-11
14	4040.470729	2.181532e-08	8.350000e-01	2.048044e-26
14	1021.738802	2.144932e-08	8.775000e-01	5.131047e-26
14	5829.480460	2.188959e-08	8.200000e-01	1.454789e-26
14	396.234760	1.590609e-07	9.875000e-01	3.686016e-11
14	926.690163	2.141493e-08	8.800000e-01	1.034921e-26
14	8061.190199	2.194901e-08	8.050000e-01	8.113973e-26
14	9357.568319	2.197449e-08	7.975000e-01	1.007953e-25
14	390.650381	2.407042e-08	9.225000e-01	1.246528e-11
14	5501.767784	2.187838e-08	8.225000e-01	1.839485e-26
14	1848.369617	5.470590e-11	8.150000e-01	2.706721e-23
14	391.534207	2.785905e-08	9.325000e-01	2.047924e-11
14	393.404546	3.819050e-08	9.500000e-01	3.012246e-11
14	391.534207	2.785905e-08	9.325000e-01	2.047924e-11
14	5186.138033	2.186673e-08	8.250000e-01	9.181944e-26
14	7265.295651	2.193057e-08	8.100000e-01	6.703726e-26
14	5186.138162	2.186673e-08	8.250000e-01	1.460917e-26
14	14046.385944	2.203818e-08	7.750000e-01	2.180780e-25
14	21305.155635	2.238851e-08	7.550000e-01	1.000000e-08
14	690.382958	2.129657e-08	8.875000e-01	1.331680e-27
14	390.844788	2.492125e-08	9.250000e-01	1.466187e-11
14	1846.214124	1.875023e-10	9.225000e-01	1.398101e-24
14	395.627942	7.826551e-08	9.750000e-01	3.632969e-11
14	1357.667409	2.154040e-08	8.700000e-01	9.943728e-27
14	10292.935449	2.199016e-08	7.925000e-01	1.172428e-25
14	396.188512	9.270347e-07	9.975002e-01	3.631146e-11
14	1848.361623	5.568519e-11	8.175000e-01	5.676819e-24
14	15264.704294	2.205023e-08	7.700000e-01	7.602721e-26
14	1842.627432	3.432577e-10	9.425000e-01	3.414351e-25
14	12894.759627	2.202544e-08	7.800000e-01	1.953703e-25
14	10292.934783	2.199016e-08	7.925000e-01	5.432148e-26
14	2271.198915	2.168173e-08	8.550000e-01	1.287533e-26
14	1125.156897	2.148157e-08	8.750000e-01	2.925483e-26
14	1833.618846	8.921619e-10	9.650000e-01	5.087140e-25
14	395.276705	6.488375e-08	9.700000e-01	3.568338e-11
14	392.864517	3.456198e-08	9.450000e-01	2.787627e-11
14	4590.322946	2.184206e-08	8.300000e-01	1.087736e-26
14	10292.935956	2.199016e-08	7.925000e-01	3.498203e-27
14	1847.390239	1.294845e-10	9.025000e-01	3.245963e-24
14	9817.977326	2.198245e-08	7.950000e-01	8.406102e-26
14	396.301589	1.998992e-07	9.900000e-01	3.679791e-11
14	1021.738844	2.144932e-08	8.775000e-01	1.865451e-27
14	2651.819099	2.171989e-08	8.500000e-01	1.903950e-26
14	394.650635	5.152328e-08	9.625000e-01	3.418914e-11
14	8911.460218	2.196627e-08	8.000000e-01	4.366500e-26
14	1843.297941	3.128987e-10	9.400000e-01	2.581280e-25
14	3298.576671	2.177078e-08	8.425000e-01	2.185736e-26
14	1487.048434	2.156731e-08	8.675000e-01	2.379828e-26
14	12894.758919	2.202544e-08	7.800000e-01	3.473425e-26
14	12343.250847	2.201879e-08	7.825000e-01	1.444621e-25
14	1625.376274	2.159273e-08	8.650000e-01	2.470966e-26
14	393.135961	3.628927e-08	9.475000e-01	2.904675e-11
14	390.844788	2.492125e-08	9.250000e-01	1.466187e-11
14	451.360395	2.102831e-08	9.000000e-01	1.173843e-26
14	396.234760	1.590609e-07	9.875000e-01	3.686016e-11
14	21537.159597	2.253889e-08	7.575000e-01	1.000000e-08
14	1848.038873	8.675096e-11	8.700000e-01	1.589647e-23
14	4590.323057	2.184206e-08	8.300000e-01	1.537070e-26
14	9817.977694	2.198245e-08	7.950000e-01	7.263935e-26
14	5829.480440	2.188959e-08	8.200000e-01	1.812875e-26
14	4309.747273	2.182896e-08	8.325000e-01	1.147373e-26
14	3782.305440	2.180111e-08	8.375000e-01	7.021689e-27
14	425.621294	2.095952e-08	9.025000e-01	7.480714e-27
14	6521.972809	2.191081e-08	8.150000e-01	1.873600e-26
14	524.524780	2.114889e-08	8.950000e-01	3.109989e-27
14	1125.157002	2.148157e-08	8.750000e-01	3.013032e-26
14	1021.738837	2.144932e-08	8.775000e-01	3.212121e-27
14	15899.596126	2.205602e-08	7.675000e-01	2.924490e-26
14	451.360392	2.102831e-08	9.000000e-01	6.798161e-27
14	396.234760	1.590609e-07	9.875000e-01	3.686016e-11
14	22013.057072	2.284455e-08	7.625000e-01	1.000000e-08
14	5829.480186	2.188959e-08	8.200000e-01	1.230561e-27
14	1847.909536	9.659214e-11	8.800000e-01	5.499066e-24
14	627.444508	2.125110e-08	8.900000e-01	2.089382e-27
14	-1.000000	-1.000000e+00	-1.000000e+00	-1.000000e+00
14	395.208182	2.080061e-08	9.075000e-01	1.762448e-26
14	16552.041553	2.206165e-08	7.650000e-01	3.747213e-25
14	5501.767882	2.187837e-08	8.225000e-01	6.316985e-27
14	1125.156968	2.148157e-08	8.750000e-01	9.556962e-28
14	394.871507	5.533821e-08	9.650000e-01	3.476058e-11
14	396.301589	1.998992e-07	9.900000e-01	3.679791e-11
14	392.864517	3.456198e-08	9.450000e-01	2.787627e-11
14	425.621301	2.095952e-08	9.025000e-01	3.380895e-26
14	392.864518	3.456198e-08	9.450000e-01	2.787627e-11
14	5186.138062	2.186673e-08	8.250000e-01	3.399133e-26
14	8061.190140	2.194901e-08	8.050000e-01	7.397312e-26
14	395.627942	7.826551e-08	9.750000e-01	3.632969e-11
14	396.234760	1.590609e-07	9.875000e-01	3.686016e-11
14	8061.190089	2.194901e-08	8.050000e-01	2.489318e-26
14	393.668595	4.029312e-08	9.525000e-01	3.110665e-11
14	390.287387	2.070818e-08	9.100000e-01	2.733399e-25
14	7265.295785	2.193057e-08	8.100000e-01	5.697238e-26
14	393.135961	3.628927e-08	9.475000e-01	2.904675e-11
14	2095.555770	2.166118e-08	8.575000e-01	1.939339e-26
14	395.781634	8.719814e-08	9.775000e-01	3.655524e-11
14	3298.576590	2.177078e-08	8.425000e-01	1.713533e-26
14	390.221170	2.182440e-08	9.150000e-01	5.023710e-12
14	393.404547	3.819051e-08	9.500000e-01	3.012246e-11
14	21305.156129	2.238851e-08	7.550000e-01	1.000000e-08
14	396.188512	9.270350e-07	9.975002e-01	3.631146e-11
14	1487.048470	2.156731e-08	8.675000e-01	5.512341e-27
14	-1.000000	-1.000000e+00	-1.000000e+00	-1.000000e+00
14	390.650381	2.407042e-08	9.225000e-01	1.246528e-11
14	2456.565533	2.170127e-08	8.525000e-01	1.455341e-26
14	7656.560070	2.193995e-08	8.075000e-01	2.122175e-27
14	21537.159499	2.253889e-08	7.575000e-01	1.000000e-08
14	395.276705	6.488375e-08	9.700000e-01	3.568338e-11
14	8911.460445	2.196627e-08	8.000000e-01	3.709949e-26
14	690.382976	2.129657e-08	8.875000e-01	1.487229e-26
14	395.627942	7.826551e-08	9.750000e-01	3.632969e-11
14	5829.480094	2.188959e-08	8.200000e-01	5.332191e-26
14	451.360404	2.102831e-08	9.000000e-01	1.845094e-26
14	1487.048378	2.156731e-08	8.675000e-01	8.051671e-27
14	8479.412709	2.195778e-08	8.025000e-01	7.276396e-26
14	1487.048467	2.156731e-08	8.675000e-01	4.500610e-26
14	839.872045	2.137818e-08	8.825000e-01	6.222563e-27
14	1125.157004	2.148157e-08	8.750000e-01	2.595526e-26
14	5501.767939	2.187838e-08	8.225000e-01	9.821765e-27
14	390.844788	2.492125e-08	9.250000e-01	1.466187e-11
14	1237.085462	2.151187e-08	8.725000e-01	3.289540e-27
14	394.650635	5.152327e-08	9.625000e-01	3.418914e-11
14	396.188512	9.270350e-07	9.975002e-01	3.631146e-11
14	7656.560080	2.193995e-08	8.075000e-01	3.795027e-26
14	1835.189759	7.892975e-10	9.625000e-01	1.346679e-25
14	14046.386967	2.203818e-08	7.750000e-01	1.502704e-25
14	8479.413150	2.195778e-08	8.025000e-01	8.302533e-26
14	391.289857	2.680873e-08	9.300000e-01	1.866380e-11
14	390.141810	2.116338e-08	9.125000e-01	2.236848e-12
14	22013.056375	2.284455e-08	7.625000e-01	1.000000e-08
14	2271.198883	2.168173e-08	8.550000e-01	1.572218e-26
14	524.524777	2.114889e-08	8.950000e-01	1.425349e-26
14	572.201547	2.120202e-08	8.925000e-01	8.565478e-27
14	14046.387515	2.203818e-08	7.750000e-01	2.152247e-25
14	7265.295674	2.193057e-08	8.100000e-01	1.040149e-26
14	690.382926	2.129657e-08	8.875000e-01	3.228445e-28
14	395.208187	2.080061e-08	9.075000e-01	3.243705e-26
14	5829.480380	2.188959e-08	8.200000e-01	4.303760e-26
14	13462.379676	2.203190e-08	7.775000e-01	8.008097e-26
14	1929.475865	2.163956e-08	8.600000e-01	3.385891e-26
14	395.459422	7.096383e-08	9.725000e-01	3.603987e-11
14	8061.190129	2.194901e-08	8.050000e-01	5.487473e-27
14	839.872003	2.137818e-08	8.825000e-01	8.234055e-27
14	395.208182	2.080061e-08	9.075000e-01	5.254064e-26
14	390.287387	2.070818e-08	9.100000e-01	4.410193e-27
14	391.534207	2.785905e-08	9.325000e-01	2.047924e-11
14	396.331435	4.119848e-07	9.950001e-01	3.652155e-11
14	5186.138084	2.186673e-08	8.250000e-01	3.158897e-26
14	6169.479145	2.190039e-08	8.175000e-01	2.798061e-26
14	391.534207	2.785905e-08	9.325000e-01	2.047924e-11
14	22013.057045	2.284455e-08	7.625000e-01	1.000000e-08
14	21537.159941	2.253889e-08	7.575000e-01	1.000000e-08
14	395.208189	2.080061e-08	9.075000e-01	4.324177e-26
14	396.234760	1.590609e-07	9.875000e-01	3.686016e-11
14	394.650635	5.152328e-08	9.625000e-01	3.418914e-11
14	484.286512	2.109119e-08	8.975000e-01	5.906122e-27
14	394.871507	5.533821e-08	9.650000e-01	3.476058e-11
14	395.276705	6.488375e-08	9.700000e-01	3.568338e-11
14	2271.198875	2.168173e-08	8.550000e-01	3.904181e-26
14	20852.812866	2.209256e-08	7.500000e-01	9.671360e-09
14	2271.198871	2.168173e-08	8.550000e-01	1.361455e-26
14	5186.138150	2.186673e-08	8.250000e-01	5.151550e-26
14	3072.654188	2.175458e-08	8.450000e-01	2.002185e-26
14	1841.123492	4.171737e-10	9.475000e-01	1.115425e-26
14	391.789201	2.899129e-08	9.350000e-01	2.217717e-11
14	4040.470696	2.181532e-08	8.350000e-01	2.641761e-26
14	3782.305531	2.180111e-08	8.375000e-01	2.670055e-26
14	392.592047	3.298596e-08	9.425000e-01	2.660767e-11
14	21773.111679	2.269090e-08	7.600000e-01	1.000000e-08
14	1847.909536	9.659214e-11	8.800000e-01	4.450394e-24
14	5829.480415	2.188959e-08	8.200000e-01	2.792272e-26
14	10292.935550	2.199016e-08	7.925000e-01	8.637807e-26
14	926.690101	2.141493e-08	8.800000e-01	1.139663e-26
14	11807.583055	2.201195e-08	7.850000e-01	3.660781e-26
14	392.320539	3.154233e-08	9.400000e-01	2.523743e-11
14	1847.909536	9.659213e-11	8.800000e-01	2.196131e-23
14	1487.048377	2.156731e-08	8.675000e-01	1.219134e-27
14	14647.066032	2.204429e-08	7.725000e-01	2.178096e-26
14	396.147447	1.320177e-07	9.850000e-01	3.686913e-11
