55	4423.672226	1.937037e-08	9.076000e-01	7.482230e-27
55	13659.443280	1.953265e-08	8.656000e-01	4.198301e-26
55	145.257878	3.838782e-08	9.853000e-01	1.443616e-11
55	37497.765387	1.962876e-08	8.089000e-01	8.210416e-26
55	512.401269	6.806771e-11	9.328000e-01	4.593737e-24
55	37497.765576	1.962876e-08	8.089000e-01	1.760925e-25
55	1357.591834	1.911828e-08	9.349000e-01	4.914021e-27
55	8286.176461	1.946887e-08	8.866000e-01	1.143372e-26
55	146.933850	1.790319e-08	9.664000e-01	2.884457e-27
55	146.287394	2.754394e-07	9.979001e-01	1.738874e-11
55	146.933848	1.790319e-08	9.664000e-01	6.529075e-27
55	7835.217656	1.946096e-08	8.887000e-01	1.213493e-26
55	17696.273732	1.956116e-08	8.530000e-01	4.280449e-26
55	2999.773410	1.929784e-08	9.181000e-01	3.088266e-27
55	24133.430801	1.959164e-08	8.362000e-01	4.559139e-26
55	143.830814	2.060931e-08	9.727000e-01	5.078600e-12
55	62672.654154	2.385268e-08	8.677000e-01	1.000000e-08
55	146.287394	2.754395e-07	9.979001e-01	1.738874e-11
55	2752.811363	1.928051e-08	9.202000e-01	5.739019e-27
55	17696.273306	1.956116e-08	8.530000e-01	1.092344e-26
55	29826.275226	1.961034e-08	8.236001e-01	4.764103e-26
55	26882.553180	1.960137e-08	8.299000e-01	9.173745e-26
55	54620.920367	2.137602e-08	8.256999e-01	1.000000e-08
55	29826.282925	1.961034e-08	8.236000e-01	1.122826e-25
55	2518.073836	1.926201e-08	9.223000e-01	6.990726e-27
55	929.939179	1.901526e-08	9.412000e-01	7.906266e-28
55	6977.767272	1.944405e-08	8.929000e-01	1.506007e-26
55	1698.215563	1.917363e-08	9.307000e-01	3.191003e-27
55	143.740157	1.789070e-08	9.685000e-01	4.141612e-13
55	-1.000000	-1.000000e+00	-1.000000e+00	-1.000000e+00
55	509.186142	1.882060e-08	9.496000e-01	2.006257e-28
55	6977.767028	1.944405e-08	8.929000e-01	1.362004e-26
55	2295.401406	1.924222e-08	9.244000e-01	2.470782e-27
55	2752.811470	1.928051e-08	9.202000e-01	7.703922e-27
55	4113.124900	1.935749e-08	9.097000e-01	1.526820e-26
55	1357.591677	1.911828e-08	9.349000e-01	4.284057e-27
55	41150.467786	1.963574e-08	8.026000e-01	5.333793e-25
55	13048.273394	1.952730e-08	8.677000e-01	2.817085e-26
55	512.491720	5.404494e-11	9.181000e-01	1.895510e-24
55	31900.854235	1.961593e-08	8.194000e-01	2.459300e-25
55	512.583367	3.709794e-11	8.866000e-01	2.060073e-24
55	9730.366814	1.949070e-08	8.803000e-01	1.953255e-26
55	146.224286	1.358968e-07	9.958000e-01	1.730241e-11
55	7835.217527	1.946096e-08	8.887000e-01	2.250199e-26
55	146.287394	2.754394e-07	9.979001e-01	1.738874e-11
55	300.850969	1.860057e-08	9.559000e-01	1.516976e-27
55	598.781892	1.887747e-08	9.475000e-01	3.186010e-27
55	512.632800	2.478446e-11	8.404000e-01	1.456605e-23
55	21571.211792	1.958105e-08	8.425000e-01	3.045704e-26
55	8286.176416	1.946887e-08	8.866000e-01	1.259062e-26
55	338.698601	7.572424e-08	9.922530e-01	2.697993e-11
55	46383.693560	1.964433e-08	7.942000e-01	4.918232e-25
55	20757.387726	1.957731e-08	8.446000e-01	1.557195e-25
55	39907.563328	1.963347e-08	8.047001e-01	1.683909e-25
55	3815.630387	1.934387e-08	9.118000e-01	4.423186e-27
55	8286.176447	1.946887e-08	8.866000e-01	1.009070e-26
55	502.336047	1.679780e-09	9.895000e-01	4.417021e-27
55	4423.672458	1.937037e-08	9.076000e-01	9.948056e-27
55	7835.217882	1.946096e-08	8.887000e-01	2.717595e-27
55	512.545386	4.466194e-11	9.034000e-01	1.484994e-24
55	159.040886	1.809888e-08	9.643000e-01	8.938844e-27
55	2752.811197	1.928051e-08	9.202000e-01	2.592748e-26
55	145.257878	3.838782e-08	9.853000e-01	1.443616e-11
55	143.987929	2.232075e-08	9.748000e-01	7.115011e-12
55	3259.121246	1.931412e-08	9.160000e-01	8.573345e-28
55	25944.942746	1.959822e-08	8.320000e-01	8.275278e-26
55	510.433487	3.454714e-10	9.769000e-01	1.713461e-25
55	929.939155	1.901526e-08	9.412000e-01	2.448780e-27
55	3531.018357	1.932943e-08	9.139000e-01	3.213517e-27
55	30852.156340	1.961317e-08	8.215000e-01	1.473290e-26
55	512.651600	1.834494e-11	7.963000e-01	2.790411e-22
55	809.019815	1.897397e-08	9.433000e-01	2.193316e-27
55	29826.277002	1.961034e-08	8.236000e-01	8.615681e-26
55	159.040883	1.809888e-08	9.643000e-01	1.599080e-28
55	929.939224	1.901526e-08	9.412000e-01	4.386748e-27
55	146.933848	1.790319e-08	9.664000e-01	8.454274e-27
55	7399.145961	1.945270e-08	8.908000e-01	1.338955e-26
55	10771.294251	1.950385e-08	8.761000e-01	8.606161e-27
55	143.740157	1.789069e-08	9.685000e-01	4.141595e-13
55	35187.026776	1.962381e-08	8.131001e-01	1.164216e-25
55	2084.637278	1.922100e-08	9.265000e-01	2.104552e-26
55	512.491720	5.404494e-11	9.181000e-01	2.120237e-24
55	512.651600	1.834494e-11	7.963000e-01	1.023290e-21
55	1357.591820	1.911828e-08	9.349000e-01	6.119435e-27
55	2084.637365	1.922100e-08	9.265000e-01	1.458609e-26
55	-1.000000	-1.000000e+00	-1.000000e+00	-1.000000e+00
55	512.197360	9.646242e-11	9.496000e-01	8.271926e-25
55	512.618483	2.881230e-11	8.593000e-01	3.505103e-24
55	146.933851	1.790319e-08	9.664000e-01	9.671128e-27
55	512.632800	2.478446e-11	8.404000e-01	9.383123e-24
55	3531.018564	1.932943e-08	9.139000e-01	9.199287e-27
55	22404.980140	1.958469e-08	8.404000e-01	4.753456e-27
55	17696.273298	1.956116e-08	8.530000e-01	4.294396e-26
55	809.019831	1.897397e-08	9.433000e-01	6.190519e-28
55	63586.624786	2.413358e-08	8.719000e-01	1.000000e-08
55	144.710727	2.979436e-08	9.811000e-01	1.206855e-11
55	146.224286	1.358967e-07	9.958000e-01	1.730241e-11
55	47759.214120	1.964636e-08	7.921000e-01	4.117791e-25
55	57223.664500	2.218081e-08	8.404000e-01	1.000000e-08
55	20757.387438	1.957731e-08	8.446000e-01	4.712717e-26
55	698.680431	1.892829e-08	9.454000e-01	7.098892e-29
55	25028.664104	1.959497e-08	8.341000e-01	5.605617e-26
55	11876.686463	1.951601e-08	8.719000e-01	1.223041e-25
55	6977.767081	1.944405e-08	8.929000e-01	2.577731e-26
55	180.339706	1.825883e-08	9.622000e-01	1.014921e-27
55	31900.854579	1.961593e-08	8.194000e-01	5.457136e-26
55	17696.273306	1.956116e-08	8.530000e-01	4.822733e-26
55	20757.387512	1.957731e-08	8.446000e-01	7.693073e-27
55	146.287394	2.754395e-07	9.979001e-01	1.738874e-11
55	16978.259216	1.955679e-08	8.551000e-01	7.804971e-26
55	143.987929	2.232075e-08	9.748000e-01	7.115011e-12
55	143.740157	1.789069e-08	9.685000e-01	4.141596e-13
55	180.339711	1.825883e-08	9.622000e-01	2.740278e-27
55	143.830814	2.060931e-08	9.727000e-01	5.078600e-12
55	1357.591722	1.911828e-08	9.349000e-01	4.506931e-27
55	145.257878	3.838782e-08	9.853000e-01	1.443616e-11
55	34067.969772	1.962125e-08	8.152001e-01	3.784363e-25
55	4423.672458	1.937037e-08	9.076000e-01	1.387664e-26
55	37497.764178	1.962876e-08	8.089001e-01	7.305884e-26
55	4423.672521	1.937037e-08	9.076000e-01	4.230114e-28
55	25028.663630	1.959497e-08	8.341000e-01	2.433465e-26
55	54620.921963	2.137602e-08	8.256999e-01	1.000000e-08
55	26882.552579	1.960137e-08	8.299000e-01	1.412028e-25
55	37497.764113	1.962876e-08	8.089001e-01	9.977567e-26
55	3815.630379	1.934387e-08	9.118000e-01	2.078738e-26
55	3531.018520	1.932943e-08	9.139000e-01	2.144866e-26
55	5435.367513	1.940513e-08	9.013000e-01	1.899246e-26
55	13659.443930	1.953265e-08	8.656000e-01	2.535453e-26
55	30852.149818	1.961317e-08	8.215001e-01	2.741625e-25
55	34067.966004	1.962125e-08	8.152001e-01	2.695506e-25
55	39907.560113	1.963347e-08	8.047001e-01	1.129152e-25
55	25028.664018	1.959497e-08	8.341000e-01	2.551835e-27
55	19963.241765	1.957346e-08	8.467000e-01	5.530629e-26
55	54620.920446	2.137602e-08	8.256999e-01	1.000000e-08
55	143.987929	2.232075e-08	9.748000e-01	7.115012e-12
55	809.019782	1.897397e-08	9.433000e-01	5.147387e-28
55	144.710727	2.979436e-08	9.811000e-01	1.206855e-11
55	1522.253893	1.914707e-08	9.328000e-01	3.296668e-27
55	13659.444069	1.953265e-08	8.656000e-01	1.664598e-27
55	512.599675	3.346135e-11	8.761000e-01	1.434590e-23
55	27841.771114	1.960444e-08	8.278000e-01	3.099684e-26
55	4113.124974	1.935749e-08	9.097000e-01	1.561697e-26
55	144.197310	2.435159e-08	9.769000e-01	8.957133e-12
55	6570.888068	1.943501e-08	8.950000e-01	1.014862e-27
55	512.625543	2.689261e-11	8.509000e-01	1.628797e-23
55	512.586991	3.631522e-11	8.845000e-01	1.063053e-23
55	512.599675	3.346135e-11	8.761000e-01	7.063639e-24
55	159.040877	1.809888e-08	9.643000e-01	1.239643e-27
55	598.781922	1.887747e-08	9.475000e-01	1.036729e-27
55	512.618483	2.881230e-11	8.593000e-01	3.805113e-24
55	4113.124821	1.935749e-08	9.097000e-01	2.328947e-27
55	512.112672	1.078177e-10	9.538000e-01	2.240537e-24
55	39907.552683	1.963347e-08	8.047001e-01	7.306808e-26
55	1357.591677	1.911828e-08	9.349000e-01	4.863451e-27
55	929.939215	1.901526e-08	9.412000e-01	1.244412e-27
55	20757.387767	1.957731e-08	8.446000e-01	9.221628e-27
55	144.986387	3.354991e-08	9.832000e-01	1.334366e-11
55	25028.663906	1.959497e-08	8.341000e-01	1.566791e-25
55	45035.426904	1.964226e-08	7.963000e-01	7.769134e-25
55	42419.186414	1.963796e-08	8.005000e-01	2.440765e-25
55	144.443170	2.679698e-08	9.790000e-01	1.060740e-11
55	30852.155562	1.961317e-08	8.215000e-01	3.465632e-26
55	45035.427696	1.964226e-08	7.963000e-01	1.812360e-25
55	159.040886	1.809888e-08	9.643000e-01	1.539981e-27
55	929.939123	1.901526e-08	9.412000e-01	1.034767e-27
55	36330.187174	1.962632e-08	8.110000e-01	2.358341e-26
55	1204.081982	1.908695e-08	9.370000e-01	4.185549e-27
55	145.746441	5.390728e-08	9.895000e-01	1.608877e-11
55	46383.692433	1.964433e-08	7.942000e-01	2.057470e-25
55	512.112672	1.078177e-10	9.538000e-01	3.204793e-25
55	29826.274671	1.961034e-08	8.236001e-01	3.111550e-26
55	146.933850	1.790319e-08	9.664000e-01	4.821107e-27
55	10771.294482	1.950385e-08	8.761000e-01	4.244117e-26
55	360.356438	1.868381e-08	9.538000e-01	3.382154e-27
55	145.257878	3.838782e-08	9.853000e-01	1.443616e-11
55	27841.774363	1.960444e-08	8.278000e-01	2.756802e-26
55	49162.372862	1.964835e-08	7.900000e-01	1.373572e-19
55	300.850931	1.860057e-08	9.559000e-01	4.417798e-27
55	143.830814	2.060931e-08	9.727000e-01	5.078599e-12
55	512.539184	4.580966e-11	9.055000e-01	1.638813e-23
55	29826.277560	1.961034e-08	8.236000e-01	1.960937e-25
55	598.781865	1.887747e-08	9.475000e-01	1.314575e-26
55	30852.154700	1.961317e-08	8.215000e-01	4.862048e-26
55	509.475237	5.171155e-10	9.811000e-01	1.653542e-25
55	509.186099	1.882060e-08	9.496000e-01	2.776509e-27
55	12454.095323	1.952176e-08	8.698000e-01	7.491622e-26
55	38690.120815	1.963114e-08	8.068000e-01	1.146000e-25
55	512.157551	1.018114e-10	9.517000e-01	4.875000e-24
55	1698.215738	1.917363e-08	9.307000e-01	3.177117e-28
55	15597.202076	1.954762e-08	8.593000e-01	2.520020e-26
55	210.980030	1.839193e-08	9.601000e-01	8.345365e-28
55	5435.367528	1.940513e-08	9.013000e-01	5.018005e-27
55	34067.973872	1.962125e-08	8.152000e-01	3.644079e-25
55	1885.626518	1.919820e-08	9.286000e-01	3.018047e-27
55	8752.219841	1.947645e-08	8.845000e-01	1.654016e-26
55	23258.962015	1.958821e-08	8.383000e-01	7.221877e-26
55	36330.184854	1.962632e-08	8.110000e-01	1.371620e-25
55	210.980050	1.839193e-08	9.601000e-01	8.750665e-28
55	17696.273612	1.956116e-08	8.530000e-01	1.398505e-26
55	2999.773406	1.929784e-08	9.181000e-01	8.078520e-27
55	46383.693417	1.964433e-08	7.942000e-01	3.427857e-25
55	1061.579209	1.905275e-08	9.391000e-01	8.426228e-27
55	43714.047511	1.964013e-08	7.984000e-01	3.067857e-25
55	10771.294309	1.950385e-08	8.761000e-01	8.180826e-27
55	2752.811284	1.928051e-08	9.202000e-01	1.593181e-27
55	2295.401379	1.924222e-08	9.244000e-01	3.934494e-27
55	34067.969687	1.962125e-08	8.152001e-01	5.584040e-25
55	34067.970232	1.962125e-08	8.152000e-01	4.210003e-25
55	10771.294035	1.950385e-08	8.761000e-01	2.801921e-26
55	64051.525617	2.427670e-08	8.740000e-01	1.000000e-08
55	512.481638	5.569581e-11	9.202000e-01	7.902406e-24
55	21571.211781	1.958105e-08	8.425000e-01	2.979649e-26
55	39907.556911	1.963347e-08	8.047001e-01	3.224649e-26
55	22404.980472	1.958469e-08	8.404000e-01	2.045151e-26
55	1698.215624	1.917363e-08	9.307000e-01	3.758999e-26
55	512.643563	2.131867e-11	8.194000e-01	5.543523e-23
55	41150.472128	1.963574e-08	8.026000e-01	4.396084e-25
55	512.561802	4.151824e-11	8.971000e-01	7.956373e-24
55	16978.259146	1.955679e-08	8.551000e-01	2.171727e-26
55	2999.773536	1.929784e-08	9.181000e-01	4.560435e-27
55	18432.941096	1.956539e-08	8.509000e-01	1.919677e-26
55	512.432537	6.339282e-11	9.286000e-01	1.797495e-24
55	429.756297	1.875653e-08	9.517000e-01	3.396496e-27
55	598.781930	1.887747e-08	9.475000e-01	1.069555e-27
55	18432.940707	1.956539e-08	8.509000e-01	2.141430e-26
55	143.740157	1.789070e-08	9.685000e-01	4.141612e-13
55	2752.811436	1.928051e-08	9.202000e-01	2.510672e-27
55	19188.512123	1.956949e-08	8.488000e-01	8.219496e-26
55	2752.811319	1.928051e-08	9.202000e-01	8.781919e-27
55	145.946272	6.751537e-08	9.916000e-01	1.665737e-11
55	509.475237	5.171155e-10	9.811000e-01	1.932101e-25
55	5799.873966	1.941558e-08	8.992000e-01	2.596770e-26
55	512.556666	4.251962e-11	8.992000e-01	1.615475e-23
55	9730.366395	1.949070e-08	8.803000e-01	1.469733e-26
55	25028.663465	1.959497e-08	8.341000e-01	2.059197e-26
55	8286.176615	1.946887e-08	8.866000e-01	1.090803e-26
55	14933.675912	1.954280e-08	8.614000e-01	1.382508e-26
55	145.946272	6.751537e-08	9.916000e-01	1.665737e-11
55	46383.693684	1.964433e-08	7.942000e-01	1.241745e-25
55	512.602452	3.280980e-11	8.740000e-01	1.391222e-23
55	6570.887944	1.943501e-08	8.950000e-01	2.693340e-26
55	7399.146142	1.945270e-08	8.908000e-01	1.060983e-26
55	4113.124804	1.935749e-08	9.097000e-01	2.264250e-26
55	63127.015826	2.399226e-08	8.698000e-01	1.000000e-08
55	32972.682575	1.961863e-08	8.173001e-01	6.040215e-26
55	6178.319220	1.942552e-08	8.971000e-01	3.066284e-26
55	1885.626496	1.919820e-08	9.286000e-01	9.071026e-27
55	1698.215717	1.917363e-08	9.307000e-01	1.204476e-26
55	41150.472453	1.963574e-08	8.026000e-01	2.950787e-25
55	31900.856031	1.961593e-08	8.194000e-01	1.693733e-26
55	42419.186607	1.963796e-08	8.005000e-01	3.249410e-25
55	4423.672218	1.937037e-08	9.076000e-01	1.345510e-26
55	143.742532	1.914927e-08	9.706000e-01	2.845686e-12
55	1061.579231	1.905275e-08	9.391000e-01	2.027379e-27
55	143.987929	2.232075e-08	9.748000e-01	7.115010e-12
55	1522.253767	1.914707e-08	9.328000e-01	1.325228e-27
55	146.224286	1.358968e-07	9.958000e-01	1.730241e-11
55	143.830814	2.060931e-08	9.727000e-01	5.078600e-12
55	26882.552964	1.960137e-08	8.299000e-01	7.275698e-26
55	41150.468488	1.963574e-08	8.026000e-01	1.237972e-25
55	145.746441	5.390728e-08	9.895000e-01	1.608877e-11
55	21571.211727	1.958105e-08	8.425000e-01	3.755057e-26
55	512.545386	4.466194e-11	9.034000e-01	7.275019e-24
55	15597.202423	1.954762e-08	8.593000e-01	2.089054e-26
55	512.525487	4.827793e-11	9.097000e-01	1.018559e-24
55	512.571188	3.964024e-11	8.929000e-01	6.213485e-24
55	5084.617645	1.939414e-08	9.034000e-01	7.697591e-26
55	143.729478	1.845644e-08	9.694814e-01	1.575387e-12
55	39907.558505	1.963347e-08	8.047001e-01	1.461877e-25
55	42419.186996	1.963796e-08	8.005000e-01	2.599770e-25
55	10242.878720	1.949740e-08	8.782000e-01	4.918403e-26
55	23258.962300	1.958821e-08	8.383000e-01	1.669644e-27
55	64051.525688	2.427670e-08	8.740000e-01	1.000000e-08
55	3259.121227	1.931412e-08	9.160000e-01	4.346600e-27
55	30852.150102	1.961317e-08	8.215001e-01	1.301519e-25
55	25944.942608	1.959822e-08	8.320000e-01	1.934147e-25
55	17696.273409	1.956116e-08	8.530000e-01	3.219255e-26
55	3531.018513	1.932943e-08	9.139000e-01	2.678350e-26
55	512.112672	1.078177e-10	9.538000e-01	2.552604e-24
55	10771.294347	1.950385e-08	8.761000e-01	1.198413e-26
55	1698.215563	1.917363e-08	9.307000e-01	7.938516e-27
55	3259.121437	1.931412e-08	9.160000e-01	4.961791e-27
55	17696.273305	1.956116e-08	8.530000e-01	1.285251e-26
55	30852.149030	1.961317e-08	8.215001e-01	7.529865e-26
55	15597.202097	1.954762e-08	8.593000e-01	2.968295e-26
55	17696.273276	1.956116e-08	8.530000e-01	4.985999e-26
55	25028.663663	1.959497e-08	8.341000e-01	7.397000e-27
55	43714.048293	1.964013e-08	7.984000e-01	2.621027e-25
55	1061.579231	1.905275e-08	9.391000e-01	4.438713e-27
55	10771.294422	1.950385e-08	8.761000e-01	3.420915e-26
55	929.939155	1.901526e-08	9.412000e-01	4.876277e-27
55	3531.018348	1.932943e-08	9.139000e-01	1.830546e-27
55	251.104301	1.850436e-08	9.580000e-01	1.147490e-28
55	11315.825342	1.951004e-08	8.740000e-01	7.586219e-27
55	929.939123	1.901526e-08	9.412000e-01	7.400726e-27
55	511.103571	2.453452e-10	9.727000e-01	6.375566e-26
55	146.933851	1.790319e-08	9.664000e-01	1.372490e-27
55	26882.552718	1.960137e-08	8.299000e-01	7.001424e-26
55	6977.766933	1.944405e-08	8.929000e-01	1.214288e-27
55	511.936164	1.314044e-10	9.601000e-01	2.634911e-25
55	24133.431120	1.959164e-08	8.362000e-01	3.319447e-26
55	2295.401360	1.924222e-08	9.244000e-01	4.717905e-28
55	146.933853	1.790319e-08	9.664000e-01	8.685814e-28
55	25028.663626	1.959497e-08	8.341000e-01	7.373856e-26
55	14287.834572	1.953781e-08	8.635000e-01	2.585265e-26
55	9730.366841	1.949070e-08	8.803000e-01	2.103550e-26
55	512.401269	6.806771e-11	9.328000e-01	2.725690e-24
55	510.433487	3.454714e-10	9.769000e-01	7.783245e-26
55	54620.920532	2.137602e-08	8.256999e-01	1.000000e-08
55	146.933848	1.790319e-08	9.664000e-01	9.408800e-27
55	360.356449	1.868381e-08	9.538000e-01	9.012020e-28
55	27841.775872	1.960444e-08	8.278000e-01	1.172256e-25
55	1204.082088	1.908695e-08	9.370000e-01	7.495186e-27
55	512.470767	5.744582e-11	9.223000e-01	1.374327e-23
55	34067.968828	1.962125e-08	8.152001e-01	6.239284e-26
55	4423.672203	1.937037e-08	9.076000e-01	8.000748e-27
55	1061.579207	1.905275e-08	9.391000e-01	9.725452e-27
55	16278.649970	1.955228e-08	8.572000e-01	4.941646e-26
55	10242.878993	1.949740e-08	8.782000e-01	3.356918e-26
55	809.019778	1.897397e-08	9.433000e-01	4.038877e-27
55	27841.776118	1.960444e-08	8.278000e-01	4.713667e-26
55	6178.319492	1.942552e-08	8.971000e-01	4.872095e-27
55	17696.273673	1.956116e-08	8.530000e-01	7.788052e-26
55	144.710727	2.979436e-08	9.811000e-01	1.206855e-11
55	23258.962018	1.958821e-08	8.383000e-01	3.599641e-26
55	46383.693143	1.964433e-08	7.942000e-01	4.514582e-25
55	30852.153863	1.961317e-08	8.215000e-01	5.442805e-26
55	146.287394	2.754395e-07	9.979001e-01	1.738874e-11
55	929.939135	1.901526e-08	9.412000e-01	7.057909e-27
55	159.040880	1.809888e-08	9.643000e-01	1.321286e-27
55	26882.553047	1.960137e-08	8.299000e-01	9.824658e-27
55	7399.146424	1.945270e-08	8.908000e-01	3.198840e-27
55	13659.443684	1.953265e-08	8.656000e-01	1.825596e-26
55	1061.579232	1.905275e-08	9.391000e-01	8.051526e-27
55	809.019789	1.897397e-08	9.433000e-01	2.514970e-27
55	360.356438	1.868381e-08	9.538000e-01	1.317293e-28
55	210.980029	1.839193e-08	9.601000e-01	1.725351e-27
55	146.224286	1.358967e-07	9.958000e-01	1.730241e-11
55	24133.430746	1.959164e-08	8.362000e-01	1.100551e-25
55	24133.431146	1.959164e-08	8.362000e-01	1.915321e-26
55	300.850939	1.860057e-08	9.559000e-01	9.265744e-28
55	19963.241503	1.957346e-08	8.467000e-01	1.121651e-25
55	300.850942	1.860057e-08	9.559000e-01	3.389180e-27
55	35187.030641	1.962381e-08	8.131000e-01	9.047463e-26
55	511.650780	1.698939e-10	9.664000e-01	3.707869e-25
55	3259.121307	1.931412e-08	9.160000e-01	6.773157e-27
55	6178.319393	1.942552e-08	8.971000e-01	1.836522e-26
55	23258.961880	1.958821e-08	8.383000e-01	1.848072e-26
55	31900.852334	1.961593e-08	8.194000e-01	3.338547e-26
55	34067.969897	1.962125e-08	8.152000e-01	3.141692e-26
55	145.946272	6.751537e-08	9.916000e-01	1.665737e-11
55	511.763940	1.545684e-10	9.643000e-01	7.929138e-25
55	929.939121	1.901526e-08	9.412000e-01	4.596942e-27
55	8286.176678	1.946887e-08	8.866000e-01	1.479402e-26
55	512.575483	3.875845e-11	8.908000e-01	6.315257e-24
55	5084.617530	1.939414e-08	9.034000e-01	1.904910e-26
55	32972.685535	1.961863e-08	8.173000e-01	7.198219e-26
55	145.514352	4.484881e-08	9.874000e-01	1.534983e-11
55	9233.549242	1.948372e-08	8.824000e-01	3.252797e-28
55	143.742532	1.914927e-08	9.706000e-01	2.845685e-12
55	4423.672472	1.937037e-08	9.076000e-01	3.815475e-27
55	21571.211595	1.958105e-08	8.425000e-01	1.905406e-26
55	13048.273040	1.952730e-08	8.677000e-01	3.513881e-26
55	143.742532	1.914927e-08	9.706000e-01	2.845685e-12
55	10771.294370	1.950385e-08	8.761000e-01	1.720183e-27
55	429.756297	1.875653e-08	9.517000e-01	1.088859e-27
55	698.680462	1.892829e-08	9.454000e-01	5.238776e-27
55	30852.156328	1.961317e-08	8.215000e-01	4.372781e-26
55	145.946272	6.751537e-08	9.916000e-01	1.665737e-11
55	8752.219809	1.947645e-08	8.845000e-01	3.974198e-26
55	511.763940	1.545684e-10	9.643000e-01	3.222010e-25
55	144.443170	2.679698e-08	9.790000e-01	1.060740e-11
55	8752.219836	1.947645e-08	8.845000e-01	1.276738e-26
55	300.850931	1.860057e-08	9.559000e-01	4.803293e-27
55	512.556666	4.251962e-11	8.992000e-01	1.448401e-24
55	512.556666	4.251962e-11	8.992000e-01	9.875520e-24
55	11315.825111	1.951004e-08	8.740000e-01	1.110417e-26
55	512.432537	6.339282e-11	9.286000e-01	7.557032e-24
55	5084.617486	1.939414e-08	9.034000e-01	3.023136e-26
55	1204.081986	1.908695e-08	9.370000e-01	9.108029e-27
55	512.112672	1.078177e-10	9.538000e-01	9.514625e-25
55	19963.241701	1.957346e-08	8.467000e-01	1.107454e-25
55	49162.374105	1.964835e-08	7.900000e-01	2.653780e-19
55	512.401269	6.806771e-11	9.328000e-01	1.863961e-24
55	300.850953	1.860057e-08	9.559000e-01	1.636526e-27
55	13048.273005	1.952730e-08	8.677000e-01	4.893639e-26
55	508.838544	6.418202e-10	9.832000e-01	2.699081e-25
55	2752.811377	1.928051e-08	9.202000e-01	3.100611e-27
55	11315.825312	1.951004e-08	8.740000e-01	1.254008e-26
55	929.939220	1.901526e-08	9.412000e-01	6.347800e-27
55	506.379469	1.069657e-09	9.874000e-01	7.079872e-26
55	29826.282621	1.961034e-08	8.236000e-01	1.786860e-26
55	37497.764441	1.962876e-08	8.089001e-01	1.889366e-25
55	512.401269	6.806771e-11	9.328000e-01	6.215490e-24
55	19963.241397	1.957346e-08	8.467000e-01	1.676029e-27
55	360.356411	1.868381e-08	9.538000e-01	1.980456e-27
55	5799.874005	1.941558e-08	8.992000e-01	1.908936e-27
55	24133.430575	1.959164e-08	8.362000e-01	3.910452e-26
55	4747.444895	1.938257e-08	9.055000e-01	2.622410e-27
55	47759.210108	1.964636e-08	7.921000e-01	1.167972e-24
55	45035.427896	1.964226e-08	7.963000e-01	1.091074e-24
55	512.566635	4.055934e-11	8.950000e-01	1.155488e-23
55	360.356432	1.868381e-08	9.538000e-01	6.020813e-27
55	143.742532	1.914927e-08	9.706000e-01	2.845685e-12
55	512.532563	4.701355e-11	9.076000e-01	7.116170e-24
55	144.197310	2.435159e-08	9.769000e-01	8.957132e-12
55	10771.294379	1.950385e-08	8.761000e-01	1.297146e-25
55	5435.367519	1.940513e-08	9.013000e-01	4.839529e-27
55	9730.366727	1.949070e-08	8.803000e-01	4.532719e-26
55	34067.967872	1.962125e-08	8.152001e-01	7.987586e-26
55	180.339709	1.825883e-08	9.622000e-01	1.272233e-27
55	13048.273056	1.952730e-08	8.677000e-01	2.543541e-26
55	45035.427434	1.964226e-08	7.963000e-01	1.023120e-24
55	16278.649976	1.955228e-08	8.572000e-01	2.075529e-26
55	145.514352	4.484881e-08	9.874000e-01	1.534983e-11
55	1698.215703	1.917363e-08	9.307000e-01	3.356668e-27
55	10771.294228	1.950385e-08	8.761000e-01	3.354848e-26
55	512.501084	5.248480e-11	9.160000e-01	1.781935e-24
55	14287.834858	1.953781e-08	8.635000e-01	3.937963e-26
55	3815.630216	1.934387e-08	9.118000e-01	1.345169e-26
55	5435.367626	1.940513e-08	9.013000e-01	3.283558e-26
55	2518.073696	1.926201e-08	9.223000e-01	8.397077e-27
55	45035.427028	1.964226e-08	7.963000e-01	4.049633e-26
55	512.614439	2.986358e-11	8.635000e-01	1.753817e-23
55	300.850942	1.860057e-08	9.559000e-01	4.546692e-27
55	30852.150593	1.961317e-08	8.215001e-01	1.599953e-26
55	1357.591730	1.911828e-08	9.349000e-01	9.603086e-27
55	6977.767194	1.944405e-08	8.929000e-01	3.116805e-26
55	429.756333	1.875653e-08	9.517000e-01	8.635494e-27
55	2999.773485	1.929784e-08	9.181000e-01	3.129873e-27
55	512.652764	1.787626e-11	7.921000e-01	8.690709e-23
55	512.551203	4.356644e-11	9.013000e-01	3.385670e-24
55	26882.553163	1.960137e-08	8.299000e-01	1.646489e-26
55	21571.212028	1.958105e-08	8.425000e-01	9.476953e-27
55	2752.811380	1.928051e-08	9.202000e-01	9.190616e-27
55	512.607603	3.157218e-11	8.698000e-01	3.846196e-23
55	144.197310	2.435159e-08	9.769000e-01	8.957132e-12
55	32972.681440	1.961863e-08	8.173001e-01	1.615541e-26
55	35187.029530	1.962382e-08	8.131000e-01	1.187940e-25
55	16978.259023	1.955679e-08	8.551000e-01	2.661976e-26
55	15597.201911	1.954762e-08	8.593000e-01	1.184496e-26
55	6570.887845	1.943501e-08	8.950000e-01	7.119002e-27
55	809.019816	1.897397e-08	9.433000e-01	4.549117e-27
55	6178.319176	1.942552e-08	8.971000e-01	1.948826e-26
55	24133.430706	1.959164e-08	8.362000e-01	3.836871e-26
55	251.104304	1.850436e-08	9.580000e-01	4.088725e-27
55	144.710727	2.979436e-08	9.811000e-01	1.206855e-11
55	512.575483	3.875845e-11	8.908000e-01	2.300228e-23
55	32972.690627	1.961863e-08	8.173000e-01	1.430648e-25
55	929.939113	1.901526e-08	9.412000e-01	1.148914e-26
55	13659.443940	1.953265e-08	8.656000e-01	1.482965e-26
55	3815.630299	1.934387e-08	9.118000e-01	3.846793e-27
55	5084.617501	1.939414e-08	9.034000e-01	1.105372e-26
55	598.781871	1.887747e-08	9.475000e-01	2.515174e-27
55	-1.000000	-1.000000e+00	-1.000000e+00	-1.000000e+00
55	143.742532	1.914927e-08	9.706000e-01	2.845686e-12
55	1061.579212	1.905275e-08	9.391000e-01	2.611539e-27
55	13048.273250	1.952730e-08	8.677000e-01	1.608871e-26
55	511.650780	1.698938e-10	9.664000e-01	4.468623e-25
55	509.990161	4.206222e-10	9.790000e-01	4.662536e-25
55	25944.942909	1.959822e-08	8.320000e-01	4.682848e-26
55	23258.962260	1.958821e-08	8.383000e-01	1.656672e-26
55	5799.874251	1.941558e-08	8.992000e-01	9.720286e-27
55	17696.273389	1.956116e-08	8.530000e-01	1.797083e-26
55	17696.273324	1.956116e-08	8.530000e-01	1.786243e-26
55	25944.942975	1.959822e-08	8.320000e-01	3.298291e-26
55	146.933848	1.790319e-08	9.664000e-01	6.497185e-27
55	54620.921975	2.137602e-08	8.256999e-01	1.000000e-08
55	20757.387824	1.957731e-08	8.446000e-01	2.845449e-26
55	251.104312	1.850436e-08	9.580000e-01	2.971996e-27
55	512.517913	4.960760e-11	9.118000e-01	2.310823e-24
55	146.107393	9.024257e-08	9.937000e-01	1.706030e-11
55	7399.146058	1.945270e-08	8.908000e-01	1.534422e-26
55	511.763940	1.545684e-10	9.643000e-01	6.755811e-25
55	512.517913	4.960760e-11	9.118000e-01	4.998330e-24
55	9730.366331	1.949070e-08	8.803000e-01	3.615099e-26
55	512.342696	7.650579e-11	9.391000e-01	2.176866e-24
55	143.740157	1.789069e-08	9.685000e-01	4.141598e-13
55	16278.650010	1.955228e-08	8.572000e-01	1.055896e-26
55	19963.241755	1.957346e-08	8.467000e-01	1.430496e-26
55	144.986387	3.354991e-08	9.832000e-01	1.334366e-11
55	2084.637363	1.922100e-08	9.265000e-01	1.774626e-27
55	4747.444918	1.938257e-08	9.055000e-01	1.434098e-26
55	54620.921715	2.137602e-08	8.256999e-01	1.000000e-08
55	20757.387463	1.957731e-08	8.446000e-01	9.742633e-26
55	8752.219895	1.947645e-08	8.845000e-01	3.489984e-26
55	34067.975490	1.962125e-08	8.152000e-01	2.865369e-26
55	145.514352	4.484881e-08	9.874000e-01	1.534983e-11
55	15597.202402	1.954762e-08	8.593000e-01	4.203971e-26
55	2084.637360	1.922100e-08	9.265000e-01	5.299545e-27
55	300.850944	1.860057e-08	9.559000e-01	1.875524e-27
55	145.746441	5.390728e-08	9.895000e-01	1.608877e-11
55	13048.272717	1.952730e-08	8.677000e-01	2.714292e-27
55	2999.773424	1.929784e-08	9.181000e-01	9.028784e-27
55	7399.146283	1.945270e-08	8.908000e-01	4.209555e-27
55	18432.940853	1.956539e-08	8.509000e-01	1.969586e-26
55	22404.980326	1.958469e-08	8.404000e-01	3.644697e-26
55	25028.663460	1.959497e-08	8.341000e-01	2.759659e-26
55	12454.095149	1.952176e-08	8.698000e-01	2.548719e-26
55	5435.367548	1.940513e-08	9.013000e-01	1.261908e-26
55	502.336047	1.679780e-09	9.895000e-01	1.147007e-26
55	21571.211627	1.958105e-08	8.425000e-01	3.279598e-26
55	145.514352	4.484881e-08	9.874000e-01	1.534983e-11
55	146.224286	1.358968e-07	9.958000e-01	1.730241e-11
55	512.342696	7.650579e-11	9.391000e-01	1.205188e-24
55	598.781865	1.887747e-08	9.475000e-01	7.066587e-27
55	6178.319475	1.942552e-08	8.971000e-01	3.283106e-27
55	21571.211807	1.958105e-08	8.425000e-01	7.200621e-26
55	511.857437	1.419685e-10	9.622000e-01	8.090573e-25
55	38690.114797	1.963114e-08	8.068000e-01	1.832582e-25
55	512.003477	1.224005e-10	9.580000e-01	1.799337e-24
55	144.986387	3.354991e-08	9.832000e-01	1.334366e-11
55	32972.690991	1.961863e-08	8.173000e-01	2.784652e-25
55	8752.220202	1.947645e-08	8.845000e-01	1.218998e-27
55	512.525487	4.827793e-11	9.097000e-01	7.051442e-24
55	19188.512075	1.956949e-08	8.488000e-01	4.348772e-26
55	45035.427928	1.964226e-08	7.963000e-01	1.069946e-24
55	8752.220147	1.947645e-08	8.845000e-01	3.985622e-26
55	47759.213459	1.964636e-08	7.921000e-01	4.030143e-25
55	5799.874203	1.941558e-08	8.992000e-01	3.069484e-27
55	25944.942656	1.959822e-08	8.320000e-01	1.452623e-26
55	251.104296	1.850436e-08	9.580000e-01	5.615903e-27
55	360.356416	1.868381e-08	9.538000e-01	1.341327e-27
55	42419.186354	1.963796e-08	8.005000e-01	1.930676e-26
55	24133.431136	1.959164e-08	8.362000e-01	4.346831e-27
55	19188.512331	1.956949e-08	8.488000e-01	4.067446e-26
55	5799.874111	1.941558e-08	8.992000e-01	1.428729e-26
55	26882.553432	1.960137e-08	8.299000e-01	1.605302e-26
55	46383.693160	1.964433e-08	7.942000e-01	4.121721e-25
55	9233.549318	1.948372e-08	8.824000e-01	1.896387e-26
55	8752.220301	1.947645e-08	8.845000e-01	2.281205e-26
55	512.545386	4.466194e-11	9.034000e-01	7.514114e-24
55	145.746441	5.390727e-08	9.895000e-01	1.608877e-11
55	1698.215704	1.917363e-08	9.307000e-01	4.414350e-27
55	29826.274488	1.961034e-08	8.236001e-01	6.141280e-26
55	32972.686951	1.961863e-08	8.173000e-01	1.312699e-26
55	13048.273265	1.952730e-08	8.677000e-01	2.429631e-27
55	510.806426	2.881574e-10	9.748000e-01	1.527163e-25
55	9730.366417	1.949070e-08	8.803000e-01	4.331757e-26
55	143.830814	2.060931e-08	9.727000e-01	5.078600e-12
55	17696.273652	1.956116e-08	8.530000e-01	3.648732e-26
55	6178.319249	1.942552e-08	8.971000e-01	3.571916e-26
55	7835.217729	1.946096e-08	8.887000e-01	5.029236e-27
55	16978.259100	1.955679e-08	8.551000e-01	7.818927e-26
55	49162.373950	1.964835e-08	7.900000e-01	2.746083e-19
55	35187.025816	1.962382e-08	8.131001e-01	4.458655e-26
55	145.514352	4.484881e-08	9.874000e-01	1.534983e-11
55	46383.693380	1.964433e-08	7.942000e-01	7.098375e-25
55	511.333117	2.133500e-10	9.706000e-01	2.156040e-25
55	10771.294213	1.950385e-08	8.761000e-01	4.278928e-26
55	21571.211807	1.958105e-08	8.425000e-01	1.445777e-26
55	36330.182993	1.962632e-08	8.110000e-01	1.058138e-25
55	929.939129	1.901526e-08	9.412000e-01	1.821462e-27
55	146.224286	1.358968e-07	9.958000e-01	1.730241e-11
55	143.987929	2.232075e-08	9.748000e-01	7.115011e-12
55	27841.771721	1.960444e-08	8.278000e-01	8.884393e-26
55	512.432537	6.339282e-11	9.286000e-01	5.933356e-25
55	14933.676222	1.954280e-08	8.614000e-01	1.092431e-26
55	145.257878	3.838782e-08	9.853000e-01	1.443616e-11
55	8286.176501	1.946887e-08	8.866000e-01	1.504994e-26
55	11315.825188	1.951004e-08	8.740000e-01	5.530611e-27
55	1357.591820	1.911828e-08	9.349000e-01	1.898592e-26
55	11876.686240	1.951601e-08	8.719000e-01	1.756667e-26
55	8752.220346	1.947645e-08	8.845000e-01	7.631490e-27
55	3815.630325	1.934387e-08	9.118000e-01	2.347435e-27
55	10242.878967	1.949740e-08	8.782000e-01	5.044635e-27
55	2752.811449	1.928051e-08	9.202000e-01	1.174816e-26
55	512.509796	5.100791e-11	9.139000e-01	6.307289e-24
55	26882.553258	1.960137e-08	8.299000e-01	8.677379e-26
55	143.830814	2.060931e-08	9.727000e-01	5.078600e-12
55	5799.873918	1.941558e-08	8.992000e-01	4.499512e-27
55	9233.549133	1.948372e-08	8.824000e-01	7.718290e-27
55	2084.637327	1.922100e-08	9.265000e-01	7.383796e-27
55	31900.853744	1.961593e-08	8.194000e-01	9.916006e-26
55	512.342696	7.650579e-11	9.391000e-01	2.805932e-24
55	144.986387	3.354991e-08	9.832000e-01	1.334366e-11
55	159.040887	1.809888e-08	9.643000e-01	6.037307e-27
55	144.986387	3.354991e-08	9.832000e-01	1.334366e-11
55	929.939167	1.901526e-08	9.412000e-01	3.995249e-27
55	37497.765608	1.962876e-08	8.089000e-01	1.751576e-25
55	146.224286	1.358968e-07	9.958000e-01	1.730241e-11
55	2518.073624	1.926201e-08	9.223000e-01	1.181920e-26
55	512.417567	6.564902e-11	9.307000e-01	2.589631e-24
55	180.339715	1.825883e-08	9.622000e-01	4.523964e-27
55	39907.560244	1.963347e-08	8.047001e-01	4.111182e-26
55	14933.676223	1.954280e-08	8.614000e-01	6.485940e-26
55	512.625543	2.689261e-11	8.509000e-01	2.766742e-23
55	35187.025896	1.962382e-08	8.131001e-01	2.148706e-26
55	512.491720	5.404494e-11	9.181000e-01	1.627203e-24
55	20757.387345	1.957731e-08	8.446000e-01	4.033499e-26
55	43714.047169	1.964013e-08	7.984000e-01	5.889686e-25
55	14933.676313	1.954280e-08	8.614000e-01	4.299683e-26
55	144.197310	2.435159e-08	9.769000e-01	8.957132e-12
55	4113.124917	1.935749e-08	9.097000e-01	1.992604e-26
55	14287.834360	1.953781e-08	8.635000e-01	3.139905e-26
55	16278.649944	1.955228e-08	8.572000e-01	1.728935e-27
55	509.990161	4.206222e-10	9.790000e-01	2.168086e-25
55	25944.942993	1.959821e-08	8.320000e-01	1.630902e-26
55	512.618483	2.881230e-11	8.593000e-01	1.162269e-23
55	49162.371572	1.964835e-08	7.900000e-01	5.574031e-19
55	37497.767802	1.962876e-08	8.089000e-01	1.504269e-25
55	30852.158186	1.961317e-08	8.215000e-01	1.265673e-25
55	34067.966423	1.962125e-08	8.152001e-01	1.343325e-25
55	26882.553360	1.960137e-08	8.299000e-01	5.656396e-26
55	49162.372191	1.964835e-08	7.900000e-01	3.098489e-19
55	20757.387735	1.957731e-08	8.446000e-01	3.101910e-26
55	10771.294497	1.950385e-08	8.761000e-01	1.245846e-26
55	210.980044	1.839193e-08	9.601000e-01	2.882653e-27
55	143.740157	1.789070e-08	9.685000e-01	4.141608e-13
55	18432.941120	1.956539e-08	8.509000e-01	8.876674e-26
55	509.186110	1.882060e-08	9.496000e-01	1.583963e-26
55	24133.431075	1.959164e-08	8.362000e-01	6.354638e-26
55	16278.649920	1.955228e-08	8.572000e-01	2.758600e-27
55	598.781934	1.887747e-08	9.475000e-01	4.366153e-27
55	159.040884	1.809888e-08	9.643000e-01	1.010200e-26
55	2518.073833	1.926201e-08	9.223000e-01	1.702171e-27
55	41150.474348	1.963574e-08	8.026000e-01	5.238188e-25
55	143.987929	2.232075e-08	9.748000e-01	7.115011e-12
55	698.680480	1.892829e-08	9.454000e-01	1.166790e-26
55	-1.000000	-1.000000e+00	-1.000000e+00	-1.000000e+00
55	-1.000000	-1.000000e+00	-1.000000e+00	-1.000000e+00
55	42419.186195	1.963796e-08	8.005000e-01	4.364254e-25
55	360.356412	1.868381e-08	9.538000e-01	2.214861e-27
55	809.019790	1.897397e-08	9.433000e-01	1.060958e-26
55	47759.213410	1.964636e-08	7.921000e-01	6.566638e-25
55	7835.217907	1.946096e-08	8.887000e-01	1.446590e-26
55	8752.219903	1.947645e-08	8.845000e-01	1.861788e-26
55	13659.443743	1.953265e-08	8.656000e-01	5.880523e-26
55	144.197310	2.435159e-08	9.769000e-01	8.957132e-12
55	10771.294348	1.950385e-08	8.761000e-01	1.610730e-26
55	145.514352	4.484881e-08	9.874000e-01	1.534983e-11
55	45035.426908	1.964226e-08	7.963000e-01	2.681310e-25
55	144.197310	2.435159e-08	9.769000e-01	8.957133e-12
55	34067.975901	1.962125e-08	8.152000e-01	7.777171e-26
55	8286.176633	1.946887e-08	8.866000e-01	1.372592e-26
55	144.197310	2.435159e-08	9.769000e-01	8.957133e-12
55	26882.552997	1.960137e-08	8.299000e-01	1.859196e-26
55	17696.273734	1.956116e-08	8.530000e-01	1.372916e-26
55	46383.692850	1.964433e-08	7.942000e-01	7.028345e-25
55	929.939160	1.901526e-08	9.412000e-01	1.408545e-27
55	23258.962195	1.958821e-08	8.383000e-01	5.119805e-26
55	18432.940720	1.956539e-08	8.509000e-01	2.405172e-28
55	1885.626380	1.919820e-08	9.286000e-01	1.560069e-27
55	27841.770809	1.960444e-08	8.278000e-01	1.566763e-25
55	3531.018501	1.932943e-08	9.139000e-01	6.803141e-27
55	698.680467	1.892829e-08	9.454000e-01	3.225395e-27
55	20757.387539	1.957731e-08	8.446000e-01	1.794527e-26
55	429.756300	1.875653e-08	9.517000e-01	3.099436e-27
55	34067.970083	1.962125e-08	8.152000e-01	1.926539e-26
55	4423.672199	1.937037e-08	9.076000e-01	1.267489e-26
55	511.510709	1.889709e-10	9.685000e-01	3.519707e-25
55	2084.637380	1.922100e-08	9.265000e-01	2.540663e-27
55	5435.367657	1.940513e-08	9.013000e-01	1.208876e-26
55	698.680435	1.892829e-08	9.454000e-01	7.254912e-27
55	5084.617525	1.939414e-08	9.034000e-01	2.621877e-27
55	145.514352	4.484881e-08	9.874000e-01	1.534983e-11
55	507.933556	8.111566e-10	9.853000e-01	1.492368e-25
55	146.107393	9.024256e-08	9.937000e-01	1.706030e-11
55	10242.878678	1.949740e-08	8.782000e-01	1.049847e-26
55	25944.942528	1.959822e-08	8.320000e-01	6.954716e-26
55	809.019847	1.897397e-08	9.433000e-01	1.872719e-27
55	145.746441	5.390727e-08	9.895000e-01	1.608877e-11
55	10771.294041	1.950385e-08	8.761000e-01	2.223038e-26
55	6570.888235	1.943501e-08	8.950000e-01	3.234053e-26
55	13659.443378	1.953265e-08	8.656000e-01	2.328158e-26
55	502.336047	1.679780e-09	9.895000e-01	3.104666e-26
55	1522.253858	1.914707e-08	9.328000e-01	1.890765e-26
55	598.781866	1.887747e-08	9.475000e-01	9.788478e-27
55	8752.219975	1.947645e-08	8.845000e-01	1.079336e-26
55	251.104304	1.850436e-08	9.580000e-01	4.202502e-27
55	512.545386	4.466193e-11	9.034000e-01	1.506639e-23
55	11315.825404	1.951004e-08	8.740000e-01	3.131827e-27
55	25028.664046	1.959497e-08	8.341000e-01	2.475407e-26
55	35187.026557	1.962382e-08	8.131001e-01	4.909792e-27
55	146.933850	1.790319e-08	9.664000e-01	2.077397e-26
55	145.946272	6.751537e-08	9.916000e-01	1.665737e-11
55	929.939123	1.901526e-08	9.412000e-01	6.723020e-27
55	9233.549248	1.948372e-08	8.824000e-01	4.846549e-26
55	-1.000000	-1.000000e+00	-1.000000e+00	-1.000000e+00
55	512.509796	5.100791e-11	9.139000e-01	1.804016e-24
55	20757.387515	1.957731e-08	8.446000e-01	1.901026e-26
55	512.637615	2.329198e-11	8.320000e-01	2.716723e-23
55	37497.825160	1.962875e-08	8.088999e-01	1.305223e-25
55	49162.374363	1.964835e-08	7.900000e-01	2.463353e-19
55	2999.773579	1.929784e-08	9.181000e-01	1.989704e-27
55	5799.873864	1.941558e-08	8.992000e-01	2.257927e-27
55	54620.920742	2.137602e-08	8.256999e-01	1.000000e-08
55	146.287394	2.754395e-07	9.979001e-01	1.738874e-11
55	6178.319199	1.942552e-08	8.971000e-01	1.801260e-26
55	2518.073827	1.926201e-08	9.223000e-01	4.283663e-27
55	39907.553672	1.963347e-08	8.047001e-01	5.851622e-25
55	3259.121467	1.931412e-08	9.160000e-01	7.655184e-27
55	32972.685185	1.961863e-08	8.173000e-01	1.123803e-25
55	2295.401419	1.924222e-08	9.244000e-01	3.309013e-27
55	3815.630466	1.934387e-08	9.118000e-01	8.349183e-27
55	511.650780	1.698939e-10	9.664000e-01	2.043526e-26
55	62672.654187	2.385268e-08	8.677000e-01	1.000000e-08
55	509.475237	5.171155e-10	9.811000e-01	1.122418e-25
55	30852.157883	1.961317e-08	8.215000e-01	1.334249e-25
55	3259.121323	1.931412e-08	9.160000e-01	1.681682e-27
55	5435.367356	1.940513e-08	9.013000e-01	1.130292e-27
55	7399.146077	1.945270e-08	8.908000e-01	9.966866e-27
55	509.475237	5.171155e-10	9.811000e-01	8.255141e-26
55	46383.693193	1.964433e-08	7.942000e-01	6.806264e-25
55	8752.220335	1.947645e-08	8.845000e-01	1.417675e-26
55	43714.047764	1.964013e-08	7.984000e-01	3.146771e-25
55	509.186119	1.882060e-08	9.496000e-01	1.837436e-27
55	143.740157	1.789070e-08	9.685000e-01	4.141601e-13
55	509.186156	1.882060e-08	9.496000e-01	3.517969e-28
55	15597.202002	1.954762e-08	8.593000e-01	1.045499e-26
55	25028.663811	1.959497e-08	8.341000e-01	1.300833e-26
55	31900.853473	1.961593e-08	8.194000e-01	2.400691e-25
55	146.933851	1.790319e-08	9.664000e-01	3.048171e-26
55	10771.294534	1.950385e-08	8.761000e-01	2.827702e-26
55	143.987929	2.232075e-08	9.748000e-01	7.115011e-12
55	14287.834900	1.953781e-08	8.635000e-01	3.999307e-26
55	143.742532	1.914927e-08	9.706000e-01	2.845685e-12
55	36330.183250	1.962631e-08	8.110000e-01	5.722090e-26
55	38690.113674	1.963114e-08	8.068000e-01	2.033519e-25
55	180.339704	1.825883e-08	9.622000e-01	3.719767e-27
55	145.946272	6.751537e-08	9.916000e-01	1.665737e-11
55	512.525487	4.827793e-11	9.097000e-01	5.517371e-24
55	512.061741	1.146200e-10	9.559000e-01	1.329927e-24
55	20757.387479	1.957731e-08	8.446000e-01	3.306501e-26
55	36330.182648	1.962631e-08	8.110000e-01	9.285138e-26
55	10242.878932	1.949740e-08	8.782000e-01	4.139968e-26
55	41150.469438	1.963574e-08	8.026000e-01	6.756777e-26
55	144.443170	2.679698e-08	9.790000e-01	1.060740e-11
55	511.103571	2.453452e-10	9.727000e-01	2.609382e-26
55	2518.073696	1.926201e-08	9.223000e-01	1.780108e-26
55	512.112672	1.078177e-10	9.538000e-01	1.443979e-24
55	143.742532	1.914927e-08	9.706000e-01	2.845685e-12
55	143.830814	2.060931e-08	9.727000e-01	5.078600e-12
55	22404.980141	1.958469e-08	8.404000e-01	6.728361e-26
55	6178.319215	1.942552e-08	8.971000e-01	1.524788e-26
55	512.446315	6.128272e-11	9.265000e-01	2.677719e-25
55	512.638704	2.294238e-11	8.299000e-01	1.627658e-22
55	11315.825426	1.951004e-08	8.740000e-01	2.695791e-26
55	30852.154069	1.961317e-08	8.215000e-01	1.009316e-26
55	25944.942821	1.959822e-08	8.320000e-01	5.295149e-26
55	63586.624881	2.413359e-08	8.719000e-01	1.000000e-08
55	7835.217742	1.946096e-08	8.887000e-01	6.613955e-27
55	41150.465894	1.963574e-08	8.026001e-01	1.317441e-26
55	42419.186860	1.963796e-08	8.005000e-01	1.534255e-25
55	146.933851	1.790319e-08	9.664000e-01	6.187858e-27
55	16978.258937	1.955679e-08	8.551000e-01	1.273306e-26
55	143.742532	1.914927e-08	9.706000e-01	2.845686e-12
55	14287.834932	1.953781e-08	8.635000e-01	1.528075e-26
55	63586.624682	2.413359e-08	8.719000e-01	1.000000e-08
55	512.648327	1.960710e-11	8.068000e-01	3.348824e-23
55	20757.387363	1.957731e-08	8.446000e-01	4.671628e-27
55	144.710727	2.979436e-08	9.811000e-01	1.206855e-11
55	35187.027521	1.962382e-08	8.131000e-01	8.762810e-26
55	54620.920278	2.137602e-08	8.256999e-01	1.000000e-08
55	13659.443793	1.953265e-08	8.656000e-01	8.504053e-26
55	360.356430	1.868381e-08	9.538000e-01	3.321414e-27
55	144.443170	2.679699e-08	9.790000e-01	1.060740e-11
55	809.019839	1.897397e-08	9.433000e-01	8.998381e-27
55	698.680524	1.892829e-08	9.454000e-01	2.845408e-27
55	509.186110	1.882060e-08	9.496000e-01	4.943833e-28
55	8286.176437	1.946887e-08	8.866000e-01	3.518953e-26
55	36330.181752	1.962632e-08	8.110001e-01	5.170182e-25
55	38690.118653	1.963114e-08	8.068000e-01	6.153015e-25
55	20757.387737	1.957731e-08	8.446000e-01	5.875499e-26
55	94474.820945	3.557730e-08	9.769000e-01	1.000000e-08
55	43714.047840	1.964013e-08	7.984000e-01	2.220512e-25
55	14933.676162	1.954280e-08	8.614000e-01	7.159934e-27
55	512.556666	4.251962e-11	8.992000e-01	2.947602e-24
55	7399.146283	1.945270e-08	8.908000e-01	7.709815e-27
55	10771.294372	1.950385e-08	8.761000e-01	2.918975e-26
55	6178.319249	1.942552e-08	8.971000e-01	1.182472e-26
55	512.432537	6.339282e-11	9.286000e-01	2.915267e-24
55	13659.443655	1.953265e-08	8.656000e-01	7.196855e-27
55	512.383484	7.066792e-11	9.349000e-01	2.600599e-24
55	512.635305	2.401866e-11	8.362000e-01	4.115333e-24
55	512.264699	8.732965e-11	9.454000e-01	4.365602e-25
55	2084.637266	1.922100e-08	9.265000e-01	2.453324e-27
55	429.756299	1.875653e-08	9.517000e-01	1.944864e-27
55	6570.888259	1.943501e-08	8.950000e-01	2.902971e-26
55	598.781858	1.887747e-08	9.475000e-01	2.198147e-27
55	38690.115511	1.963114e-08	8.068000e-01	6.174305e-27
55	19188.512055	1.956949e-08	8.488000e-01	4.675913e-26
55	512.625543	2.689261e-11	8.509000e-01	5.649888e-24
55	1204.082062	1.908695e-08	9.370000e-01	2.949636e-28
55	20757.387582	1.957731e-08	8.446000e-01	1.183181e-25
55	19188.512262	1.956948e-08	8.488000e-01	9.767246e-27
55	35187.024507	1.962382e-08	8.131001e-01	2.097557e-26
55	32972.689814	1.961863e-08	8.173000e-01	2.429722e-26
55	39907.547874	1.963347e-08	8.047001e-01	1.308746e-24
55	1061.579238	1.905275e-08	9.391000e-01	4.414520e-27
55	18432.941127	1.956539e-08	8.509000e-01	1.361189e-26
55	300.850931	1.860057e-08	9.559000e-01	5.430997e-28
55	159.040881	1.809888e-08	9.643000e-01	7.876982e-28
55	6570.887862	1.943501e-08	8.950000e-01	7.229748e-27
55	512.517913	4.960760e-11	9.118000e-01	8.184677e-25
55	9730.366444	1.949070e-08	8.803000e-01	3.582247e-27
55	2752.811401	1.928051e-08	9.202000e-01	2.391614e-28
55	47759.213510	1.964636e-08	7.921000e-01	3.062748e-24
55	34067.972702	1.962125e-08	8.152000e-01	6.135710e-25
55	6977.767100	1.944405e-08	8.929000e-01	1.121848e-26
55	49162.370228	1.964835e-08	7.900000e-01	2.903112e-20
55	54620.921089	2.137602e-08	8.256999e-01	1.000000e-08
55	1204.082115	1.908695e-08	9.370000e-01	3.253442e-27
55	7835.217495	1.946096e-08	8.887000e-01	4.951127e-27
55	1698.215552	1.917363e-08	9.307000e-01	4.704649e-27
55	46383.692421	1.964433e-08	7.942000e-01	7.449797e-25
55	16278.649894	1.955228e-08	8.572000e-01	2.602802e-26
55	29826.275962	1.961034e-08	8.236001e-01	7.080184e-26
55	143.740157	1.789070e-08	9.685000e-01	4.141600e-13
55	145.257878	3.838782e-08	9.853000e-01	1.443616e-11
55	2295.401465	1.924222e-08	9.244000e-01	3.866180e-27
55	4113.124961	1.935749e-08	9.097000e-01	6.720741e-27
55	6570.887948	1.943501e-08	8.950000e-01	5.733142e-27
55	20757.387845	1.957731e-08	8.446000e-01	1.941598e-26
55	42419.186920	1.963796e-08	8.005000e-01	1.732849e-25
55	32972.688854	1.961863e-08	8.173000e-01	1.645080e-25
55	18432.941073	1.956539e-08	8.509000e-01	1.590838e-26
55	29826.279853	1.961034e-08	8.236000e-01	9.208738e-26
55	146.933849	1.790319e-08	9.664000e-01	1.350061e-26
55	145.946272	6.751537e-08	9.916000e-01	1.665737e-11
55	24133.430718	1.959164e-08	8.362000e-01	2.350113e-26
55	143.830814	2.060931e-08	9.727000e-01	5.078600e-12
55	300.850968	1.860057e-08	9.559000e-01	3.881683e-27
55	429.756277	1.875653e-08	9.517000e-01	1.974929e-27
55	93673.534488	3.517094e-08	9.748000e-01	1.000000e-08
55	2084.637465	1.922100e-08	9.265000e-01	8.193808e-27
55	512.539184	4.580966e-11	9.055000e-01	4.212511e-24
55	809.019864	1.897397e-08	9.433000e-01	4.169054e-28
55	929.939216	1.901526e-08	9.412000e-01	1.206460e-27
55	35187.025879	1.962382e-08	8.131001e-01	3.496405e-26
55	8752.220120	1.947645e-08	8.845000e-01	1.382536e-26
55	929.939122	1.901526e-08	9.412000e-01	4.612891e-28
55	35187.024674	1.962382e-08	8.131001e-01	2.546887e-25
55	17696.273357	1.956116e-08	8.530000e-01	2.943241e-26
55	180.339714	1.825883e-08	9.622000e-01	2.733281e-27
55	14933.676343	1.954280e-08	8.614000e-01	4.571810e-26
55	511.103571	2.453452e-10	9.727000e-01	1.071222e-25
55	598.781889	1.887747e-08	9.475000e-01	1.596948e-27
55	28822.923445	1.960743e-08	8.257000e-01	1.191434e-25
55	7835.217877	1.946096e-08	8.887000e-01	8.260769e-27
55	2752.811377	1.928051e-08	9.202000e-01	2.701612e-27
55	19963.241458	1.957346e-08	8.467000e-01	1.888336e-26
55	146.287394	2.754395e-07	9.979001e-01	1.738874e-11
55	19188.512052	1.956949e-08	8.488000e-01	6.846586e-26
55	8752.220082	1.947645e-08	8.845000e-01	3.292525e-26
55	46383.693869	1.964433e-08	7.942000e-01	6.498259e-25
55	512.432537	6.339282e-11	9.286000e-01	3.294084e-24
55	34067.973715	1.962125e-08	8.152000e-01	1.651568e-25
55	36330.186920	1.962632e-08	8.110000e-01	4.410627e-25
55	7399.146039	1.945270e-08	8.908000e-01	7.494528e-27
55	512.639751	2.260149e-11	8.278000e-01	2.198399e-22
55	146.224286	1.358967e-07	9.958000e-01	1.730241e-11
55	22404.980365	1.958469e-08	8.404000e-01	1.209207e-26
55	20757.387480	1.957731e-08	8.446000e-01	1.916762e-26
55	159.040885	1.809888e-08	9.643000e-01	7.402744e-27
55	512.614439	2.986358e-11	8.635000e-01	1.906042e-23
55	8286.176462	1.946887e-08	8.866000e-01	1.540588e-26
55	22404.979908	1.958469e-08	8.404000e-01	4.097791e-26
55	145.514352	4.484881e-08	9.874000e-01	1.534983e-11
55	18432.940983	1.956539e-08	8.509000e-01	3.360425e-26
55	144.986387	3.354991e-08	9.832000e-01	1.334366e-11
55	19188.512157	1.956949e-08	8.488000e-01	3.536176e-26
55	-1.000000	-1.000000e+00	-1.000000e+00	-1.000000e+00
55	49162.370949	1.964835e-08	7.900000e-01	7.270400e-20
55	429.756332	1.875653e-08	9.517000e-01	5.624180e-28
55	512.622172	2.782382e-11	8.551000e-01	3.006347e-23
55	507.933556	8.111566e-10	9.853000e-01	7.193779e-26
55	46383.693033	1.964433e-08	7.942000e-01	1.186306e-25
55	143.740157	1.789070e-08	9.685000e-01	4.141607e-13
55	35187.027358	1.962382e-08	8.131000e-01	1.559108e-25
55	598.781892	1.887747e-08	9.475000e-01	5.534399e-27
55	145.946272	6.751537e-08	9.916000e-01	1.665737e-11
55	145.946272	6.751537e-08	9.916000e-01	1.665737e-11
55	251.104291	1.850436e-08	9.580000e-01	1.210617e-26
55	509.186094	1.882060e-08	9.496000e-01	2.523979e-28
55	210.980044	1.839193e-08	9.601000e-01	5.420304e-28
55	6570.888155	1.943501e-08	8.950000e-01	6.545713e-27
55	7399.145949	1.945270e-08	8.908000e-01	3.691936e-27
55	143.987929	2.232075e-08	9.748000e-01	7.115010e-12
55	146.933850	1.790319e-08	9.664000e-01	3.823274e-27
55	14933.676282	1.954280e-08	8.614000e-01	8.499814e-26
55	3531.018340	1.932943e-08	9.139000e-01	3.800634e-27
55	512.517913	4.960760e-11	9.118000e-01	1.078935e-23
55	4747.444919	1.938257e-08	9.055000e-01	1.895581e-26
55	509.186094	1.882060e-08	9.496000e-01	5.201099e-28
55	3815.630215	1.934387e-08	9.118000e-01	2.209429e-26
55	143.742532	1.914927e-08	9.706000e-01	2.845686e-12
55	38690.108168	1.963114e-08	8.068001e-01	1.053798e-24
55	146.224286	1.358967e-07	9.958000e-01	1.730241e-11
55	43714.047419	1.964013e-08	7.984000e-01	2.540471e-25
55	512.539184	4.580966e-11	9.055000e-01	4.668574e-24
55	7399.146321	1.945270e-08	8.908000e-01	1.101709e-26
55	36330.184548	1.962632e-08	8.110000e-01	1.334574e-25
55	5435.367426	1.940513e-08	9.013000e-01	1.249943e-26
55	19963.241524	1.957346e-08	8.467000e-01	4.275048e-26
55	35187.028900	1.962382e-08	8.131000e-01	6.122379e-26
55	14287.834158	1.953781e-08	8.635000e-01	7.786167e-26
55	146.107393	9.024256e-08	9.937000e-01	1.706030e-11
55	7835.217754	1.946096e-08	8.887000e-01	1.719520e-26
55	22404.980209	1.958469e-08	8.404000e-01	2.657958e-26
55	12454.095355	1.952176e-08	8.698000e-01	3.623317e-26
55	54620.921255	2.137602e-08	8.256999e-01	1.000000e-08
55	512.525487	4.827793e-11	9.097000e-01	3.875975e-25
55	3815.630270	1.934387e-08	9.118000e-01	2.807829e-27
55	146.224286	1.358968e-07	9.958000e-01	1.730241e-11
55	38690.113144	1.963114e-08	8.068000e-01	4.338076e-26
55	512.364030	7.347189e-11	9.370000e-01	1.761493e-25
55	14933.676473	1.954280e-08	8.614000e-01	2.035829e-26
55	49162.371311	1.964835e-08	7.900000e-01	2.294286e-20
55	38690.107145	1.963114e-08	8.068001e-01	2.855743e-25
55	144.443170	2.679698e-08	9.790000e-01	1.060740e-11
55	15597.201910	1.954762e-08	8.593000e-01	9.375508e-26
55	49162.374053	1.964835e-08	7.900000e-01	1.214791e-18
55	9233.548919	1.948372e-08	8.824000e-01	4.309673e-26
55	22404.980375	1.958469e-08	8.404000e-01	4.944601e-26
55	1885.626441	1.919820e-08	9.286000e-01	7.351783e-27
55	360.356418	1.868381e-08	9.538000e-01	4.167742e-27
55	49162.370121	1.964835e-08	7.900000e-01	1.396691e-19
55	11315.825351	1.951004e-08	8.740000e-01	2.229753e-26
55	512.579537	3.791171e-11	8.887000e-01	4.686413e-24
55	300.850974	1.860057e-08	9.559000e-01	3.594630e-28
55	144.710727	2.979436e-08	9.811000e-01	1.206855e-11
55	14287.834360	1.953781e-08	8.635000e-01	1.046056e-26
55	1204.082001	1.908695e-08	9.370000e-01	2.256062e-26
55	5799.874015	1.941558e-08	8.992000e-01	3.181721e-27
55	37497.767910	1.962876e-08	8.089000e-01	1.701072e-25
55	5799.873972	1.941558e-08	8.992000e-01	2.218552e-26
55	1522.253775	1.914707e-08	9.328000e-01	1.284361e-26
55	41150.466339	1.963574e-08	8.026001e-01	2.612246e-25
55	512.491720	5.404494e-11	9.181000e-01	3.760606e-24
55	3815.630488	1.934387e-08	9.118000e-01	6.277647e-27
55	63586.624811	2.413359e-08	8.719000e-01	1.000000e-08
55	25944.943067	1.959822e-08	8.320000e-01	1.672513e-26
55	512.517913	4.960760e-11	9.118000e-01	1.788309e-24
55	2084.637394	1.922100e-08	9.265000e-01	1.489937e-26
55	512.609993	3.098392e-11	8.677000e-01	9.297663e-24
55	13659.443348	1.953265e-08	8.656000e-01	3.730380e-27
55	17696.273485	1.956116e-08	8.530000e-01	6.189903e-26
55	4747.444891	1.938257e-08	9.055000e-01	3.977452e-27
55	2999.773471	1.929784e-08	9.181000e-01	6.719091e-27
55	36330.184459	1.962632e-08	8.110000e-01	2.477716e-25
55	11876.686431	1.951601e-08	8.719000e-01	3.370335e-26
55	143.742532	1.914927e-08	9.706000e-01	2.845685e-12
55	146.287394	2.754393e-07	9.979001e-01	1.738874e-11
55	20757.387423	1.957731e-08	8.446000e-01	5.018755e-26
55	144.710727	2.979436e-08	9.811000e-01	1.206855e-11
55	37497.758268	1.962876e-08	8.089001e-01	6.174348e-26
55	2752.811401	1.928051e-08	9.202000e-01	1.761810e-27
55	6178.319447	1.942552e-08	8.971000e-01	9.628347e-27
55	1698.215661	1.917363e-08	9.307000e-01	3.459445e-27
55	41150.466625	1.963574e-08	8.026001e-01	7.047753e-26
55	146.287394	2.754393e-07	9.979001e-01	1.738874e-11
55	509.475237	5.171155e-10	9.811000e-01	6.375169e-26
55	29826.276479	1.961034e-08	8.236001e-01	7.546596e-27
55	145.946272	6.751538e-08	9.916000e-01	1.665737e-11
55	16278.649963	1.955228e-08	8.572000e-01	7.962645e-26
55	144.197310	2.435159e-08	9.769000e-01	8.957132e-12
55	512.432537	6.339282e-11	9.286000e-01	3.683794e-24
55	14287.834731	1.953781e-08	8.635000e-01	1.966893e-26
55	4747.444871	1.938257e-08	9.055000e-01	2.210607e-26
55	511.763940	1.545684e-10	9.643000e-01	2.724802e-25
55	511.857437	1.419685e-10	9.622000e-01	6.030601e-25
55	10242.879082	1.949740e-08	8.782000e-01	1.402582e-26
55	300.850952	1.860057e-08	9.559000e-01	8.960752e-28
55	4113.125009	1.935749e-08	9.097000e-01	5.376350e-27
55	11876.686272	1.951601e-08	8.719000e-01	1.325299e-26
55	2295.401428	1.924222e-08	9.244000e-01	1.407788e-26
55	1522.253822	1.914707e-08	9.328000e-01	5.679653e-27
55	146.933848	1.790319e-08	9.664000e-01	1.207875e-26
55	512.383484	7.066792e-11	9.349000e-01	2.513488e-24
55	159.040876	1.809888e-08	9.643000e-01	3.767117e-27
55	11315.825194	1.951004e-08	8.740000e-01	4.026117e-26
55	251.104297	1.850436e-08	9.580000e-01	7.033557e-27
55	13048.272928	1.952730e-08	8.677000e-01	2.421328e-26
55	2084.637447	1.922100e-08	9.265000e-01	1.728112e-26
55	12454.095445	1.952176e-08	8.698000e-01	2.924877e-26
55	47759.210566	1.964636e-08	7.921000e-01	2.748205e-24
55	31900.857325	1.961593e-08	8.194000e-01	1.092535e-25
55	11315.825357	1.951004e-08	8.740000e-01	1.145523e-26
55	511.857437	1.419685e-10	9.622000e-01	5.302940e-25
55	3531.018565	1.932943e-08	9.139000e-01	1.440349e-26
55	429.756307	1.875653e-08	9.517000e-01	8.052327e-27
55	14287.834710	1.953781e-08	8.635000e-01	2.649503e-26
55	512.625543	2.689261e-11	8.509000e-01	2.372494e-24
55	598.781918	1.887747e-08	9.475000e-01	2.547890e-27
55	512.401269	6.806771e-11	9.328000e-01	2.750815e-24
55	8286.176257	1.946887e-08	8.866000e-01	3.155754e-27
55	8286.176481	1.946887e-08	8.866000e-01	1.677534e-27
55	143.740157	1.789070e-08	9.685000e-01	4.141601e-13
55	6178.319409	1.942552e-08	8.971000e-01	2.582626e-26
55	7835.217482	1.946096e-08	8.887000e-01	3.277012e-27
55	36330.182026	1.962632e-08	8.110000e-01	9.736007e-26
55	512.632800	2.478446e-11	8.404000e-01	1.850398e-23
55	210.980023	1.839193e-08	9.601000e-01	1.844751e-27
55	3531.018493	1.932943e-08	9.139000e-01	1.511618e-26
55	-1.000000	-1.000000e+00	-1.000000e+00	-1.000000e+00
55	512.566635	4.055934e-11	8.950000e-01	6.811856e-24
55	1698.215550	1.917363e-08	9.307000e-01	1.304816e-27
55	144.443170	2.679698e-08	9.790000e-01	1.060740e-11
55	5435.367570	1.940513e-08	9.013000e-01	1.063330e-26
