40	11983.646626	8.902628e-09	7.340000e-01	1.210460e-25
40	1209.346385	1.366515e-08	9.090000e-01	6.835229e-11
40	1313.516589	8.552346e-09	8.390000e-01	1.304465e-26
40	3946.054917	2.876292e-10	7.830000e-01	8.794558e-26
40	1683.181103	8.640328e-09	8.250000e-01	1.503886e-26
40	1234.835840	9.396941e-08	9.860000e-01	9.564922e-11
40	1214.378458	1.552890e-08	9.195000e-01	7.655208e-11
40	1195.089232	1.034501e-08	8.810000e-01	3.910956e-11
40	18945.196365	8.939994e-09	7.060000e-01	1.701141e-26
40	1226.883062	2.603088e-08	9.510000e-01	9.233690e-11
40	1227.982678	2.810721e-08	9.545000e-01	9.330068e-11
40	2987.513013	8.747849e-09	8.005000e-01	4.144787e-26
40	41010.652217	8.992092e-09	6.500000e-01	8.733960e-10
40	1966.187491	8.675937e-09	8.180000e-01	1.722020e-26
40	16988.818405	8.931568e-09	7.130000e-01	1.793471e-26
40	18945.196480	8.939994e-09	7.060000e-01	3.301103e-26
40	3884.367605	5.677122e-10	8.355000e-01	1.743411e-25
40	3971.158857	1.804808e-10	7.375000e-01	1.372040e-24
40	3951.654821	2.646899e-10	7.760000e-01	3.564338e-25
40	1221.873218	2.004982e-08	9.370000e-01	8.693002e-11
40	11266.091463	8.897182e-09	7.375000e-01	2.128562e-27
40	1209.346386	1.366515e-08	9.090000e-01	6.835229e-11
40	6118.567410	8.837347e-09	7.690000e-01	4.543316e-26
40	1234.359143	7.488458e-08	9.825000e-01	9.590253e-11
40	21058.389110	8.947904e-09	6.990000e-01	1.020158e-25
40	3980.929823	1.296262e-10	6.920000e-01	4.566403e-24
40	1229.018014	3.053222e-08	9.580000e-01	9.411438e-11
40	3939.706385	3.136393e-10	7.900000e-01	4.056682e-26
40	1223.213981	2.127851e-08	9.405000e-01	8.851880e-11
40	41010.653545	8.992092e-09	6.570001e-01	8.992092e-09
40	1232.490039	4.633720e-08	9.720000e-01	9.593451e-11
40	1224.497067	2.266269e-08	9.440000e-01	8.994826e-11
40	1198.632802	1.101303e-08	8.880000e-01	4.744998e-11
40	1209.346386	1.366515e-08	9.090000e-01	6.835229e-11
40	24540.640805	8.958900e-09	6.885000e-01	1.341868e-25
40	3834.143284	8.782232e-09	7.900000e-01	1.364695e-26
40	1205.831267	1.265013e-08	9.020000e-01	6.205680e-11
40	9923.528672	8.885666e-09	7.445000e-01	4.196687e-26
40	1214.378458	1.552890e-08	9.195000e-01	7.655208e-11
40	1235.543789	1.902294e-07	9.930000e-01	9.480730e-11
40	1313.516585	8.552346e-09	8.390000e-01	5.697960e-27
40	1966.187470	8.675937e-09	8.180000e-01	1.156191e-26
40	1966.187476	8.675937e-09	8.180000e-01	1.405742e-26
40	1259.680240	8.525869e-09	8.425000e-01	1.506381e-26
40	10579.645708	8.891532e-09	7.410000e-01	1.993748e-26
40	4158.322787	8.792557e-09	7.865000e-01	8.161625e-26
40	1235.673115	3.904778e-07	9.965001e-01	9.422821e-11
40	2319.125742	8.707285e-09	8.110000e-01	1.202290e-26
40	1212.739163	1.485459e-08	9.160000e-01	7.398413e-11
40	1204.041669	1.219679e-08	8.985000e-01	5.865880e-11
40	2745.565497	8.735092e-09	8.040000e-01	5.118032e-26
40	3983.091885	1.164876e-10	6.745000e-01	1.041498e-24
40	16066.948750	8.927145e-09	7.165000e-01	2.364860e-26
40	1966.187523	8.675937e-09	8.180000e-01	4.098622e-27
40	1966.187474	8.675937e-09	8.180000e-01	1.942211e-26
40	1235.543789	1.902294e-07	9.930000e-01	9.480730e-11
40	1229.018014	3.053222e-08	9.580000e-01	9.411439e-11
40	15181.352022	8.922573e-09	7.200000e-01	6.752368e-26
40	1184.784311	8.547800e-09	8.565000e-01	3.729041e-12
40	1204.041668	1.219679e-08	8.985000e-01	5.865879e-11
40	37535.516382	8.986760e-09	6.570000e-01	1.155276e-24
40	1212.739163	1.485459e-08	9.160000e-01	7.398413e-11
40	7071.977393	8.852612e-09	7.620000e-01	4.521171e-27
40	3977.405974	1.492830e-10	7.130000e-01	2.998501e-24
40	1229.018014	3.053222e-08	9.580000e-01	9.411439e-11
40	3981.408592	1.267976e-10	6.885000e-01	1.652610e-23
40	2745.565443	8.735092e-09	8.040000e-01	7.924777e-27
40	5679.355233	8.829197e-09	7.725000e-01	4.848961e-26
40	37535.521750	8.986760e-09	6.570000e-01	9.016055e-26
40	1225.720660	2.423349e-08	9.475000e-01	9.122025e-11
40	2319.125704	8.707285e-09	8.110000e-01	1.661355e-26
40	3969.985700	1.859736e-10	7.410000e-01	2.044606e-24
40	1966.187520	8.675937e-09	8.180000e-01	1.115088e-26
40	7587.449570	8.859771e-09	7.585000e-01	1.174556e-25
40	1202.239805	1.177477e-08	8.950000e-01	5.509271e-11
40	3920.898850	3.929927e-10	8.075000e-01	2.656554e-25
40	35883.822323	8.983989e-09	6.605000e-01	3.161386e-25
40	3958.694035	2.354804e-10	7.655000e-01	7.827936e-25
40	1223.213981	2.127851e-08	9.405000e-01	8.851880e-11
40	1235.673115	3.904778e-07	9.965001e-01	9.422821e-11
40	1205.831267	1.265013e-08	9.020000e-01	6.205680e-11
40	1196.847369	1.066836e-08	8.845000e-01	4.336865e-11
40	32744.614711	8.978224e-09	6.675000e-01	6.120686e-25
40	1816.159172	8.658716e-09	8.215000e-01	8.308013e-27
40	7071.976874	8.852612e-09	7.620000e-01	3.197064e-26
40	4158.323107	8.792557e-09	7.865000e-01	2.286427e-26
40	9296.980493	8.879571e-09	7.480000e-01	3.441765e-26
40	27083.532129	8.965712e-09	6.815001e-01	2.129173e-25
40	37535.526283	8.986760e-09	6.570000e-01	3.663692e-24
40	1226.883062	2.603088e-08	9.510000e-01	9.233690e-11
40	9296.980373	8.879571e-09	7.480000e-01	5.609275e-26
40	2987.513066	8.747849e-09	8.005000e-01	7.605369e-28
40	1259.680242	8.525869e-09	8.425000e-01	3.517170e-26
40	35883.817690	8.983989e-09	6.605000e-01	5.223697e-25
40	3946.054917	2.876292e-10	7.830000e-01	5.821672e-25
40	1966.187496	8.675937e-09	8.180000e-01	1.445276e-26
40	3834.143127	8.782232e-09	7.900000e-01	1.770360e-26
40	1225.720660	2.423349e-08	9.475000e-01	9.122024e-11
40	2522.927940	8.721593e-09	8.075000e-01	3.621357e-26
40	3956.520516	2.445749e-10	7.690000e-01	1.245091e-25
40	41010.653545	8.992092e-09	6.955000e-01	8.992092e-09
40	1214.378459	1.552890e-08	9.195000e-01	7.655208e-11
40	3912.435550	4.307169e-10	8.145000e-01	1.747774e-25
40	1235.673115	3.904779e-07	9.965001e-01	9.422821e-11
40	1221.873218	2.004982e-08	9.370000e-01	8.693002e-11
40	1214.378458	1.552890e-08	9.195000e-01	7.655208e-11
40	1185.926433	8.763429e-09	8.600000e-01	9.456171e-12
40	1202.239805	1.177477e-08	8.950000e-01	5.509271e-11
40	35883.811168	8.983989e-09	6.605000e-01	6.018608e-25
40	3946.054918	2.876292e-10	7.830000e-01	5.818557e-25
40	1227.982677	2.810721e-08	9.545000e-01	9.330068e-11
40	11266.091333	8.897182e-09	7.375000e-01	1.439407e-26
40	1227.982678	2.810721e-08	9.545000e-01	9.330068e-11
40	1259.680237	8.525869e-09	8.425000e-01	2.722637e-26
40	3960.706716	2.269723e-10	7.620000e-01	3.807904e-26
40	16988.818455	8.931568e-09	7.130000e-01	1.515208e-25
40	1200.433771	1.138106e-08	8.915000e-01	5.135710e-11
40	21058.386651	8.947904e-09	6.990000e-01	1.854030e-26
40	8699.262183	8.873234e-09	7.515000e-01	6.981195e-27
40	1224.497066	2.266269e-08	9.440000e-01	8.994826e-11
40	3978.722305	1.421585e-10	7.060000e-01	3.792296e-24
40	35883.817033	8.983989e-09	6.605000e-01	1.113370e-24
40	1193.371460	1.004117e-08	8.775000e-01	3.466807e-11
40	41010.653545	8.992092e-09	6.885000e-01	8.992092e-09
40	3960.706716	2.269723e-10	7.620000e-01	1.338814e-25
40	37535.517183	8.986760e-09	6.570000e-01	3.332285e-24
40	19981.678416	8.944011e-09	7.025000e-01	1.409603e-26
40	1184.723251	8.431740e-09	8.530000e-01	2.297456e-25
40	41010.653545	8.992092e-09	6.779998e-01	8.992092e-09
40	2319.125729	8.707285e-09	8.110000e-01	5.863760e-26
40	1184.723251	8.431740e-09	8.530000e-01	2.057785e-25
40	3967.356957	1.979769e-10	7.480000e-01	2.120879e-24
40	1202.239805	1.177477e-08	8.950000e-01	5.509271e-11
40	1214.378458	1.552890e-08	9.195000e-01	7.655208e-11
40	1229.018014	3.053222e-08	9.580000e-01	9.411438e-11
40	1219.026600	1.796562e-08	9.300000e-01	8.326867e-11
40	3889.362116	5.420262e-10	8.320000e-01	2.234528e-25
40	1232.490039	4.633720e-08	9.720000e-01	9.593451e-11
40	17947.909628	8.935849e-09	7.095000e-01	8.412446e-26
40	16988.818638	8.931568e-09	7.130000e-01	3.312125e-26
40	15181.351987	8.922573e-09	7.200000e-01	5.766441e-26
40	1191.708399	9.755220e-09	8.740000e-01	3.003828e-11
40	9923.528612	8.885666e-09	7.445000e-01	2.064608e-26
40	1221.873218	2.004982e-08	9.370000e-01	8.693002e-11
40	3954.176770	2.542978e-10	7.725000e-01	9.491604e-26
40	1184.723251	8.431740e-09	8.530000e-01	1.895190e-25
40	1221.873218	2.004982e-08	9.370000e-01	8.693002e-11
40	1202.239806	1.177477e-08	8.950000e-01	5.509271e-11
40	18945.196696	8.939994e-09	7.060000e-01	4.382549e-26
40	37535.518394	8.986760e-09	6.570000e-01	1.497029e-24
40	28425.006091	8.968972e-09	6.780000e-01	2.970690e-25
40	5679.356166	8.829197e-09	7.725000e-01	3.570432e-26
40	3531.296842	8.771368e-09	7.935000e-01	2.937671e-26
40	5264.315672	8.820672e-09	7.760000e-01	3.909850e-27
40	21058.388486	8.947904e-09	6.990000e-01	6.827536e-26
40	1233.808274	6.218476e-08	9.790000e-01	9.603763e-11
40	3982.293205	1.214539e-10	6.815000e-01	7.616818e-24
40	22176.384153	8.951680e-09	6.955000e-01	1.865788e-25
40	3948.948675	2.757892e-10	7.795000e-01	1.779111e-25
40	1816.159213	8.658717e-09	8.215000e-01	8.836604e-27
40	1211.060462	1.423546e-08	9.125000e-01	7.125097e-11
40	4158.323193	8.792557e-09	7.865000e-01	2.134750e-26
40	1229.018014	3.053222e-08	9.580000e-01	9.411438e-11
40	3894.211241	5.175956e-10	8.285000e-01	2.362431e-25
40	1259.680237	8.525869e-09	8.425000e-01	4.083753e-27
40	1229.987674	3.340108e-08	9.615000e-01	9.478109e-11
40	1224.497067	2.266269e-08	9.440000e-01	8.994826e-11
40	1185.926433	8.763430e-09	8.600000e-01	9.456172e-12
40	1235.543789	1.902294e-07	9.930000e-01	9.480730e-11
40	5679.356686	8.829197e-09	7.725000e-01	2.419108e-26
40	1196.847369	1.066836e-08	8.845000e-01	4.336865e-11
40	16066.948935	8.927145e-09	7.165000e-01	1.122196e-25
40	1214.378459	1.552890e-08	9.195000e-01	7.655208e-11
40	1225.720660	2.423348e-08	9.475000e-01	9.122024e-11
40	1209.346386	1.366515e-08	9.090000e-01	6.835229e-11
40	1211.060464	1.423546e-08	9.125000e-01	7.125097e-11
40	1196.847369	1.066836e-08	8.845000e-01	4.336865e-11
40	1184.723250	8.431740e-09	8.530000e-01	3.291010e-25
40	-1.000000	-1.000000e+00	-1.000000e+00	-1.000000e+00
40	41010.653545	8.992092e-09	6.570001e-01	8.992092e-09
40	41010.653545	8.992092e-09	6.849997e-01	8.992092e-09
40	1232.490039	4.633720e-08	9.720000e-01	9.593451e-11
40	1234.835840	9.396941e-08	9.860000e-01	9.564922e-11
40	1226.883061	2.603088e-08	9.510000e-01	9.233690e-11
40	1223.213981	2.127851e-08	9.405000e-01	8.851880e-11
40	11266.091452	8.897182e-09	7.375000e-01	2.596085e-27
40	41010.653545	8.992092e-09	6.955000e-01	8.992092e-09
40	1220.513119	8.497147e-09	8.460000e-01	1.430845e-26
40	9296.980281	8.879571e-09	7.480000e-01	1.641171e-26
40	1966.187530	8.675937e-09	8.180000e-01	7.011622e-28
40	17947.910629	8.935849e-09	7.095000e-01	2.355140e-26
40	1683.181112	8.640328e-09	8.250000e-01	2.571621e-26
40	3969.985700	1.859736e-10	7.410000e-01	3.655039e-24
40	8129.650187	8.866639e-09	7.550000e-01	2.748625e-26
40	1200.433770	1.138106e-08	8.915000e-01	5.135710e-11
40	1195.089232	1.034501e-08	8.810000e-01	3.910956e-11
40	8699.262227	8.873234e-09	7.515000e-01	5.899226e-27
40	19981.679176	8.944011e-09	7.025000e-01	1.689421e-26
40	3942.973174	3.002384e-10	7.865000e-01	1.642877e-25
40	41010.653545	8.992092e-09	6.849997e-01	8.992092e-09
40	16988.818676	8.931568e-09	7.130000e-01	6.838982e-26
40	16988.818364	8.931568e-09	7.130000e-01	1.886984e-25
40	27083.526781	8.965712e-09	6.815001e-01	1.660857e-25
40	1184.784311	8.547800e-09	8.565000e-01	3.729043e-12
40	21058.386860	8.947904e-09	6.990000e-01	1.794140e-25
40	13515.318747	8.912949e-09	7.270000e-01	8.575067e-26
40	1230.890357	3.684707e-08	9.650000e-01	9.530420e-11
40	1207.601549	1.313825e-08	9.055000e-01	6.528773e-11
40	3976.683317	1.530982e-10	7.165000e-01	4.482218e-24
40	1235.543789	1.902294e-07	9.930000e-01	9.480730e-11
40	1198.632802	1.101303e-08	8.880000e-01	4.744998e-11
40	1191.708398	9.755220e-09	8.740000e-01	3.003828e-11
40	12733.114368	8.907880e-09	7.305000e-01	1.343257e-26
40	-1.000000	-1.000000e+00	-1.000000e+00	-1.000000e+00
40	3894.211241	5.175956e-10	8.285000e-01	2.875088e-25
40	1217.525129	1.707457e-08	9.265000e-01	8.119385e-11
40	29814.783983	8.972143e-09	6.745000e-01	6.048381e-25
40	1196.847368	1.066836e-08	8.845000e-01	4.336865e-11
40	11266.091122	8.897183e-09	7.375000e-01	1.335489e-25
40	10579.645294	8.891532e-09	7.410000e-01	4.046975e-26
40	1229.018014	3.053222e-08	9.580000e-01	9.411439e-11
40	1466.705607	8.599535e-09	8.320000e-01	1.776174e-26
40	1232.490039	4.633720e-08	9.720000e-01	9.593451e-11
40	1184.723252	8.431740e-09	8.530000e-01	3.699675e-25
40	1235.234868	1.258828e-07	9.895000e-01	9.528252e-11
40	1227.982677	2.810721e-08	9.545000e-01	9.330068e-11
40	1225.720660	2.423349e-08	9.475000e-01	9.122024e-11
40	1234.835840	9.396940e-08	9.860000e-01	9.564922e-11
40	1220.476724	1.895207e-08	9.335000e-01	8.518039e-11
40	10579.645394	8.891532e-09	7.410000e-01	1.062688e-26
40	1205.831267	1.265013e-08	9.020000e-01	6.205679e-11
40	1235.234868	1.258828e-07	9.895000e-01	9.528252e-11
40	24540.640612	8.958900e-09	6.885000e-01	1.454041e-25
40	1187.207234	8.990952e-09	8.635000e-01	1.493463e-11
40	2987.512983	8.747849e-09	8.005000e-01	2.900751e-26
40	27083.558748	8.965712e-09	6.815000e-01	4.376198e-25
40	24540.641245	8.958900e-09	6.885000e-01	2.886066e-25
40	1220.513113	8.497147e-09	8.460000e-01	5.647816e-26
40	3908.040469	4.509420e-10	8.180000e-01	5.004770e-25
40	3956.520515	2.445749e-10	7.690000e-01	2.850264e-25
40	1234.359143	7.488458e-08	9.825000e-01	9.590253e-11
40	18945.195121	8.939994e-09	7.060000e-01	1.122132e-25
40	1223.213980	2.127851e-08	9.405000e-01	8.851880e-11
40	7587.450376	8.859771e-09	7.585000e-01	6.100661e-26
40	2319.125777	8.707285e-09	8.110000e-01	7.322929e-27
40	3984.475546	1.075244e-10	6.605000e-01	4.894041e-23
40	1188.609439	9.231355e-09	8.670000e-01	2.018203e-11
40	1214.378459	1.552890e-08	9.195000e-01	7.655208e-11
40	1313.516575	8.552346e-09	8.390000e-01	3.734314e-27
40	3531.296743	8.771368e-09	7.935000e-01	4.762129e-26
40	1204.041668	1.219679e-08	8.985000e-01	5.865879e-11
40	1233.184858	5.312500e-08	9.755000e-01	9.604981e-11
40	1211.060463	1.423546e-08	9.125000e-01	7.125097e-11
40	1187.207234	8.990951e-09	8.635000e-01	1.493463e-11
40	1217.525129	1.707457e-08	9.265000e-01	8.119385e-11
40	3879.203424	5.947721e-10	8.390000e-01	2.680352e-25
40	18945.197290	8.939994e-09	7.060000e-01	1.915318e-25
40	1198.632801	1.101303e-08	8.880000e-01	4.744998e-11
40	41010.653545	8.992092e-09	6.779998e-01	8.992092e-09
40	3979.322947	1.388258e-10	7.025000e-01	1.881734e-24
40	2133.696141	8.692094e-09	8.145000e-01	4.168423e-27
40	11266.091247	8.897182e-09	7.375000e-01	7.952890e-26
40	1200.433770	1.138106e-08	8.915000e-01	5.135710e-11
40	6118.568233	8.837347e-09	7.690000e-01	1.540561e-26
40	1224.497067	2.266269e-08	9.440000e-01	8.994826e-11
40	1382.397311	8.576830e-09	8.355000e-01	3.771976e-27
40	1223.213981	2.127851e-08	9.405000e-01	8.851880e-11
40	1217.525128	1.707457e-08	9.265000e-01	8.119385e-11
40	1215.974821	1.626592e-08	9.230000e-01	7.895518e-11
40	1204.041669	1.219679e-08	8.985000e-01	5.865879e-11
40	1229.987674	3.340108e-08	9.615000e-01	9.478109e-11
40	7587.452405	8.859771e-09	7.585000e-01	3.986894e-26
40	1235.234868	1.258828e-07	9.895000e-01	9.528252e-11
40	1235.234868	1.258828e-07	9.895000e-01	9.528252e-11
40	1185.926433	8.763430e-09	8.600000e-01	9.456172e-12
40	1229.018014	3.053222e-08	9.580000e-01	9.411439e-11
40	6118.568415	8.837347e-09	7.690000e-01	2.676381e-26
40	1217.525129	1.707457e-08	9.265000e-01	8.119385e-11
40	9923.528377	8.885666e-09	7.445000e-01	1.238992e-25
40	1683.181117	8.640328e-09	8.250000e-01	7.569821e-27
40	12733.113759	8.907880e-09	7.305000e-01	1.042439e-25
40	14331.106904	8.917844e-09	7.235000e-01	3.896819e-27
40	10579.645639	8.891533e-09	7.410000e-01	1.058167e-26
40	2133.696168	8.692094e-09	8.145000e-01	1.650371e-26
40	1221.873219	2.004982e-08	9.370000e-01	8.693002e-11
40	1220.476724	1.895207e-08	9.335000e-01	8.518039e-11
40	1184.723251	8.431740e-09	8.530000e-01	2.007974e-25
40	18945.195289	8.939995e-09	7.060000e-01	2.643138e-27
40	1217.525129	1.707457e-08	9.265000e-01	8.119385e-11
40	1566.833302	8.620648e-09	8.285000e-01	1.412103e-26
40	8129.652905	8.866639e-09	7.550000e-01	4.618752e-27
40	3889.362117	5.420262e-10	8.320000e-01	8.139577e-26
40	1235.543789	1.902294e-07	9.930000e-01	9.480730e-11
40	1204.041668	1.219679e-08	8.985000e-01	5.865879e-11
40	1235.543789	1.902294e-07	9.930000e-01	9.480730e-11
40	25789.156862	8.962357e-09	6.850000e-01	1.877662e-25
40	1207.601548	1.313825e-08	9.055000e-01	6.528773e-11
40	41010.653545	8.992092e-09	6.885000e-01	8.992092e-09
40	1196.847369	1.066836e-08	8.845000e-01	4.336866e-11
40	1184.723251	8.431740e-09	8.530000e-01	9.641504e-26
40	1223.213981	2.127851e-08	9.405000e-01	8.851880e-11
40	1221.873218	2.004982e-08	9.370000e-01	8.693002e-11
40	4872.849193	8.811743e-09	7.795000e-01	4.136050e-26
40	1200.433771	1.138106e-08	8.915000e-01	5.135710e-11
40	1231.724854	4.106276e-08	9.685000e-01	9.568736e-11
40	1205.831267	1.265013e-08	9.020000e-01	6.205679e-11
40	1235.673115	3.904780e-07	9.965001e-01	9.422821e-11
40	3954.176773	2.542978e-10	7.725000e-01	3.100111e-25
40	1214.378459	1.552890e-08	9.195000e-01	7.655208e-11
40	1221.873218	2.004982e-08	9.370000e-01	8.693002e-11
40	1202.239806	1.177477e-08	8.950000e-01	5.509271e-11
40	1235.543789	1.902294e-07	9.930000e-01	9.480730e-11
40	1232.490040	4.633720e-08	9.720000e-01	9.593451e-11
40	2745.565523	8.735092e-09	8.040000e-01	5.266191e-27
40	1466.705625	8.599535e-09	8.320000e-01	5.718148e-27
40	2987.513005	8.747849e-09	8.005000e-01	3.229181e-26
40	1184.784311	8.547800e-09	8.565000e-01	3.729043e-12
40	41010.653545	8.992092e-09	7.130000e-01	8.992092e-09
40	1205.831267	1.265013e-08	9.020000e-01	6.205679e-11
40	1966.187523	8.675937e-09	8.180000e-01	1.272590e-25
40	16066.949197	8.927145e-09	7.165000e-01	1.037294e-25
40	9296.980660	8.879571e-09	7.480000e-01	7.319174e-26
40	35883.812638	8.983989e-09	6.605000e-01	4.412378e-25
40	1185.926434	8.763430e-09	8.600000e-01	9.456174e-12
40	1235.673115	3.904780e-07	9.965001e-01	9.422821e-11
40	3969.985700	1.859736e-10	7.410000e-01	7.391691e-25
40	1229.018014	3.053222e-08	9.580000e-01	9.411439e-11
40	1220.513112	8.497147e-09	8.460000e-01	4.041914e-26
40	8699.261577	8.873234e-09	7.515000e-01	4.891654e-26
40	1200.433770	1.138106e-08	8.915000e-01	5.135710e-11
40	3868.234457	6.536142e-10	8.460000e-01	1.349570e-25
40	5264.315792	8.820672e-09	7.760000e-01	1.981435e-26
40	1313.516587	8.552346e-09	8.390000e-01	6.541727e-27
40	6582.565892	8.845144e-09	7.655000e-01	2.887395e-26
40	3979.889324	1.356322e-10	6.990000e-01	7.847516e-24
40	4504.373322	8.802382e-09	7.830000e-01	1.921247e-27
40	1229.987675	3.340108e-08	9.615000e-01	9.478109e-11
40	9923.528420	8.885666e-09	7.445000e-01	5.300186e-26
40	1195.647645	8.465886e-09	8.495000e-01	6.901630e-26
40	3971.158857	1.804808e-10	7.375000e-01	1.135675e-24
40	34287.331056	8.981145e-09	6.640000e-01	3.189969e-25
40	1184.723251	8.431740e-09	8.530000e-01	8.294077e-26
40	7587.452028	8.859771e-09	7.585000e-01	3.285888e-26
40	8699.261296	8.873234e-09	7.515000e-01	1.210336e-26
40	1217.525129	1.707457e-08	9.265000e-01	8.119385e-11
40	1196.847369	1.066836e-08	8.845000e-01	4.336865e-11
40	1207.601549	1.313825e-08	9.055000e-01	6.528773e-11
40	15181.351902	8.922573e-09	7.200000e-01	5.345288e-26
40	1184.723251	8.431740e-09	8.530000e-01	3.329450e-25
40	1229.987674	3.340108e-08	9.615000e-01	9.478109e-11
40	3983.816139	1.118564e-10	6.675000e-01	3.426267e-23
40	4504.374749	8.802382e-09	7.830000e-01	4.687730e-26
40	32744.602914	8.978223e-09	6.675000e-01	1.444123e-25
40	1215.974821	1.626592e-08	9.230000e-01	7.895518e-11
40	4504.373394	8.802382e-09	7.830000e-01	3.407841e-26
40	1233.184858	5.312500e-08	9.755000e-01	9.604981e-11
40	8129.651477	8.866639e-09	7.550000e-01	4.811511e-26
40	3962.568773	2.190083e-10	7.585000e-01	9.777356e-25
40	1230.890357	3.684707e-08	9.650000e-01	9.530420e-11
40	1195.647645	8.465886e-09	8.495000e-01	7.616843e-26
40	1231.724854	4.106276e-08	9.685000e-01	9.568736e-11
40	1193.371461	1.004117e-08	8.775000e-01	3.466807e-11
40	14331.106951	8.917844e-09	7.235000e-01	5.822241e-25
40	3964.290805	2.115471e-10	7.550000e-01	6.019781e-25
40	21058.389264	8.947904e-09	6.990000e-01	1.400864e-25
40	41010.653545	8.992092e-09	7.130000e-01	8.992092e-09
40	1207.601548	1.313825e-08	9.055000e-01	6.528773e-11
40	1184.723251	8.431740e-09	8.530000e-01	2.124535e-25
40	9923.528780	8.885666e-09	7.445000e-01	2.745706e-26
40	3531.296848	8.771368e-09	7.935000e-01	6.860471e-27
40	1233.184858	5.312500e-08	9.755000e-01	9.604981e-11
40	3531.296787	8.771368e-09	7.935000e-01	9.546651e-27
40	13515.318468	8.912949e-09	7.270000e-01	2.696636e-26
40	3983.462676	1.141325e-10	6.710000e-01	1.414043e-23
40	4872.849118	8.811743e-09	7.795000e-01	3.381756e-26
40	1234.359143	7.488459e-08	9.825000e-01	9.590253e-11
40	5679.355882	8.829197e-09	7.725000e-01	7.013585e-26
40	1313.516581	8.552346e-09	8.390000e-01	4.750081e-26
40	1225.720660	2.423349e-08	9.475000e-01	9.122024e-11
40	3249.257075	8.759923e-09	7.970000e-01	3.528703e-26
40	29814.793536	8.972143e-09	6.745000e-01	1.500832e-25
40	1231.724854	4.106276e-08	9.685000e-01	9.568736e-11
40	1683.181110	8.640328e-09	8.250000e-01	5.277355e-26
40	1230.890357	3.684707e-08	9.650000e-01	9.530420e-11
40	32744.616504	8.978224e-09	6.674999e-01	6.122191e-26
40	1202.239806	1.177477e-08	8.950000e-01	5.509271e-11
40	1223.213981	2.127851e-08	9.405000e-01	8.851880e-11
40	1313.516591	8.552346e-09	8.390000e-01	7.108439e-26
40	9923.528635	8.885666e-09	7.445000e-01	2.058480e-26
40	12733.114169	8.907880e-09	7.305000e-01	9.278144e-26
40	1227.982677	2.810721e-08	9.545000e-01	9.330068e-11
40	3956.520515	2.445749e-10	7.690000e-01	1.371132e-24
40	1229.987674	3.340108e-08	9.615000e-01	9.478109e-11
40	2522.927962	8.721593e-09	8.075000e-01	5.772341e-26
40	1215.974820	1.626592e-08	9.230000e-01	7.895518e-11
40	1220.476724	1.895207e-08	9.335000e-01	8.518039e-11
40	1217.525129	1.707457e-08	9.265000e-01	8.119385e-11
40	1229.987675	3.340108e-08	9.615000e-01	9.478109e-11
40	5679.355259	8.829197e-09	7.725000e-01	3.650435e-26
40	1195.647650	8.465886e-09	8.495000e-01	2.953515e-25
40	1226.883061	2.603088e-08	9.510000e-01	9.233690e-11
40	1190.115559	9.485717e-09	8.705000e-01	2.521272e-11
40	1466.705598	8.599535e-09	8.320000e-01	6.801513e-27
40	1205.831268	1.265013e-08	9.020000e-01	6.205680e-11
40	3975.088710	1.613022e-10	7.235000e-01	7.288397e-25
40	1196.847369	1.066836e-08	8.845000e-01	4.336865e-11
40	1233.808273	6.218476e-08	9.790000e-01	9.603763e-11
40	32744.605933	8.978224e-09	6.675000e-01	4.433413e-25
40	1235.543789	1.902294e-07	9.930000e-01	9.480730e-11
40	1211.060463	1.423546e-08	9.125000e-01	7.125097e-11
40	1191.708399	9.755220e-09	8.740000e-01	3.003828e-11
40	9923.528762	8.885666e-09	7.445000e-01	1.209842e-25
40	41010.653545	8.992092e-09	6.710001e-01	8.992092e-09
40	1816.159176	8.658712e-09	8.215000e-01	1.722015e-26
40	3975.912393	1.570996e-10	7.200000e-01	2.273485e-24
40	1185.926433	8.763429e-09	8.600000e-01	9.456171e-12
40	1221.873218	2.004982e-08	9.370000e-01	8.693002e-11
40	1193.371460	1.004117e-08	8.775000e-01	3.466807e-11
40	1185.926433	8.763430e-09	8.600000e-01	9.456172e-12
40	3968.721284	1.917958e-10	7.445000e-01	1.154946e-24
40	1195.089232	1.034501e-08	8.810000e-01	3.910956e-11
40	8129.652059	8.866639e-09	7.550000e-01	2.158663e-26
40	1214.378458	1.552890e-08	9.195000e-01	7.655208e-11
40	1185.926433	8.763430e-09	8.600000e-01	9.456171e-12
40	2522.927935	8.721593e-09	8.075000e-01	2.480000e-26
40	1466.705614	8.599535e-09	8.320000e-01	3.037759e-26
40	41010.653545	8.992092e-09	6.814997e-01	8.992092e-09
40	27083.558821	8.965712e-09	6.815000e-01	1.274878e-25
40	1195.647649	8.465886e-09	8.495000e-01	5.353472e-26
40	1235.234868	1.258828e-07	9.895000e-01	9.528252e-11
40	1229.018014	3.053222e-08	9.580000e-01	9.411438e-11
40	1466.705626	8.599535e-09	8.320000e-01	8.817138e-27
40	31254.221409	8.975223e-09	6.710000e-01	2.051499e-25
40	1191.708398	9.755220e-09	8.740000e-01	3.003828e-11
40	41010.653545	8.992092e-09	6.885000e-01	8.992092e-09
40	1191.708399	9.755220e-09	8.740000e-01	3.003828e-11
40	19981.678518	8.944011e-09	7.025000e-01	1.214359e-26
40	27083.550393	8.965712e-09	6.815000e-01	2.466874e-26
40	2745.565511	8.735092e-09	8.040000e-01	1.311070e-26
40	-1.000000	-1.000000e+00	-1.000000e+00	-1.000000e+00
40	1215.974821	1.626592e-08	9.230000e-01	7.895518e-11
40	1198.632801	1.101303e-08	8.880000e-01	4.744998e-11
40	2133.696141	8.692094e-09	8.145000e-01	4.200779e-27
40	1193.371461	1.004117e-08	8.775000e-01	3.466807e-11
40	3834.143790	8.782232e-09	7.900000e-01	2.819711e-26
40	1233.808274	6.218476e-08	9.790000e-01	9.603763e-11
40	1683.181113	8.640328e-09	8.250000e-01	3.857541e-26
40	12733.114637	8.907880e-09	7.305000e-01	1.029416e-25
40	39243.951648	8.989460e-09	6.535000e-01	5.600327e-25
40	1212.739163	1.485459e-08	9.160000e-01	7.398413e-11
40	41010.653545	8.992092e-09	6.675002e-01	8.992092e-09
40	3531.296859	8.771368e-09	7.935000e-01	8.184931e-27
40	3894.211241	5.175956e-10	8.285000e-01	1.664797e-25
40	8699.259609	8.873234e-09	7.515000e-01	5.116407e-27
40	1259.680243	8.525869e-09	8.425000e-01	1.697373e-27
40	1566.833299	8.620648e-09	8.285000e-01	1.469210e-26
40	29814.772164	8.972143e-09	6.745001e-01	4.603746e-25
40	1313.516586	8.552346e-09	8.390000e-01	4.082537e-27
40	1234.359143	7.488459e-08	9.825000e-01	9.590253e-11
40	6582.564976	8.845144e-09	7.655000e-01	3.204827e-26
40	1231.724854	4.106276e-08	9.685000e-01	9.568736e-11
40	2745.565550	8.735092e-09	8.040000e-01	9.600852e-27
40	1966.187492	8.675937e-09	8.180000e-01	1.502812e-26
40	15181.351736	8.922573e-09	7.200000e-01	1.324777e-25
40	3942.973174	3.002384e-10	7.865000e-01	2.622592e-25
40	4872.849692	8.811743e-09	7.795000e-01	5.696840e-27
40	3980.929822	1.296262e-10	6.920000e-01	5.739666e-24
40	24540.640899	8.958900e-09	6.885000e-01	4.427822e-26
40	1221.873218	2.004982e-08	9.370000e-01	8.693002e-11
40	1230.890357	3.684707e-08	9.650000e-01	9.530420e-11
40	1221.873217	2.004982e-08	9.370000e-01	8.693002e-11
40	1683.181108	8.640328e-09	8.250000e-01	3.708628e-26
40	9923.528324	8.885666e-09	7.445000e-01	1.131213e-26
40	2522.927879	8.721593e-09	8.075000e-01	3.493574e-27
40	1229.018014	3.053222e-08	9.580000e-01	9.411438e-11
40	4158.323207	8.792557e-09	7.865000e-01	1.122282e-27
40	2133.696146	8.692094e-09	8.145000e-01	2.281554e-26
40	1193.371461	1.004117e-08	8.775000e-01	3.466807e-11
40	2987.513042	8.747849e-09	8.005000e-01	1.611061e-26
40	1221.873218	2.004982e-08	9.370000e-01	8.693002e-11
40	1220.476724	1.895207e-08	9.335000e-01	8.518040e-11
40	1234.359143	7.488459e-08	9.825000e-01	9.590254e-11
40	1220.476724	1.895207e-08	9.335000e-01	8.518040e-11
40	3249.257094	8.759923e-09	7.970000e-01	4.637835e-28
40	7587.450798	8.859771e-09	7.585000e-01	6.820221e-26
40	6582.565891	8.845144e-09	7.655000e-01	5.762204e-26
40	1235.234868	1.258828e-07	9.895000e-01	9.528252e-11
40	37535.519969	8.986760e-09	6.570000e-01	9.675432e-25
40	9296.980573	8.879571e-09	7.480000e-01	6.077677e-26
40	1229.018014	3.053222e-08	9.580000e-01	9.411438e-11
40	1227.982677	2.810721e-08	9.545000e-01	9.330068e-11
40	2745.565473	8.735092e-09	8.040000e-01	3.006457e-26
40	28425.010657	8.968973e-09	6.780000e-01	2.134336e-25
40	1816.159165	8.658717e-09	8.215000e-01	1.866313e-26
40	2133.696133	8.692094e-09	8.145000e-01	1.342004e-26
40	6118.567275	8.837347e-09	7.690000e-01	9.005830e-27
40	-1.000000	-1.000000e+00	-1.000000e+00	-1.000000e+00
40	1466.705597	8.599535e-09	8.320000e-01	3.398772e-26
40	1184.784311	8.547800e-09	8.565000e-01	3.729042e-12
40	7071.977876	8.852612e-09	7.620000e-01	1.848465e-26
40	3956.520514	2.445749e-10	7.690000e-01	3.326791e-25
40	1211.060463	1.423546e-08	9.125000e-01	7.125097e-11
40	16066.948599	8.927145e-09	7.165000e-01	9.063334e-27
40	1188.609440	9.231355e-09	8.670000e-01	2.018204e-11
40	2987.513001	8.747849e-09	8.005000e-01	2.414546e-27
40	3980.424136	1.325685e-10	6.955000e-01	2.705491e-24
40	4504.373541	8.802382e-09	7.830000e-01	6.603672e-26
40	1217.525129	1.707457e-08	9.265000e-01	8.119385e-11
40	1212.739163	1.485459e-08	9.160000e-01	7.398413e-11
40	1220.476724	1.895207e-08	9.335000e-01	8.518039e-11
40	17947.912133	8.935849e-09	7.095000e-01	1.364579e-25
40	1566.833297	8.620648e-09	8.285000e-01	2.138119e-27
40	3889.362117	5.420262e-10	8.320000e-01	1.174274e-25
40	1204.041668	1.219679e-08	8.985000e-01	5.865879e-11
40	39243.952068	8.989460e-09	6.535000e-01	1.749284e-24
40	1232.490039	4.633720e-08	9.720000e-01	9.593451e-11
40	28425.008279	8.968971e-09	6.780000e-01	3.367936e-25
40	2745.565497	8.735092e-09	8.040000e-01	2.816683e-26
40	1223.213981	2.127851e-08	9.405000e-01	8.851880e-11
40	1205.831267	1.265013e-08	9.020000e-01	6.205680e-11
40	1233.808273	6.218476e-08	9.790000e-01	9.603763e-11
40	1220.513120	8.497147e-09	8.460000e-01	2.936732e-26
40	1217.525129	1.707457e-08	9.265000e-01	8.119385e-11
40	3531.296744	8.771368e-09	7.935000e-01	4.701894e-26
40	41010.653545	8.992092e-09	6.849998e-01	8.992092e-09
40	1234.359143	7.488458e-08	9.825000e-01	9.590253e-11
40	1227.982677	2.810721e-08	9.545000e-01	9.330068e-11
40	1198.632802	1.101303e-08	8.880000e-01	4.744998e-11
40	1230.890358	3.684707e-08	9.650000e-01	9.530420e-11
40	2987.513022	8.747849e-09	8.005000e-01	2.988433e-26
40	1683.181104	8.640328e-09	8.250000e-01	3.839513e-27
40	3979.889324	1.356322e-10	6.990000e-01	1.396461e-24
40	11266.091530	8.897182e-09	7.375000e-01	7.343789e-26
40	32744.614292	8.978224e-09	6.675000e-01	1.066038e-24
40	15181.352082	8.922573e-09	7.200000e-01	3.817229e-26
40	35883.817225	8.983989e-09	6.605000e-01	1.109847e-24
40	1231.724854	4.106276e-08	9.685000e-01	9.568736e-11
40	1224.497066	2.266269e-08	9.440000e-01	8.994826e-11
40	1566.833303	8.620648e-09	8.285000e-01	7.271785e-27
40	1187.207234	8.990951e-09	8.635000e-01	1.493463e-11
40	1205.831267	1.265013e-08	9.020000e-01	6.205680e-11
40	1207.601549	1.313825e-08	9.055000e-01	6.528773e-11
40	1233.184858	5.312500e-08	9.755000e-01	9.604981e-11
40	1220.513121	8.497147e-09	8.460000e-01	4.335392e-27
40	3942.973175	3.002384e-10	7.865000e-01	1.553149e-25
40	1185.926434	8.763430e-09	8.600000e-01	9.456175e-12
40	1193.371460	1.004117e-08	8.775000e-01	3.466807e-11
40	39243.959113	8.989460e-09	6.535000e-01	4.054457e-24
40	1683.181110	8.640328e-09	8.250000e-01	2.403186e-26
40	1235.673115	3.904779e-07	9.965001e-01	9.422821e-11
40	1227.982677	2.810721e-08	9.545000e-01	9.330068e-11
40	1227.982677	2.810721e-08	9.545000e-01	9.330068e-11
40	4504.373846	8.802382e-09	7.830000e-01	9.347016e-26
40	8699.262230	8.873234e-09	7.515000e-01	7.405471e-26
40	1214.378459	1.552890e-08	9.195000e-01	7.655208e-11
40	1202.239805	1.177477e-08	8.950000e-01	5.509271e-11
40	29814.804111	8.972144e-09	6.745000e-01	2.490160e-26
40	1219.026600	1.796562e-08	9.300000e-01	8.326867e-11
40	3978.084416	1.456405e-10	7.095000e-01	3.128204e-24
40	1188.609440	9.231355e-09	8.670000e-01	2.018204e-11
40	2987.513058	8.747849e-09	8.005000e-01	1.326244e-25
40	1188.609441	9.231355e-09	8.670000e-01	2.018204e-11
40	1234.359143	7.488458e-08	9.825000e-01	9.590254e-11
40	5264.315977	8.820672e-09	7.760000e-01	4.148003e-26
40	1191.708398	9.755220e-09	8.740000e-01	3.003828e-11
40	8129.650943	8.866639e-09	7.550000e-01	2.801587e-26
40	1190.115559	9.485717e-09	8.705000e-01	2.521272e-11
40	1193.371461	1.004117e-08	8.775000e-01	3.466807e-11
40	28425.009862	8.968973e-09	6.780000e-01	1.432959e-24
40	1235.543789	1.902294e-07	9.930000e-01	9.480730e-11
40	1196.847369	1.066836e-08	8.845000e-01	4.336865e-11
40	1200.433771	1.138106e-08	8.915000e-01	5.135711e-11
40	3971.158857	1.804808e-10	7.375000e-01	1.118438e-24
40	1209.346386	1.366515e-08	9.090000e-01	6.835229e-11
40	1229.987675	3.340108e-08	9.615000e-01	9.478109e-11
40	1233.808273	6.218476e-08	9.790000e-01	9.603763e-11
40	1227.982677	2.810721e-08	9.545000e-01	9.330068e-11
40	12733.114127	8.907880e-09	7.305000e-01	3.736354e-26
40	27083.555794	8.965712e-09	6.815000e-01	6.661782e-26
40	17947.911619	8.935849e-09	7.095000e-01	6.868346e-26
40	1231.724854	4.106276e-08	9.685000e-01	9.568736e-11
40	9296.980562	8.879571e-09	7.480000e-01	2.641868e-26
40	32744.613717	8.978223e-09	6.675000e-01	7.219700e-26
40	1313.516582	8.552346e-09	8.390000e-01	3.975610e-26
40	1200.433771	1.138106e-08	8.915000e-01	5.135710e-11
40	41010.653545	8.992092e-09	6.955000e-01	8.992092e-09
40	1211.060462	1.423546e-08	9.125000e-01	7.125097e-11
40	1190.115559	9.485717e-09	8.705000e-01	2.521272e-11
40	11983.646887	8.902628e-09	7.340000e-01	6.799558e-26
40	1217.525129	1.707457e-08	9.265000e-01	8.119385e-11
40	1235.234868	1.258828e-07	9.895000e-01	9.528252e-11
40	2133.696120	8.692094e-09	8.145000e-01	6.335585e-26
40	18945.194856	8.939994e-09	7.060000e-01	9.052025e-26
40	1229.987675	3.340108e-08	9.615000e-01	9.478109e-11
40	1226.883061	2.603088e-08	9.510000e-01	9.233690e-11
40	4158.322719	8.792557e-09	7.865000e-01	9.902328e-27
40	12733.113872	8.907880e-09	7.305000e-01	7.213753e-26
40	8699.260827	8.873234e-09	7.515000e-01	1.306869e-26
40	1215.974821	1.626592e-08	9.230000e-01	7.895518e-11
40	17947.910991	8.935849e-09	7.095000e-01	8.363857e-26
40	34287.334600	8.981145e-09	6.640000e-01	2.984008e-25
40	4158.322718	8.792557e-09	7.865000e-01	4.192109e-26
40	8129.650678	8.866639e-09	7.550000e-01	1.174203e-26
40	1226.883061	2.603088e-08	9.510000e-01	9.233690e-11
40	3849.454441	7.568838e-10	8.565000e-01	4.436776e-25
40	1212.739162	1.485459e-08	9.160000e-01	7.398413e-11
40	1211.060463	1.423546e-08	9.125000e-01	7.125097e-11
40	17947.911515	8.935849e-09	7.095000e-01	2.261805e-25
40	1231.724854	4.106276e-08	9.685000e-01	9.568736e-11
40	3969.985700	1.859736e-10	7.410000e-01	1.684702e-24
40	1184.784311	8.547800e-09	8.565000e-01	3.729042e-12
40	1966.187508	8.675937e-09	8.180000e-01	1.574677e-26
40	1234.359143	7.488458e-08	9.825000e-01	9.590253e-11
40	2319.125726	8.707285e-09	8.110000e-01	7.131744e-26
40	35883.820306	8.983989e-09	6.605000e-01	7.118872e-25
40	2745.565449	8.735092e-09	8.040000e-01	1.303355e-26
40	1184.784311	8.547800e-09	8.565000e-01	3.729043e-12
40	1195.089232	1.034501e-08	8.810000e-01	3.910956e-11
40	1184.723251	8.431740e-09	8.530000e-01	1.193625e-25
40	6582.564852	8.845144e-09	7.655000e-01	3.943975e-27
40	1382.397312	8.576830e-09	8.355000e-01	4.103073e-27
40	1188.609441	9.231355e-09	8.670000e-01	2.018204e-11
40	3984.475546	1.075244e-10	6.605000e-01	9.227095e-23
40	1190.115559	9.485717e-09	8.705000e-01	2.521272e-11
40	1231.724854	4.106276e-08	9.685000e-01	9.568736e-11
40	4504.373577	8.802382e-09	7.830000e-01	1.806954e-27
40	41010.653545	8.992092e-09	6.710001e-01	8.992092e-09
40	4872.849618	8.811743e-09	7.795000e-01	2.917605e-26
40	25789.172439	8.962356e-09	6.850000e-01	2.958595e-25
40	1235.234868	1.258828e-07	9.895000e-01	9.528252e-11
40	1212.739162	1.485459e-08	9.160000e-01	7.398413e-11
40	2745.565525	8.735092e-09	8.040000e-01	7.991053e-27
40	1234.359143	7.488459e-08	9.825000e-01	9.590253e-11
40	1211.060463	1.423546e-08	9.125000e-01	7.125097e-11
40	1220.476724	1.895207e-08	9.335000e-01	8.518039e-11
40	41010.653545	8.992092e-09	6.570001e-01	8.992091e-09
40	3978.722305	1.421585e-10	7.060000e-01	3.030173e-24
40	10579.645652	8.891532e-09	7.410000e-01	1.234896e-25
40	3948.948678	2.757892e-10	7.795000e-01	2.152161e-25
40	1212.739162	1.485459e-08	9.160000e-01	7.398413e-11
40	1233.808273	6.218476e-08	9.790000e-01	9.603763e-11
40	1230.890357	3.684707e-08	9.650000e-01	9.530420e-11
40	22176.384209	8.951680e-09	6.955000e-01	2.263903e-25
40	1209.346386	1.366515e-08	9.090000e-01	6.835229e-11
40	1223.213981	2.127851e-08	9.405000e-01	8.851880e-11
40	2133.696152	8.692094e-09	8.145000e-01	4.877519e-26
40	1229.987674	3.340108e-08	9.615000e-01	9.478109e-11
40	1225.720661	2.423349e-08	9.475000e-01	9.122024e-11
40	1185.926433	8.763430e-09	8.600000e-01	9.456172e-12
40	39243.955607	8.989459e-09	6.535000e-01	1.250448e-24
40	1214.378458	1.552890e-08	9.195000e-01	7.655208e-11
40	41010.653545	8.992092e-09	6.710002e-01	8.992092e-09
40	39243.947542	8.989460e-09	6.535000e-01	6.351421e-25
40	1816.159175	8.658717e-09	8.215000e-01	3.174747e-27
40	1196.847368	1.066836e-08	8.845000e-01	4.336865e-11
40	1191.708399	9.755220e-09	8.740000e-01	3.003828e-11
40	18945.197998	8.939994e-09	7.060000e-01	7.701335e-26
40	-1.000000	-1.000000e+00	-1.000000e+00	-1.000000e+00
40	1259.680229	8.525869e-09	8.425000e-01	2.088262e-27
40	28425.014758	8.968973e-09	6.780000e-01	2.641224e-25
40	1188.609440	9.231355e-09	8.670000e-01	2.018204e-11
40	1259.680243	8.525869e-09	8.425000e-01	2.341359e-26
40	28425.015412	8.968973e-09	6.780000e-01	5.371485e-27
40	28424.970677	8.968973e-09	6.780001e-01	6.575199e-27
40	3908.040469	4.509420e-10	8.180000e-01	3.667962e-26
40	3862.343525	6.857779e-10	8.495000e-01	9.957673e-26
40	3965.883423	2.045491e-10	7.515000e-01	5.472781e-25
40	1211.060463	1.423546e-08	9.125000e-01	7.125097e-11
40	1207.601548	1.313825e-08	9.055000e-01	6.528773e-11
40	4158.322548	8.792557e-09	7.865000e-01	2.574392e-26
40	1190.115559	9.485717e-09	8.705000e-01	2.521272e-11
40	13515.318071	8.912949e-09	7.270000e-01	6.606119e-26
40	1185.926433	8.763430e-09	8.600000e-01	9.456172e-12
40	1226.883061	2.603088e-08	9.510000e-01	9.233690e-11
40	18945.194906	8.939994e-09	7.060000e-01	6.131374e-26
40	1259.680228	8.525869e-09	8.425000e-01	4.514985e-28
40	3960.706716	2.269723e-10	7.620000e-01	1.757240e-24
40	1187.207234	8.990951e-09	8.635000e-01	1.493463e-11
40	1683.181114	8.640328e-09	8.250000e-01	2.710002e-26
40	5679.355905	8.829197e-09	7.725000e-01	3.905767e-26
40	1232.490040	4.633720e-08	9.720000e-01	9.593451e-11
40	8699.259987	8.873234e-09	7.515000e-01	4.947656e-26
40	21058.388695	8.947904e-09	6.990000e-01	1.564896e-25
40	3976.683317	1.530982e-10	7.165000e-01	2.182697e-24
40	1235.234868	1.258828e-07	9.895000e-01	9.528252e-11
40	1187.207235	8.990952e-09	8.635000e-01	1.493463e-11
40	1683.181114	8.640328e-09	8.250000e-01	3.442595e-26
40	5679.356358	8.829197e-09	7.725000e-01	2.171851e-26
40	28424.980340	8.968973e-09	6.780001e-01	1.507524e-26
40	2987.513092	8.747849e-09	8.005000e-01	1.163551e-27
40	1259.680236	8.525869e-09	8.425000e-01	9.345283e-26
40	1235.543789	1.902294e-07	9.930000e-01	9.480730e-11
40	1202.239805	1.177477e-08	8.950000e-01	5.509271e-11
40	28424.984533	8.968973e-09	6.780001e-01	1.220118e-25
40	1231.724854	4.106276e-08	9.685000e-01	9.568736e-11
40	1202.239805	1.177477e-08	8.950000e-01	5.509271e-11
40	19981.680133	8.944011e-09	7.025000e-01	5.371895e-26
40	1215.974820	1.626592e-08	9.230000e-01	7.895518e-11
40	6582.564369	8.845144e-09	7.655000e-01	1.109763e-26
40	14331.107672	8.917843e-09	7.235000e-01	4.678720e-26
40	1184.723251	8.431740e-09	8.530000e-01	1.051740e-25
40	14331.106916	8.917843e-09	7.235000e-01	3.757196e-26
40	6118.568783	8.837347e-09	7.690000e-01	4.462868e-26
40	7587.450167	8.859771e-09	7.585000e-01	1.086350e-25
40	1220.513121	8.497147e-09	8.460000e-01	2.103153e-25
40	3980.424137	1.325685e-10	6.955000e-01	1.929704e-23
40	1232.490039	4.633720e-08	9.720000e-01	9.593451e-11
40	1229.018014	3.053222e-08	9.580000e-01	9.411439e-11
40	1229.018014	3.053222e-08	9.580000e-01	9.411439e-11
40	1224.497067	2.266269e-08	9.440000e-01	8.994826e-11
40	16988.818884	8.931568e-09	7.130000e-01	4.950725e-26
40	3954.176770	2.542978e-10	7.725000e-01	6.066327e-25
40	41010.653545	8.992092e-09	6.955000e-01	8.992092e-09
40	2133.696111	8.692094e-09	8.145000e-01	2.387615e-26
40	1224.497067	2.266269e-08	9.440000e-01	8.994826e-11
40	9296.980356	8.879571e-09	7.480000e-01	4.653195e-26
40	4504.373884	8.802382e-09	7.830000e-01	6.026859e-26
40	3884.367605	5.677122e-10	8.355000e-01	5.857530e-26
40	1221.873218	2.004982e-08	9.370000e-01	8.693002e-11
40	1233.808274	6.218476e-08	9.790000e-01	9.603763e-11
40	1191.708398	9.755220e-09	8.740000e-01	3.003828e-11
40	1313.516579	8.552346e-09	8.390000e-01	1.113626e-26
40	1184.784311	8.547800e-09	8.565000e-01	3.729042e-12
40	24540.641420	8.958900e-09	6.885000e-01	6.294981e-26
40	1230.890357	3.684707e-08	9.650000e-01	9.530420e-11
40	3968.721284	1.917958e-10	7.445000e-01	1.013871e-24
40	1190.115559	9.485717e-09	8.705000e-01	2.521272e-11
40	11266.091550	8.897182e-09	7.375000e-01	3.519897e-26
40	1816.159197	8.658717e-09	8.215000e-01	1.423982e-26
40	1224.497066	2.266269e-08	9.440000e-01	8.994826e-11
40	2522.927883	8.721593e-09	8.075000e-01	3.271315e-26
40	13515.318806	8.912949e-09	7.270000e-01	2.140831e-26
40	2522.927920	8.721593e-09	8.075000e-01	3.294431e-26
40	25789.163037	8.962356e-09	6.850000e-01	1.536128e-26
40	1205.831268	1.265013e-08	9.020000e-01	6.205680e-11
40	1200.433770	1.138106e-08	8.915000e-01	5.135710e-11
40	12733.114623	8.907880e-09	7.305000e-01	2.234821e-26
40	1195.647649	8.465886e-09	8.495000e-01	6.678517e-27
40	1198.632802	1.101303e-08	8.880000e-01	4.744998e-11
40	10579.645539	8.891532e-09	7.410000e-01	3.033405e-27
40	3984.475546	1.075244e-10	6.605000e-01	5.261757e-23
40	22176.383368	8.951680e-09	6.955000e-01	2.082151e-26
40	11983.646502	8.902628e-09	7.340000e-01	1.136736e-26
40	1207.601549	1.313825e-08	9.055000e-01	6.528773e-11
40	1204.041669	1.219679e-08	8.985000e-01	5.865879e-11
40	24540.641161	8.958900e-09	6.885000e-01	1.253734e-25
40	41010.653545	8.992092e-09	6.710001e-01	8.992091e-09
40	1221.873218	2.004982e-08	9.370000e-01	8.693002e-11
40	1232.490039	4.633720e-08	9.720000e-01	9.593451e-11
40	3249.257075	8.759923e-09	7.970000e-01	7.831172e-27
40	1235.234868	1.258828e-07	9.895000e-01	9.528252e-11
40	1221.873218	2.004982e-08	9.370000e-01	8.693002e-11
40	22176.383913	8.951680e-09	6.955000e-01	1.206570e-26
40	13515.317762	8.912949e-09	7.270000e-01	1.467415e-26
40	1191.708398	9.755220e-09	8.740000e-01	3.003828e-11
40	1382.397287	8.576830e-09	8.355000e-01	1.892229e-26
40	1233.808274	6.218477e-08	9.790000e-01	9.603763e-11
40	16988.818791	8.931568e-09	7.130000e-01	3.215641e-25
40	13515.318365	8.912949e-09	7.270000e-01	1.404000e-26
40	1226.883061	2.603088e-08	9.510000e-01	9.233690e-11
40	1184.723250	8.431740e-09	8.530000e-01	7.409132e-26
40	25789.166062	8.962357e-09	6.850000e-01	2.808542e-25
40	4872.849270	8.811743e-09	7.795000e-01	3.018093e-26
40	41010.651066	8.992092e-09	6.500000e-01	6.770941e-10
40	1226.883061	2.603088e-08	9.510000e-01	9.233690e-11
40	1207.601548	1.313825e-08	9.055000e-01	6.528773e-11
40	1233.184858	5.312500e-08	9.755000e-01	9.604981e-11
40	3977.405974	1.492830e-10	7.130000e-01	2.351618e-24
40	1195.089232	1.034501e-08	8.810000e-01	3.910956e-11
40	1215.974820	1.626592e-08	9.230000e-01	7.895518e-11
40	1217.525129	1.707457e-08	9.265000e-01	8.119385e-11
40	1214.378458	1.552890e-08	9.195000e-01	7.655208e-11
40	29814.809693	8.972143e-09	6.745000e-01	2.074036e-26
40	14331.107260	8.917843e-09	7.235000e-01	2.955730e-26
40	1207.601549	1.313825e-08	9.055000e-01	6.528773e-11
40	1211.060463	1.423546e-08	9.125000e-01	7.125097e-11
40	1235.234868	1.258828e-07	9.895000e-01	9.528252e-11
40	1224.497067	2.266269e-08	9.440000e-01	8.994826e-11
40	1227.982677	2.810721e-08	9.545000e-01	9.330068e-11
40	41010.653545	8.992092e-09	6.849998e-01	8.992092e-09
40	6118.568279	8.837347e-09	7.690000e-01	3.312507e-26
40	13515.318718	8.912949e-09	7.270000e-01	2.223384e-26
40	1220.476724	1.895207e-08	9.335000e-01	8.518039e-11
40	3531.296876	8.771368e-09	7.935000e-01	2.006274e-26
40	1202.239805	1.177477e-08	8.950000e-01	5.509271e-11
40	39243.946145	8.989460e-09	6.535000e-01	2.086721e-24
40	1195.089232	1.034501e-08	8.810000e-01	3.910956e-11
40	1202.239805	1.177477e-08	8.950000e-01	5.509271e-11
40	37535.519262	8.986760e-09	6.570000e-01	7.124198e-26
40	8699.262043	8.873234e-09	7.515000e-01	4.090211e-26
40	1816.159166	8.658717e-09	8.215000e-01	2.022332e-26
40	1966.187492	8.675937e-09	8.180000e-01	5.750302e-27
40	1188.609440	9.231355e-09	8.670000e-01	2.018204e-11
40	1235.543789	1.902294e-07	9.930000e-01	9.480730e-11
40	39243.958541	8.989460e-09	6.535000e-01	3.315937e-24
40	41010.656360	8.992092e-09	6.500000e-01	2.531325e-09
40	24540.640842	8.958900e-09	6.885000e-01	4.167775e-25
40	3249.257195	8.759923e-09	7.970000e-01	3.427925e-26
40	1235.543789	1.902294e-07	9.930000e-01	9.480730e-11
40	17947.911461	8.935849e-09	7.095000e-01	1.975842e-27
40	32744.604175	8.978224e-09	6.675000e-01	1.750385e-25
40	1234.835840	9.396941e-08	9.860000e-01	9.564922e-11
40	2987.513035	8.747849e-09	8.005000e-01	2.163998e-26
40	1224.497067	2.266269e-08	9.440000e-01	8.994826e-11
40	41010.653545	8.992092e-09	6.570001e-01	8.992092e-09
40	1211.060463	1.423546e-08	9.125000e-01	7.125097e-11
40	1184.784312	8.547800e-09	8.565000e-01	3.729044e-12
40	1187.207234	8.990951e-09	8.635000e-01	1.493463e-11
40	3942.973176	3.002384e-10	7.865000e-01	1.606007e-25
40	39243.953771	8.989460e-09	6.535000e-01	2.611993e-24
40	3980.929823	1.296262e-10	6.920000e-01	2.259854e-24
40	1202.239806	1.177477e-08	8.950000e-01	5.509271e-11
40	1223.213980	2.127851e-08	9.405000e-01	8.851880e-11
40	1207.601548	1.313825e-08	9.055000e-01	6.528773e-11
40	2522.927872	8.721593e-09	8.075000e-01	3.117296e-26
40	1235.673115	3.904778e-07	9.965001e-01	9.422821e-11
40	-1.000000	-1.000000e+00	-1.000000e+00	-1.000000e+00
40	1188.609440	9.231355e-09	8.670000e-01	2.018204e-11
40	5264.315487	8.820672e-09	7.760000e-01	3.837406e-26
40	19981.680233	8.944011e-09	7.025000e-01	1.564279e-25
40	12733.114212	8.907880e-09	7.305000e-01	5.816623e-26
40	1382.397288	8.576830e-09	8.355000e-01	4.013082e-26
40	1223.213980	2.127851e-08	9.405000e-01	8.851880e-11
40	3978.084416	1.456405e-10	7.095000e-01	2.888974e-24
40	4158.323160	8.792557e-09	7.865000e-01	2.959029e-26
40	1187.207234	8.990951e-09	8.635000e-01	1.493463e-11
40	1220.476724	1.895207e-08	9.335000e-01	8.518039e-11
40	1229.987675	3.340108e-08	9.615000e-01	9.478109e-11
40	27083.548827	8.965712e-09	6.815000e-01	2.062454e-25
40	1231.724854	4.106276e-08	9.685000e-01	9.568736e-11
40	1204.041668	1.219679e-08	8.985000e-01	5.865879e-11
40	18945.195987	8.939994e-09	7.060000e-01	2.849248e-26
40	1229.018014	3.053222e-08	9.580000e-01	9.411439e-11
40	8699.259191	8.873234e-09	7.515000e-01	6.019700e-26
40	1235.543789	1.902294e-07	9.930000e-01	9.480730e-11
40	1231.724854	4.106276e-08	9.685000e-01	9.568736e-11
40	1219.026600	1.796562e-08	9.300000e-01	8.326867e-11
40	1214.378459	1.552890e-08	9.195000e-01	7.655208e-11
40	6118.568715	8.837347e-09	7.690000e-01	3.220314e-26
40	1185.926433	8.763429e-09	8.600000e-01	9.456170e-12
40	21058.387122	8.947904e-09	6.990000e-01	1.436558e-26
40	3978.722305	1.421585e-10	7.060000e-01	4.844691e-24
40	2745.565517	8.735092e-09	8.040000e-01	8.550888e-26
40	1220.476724	1.895207e-08	9.335000e-01	8.518039e-11
40	7587.451732	8.859771e-09	7.585000e-01	1.647249e-26
40	1193.371461	1.004117e-08	8.775000e-01	3.466807e-11
40	2745.565552	8.735092e-09	8.040000e-01	2.145225e-26
40	29814.809559	8.972143e-09	6.745000e-01	3.922426e-25
40	39243.947553	8.989460e-09	6.535000e-01	5.332862e-24
40	4158.322447	8.792557e-09	7.865000e-01	3.104697e-26
40	1230.890358	3.684707e-08	9.650000e-01	9.530420e-11
40	1235.543789	1.902294e-07	9.930000e-01	9.480730e-11
40	1212.739163	1.485459e-08	9.160000e-01	7.398413e-11
40	3972.248739	1.752906e-10	7.340000e-01	1.259587e-24
40	4504.374406	8.802382e-09	7.830000e-01	1.416637e-26
40	1204.041668	1.219679e-08	8.985000e-01	5.865879e-11
40	1211.060463	1.423546e-08	9.125000e-01	7.125097e-11
40	1215.974821	1.626592e-08	9.230000e-01	7.895518e-11
40	1235.673115	3.904778e-07	9.965001e-01	9.422821e-11
40	1187.207234	8.990951e-09	8.635000e-01	1.493463e-11
40	12733.113618	8.907880e-09	7.305000e-01	1.223637e-26
40	28425.007221	8.968972e-09	6.780000e-01	4.027775e-25
40	1219.026600	1.796562e-08	9.300000e-01	8.326867e-11
40	21058.386336	8.947904e-09	6.990000e-01	3.081827e-26
40	1211.060463	1.423546e-08	9.125000e-01	7.125097e-11
40	3531.296808	8.771368e-09	7.935000e-01	9.698806e-27
40	1195.089233	1.034501e-08	8.810000e-01	3.910956e-11
40	-1.000000	-1.000000e+00	-1.000000e+00	-1.000000e+00
40	1187.207234	8.990951e-09	8.635000e-01	1.493463e-11
40	1566.833298	8.620648e-09	8.285000e-01	2.621062e-26
40	1566.833304	8.620648e-09	8.285000e-01	2.925829e-26
40	1226.883061	2.603088e-08	9.510000e-01	9.233690e-11
40	1214.378459	1.552890e-08	9.195000e-01	7.655208e-11
40	8699.259147	8.873234e-09	7.515000e-01	3.054082e-26
40	3967.356957	1.979769e-10	7.480000e-01	9.412103e-25
40	8699.261625	8.873234e-09	7.515000e-01	4.769702e-27
40	1188.609440	9.231355e-09	8.670000e-01	2.018204e-11
40	3946.054918	2.876292e-10	7.830000e-01	1.149525e-25
40	19981.676849	8.944011e-09	7.025000e-01	4.607292e-26
40	3948.948677	2.757892e-10	7.795000e-01	5.509903e-25
40	10579.645326	8.891532e-09	7.410000e-01	6.462135e-26
40	2133.696088	8.692094e-09	8.145000e-01	6.577555e-26
40	41010.653545	8.992092e-09	7.200000e-01	8.992092e-09
40	1190.115559	9.485717e-09	8.705000e-01	2.521272e-11
40	1211.060463	1.423546e-08	9.125000e-01	7.125097e-11
40	1198.632801	1.101303e-08	8.880000e-01	4.744998e-11
40	1232.490040	4.633720e-08	9.720000e-01	9.593451e-11
40	34287.333854	8.981145e-09	6.640000e-01	7.095420e-25
40	22176.383368	8.951681e-09	6.955000e-01	5.671513e-25
40	6582.564635	8.845144e-09	7.655000e-01	6.250335e-26
40	1220.476724	1.895207e-08	9.335000e-01	8.518039e-11
40	1188.609440	9.231355e-09	8.670000e-01	2.018203e-11
40	14331.106973	8.917843e-09	7.235000e-01	6.614828e-26
40	7071.975946	8.852612e-09	7.620000e-01	3.533584e-26
40	3868.234457	6.536142e-10	8.460000e-01	4.176236e-25
40	-1.000000	-1.000000e+00	-1.000000e+00	-1.000000e+00
40	41010.653545	8.992092e-09	6.570001e-01	8.992091e-09
40	41010.657050	8.992093e-09	6.500000e-01	3.029633e-09
40	1223.213980	2.127851e-08	9.405000e-01	8.851880e-11
40	1223.213980	2.127851e-08	9.405000e-01	8.851880e-11
40	1223.213981	2.127851e-08	9.405000e-01	8.851880e-11
40	2745.565546	8.735092e-09	8.040000e-01	3.583350e-26
40	24540.641006	8.958900e-09	6.885000e-01	7.874453e-26
40	1229.018014	3.053222e-08	9.580000e-01	9.411438e-11
40	7587.450797	8.859771e-09	7.585000e-01	7.146273e-26
40	23336.761341	8.955344e-09	6.920000e-01	1.013623e-25
40	1190.115560	9.485717e-09	8.705000e-01	2.521272e-11
40	1204.041669	1.219679e-08	8.985000e-01	5.865879e-11
40	1202.239806	1.177477e-08	8.950000e-01	5.509271e-11
40	1215.974821	1.626592e-08	9.230000e-01	7.895518e-11
40	4504.373740	8.802382e-09	7.830000e-01	4.684517e-27
40	2319.125760	8.707285e-09	8.110000e-01	3.831950e-26
40	16066.948487	8.927145e-09	7.165000e-01	1.277075e-25
40	1234.359143	7.488458e-08	9.825000e-01	9.590253e-11
40	1200.433771	1.138106e-08	8.915000e-01	5.135710e-11
40	3912.435550	4.307169e-10	8.145000e-01	7.838993e-26
40	1235.673115	3.904778e-07	9.965001e-01	9.422821e-11
40	4504.374190	8.802382e-09	7.830000e-01	1.122956e-26
40	1233.184858	5.312500e-08	9.755000e-01	9.604981e-11
40	41010.653545	8.992092e-09	6.535001e-01	8.992092e-09
40	1195.089231	1.034501e-08	8.810000e-01	3.910956e-11
40	3946.054919	2.876292e-10	7.830000e-01	2.352324e-26
40	37535.517607	8.986760e-09	6.570000e-01	1.798152e-25
40	1204.041669	1.219679e-08	8.985000e-01	5.865880e-11
40	1816.159190	8.658717e-09	8.215000e-01	2.074502e-27
40	3975.088710	1.613022e-10	7.235000e-01	5.689694e-25
40	1204.041668	1.219679e-08	8.985000e-01	5.865879e-11
40	16988.818936	8.931568e-09	7.130000e-01	1.542976e-26
40	1190.115559	9.485717e-09	8.705000e-01	2.521272e-11
40	-1.000000	-1.000000e+00	-1.000000e+00	-1.000000e+00
40	12733.114268	8.907880e-09	7.305000e-01	4.381530e-26
40	16066.948626	8.927145e-09	7.165000e-01	4.518804e-26
40	3924.951975	3.754411e-10	8.040000e-01	3.704618e-24
40	6118.568440	8.837347e-09	7.690000e-01	3.802605e-26
40	1202.239806	1.177477e-08	8.950000e-01	5.509271e-11
40	2987.513041	8.747849e-09	8.005000e-01	4.115116e-26
40	1227.982677	2.810721e-08	9.545000e-01	9.330068e-11
40	1235.543789	1.902294e-07	9.930000e-01	9.480730e-11
40	1193.371460	1.004117e-08	8.775000e-01	3.466807e-11
40	1190.115559	9.485717e-09	8.705000e-01	2.521272e-11
40	41010.653545	8.992092e-09	6.535001e-01	8.992091e-09
40	4158.322448	8.792557e-09	7.865000e-01	1.577337e-26
40	4872.849712	8.811743e-09	7.795000e-01	2.801595e-26
40	5679.356209	8.829197e-09	7.725000e-01	2.204666e-26
40	1566.833293	8.620648e-09	8.285000e-01	1.063265e-26
40	1382.397306	8.576830e-09	8.355000e-01	1.303757e-26
40	12733.114269	8.907880e-09	7.305000e-01	4.479792e-26
40	1221.873218	2.004982e-08	9.370000e-01	8.693002e-11
40	41010.652897	8.992092e-09	6.500000e-01	1.046697e-09
40	34287.338031	8.981145e-09	6.640000e-01	9.122920e-25
40	19981.679372	8.944011e-09	7.025000e-01	5.560034e-27
40	1191.708399	9.755220e-09	8.740000e-01	3.003828e-11
40	1223.213980	2.127851e-08	9.405000e-01	8.851880e-11
40	1190.115559	9.485717e-09	8.705000e-01	2.521272e-11
40	1190.115559	9.485717e-09	8.705000e-01	2.521272e-11
40	3249.257125	8.759923e-09	7.970000e-01	2.052879e-26
40	1185.926434	8.763430e-09	8.600000e-01	9.456175e-12
40	1214.378459	1.552890e-08	9.195000e-01	7.655208e-11
40	31254.224362	8.975223e-09	6.710000e-01	1.714139e-25
40	1214.378458	1.552890e-08	9.195000e-01	7.655208e-11
40	41010.653545	8.992092e-09	6.605001e-01	8.992092e-09
40	3973.262662	1.703786e-10	7.305000e-01	8.161046e-24
40	1212.739162	1.485459e-08	9.160000e-01	7.398413e-11
40	3981.408592	1.267976e-10	6.885000e-01	1.071791e-23
40	18945.196917	8.939994e-09	7.060000e-01	1.583966e-25
40	8129.650942	8.866639e-09	7.550000e-01	7.172750e-26
40	1220.476724	1.895207e-08	9.335000e-01	8.518039e-11
40	1191.708398	9.755220e-09	8.740000e-01	3.003828e-11
40	9923.528743	8.885666e-09	7.445000e-01	1.137449e-25
40	11983.646825	8.902628e-09	7.340000e-01	7.938594e-26
40	2745.565483	8.735092e-09	8.040000e-01	1.088450e-26
40	1227.982677	2.810721e-08	9.545000e-01	9.330068e-11
40	1225.720660	2.423348e-08	9.475000e-01	9.122024e-11
40	1220.476724	1.895207e-08	9.335000e-01	8.518039e-11
40	1204.041669	1.219679e-08	8.985000e-01	5.865880e-11
40	1229.987675	3.340108e-08	9.615000e-01	9.478109e-11
40	41010.653545	8.992092e-09	6.675001e-01	8.992092e-09
40	5679.355777	8.829197e-09	7.725000e-01	2.918923e-26
40	1223.213981	2.127851e-08	9.405000e-01	8.851880e-11
40	4872.849134	8.811743e-09	7.795000e-01	3.522018e-26
40	1227.982677	2.810721e-08	9.545000e-01	9.330068e-11
40	1184.723250	8.431740e-09	8.530000e-01	2.605895e-25
40	2522.927953	8.721593e-09	8.075000e-01	3.517974e-26
40	2745.565443	8.735092e-09	8.040000e-01	1.237174e-26
40	1185.926433	8.763430e-09	8.600000e-01	9.456173e-12
40	3924.951975	3.754411e-10	8.040000e-01	4.139313e-26
40	3980.424137	1.325685e-10	6.955000e-01	3.774717e-24
40	1235.234868	1.258828e-07	9.895000e-01	9.528252e-11
40	1235.673115	3.904778e-07	9.965001e-01	9.422821e-11
40	41010.653545	8.992092e-09	6.849998e-01	8.992092e-09
40	3980.929822	1.296262e-10	6.920000e-01	5.630960e-24
40	23336.761119	8.955344e-09	6.920000e-01	1.753469e-25
40	1233.184858	5.312500e-08	9.755000e-01	9.604981e-11
40	34287.333526	8.981145e-09	6.640000e-01	6.924616e-26
40	1259.680230	8.525869e-09	8.425000e-01	4.009414e-26
40	1198.632802	1.101303e-08	8.880000e-01	4.744998e-11
40	5679.355840	8.829197e-09	7.725000e-01	1.281566e-26
40	1259.680234	8.525869e-09	8.425000e-01	2.333561e-26
40	4504.374118	8.802382e-09	7.830000e-01	8.925773e-26
40	1196.847368	1.066836e-08	8.845000e-01	4.336865e-11
