18	1581.052128	1.948897e-08	8.200000e-01	3.054409e-26
18	866.561621	7.374741e-11	8.300000e-01	2.676866e-23
18	294.864068	1.957549e-08	8.700000e-01	3.066274e-27
18	866.543090	7.677163e-11	8.350000e-01	2.019490e-23
18	4512.620765	1.945122e-08	7.700000e-01	3.417368e-25
18	110.710800	2.422773e-08	9.175000e-01	1.948684e-11
18	111.130953	3.119697e-08	9.350000e-01	3.213415e-11
18	264.647197	1.958284e-08	8.725000e-01	1.382386e-27
18	-1.000000	-1.000000e+00	-1.000000e+00	-1.000000e+00
18	2017.655623	1.947922e-08	8.100000e-01	4.831932e-26
18	112.019364	4.870838e-08	9.575000e-01	4.109572e-11
18	112.330559	1.969693e-08	8.975000e-01	4.235813e-26
18	6287.674129	1.944147e-08	7.500000e-01	8.640530e-09
18	110.827999	2.680979e-08	9.250000e-01	2.561352e-11
18	1902.149450	1.948152e-08	8.125000e-01	9.593973e-27
18	112.866826	1.027107e-06	9.975003e-01	4.297328e-11
18	111.619959	3.906078e-08	9.475000e-01	3.799018e-11
18	6336.567176	1.954872e-08	7.525000e-01	1.000000e-08
18	110.701944	2.347045e-08	9.150000e-01	1.718385e-11
18	7042.370523	2.106168e-08	7.850009e-01	1.000000e-08
18	111.922004	4.589246e-08	9.550000e-01	4.043916e-11
18	1790.927833	1.948391e-08	8.150000e-01	3.212053e-26
18	122.066869	1.966580e-08	8.925000e-01	1.148205e-26
18	1482.257823	1.949165e-08	8.225000e-01	2.526338e-26
18	112.812266	1.422232e-07	9.850000e-01	4.388599e-11
18	4919.928970	1.944858e-08	7.650000e-01	1.062019e-25
18	112.660348	9.390643e-08	9.775000e-01	4.384632e-11
18	703.856051	1.952584e-08	8.475000e-01	6.019894e-27
18	190.981071	1.960819e-08	8.800000e-01	8.509009e-27
18	327.991433	1.956859e-08	8.675000e-01	1.014783e-26
18	6386.194845	1.965720e-08	7.550000e-01	1.000000e-08
18	866.533212	7.836923e-11	8.375000e-01	4.792052e-24
18	294.864089	1.957549e-08	8.700000e-01	9.684218e-27
18	2261.816946	1.947486e-08	8.050000e-01	1.201757e-26
18	645.605759	1.953022e-08	8.500000e-01	7.253281e-27
18	112.205392	5.547184e-08	9.625000e-01	4.218540e-11
18	237.292532	1.959071e-08	8.750000e-01	1.371473e-27
18	866.522891	8.002848e-11	8.400000e-01	4.065915e-23
18	111.130953	3.119697e-08	9.350000e-01	3.213415e-11
18	4713.359038	1.944988e-08	7.675000e-01	2.215072e-25
18	111.822532	4.337426e-08	9.525000e-01	3.970457e-11
18	7102.381208	2.118787e-08	7.875009e-01	1.000000e-08
18	111.619959	3.906078e-08	9.475000e-01	3.799017e-11
18	2662.071340	1.946887e-08	7.975000e-01	5.348183e-27
18	5575.664353	1.944488e-08	7.575000e-01	3.767150e-26
18	5575.664485	1.944489e-08	7.575000e-01	6.088111e-25
18	590.683012	1.953484e-08	8.525000e-01	1.156897e-26
18	212.752729	1.959914e-08	8.775000e-01	1.547370e-26
18	111.518369	3.719978e-08	9.450000e-01	3.700459e-11
18	865.961628	1.588945e-10	9.000000e-01	2.638642e-24
18	1296.614594	1.949735e-08	8.275000e-01	2.232152e-26
18	6386.194849	1.965720e-08	7.550000e-01	1.000000e-08
18	327.991461	1.956859e-08	8.675000e-01	3.267802e-28
18	6287.674624	1.944147e-08	7.500000e-01	5.113032e-09
18	111.044134	2.997665e-08	9.325000e-01	3.066788e-11
18	765.490129	1.952167e-08	8.450000e-01	5.873578e-27
18	111.721610	4.110908e-08	9.500000e-01	3.888919e-11
18	490.599595	1.954484e-08	8.575000e-01	4.029482e-26
18	5575.662515	1.944488e-08	7.575000e-01	5.187496e-27
18	971.272820	1.951030e-08	8.375000e-01	4.453736e-26
18	112.849514	1.714017e-07	9.875001e-01	4.379618e-11
18	112.768040	1.214734e-07	9.825000e-01	4.392562e-11
18	110.977130	2.028220e-08	9.025000e-01	3.438169e-12
18	1902.149397	1.948152e-08	8.125000e-01	2.652113e-26
18	112.660348	9.390643e-08	9.775000e-01	4.384632e-11
18	2137.520051	1.947700e-08	8.075000e-01	3.447920e-27
18	8576.311052	2.423641e-08	8.400000e-01	1.000000e-08
18	111.721610	4.110909e-08	9.500000e-01	3.888919e-11
18	6336.567148	1.954872e-08	7.525000e-01	1.000000e-08
18	8496.213665	2.407122e-08	8.375000e-01	1.000000e-08
18	212.752725	1.959914e-08	8.775000e-01	7.409823e-27
18	112.660348	9.390642e-08	9.775000e-01	4.384632e-11
18	112.597494	8.428140e-08	9.750000e-01	4.372325e-11
18	16004.201061	4.965359e-08	9.925000e-01	1.000000e-08
18	110.827999	2.680979e-08	9.250000e-01	2.561352e-11
18	112.768040	1.214734e-07	9.825000e-01	4.392562e-11
18	111.130953	3.119697e-08	9.350000e-01	3.213415e-11
18	112.376423	6.432581e-08	9.675000e-01	4.299423e-11
18	111.111723	1.974340e-08	9.000000e-01	1.885933e-13
18	110.872094	2.085050e-08	9.050000e-01	6.509176e-12
18	190.981062	1.960819e-08	8.800000e-01	2.247210e-27
18	155.559646	1.962847e-08	8.850000e-01	9.751550e-27
18	490.599619	1.954484e-08	8.575000e-01	3.858425e-27
18	112.293014	5.958138e-08	9.650000e-01	4.262368e-11
18	4128.242522	1.945401e-08	7.750000e-01	2.218744e-26
18	4128.242361	1.945401e-08	7.750000e-01	1.451437e-25
18	2804.873278	1.946700e-08	7.950000e-01	5.863451e-26
18	861.841592	5.314820e-10	9.450000e-01	1.090400e-25
18	1581.052176	1.948897e-08	8.200000e-01	2.010163e-26
18	5350.976665	1.944608e-08	7.600000e-01	1.299951e-25
18	111.619959	3.906078e-08	9.475000e-01	3.799018e-11
18	190.981071	1.960819e-08	8.800000e-01	3.511875e-26
18	645.605763	1.953022e-08	8.500000e-01	1.534419e-26
18	3592.972811	1.945851e-08	7.825000e-01	2.946628e-24
18	6287.673977	1.944147e-08	7.500000e-01	9.650774e-09
18	1902.149388	1.948152e-08	8.125000e-01	1.176129e-26
18	112.866826	1.027107e-06	9.975003e-01	4.297328e-11
18	112.330558	1.969693e-08	8.975000e-01	6.467375e-26
18	112.114009	5.187789e-08	9.600000e-01	4.167693e-11
18	110.775699	2.589245e-08	9.225000e-01	2.369653e-11
18	1581.052161	1.948897e-08	8.200000e-01	1.983098e-26
18	112.849514	1.714017e-07	9.875001e-01	4.379618e-11
18	1482.257805	1.949165e-08	8.225000e-01	3.464767e-26
18	155.559645	1.962847e-08	8.850000e-01	9.879476e-27
18	703.856038	1.952584e-08	8.475000e-01	3.267560e-26
18	111.222932	3.251602e-08	9.375000e-01	3.349749e-11
18	112.900345	4.460170e-07	9.950001e-01	4.324476e-11
18	111.318881	3.394611e-08	9.400000e-01	3.476144e-11
18	866.173449	1.318144e-10	8.875000e-01	3.588741e-24
18	866.552552	7.523212e-11	8.325000e-01	6.540318e-24
18	2017.655699	1.947922e-08	8.100000e-01	1.126817e-26
18	971.272806	1.951030e-08	8.375000e-01	1.557897e-26
18	111.922004	4.589246e-08	9.550000e-01	4.043916e-11
18	112.660348	9.390643e-08	9.775000e-01	4.384632e-11
18	155.559643	1.962847e-08	8.850000e-01	1.131323e-26
18	212.752722	1.959914e-08	8.775000e-01	6.575805e-27
18	110.872094	2.085050e-08	9.050000e-01	6.509177e-12
18	111.044134	2.997665e-08	9.325000e-01	3.066788e-11
18	830.565255	1.951770e-08	8.425000e-01	1.103993e-26
18	111.417698	3.550166e-08	9.425000e-01	3.592939e-11
18	110.711486	2.275756e-08	9.125000e-01	1.474121e-11
18	112.812266	1.422232e-07	9.850000e-01	4.388599e-11
18	111.822532	4.337426e-08	9.525000e-01	3.970457e-11
18	2137.519951	1.947700e-08	8.075000e-01	5.718812e-26
18	171.931736	1.961794e-08	8.825000e-01	1.285361e-26
18	212.752725	1.959914e-08	8.775000e-01	6.682007e-27
18	7042.370469	2.106168e-08	7.850009e-01	1.000000e-08
18	111.044134	2.997665e-08	9.325000e-01	3.066788e-11
18	111.619959	3.906078e-08	9.475000e-01	3.799017e-11
18	830.565253	1.951770e-08	8.425000e-01	5.882931e-27
18	5132.435877	1.944731e-08	7.625000e-01	1.984836e-25
18	111.417698	3.550167e-08	9.425000e-01	3.592939e-11
18	110.963760	2.884454e-08	9.300000e-01	2.909498e-11
18	5132.434875	1.944731e-08	7.625000e-01	2.270509e-25
18	112.455212	6.986439e-08	9.700000e-01	4.329946e-11
18	865.159511	2.397946e-10	9.200000e-01	1.777110e-24
18	294.864064	1.957549e-08	8.700000e-01	8.582160e-27
18	212.752723	1.959914e-08	8.775000e-01	2.567604e-27
18	1126.457293	1.950354e-08	8.325000e-01	2.165634e-27
18	141.820423	1.963987e-08	8.875000e-01	1.118969e-27
18	866.013409	1.525841e-10	8.975000e-01	3.427996e-24
18	112.330558	1.969693e-08	8.975000e-01	5.137948e-26
18	2137.519967	1.947700e-08	8.075000e-01	3.813852e-27
18	539.032424	1.953970e-08	8.550000e-01	1.456015e-26
18	112.900345	4.460170e-07	9.950001e-01	4.324476e-11
18	111.222933	3.251602e-08	9.375000e-01	3.349749e-11
18	112.529014	7.641458e-08	9.725000e-01	4.354171e-11
18	861.841592	5.314819e-10	9.450000e-01	3.622547e-25
18	2261.817074	1.947486e-08	8.050000e-01	8.393719e-26
18	112.376423	6.432582e-08	9.675000e-01	4.299423e-11
18	765.490117	1.952167e-08	8.450000e-01	9.591281e-27
18	1581.052215	1.948897e-08	8.200000e-01	3.769470e-26
18	860.801530	6.367835e-10	9.500000e-01	8.079911e-26
18	110.711486	2.275756e-08	9.125000e-01	1.474121e-11
18	830.565253	1.951770e-08	8.425000e-01	3.357956e-26
18	112.376423	6.432581e-08	9.675000e-01	4.299423e-11
18	110.775699	2.589245e-08	9.225000e-01	2.369653e-11
18	110.711486	2.275756e-08	9.125000e-01	1.474121e-11
18	6336.567063	1.954872e-08	7.525000e-01	1.000000e-08
18	111.822532	4.337426e-08	9.525000e-01	3.970457e-11
18	294.864066	1.957549e-08	8.700000e-01	1.406000e-26
18	4713.358912	1.944988e-08	7.675000e-01	2.893896e-25
18	111.130953	3.119697e-08	9.350000e-01	3.213415e-11
18	155.559650	1.962847e-08	8.850000e-01	6.369267e-27
18	155.559643	1.962847e-08	8.850000e-01	1.739038e-26
18	155.559639	1.962847e-08	8.850000e-01	1.537031e-26
18	2524.014520	1.947080e-08	8.000000e-01	3.732547e-26
18	110.736027	2.503351e-08	9.200000e-01	2.165595e-11
18	4512.620997	1.945122e-08	7.700000e-01	1.913229e-25
18	111.619959	3.906078e-08	9.475000e-01	3.799017e-11
18	1209.632620	1.950038e-08	8.300000e-01	4.701952e-26
18	112.717292	1.059542e-07	9.800000e-01	4.391308e-11
18	703.856061	1.952584e-08	8.475000e-01	5.473023e-26
18	1387.467677	1.949444e-08	8.250000e-01	5.098647e-26
18	2261.817020	1.947486e-08	8.050000e-01	3.717364e-26
18	110.827999	2.680979e-08	9.250000e-01	2.561352e-11
18	866.285448	1.161198e-10	8.775000e-01	3.828215e-25
18	112.330559	1.969693e-08	8.975000e-01	2.580034e-26
18	5132.435560	1.944731e-08	7.625000e-01	3.579866e-25
18	7102.381248	2.118787e-08	7.875009e-01	1.000000e-08
18	112.812266	1.422232e-07	9.850000e-01	4.388599e-11
18	4713.358654	1.944988e-08	7.675000e-01	1.021290e-25
18	4317.614819	1.945259e-08	7.725000e-01	1.451257e-25
18	112.849514	1.714017e-07	9.875001e-01	4.379618e-11
18	112.878926	2.155108e-07	9.900001e-01	4.365813e-11
18	112.878926	2.155108e-07	9.900001e-01	4.365813e-11
18	2137.519933	1.947700e-08	8.075000e-01	2.789239e-26
18	111.111723	1.974340e-08	9.000000e-01	1.885932e-13
18	110.736027	2.503351e-08	9.200000e-01	2.165596e-11
18	5350.977364	1.944608e-08	7.600000e-01	1.126858e-25
18	112.812266	1.422232e-07	9.850000e-01	4.388599e-11
18	111.417698	3.550167e-08	9.425000e-01	3.592939e-11
18	171.931745	1.961794e-08	8.825000e-01	6.587987e-27
18	765.490106	1.952167e-08	8.450000e-01	2.419766e-27
18	111.822532	4.337426e-08	9.525000e-01	3.970457e-11
18	1047.024903	1.950685e-08	8.350000e-01	2.039714e-26
18	4128.242056	1.945401e-08	7.750000e-01	8.470819e-26
18	111.721610	4.110909e-08	9.500000e-01	3.888919e-11
18	645.605770	1.953023e-08	8.500000e-01	5.218586e-27
18	1047.024892	1.950685e-08	8.350000e-01	1.534957e-26
18	2524.014512	1.947080e-08	8.000000e-01	6.013296e-26
18	2524.014540	1.947080e-08	8.000000e-01	4.991300e-26
18	364.078341	1.956211e-08	8.650000e-01	8.642087e-27
18	110.827999	2.680979e-08	9.250000e-01	2.561352e-11
18	130.670472	1.965228e-08	8.900000e-01	4.147527e-26
18	4128.242142	1.945401e-08	7.750000e-01	1.621577e-26
18	110.736027	2.503351e-08	9.200000e-01	2.165596e-11
18	110.710800	2.422773e-08	9.175000e-01	1.948684e-11
18	2390.622792	1.947279e-08	8.025000e-01	6.462018e-26
18	-1.000000	-1.000000e+00	-1.000000e+00	-1.000000e+00
18	6287.673860	1.944147e-08	7.500000e-01	9.943494e-09
18	4128.242240	1.945401e-08	7.750000e-01	8.848609e-27
18	2804.873241	1.946700e-08	7.950000e-01	2.998299e-26
18	7102.381194	2.118787e-08	7.875009e-01	1.000000e-08
18	6287.673880	1.944147e-08	7.500000e-01	9.939077e-09
18	645.605769	1.953022e-08	8.500000e-01	2.291289e-26
18	110.872094	2.085050e-08	9.050000e-01	6.509176e-12
18	866.476580	8.736480e-11	8.500000e-01	5.338808e-24
18	112.293014	5.958138e-08	9.650000e-01	4.262368e-11
18	5575.663118	1.944488e-08	7.575000e-01	1.107873e-24
18	212.752721	1.959914e-08	8.775000e-01	3.337168e-27
18	112.900345	4.460169e-07	9.950001e-01	4.324476e-11
18	6386.194801	1.965720e-08	7.550000e-01	1.000000e-08
18	141.820432	1.963987e-08	8.875000e-01	1.596058e-27
18	112.293014	5.958138e-08	9.650000e-01	4.262368e-11
18	111.619959	3.906078e-08	9.475000e-01	3.799017e-11
18	971.272803	1.951030e-08	8.375000e-01	5.759629e-26
18	110.977130	2.028220e-08	9.025000e-01	3.438171e-12
18	6287.673825	1.944147e-08	7.500000e-01	9.938839e-09
18	111.922004	4.589246e-08	9.550000e-01	4.043916e-11
18	110.710800	2.422773e-08	9.175000e-01	1.948684e-11
18	858.700784	8.551814e-10	9.575000e-01	4.055915e-25
18	112.114009	5.187789e-08	9.600000e-01	4.167693e-11
18	2524.014573	1.947080e-08	8.000000e-01	5.076423e-26
18	111.417698	3.550167e-08	9.425000e-01	3.592939e-11
18	112.900345	4.460169e-07	9.950001e-01	4.324476e-11
18	110.736027	2.503351e-08	9.200000e-01	2.165595e-11
18	112.898340	2.902032e-07	9.925001e-01	4.347371e-11
18	1790.927936	1.948391e-08	8.150000e-01	6.143104e-27
18	-1.000000	-1.000000e+00	-1.000000e+00	-1.000000e+00
18	4512.620942	1.945122e-08	7.700000e-01	9.755207e-26
18	111.518369	3.719978e-08	9.450000e-01	3.700459e-11
18	5350.977334	1.944608e-08	7.600000e-01	1.726521e-25
18	1482.257835	1.949165e-08	8.225000e-01	3.032065e-26
18	111.222932	3.251602e-08	9.375000e-01	3.349749e-11
18	294.864087	1.957549e-08	8.700000e-01	9.408542e-27
18	866.512101	8.175325e-11	8.425000e-01	1.019056e-23
18	112.866826	1.027108e-06	9.975003e-01	4.297328e-11
18	141.820432	1.963987e-08	8.875000e-01	2.377620e-26
18	3105.041608	1.946344e-08	7.900000e-01	1.501845e-25
18	4128.242545	1.945401e-08	7.750000e-01	1.208053e-25
18	111.721610	4.110908e-08	9.500000e-01	3.888919e-11
18	6336.567187	1.954872e-08	7.525000e-01	1.000000e-08
18	112.597494	8.428140e-08	9.750000e-01	4.372325e-11
18	110.710800	2.422773e-08	9.175000e-01	1.948684e-11
18	865.961628	1.588945e-10	9.000000e-01	2.017256e-24
18	112.768040	1.214734e-07	9.825000e-01	4.392562e-11
18	110.794331	2.145068e-08	9.075000e-01	9.411156e-12
18	1683.919106	1.948639e-08	8.175000e-01	1.514734e-26
18	110.736027	2.503351e-08	9.200000e-01	2.165595e-11
18	4713.358584	1.944988e-08	7.675000e-01	2.076521e-25
18	112.330558	1.969693e-08	8.975000e-01	4.112990e-26
18	3944.407591	1.945546e-08	7.775000e-01	1.464003e-25
18	-1.000000	-1.000000e+00	-1.000000e+00	-1.000000e+00
18	264.647187	1.958284e-08	8.725000e-01	6.344221e-28
18	765.490134	1.952167e-08	8.450000e-01	7.844441e-27
18	155.559648	1.962847e-08	8.850000e-01	6.822115e-27
18	866.651871	5.831186e-11	7.975000e-01	9.953619e-24
18	1482.257830	1.949165e-08	8.225000e-01	9.144536e-27
18	4128.242390	1.945401e-08	7.750000e-01	1.366530e-26
18	5350.977349	1.944608e-08	7.600000e-01	2.601568e-25
18	110.794331	2.145068e-08	9.075000e-01	9.411157e-12
18	237.292563	1.959071e-08	8.750000e-01	1.064539e-26
18	112.293014	5.958138e-08	9.650000e-01	4.262368e-11
18	2017.655657	1.947922e-08	8.100000e-01	1.105537e-26
18	2017.655680	1.947922e-08	8.100000e-01	2.537231e-26
18	865.961628	1.588945e-10	9.000000e-01	6.509829e-25
18	111.222932	3.251602e-08	9.375000e-01	3.349749e-11
18	3766.015066	1.945696e-08	7.800000e-01	7.259519e-26
18	112.114009	5.187789e-08	9.600000e-01	4.167693e-11
18	4317.614635	1.945259e-08	7.725000e-01	3.768278e-26
18	765.490118	1.952167e-08	8.450000e-01	1.049071e-27
18	3105.041874	1.946344e-08	7.900000e-01	1.963688e-26
18	111.922004	4.589246e-08	9.550000e-01	4.043916e-11
18	155.559650	1.962847e-08	8.850000e-01	6.259086e-27
18	111.922004	4.589246e-08	9.550000e-01	4.043916e-11
18	111.318881	3.394610e-08	9.400000e-01	3.476144e-11
18	112.812266	1.422232e-07	9.850000e-01	4.388599e-11
18	4128.242027	1.945401e-08	7.750000e-01	9.663338e-26
18	1683.919087	1.948639e-08	8.175000e-01	1.056113e-26
18	2017.655640	1.947922e-08	8.100000e-01	3.436781e-26
18	112.529014	7.641458e-08	9.725000e-01	4.354171e-11
18	110.741548	2.208539e-08	9.100000e-01	1.215262e-11
18	445.331249	1.955027e-08	8.600000e-01	4.956654e-27
18	2017.655616	1.947922e-08	8.100000e-01	1.839076e-26
18	4128.242200	1.945401e-08	7.750000e-01	8.297143e-26
18	3766.014838	1.945696e-08	7.800000e-01	2.080226e-26
18	171.931749	1.961794e-08	8.825000e-01	2.324902e-27
18	3592.972443	1.945851e-08	7.825000e-01	5.492430e-27
18	112.878926	2.155108e-07	9.900001e-01	4.365813e-11
18	112.898340	2.902032e-07	9.925001e-01	4.347371e-11
18	1209.632664	1.950038e-08	8.300000e-01	4.319762e-26
18	765.490120	1.952167e-08	8.450000e-01	4.891263e-26
18	111.822532	4.337426e-08	9.525000e-01	3.970457e-11
18	-1.000000	-1.000000e+00	-1.000000e+00	-1.000000e+00
18	862.742919	4.460940e-10	9.400000e-01	2.175943e-25
18	3766.015060	1.945696e-08	7.800000e-01	1.401256e-25
18	237.292560	1.959071e-08	8.750000e-01	1.023415e-26
18	1790.927898	1.948391e-08	8.150000e-01	1.951202e-26
18	155.559644	1.962847e-08	8.850000e-01	1.049379e-26
18	4713.358836	1.944988e-08	7.675000e-01	4.480458e-26
18	111.130953	3.119697e-08	9.350000e-01	3.213415e-11
18	237.292561	1.959071e-08	8.750000e-01	4.815514e-27
18	112.455212	6.986440e-08	9.700000e-01	4.329946e-11
18	2137.520057	1.947700e-08	8.075000e-01	2.196825e-25
18	110.701944	2.347045e-08	9.150000e-01	1.718385e-11
18	112.717292	1.059542e-07	9.800000e-01	4.391308e-11
18	212.752710	1.959914e-08	8.775000e-01	1.750758e-26
18	1581.052197	1.948897e-08	8.200000e-01	7.499937e-27
18	866.522891	8.002848e-11	8.400000e-01	1.597562e-23
18	110.701944	2.347045e-08	9.150000e-01	1.718385e-11
18	112.878926	2.155108e-07	9.900001e-01	4.365813e-11
18	111.518369	3.719978e-08	9.450000e-01	3.700458e-11
18	2804.873187	1.946700e-08	7.950000e-01	3.330513e-26
18	2952.502715	1.946519e-08	7.925000e-01	3.452647e-26
18	4512.620887	1.945122e-08	7.700000e-01	9.988312e-26
18	6287.673850	1.944147e-08	7.500000e-01	9.951771e-09
18	866.680976	5.294929e-11	7.825000e-01	6.242894e-23
18	4512.620789	1.945122e-08	7.700000e-01	4.305947e-25
18	111.044134	2.997665e-08	9.325000e-01	3.066788e-11
18	112.376423	6.432581e-08	9.675000e-01	4.299423e-11
18	1047.024893	1.950685e-08	8.350000e-01	8.349293e-27
18	364.078333	1.956211e-08	8.650000e-01	9.767632e-27
18	5575.663791	1.944489e-08	7.575000e-01	7.754921e-25
18	111.518369	3.719978e-08	9.450000e-01	3.700458e-11
18	111.130953	3.119697e-08	9.350000e-01	3.213415e-11
18	112.330558	1.969693e-08	8.975000e-01	1.073339e-26
18	3944.407334	1.945546e-08	7.775000e-01	7.141948e-26
18	3105.041682	1.946344e-08	7.900000e-01	1.347714e-26
18	7102.381213	2.118787e-08	7.875009e-01	1.000000e-08
18	110.741548	2.208539e-08	9.100000e-01	1.215262e-11
18	112.597494	8.428140e-08	9.750000e-01	4.372325e-11
18	110.794331	2.145068e-08	9.075000e-01	9.411157e-12
18	112.866826	1.027107e-06	9.975003e-01	4.297328e-11
18	110.741548	2.208539e-08	9.100000e-01	1.215262e-11
18	1296.614589	1.949735e-08	8.275000e-01	1.517491e-26
18	1296.614606	1.949735e-08	8.275000e-01	4.424122e-26
18	111.044134	2.997665e-08	9.325000e-01	3.066788e-11
18	110.710800	2.422773e-08	9.175000e-01	1.948684e-11
18	539.032435	1.953970e-08	8.550000e-01	8.325058e-27
18	1902.149377	1.948152e-08	8.125000e-01	5.353420e-27
18	112.660348	9.390643e-08	9.775000e-01	4.384632e-11
18	111.721610	4.110909e-08	9.500000e-01	3.888919e-11
18	1209.632634	1.950038e-08	8.300000e-01	3.104696e-26
18	130.670467	1.965228e-08	8.900000e-01	1.866773e-28
18	111.822532	4.337426e-08	9.525000e-01	3.970457e-11
18	4128.242367	1.945401e-08	7.750000e-01	2.713602e-26
18	1296.614589	1.949735e-08	8.275000e-01	4.400518e-26
18	403.174681	1.955602e-08	8.625000e-01	4.660502e-26
18	866.059702	1.467769e-10	8.950000e-01	2.253934e-24
18	3944.407529	1.945546e-08	7.775000e-01	1.200045e-25
18	2804.873120	1.946700e-08	7.950000e-01	4.635521e-27
18	2524.014541	1.947080e-08	8.000000e-01	2.555810e-26
18	5132.435406	1.944731e-08	7.625000e-01	1.950019e-25
18	171.931732	1.961794e-08	8.825000e-01	5.680064e-27
18	110.736027	2.503351e-08	9.200000e-01	2.165595e-11
18	1296.614599	1.949735e-08	8.275000e-01	3.715504e-26
18	1296.614594	1.949735e-08	8.275000e-01	1.928750e-26
18	830.565254	1.951770e-08	8.425000e-01	2.550844e-27
18	1126.457276	1.950354e-08	8.325000e-01	2.214191e-26
18	3592.972580	1.945851e-08	7.825000e-01	1.318387e-26
18	866.657158	5.735651e-11	7.950000e-01	1.366926e-23
18	1683.918995	1.948639e-08	8.175000e-01	1.262013e-26
18	130.670471	1.965228e-08	8.900000e-01	1.250447e-26
18	1683.919051	1.948639e-08	8.175000e-01	1.672562e-26
18	490.599641	1.954484e-08	8.575000e-01	9.399525e-26
18	2662.071367	1.946887e-08	7.975000e-01	3.863131e-26
18	112.455212	6.986439e-08	9.700000e-01	4.329946e-11
18	645.605762	1.953022e-08	8.500000e-01	1.132088e-27
18	110.736027	2.503351e-08	9.200000e-01	2.165596e-11
18	4317.614385	1.945259e-08	7.725000e-01	7.503440e-27
18	6336.567154	1.954872e-08	7.525000e-01	1.000000e-08
18	2804.873267	1.946700e-08	7.950000e-01	3.456918e-26
18	130.670471	1.965228e-08	8.900000e-01	1.126377e-27
18	539.032421	1.953970e-08	8.550000e-01	1.358372e-26
18	2137.519961	1.947700e-08	8.075000e-01	3.331810e-26
18	112.330559	1.969693e-08	8.975000e-01	3.817793e-26
18	1387.467692	1.949444e-08	8.250000e-01	3.799604e-26
18	1387.467687	1.949444e-08	8.250000e-01	1.157843e-26
18	112.019364	4.870838e-08	9.575000e-01	4.109572e-11
18	112.660348	9.390644e-08	9.775000e-01	4.384632e-11
18	1126.457317	1.950354e-08	8.325000e-01	2.587554e-26
18	115.967407	1.968062e-08	8.950000e-01	1.045273e-26
18	130.670475	1.965228e-08	8.900000e-01	5.244411e-27
18	590.683008	1.953484e-08	8.525000e-01	2.044529e-26
18	130.670475	1.965228e-08	8.900000e-01	5.716472e-27
18	862.742919	4.460940e-10	9.400000e-01	1.494194e-25
18	112.900345	4.460171e-07	9.950001e-01	4.324476e-11
18	1387.467667	1.949444e-08	8.250000e-01	3.047169e-26
18	110.872094	2.085050e-08	9.050000e-01	6.509176e-12
18	130.670468	1.965228e-08	8.900000e-01	1.310212e-26
18	864.971948	2.561812e-10	9.225000e-01	1.038700e-25
18	590.682995	1.953484e-08	8.525000e-01	2.739432e-27
18	866.059702	1.467769e-10	8.950000e-01	9.029782e-24
18	7042.370502	2.106168e-08	7.850009e-01	1.000000e-08
18	590.683015	1.953484e-08	8.525000e-01	2.023768e-26
18	403.174702	1.955602e-08	8.625000e-01	3.018163e-27
18	327.991450	1.956859e-08	8.675000e-01	4.789501e-27
18	4713.358616	1.944988e-08	7.675000e-01	1.767192e-25
18	110.963760	2.884454e-08	9.300000e-01	2.909497e-11
18	6287.673818	1.944147e-08	7.500000e-01	9.992401e-09
18	111.518369	3.719978e-08	9.450000e-01	3.700458e-11
18	264.647183	1.958284e-08	8.725000e-01	3.582786e-27
18	130.670465	1.965228e-08	8.900000e-01	9.552632e-27
18	111.044134	2.997665e-08	9.325000e-01	3.066788e-11
18	130.670473	1.965228e-08	8.900000e-01	2.568385e-26
18	112.898340	2.902032e-07	9.925001e-01	4.347371e-11
18	110.827999	2.680979e-08	9.250000e-01	2.561353e-11
18	1387.467675	1.949444e-08	8.250000e-01	3.626996e-26
18	1387.467661	1.949444e-08	8.250000e-01	3.505502e-26
18	110.710800	2.422773e-08	9.175000e-01	1.948684e-11
18	4512.620734	1.945122e-08	7.700000e-01	9.681992e-26
18	1296.614590	1.949735e-08	8.275000e-01	1.423510e-26
18	112.866826	1.027108e-06	9.975003e-01	4.297328e-11
18	2017.655651	1.947922e-08	8.100000e-01	6.709394e-26
18	111.111723	1.974340e-08	9.000000e-01	1.885939e-13
18	111.619959	3.906078e-08	9.475000e-01	3.799018e-11
18	111.922004	4.589246e-08	9.550000e-01	4.043916e-11
18	830.565249	1.951770e-08	8.425000e-01	1.041835e-26
18	111.111723	1.974340e-08	9.000000e-01	1.885927e-13
18	1790.927889	1.948391e-08	8.150000e-01	2.254875e-26
18	111.130953	3.119697e-08	9.350000e-01	3.213415e-11
18	112.293014	5.958138e-08	9.650000e-01	4.262368e-11
18	2662.071359	1.946887e-08	7.975000e-01	2.251605e-26
18	866.233861	1.234639e-10	8.825000e-01	3.121829e-24
18	866.204911	1.274999e-10	8.850000e-01	1.537445e-24
18	110.741548	2.208539e-08	9.100000e-01	1.215262e-11
18	1683.918997	1.948639e-08	8.175000e-01	1.106201e-26
18	490.599610	1.954484e-08	8.575000e-01	1.840465e-26
18	110.891218	2.779154e-08	9.275000e-01	2.741156e-11
18	1296.614579	1.949735e-08	8.275000e-01	2.870503e-26
18	111.721610	4.110908e-08	9.500000e-01	3.888919e-11
18	112.878926	2.155108e-07	9.900001e-01	4.365813e-11
18	1581.052241	1.948897e-08	8.200000e-01	4.227912e-26
18	1209.632636	1.950038e-08	8.300000e-01	2.544416e-26
18	1126.457305	1.950354e-08	8.325000e-01	3.479757e-26
18	112.717292	1.059542e-07	9.800000e-01	4.391308e-11
18	6336.567101	1.954872e-08	7.525000e-01	1.000000e-08
18	112.376423	6.432581e-08	9.675000e-01	4.299423e-11
18	111.721610	4.110909e-08	9.500000e-01	3.888919e-11
18	3944.407328	1.945546e-08	7.775000e-01	1.238158e-26
18	112.866826	1.027108e-06	9.975003e-01	4.297328e-11
18	212.752710	1.959914e-08	8.775000e-01	3.485841e-28
18	6386.194929	1.965720e-08	7.550000e-01	1.000000e-08
18	264.647200	1.958285e-08	8.725000e-01	1.948118e-27
18	110.827999	2.680979e-08	9.250000e-01	2.561352e-11
18	111.222933	3.251602e-08	9.375000e-01	3.349750e-11
18	490.599641	1.954484e-08	8.575000e-01	8.023288e-27
18	111.111723	1.974340e-08	9.000000e-01	1.885936e-13
18	3766.014870	1.945696e-08	7.800000e-01	8.429826e-26
18	7042.370536	2.106168e-08	7.850009e-01	1.000000e-08
18	590.683005	1.953484e-08	8.525000e-01	1.504399e-26
18	2662.071308	1.946887e-08	7.975000e-01	4.161498e-26
18	971.272826	1.951030e-08	8.375000e-01	6.493356e-26
18	865.961628	1.588945e-10	9.000000e-01	2.454957e-24
18	294.864086	1.957549e-08	8.700000e-01	9.305928e-27
18	5350.977069	1.944608e-08	7.600000e-01	3.405164e-25
18	364.078339	1.956211e-08	8.650000e-01	4.923323e-27
18	112.866826	1.027108e-06	9.975003e-01	4.297328e-11
18	110.741548	2.208539e-08	9.100000e-01	1.215262e-11
18	4919.929184	1.944858e-08	7.650000e-01	7.657312e-26
18	110.872094	2.085050e-08	9.050000e-01	6.509176e-12
18	3766.015336	1.945696e-08	7.800000e-01	1.998684e-25
18	122.066868	1.966580e-08	8.925000e-01	5.185578e-27
18	2017.655664	1.947922e-08	8.100000e-01	9.075444e-26
18	112.849514	1.714017e-07	9.875001e-01	4.379618e-11
18	866.013409	1.525841e-10	8.975000e-01	2.404761e-24
18	130.670474	1.965228e-08	8.900000e-01	8.058766e-26
18	703.856051	1.952584e-08	8.475000e-01	2.574818e-26
18	112.849514	1.714017e-07	9.875000e-01	4.379618e-11
18	122.066868	1.966580e-08	8.925000e-01	4.137548e-27
18	112.376423	6.432581e-08	9.675000e-01	4.299423e-11
18	112.293014	5.958138e-08	9.650000e-01	4.262368e-11
18	141.820427	1.963987e-08	8.875000e-01	3.447105e-27
18	112.900345	4.460171e-07	9.950001e-01	4.324476e-11
18	110.736027	2.503351e-08	9.200000e-01	2.165595e-11
18	859.511221	7.713299e-10	9.550000e-01	1.709751e-26
18	2390.622788	1.947279e-08	8.025000e-01	1.578810e-26
18	111.318881	3.394611e-08	9.400000e-01	3.476144e-11
18	865.961628	1.588945e-10	9.000000e-01	3.084064e-24
18	112.455212	6.986439e-08	9.700000e-01	4.329946e-11
18	2261.817012	1.947486e-08	8.050000e-01	7.693270e-27
18	130.670470	1.965228e-08	8.900000e-01	1.175440e-26
18	110.711486	2.275756e-08	9.125000e-01	1.474121e-11
18	860.198993	6.995083e-10	9.525000e-01	2.912438e-25
18	110.710800	2.422773e-08	9.175000e-01	1.948684e-11
18	1902.149428	1.948152e-08	8.125000e-01	1.799095e-26
18	4919.929269	1.944858e-08	7.650000e-01	5.516352e-26
18	4512.620698	1.945122e-08	7.700000e-01	4.245484e-26
18	866.561621	7.374741e-11	8.300000e-01	3.392241e-23
18	866.476580	8.736480e-11	8.500000e-01	1.466288e-23
18	445.331239	1.955027e-08	8.600000e-01	3.323507e-26
18	6386.194829	1.965720e-08	7.550000e-01	1.000000e-08
18	858.700784	8.551814e-10	9.575000e-01	4.359284e-26
18	490.599644	1.954484e-08	8.575000e-01	4.182497e-26
18	141.820432	1.963987e-08	8.875000e-01	2.617225e-27
18	110.827999	2.680979e-08	9.250000e-01	2.561353e-11
18	403.174708	1.955602e-08	8.625000e-01	3.223191e-26
18	703.856037	1.952584e-08	8.475000e-01	1.187348e-26
18	645.605778	1.953022e-08	8.500000e-01	3.066134e-26
18	112.849514	1.714017e-07	9.875000e-01	4.379618e-11
18	110.872094	2.085050e-08	9.050000e-01	6.509178e-12
18	111.721610	4.110908e-08	9.500000e-01	3.888919e-11
18	112.019364	4.870838e-08	9.575000e-01	4.109572e-11
18	2390.622796	1.947279e-08	8.025000e-01	3.516529e-26
18	445.331245	1.955027e-08	8.600000e-01	1.238261e-26
18	1047.024901	1.950685e-08	8.350000e-01	3.397447e-27
18	112.898340	2.902031e-07	9.925001e-01	4.347371e-11
18	111.619959	3.906078e-08	9.475000e-01	3.799017e-11
18	6287.673828	1.944147e-08	7.500000e-01	9.949235e-09
18	190.981064	1.960819e-08	8.800000e-01	8.244167e-27
18	327.991443	1.956859e-08	8.675000e-01	7.153109e-27
18	111.130953	3.119697e-08	9.350000e-01	3.213415e-11
18	1209.632609	1.950038e-08	8.300000e-01	8.687600e-26
18	866.628699	6.241782e-11	8.075000e-01	7.856569e-24
18	294.864082	1.957549e-08	8.700000e-01	2.135876e-26
18	866.013409	1.525841e-10	8.975000e-01	3.250402e-24
18	112.597494	8.428140e-08	9.750000e-01	4.372325e-11
18	112.900345	4.460171e-07	9.950001e-01	4.324476e-11
18	111.518369	3.719978e-08	9.450000e-01	3.700459e-11
18	155.559641	1.962847e-08	8.850000e-01	4.179165e-27
18	112.898340	2.902032e-07	9.925001e-01	4.347371e-11
18	539.032434	1.953970e-08	8.550000e-01	6.754417e-27
18	110.827999	2.680979e-08	9.250000e-01	2.561352e-11
18	765.490097	1.952167e-08	8.450000e-01	5.759439e-27
18	7102.381171	2.118787e-08	7.875009e-01	1.000000e-08
18	111.111723	1.974340e-08	9.000000e-01	1.885919e-13
18	111.619959	3.906078e-08	9.475000e-01	3.799017e-11
18	590.682997	1.953484e-08	8.525000e-01	2.711656e-26
18	264.647203	1.958285e-08	8.725000e-01	1.767654e-26
18	2137.519985	1.947700e-08	8.075000e-01	1.879833e-26
18	-1.000000	-1.000000e+00	-1.000000e+00	-1.000000e+00
18	110.736027	2.503351e-08	9.200000e-01	2.165595e-11
18	112.900345	4.460170e-07	9.950001e-01	4.324476e-11
18	237.292538	1.959071e-08	8.750000e-01	1.300927e-26
18	2261.816997	1.947486e-08	8.050000e-01	1.740986e-26
18	110.963760	2.884454e-08	9.300000e-01	2.909497e-11
18	7102.381222	2.118787e-08	7.875009e-01	1.000000e-08
18	645.605785	1.953022e-08	8.500000e-01	1.271455e-26
18	111.518369	3.719978e-08	9.450000e-01	3.700459e-11
18	-1.000000	-1.000000e+00	-1.000000e+00	-1.000000e+00
18	4713.358792	1.944988e-08	7.675000e-01	1.960778e-25
18	110.977130	2.028220e-08	9.025000e-01	3.438170e-12
18	110.711486	2.275756e-08	9.125000e-01	1.474121e-11
18	112.900345	4.460171e-07	9.950001e-01	4.324476e-11
18	112.597494	8.428139e-08	9.750000e-01	4.372325e-11
18	111.619959	3.906078e-08	9.475000e-01	3.799017e-11
18	866.139088	1.364395e-10	8.900000e-01	1.563006e-24
18	861.841592	5.314819e-10	9.450000e-01	2.358123e-25
18	4713.358742	1.944988e-08	7.675000e-01	2.088918e-25
18	112.866826	1.027108e-06	9.975003e-01	4.297328e-11
18	110.701944	2.347045e-08	9.150000e-01	1.718385e-11
18	2261.817069	1.947486e-08	8.050000e-01	4.924923e-27
18	110.963760	2.884454e-08	9.300000e-01	2.909497e-11
18	1683.919060	1.948639e-08	8.175000e-01	1.712598e-26
18	2524.014630	1.947080e-08	8.000000e-01	7.272875e-26
18	112.376423	6.432581e-08	9.675000e-01	4.299423e-11
18	112.866826	1.027107e-06	9.975003e-01	4.297328e-11
18	112.455212	6.986439e-08	9.700000e-01	4.329946e-11
18	4919.929431	1.944858e-08	7.650000e-01	5.198499e-25
18	111.111723	1.974340e-08	9.000000e-01	1.885945e-13
18	327.991451	1.956859e-08	8.675000e-01	1.367375e-26
18	1790.927818	1.948391e-08	8.150000e-01	1.050109e-25
18	112.376423	6.432581e-08	9.675000e-01	4.299423e-11
18	971.272809	1.951030e-08	8.375000e-01	2.103386e-26
18	2261.816967	1.947486e-08	8.050000e-01	3.353455e-26
18	645.605777	1.953022e-08	8.500000e-01	9.278469e-27
18	111.318881	3.394611e-08	9.400000e-01	3.476144e-11
18	110.711486	2.275756e-08	9.125000e-01	1.474121e-11
18	2261.816970	1.947486e-08	8.050000e-01	1.251913e-25
18	112.597494	8.428140e-08	9.750000e-01	4.372325e-11
18	111.518369	3.719978e-08	9.450000e-01	3.700459e-11
18	110.701944	2.347045e-08	9.150000e-01	1.718385e-11
18	171.931741	1.961794e-08	8.825000e-01	4.248854e-27
18	1581.052226	1.948897e-08	8.200000e-01	4.993909e-26
18	110.701944	2.347045e-08	9.150000e-01	1.718385e-11
18	851.754963	1.526909e-09	9.675000e-01	2.646796e-27
18	539.032409	1.953970e-08	8.550000e-01	3.354362e-27
18	112.866826	1.027107e-06	9.975003e-01	4.297328e-11
18	1683.919063	1.948639e-08	8.175000e-01	4.884389e-26
18	115.967408	1.968062e-08	8.950000e-01	5.657652e-27
18	111.222932	3.251602e-08	9.375000e-01	3.349749e-11
18	7042.370561	2.106168e-08	7.850009e-01	1.000000e-08
18	110.711486	2.275756e-08	9.125000e-01	1.474121e-11
18	112.768040	1.214734e-07	9.825000e-01	4.392562e-11
18	3592.972537	1.945851e-08	7.825000e-01	3.482882e-26
18	111.417698	3.550167e-08	9.425000e-01	3.592939e-11
18	110.701944	2.347045e-08	9.150000e-01	1.718385e-11
18	112.768040	1.214734e-07	9.825000e-01	4.392562e-11
18	-1.000000	-1.000000e+00	-1.000000e+00	-1.000000e+00
18	190.981065	1.960819e-08	8.800000e-01	7.014988e-27
18	112.529014	7.641458e-08	9.725000e-01	4.354171e-11
18	111.721610	4.110909e-08	9.500000e-01	3.888919e-11
18	112.114009	5.187789e-08	9.600000e-01	4.167693e-11
18	862.742919	4.460940e-10	9.400000e-01	4.699877e-25
18	111.130953	3.119697e-08	9.350000e-01	3.213415e-11
18	1790.927896	1.948391e-08	8.150000e-01	7.109706e-26
18	110.794331	2.145068e-08	9.075000e-01	9.411156e-12
18	112.330558	1.969693e-08	8.975000e-01	1.262781e-26
18	1296.614582	1.949735e-08	8.275000e-01	1.919895e-26
18	866.233861	1.234639e-10	8.825000e-01	4.120637e-24
18	364.078330	1.956211e-08	8.650000e-01	1.206887e-26
18	3105.041748	1.946344e-08	7.900000e-01	1.029117e-25
18	866.059702	1.467769e-10	8.950000e-01	2.351558e-24
18	112.900345	4.460170e-07	9.950001e-01	4.324476e-11
18	190.981064	1.960819e-08	8.800000e-01	1.781646e-26
18	110.977130	2.028220e-08	9.025000e-01	3.438170e-12
18	2137.520016	1.947700e-08	8.075000e-01	3.420302e-26
18	2524.014576	1.947080e-08	8.000000e-01	1.119400e-25
18	122.066863	1.966580e-08	8.925000e-01	1.551690e-26
18	2524.014528	1.947080e-08	8.000000e-01	2.530072e-26
18	110.775699	2.589245e-08	9.225000e-01	2.369653e-11
18	190.981059	1.960819e-08	8.800000e-01	1.881177e-26
18	3592.972732	1.945851e-08	7.825000e-01	1.219241e-25
18	112.019364	4.870838e-08	9.575000e-01	4.109572e-11
18	4713.358635	1.944988e-08	7.675000e-01	3.959533e-25
18	2804.873149	1.946700e-08	7.950000e-01	3.152722e-26
18	112.019364	4.870838e-08	9.575000e-01	4.109572e-11
18	111.130953	3.119697e-08	9.350000e-01	3.213415e-11
18	445.331255	1.955027e-08	8.600000e-01	2.728003e-26
18	866.533212	7.836923e-11	8.375000e-01	1.219518e-23
18	4919.929016	1.944858e-08	7.650000e-01	1.538931e-25
18	851.754962	1.526909e-09	9.675000e-01	5.191717e-26
18	111.318881	3.394610e-08	9.400000e-01	3.476144e-11
18	703.856051	1.952584e-08	8.475000e-01	3.270295e-26
18	2137.520016	1.947700e-08	8.075000e-01	9.533728e-27
18	2952.502687	1.946519e-08	7.925000e-01	3.594120e-27
18	111.518369	3.719978e-08	9.450000e-01	3.700458e-11
18	112.866826	1.027108e-06	9.975003e-01	4.297328e-11
18	364.078337	1.956211e-08	8.650000e-01	2.651918e-26
18	866.704700	4.835289e-11	7.675000e-01	1.994210e-22
18	2390.622786	1.947279e-08	8.025000e-01	3.894689e-27
18	4128.242464	1.945401e-08	7.750000e-01	8.391544e-26
18	112.376423	6.432581e-08	9.675000e-01	4.299423e-11
18	490.599607	1.954484e-08	8.575000e-01	1.930727e-26
18	1683.919080	1.948639e-08	8.175000e-01	1.705282e-26
18	4919.929230	1.944858e-08	7.650000e-01	1.563998e-25
18	2804.873136	1.946700e-08	7.950000e-01	4.685417e-27
18	866.387397	1.010725e-10	8.650000e-01	1.355860e-24
18	899.139703	1.951391e-08	8.400000e-01	9.395064e-27
18	1209.632602	1.950038e-08	8.300000e-01	7.268736e-27
18	4919.928808	1.944858e-08	7.650000e-01	5.733375e-26
18	1296.614594	1.949735e-08	8.275000e-01	3.248581e-26
18	111.111723	1.974340e-08	9.000000e-01	1.885929e-13
18	110.963760	2.884454e-08	9.300000e-01	2.909497e-11
18	1209.632616	1.950038e-08	8.300000e-01	1.423522e-26
18	112.660348	9.390643e-08	9.775000e-01	4.384632e-11
18	111.822532	4.337426e-08	9.525000e-01	3.970457e-11
18	111.222933	3.251602e-08	9.375000e-01	3.349749e-11
18	866.723102	4.695096e-11	8.050000e-01	3.536782e-11
18	111.111723	1.974340e-08	9.000000e-01	1.885934e-13
18	110.741548	2.208539e-08	9.100000e-01	1.215262e-11
18	112.812266	1.422232e-07	9.850000e-01	4.388599e-11
18	115.967405	1.968062e-08	8.950000e-01	3.823059e-27
18	112.898340	2.902031e-07	9.925001e-01	4.347371e-11
18	110.827999	2.680979e-08	9.250000e-01	2.561352e-11
18	110.741548	2.208539e-08	9.100000e-01	1.215262e-11
18	130.670468	1.965228e-08	8.900000e-01	1.453632e-26
18	111.318881	3.394610e-08	9.400000e-01	3.476144e-11
18	112.293014	5.958138e-08	9.650000e-01	4.262368e-11
18	110.977130	2.028220e-08	9.025000e-01	3.438169e-12
18	971.272808	1.951030e-08	8.375000e-01	9.251357e-27
18	112.849514	1.714017e-07	9.875000e-01	4.379618e-11
18	111.222932	3.251602e-08	9.375000e-01	3.349749e-11
18	2390.622795	1.947279e-08	8.025000e-01	8.145402e-27
18	112.849514	1.714016e-07	9.875000e-01	4.379618e-11
18	5350.977269	1.944608e-08	7.600000e-01	2.825487e-25
18	130.670471	1.965228e-08	8.900000e-01	1.538433e-26
18	7042.370607	2.106168e-08	7.850009e-01	1.000000e-08
18	264.647182	1.958284e-08	8.725000e-01	4.870840e-27
18	1902.149383	1.948152e-08	8.125000e-01	2.610769e-28
18	2524.014494	1.947080e-08	8.000000e-01	4.614616e-26
18	110.872094	2.085050e-08	9.050000e-01	6.509176e-12
18	111.222932	3.251602e-08	9.375000e-01	3.349749e-11
18	3766.014936	1.945696e-08	7.800000e-01	5.459803e-26
18	112.529014	7.641458e-08	9.725000e-01	4.354171e-11
18	110.701944	2.347045e-08	9.150000e-01	1.718385e-11
18	856.429428	1.081562e-09	9.625000e-01	4.009337e-25
18	111.111723	1.974340e-08	9.000000e-01	1.885947e-13
18	866.101363	1.414125e-10	8.925000e-01	5.223488e-24
18	112.019364	4.870838e-08	9.575000e-01	4.109572e-11
18	112.597494	8.428140e-08	9.750000e-01	4.372325e-11
18	490.599626	1.954484e-08	8.575000e-01	1.421588e-26
18	1902.149370	1.948152e-08	8.125000e-01	8.462498e-26
18	6386.194875	1.965720e-08	7.550000e-01	1.000000e-08
18	112.768040	1.214734e-07	9.825000e-01	4.392562e-11
18	2261.817019	1.947486e-08	8.050000e-01	1.294879e-26
18	111.822532	4.337426e-08	9.525000e-01	3.970457e-11
18	5132.434879	1.944731e-08	7.625000e-01	5.323258e-26
18	264.647175	1.958284e-08	8.725000e-01	2.525828e-26
18	212.752716	1.959914e-08	8.775000e-01	1.569814e-27
18	111.044134	2.997665e-08	9.325000e-01	3.066788e-11
18	112.849514	1.714017e-07	9.875001e-01	4.379618e-11
18	1482.257829	1.949165e-08	8.225000e-01	2.159905e-26
18	765.490104	1.952167e-08	8.450000e-01	3.017852e-27
18	5575.663107	1.944488e-08	7.575000e-01	2.954497e-25
18	-1.000000	-1.000000e+00	-1.000000e+00	-1.000000e+00
18	112.597494	8.428140e-08	9.750000e-01	4.372325e-11
18	2390.622735	1.947279e-08	8.025000e-01	7.437445e-26
18	111.044134	2.997665e-08	9.325000e-01	3.066788e-11
18	122.066869	1.966580e-08	8.925000e-01	3.170119e-27
18	112.898340	2.902031e-07	9.925001e-01	4.347371e-11
18	112.019364	4.870838e-08	9.575000e-01	4.109572e-11
18	112.293014	5.958138e-08	9.650000e-01	4.262368e-11
18	110.872094	2.085050e-08	9.050000e-01	6.509176e-12
18	112.900345	4.460170e-07	9.950001e-01	4.324476e-11
18	7102.381251	2.118787e-08	7.875009e-01	1.000000e-08
18	971.272815	1.951030e-08	8.375000e-01	1.780295e-26
18	111.518369	3.719978e-08	9.450000e-01	3.700459e-11
18	111.518369	3.719978e-08	9.450000e-01	3.700459e-11
18	112.529014	7.641458e-08	9.725000e-01	4.354170e-11
18	1209.632616	1.950038e-08	8.300000e-01	7.379495e-26
18	2261.816940	1.947486e-08	8.050000e-01	3.666917e-26
18	861.841592	5.314820e-10	9.450000e-01	5.283170e-25
18	110.794331	2.145068e-08	9.075000e-01	9.411158e-12
18	1387.467667	1.949444e-08	8.250000e-01	2.802164e-26
18	112.019364	4.870838e-08	9.575000e-01	4.109572e-11
18	2137.520001	1.947700e-08	8.075000e-01	3.072065e-26
18	8576.311062	2.423641e-08	8.400000e-01	1.000000e-08
18	2261.817051	1.947486e-08	8.050000e-01	5.904259e-26
18	237.292552	1.959071e-08	8.750000e-01	7.370236e-27
18	445.331218	1.955027e-08	8.600000e-01	9.365566e-27
18	765.490115	1.952167e-08	8.450000e-01	1.286504e-26
18	4128.242281	1.945401e-08	7.750000e-01	9.256519e-26
18	112.019364	4.870838e-08	9.575000e-01	4.109572e-11
18	590.683002	1.953484e-08	8.525000e-01	3.676841e-26
18	830.565264	1.951770e-08	8.425000e-01	2.792044e-26
18	112.812266	1.422232e-07	9.850000e-01	4.388599e-11
18	490.599629	1.954484e-08	8.575000e-01	4.928983e-27
18	112.812266	1.422232e-07	9.850000e-01	4.388599e-11
18	171.931735	1.961794e-08	8.825000e-01	1.585998e-26
18	112.812266	1.422232e-07	9.850000e-01	4.388599e-11
18	1482.257731	1.949165e-08	8.225000e-01	5.548442e-26
18	264.647200	1.958284e-08	8.725000e-01	7.651830e-27
18	110.736027	2.503351e-08	9.200000e-01	2.165596e-11
18	5132.434927	1.944731e-08	7.625000e-01	3.261104e-25
18	6336.567126	1.954872e-08	7.525000e-01	1.000000e-08
18	2804.873169	1.946700e-08	7.950000e-01	2.334995e-26
18	2804.873229	1.946700e-08	7.950000e-01	1.478984e-25
18	7102.381274	2.118787e-08	7.875009e-01	1.000000e-08
18	111.619959	3.906078e-08	9.475000e-01	3.799017e-11
18	112.293014	5.958138e-08	9.650000e-01	4.262368e-11
18	2017.655674	1.947922e-08	8.100000e-01	8.738904e-27
18	110.701944	2.347045e-08	9.150000e-01	1.718385e-11
18	765.490103	1.952167e-08	8.450000e-01	9.233236e-27
18	111.044134	2.997665e-08	9.325000e-01	3.066788e-11
18	112.866826	1.027107e-06	9.975003e-01	4.297328e-11
18	-1.000000	-1.000000e+00	-1.000000e+00	-1.000000e+00
18	2662.071316	1.946887e-08	7.975000e-01	4.009265e-26
18	539.032430	1.953970e-08	8.550000e-01	2.819433e-26
18	112.293014	5.958138e-08	9.650000e-01	4.262368e-11
18	1790.927914	1.948391e-08	8.150000e-01	2.428568e-26
18	111.044134	2.997665e-08	9.325000e-01	3.066788e-11
18	4919.928808	1.944858e-08	7.650000e-01	5.733375e-26
18	110.977130	2.028220e-08	9.025000e-01	3.438169e-12
18	110.963760	2.884454e-08	9.300000e-01	2.909497e-11
18	1126.457325	1.950354e-08	8.325000e-01	4.263630e-27
18	111.044134	2.997665e-08	9.325000e-01	3.066788e-11
18	4128.242188	1.945401e-08	7.750000e-01	2.555591e-25
18	111.822532	4.337426e-08	9.525000e-01	3.970457e-11
18	110.741548	2.208539e-08	9.100000e-01	1.215262e-11
18	6336.567142	1.954872e-08	7.525000e-01	1.000000e-08
18	111.111723	1.974340e-08	9.000000e-01	1.885929e-13
18	111.222933	3.251602e-08	9.375000e-01	3.349750e-11
18	110.741548	2.208539e-08	9.100000e-01	1.215262e-11
18	212.752704	1.959914e-08	8.775000e-01	8.605738e-27
18	2804.873248	1.946700e-08	7.950000e-01	2.514368e-25
18	6386.194837	1.965720e-08	7.550000e-01	1.000000e-08
18	112.878926	2.155108e-07	9.900001e-01	4.365813e-11
18	858.700785	8.551814e-10	9.575000e-01	1.028686e-26
18	2804.873133	1.946700e-08	7.950000e-01	2.267398e-25
18	6287.674077	1.944147e-08	7.500000e-01	8.782339e-09
18	112.019364	4.870838e-08	9.575000e-01	4.109572e-11
18	866.488981	8.541659e-11	8.475000e-01	1.007491e-23
18	110.701944	2.347045e-08	9.150000e-01	1.718385e-11
18	115.967406	1.968062e-08	8.950000e-01	3.466093e-26
18	112.114009	5.187789e-08	9.600000e-01	4.167693e-11
18	110.827999	2.680979e-08	9.250000e-01	2.561352e-11
18	4512.620808	1.945122e-08	7.700000e-01	7.191916e-26
18	111.417698	3.550167e-08	9.425000e-01	3.592939e-11
18	590.683004	1.953484e-08	8.525000e-01	2.335676e-26
18	112.878926	2.155108e-07	9.900001e-01	4.365813e-11
18	1387.467690	1.949444e-08	8.250000e-01	2.198290e-26
18	112.898340	2.902032e-07	9.925001e-01	4.347371e-11
18	112.898340	2.902031e-07	9.925001e-01	4.347371e-11
18	110.701944	2.347045e-08	9.150000e-01	1.718385e-11
18	445.331218	1.955027e-08	8.600000e-01	8.396405e-27
18	5575.664442	1.944488e-08	7.575000e-01	1.588635e-24
18	112.019364	4.870838e-08	9.575000e-01	4.109572e-11
18	8576.311057	2.423641e-08	8.400000e-01	1.000000e-08
18	112.660348	9.390643e-08	9.775000e-01	4.384632e-11
18	3766.015125	1.945696e-08	7.800000e-01	9.709312e-26
18	110.741548	2.208539e-08	9.100000e-01	1.215262e-11
18	830.565258	1.951770e-08	8.425000e-01	8.069960e-27
18	364.078348	1.956211e-08	8.650000e-01	4.306121e-27
18	110.711486	2.275756e-08	9.125000e-01	1.474121e-11
18	-1.000000	-1.000000e+00	-1.000000e+00	-1.000000e+00
18	110.701944	2.347045e-08	9.150000e-01	1.718385e-11
18	112.812266	1.422232e-07	9.850000e-01	4.388599e-11
18	3944.407256	1.945546e-08	7.775000e-01	9.528379e-26
18	112.455212	6.986439e-08	9.700000e-01	4.329946e-11
18	110.775699	2.589245e-08	9.225000e-01	2.369653e-11
18	112.717292	1.059542e-07	9.800000e-01	4.391308e-11
18	866.457832	9.067756e-11	8.550000e-01	6.862643e-13
18	294.864080	1.957549e-08	8.700000e-01	2.648044e-26
18	112.455212	6.986440e-08	9.700000e-01	4.329946e-11
18	112.376423	6.432581e-08	9.675000e-01	4.299423e-11
18	1902.149469	1.948152e-08	8.125000e-01	4.305234e-26
18	2017.655621	1.947922e-08	8.100000e-01	4.471736e-26
18	111.922004	4.589246e-08	9.550000e-01	4.043916e-11
18	171.931742	1.961794e-08	8.825000e-01	2.821351e-27
18	4128.242050	1.945401e-08	7.750000e-01	1.316721e-25
18	866.685268	5.213491e-11	7.800000e-01	6.407244e-23
18	857.708149	9.557835e-10	9.600000e-01	2.404893e-25
18	112.898340	2.902031e-07	9.925001e-01	4.347371e-11
18	1126.457331	1.950354e-08	8.325000e-01	1.740663e-26
18	112.376423	6.432581e-08	9.675000e-01	4.299423e-11
18	110.701944	2.347045e-08	9.150000e-01	1.718385e-11
18	112.866826	1.027108e-06	9.975003e-01	4.297328e-11
18	6386.194817	1.965720e-08	7.550000e-01	1.000000e-08
18	110.891218	2.779154e-08	9.275000e-01	2.741156e-11
18	1790.927829	1.948391e-08	8.150000e-01	1.335480e-26
18	858.700784	8.551814e-10	9.575000e-01	3.465869e-25
18	190.981077	1.960819e-08	8.800000e-01	5.401208e-27
18	830.565245	1.951770e-08	8.425000e-01	2.647123e-26
18	110.794331	2.145068e-08	9.075000e-01	9.411158e-12
18	112.455212	6.986439e-08	9.700000e-01	4.329946e-11
18	155.559640	1.962847e-08	8.850000e-01	9.220323e-27
18	110.963760	2.884454e-08	9.300000e-01	2.909497e-11
18	110.794331	2.145068e-08	9.075000e-01	9.411158e-12
18	110.736027	2.503351e-08	9.200000e-01	2.165595e-11
18	110.711486	2.275756e-08	9.125000e-01	1.474121e-11
18	4317.614450	1.945259e-08	7.725000e-01	3.601142e-25
18	112.849514	1.714017e-07	9.875001e-01	4.379618e-11
18	865.961628	1.588945e-10	9.000000e-01	4.560940e-25
18	3944.407568	1.945546e-08	7.775000e-01	6.978644e-26
18	115.967408	1.968062e-08	8.950000e-01	2.344415e-26
18	866.586684	6.959298e-11	8.225000e-01	2.891810e-23
18	115.967406	1.968062e-08	8.950000e-01	1.213779e-26
18	445.331214	1.955027e-08	8.600000e-01	1.723251e-26
18	403.174696	1.955602e-08	8.625000e-01	3.271796e-27
18	110.827999	2.680979e-08	9.250000e-01	2.561352e-11
18	1902.149434	1.948152e-08	8.125000e-01	5.460033e-26
18	866.533212	7.836923e-11	8.375000e-01	4.359691e-24
18	2952.502882	1.946519e-08	7.925000e-01	1.649674e-25
18	5575.664290	1.944488e-08	7.575000e-01	1.243887e-25
18	765.490111	1.952167e-08	8.450000e-01	2.639602e-26
18	112.660348	9.390643e-08	9.775000e-01	4.384632e-11
18	112.019364	4.870838e-08	9.575000e-01	4.109572e-11
18	2137.519949	1.947700e-08	8.075000e-01	5.233321e-26
18	212.752709	1.959914e-08	8.775000e-01	2.191971e-26
18	2524.014569	1.947080e-08	8.000000e-01	6.658222e-27
18	212.752724	1.959914e-08	8.775000e-01	2.997255e-27
18	111.721610	4.110909e-08	9.500000e-01	3.888919e-11
18	112.114009	5.187789e-08	9.600000e-01	4.167693e-11
18	112.717292	1.059542e-07	9.800000e-01	4.391308e-11
18	445.331211	1.955027e-08	8.600000e-01	8.693767e-27
18	112.898340	2.902032e-07	9.925001e-01	4.347371e-11
18	111.130953	3.119697e-08	9.350000e-01	3.213415e-11
18	171.931742	1.961794e-08	8.825000e-01	3.058997e-27
18	590.682998	1.953484e-08	8.525000e-01	1.494266e-26
18	110.710800	2.422773e-08	9.175000e-01	1.948684e-11
18	111.130953	3.119697e-08	9.350000e-01	3.213415e-11
18	899.139724	1.951391e-08	8.400000e-01	3.126617e-26
18	171.931742	1.961794e-08	8.825000e-01	3.395869e-26
18	7102.381220	2.118787e-08	7.875009e-01	1.000000e-08
18	5132.435874	1.944731e-08	7.625000e-01	2.516403e-25
18	112.898340	2.902031e-07	9.925001e-01	4.347371e-11
18	112.768040	1.214734e-07	9.825000e-01	4.392562e-11
18	765.490126	1.952167e-08	8.450000e-01	1.024322e-26
18	2804.873220	1.946700e-08	7.950000e-01	2.725660e-26
18	4713.358692	1.944988e-08	7.675000e-01	5.816085e-26
18	899.139727	1.951391e-08	8.400000e-01	2.334367e-26
18	490.599617	1.954484e-08	8.575000e-01	9.810123e-27
18	112.878926	2.155108e-07	9.900001e-01	4.365813e-11
18	7042.370589	2.106168e-08	7.850009e-01	1.000000e-08
18	112.812266	1.422232e-07	9.850000e-01	4.388599e-11
18	1683.919093	1.948639e-08	8.175000e-01	4.026068e-26
18	866.721223	4.499264e-11	7.550000e-01	3.170097e-22
18	2390.622740	1.947279e-08	8.025000e-01	2.230556e-26
18	6287.673891	1.944147e-08	7.500000e-01	9.466426e-09
18	111.130953	3.119697e-08	9.350000e-01	3.213415e-11
18	112.878926	2.155108e-07	9.900001e-01	4.365813e-11
18	111.130953	3.119697e-08	9.350000e-01	3.213415e-11
18	2952.502679	1.946519e-08	7.925000e-01	6.414475e-27
18	3766.014979	1.945696e-08	7.800000e-01	5.046937e-26
18	112.849514	1.714016e-07	9.875000e-01	4.379618e-11
18	190.981069	1.960819e-08	8.800000e-01	4.867480e-27
18	122.066866	1.966580e-08	8.925000e-01	9.812404e-27
18	112.878926	2.155108e-07	9.900001e-01	4.365813e-11
18	865.961628	1.588945e-10	9.000000e-01	8.923613e-25
18	765.490128	1.952167e-08	8.450000e-01	1.869822e-27
18	5132.435016	1.944731e-08	7.625000e-01	2.943623e-25
18	1387.467682	1.949444e-08	8.250000e-01	3.465204e-26
18	110.891218	2.779154e-08	9.275000e-01	2.741156e-11
18	1296.614594	1.949735e-08	8.275000e-01	6.016712e-26
18	3766.015255	1.945696e-08	7.800000e-01	6.425630e-26
18	111.130953	3.119697e-08	9.350000e-01	3.213415e-11
18	2952.502858	1.946519e-08	7.925000e-01	8.217873e-26
18	110.736027	2.503351e-08	9.200000e-01	2.165596e-11
18	112.717292	1.059542e-07	9.800000e-01	4.391308e-11
18	4919.928996	1.944858e-08	7.650000e-01	1.391697e-25
18	155.559650	1.962847e-08	8.850000e-01	1.771751e-26
18	6336.567075	1.954872e-08	7.525000e-01	1.000000e-08
18	2390.622727	1.947279e-08	8.025000e-01	1.818938e-27
18	4317.614718	1.945259e-08	7.725000e-01	8.073717e-25
18	445.331237	1.955027e-08	8.600000e-01	5.312790e-27
18	111.518369	3.719978e-08	9.450000e-01	3.700458e-11
18	1683.919001	1.948639e-08	8.175000e-01	6.881439e-27
18	112.114009	5.187789e-08	9.600000e-01	4.167693e-11
18	4919.928958	1.944858e-08	7.650000e-01	3.407633e-25
18	112.597494	8.428140e-08	9.750000e-01	4.372325e-11
18	1209.632686	1.950038e-08	8.300000e-01	4.783026e-26
18	110.711486	2.275756e-08	9.125000e-01	1.474121e-11
18	4512.620716	1.945122e-08	7.700000e-01	1.138722e-25
18	111.130953	3.119697e-08	9.350000e-01	3.213415e-11
18	899.139725	1.951391e-08	8.400000e-01	7.744560e-27
18	112.205392	5.547184e-08	9.625000e-01	4.218540e-11
18	112.900345	4.460171e-07	9.950001e-01	4.324476e-11
18	765.490098	1.952167e-08	8.450000e-01	7.243221e-27
18	3105.041643	1.946344e-08	7.900000e-01	7.341894e-26
18	4128.242137	1.945401e-08	7.750000e-01	6.052860e-27
18	122.066869	1.966580e-08	8.925000e-01	3.135621e-26
18	1790.927877	1.948391e-08	8.150000e-01	8.254163e-27
18	110.963760	2.884454e-08	9.300000e-01	2.909498e-11
18	111.318881	3.394611e-08	9.400000e-01	3.476144e-11
18	110.710800	2.422773e-08	9.175000e-01	1.948684e-11
18	4713.358938	1.944988e-08	7.675000e-01	2.153332e-25
18	110.963760	2.884454e-08	9.300000e-01	2.909497e-11
18	111.518369	3.719978e-08	9.450000e-01	3.700458e-11
18	364.078332	1.956211e-08	8.650000e-01	3.108305e-27
18	110.736027	2.503351e-08	9.200000e-01	2.165596e-11
18	5350.977498	1.944608e-08	7.600000e-01	4.277871e-25
18	4713.358818	1.944988e-08	7.675000e-01	4.826069e-25
18	1790.927847	1.948391e-08	8.150000e-01	3.058886e-26
18	112.376423	6.432581e-08	9.675000e-01	4.299423e-11
18	212.752716	1.959914e-08	8.775000e-01	7.883449e-27
18	3944.407384	1.945546e-08	7.775000e-01	9.306115e-26
18	112.878926	2.155108e-07	9.900001e-01	4.365813e-11
18	866.512101	8.175325e-11	8.425000e-01	1.037197e-23
18	2662.071379	1.946887e-08	7.975000e-01	9.672642e-27
18	294.864075	1.957549e-08	8.700000e-01	1.092822e-26
18	110.710800	2.422773e-08	9.175000e-01	1.948684e-11
18	4713.359070	1.944988e-08	7.675000e-01	1.453952e-26
18	112.376423	6.432581e-08	9.675000e-01	4.299423e-11
18	110.794331	2.145068e-08	9.075000e-01	9.411157e-12
18	110.711486	2.275756e-08	9.125000e-01	1.474121e-11
18	1902.149443	1.948152e-08	8.125000e-01	4.115360e-26
18	112.114009	5.187789e-08	9.600000e-01	4.167693e-11
18	590.683002	1.953484e-08	8.525000e-01	3.711675e-27
18	1126.457263	1.950354e-08	8.325000e-01	7.405478e-27
18	1581.052239	1.948897e-08	8.200000e-01	3.072585e-26
18	112.293014	5.958138e-08	9.650000e-01	4.262368e-11
18	2804.873267	1.946700e-08	7.950000e-01	6.348025e-27
18	6287.673898	1.944147e-08	7.500000e-01	9.892076e-09
18	130.670473	1.965228e-08	8.900000e-01	1.658965e-26
18	3592.972669	1.945851e-08	7.825000e-01	7.566756e-26
18	112.455212	6.986439e-08	9.700000e-01	4.329946e-11
18	703.856038	1.952584e-08	8.475000e-01	3.837399e-27
18	765.490118	1.952167e-08	8.450000e-01	9.614369e-28
18	110.741548	2.208539e-08	9.100000e-01	1.215262e-11
18	7102.381173	2.118787e-08	7.875009e-01	1.000000e-08
18	115.967406	1.968062e-08	8.950000e-01	8.684278e-26
18	5575.663683	1.944488e-08	7.575000e-01	3.478459e-25
18	212.752714	1.959914e-08	8.775000e-01	1.917270e-27
18	112.293014	5.958138e-08	9.650000e-01	4.262368e-11
18	490.599601	1.954484e-08	8.575000e-01	1.890880e-26
18	861.841592	5.314820e-10	9.450000e-01	1.905046e-25
18	264.647181	1.958284e-08	8.725000e-01	2.563273e-26
18	5350.977428	1.944608e-08	7.600000e-01	1.841415e-25
18	1047.024887	1.950685e-08	8.350000e-01	1.992653e-26
18	122.066864	1.966580e-08	8.925000e-01	3.180767e-27
18	2261.817065	1.947486e-08	8.050000e-01	2.090408e-26
18	294.864089	1.957549e-08	8.700000e-01	9.389418e-27
18	112.597494	8.428140e-08	9.750000e-01	4.372325e-11
18	112.529014	7.641458e-08	9.725000e-01	4.354171e-11
18	4713.359000	1.944988e-08	7.675000e-01	1.744068e-25
18	865.837155	1.733255e-10	9.050000e-01	5.697885e-25
18	111.619959	3.906078e-08	9.475000e-01	3.799017e-11
18	112.878926	2.155108e-07	9.900001e-01	4.365813e-11
18	5350.977267	1.944608e-08	7.600000e-01	2.358037e-25
18	765.490115	1.952167e-08	8.450000e-01	1.988551e-26
18	1902.149382	1.948152e-08	8.125000e-01	1.216763e-25
18	141.820422	1.963987e-08	8.875000e-01	1.078066e-26
18	445.331212	1.955027e-08	8.600000e-01	1.095581e-26
18	112.849514	1.714017e-07	9.875001e-01	4.379618e-11
18	110.741548	2.208539e-08	9.100000e-01	1.215262e-11
18	2804.873150	1.946700e-08	7.950000e-01	1.886580e-25
18	112.660348	9.390643e-08	9.775000e-01	4.384632e-11
18	111.318881	3.394610e-08	9.400000e-01	3.476144e-11
