49	783.132291	1.369720e-08	8.404000e-01	1.285556e-26
49	88.280978	1.384883e-08	9.048000e-01	1.597708e-27
49	1797.259302	1.366508e-08	8.012000e-01	4.030583e-26
49	1084.803181	1.368356e-08	8.264000e-01	2.335177e-26
49	98.453771	1.383525e-08	9.020000e-01	5.891425e-27
49	3714.880387	1.364350e-08	7.564000e-01	6.112259e-26
49	62.969792	1.392040e-08	9.160000e-01	6.539557e-27
49	1373.033120	1.367455e-08	8.152000e-01	3.427401e-26
49	631.154812	1.370703e-08	8.488000e-01	3.440122e-26
49	60.906937	1.596829e-08	9.328000e-01	1.013559e-11
49	155.392385	1.379190e-08	8.908000e-01	1.211869e-26
49	283.981537	3.839974e-11	7.536000e-01	3.599672e-11
49	239.798931	1.376061e-08	8.796000e-01	1.685954e-26
49	2886.008190	1.365038e-08	7.732000e-01	1.934051e-26
49	6143.378469	1.397831e-08	7.480000e-01	1.000000e-08
49	68.067642	4.978399e-08	9.776000e-01	3.541006e-11
49	1152.806814	1.368117e-08	8.236000e-01	1.624255e-26
49	61.999988	1.747641e-08	9.384000e-01	1.538260e-11
49	64.121364	2.153830e-08	9.496000e-01	2.394458e-11
49	281.642604	1.653406e-10	8.992000e-01	1.762586e-25
49	3282.591444	1.364679e-08	7.648000e-01	1.206222e-25
49	1084.803169	1.368356e-08	8.264000e-01	3.012364e-26
49	67.159329	3.589468e-08	9.692000e-01	3.332555e-11
49	68.520553	6.678277e-08	9.832000e-01	3.622711e-11
49	61.999988	1.747641e-08	9.384000e-01	1.538260e-11
49	387.125018	1.373192e-08	8.656000e-01	4.048398e-27
49	88.280973	1.384883e-08	9.048000e-01	3.417237e-27
49	67.794715	4.412301e-08	9.748000e-01	3.483344e-11
49	173.840119	1.378316e-08	8.880000e-01	1.687208e-26
49	679.498235	1.370359e-08	8.460000e-01	3.879194e-27
49	68.520553	6.678277e-08	9.832000e-01	3.622711e-11
49	283.649492	5.892403e-11	7.956000e-01	2.124257e-24
49	60.906937	1.596829e-08	9.328000e-01	1.013559e-11
49	631.154815	1.370703e-08	8.488000e-01	1.662673e-26
49	67.159329	3.589468e-08	9.692000e-01	3.332555e-11
49	6089.583939	1.376644e-08	7.312000e-01	1.000000e-08
49	6116.108822	1.387082e-08	7.396000e-01	1.000000e-08
49	282.784635	1.022789e-10	8.628000e-01	3.970189e-25
49	67.046395	1.389930e-08	9.132000e-01	1.669234e-26
49	3282.591322	1.364679e-08	7.648000e-01	1.106046e-25
49	67.794715	4.412301e-08	9.748000e-01	3.483344e-11
49	66.798715	3.281161e-08	9.664000e-01	3.238696e-11
49	79.674320	1.386386e-08	9.076000e-01	6.018043e-27
49	1019.419320	1.368606e-08	8.292000e-01	1.411149e-26
49	3014.360877	1.364915e-08	7.704000e-01	1.120877e-25
49	585.070777	1.371064e-08	8.516000e-01	3.663067e-26
49	63.607331	2.035838e-08	9.468000e-01	2.203633e-11
49	68.520553	6.678277e-08	9.832000e-01	3.622711e-11
49	4695.187526	1.363767e-08	7.396000e-01	1.883927e-25
49	1706.442446	1.366683e-08	8.040000e-01	4.461594e-26
49	63.080395	1.929889e-08	9.440000e-01	1.997562e-11
49	282.263698	1.286604e-10	8.824000e-01	2.351792e-25
49	98.453778	1.383525e-08	9.020000e-01	4.316197e-29
49	4350.488720	1.363951e-08	7.452000e-01	9.312092e-26
49	68.067641	4.978399e-08	9.776000e-01	3.541006e-11
49	265.433276	1.375410e-08	8.768000e-01	3.412254e-27
49	283.336881	7.528300e-11	8.292000e-01	3.421646e-25
49	67.491665	3.959642e-08	9.720000e-01	3.413982e-11
49	283.687569	5.678945e-11	7.900000e-01	1.706354e-25
49	138.660696	1.380137e-08	8.936000e-01	1.087661e-26
49	2886.008142	1.365038e-08	7.732000e-01	1.466687e-25
49	138.660698	1.380137e-08	8.936000e-01	1.961968e-26
49	1452.017518	1.367251e-08	8.124000e-01	4.663467e-26
49	1296.871143	1.367667e-08	8.180000e-01	1.096521e-26
49	1988.250023	1.366174e-08	7.956000e-01	1.024289e-25
49	72.605430	1.388059e-08	9.104000e-01	7.959868e-28
49	1296.871176	1.367667e-08	8.180000e-01	7.284917e-26
49	282.654904	1.086566e-10	8.684000e-01	1.764448e-25
49	67.491665	3.959642e-08	9.720000e-01	3.413982e-11
49	88.280975	1.384883e-08	9.048000e-01	6.354916e-27
49	1223.479415	1.367888e-08	8.208000e-01	9.526645e-27
49	6089.583930	1.376644e-08	7.312000e-01	1.000000e-08
49	65.997574	2.797164e-08	9.608000e-01	3.012240e-11
49	68.961291	1.350801e-07	9.916000e-01	3.666749e-11
49	6143.378453	1.397831e-08	7.480000e-01	1.000000e-08
49	68.699601	8.039960e-08	9.860000e-01	3.647492e-11
49	541.204890	1.371444e-08	8.544000e-01	3.190163e-26
49	6171.418363	1.408905e-08	7.564000e-01	1.000000e-08
49	-1.000000	-1.000000e+00	-1.000000e+00	-1.000000e+00
49	60.365055	1.530901e-08	9.300000e-01	7.256434e-12
49	68.067642	4.978399e-08	9.776000e-01	3.541007e-11
49	838.509518	1.369422e-08	8.376000e-01	9.628002e-27
49	1296.871174	1.367667e-08	8.180000e-01	4.137510e-26
49	2640.467595	1.365296e-08	7.788000e-01	4.180560e-26
49	61.999988	1.747641e-08	9.384000e-01	1.538260e-11
49	282.263698	1.286604e-10	8.824000e-01	1.232294e-24
49	2886.008002	1.365038e-08	7.732000e-01	2.350876e-26
49	67.159330	3.589469e-08	9.692000e-01	3.332555e-11
49	1452.017501	1.367251e-08	8.124000e-01	3.764014e-26
49	194.035516	1.377508e-08	8.852000e-01	2.163646e-26
49	283.981917	3.806715e-11	7.564000e-01	3.777174e-11
49	896.319300	1.369138e-08	8.348000e-01	9.618391e-27
49	1988.250020	1.366174e-08	7.956000e-01	4.527118e-26
49	68.961291	1.350801e-07	9.916000e-01	3.666749e-11
49	422.515311	1.372718e-08	8.628000e-01	8.408078e-26
49	282.263698	1.286604e-10	8.824000e-01	2.298724e-25
49	6063.779193	1.366506e-08	7.228000e-01	1.000000e-08
49	61.453220	1.668808e-08	9.356000e-01	1.284284e-11
49	68.846609	1.008602e-07	9.888000e-01	3.662049e-11
49	66.411005	3.020454e-08	9.636000e-01	3.132044e-11
49	69.042958	2.041438e-07	9.944000e-01	3.661953e-11
49	65.100059	2.434852e-08	9.552000e-01	2.731761e-11
49	2761.400791	1.365165e-08	7.760000e-01	9.392020e-26
49	6171.418357	1.408905e-08	7.564000e-01	1.000000e-08
49	68.309765	5.706632e-08	9.804000e-01	3.587339e-11
49	730.143124	1.370032e-08	8.432000e-01	8.370885e-27
49	956.607130	1.368866e-08	8.320000e-01	2.951483e-26
49	-1.000000	-1.000000e+00	-1.000000e+00	-1.000000e+00
49	1373.033155	1.367455e-08	8.152000e-01	1.966685e-26
49	69.086620	4.202338e-07	9.972001e-01	3.648016e-11
49	123.613942	1.381167e-08	8.964000e-01	7.449355e-27
49	68.309765	5.706632e-08	9.804000e-01	3.587339e-11
49	65.997574	2.797164e-08	9.608000e-01	3.012240e-11
49	60.365055	1.530901e-08	9.300000e-01	7.256434e-12
49	730.143118	1.370032e-08	8.432000e-01	4.696962e-27
49	194.035518	1.377508e-08	8.852000e-01	4.058473e-27
49	6063.779188	1.366505e-08	7.228000e-01	1.000000e-08
49	138.660690	1.380137e-08	8.936000e-01	1.469502e-26
49	3014.360880	1.364915e-08	7.704000e-01	3.423262e-26
49	6072.302247	1.369853e-08	7.256000e-01	1.000000e-08
49	65.100058	2.434852e-08	9.552000e-01	2.731761e-11
49	123.613946	1.381167e-08	8.964000e-01	2.661668e-27
49	65.559997	2.603828e-08	9.580000e-01	2.878930e-11
49	88.280977	1.384883e-08	9.048000e-01	1.415056e-27
49	6171.418359	1.408905e-08	7.564000e-01	1.000000e-08
49	1797.259360	1.366508e-08	8.012000e-01	2.104542e-26
49	65.559997	2.603828e-08	9.580000e-01	2.878930e-11
49	64.619767	2.285960e-08	9.524000e-01	2.570386e-11
49	6107.185693	1.383568e-08	7.368000e-01	1.000000e-08
49	3014.360847	1.364915e-08	7.704000e-01	2.498433e-25
49	280.358510	3.684263e-10	9.328000e-01	3.041620e-25
49	68.961291	1.350801e-07	9.916000e-01	3.666749e-11
49	730.143117	1.370032e-08	8.432000e-01	1.918476e-26
49	6152.638215	1.401485e-08	7.508000e-01	1.000000e-08
49	138.660699	1.380137e-08	8.936000e-01	8.544238e-27
49	6072.302241	1.369853e-08	7.256000e-01	1.000000e-08
49	541.204881	1.371445e-08	8.544000e-01	2.699445e-26
49	59.831668	1.470341e-08	9.272000e-01	4.200480e-12
49	68.846609	1.008602e-07	9.888000e-01	3.662049e-11
49	6063.779200	1.366506e-08	7.228000e-01	1.000000e-08
49	3282.591330	1.364679e-08	7.648000e-01	8.137438e-26
49	1084.803168	1.368356e-08	8.264000e-01	1.036731e-26
49	60.365055	1.530901e-08	9.300000e-01	7.256433e-12
49	1452.017509	1.367251e-08	8.124000e-01	8.278002e-26
49	63.607331	2.035838e-08	9.468000e-01	2.203633e-11
49	422.515292	1.372718e-08	8.628000e-01	5.773778e-27
49	69.042958	2.041438e-07	9.944000e-01	3.661953e-11
49	60.906937	1.596829e-08	9.328000e-01	1.013559e-11
49	67.794715	4.412301e-08	9.748000e-01	3.483344e-11
49	66.411005	3.020454e-08	9.636000e-01	3.132044e-11
49	60.906937	1.596829e-08	9.328000e-01	1.013559e-11
49	1618.667365	1.366866e-08	8.068000e-01	6.357077e-26
49	4350.488653	1.363951e-08	7.452000e-01	2.286635e-25
49	282.955471	9.396777e-11	8.544000e-01	2.562291e-25
49	3146.530694	1.364795e-08	7.676000e-01	7.827637e-27
49	6143.378453	1.397831e-08	7.480000e-01	1.000000e-08
49	68.699601	8.039960e-08	9.860000e-01	3.647492e-11
49	68.520553	6.678277e-08	9.832000e-01	3.622711e-11
49	499.516678	1.371846e-08	8.572000e-01	1.814070e-26
49	265.433280	1.375410e-08	8.768000e-01	3.233941e-27
49	61.453220	1.668808e-08	9.356000e-01	1.284284e-11
49	1988.250067	1.366174e-08	7.956000e-01	5.577156e-27
49	62.543538	1.834286e-08	9.412000e-01	1.775892e-11
49	282.076270	1.389005e-10	8.880000e-01	1.260150e-26
49	2761.400810	1.365165e-08	7.760000e-01	1.663469e-25
49	59.156431	1.397178e-08	9.216000e-01	7.942805e-27
49	60.906937	1.596829e-08	9.328000e-01	1.013559e-11
49	64.121364	2.153830e-08	9.496000e-01	2.394458e-11
49	68.961291	1.350801e-07	9.916000e-01	3.666749e-11
49	79.674324	1.386386e-08	9.076000e-01	1.866211e-26
49	67.491665	3.959642e-08	9.720000e-01	3.413982e-11
49	730.143127	1.370032e-08	8.432000e-01	3.481474e-27
49	1618.667348	1.366866e-08	8.068000e-01	2.340964e-26
49	1797.259317	1.366508e-08	8.012000e-01	3.653419e-26
49	280.323883	4.027220e-10	9.356000e-01	1.191308e-24
49	239.798931	1.376061e-08	8.796000e-01	5.194156e-27
49	1618.667363	1.366866e-08	8.068000e-01	2.897970e-26
49	283.838356	4.780994e-11	7.620000e-01	4.073623e-24
49	67.491665	3.959642e-08	9.720000e-01	3.413982e-11
49	68.846609	1.008602e-07	9.888000e-01	3.662049e-11
49	68.309765	5.706632e-08	9.804000e-01	3.587339e-11
49	65.100058	2.434852e-08	9.552000e-01	2.731761e-11
49	283.336881	7.528299e-11	8.292000e-01	3.891299e-26
49	65.100058	2.434852e-08	9.552000e-01	2.731761e-11
49	292.947979	1.374801e-08	8.740000e-01	2.153651e-26
49	2640.467628	1.365296e-08	7.788000e-01	1.408745e-25
49	1373.033120	1.367455e-08	8.152000e-01	5.624679e-26
49	1152.806793	1.368117e-08	8.236000e-01	1.935669e-26
49	6055.333591	1.363190e-08	7.200000e-01	8.937062e-09
49	459.966474	1.372269e-08	8.600000e-01	1.180101e-26
49	79.674321	1.386386e-08	9.076000e-01	3.842316e-28
49	956.607128	1.368866e-08	8.320000e-01	4.431578e-27
49	138.660699	1.380137e-08	8.936000e-01	7.019347e-27
49	6063.779209	1.366506e-08	7.228000e-01	1.000000e-08
49	66.798715	3.281161e-08	9.664000e-01	3.238696e-11
49	3282.591452	1.364679e-08	7.648000e-01	5.519683e-26
49	6161.984519	1.405177e-08	7.536000e-01	1.000000e-08
49	353.758114	1.373696e-08	8.684000e-01	1.738854e-26
49	67.046393	1.389931e-08	9.132000e-01	1.154544e-27
49	69.042958	2.041437e-07	9.944000e-01	3.661953e-11
49	1223.479416	1.367888e-08	8.208000e-01	7.000236e-27
49	2088.542792	1.366015e-08	7.928000e-01	2.048919e-25
49	2523.139543	1.365430e-08	7.816000e-01	1.126583e-25
49	282.721478	1.053736e-10	8.656000e-01	3.699413e-25
49	1533.877477	1.367055e-08	8.096000e-01	2.511034e-26
49	292.947985	1.374801e-08	8.740000e-01	1.007469e-27
49	6107.185691	1.383568e-08	7.368000e-01	1.000000e-08
49	60.365055	1.530901e-08	9.300000e-01	7.256434e-12
49	783.132302	1.369720e-08	8.404000e-01	2.897299e-26
49	65.559997	2.603828e-08	9.580000e-01	2.878930e-11
49	585.070769	1.371064e-08	8.516000e-01	2.642383e-26
49	322.377794	1.374231e-08	8.712000e-01	3.942587e-27
49	68.699601	8.039960e-08	9.860000e-01	3.647492e-11
49	65.559997	2.603828e-08	9.580000e-01	2.878930e-11
49	283.981924	3.801637e-11	7.200000e-01	3.600753e-11
49	631.154815	1.370703e-08	8.488000e-01	7.376826e-27
49	1891.175567	1.366338e-08	7.984000e-01	1.295440e-25
49	59.831668	1.470341e-08	9.272000e-01	4.200481e-12
49	6107.185688	1.383568e-08	7.368000e-01	1.000000e-08
49	1296.871150	1.367667e-08	8.180000e-01	1.221407e-26
49	1988.250009	1.366174e-08	7.956000e-01	4.165891e-26
49	1533.877475	1.367055e-08	8.096000e-01	8.370862e-26
49	123.613945	1.381167e-08	8.964000e-01	9.578017e-27
49	6116.108823	1.387082e-08	7.396000e-01	1.000000e-08
49	1797.259352	1.366508e-08	8.012000e-01	1.636886e-26
49	2088.542789	1.366015e-08	7.928000e-01	2.722827e-26
49	1706.442473	1.366683e-08	8.040000e-01	5.427503e-27
49	63.080395	1.929889e-08	9.440000e-01	1.997562e-11
49	281.271050	1.930598e-10	9.076000e-01	7.745138e-25
49	60.348652	1.394435e-08	9.188000e-01	1.096859e-26
49	72.605428	1.388059e-08	9.104000e-01	4.674277e-27
49	459.966462	1.372269e-08	8.600000e-01	2.076985e-27
49	6107.185685	1.383568e-08	7.368000e-01	1.000000e-08
49	292.947981	1.374801e-08	8.740000e-01	2.091739e-26
49	1373.033139	1.367455e-08	8.152000e-01	1.447409e-26
49	422.515322	1.372718e-08	8.628000e-01	2.619066e-27
49	63.080395	1.929889e-08	9.440000e-01	1.997562e-11
49	65.997574	2.797164e-08	9.608000e-01	3.012240e-11
49	1618.667335	1.366866e-08	8.068000e-01	4.936178e-26
49	322.377775	1.374231e-08	8.712000e-01	1.778834e-26
49	2523.139608	1.365430e-08	7.816000e-01	2.191039e-26
49	64.121364	2.153830e-08	9.496000e-01	2.394458e-11
49	280.294830	4.414034e-10	9.384000e-01	4.144106e-26
49	2409.348928	1.365570e-08	7.844000e-01	3.444291e-26
49	2409.348929	1.365570e-08	7.844000e-01	4.917514e-26
49	110.221618	1.382292e-08	8.992000e-01	8.720252e-27
49	6055.333591	1.363190e-08	7.200000e-01	9.706555e-09
49	6125.114724	1.390629e-08	7.424000e-01	1.000000e-08
49	60.365054	1.530901e-08	9.300000e-01	7.256433e-12
49	66.411005	3.020454e-08	9.636000e-01	3.132044e-11
49	2192.114941	1.365862e-08	7.900000e-01	1.168207e-25
49	68.520553	6.678277e-08	9.832000e-01	3.622711e-11
49	61.453220	1.668808e-08	9.356000e-01	1.284284e-11
49	6063.779217	1.366506e-08	7.228000e-01	1.000000e-08
49	68.067642	4.978399e-08	9.776000e-01	3.541006e-11
49	2409.348928	1.365570e-08	7.844000e-01	6.469527e-26
49	3714.880382	1.364350e-08	7.564000e-01	1.004606e-25
49	65.559997	2.603828e-08	9.580000e-01	2.878930e-11
49	68.699601	8.039960e-08	9.860000e-01	3.647492e-11
49	1891.175588	1.366338e-08	7.984000e-01	2.023531e-26
49	679.498240	1.370359e-08	8.460000e-01	1.102360e-26
49	2886.008298	1.365038e-08	7.732000e-01	4.379809e-26
49	216.010828	1.376758e-08	8.824000e-01	1.965813e-27
49	1988.250014	1.366174e-08	7.956000e-01	1.792315e-26
49	66.798715	3.281161e-08	9.664000e-01	3.238696e-11
49	6063.779185	1.366506e-08	7.228000e-01	1.000000e-08
49	2886.008187	1.365038e-08	7.732000e-01	1.446365e-25
49	783.132295	1.369720e-08	8.404000e-01	2.823610e-26
49	6190.552638	1.416476e-08	7.620000e-01	1.000000e-08
49	6107.185680	1.383568e-08	7.368000e-01	1.000000e-08
49	282.510705	1.158655e-10	8.740000e-01	2.367435e-25
49	110.221627	1.382292e-08	8.992000e-01	9.840134e-28
49	387.125009	1.373192e-08	8.656000e-01	4.864143e-27
49	783.132303	1.369720e-08	8.404000e-01	3.175867e-27
49	1452.017509	1.367251e-08	8.124000e-01	2.245595e-26
49	541.204876	1.371444e-08	8.544000e-01	5.377086e-26
49	98.453770	1.383525e-08	9.020000e-01	4.422993e-27
49	123.613939	1.381167e-08	8.964000e-01	3.238960e-27
49	68.067642	4.978399e-08	9.776000e-01	3.541007e-11
49	6190.552639	1.416476e-08	7.620000e-01	1.000000e-08
49	67.159330	3.589469e-08	9.692000e-01	3.332555e-11
49	6281.262789	1.452544e-08	7.872001e-01	1.000000e-08
49	6055.333675	1.363190e-08	7.200000e-01	3.753299e-09
49	60.906937	1.596829e-08	9.328000e-01	1.013559e-11
49	631.154818	1.370703e-08	8.488000e-01	8.902679e-27
49	68.961291	1.350801e-07	9.916000e-01	3.666749e-11
49	64.619767	2.285960e-08	9.524000e-01	2.570386e-11
49	68.067641	4.978399e-08	9.776000e-01	3.541007e-11
49	783.132303	1.369720e-08	8.404000e-01	3.233269e-26
49	280.294830	4.414034e-10	9.384000e-01	1.783134e-24
49	60.348652	1.394435e-08	9.188000e-01	1.157959e-26
49	110.221622	1.382292e-08	8.992000e-01	1.600844e-26
49	138.660694	1.380137e-08	8.936000e-01	1.169992e-26
49	1988.250014	1.366174e-08	7.956000e-01	1.417431e-26
49	2409.348929	1.365570e-08	7.844000e-01	4.992369e-26
49	69.086620	4.202336e-07	9.972001e-01	3.648016e-11
49	422.515317	1.372718e-08	8.628000e-01	3.983512e-27
49	59.831668	1.470341e-08	9.272000e-01	4.200479e-12
49	956.607124	1.368866e-08	8.320000e-01	3.248510e-26
49	838.509504	1.369422e-08	8.376000e-01	7.591633e-27
49	69.086620	4.202338e-07	9.972001e-01	3.648015e-11
49	6080.903530	1.373232e-08	7.284000e-01	1.000000e-08
49	541.204877	1.371445e-08	8.544000e-01	2.237767e-26
49	72.605431	1.388059e-08	9.104000e-01	5.523654e-27
49	280.765915	2.480662e-10	9.188000e-01	1.429701e-26
49	6055.333670	1.363190e-08	7.200000e-01	4.959745e-09
49	60.906937	1.596829e-08	9.328000e-01	1.013559e-11
49	282.350400	1.240917e-10	8.796000e-01	5.385794e-25
49	280.358510	3.684263e-10	9.328000e-01	8.159680e-25
49	353.758101	1.373696e-08	8.684000e-01	1.686968e-26
49	2299.029050	1.365713e-08	7.872000e-01	3.358559e-26
49	2409.348930	1.365570e-08	7.844000e-01	2.179865e-26
49	62.969792	1.392040e-08	9.160000e-01	1.989077e-26
49	499.516683	1.371846e-08	8.572000e-01	9.849940e-27
49	2640.467631	1.365296e-08	7.788000e-01	2.303737e-26
49	59.311011	1.414562e-08	9.244000e-01	9.621818e-13
49	79.674323	1.386386e-08	9.076000e-01	2.359117e-27
49	63.080395	1.929889e-08	9.440000e-01	1.997562e-11
49	65.100058	2.434852e-08	9.552000e-01	2.731761e-11
49	1373.033141	1.367455e-08	8.152000e-01	4.286836e-26
49	67.491665	3.959642e-08	9.720000e-01	3.413982e-11
49	67.491665	3.959642e-08	9.720000e-01	3.413982e-11
49	6180.940730	1.412672e-08	7.592000e-01	1.000000e-08
49	61.453220	1.668808e-08	9.356000e-01	1.284284e-11
49	79.674325	1.386386e-08	9.076000e-01	9.163192e-28
49	63.080395	1.929889e-08	9.440000e-01	1.997562e-11
49	72.605430	1.388059e-08	9.104000e-01	1.544670e-26
49	283.705467	5.577048e-11	7.872000e-01	1.092157e-25
49	422.515309	1.372718e-08	8.628000e-01	8.744082e-27
49	6063.779193	1.366506e-08	7.228000e-01	1.000000e-08
49	282.784635	1.022789e-10	8.628000e-01	2.689160e-25
49	69.086620	4.202336e-07	9.972001e-01	3.648016e-11
49	1533.877468	1.367055e-08	8.096000e-01	7.986961e-26
49	60.906937	1.596829e-08	9.328000e-01	1.013559e-11
49	6171.418354	1.408905e-08	7.564000e-01	1.000000e-08
49	6171.418368	1.408905e-08	7.564000e-01	1.000000e-08
49	2640.467598	1.365296e-08	7.788000e-01	2.881943e-26
49	2886.008266	1.365038e-08	7.732000e-01	6.150684e-26
49	68.699601	8.039960e-08	9.860000e-01	3.647492e-11
49	59.831668	1.470341e-08	9.272000e-01	4.200481e-12
49	1706.442489	1.366683e-08	8.040000e-01	3.883934e-26
49	499.516691	1.371846e-08	8.572000e-01	4.804570e-26
49	64.121364	2.153830e-08	9.496000e-01	2.394458e-11
49	66.411005	3.020454e-08	9.636000e-01	3.132044e-11
49	65.997574	2.797164e-08	9.608000e-01	3.012240e-11
49	6055.333578	1.363190e-08	7.200000e-01	9.963494e-09
49	283.586053	6.239269e-11	8.040000e-01	2.635914e-24
49	65.997574	2.797164e-08	9.608000e-01	3.012240e-11
49	6180.940738	1.412672e-08	7.592000e-01	1.000000e-08
49	6107.185676	1.383568e-08	7.368000e-01	1.000000e-08
49	283.431441	7.049821e-11	8.208000e-01	3.735959e-24
49	387.125001	1.373192e-08	8.656000e-01	1.256379e-27
49	68.846609	1.008602e-07	9.888000e-01	3.662049e-11
49	65.997574	2.797164e-08	9.608000e-01	3.012240e-11
49	79.674321	1.386386e-08	9.076000e-01	5.972823e-28
49	280.765915	2.480662e-10	9.188000e-01	2.301528e-25
49	68.309765	5.706632e-08	9.804000e-01	3.587339e-11
49	-1.000000	-1.000000e+00	-1.000000e+00	-1.000000e+00
49	65.559997	2.603828e-08	9.580000e-01	2.878930e-11
49	1084.803180	1.368356e-08	8.264000e-01	1.163001e-26
49	896.319297	1.369138e-08	8.348000e-01	1.507444e-26
49	283.227950	8.068930e-11	8.376000e-01	8.927309e-25
49	59.311011	1.414562e-08	9.244000e-01	9.621818e-13
49	2409.348926	1.365570e-08	7.844000e-01	1.610857e-26
49	459.966474	1.372269e-08	8.600000e-01	5.202339e-27
49	1533.877523	1.367055e-08	8.096000e-01	3.260879e-26
49	1618.667333	1.366866e-08	8.068000e-01	2.483766e-26
49	283.950612	4.030311e-11	7.312000e-01	2.860521e-23
49	499.516674	1.371846e-08	8.572000e-01	4.181709e-26
49	6116.108829	1.387082e-08	7.396000e-01	1.000000e-08
49	4874.570861	1.363679e-08	7.368000e-01	5.790797e-25
49	730.143108	1.370032e-08	8.432000e-01	2.123450e-26
49	6055.333594	1.363190e-08	7.200000e-01	9.741132e-09
49	61.453220	1.668808e-08	9.356000e-01	1.284284e-11
49	60.906937	1.596829e-08	9.328000e-01	1.013559e-11
49	283.958838	3.971234e-11	7.284000e-01	3.309593e-23
49	60.365055	1.530901e-08	9.300000e-01	7.256435e-12
49	631.154803	1.370703e-08	8.488000e-01	3.509014e-27
49	6161.984526	1.405177e-08	7.536000e-01	1.000000e-08
49	60.906937	1.596829e-08	9.328000e-01	1.013559e-11
49	69.042958	2.041438e-07	9.944000e-01	3.661953e-11
49	283.705467	5.577048e-11	7.872000e-01	8.054801e-24
49	387.125011	1.373192e-08	8.656000e-01	1.678937e-26
49	1706.442468	1.366683e-08	8.040000e-01	1.734857e-26
49	67.491665	3.959642e-08	9.720000e-01	3.413982e-11
49	1618.667333	1.366866e-08	8.068000e-01	3.408104e-26
49	6080.903513	1.373232e-08	7.284000e-01	1.000000e-08
49	1797.259312	1.366508e-08	8.012000e-01	1.444267e-25
49	1452.017494	1.367251e-08	8.124000e-01	3.096438e-26
49	68.067641	4.978399e-08	9.776000e-01	3.541007e-11
49	1452.017508	1.367251e-08	8.124000e-01	2.123474e-26
49	62.969794	1.392040e-08	9.160000e-01	5.447646e-27
49	61.999988	1.747641e-08	9.384000e-01	1.538260e-11
49	6098.344364	1.380089e-08	7.340000e-01	1.000000e-08
49	422.515296	1.372718e-08	8.628000e-01	2.731855e-26
49	1152.806790	1.368117e-08	8.236000e-01	3.768387e-27
49	283.981924	3.801806e-11	7.620000e-01	3.800946e-11
49	422.515326	1.372718e-08	8.628000e-01	1.726863e-26
49	2192.114943	1.365862e-08	7.900000e-01	1.757696e-25
49	69.042958	2.041438e-07	9.944000e-01	3.661953e-11
49	3282.591597	1.364679e-08	7.648000e-01	1.786286e-25
49	679.498240	1.370359e-08	8.460000e-01	2.619181e-27
49	541.204891	1.371445e-08	8.544000e-01	4.078600e-26
49	66.798715	3.281161e-08	9.664000e-01	3.238696e-11
49	283.981924	3.801637e-11	7.200000e-01	1.619697e-11
49	1019.419299	1.368606e-08	8.292000e-01	1.194661e-25
49	67.794715	4.412301e-08	9.748000e-01	3.483344e-11
49	60.906937	1.596829e-08	9.328000e-01	1.013559e-11
49	2192.114935	1.365862e-08	7.900000e-01	5.274454e-26
49	6180.940732	1.412672e-08	7.592000e-01	1.000000e-08
49	6098.344342	1.380089e-08	7.340000e-01	1.000000e-08
49	896.319314	1.369138e-08	8.348000e-01	9.240173e-27
49	322.377798	1.374231e-08	8.712000e-01	7.380429e-27
49	68.067641	4.978399e-08	9.776000e-01	3.541006e-11
49	1223.479431	1.367888e-08	8.208000e-01	3.830097e-26
49	194.035514	1.377508e-08	8.852000e-01	5.366095e-27
49	283.649492	5.892402e-11	7.956000e-01	1.497795e-24
49	1533.877474	1.367055e-08	8.096000e-01	6.725999e-26
49	585.070769	1.371064e-08	8.516000e-01	3.590367e-26
49	956.607119	1.368866e-08	8.320000e-01	3.967253e-27
49	6125.114730	1.390629e-08	7.424000e-01	1.000000e-08
49	68.699601	8.039960e-08	9.860000e-01	3.647492e-11
49	1618.667355	1.366866e-08	8.068000e-01	1.412925e-26
49	-1.000000	-1.000000e+00	-1.000000e+00	-1.000000e+00
49	65.997574	2.797164e-08	9.608000e-01	3.012240e-11
49	6089.583930	1.376644e-08	7.312000e-01	1.000000e-08
49	64.121364	2.153830e-08	9.496000e-01	2.394458e-11
49	353.758102	1.373696e-08	8.684000e-01	1.338926e-26
49	68.309765	5.706632e-08	9.804000e-01	3.587339e-11
49	68.846609	1.008602e-07	9.888000e-01	3.662049e-11
49	1452.017536	1.367251e-08	8.124000e-01	4.289180e-26
49	68.961291	1.350801e-07	9.916000e-01	3.666749e-11
49	63.080395	1.929889e-08	9.440000e-01	1.997562e-11
49	1296.871178	1.367667e-08	8.180000e-01	1.204606e-26
49	6107.185670	1.383568e-08	7.368000e-01	1.000000e-08
49	1706.442457	1.366683e-08	8.040000e-01	2.606418e-26
49	69.086620	4.202336e-07	9.972001e-01	3.648016e-11
49	67.046394	1.389931e-08	9.132000e-01	1.487107e-26
49	1223.479432	1.367888e-08	8.208000e-01	2.035314e-26
49	2088.542791	1.366015e-08	7.928000e-01	1.194410e-25
49	62.969794	1.392040e-08	9.160000e-01	7.846121e-27
49	1797.259338	1.366508e-08	8.012000e-01	1.666496e-26
49	353.758096	1.373696e-08	8.684000e-01	5.893339e-27
49	63.607331	2.035838e-08	9.468000e-01	2.203633e-11
49	280.765915	2.480662e-10	9.188000e-01	2.784127e-26
49	62.543538	1.834286e-08	9.412000e-01	1.775892e-11
49	60.365055	1.530901e-08	9.300000e-01	7.256434e-12
49	68.520553	6.678277e-08	9.832000e-01	3.622711e-11
49	3014.360895	1.364915e-08	7.704000e-01	1.222930e-26
49	98.453769	1.383525e-08	9.020000e-01	5.372982e-27
49	280.554932	2.874691e-10	9.244000e-01	4.081777e-25
49	-1.000000	-1.000000e+00	-1.000000e+00	-1.000000e+00
49	138.660690	1.380137e-08	8.936000e-01	2.573839e-27
49	2192.114939	1.365862e-08	7.900000e-01	1.639823e-26
49	239.798937	1.376061e-08	8.796000e-01	8.015825e-27
49	541.204891	1.371444e-08	8.544000e-01	4.353041e-26
49	3282.591644	1.364679e-08	7.648000e-01	5.630166e-26
49	838.509499	1.369422e-08	8.376000e-01	2.471374e-26
49	1797.259326	1.366508e-08	8.012000e-01	2.813583e-26
49	631.154817	1.370703e-08	8.488000e-01	1.939058e-27
49	280.406512	3.380513e-10	9.300000e-01	2.047793e-25
49	2523.139562	1.365430e-08	7.816000e-01	6.410085e-27
49	2409.348921	1.365570e-08	7.844000e-01	4.073182e-26
49	138.660696	1.380137e-08	8.936000e-01	3.051374e-26
49	239.798928	1.376061e-08	8.796000e-01	3.462792e-27
49	61.453220	1.668808e-08	9.356000e-01	1.284284e-11
49	173.840111	1.378316e-08	8.880000e-01	5.720048e-27
49	283.401370	7.203118e-11	8.236000e-01	1.786082e-24
49	88.280978	1.384883e-08	9.048000e-01	3.410091e-27
49	66.798715	3.281161e-08	9.664000e-01	3.238696e-11
49	63.080395	1.929889e-08	9.440000e-01	1.997562e-11
49	730.143106	1.370032e-08	8.432000e-01	9.533709e-27
49	1797.259336	1.366508e-08	8.012000e-01	2.834151e-26
49	283.687569	5.678946e-11	7.900000e-01	3.831896e-24
49	1296.871150	1.367667e-08	8.180000e-01	1.829342e-26
49	3146.530519	1.364795e-08	7.676000e-01	6.158378e-26
49	6125.114716	1.390629e-08	7.424000e-01	1.000000e-08
49	155.392385	1.379190e-08	8.908000e-01	1.150865e-26
49	65.559997	2.603828e-08	9.580000e-01	2.878930e-11
49	68.846609	1.008602e-07	9.888000e-01	3.662049e-11
49	1533.877493	1.367055e-08	8.096000e-01	2.620255e-26
49	62.543538	1.834286e-08	9.412000e-01	1.775892e-11
49	65.997574	2.797164e-08	9.608000e-01	3.012240e-11
49	1706.442464	1.366683e-08	8.040000e-01	1.424637e-26
49	6080.903530	1.373232e-08	7.284000e-01	1.000000e-08
49	6080.903524	1.373232e-08	7.284000e-01	1.000000e-08
49	68.846609	1.008602e-07	9.888000e-01	3.662049e-11
49	6171.418375	1.408905e-08	7.564000e-01	1.000000e-08
49	60.906937	1.596829e-08	9.328000e-01	1.013559e-11
49	2409.348926	1.365570e-08	7.844000e-01	8.443841e-26
49	283.755037	5.288936e-11	7.788000e-01	2.025787e-23
49	280.323883	4.027220e-10	9.356000e-01	6.093680e-25
49	1452.017519	1.367251e-08	8.124000e-01	3.564109e-26
49	283.904971	4.346908e-11	7.452000e-01	1.247649e-23
49	110.221623	1.382292e-08	8.992000e-01	5.193112e-27
49	216.010828	1.376758e-08	8.824000e-01	1.925265e-27
49	67.794715	4.412301e-08	9.748000e-01	3.483344e-11
49	173.840120	1.378316e-08	8.880000e-01	6.861549e-27
49	68.699601	8.039960e-08	9.860000e-01	3.647492e-11
49	353.758112	1.373696e-08	8.684000e-01	1.881773e-26
49	353.758099	1.373696e-08	8.684000e-01	3.795617e-27
49	283.862195	4.628958e-11	7.564000e-01	4.659248e-24
49	6107.185681	1.383568e-08	7.368000e-01	1.000000e-08
49	59.311012	1.414562e-08	9.244000e-01	9.621838e-13
49	282.844565	9.935587e-11	8.600000e-01	2.637807e-25
49	956.607127	1.368866e-08	8.320000e-01	2.402964e-26
49	138.660699	1.380137e-08	8.936000e-01	4.904040e-27
49	68.309765	5.706632e-08	9.804000e-01	3.587339e-11
49	6089.583938	1.376644e-08	7.312000e-01	1.000000e-08
49	216.010838	1.376758e-08	8.824000e-01	6.747982e-27
49	1019.419330	1.368606e-08	8.292000e-01	5.527315e-26
49	64.619767	2.285960e-08	9.524000e-01	2.570386e-11
49	631.154806	1.370703e-08	8.488000e-01	9.510955e-27
49	6125.114714	1.390629e-08	7.424000e-01	1.000000e-08
49	1891.175609	1.366338e-08	7.984000e-01	1.365141e-25
49	283.513880	6.622897e-11	8.124000e-01	9.925140e-25
49	216.010839	1.376758e-08	8.824000e-01	1.542840e-26
49	63.607331	2.035838e-08	9.468000e-01	2.203633e-11
49	280.765915	2.480662e-10	9.188000e-01	2.799062e-25
49	67.491665	3.959642e-08	9.720000e-01	3.413982e-11
49	68.846609	1.008602e-07	9.888000e-01	3.662049e-11
49	280.654051	2.665371e-10	9.216000e-01	1.026961e-25
49	322.377799	1.374231e-08	8.712000e-01	9.959731e-27
49	61.453220	1.668808e-08	9.356000e-01	1.284284e-11
49	66.411005	3.020454e-08	9.636000e-01	3.132044e-11
49	6116.108840	1.387082e-08	7.396000e-01	1.000000e-08
49	1223.479429	1.367888e-08	8.208000e-01	1.336422e-26
49	6089.583930	1.376644e-08	7.312000e-01	1.000000e-08
49	1084.803178	1.368356e-08	8.264000e-01	6.542824e-26
49	6055.333591	1.363190e-08	7.200000e-01	8.942962e-09
49	79.674323	1.386386e-08	9.076000e-01	1.235304e-26
49	1373.033149	1.367455e-08	8.152000e-01	3.956741e-26
49	6161.984519	1.405177e-08	7.536000e-01	1.000000e-08
49	783.132300	1.369720e-08	8.404000e-01	1.049520e-26
49	459.966474	1.372269e-08	8.600000e-01	3.001410e-26
49	896.319291	1.369138e-08	8.348000e-01	3.781088e-27
49	60.906937	1.596829e-08	9.328000e-01	1.013559e-11
49	1019.419329	1.368606e-08	8.292000e-01	2.718735e-26
49	59.831667	1.470341e-08	9.272000e-01	4.200479e-12
49	59.311011	1.414562e-08	9.244000e-01	9.621831e-13
49	6063.779202	1.366506e-08	7.228000e-01	1.000000e-08
49	2088.542794	1.366015e-08	7.928000e-01	2.462379e-26
49	1223.479416	1.367888e-08	8.208000e-01	2.291073e-26
49	6125.114717	1.390629e-08	7.424000e-01	1.000000e-08
49	282.076270	1.389005e-10	8.880000e-01	5.880823e-26
49	2523.139541	1.365430e-08	7.816000e-01	8.602540e-26
49	194.035517	1.377508e-08	8.852000e-01	4.196516e-27
49	353.758087	1.373696e-08	8.684000e-01	4.186659e-27
49	110.221620	1.382292e-08	8.992000e-01	2.018994e-26
49	6116.108842	1.387082e-08	7.396000e-01	1.000000e-08
49	3014.360803	1.364915e-08	7.704000e-01	2.817377e-26
49	6072.302245	1.369853e-08	7.256000e-01	1.000000e-08
49	79.674320	1.386386e-08	9.076000e-01	4.097685e-27
49	67.794715	4.412301e-08	9.748000e-01	3.483344e-11
49	66.798715	3.281161e-08	9.664000e-01	3.238696e-11
49	66.411005	3.020454e-08	9.636000e-01	3.132044e-11
49	68.309765	5.706633e-08	9.804000e-01	3.587339e-11
49	2088.542796	1.366015e-08	7.928000e-01	3.176790e-26
49	62.543538	1.834286e-08	9.412000e-01	1.775892e-11
49	2640.467634	1.365296e-08	7.788000e-01	9.215267e-26
49	1988.250009	1.366174e-08	7.956000e-01	7.777962e-27
49	69.042958	2.041438e-07	9.944000e-01	3.661953e-11
49	3566.689087	1.364457e-08	7.592000e-01	8.714174e-26
49	138.660691	1.380137e-08	8.936000e-01	2.751247e-27
49	60.906937	1.596829e-08	9.328000e-01	1.013559e-11
49	783.132290	1.369720e-08	8.404000e-01	2.757443e-26
49	62.969792	1.392040e-08	9.160000e-01	1.659141e-27
49	1797.259359	1.366508e-08	8.012000e-01	7.715601e-26
49	155.392393	1.379190e-08	8.908000e-01	1.868066e-26
49	6161.984539	1.405177e-08	7.536000e-01	1.000000e-08
49	1223.479443	1.367888e-08	8.208000e-01	5.035310e-26
49	138.660696	1.380137e-08	8.936000e-01	1.898089e-26
49	1452.017537	1.367251e-08	8.124000e-01	4.890913e-26
49	3282.591436	1.364679e-08	7.648000e-01	1.988937e-27
49	110.221620	1.382292e-08	8.992000e-01	2.340818e-27
49	-1.000000	-1.000000e+00	-1.000000e+00	-1.000000e+00
49	1296.871170	1.367667e-08	8.180000e-01	1.585351e-26
49	68.520553	6.678277e-08	9.832000e-01	3.622711e-11
49	3014.360799	1.364915e-08	7.704000e-01	2.377066e-25
49	79.674320	1.386386e-08	9.076000e-01	1.088781e-26
49	68.067642	4.978399e-08	9.776000e-01	3.541006e-11
49	353.758095	1.373696e-08	8.684000e-01	1.163483e-26
49	283.966791	3.913458e-11	7.256000e-01	1.834260e-23
49	282.955471	9.396777e-11	8.544000e-01	5.767336e-25
49	1533.877469	1.367055e-08	8.096000e-01	2.271077e-26
49	1706.442470	1.366683e-08	8.040000e-01	5.820484e-26
49	1223.479412	1.367888e-08	8.208000e-01	5.618001e-26
49	541.204887	1.371445e-08	8.544000e-01	2.407336e-26
49	6152.638218	1.401485e-08	7.508000e-01	1.000000e-08
49	65.559997	2.603828e-08	9.580000e-01	2.878930e-11
49	783.132305	1.369720e-08	8.404000e-01	2.519208e-26
49	123.613942	1.381167e-08	8.964000e-01	1.004734e-26
49	68.309765	5.706632e-08	9.804000e-01	3.587339e-11
49	63.607331	2.035838e-08	9.468000e-01	2.203633e-11
49	69.042958	2.041438e-07	9.944000e-01	3.661953e-11
49	69.086620	4.202337e-07	9.972001e-01	3.648016e-11
49	79.674325	1.386386e-08	9.076000e-01	1.186598e-26
49	281.869274	1.509476e-10	8.936000e-01	5.262600e-25
49	1373.033134	1.367455e-08	8.152000e-01	3.341440e-26
49	283.914745	4.280588e-11	7.424000e-01	2.066036e-23
49	3566.689056	1.364457e-08	7.592000e-01	6.188901e-26
49	2640.467646	1.365296e-08	7.788000e-01	3.878746e-26
49	6089.583930	1.376644e-08	7.312000e-01	1.000000e-08
49	66.411005	3.020454e-08	9.636000e-01	3.132044e-11
49	283.336881	7.528299e-11	8.292000e-01	1.065334e-24
49	283.302291	7.700997e-11	8.320000e-01	1.779918e-24
49	69.042958	2.041437e-07	9.944000e-01	3.661953e-11
49	1618.667373	1.366866e-08	8.068000e-01	1.537888e-25
49	783.132304	1.369720e-08	8.404000e-01	2.522665e-26
49	6190.552642	1.416476e-08	7.620000e-01	1.000000e-08
49	499.516686	1.371846e-08	8.572000e-01	1.645571e-26
49	2640.467591	1.365296e-08	7.788000e-01	2.608991e-26
49	1084.803171	1.368356e-08	8.264000e-01	2.314612e-26
49	59.311012	1.414562e-08	9.244000e-01	9.621837e-13
49	6063.779202	1.366506e-08	7.228000e-01	1.000000e-08
49	282.955471	9.396777e-11	8.544000e-01	1.737762e-25
49	283.101916	8.685581e-11	8.460000e-01	1.046837e-24
49	6116.108832	1.387082e-08	7.396000e-01	1.000000e-08
49	1452.017519	1.367251e-08	8.124000e-01	3.028592e-26
49	6180.940719	1.412672e-08	7.592000e-01	1.000000e-08
49	279.937751	6.550310e-10	9.496000e-01	1.232935e-25
49	68.699601	8.039960e-08	9.860000e-01	3.647492e-11
49	1019.419315	1.368606e-08	8.292000e-01	8.745981e-27
49	1019.419303	1.368606e-08	8.292000e-01	3.680995e-26
49	66.798715	3.281161e-08	9.664000e-01	3.238696e-11
49	68.961291	1.350801e-07	9.916000e-01	3.666749e-11
49	68.309765	5.706632e-08	9.804000e-01	3.587339e-11
49	282.654904	1.086566e-10	8.684000e-01	5.319282e-26
49	173.840112	1.378316e-08	8.880000e-01	9.449493e-27
49	98.453769	1.383525e-08	9.020000e-01	1.542432e-26
49	1797.259299	1.366508e-08	8.012000e-01	8.663085e-26
49	155.392391	1.379190e-08	8.908000e-01	1.036339e-26
49	283.755037	5.288936e-11	7.788000e-01	2.056969e-24
49	65.100058	2.434852e-08	9.552000e-01	2.731761e-11
49	1223.479437	1.367888e-08	8.208000e-01	1.883901e-26
49	155.392396	1.379190e-08	8.908000e-01	5.678064e-27
49	110.221621	1.382292e-08	8.992000e-01	1.773918e-27
49	280.765915	2.480662e-10	9.188000e-01	1.143803e-25
49	1533.877523	1.367055e-08	8.096000e-01	3.172691e-26
49	138.660696	1.380137e-08	8.936000e-01	2.309646e-27
49	6152.638212	1.401485e-08	7.508000e-01	1.000000e-08
49	585.070783	1.371064e-08	8.516000e-01	2.577692e-26
49	63.080395	1.929889e-08	9.440000e-01	1.997562e-11
49	4023.949729	1.364145e-08	7.508000e-01	4.640205e-26
49	1618.667366	1.366866e-08	8.068000e-01	1.824400e-26
49	1618.667375	1.366866e-08	8.068000e-01	7.716689e-26
49	66.411005	3.020454e-08	9.636000e-01	3.132044e-11
49	67.491665	3.959642e-08	9.720000e-01	3.413982e-11
49	6072.302237	1.369853e-08	7.256000e-01	1.000000e-08
49	6143.378460	1.397831e-08	7.480000e-01	1.000000e-08
49	6098.344356	1.380089e-08	7.340000e-01	1.000000e-08
49	3146.530618	1.364795e-08	7.676000e-01	6.344887e-26
49	279.673165	7.303930e-10	9.524000e-01	3.909040e-25
49	956.607116	1.368866e-08	8.320000e-01	8.524785e-27
49	64.619767	2.285960e-08	9.524000e-01	2.570386e-11
49	353.758109	1.373696e-08	8.684000e-01	1.424361e-26
49	6080.903533	1.373232e-08	7.284000e-01	1.000000e-08
49	387.125018	1.373192e-08	8.656000e-01	1.628372e-26
49	6116.108830	1.387082e-08	7.396000e-01	1.000000e-08
49	283.894845	4.414842e-11	7.480000e-01	4.045331e-24
49	3014.360743	1.364915e-08	7.704000e-01	3.443329e-26
49	679.498243	1.370359e-08	8.460000e-01	2.165089e-26
49	62.969792	1.392040e-08	9.160000e-01	4.334934e-27
49	2088.542792	1.366015e-08	7.928000e-01	5.171380e-26
49	239.798933	1.376061e-08	8.796000e-01	9.866264e-27
49	6089.583928	1.376644e-08	7.312000e-01	1.000000e-08
49	6089.583930	1.376644e-08	7.312000e-01	1.000000e-08
49	2299.029052	1.365713e-08	7.872000e-01	7.014972e-26
49	68.846609	1.008602e-07	9.888000e-01	3.662049e-11
49	6080.903522	1.373232e-08	7.284000e-01	1.000000e-08
49	281.758340	1.578097e-10	8.964000e-01	7.780750e-25
49	68.067641	4.978399e-08	9.776000e-01	3.541007e-11
49	282.654904	1.086566e-10	8.684000e-01	5.178661e-25
49	239.798922	1.376061e-08	8.796000e-01	1.196275e-26
49	216.010842	1.376758e-08	8.824000e-01	9.330927e-27
49	62.543538	1.834286e-08	9.412000e-01	1.775892e-11
49	1084.803171	1.368356e-08	8.264000e-01	1.874757e-26
49	499.516683	1.371846e-08	8.572000e-01	3.937569e-26
49	68.067642	4.978399e-08	9.776000e-01	3.541007e-11
49	68.961291	1.350801e-07	9.916000e-01	3.666749e-11
49	282.721478	1.053736e-10	8.656000e-01	6.101751e-25
49	730.143125	1.370032e-08	8.432000e-01	2.303396e-26
49	280.554932	2.874691e-10	9.244000e-01	1.707566e-25
49	1019.419300	1.368606e-08	8.292000e-01	3.463185e-26
49	1152.806819	1.368117e-08	8.236000e-01	5.027270e-26
49	896.319288	1.369138e-08	8.348000e-01	2.704836e-27
49	239.798922	1.376061e-08	8.796000e-01	6.865111e-28
49	59.831667	1.470341e-08	9.272000e-01	4.200479e-12
49	283.966791	3.913457e-11	7.256000e-01	1.871019e-22
49	6134.204277	1.394212e-08	7.452000e-01	1.000000e-08
49	68.067642	4.978400e-08	9.776000e-01	3.541007e-11
49	6107.185681	1.383568e-08	7.368000e-01	1.000000e-08
49	6089.583930	1.376644e-08	7.312000e-01	1.000000e-08
49	292.947979	1.374801e-08	8.740000e-01	1.046925e-26
49	68.699601	8.039960e-08	9.860000e-01	3.647492e-11
49	541.204881	1.371444e-08	8.544000e-01	6.627731e-26
49	6190.552628	1.416476e-08	7.620000e-01	1.000000e-08
49	353.758111	1.373696e-08	8.684000e-01	4.058530e-27
49	2409.348921	1.365570e-08	7.844000e-01	1.185795e-26
49	283.187989	8.265232e-11	8.404000e-01	1.084456e-24
49	68.309765	5.706632e-08	9.804000e-01	3.587339e-11
49	265.433293	1.375410e-08	8.768000e-01	2.070996e-26
49	422.515316	1.372718e-08	8.628000e-01	3.955790e-27
49	283.668924	5.784011e-11	7.928000e-01	1.373038e-25
49	67.159330	3.589469e-08	9.692000e-01	3.332555e-11
49	98.453770	1.383525e-08	9.020000e-01	4.019250e-27
49	631.154816	1.370703e-08	8.488000e-01	1.066593e-25
49	60.365055	1.530901e-08	9.300000e-01	7.256435e-12
49	3422.619004	1.364567e-08	7.620000e-01	1.596024e-25
49	155.392388	1.379190e-08	8.908000e-01	1.115764e-26
49	216.010826	1.376758e-08	8.824000e-01	2.091972e-27
49	499.516690	1.371846e-08	8.572000e-01	1.571035e-26
49	64.121364	2.153830e-08	9.496000e-01	2.394458e-11
49	1706.442485	1.366683e-08	8.040000e-01	8.973754e-27
49	322.377796	1.374231e-08	8.712000e-01	9.590425e-27
49	459.966460	1.372269e-08	8.600000e-01	1.952423e-26
49	276.004219	1.327603e-09	9.636000e-01	4.176766e-26
49	1452.017535	1.367251e-08	8.124000e-01	7.553763e-26
49	459.966449	1.372269e-08	8.600000e-01	1.737357e-26
49	283.850496	4.703997e-11	7.592000e-01	1.534999e-23
49	6089.583929	1.376644e-08	7.312000e-01	1.000000e-08
49	3282.591420	1.364679e-08	7.648000e-01	1.602280e-25
49	956.607129	1.368866e-08	8.320000e-01	7.393637e-27
49	292.947987	1.374801e-08	8.740000e-01	6.253836e-27
49	896.319299	1.369138e-08	8.348000e-01	1.132506e-26
49	283.755037	5.288936e-11	7.788000e-01	6.416657e-24
49	66.798715	3.281161e-08	9.664000e-01	3.238696e-11
49	2409.348922	1.365570e-08	7.844000e-01	1.041166e-25
49	265.433288	1.375410e-08	8.768000e-01	6.408676e-26
49	3422.619070	1.364567e-08	7.620000e-01	1.732770e-25
49	896.319302	1.369138e-08	8.348000e-01	1.685933e-26
49	123.613942	1.381167e-08	8.964000e-01	1.779442e-26
49	679.498241	1.370359e-08	8.460000e-01	3.564724e-26
49	173.840108	1.378316e-08	8.880000e-01	5.954362e-27
49	69.042958	2.041438e-07	9.944000e-01	3.661953e-11
49	6055.333589	1.363190e-08	7.200000e-01	9.041365e-09
49	173.840110	1.378316e-08	8.880000e-01	1.455579e-26
49	2192.114942	1.365862e-08	7.900000e-01	1.814528e-26
49	239.798935	1.376061e-08	8.796000e-01	3.584779e-26
49	69.042958	2.041438e-07	9.944000e-01	3.661953e-11
49	956.607117	1.368866e-08	8.320000e-01	5.382525e-26
49	67.046392	1.389931e-08	9.132000e-01	1.289668e-26
49	1373.033134	1.367455e-08	8.152000e-01	1.358789e-26
49	2523.139544	1.365430e-08	7.816000e-01	5.554153e-26
49	60.365054	1.530901e-08	9.300000e-01	7.256434e-12
49	2523.139587	1.365430e-08	7.816000e-01	2.154911e-26
49	63.607331	2.035838e-08	9.468000e-01	2.203633e-11
49	6125.114711	1.390629e-08	7.424000e-01	1.000000e-08
49	679.498249	1.370359e-08	8.460000e-01	1.354484e-26
49	62.543538	1.834286e-08	9.412000e-01	1.775892e-11
49	64.121364	2.153830e-08	9.496000e-01	2.394458e-11
49	6072.302248	1.369853e-08	7.256000e-01	1.000000e-08
49	98.453770	1.383525e-08	9.020000e-01	1.913111e-27
49	1223.479414	1.367888e-08	8.208000e-01	2.714218e-26
49	6055.333583	1.363190e-08	7.200000e-01	9.343960e-09
49	1988.250044	1.366174e-08	7.956000e-01	4.393958e-26
49	1373.033163	1.367455e-08	8.152000e-01	1.149169e-26
49	6089.583934	1.376644e-08	7.312000e-01	1.000000e-08
49	1296.871171	1.367667e-08	8.180000e-01	2.432293e-27
49	4350.488686	1.363951e-08	7.452000e-01	3.949954e-25
49	110.221624	1.382292e-08	8.992000e-01	2.130495e-26
49	282.844565	9.935587e-11	8.600000e-01	1.562176e-24
49	6055.333588	1.363190e-08	7.200000e-01	9.786665e-09
49	1452.017526	1.367251e-08	8.124000e-01	8.825435e-26
49	281.142109	2.044861e-10	9.104000e-01	1.428134e-25
49	1618.667326	1.366866e-08	8.068000e-01	8.681926e-26
49	6116.108833	1.387082e-08	7.396000e-01	1.000000e-08
49	1223.479424	1.367888e-08	8.208000e-01	4.743433e-26
49	1373.033119	1.367455e-08	8.152000e-01	3.109527e-26
49	422.515323	1.372718e-08	8.628000e-01	1.375919e-26
49	2523.139556	1.365430e-08	7.816000e-01	1.217494e-26
49	110.221620	1.382292e-08	8.992000e-01	9.205952e-27
49	281.642604	1.653406e-10	8.992000e-01	8.570120e-25
49	6190.552628	1.416476e-08	7.620000e-01	1.000000e-08
49	6190.552627	1.416476e-08	7.620000e-01	1.000000e-08
49	3867.273390	1.364246e-08	7.536000e-01	4.263862e-26
49	61.453220	1.668808e-08	9.356000e-01	1.284284e-11
49	896.319298	1.369138e-08	8.348000e-01	1.198733e-26
49	110.221615	1.382292e-08	8.992000e-01	5.058477e-27
49	6161.984518	1.405177e-08	7.536000e-01	1.000000e-08
49	68.067642	4.978399e-08	9.776000e-01	3.541007e-11
49	631.154821	1.370703e-08	8.488000e-01	3.386615e-26
49	896.319314	1.369138e-08	8.348000e-01	1.268306e-26
49	216.010829	1.376758e-08	8.824000e-01	2.076625e-27
49	68.520553	6.678277e-08	9.832000e-01	3.622711e-11
49	1452.017533	1.367251e-08	8.124000e-01	4.584881e-26
49	282.172375	1.335818e-10	8.852000e-01	3.142677e-25
49	59.156431	1.397178e-08	9.216000e-01	8.587330e-26
49	67.046392	1.389931e-08	9.132000e-01	1.042046e-26
49	59.156431	1.397178e-08	9.216000e-01	4.824477e-26
49	6190.552639	1.416476e-08	7.620000e-01	1.000000e-08
49	59.311011	1.414562e-08	9.244000e-01	9.621817e-13
49	422.515316	1.372718e-08	8.628000e-01	1.215705e-26
49	67.491665	3.959642e-08	9.720000e-01	3.413982e-11
49	64.121364	2.153830e-08	9.496000e-01	2.394458e-11
49	6125.114721	1.390629e-08	7.424000e-01	1.000000e-08
49	2886.008253	1.365038e-08	7.732000e-01	1.897306e-26
49	2886.008312	1.365038e-08	7.732000e-01	1.113675e-25
49	322.377785	1.374231e-08	8.712000e-01	2.938293e-26
49	1618.667328	1.366866e-08	8.068000e-01	4.023817e-26
49	88.280975	1.384883e-08	9.048000e-01	1.553198e-27
49	283.838356	4.780994e-11	7.620000e-01	1.060529e-23
49	1152.806798	1.368117e-08	8.236000e-01	3.276059e-26
49	173.840114	1.378316e-08	8.880000e-01	8.257379e-27
49	2761.400831	1.365165e-08	7.760000e-01	3.988899e-26
49	631.154814	1.370703e-08	8.488000e-01	3.211043e-26
49	896.319301	1.369138e-08	8.348000e-01	3.364233e-26
49	98.453774	1.383525e-08	9.020000e-01	8.139960e-27
49	1152.806818	1.368117e-08	8.236000e-01	2.598005e-26
49	3146.530504	1.364795e-08	7.676000e-01	1.100547e-25
49	1019.419336	1.368606e-08	8.292000e-01	8.592073e-25
49	155.392400	1.379190e-08	8.908000e-01	4.240697e-27
49	353.758096	1.373696e-08	8.684000e-01	8.764642e-27
49	59.831668	1.470341e-08	9.272000e-01	4.200481e-12
49	6281.262789	1.452544e-08	7.872001e-01	1.000000e-08
49	1618.667360	1.366866e-08	8.068000e-01	2.172988e-26
49	283.862195	4.628958e-11	7.564000e-01	7.991923e-24
49	61.999989	1.747641e-08	9.384000e-01	1.538260e-11
49	265.433293	1.375410e-08	8.768000e-01	1.067774e-26
49	1084.803168	1.368356e-08	8.264000e-01	4.328741e-26
49	541.204884	1.371445e-08	8.544000e-01	3.898148e-26
49	783.132291	1.369720e-08	8.404000e-01	2.359283e-26
49	283.770295	5.198328e-11	7.760000e-01	5.380966e-25
49	59.311012	1.414562e-08	9.244000e-01	9.621838e-13
49	6098.344364	1.380089e-08	7.340000e-01	1.000000e-08
49	283.608102	6.119845e-11	8.012000e-01	6.192264e-24
49	138.660689	1.380137e-08	8.936000e-01	4.862285e-27
49	6143.378465	1.397831e-08	7.480000e-01	1.000000e-08
49	138.660699	1.380137e-08	8.936000e-01	3.039925e-27
49	79.674326	1.386386e-08	9.076000e-01	2.287607e-26
49	3146.530515	1.364796e-08	7.676000e-01	4.075129e-26
49	2886.008235	1.365038e-08	7.732000e-01	2.837699e-25
49	277.663749	1.083628e-09	9.608000e-01	1.376191e-25
49	283.958838	3.971233e-11	7.284000e-01	3.312606e-23
49	280.471798	3.111908e-10	9.272000e-01	9.224844e-26
49	6180.940729	1.412672e-08	7.592000e-01	1.000000e-08
49	956.607113	1.368866e-08	8.320000e-01	1.177170e-26
49	1452.017536	1.367251e-08	8.124000e-01	1.763224e-26
49	281.398240	1.828343e-10	9.048000e-01	2.200666e-26
49	59.831668	1.470341e-08	9.272000e-01	4.200479e-12
49	283.460168	6.902234e-11	8.180000e-01	1.777867e-25
49	67.046393	1.389931e-08	9.132000e-01	4.061655e-27
49	62.969793	1.392040e-08	9.160000e-01	5.358507e-27
49	280.554932	2.874691e-10	9.244000e-01	2.874860e-25
49	679.498241	1.370359e-08	8.460000e-01	1.680781e-26
49	64.121364	2.153830e-08	9.496000e-01	2.394458e-11
49	155.392386	1.379190e-08	8.908000e-01	6.100110e-27
49	67.794715	4.412301e-08	9.748000e-01	3.483344e-11
49	1618.667365	1.366866e-08	8.068000e-01	5.279844e-27
49	67.794715	4.412301e-08	9.748000e-01	3.483344e-11
49	585.070776	1.371064e-08	8.516000e-01	7.389247e-27
49	67.046393	1.389931e-08	9.132000e-01	1.320842e-26
49	3014.360643	1.364915e-08	7.704000e-01	4.574922e-26
49	88.280976	1.384883e-08	9.048000e-01	1.832579e-26
49	280.554932	2.874691e-10	9.244000e-01	4.592263e-25
49	679.498251	1.370359e-08	8.460000e-01	3.265937e-27
49	64.619768	2.285960e-08	9.524000e-01	2.570386e-11
49	281.013229	2.173081e-10	9.132000e-01	8.177873e-25
49	322.377783	1.374231e-08	8.712000e-01	2.569589e-27
49	1706.442473	1.366683e-08	8.040000e-01	3.448194e-27
49	6098.344349	1.380089e-08	7.340000e-01	1.000000e-08
49	6107.185675	1.383568e-08	7.368000e-01	1.000000e-08
49	838.509506	1.369422e-08	8.376000e-01	3.197127e-26
49	6180.940732	1.412672e-08	7.592000e-01	1.000000e-08
49	2761.400770	1.365165e-08	7.760000e-01	2.229418e-26
49	283.668924	5.784011e-11	7.928000e-01	1.908153e-24
49	282.510705	1.158655e-10	8.740000e-01	3.514271e-25
49	679.498252	1.370359e-08	8.460000e-01	2.325598e-26
49	387.125032	1.373192e-08	8.656000e-01	3.388427e-26
49	69.042958	2.041438e-07	9.944000e-01	3.661953e-11
49	66.411005	3.020454e-08	9.636000e-01	3.132044e-11
49	64.121364	2.153830e-08	9.496000e-01	2.394458e-11
49	280.554932	2.874691e-10	9.244000e-01	1.110103e-25
49	65.559997	2.603828e-08	9.580000e-01	2.878930e-11
49	63.607331	2.035838e-08	9.468000e-01	2.203633e-11
49	65.100058	2.434852e-08	9.552000e-01	2.731761e-11
49	387.125028	1.373192e-08	8.656000e-01	1.407598e-26
49	6080.903524	1.373232e-08	7.284000e-01	1.000000e-08
49	6089.583924	1.376644e-08	7.312000e-01	1.000000e-08
49	69.042958	2.041437e-07	9.944000e-01	3.661953e-11
49	6161.984523	1.405177e-08	7.536000e-01	1.000000e-08
49	66.411005	3.020454e-08	9.636000e-01	3.132044e-11
49	67.794715	4.412301e-08	9.748000e-01	3.483344e-11
49	1084.803172	1.368356e-08	8.264000e-01	1.339034e-26
49	88.280975	1.384883e-08	9.048000e-01	9.399642e-28
49	6063.779197	1.366506e-08	7.228000e-01	1.000000e-08
49	61.453220	1.668808e-08	9.356000e-01	1.284284e-11
49	3146.530488	1.364795e-08	7.676000e-01	1.229005e-25
49	1706.442488	1.366683e-08	8.040000e-01	2.549350e-27
49	60.906937	1.596829e-08	9.328000e-01	1.013559e-11
49	1618.667373	1.366866e-08	8.068000e-01	9.803768e-26
49	283.799086	5.024557e-11	7.704000e-01	3.872884e-24
49	280.202305	5.343875e-10	9.440000e-01	7.110625e-26
49	1618.667383	1.366866e-08	8.068000e-01	5.214698e-26
49	6072.302252	1.369853e-08	7.256000e-01	1.000000e-08
49	283.668924	5.784011e-11	7.928000e-01	1.918464e-24
49	282.510705	1.158655e-10	8.740000e-01	8.251484e-25
49	3146.530511	1.364795e-08	7.676000e-01	7.938647e-26
49	2088.542793	1.366015e-08	7.928000e-01	2.957059e-26
49	6180.940731	1.412672e-08	7.592000e-01	1.000000e-08
49	2886.008030	1.365038e-08	7.732000e-01	2.197556e-26
49	68.309765	5.706632e-08	9.804000e-01	3.587339e-11
49	68.520553	6.678277e-08	9.832000e-01	3.622711e-11
49	66.798715	3.281161e-08	9.664000e-01	3.238696e-11
49	283.981924	3.801637e-11	7.200000e-01	3.672605e-11
49	283.649492	5.892402e-11	7.956000e-01	1.575234e-24
49	68.846609	1.008602e-07	9.888000e-01	3.662049e-11
49	499.516681	1.371846e-08	8.572000e-01	2.640441e-26
49	6080.903529	1.373232e-08	7.284000e-01	1.000000e-08
49	67.794715	4.412301e-08	9.748000e-01	3.483344e-11
49	896.319300	1.369138e-08	8.348000e-01	6.666333e-27
49	67.159330	3.589469e-08	9.692000e-01	3.332555e-11
49	730.143127	1.370032e-08	8.432000e-01	3.122837e-27
49	72.605428	1.388059e-08	9.104000e-01	1.494342e-27
49	3282.591330	1.364679e-08	7.648000e-01	8.813914e-26
49	59.156431	1.397178e-08	9.216000e-01	3.454223e-26
49	3146.530523	1.364795e-08	7.676000e-01	8.098222e-26
49	64.121364	2.153830e-08	9.496000e-01	2.394458e-11
49	282.955471	9.396777e-11	8.544000e-01	2.327881e-25
49	155.392388	1.379190e-08	8.908000e-01	2.029862e-27
49	387.125026	1.373192e-08	8.656000e-01	5.314320e-27
49	282.510705	1.158655e-10	8.740000e-01	5.633855e-25
49	-1.000000	-1.000000e+00	-1.000000e+00	-1.000000e+00
49	64.619767	2.285960e-08	9.524000e-01	2.570386e-11
49	110.221627	1.382292e-08	8.992000e-01	7.906146e-27
49	3282.591369	1.364679e-08	7.648000e-01	6.797948e-26
49	282.350400	1.240917e-10	8.796000e-01	5.806115e-25
49	3282.591424	1.364679e-08	7.648000e-01	6.371747e-26
49	65.100058	2.434852e-08	9.552000e-01	2.731761e-11
49	1373.033129	1.367455e-08	8.152000e-01	6.566402e-26
49	63.080395	1.929889e-08	9.440000e-01	1.997562e-11
49	1988.250065	1.366174e-08	7.956000e-01	4.566831e-27
49	6143.378456	1.397831e-08	7.480000e-01	1.000000e-08
49	1152.806784	1.368117e-08	8.236000e-01	2.078395e-26
49	422.515322	1.372718e-08	8.628000e-01	6.389189e-28
49	6055.333581	1.363190e-08	7.200000e-01	9.945833e-09
49	387.125030	1.373192e-08	8.656000e-01	1.440022e-26
49	65.997574	2.797164e-08	9.608000e-01	3.012240e-11
49	3282.591448	1.364679e-08	7.648000e-01	7.578427e-26
49	6089.583926	1.376644e-08	7.312000e-01	1.000000e-08
49	679.498248	1.370359e-08	8.460000e-01	3.057651e-26
49	6116.108818	1.387082e-08	7.396000e-01	1.000000e-08
49	280.554932	2.874691e-10	9.244000e-01	4.175402e-25
49	1452.017525	1.367251e-08	8.124000e-01	1.623499e-26
49	2761.400773	1.365165e-08	7.760000e-01	7.389248e-26
49	6098.344350	1.380089e-08	7.340000e-01	1.000000e-08
49	65.997574	2.797164e-08	9.608000e-01	3.012240e-11
49	88.280977	1.384883e-08	9.048000e-01	4.659356e-27
49	66.798715	3.281161e-08	9.664000e-01	3.238696e-11
49	110.221617	1.382292e-08	8.992000e-01	1.166026e-27
49	1706.442492	1.366683e-08	8.040000e-01	3.244336e-26
49	6072.302245	1.369853e-08	7.256000e-01	1.000000e-08
49	123.613937	1.381167e-08	8.964000e-01	1.659170e-26
49	60.365055	1.530901e-08	9.300000e-01	7.256435e-12
49	88.280977	1.384883e-08	9.048000e-01	3.657948e-27
49	280.654051	2.665371e-10	9.216000e-01	6.314029e-25
49	541.204893	1.371445e-08	8.544000e-01	1.767702e-26
49	730.143123	1.370032e-08	8.432000e-01	2.610208e-26
49	956.607135	1.368866e-08	8.320000e-01	2.767970e-26
49	265.433291	1.375410e-08	8.768000e-01	9.395335e-27
49	2409.348922	1.365570e-08	7.844000e-01	7.594192e-26
49	631.154814	1.370703e-08	8.488000e-01	2.869155e-26
49	292.947994	1.374801e-08	8.740000e-01	7.856848e-27
49	956.607110	1.368866e-08	8.320000e-01	1.610849e-26
49	1618.667343	1.366866e-08	8.068000e-01	1.781299e-26
49	2088.542793	1.366015e-08	7.928000e-01	1.446798e-26
49	2299.029055	1.365713e-08	7.872000e-01	2.018184e-26
49	956.607134	1.368866e-08	8.320000e-01	1.619391e-26
49	68.846609	1.008602e-07	9.888000e-01	3.662049e-11
49	282.263698	1.286604e-10	8.824000e-01	2.537259e-25
49	65.997574	2.797164e-08	9.608000e-01	3.012240e-11
49	62.543538	1.834286e-08	9.412000e-01	1.775892e-11
49	2088.542794	1.366015e-08	7.928000e-01	1.335947e-25
49	63.607331	2.035838e-08	9.468000e-01	2.203633e-11
49	322.377781	1.374231e-08	8.712000e-01	1.145045e-26
49	67.794715	4.412301e-08	9.748000e-01	3.483344e-11
49	79.674324	1.386386e-08	9.076000e-01	7.500397e-27
49	59.311011	1.414562e-08	9.244000e-01	9.621817e-13
49	1706.442450	1.366683e-08	8.040000e-01	4.030777e-26
49	282.955471	9.396777e-11	8.544000e-01	2.029490e-25
49	956.607131	1.368866e-08	8.320000e-01	2.340492e-27
49	1797.259305	1.366508e-08	8.012000e-01	3.508592e-26
49	6161.984523	1.405177e-08	7.536000e-01	1.000000e-08
49	283.705467	5.577048e-11	7.872000e-01	1.825484e-24
49	3146.530504	1.364796e-08	7.676000e-01	1.685679e-25
49	3014.360628	1.364915e-08	7.704000e-01	9.845275e-26
49	1373.033168	1.367455e-08	8.152000e-01	1.769877e-26
49	281.869274	1.509476e-10	8.936000e-01	5.115305e-25
49	838.509507	1.369422e-08	8.376000e-01	9.156421e-27
49	6107.185674	1.383568e-08	7.368000e-01	1.000000e-08
49	65.559997	2.603828e-08	9.580000e-01	2.878930e-11
49	292.947976	1.374801e-08	8.740000e-01	1.363168e-26
49	66.798715	3.281161e-08	9.664000e-01	3.238696e-11
49	69.042958	2.041438e-07	9.944000e-01	3.661953e-11
49	155.392389	1.379190e-08	8.908000e-01	3.346668e-27
49	280.654051	2.665371e-10	9.216000e-01	2.786648e-25
49	2409.348924	1.365570e-08	7.844000e-01	1.433109e-26
49	63.080395	1.929889e-08	9.440000e-01	1.997562e-11
49	283.369877	7.362481e-11	8.264000e-01	3.230048e-24
49	59.156431	1.397178e-08	9.216000e-01	2.928761e-26
