35	13206.031350	1.749271e-08	8.504000e-01	4.042561e-26
35	15081.820452	1.753108e-08	8.438000e-01	2.778961e-26
35	782.039363	1.444478e-10	9.384000e-01	7.683319e-25
35	371.476934	1.789500e-08	9.670000e-01	1.233197e-11
35	38882.737165	1.775424e-08	7.866000e-01	1.491418e-25
35	374.152775	2.240793e-08	9.736000e-01	1.873318e-11
35	40109.866721	1.776022e-08	7.844000e-01	1.388428e-24
35	1188.101625	1.634485e-08	9.274000e-01	1.138314e-26
35	25160.122869	1.766196e-08	8.152000e-01	6.152396e-26
35	6389.232002	1.724631e-08	8.812000e-01	3.811588e-27
35	420.853493	1.501020e-08	9.494000e-01	6.262206e-27
35	498.544483	1.540223e-08	9.450000e-01	6.386971e-27
35	9910.288853	1.740298e-08	8.636000e-01	5.356005e-26
35	12041.503070	1.746489e-08	8.548000e-01	1.552662e-27
35	378.453557	4.521754e-08	9.868000e-01	2.637537e-11
35	5306.370404	1.717226e-08	8.878000e-01	2.771792e-27
35	1067.048139	1.626170e-08	9.296000e-01	6.931381e-27
35	18568.816627	1.758741e-08	8.328000e-01	1.766163e-25
35	10418.938502	1.741932e-08	8.614000e-01	1.211989e-25
35	10418.938722	1.741932e-08	8.614000e-01	5.134887e-26
35	17834.140630	1.757682e-08	8.350000e-01	5.526466e-26
35	783.173829	1.015717e-10	9.208000e-01	5.267603e-25
35	35355.529187	1.773544e-08	7.932000e-01	5.746324e-26
35	379.871762	1.371925e-07	9.956000e-01	2.796192e-11
35	375.806960	2.695131e-08	9.780000e-01	2.202486e-11
35	783.173829	1.015717e-10	9.208000e-01	8.802558e-25
35	29968.925017	1.770099e-08	8.042000e-01	1.858460e-25
35	44003.896217	1.830605e-08	7.953999e-01	1.000000e-08
35	42643.492459	1.777179e-08	7.800000e-01	2.959014e-19
35	-1.000000	-1.000000e+00	-1.000000e+00	-1.000000e+00
35	4344.812892	1.708689e-08	8.944000e-01	1.011162e-26
35	1778.171582	1.661925e-08	9.186000e-01	4.810648e-27
35	377.261774	3.379066e-08	9.824000e-01	2.456275e-11
35	44003.895650	1.830605e-08	7.953999e-01	1.000000e-08
35	6778.037123	1.726886e-08	8.790000e-01	3.639129e-27
35	26077.632989	1.767018e-08	8.130000e-01	1.808940e-26
35	379.989391	2.781861e-07	9.978001e-01	2.796190e-11
35	36505.941657	1.774185e-08	7.910000e-01	6.895950e-25
35	5653.593369	1.719808e-08	8.856000e-01	1.596996e-27
35	41363.322585	1.776607e-08	7.822000e-01	2.057776e-24
35	784.000659	7.232327e-11	8.966000e-01	7.618476e-25
35	375.806960	2.695131e-08	9.780000e-01	2.202486e-11
35	13813.850748	1.750592e-08	8.482000e-01	5.516158e-26
35	684.015904	1.584465e-08	9.384000e-01	2.152985e-27
35	378.453557	4.521754e-08	9.868000e-01	2.637537e-11
35	784.401696	5.704742e-11	8.746000e-01	2.745556e-24
35	20095.965178	1.760766e-08	8.284000e-01	9.201950e-26
35	379.871762	1.371924e-07	9.956000e-01	2.796192e-11
35	379.334973	6.812116e-08	9.912000e-01	2.749598e-11
35	32051.875703	1.771528e-08	7.998000e-01	2.518109e-25
35	21702.031011	1.762678e-08	8.240000e-01	2.509726e-26
35	-1.000000	-1.000000e+00	-1.000000e+00	-1.000000e+00
35	10418.938700	1.741932e-08	8.614000e-01	2.157719e-26
35	27016.942660	1.767818e-08	8.108000e-01	3.257907e-26
35	774.543746	9.886771e-10	9.780000e-01	1.857819e-25
35	38882.735476	1.775424e-08	7.866000e-01	1.744713e-25
35	784.794606	3.940688e-11	8.306000e-01	7.265616e-24
35	2545.188456	1.682606e-08	9.098000e-01	1.115981e-26
35	782.039363	1.444478e-10	9.384000e-01	4.138449e-25
35	1952.937763	1.667623e-08	9.164000e-01	1.444967e-26
35	44003.896201	1.830605e-08	7.953999e-01	1.000000e-08
35	-1.000000	-1.000000e+00	-1.000000e+00	-1.000000e+00
35	420.853508	1.501020e-08	9.494000e-01	4.304221e-27
35	783.460161	9.150846e-11	9.142000e-01	7.541443e-25
35	27016.944085	1.767818e-08	8.108000e-01	1.089803e-25
35	12041.503256	1.746489e-08	8.548000e-01	8.200101e-28
35	373.275308	2.066706e-08	9.714000e-01	1.679714e-11
35	612.767170	1.571269e-08	9.406000e-01	3.379293e-27
35	379.648471	9.107866e-08	9.934000e-01	2.780832e-11
35	27978.385439	1.768598e-08	8.086000e-01	6.180162e-26
35	21702.030911	1.762678e-08	8.240000e-01	2.320399e-25
35	20888.992192	1.761736e-08	8.262000e-01	1.432053e-25
35	2336.283903	1.677930e-08	9.120000e-01	5.467030e-27
35	1319.584625	1.642151e-08	9.252000e-01	8.284365e-28
35	1188.101661	1.634485e-08	9.274000e-01	8.516755e-27
35	784.051546	7.046126e-11	8.944000e-01	1.569794e-24
35	782.542276	1.245376e-10	9.318000e-01	5.407336e-25
35	374.152775	2.240793e-08	9.736000e-01	1.873318e-11
35	29968.926012	1.770099e-08	8.042000e-01	2.299457e-26
35	368.867292	1.492409e-08	9.604000e-01	4.117898e-12
35	1952.937750	1.667623e-08	9.164000e-01	4.971058e-28
35	18568.816503	1.758741e-08	8.328000e-01	2.246496e-26
35	420.853486	1.501020e-08	9.494000e-01	6.091418e-27
35	2138.921421	1.672946e-08	9.142000e-01	8.253223e-27
35	9910.288853	1.740298e-08	8.636000e-01	5.433986e-26
35	38882.737971	1.775423e-08	7.866000e-01	1.597318e-27
35	783.621756	8.583771e-11	9.098000e-01	1.067173e-24
35	15081.820057	1.753108e-08	8.438000e-01	4.497009e-27
35	17834.140730	1.757682e-08	8.350000e-01	1.511842e-25
35	23389.300515	1.764485e-08	8.196000e-01	1.019666e-26
35	455.224934	1.521820e-08	9.472000e-01	5.780951e-27
35	35355.529404	1.773544e-08	7.932000e-01	1.188335e-25
35	1067.048124	1.626170e-08	9.296000e-01	1.992083e-26
35	9910.288819	1.740298e-08	8.636000e-01	8.113651e-27
35	784.677734	4.513623e-11	8.482000e-01	7.059967e-24
35	2138.921349	1.672946e-08	9.142000e-01	6.958607e-28
35	1952.937815	1.667623e-08	9.164000e-01	6.452716e-27
35	17834.140980	1.757682e-08	8.350000e-01	5.127365e-26
35	764.909490	1.596397e-08	9.362000e-01	3.418051e-27
35	4972.624347	1.714518e-08	8.900000e-01	5.216240e-26
35	395.227311	1.477361e-08	9.516000e-01	1.019394e-26
35	782.039363	1.444478e-10	9.384000e-01	2.632147e-25
35	2998.286002	1.691144e-08	9.054000e-01	1.030849e-26
35	6778.037265	1.726886e-08	8.790000e-01	3.567063e-26
35	4344.812986	1.708689e-08	8.944000e-01	1.528343e-26
35	6014.482794	1.722274e-08	8.834000e-01	4.852656e-27
35	784.660121	4.595443e-11	8.504000e-01	8.610075e-24
35	17118.368019	1.756591e-08	8.372000e-01	3.584671e-26
35	764.909494	1.596397e-08	9.362000e-01	3.797638e-27
35	455.224936	1.521820e-08	9.472000e-01	3.512496e-27
35	17834.140669	1.757682e-08	8.350000e-01	2.836431e-26
35	13813.850700	1.750592e-08	8.482000e-01	3.441690e-26
35	22535.369459	1.763594e-08	8.218000e-01	2.370152e-25
35	20095.965179	1.760766e-08	8.284000e-01	8.599874e-26
35	379.648471	9.107868e-08	9.934000e-01	2.780832e-11
35	784.535962	5.146883e-11	8.636000e-01	9.071913e-24
35	6389.232007	1.724631e-08	8.812000e-01	1.476182e-26
35	11484.317861	1.745024e-08	8.570000e-01	8.021213e-28
35	13813.850822	1.750592e-08	8.482000e-01	2.724576e-26
35	29968.922581	1.770099e-08	8.042000e-01	1.617445e-25
35	6778.037330	1.726886e-08	8.790000e-01	3.649538e-26
35	26077.629271	1.767018e-08	8.130000e-01	1.898376e-26
35	17118.367896	1.756591e-08	8.372000e-01	1.328169e-26
35	6389.232181	1.724631e-08	8.812000e-01	2.206818e-26
35	22535.369386	1.763594e-08	8.218000e-01	3.326130e-26
35	19322.666164	1.759769e-08	8.306000e-01	3.257324e-26
35	18568.816566	1.758741e-08	8.328000e-01	1.108811e-25
35	370.581551	1.677578e-08	9.648000e-01	9.798339e-12
35	368.867292	1.492409e-08	9.604000e-01	4.117898e-12
35	51015.758039	2.100085e-08	8.592000e-01	1.000000e-08
35	784.051546	7.046126e-11	8.944000e-01	4.849097e-25
35	36505.942202	1.774185e-08	7.910000e-01	4.159258e-25
35	764.909491	1.596397e-08	9.362000e-01	3.677466e-27
35	35355.528833	1.773544e-08	7.932000e-01	1.554701e-25
35	3242.814614	1.695050e-08	9.032000e-01	1.628619e-26
35	784.768918	4.071705e-11	8.350000e-01	2.263700e-23
35	1614.462677	1.655813e-08	9.208000e-01	1.780047e-26
35	3768.686995	1.702235e-08	8.988000e-01	2.043736e-26
35	17834.140673	1.757682e-08	8.350000e-01	1.493295e-25
35	42643.493585	1.777179e-08	7.800000e-01	7.874749e-19
35	37681.553373	1.774812e-08	7.888000e-01	2.930407e-26
35	784.896918	3.380628e-11	8.086000e-01	1.533340e-23
35	35355.528342	1.773544e-08	7.932000e-01	2.249560e-25
35	44003.895582	1.830605e-08	7.953999e-01	1.000000e-08
35	372.379239	1.917951e-08	9.692000e-01	1.466417e-11
35	7598.612595	1.731115e-08	8.746000e-01	2.132927e-26
35	1461.652902	1.649240e-08	9.230000e-01	4.167107e-27
35	40109.868105	1.776022e-08	7.844000e-01	1.211636e-24
35	375.000164	2.447068e-08	9.758000e-01	2.047483e-11
35	2998.285885	1.691144e-08	9.054000e-01	3.762391e-27
35	782.542276	1.245376e-10	9.318000e-01	7.041196e-25
35	20095.965188	1.760766e-08	8.284000e-01	5.422002e-26
35	13206.031381	1.749271e-08	8.504000e-01	3.634259e-27
35	17834.140629	1.757683e-08	8.350000e-01	6.674965e-26
35	4972.624200	1.714518e-08	8.900000e-01	2.663891e-27
35	18568.816486	1.758741e-08	8.328000e-01	9.172424e-26
35	784.782022	4.005281e-11	8.328000e-01	1.308839e-23
35	18568.816639	1.758741e-08	8.328000e-01	1.536940e-25
35	2545.188648	1.682606e-08	9.098000e-01	5.605097e-27
35	1778.171564	1.661925e-08	9.186000e-01	2.076158e-26
35	17834.140527	1.757683e-08	8.350000e-01	9.362257e-26
35	6778.037221	1.726886e-08	8.790000e-01	4.270418e-27
35	371.476934	1.789500e-08	9.670000e-01	1.233197e-11
35	29968.926334	1.770099e-08	8.042000e-01	8.635233e-26
35	12615.328772	1.747904e-08	8.526000e-01	1.936100e-26
35	2336.283948	1.677930e-08	9.120000e-01	1.723058e-26
35	783.064628	1.054430e-10	9.230000e-01	2.532779e-26
35	26077.626997	1.767018e-08	8.130000e-01	1.344956e-25
35	27016.947919	1.767818e-08	8.108000e-01	1.366006e-25
35	7598.612441	1.731115e-08	8.746000e-01	9.992170e-27
35	784.099575	6.868833e-11	8.922000e-01	6.549422e-26
35	6778.037222	1.726886e-08	8.790000e-01	2.808453e-26
35	9910.288907	1.740298e-08	8.636000e-01	4.290108e-26
35	375.806960	2.695131e-08	9.780000e-01	2.202486e-11
35	44003.897038	1.830605e-08	7.953999e-01	1.000000e-08
35	498.544498	1.540223e-08	9.450000e-01	4.733295e-27
35	375.806960	2.695131e-08	9.780000e-01	2.202486e-11
35	956.268609	1.617119e-08	9.318000e-01	1.136693e-26
35	2138.921431	1.672945e-08	9.142000e-01	2.934189e-27
35	2545.188583	1.682606e-08	9.098000e-01	6.731977e-27
35	956.268704	1.617119e-08	9.318000e-01	1.049084e-26
35	1614.462712	1.655813e-08	9.208000e-01	2.126680e-26
35	27978.386139	1.768598e-08	8.086000e-01	5.898200e-27
35	3768.687056	1.702235e-08	8.988000e-01	8.488055e-27
35	2336.283875	1.677930e-08	9.120000e-01	5.278434e-27
35	13206.031084	1.749271e-08	8.504000e-01	2.554645e-26
35	-1.000000	-1.000000e+00	-1.000000e+00	-1.000000e+00
35	13813.850853	1.750592e-08	8.482000e-01	2.890972e-27
35	36505.942367	1.774185e-08	7.910000e-01	4.663438e-25
35	12041.503107	1.746489e-08	8.548000e-01	1.378483e-26
35	15081.820130	1.753108e-08	8.438000e-01	5.287202e-26
35	782.687131	1.191192e-10	9.296000e-01	3.630248e-25
35	6014.482521	1.722274e-08	8.834000e-01	3.368165e-26
35	784.000659	7.232327e-11	8.966000e-01	6.989078e-25
35	784.266848	6.236640e-11	8.834000e-01	4.231103e-24
35	1614.462785	1.655813e-08	9.208000e-01	5.741490e-27
35	25160.123118	1.766196e-08	8.152000e-01	2.558009e-26
35	1067.048147	1.626170e-08	9.296000e-01	3.612696e-27
35	784.581219	4.950532e-11	8.592000e-01	4.528976e-24
35	10418.938688	1.741932e-08	8.614000e-01	1.957983e-26
35	1614.462727	1.655813e-08	9.208000e-01	1.732773e-27
35	18568.816593	1.758741e-08	8.328000e-01	9.249662e-26
35	783.763910	8.082018e-11	9.054000e-01	9.323361e-25
35	30998.675454	1.770822e-08	8.020000e-01	7.313594e-26
35	24264.111705	1.765352e-08	8.174000e-01	8.079563e-26
35	8477.832044	1.735008e-08	8.702000e-01	4.309826e-27
35	2998.285777	1.691144e-08	9.054000e-01	7.363895e-27
35	2998.285849	1.691143e-08	9.054000e-01	6.793063e-27
35	2336.284023	1.677930e-08	9.120000e-01	1.774004e-26
35	784.710741	4.357417e-11	8.438000e-01	1.165256e-23
35	781.638834	1.620119e-10	9.428000e-01	2.398791e-25
35	1461.652857	1.649240e-08	9.230000e-01	2.871710e-27
35	23389.300061	1.764485e-08	8.196000e-01	3.507698e-26
35	378.453557	4.521754e-08	9.868000e-01	2.637537e-11
35	5306.370573	1.717226e-08	8.878000e-01	9.488025e-27
35	6778.037280	1.726886e-08	8.790000e-01	2.419451e-26
35	1614.462764	1.655813e-08	9.208000e-01	2.109084e-26
35	2765.800150	1.687003e-08	9.076000e-01	8.062222e-27
35	4050.379805	1.705546e-08	8.966000e-01	2.660369e-26
35	29968.923305	1.770099e-08	8.042000e-01	8.770645e-26
35	1952.937689	1.667623e-08	9.164000e-01	1.661858e-27
35	8477.831893	1.735008e-08	8.702000e-01	1.543785e-26
35	783.371053	9.463271e-11	9.164000e-01	2.055512e-24
35	784.755268	4.140042e-11	8.372000e-01	4.681965e-24
35	9910.288785	1.740298e-08	8.636000e-01	2.034526e-26
35	377.261774	3.379066e-08	9.824000e-01	2.456275e-11
35	35355.528479	1.773544e-08	7.932000e-01	1.117238e-25
35	7181.096983	1.729045e-08	8.768000e-01	2.825841e-26
35	16421.231546	1.755466e-08	8.394000e-01	2.096638e-26
35	8030.788382	1.733101e-08	8.724000e-01	1.466522e-26
35	16421.231630	1.755466e-08	8.394000e-01	2.327854e-26
35	6389.232120	1.724631e-08	8.812000e-01	1.035211e-26
35	15742.468465	1.754306e-08	8.416000e-01	1.673190e-26
35	14439.031470	1.751870e-08	8.460000e-01	8.762978e-27
35	2138.921313	1.672946e-08	9.142000e-01	1.511605e-27
35	8030.788612	1.733101e-08	8.724000e-01	3.026670e-26
35	1778.171477	1.661925e-08	9.186000e-01	1.271010e-26
35	371.476934	1.789500e-08	9.670000e-01	1.233197e-11
35	27978.386622	1.768598e-08	8.086000e-01	1.004534e-27
35	2336.283943	1.677930e-08	9.120000e-01	5.762576e-27
35	35355.528345	1.773544e-08	7.932000e-01	1.956095e-25
35	15081.820318	1.753108e-08	8.438000e-01	3.683798e-26
35	7598.612565	1.731115e-08	8.746000e-01	2.665038e-26
35	23389.300550	1.764485e-08	8.196000e-01	1.406840e-26
35	6014.482720	1.722274e-08	8.834000e-01	5.088048e-27
35	371.476934	1.789500e-08	9.670000e-01	1.233197e-11
35	18568.816187	1.758741e-08	8.328000e-01	9.291564e-26
35	368.077295	1.415128e-08	9.582000e-01	9.660572e-13
35	23389.300238	1.764485e-08	8.196000e-01	1.642059e-26
35	-1.000000	-1.000000e+00	-1.000000e+00	-1.000000e+00
35	379.871762	1.371925e-07	9.956000e-01	2.796192e-11
35	1319.584619	1.642151e-08	9.252000e-01	1.246634e-27
35	778.495940	5.387118e-10	9.692000e-01	1.574143e-25
35	21702.030782	1.762678e-08	8.240000e-01	9.839972e-26
35	784.266848	6.236640e-11	8.834000e-01	1.707211e-24
35	784.962046	2.980552e-11	7.888000e-01	7.014317e-23
35	374.152774	2.240793e-08	9.736000e-01	1.873318e-11
35	4050.379695	1.705546e-08	8.966000e-01	8.059969e-27
35	379.648471	9.107867e-08	9.934000e-01	2.780832e-11
35	5306.370573	1.717226e-08	8.878000e-01	1.491655e-26
35	784.985059	2.831971e-11	7.822000e-01	2.420696e-11
35	368.867292	1.492409e-08	9.604000e-01	4.117898e-12
35	784.486178	5.357670e-11	8.680000e-01	5.200514e-24
35	783.889428	7.634431e-11	9.010000e-01	7.442438e-25
35	2998.285979	1.691144e-08	9.054000e-01	7.262162e-27
35	2545.188507	1.682606e-08	9.098000e-01	5.494589e-27
35	33128.838653	1.772216e-08	7.976000e-01	4.106732e-25
35	27016.947163	1.767818e-08	8.108000e-01	6.247565e-26
35	1614.462731	1.655813e-08	9.208000e-01	1.056424e-26
35	19322.666221	1.759769e-08	8.306000e-01	2.053271e-26
35	38882.738646	1.775424e-08	7.866000e-01	6.575297e-25
35	30998.670994	1.770822e-08	8.020000e-01	7.753058e-26
35	20095.965255	1.760766e-08	8.284000e-01	6.054073e-26
35	778.825461	4.711935e-10	9.670000e-01	1.088772e-24
35	22535.369471	1.763594e-08	8.218000e-01	1.655947e-26
35	782.386594	1.305000e-10	9.340000e-01	4.220400e-25
35	16421.231647	1.755466e-08	8.394000e-01	4.027087e-26
35	1778.171582	1.661925e-08	9.186000e-01	7.210854e-27
35	784.913207	3.284429e-11	8.042000e-01	4.112115e-23
35	784.486178	5.357670e-11	8.680000e-01	1.043943e-24
35	778.495940	5.387118e-10	9.692000e-01	7.966160e-25
35	5653.593349	1.719808e-08	8.856000e-01	1.947711e-26
35	7181.096696	1.729045e-08	8.768000e-01	5.335865e-27
35	2138.921326	1.672946e-08	9.142000e-01	5.993615e-27
35	784.806698	3.877852e-11	8.284000e-01	1.877095e-23
35	455.224938	1.521820e-08	9.472000e-01	1.134456e-26
35	420.853505	1.501020e-08	9.494000e-01	4.790358e-27
35	26077.627100	1.767018e-08	8.130000e-01	5.460272e-26
35	8030.788358	1.733101e-08	8.724000e-01	1.876597e-25
35	3499.557248	1.698741e-08	9.010000e-01	1.169960e-26
35	32051.871263	1.771528e-08	7.998000e-01	2.598549e-26
35	38882.736321	1.775424e-08	7.866000e-01	1.182541e-24
35	612.767196	1.571269e-08	9.406000e-01	6.269242e-27
35	2545.188518	1.682606e-08	9.098000e-01	2.024457e-27
35	24264.114393	1.765352e-08	8.174000e-01	8.400060e-26
35	3499.557122	1.698741e-08	9.010000e-01	7.862069e-27
35	12041.503160	1.746489e-08	8.548000e-01	2.419792e-26
35	27016.941124	1.767818e-08	8.108000e-01	1.534715e-25
35	3242.814614	1.695050e-08	9.032000e-01	5.475973e-27
35	784.694594	4.434320e-11	8.460000e-01	2.814175e-24
35	784.913207	3.284429e-11	8.042000e-01	6.648458e-23
35	38882.738011	1.775424e-08	7.866000e-01	1.577686e-24
35	26077.627668	1.767018e-08	8.130000e-01	1.180827e-25
35	764.909420	1.596397e-08	9.362000e-01	6.770762e-27
35	29968.926154	1.770099e-08	8.042000e-01	1.758815e-26
35	4972.624490	1.714518e-08	8.900000e-01	1.911661e-26
35	1778.171612	1.661925e-08	9.186000e-01	7.841325e-27
35	420.853495	1.501020e-08	9.494000e-01	2.022439e-27
35	783.828592	7.852046e-11	9.032000e-01	3.677052e-24
35	784.888324	3.430483e-11	8.108000e-01	3.709178e-23
35	9417.367367	1.738602e-08	8.658000e-01	2.649266e-26
35	764.909420	1.596397e-08	9.362000e-01	6.489474e-27
35	36505.942200	1.774185e-08	7.910000e-01	9.363293e-26
35	375.806960	2.695131e-08	9.780000e-01	2.202486e-11
35	778.031599	6.183639e-10	9.714000e-01	2.329294e-26
35	855.607888	1.607235e-08	9.340000e-01	1.746579e-26
35	21702.030933	1.762678e-08	8.240000e-01	3.599165e-26
35	783.371053	9.463271e-11	9.164000e-01	1.237651e-24
35	1778.171596	1.661925e-08	9.186000e-01	8.241180e-28
35	24264.109653	1.765352e-08	8.174000e-01	8.610791e-26
35	780.116288	2.596919e-10	9.560000e-01	1.845543e-25
35	783.173829	1.015717e-10	9.208000e-01	3.596446e-25
35	20888.992304	1.761736e-08	8.262000e-01	7.710114e-26
35	784.726212	4.282804e-11	8.416000e-01	1.232401e-23
35	6389.231945	1.724631e-08	8.812000e-01	6.764137e-28
35	8030.788294	1.733101e-08	8.724000e-01	1.341411e-26
35	17834.140892	1.757683e-08	8.350000e-01	5.002334e-26
35	368.077295	1.415128e-08	9.582000e-01	9.660567e-13
35	782.039363	1.444478e-10	9.384000e-01	5.569667e-25
35	783.621756	8.583771e-11	9.098000e-01	1.100308e-24
35	19322.666200	1.759769e-08	8.306000e-01	4.013013e-26
35	420.853490	1.501020e-08	9.494000e-01	7.042069e-27
35	18568.816618	1.758741e-08	8.328000e-01	3.456926e-26
35	14439.031470	1.751870e-08	8.460000e-01	4.927449e-26
35	21702.030996	1.762678e-08	8.240000e-01	2.485567e-26
35	4652.167079	1.711676e-08	8.922000e-01	1.467810e-26
35	378.121674	1.450271e-08	9.538000e-01	7.919997e-29
35	26077.631280	1.767018e-08	8.130000e-01	1.071151e-25
35	10418.938837	1.741932e-08	8.614000e-01	1.649850e-26
35	37681.553827	1.774812e-08	7.888000e-01	6.314516e-25
35	395.227295	1.477361e-08	9.516000e-01	1.217074e-27
35	3242.814512	1.695050e-08	9.032000e-01	1.033589e-26
35	38882.736488	1.775424e-08	7.866000e-01	1.299987e-25
35	395.227303	1.477361e-08	9.516000e-01	2.840200e-26
35	20888.992333	1.761736e-08	8.262000e-01	1.341898e-25
35	20888.992470	1.761736e-08	8.262000e-01	4.048492e-26
35	379.989391	2.781860e-07	9.978001e-01	2.796190e-11
35	15742.468627	1.754306e-08	8.416000e-01	3.433978e-26
35	782.386594	1.305000e-10	9.340000e-01	2.534421e-25
35	784.431276	5.584605e-11	8.724000e-01	9.030542e-25
35	28962.266234	1.769358e-08	8.064000e-01	1.046700e-25
35	2336.283903	1.677930e-08	9.120000e-01	8.954584e-27
35	3499.557112	1.698741e-08	9.010000e-01	3.580251e-26
35	27016.948251	1.767818e-08	8.108000e-01	1.831734e-25
35	1067.048050	1.626170e-08	9.296000e-01	1.227901e-26
35	784.860566	3.587615e-11	8.174000e-01	7.519322e-24
35	4972.624185	1.714518e-08	8.900000e-01	2.601635e-26
35	379.648471	9.107866e-08	9.934000e-01	2.780832e-11
35	376.563656	2.998857e-08	9.802000e-01	2.338636e-11
35	35355.528558	1.773544e-08	7.932000e-01	2.459447e-25
35	4652.166997	1.711676e-08	8.922000e-01	1.421389e-26
35	783.889428	7.634431e-11	9.010000e-01	6.575491e-25
35	771.618666	1.214644e-09	9.802000e-01	5.605880e-26
35	9417.367289	1.738602e-08	8.658000e-01	1.643438e-26
35	14439.031247	1.751870e-08	8.460000e-01	1.850310e-26
35	369.706904	1.579299e-08	9.626000e-01	7.061097e-12
35	40109.865381	1.776022e-08	7.844000e-01	4.044700e-25
35	782.947564	1.096282e-10	9.252000e-01	6.747638e-25
35	379.334973	6.812116e-08	9.912000e-01	2.749598e-11
35	19322.665796	1.759769e-08	8.306000e-01	5.420995e-26
35	36505.942533	1.774185e-08	7.910000e-01	1.079378e-25
35	764.909439	1.596397e-08	9.362000e-01	2.144671e-26
35	420.853493	1.501020e-08	9.494000e-01	1.155046e-26
35	369.281079	1.419043e-08	9.560000e-01	2.906951e-26
35	37681.554199	1.774812e-08	7.888000e-01	1.497898e-25
35	18568.816011	1.758741e-08	8.328000e-01	1.423030e-25
35	27978.383566	1.768598e-08	8.086000e-01	1.113381e-25
35	24264.114978	1.765352e-08	8.174000e-01	1.981939e-25
35	1067.048050	1.626170e-08	9.296000e-01	4.437702e-28
35	372.379239	1.917951e-08	9.692000e-01	1.466417e-11
35	783.275782	9.797844e-11	9.186000e-01	4.430152e-25
35	1461.652916	1.649240e-08	9.230000e-01	2.120912e-26
35	379.989391	2.781860e-07	9.978001e-01	2.796190e-11
35	17834.140729	1.757682e-08	8.350000e-01	6.954062e-27
35	2998.285973	1.691144e-08	9.054000e-01	1.497759e-26
35	1778.171596	1.661925e-08	9.186000e-01	4.675730e-27
35	1461.652978	1.649240e-08	9.230000e-01	7.392109e-27
35	27978.382403	1.768598e-08	8.086000e-01	1.788818e-26
35	4652.166855	1.711676e-08	8.922000e-01	1.473777e-27
35	498.544472	1.540223e-08	9.450000e-01	6.517948e-28
35	9417.367281	1.738602e-08	8.658000e-01	2.381022e-26
35	378.453557	4.521754e-08	9.868000e-01	2.637537e-11
35	41363.322365	1.776607e-08	7.822000e-01	4.195675e-25
35	6389.232001	1.724631e-08	8.812000e-01	1.505745e-26
35	48071.697489	1.987499e-08	8.350000e-01	1.000000e-08
35	1067.048069	1.626170e-08	9.296000e-01	3.788455e-27
35	784.949261	3.062575e-11	7.932000e-01	4.850128e-23
35	8477.831911	1.735008e-08	8.702000e-01	1.477251e-26
35	784.401696	5.704742e-11	8.746000e-01	1.362037e-24
35	2998.285927	1.691144e-08	9.054000e-01	1.077155e-26
35	783.695076	8.325494e-11	9.076000e-01	4.138982e-24
35	4652.166923	1.711676e-08	8.922000e-01	2.203159e-26
35	44003.895663	1.830605e-08	7.953999e-01	1.000000e-08
35	3242.814556	1.695050e-08	9.032000e-01	2.059107e-26
35	15081.820278	1.753108e-08	8.438000e-01	4.086335e-26
35	780.393169	2.358164e-10	9.538000e-01	1.892388e-24
35	12041.503044	1.746489e-08	8.548000e-01	8.584012e-26
35	783.828592	7.852046e-11	9.032000e-01	1.060711e-24
35	23389.300087	1.764485e-08	8.196000e-01	1.160702e-25
35	11484.317923	1.745024e-08	8.570000e-01	2.611684e-26
35	378.935413	5.437244e-08	9.890000e-01	2.701993e-11
35	2336.283964	1.677930e-08	9.120000e-01	9.508927e-27
35	379.989391	2.781860e-07	9.978001e-01	2.796190e-11
35	28962.262716	1.769358e-08	8.064000e-01	1.424341e-28
35	782.039363	1.444478e-10	9.384000e-01	2.246306e-25
35	373.275308	2.066706e-08	9.714000e-01	1.679714e-11
35	612.767200	1.571269e-08	9.406000e-01	6.919074e-28
35	378.935413	5.437244e-08	9.890000e-01	2.701993e-11
35	764.909487	1.596397e-08	9.362000e-01	4.115412e-27
35	5653.593350	1.719808e-08	8.856000e-01	1.835020e-26
35	783.828592	7.852046e-11	9.032000e-01	2.899414e-24
35	14439.031237	1.751870e-08	8.460000e-01	4.155502e-26
35	782.386594	1.305000e-10	9.340000e-01	2.686690e-25
35	498.544498	1.540223e-08	9.450000e-01	1.200443e-26
35	6778.037300	1.726886e-08	8.790000e-01	3.103038e-26
35	3499.557248	1.698741e-08	9.010000e-01	5.610684e-27
35	19322.665818	1.759769e-08	8.306000e-01	1.537555e-26
35	2998.285875	1.691144e-08	9.054000e-01	4.919675e-26
35	42643.492281	1.777179e-08	7.800000e-01	4.154221e-19
35	378.453557	4.521753e-08	9.868000e-01	2.637537e-11
35	5306.370490	1.717226e-08	8.878000e-01	1.739035e-27
35	764.909418	1.596397e-08	9.362000e-01	1.254287e-26
35	1461.652968	1.649240e-08	9.230000e-01	5.195251e-28
35	10418.938789	1.741932e-08	8.614000e-01	4.608790e-26
35	378.935413	5.437244e-08	9.890000e-01	2.701993e-11
35	20888.992434	1.761736e-08	8.262000e-01	5.783695e-26
35	8030.788488	1.733101e-08	8.724000e-01	3.823601e-26
35	7598.612556	1.731115e-08	8.746000e-01	2.631742e-26
35	368.867292	1.492409e-08	9.604000e-01	4.117898e-12
35	12615.328855	1.747904e-08	8.526000e-01	1.351719e-26
35	781.638834	1.620119e-10	9.428000e-01	3.234568e-25
35	35355.529201	1.773544e-08	7.932000e-01	1.782715e-25
35	9417.367522	1.738602e-08	8.658000e-01	9.427701e-28
35	550.999707	1.556605e-08	9.428000e-01	6.901730e-28
35	498.544496	1.540223e-08	9.450000e-01	1.596556e-26
35	27016.945955	1.767818e-08	8.108000e-01	9.889208e-26
35	395.227297	1.477361e-08	9.516000e-01	1.060335e-26
35	7181.096927	1.729045e-08	8.768000e-01	1.313741e-26
35	2336.283897	1.677930e-08	9.120000e-01	9.287546e-27
35	7181.097103	1.729045e-08	8.768000e-01	9.272814e-26
35	379.871762	1.371924e-07	9.956000e-01	2.796192e-11
35	15742.468733	1.754306e-08	8.416000e-01	2.829429e-26
35	27016.942544	1.767818e-08	8.108000e-01	3.548375e-25
35	784.694594	4.434320e-11	8.460000e-01	1.711330e-23
35	379.871762	1.371924e-07	9.956000e-01	2.796192e-11
35	20888.992271	1.761736e-08	8.262000e-01	2.548288e-26
35	5306.370389	1.717226e-08	8.878000e-01	3.185538e-26
35	32051.876221	1.771528e-08	7.998000e-01	7.903316e-26
35	28962.264409	1.769358e-08	8.064000e-01	1.907410e-25
35	37681.551758	1.774812e-08	7.888000e-01	1.158621e-24
35	784.559123	5.047000e-11	8.614000e-01	1.415286e-23
35	35355.528535	1.773544e-08	7.932000e-01	2.022220e-25
35	10943.539611	1.743506e-08	8.592000e-01	8.474919e-27
35	379.334973	6.812117e-08	9.912000e-01	2.749598e-11
35	855.607826	1.607235e-08	9.340000e-01	6.795205e-27
35	35355.529020	1.773544e-08	7.932000e-01	1.956145e-25
35	420.853509	1.501020e-08	9.494000e-01	1.192963e-26
35	17118.368093	1.756591e-08	8.372000e-01	4.228922e-26
35	7181.096906	1.729045e-08	8.768000e-01	4.107791e-27
35	23389.300086	1.764485e-08	8.196000e-01	1.065573e-26
35	369.281079	1.419043e-08	9.560000e-01	1.673910e-25
35	36505.942039	1.774185e-08	7.910000e-01	5.426104e-25
35	3499.557119	1.698741e-08	9.010000e-01	1.088348e-26
35	24264.115024	1.765352e-08	8.174000e-01	7.541055e-27
35	1188.101672	1.634485e-08	9.274000e-01	5.411456e-27
35	369.706903	1.579298e-08	9.626000e-01	7.061095e-12
35	455.224917	1.521820e-08	9.472000e-01	1.460026e-26
35	15742.468829	1.754306e-08	8.416000e-01	1.010142e-25
35	10418.938620	1.741932e-08	8.614000e-01	6.327766e-26
35	27978.382760	1.768598e-08	8.086000e-01	6.159017e-26
35	4972.624461	1.714518e-08	8.900000e-01	1.677998e-26
35	379.871762	1.371925e-07	9.956000e-01	2.796192e-11
35	374.152775	2.240793e-08	9.736000e-01	1.873318e-11
35	784.581219	4.950532e-11	8.592000e-01	1.937232e-24
35	21702.030507	1.762678e-08	8.240000e-01	6.380399e-26
35	784.459407	5.469001e-11	8.702000e-01	1.527420e-24
35	784.806698	3.877852e-11	8.284000e-01	1.236080e-23
35	30998.674703	1.770822e-08	8.020000e-01	1.726772e-25
35	1067.048124	1.626170e-08	9.296000e-01	2.349313e-27
35	2336.283848	1.677930e-08	9.120000e-01	2.833380e-26
35	375.000164	2.447068e-08	9.758000e-01	2.047483e-11
35	378.453557	4.521754e-08	9.868000e-01	2.637537e-11
35	13206.031415	1.749271e-08	8.504000e-01	3.430516e-26
35	784.486178	5.357670e-11	8.680000e-01	3.071045e-24
35	23389.300129	1.764485e-08	8.196000e-01	4.551276e-26
35	779.088522	4.135602e-10	9.648000e-01	6.350351e-25
35	379.334973	6.812116e-08	9.912000e-01	2.749598e-11
35	784.677734	4.513623e-11	8.482000e-01	6.101746e-25
35	956.268690	1.617119e-08	9.318000e-01	6.118811e-27
35	4050.379719	1.705546e-08	8.966000e-01	1.218590e-26
35	41363.321968	1.776607e-08	7.822000e-01	2.404440e-24
35	378.453557	4.521754e-08	9.868000e-01	2.637537e-11
35	8477.832215	1.735008e-08	8.702000e-01	3.489417e-27
35	-1.000000	-1.000000e+00	-1.000000e+00	-1.000000e+00
35	17834.140824	1.757682e-08	8.350000e-01	2.502567e-26
35	6014.482599	1.722274e-08	8.834000e-01	1.942291e-26
35	379.648471	9.107867e-08	9.934000e-01	2.780832e-11
35	379.989391	2.781859e-07	9.978001e-01	2.796190e-11
35	10418.938503	1.741932e-08	8.614000e-01	7.329316e-26
35	5306.370412	1.717226e-08	8.878000e-01	9.457094e-27
35	5653.593224	1.719808e-08	8.856000e-01	1.418784e-26
35	-1.000000	-1.000000e+00	-1.000000e+00	-1.000000e+00
35	2998.285800	1.691143e-08	9.054000e-01	4.089950e-27
35	2998.285836	1.691143e-08	9.054000e-01	2.028411e-26
35	20888.992286	1.761736e-08	8.262000e-01	6.151803e-26
35	20095.965306	1.760766e-08	8.284000e-01	1.047572e-25
35	41363.320602	1.776607e-08	7.822000e-01	1.111077e-24
35	369.281076	1.419043e-08	9.560000e-01	1.008360e-26
35	550.999704	1.556605e-08	9.428000e-01	5.461772e-27
35	379.871762	1.371924e-07	9.956000e-01	2.796192e-11
35	1319.584617	1.642151e-08	9.252000e-01	1.176795e-26
35	23389.300622	1.764485e-08	8.196000e-01	5.992509e-26
35	379.334973	6.812117e-08	9.912000e-01	2.749598e-11
35	784.641711	4.679905e-11	8.526000e-01	5.376083e-24
35	17834.140760	1.757682e-08	8.350000e-01	4.272038e-26
35	371.476934	1.789500e-08	9.670000e-01	1.233197e-11
35	4050.379663	1.705546e-08	8.966000e-01	3.646910e-27
35	550.999681	1.556605e-08	9.428000e-01	6.924628e-28
35	369.706903	1.579298e-08	9.626000e-01	7.061096e-12
35	5306.370494	1.717226e-08	8.878000e-01	7.214230e-27
35	-1.000000	-1.000000e+00	-1.000000e+00	-1.000000e+00
35	784.818322	3.816699e-11	8.262000e-01	1.280237e-23
35	20095.965277	1.760766e-08	8.284000e-01	1.881725e-26
35	16421.231886	1.755466e-08	8.394000e-01	2.801162e-26
35	14439.031389	1.751870e-08	8.460000e-01	8.851770e-27
35	35355.528661	1.773544e-08	7.932000e-01	3.062303e-25
35	4344.813040	1.708689e-08	8.944000e-01	5.214340e-26
35	1188.101685	1.634485e-08	9.274000e-01	4.614152e-27
35	42643.494083	1.777179e-08	7.800000e-01	3.217967e-20
35	378.453557	4.521754e-08	9.868000e-01	2.637537e-11
35	378.453557	4.521754e-08	9.868000e-01	2.637537e-11
35	4050.379774	1.705546e-08	8.966000e-01	1.023169e-27
35	38882.737630	1.775424e-08	7.866000e-01	1.662476e-24
35	4050.379731	1.705546e-08	8.966000e-01	2.149991e-27
35	32051.872129	1.771528e-08	7.998000e-01	3.889668e-25
35	379.334973	6.812116e-08	9.912000e-01	2.749598e-11
35	371.476934	1.789500e-08	9.670000e-01	1.233197e-11
35	15742.468519	1.754306e-08	8.416000e-01	9.465003e-26
35	44003.895562	1.830605e-08	7.953999e-01	1.000000e-08
35	5653.593363	1.719808e-08	8.856000e-01	1.750898e-26
35	379.334973	6.812116e-08	9.912000e-01	2.749598e-11
35	19322.665900	1.759769e-08	8.306000e-01	4.663065e-26
35	784.337797	5.959764e-11	8.790000e-01	7.315703e-25
35	33128.843930	1.772216e-08	7.976000e-01	2.131872e-27
35	5306.370610	1.717226e-08	8.878000e-01	1.592092e-26
35	784.337797	5.959765e-11	8.790000e-01	4.816889e-25
35	420.853495	1.501020e-08	9.494000e-01	1.352448e-27
35	3499.557120	1.698741e-08	9.010000e-01	1.733651e-27
35	42643.494984	1.777179e-08	7.800000e-01	8.693248e-19
35	379.648471	9.107868e-08	9.934000e-01	2.780832e-11
35	379.989391	2.781859e-07	9.978001e-01	2.796190e-11
35	370.581551	1.677578e-08	9.648000e-01	9.798339e-12
35	684.015859	1.584465e-08	9.384000e-01	2.237474e-27
35	372.379239	1.917951e-08	9.692000e-01	1.466417e-11
35	784.000659	7.232327e-11	8.966000e-01	2.463498e-24
35	44003.896351	1.830605e-08	7.953999e-01	1.000000e-08
35	38882.737716	1.775424e-08	7.866000e-01	6.742103e-25
35	8477.831990	1.735008e-08	8.702000e-01	8.524902e-27
35	377.261774	3.379066e-08	9.824000e-01	2.456275e-11
35	2998.285969	1.691144e-08	9.054000e-01	3.541260e-27
35	15081.820137	1.753108e-08	8.438000e-01	1.849462e-26
35	3242.814443	1.695050e-08	9.032000e-01	9.422341e-27
35	7598.612469	1.731115e-08	8.746000e-01	6.490009e-27
35	765.260393	1.679644e-09	9.824000e-01	5.298238e-28
35	2138.921497	1.672946e-08	9.142000e-01	2.013693e-27
35	44003.895837	1.830605e-08	7.953999e-01	1.000000e-08
35	13206.031240	1.749271e-08	8.504000e-01	5.139857e-26
35	1188.101628	1.634485e-08	9.274000e-01	5.991865e-27
35	378.453557	4.521754e-08	9.868000e-01	2.637537e-11
35	18568.816505	1.758741e-08	8.328000e-01	2.974113e-26
35	4050.379829	1.705546e-08	8.966000e-01	6.387580e-27
35	368.867292	1.492409e-08	9.604000e-01	4.117899e-12
35	371.476934	1.789500e-08	9.670000e-01	1.233197e-11
35	783.828592	7.852046e-11	9.032000e-01	1.991033e-25
35	783.889428	7.634431e-11	9.010000e-01	1.142466e-24
35	371.476934	1.789500e-08	9.670000e-01	1.233197e-11
35	9910.288907	1.740298e-08	8.636000e-01	3.610623e-26
35	5653.593246	1.719808e-08	8.856000e-01	1.535399e-26
35	1319.584634	1.642151e-08	9.252000e-01	9.982412e-27
35	7181.096856	1.729045e-08	8.768000e-01	3.152768e-27
35	778.825461	4.711935e-10	9.670000e-01	4.354670e-25
35	373.275308	2.066706e-08	9.714000e-01	1.679714e-11
35	372.379239	1.917951e-08	9.692000e-01	1.466417e-11
35	38882.735389	1.775424e-08	7.866000e-01	1.494530e-24
35	455.224929	1.521820e-08	9.472000e-01	2.016901e-27
35	783.763910	8.082018e-11	9.054000e-01	4.548447e-25
35	2765.800134	1.687003e-08	9.076000e-01	1.725806e-26
35	14439.031502	1.751870e-08	8.460000e-01	2.463740e-26
35	1067.048143	1.626170e-08	9.296000e-01	5.153531e-27
35	782.821971	1.141699e-10	9.274000e-01	2.060701e-24
35	369.281077	1.419043e-08	9.560000e-01	3.290962e-26
35	378.453557	4.521754e-08	9.868000e-01	2.637537e-11
35	783.173829	1.015717e-10	9.208000e-01	5.308853e-25
35	12615.328846	1.747904e-08	8.526000e-01	2.709975e-26
35	6389.232027	1.724631e-08	8.812000e-01	3.012925e-27
35	1614.462802	1.655813e-08	9.208000e-01	8.056121e-28
35	5306.370500	1.717226e-08	8.878000e-01	2.208867e-26
35	13813.850819	1.750592e-08	8.482000e-01	1.416967e-26
35	369.281077	1.419043e-08	9.560000e-01	8.267017e-27
35	376.563656	2.998857e-08	9.802000e-01	2.338636e-11
35	52182.557922	2.144859e-08	8.680000e-01	1.000000e-08
35	12041.503216	1.746489e-08	8.548000e-01	2.741245e-27
35	36505.941510	1.774185e-08	7.910000e-01	4.095444e-25
35	374.152774	2.240793e-08	9.736000e-01	1.873318e-11
35	377.893876	3.868495e-08	9.846000e-01	2.555775e-11
35	17834.140876	1.757682e-08	8.350000e-01	7.770348e-26
35	956.268693	1.617119e-08	9.318000e-01	6.254318e-27
35	1319.584679	1.642151e-08	9.252000e-01	4.787185e-27
35	28962.264276	1.769358e-08	8.064000e-01	4.110706e-26
35	17118.368296	1.756591e-08	8.372000e-01	2.955355e-26
35	37681.554326	1.774812e-08	7.888000e-01	5.210738e-25
35	13813.850877	1.750592e-08	8.482000e-01	1.164275e-26
35	784.303263	6.095292e-11	8.812000e-01	2.249523e-24
35	784.581219	4.950532e-11	8.592000e-01	1.540569e-24
35	3499.557090	1.698741e-08	9.010000e-01	1.811810e-27
35	368.077295	1.415128e-08	9.582000e-01	9.660559e-13
35	20888.992403	1.761736e-08	8.262000e-01	9.693742e-26
35	779.331423	3.644900e-10	9.626000e-01	5.370229e-25
35	784.051546	7.046126e-11	8.944000e-01	2.823054e-24
35	7181.096960	1.729045e-08	8.768000e-01	2.393684e-26
35	378.121670	1.450271e-08	9.538000e-01	2.124853e-26
35	10418.938762	1.741932e-08	8.614000e-01	1.617378e-27
35	1614.462721	1.655813e-08	9.208000e-01	4.800706e-27
35	455.224911	1.521820e-08	9.472000e-01	2.856315e-27
35	44003.896805	1.830605e-08	7.953999e-01	1.000000e-08
35	783.946698	7.428160e-11	8.988000e-01	4.525629e-24
35	784.677734	4.513623e-11	8.482000e-01	9.692563e-24
35	774.543746	9.886771e-10	9.780000e-01	1.217562e-25
35	1952.937775	1.667623e-08	9.164000e-01	9.008766e-27
35	15742.468884	1.754306e-08	8.416000e-01	1.551113e-26
35	784.677734	4.513623e-11	8.482000e-01	4.307955e-24
35	30998.675286	1.770822e-08	8.020000e-01	1.487771e-25
35	36505.941591	1.774185e-08	7.910000e-01	5.818662e-26
35	25160.123101	1.766196e-08	8.152000e-01	7.079277e-26
35	11484.317798	1.745024e-08	8.570000e-01	5.959374e-26
35	32051.871398	1.771528e-08	7.998000e-01	3.553723e-25
35	1952.937607	1.667623e-08	9.164000e-01	8.039209e-27
35	26077.628358	1.767018e-08	8.130000e-01	1.149941e-25
35	11484.317702	1.745024e-08	8.570000e-01	4.171966e-26
35	372.379239	1.917951e-08	9.692000e-01	1.466417e-11
35	378.935413	5.437244e-08	9.890000e-01	2.701993e-11
35	956.268602	1.617119e-08	9.318000e-01	9.313558e-27
35	8477.831880	1.735008e-08	8.702000e-01	2.553536e-26
35	36505.941660	1.774185e-08	7.910000e-01	3.335703e-25
35	5306.370573	1.717226e-08	8.878000e-01	8.678085e-27
35	12615.328727	1.747904e-08	8.526000e-01	5.969150e-26
35	371.476934	1.789500e-08	9.670000e-01	1.233197e-11
35	16421.231815	1.755466e-08	8.394000e-01	1.363279e-25
35	6389.232028	1.724631e-08	8.812000e-01	2.756908e-26
35	6389.231946	1.724631e-08	8.812000e-01	4.401108e-26
35	782.821971	1.141699e-10	9.274000e-01	1.177177e-24
35	378.453557	4.521753e-08	9.868000e-01	2.637537e-11
35	1778.171518	1.661925e-08	9.186000e-01	7.767096e-27
35	9417.367094	1.738602e-08	8.658000e-01	5.997169e-26
35	-1.000000	-1.000000e+00	-1.000000e+00	-1.000000e+00
35	37681.553663	1.774812e-08	7.888000e-01	2.114225e-24
35	44003.896339	1.830605e-08	7.953999e-01	1.000000e-08
35	375.806960	2.695131e-08	9.780000e-01	2.202486e-11
35	378.935413	5.437244e-08	9.890000e-01	2.701993e-11
35	371.476934	1.789500e-08	9.670000e-01	1.233197e-11
35	373.275308	2.066706e-08	9.714000e-01	1.679714e-11
35	9910.289228	1.740298e-08	8.636000e-01	8.107102e-27
35	378.935413	5.437243e-08	9.890000e-01	2.701993e-11
35	26077.628146	1.767018e-08	8.130000e-01	7.250439e-26
35	1188.101676	1.634485e-08	9.274000e-01	3.373094e-29
35	372.379239	1.917951e-08	9.692000e-01	1.466417e-11
35	12615.328788	1.747904e-08	8.526000e-01	1.509642e-26
35	20095.965224	1.760766e-08	8.284000e-01	4.210715e-27
35	956.268611	1.617119e-08	9.318000e-01	1.509622e-26
35	33128.840709	1.772216e-08	7.976000e-01	5.267092e-25
35	13813.850701	1.750592e-08	8.482000e-01	1.178490e-26
35	368.077295	1.415128e-08	9.582000e-01	9.660569e-13
35	395.227298	1.477361e-08	9.516000e-01	3.061112e-27
35	782.542276	1.245376e-10	9.318000e-01	5.287853e-25
35	3499.557212	1.698741e-08	9.010000e-01	4.571659e-26
35	8030.788269	1.733101e-08	8.724000e-01	7.117311e-27
35	30998.679676	1.770822e-08	8.020000e-01	4.468359e-26
35	379.334973	6.812117e-08	9.912000e-01	2.749598e-11
35	15742.468596	1.754306e-08	8.416000e-01	3.496168e-26
35	783.828592	7.852046e-11	9.032000e-01	3.392356e-24
35	17834.140537	1.757682e-08	8.350000e-01	6.762773e-26
35	38882.738859	1.775424e-08	7.866000e-01	4.375048e-25
35	374.152774	2.240793e-08	9.736000e-01	1.873318e-11
35	784.401696	5.704742e-11	8.746000e-01	2.188421e-24
35	-1.000000	-1.000000e+00	-1.000000e+00	-1.000000e+00
35	372.379239	1.917951e-08	9.692000e-01	1.466417e-11
35	12041.502950	1.746489e-08	8.548000e-01	3.460836e-26
35	2998.285862	1.691144e-08	9.054000e-01	2.202247e-26
35	784.144944	6.699798e-11	8.900000e-01	6.237644e-25
35	33128.840678	1.772216e-08	7.976000e-01	2.215349e-25
35	24264.108619	1.765352e-08	8.174000e-01	6.035434e-26
35	1067.048120	1.626170e-08	9.296000e-01	3.625492e-27
35	379.989391	2.781859e-07	9.978001e-01	2.796190e-11
35	36505.942282	1.774185e-08	7.910000e-01	1.534403e-25
35	35355.528971	1.773544e-08	7.932000e-01	3.135953e-25
35	1067.048094	1.626170e-08	9.296000e-01	1.013048e-27
35	13813.850914	1.750592e-08	8.482000e-01	3.176295e-26
35	455.224934	1.521820e-08	9.472000e-01	1.486120e-26
35	395.227298	1.477361e-08	9.516000e-01	1.158446e-27
35	2998.285956	1.691144e-08	9.054000e-01	3.071955e-26
35	855.607790	1.607235e-08	9.340000e-01	1.093477e-26
35	37681.554740	1.774812e-08	7.888000e-01	1.836959e-25
35	371.476934	1.789500e-08	9.670000e-01	1.233197e-11
35	6014.482784	1.722274e-08	8.834000e-01	2.554877e-26
35	2336.283895	1.677930e-08	9.120000e-01	1.517648e-27
35	395.227305	1.477361e-08	9.516000e-01	2.058586e-27
35	784.337797	5.959764e-11	8.790000e-01	1.368348e-24
35	612.767173	1.571269e-08	9.406000e-01	1.074055e-26
35	2336.283962	1.677930e-08	9.120000e-01	2.812227e-26
35	372.379239	1.917951e-08	9.692000e-01	1.466417e-11
35	44003.895667	1.830605e-08	7.953999e-01	1.000000e-08
35	42643.493451	1.777179e-08	7.800000e-01	3.640846e-19
35	684.015890	1.584465e-08	9.384000e-01	1.580259e-28
35	29968.919320	1.770099e-08	8.042000e-01	1.812402e-25
35	28962.268675	1.769358e-08	8.064000e-01	2.072428e-25
35	368.867292	1.492409e-08	9.604000e-01	4.117899e-12
35	1614.462783	1.655813e-08	9.208000e-01	2.597848e-26
35	373.275307	2.066706e-08	9.714000e-01	1.679714e-11
35	2336.283993	1.677930e-08	9.120000e-01	1.202815e-26
35	778.495940	5.387118e-10	9.692000e-01	3.544284e-26
35	612.767214	1.571269e-08	9.406000e-01	7.178902e-27
35	376.563656	2.998857e-08	9.802000e-01	2.338636e-11
35	784.942538	3.104960e-11	7.954000e-01	1.345273e-23
35	20095.965415	1.760766e-08	8.284000e-01	3.315424e-26
35	6778.037211	1.726886e-08	8.790000e-01	3.977157e-26
35	12041.503091	1.746489e-08	8.548000e-01	1.434304e-25
35	35355.528567	1.773544e-08	7.932000e-01	1.430138e-25
35	378.935413	5.437244e-08	9.890000e-01	2.701993e-11
35	13813.850688	1.750592e-08	8.482000e-01	1.433833e-26
35	8939.954079	1.736840e-08	8.680000e-01	8.160455e-27
35	368.867292	1.492409e-08	9.604000e-01	4.117899e-12
35	781.416934	1.726432e-10	9.450000e-01	5.418565e-25
35	420.853487	1.501020e-08	9.494000e-01	4.902815e-27
35	784.782022	4.005281e-11	8.328000e-01	7.353338e-24
35	783.173829	1.015717e-10	9.208000e-01	2.353575e-24
35	2138.921416	1.672946e-08	9.142000e-01	8.028264e-28
35	776.258806	8.329209e-10	9.758000e-01	2.152015e-26
35	379.871762	1.371925e-07	9.956000e-01	2.796192e-11
35	27978.386137	1.768598e-08	8.086000e-01	4.361206e-26
35	6014.482798	1.722274e-08	8.834000e-01	2.231314e-26
35	784.641711	4.679905e-11	8.526000e-01	4.991547e-24
35	780.116288	2.596919e-10	9.560000e-01	8.902396e-26
35	7181.097049	1.729045e-08	8.768000e-01	1.578477e-26
35	784.303263	6.095292e-11	8.812000e-01	5.069417e-24
35	5653.593176	1.719808e-08	8.856000e-01	3.199569e-26
35	25160.122250	1.766196e-08	8.152000e-01	1.158196e-25
35	370.581551	1.677578e-08	9.648000e-01	9.798340e-12
35	28962.268924	1.769358e-08	8.064000e-01	6.432517e-26
35	7598.612521	1.731115e-08	8.746000e-01	1.338028e-26
35	12041.503023	1.746489e-08	8.548000e-01	3.465436e-26
35	17118.368026	1.756591e-08	8.372000e-01	1.065157e-25
35	8030.788287	1.733101e-08	8.724000e-01	5.636289e-26
35	420.853497	1.501020e-08	9.494000e-01	9.088723e-27
35	371.476934	1.789500e-08	9.670000e-01	1.233197e-11
35	8030.788210	1.733101e-08	8.724000e-01	2.701585e-26
35	784.187837	6.538433e-11	8.878000e-01	1.400171e-24
35	778.825461	4.711935e-10	9.670000e-01	3.077671e-25
35	2545.188477	1.682606e-08	9.098000e-01	1.700098e-27
35	764.909417	1.596397e-08	9.362000e-01	4.044817e-28
35	42643.494309	1.777179e-08	7.800000e-01	1.710785e-18
35	376.563656	2.998857e-08	9.802000e-01	2.338636e-11
35	550.999713	1.556605e-08	9.428000e-01	1.916147e-27
35	19322.665959	1.759769e-08	8.306000e-01	7.175006e-26
35	784.818322	3.816699e-11	8.262000e-01	9.211435e-24
35	375.806960	2.695131e-08	9.780000e-01	2.202486e-11
35	379.334973	6.812117e-08	9.912000e-01	2.749598e-11
35	379.871762	1.371925e-07	9.956000e-01	2.796192e-11
35	376.563656	2.998857e-08	9.802000e-01	2.338636e-11
35	612.767209	1.571269e-08	9.406000e-01	2.208781e-28
35	784.920927	3.238003e-11	8.020000e-01	2.503057e-23
35	784.228420	6.384208e-11	8.856000e-01	1.870301e-24
35	612.767183	1.571269e-08	9.406000e-01	6.136388e-27
35	783.064628	1.054430e-10	9.230000e-01	6.139467e-25
35	855.607786	1.607235e-08	9.340000e-01	4.103323e-27
35	784.660121	4.595443e-11	8.504000e-01	2.166646e-24
35	36505.941906	1.774185e-08	7.910000e-01	1.559254e-26
35	4050.379766	1.705546e-08	8.966000e-01	1.269694e-26
35	27978.387085	1.768598e-08	8.086000e-01	8.402120e-26
35	5653.593242	1.719808e-08	8.856000e-01	1.093702e-26
35	38882.735645	1.775424e-08	7.866000e-01	1.914653e-25
35	28962.269022	1.769358e-08	8.064000e-01	2.091044e-26
35	4344.812970	1.708689e-08	8.944000e-01	6.988779e-27
35	1188.101599	1.634485e-08	9.274000e-01	1.512992e-26
35	9910.289162	1.740298e-08	8.636000e-01	6.156246e-27
35	784.337797	5.959765e-11	8.790000e-01	9.145909e-25
35	370.581551	1.677578e-08	9.648000e-01	9.798340e-12
35	33128.844413	1.772216e-08	7.976000e-01	1.964466e-25
35	4972.624204	1.714518e-08	8.900000e-01	4.536014e-27
35	20888.992384	1.761736e-08	8.262000e-01	8.611900e-27
35	7181.096827	1.729045e-08	8.768000e-01	6.151165e-27
35	684.015904	1.584465e-08	9.384000e-01	3.772410e-27
35	7598.612515	1.731115e-08	8.746000e-01	2.050382e-26
35	10418.938326	1.741932e-08	8.614000e-01	2.860217e-26
35	455.224939	1.521820e-08	9.472000e-01	2.828388e-27
35	368.077295	1.415128e-08	9.582000e-01	9.660581e-13
35	379.334973	6.812116e-08	9.912000e-01	2.749598e-11
35	1778.171596	1.661925e-08	9.186000e-01	1.088116e-26
35	372.379238	1.917951e-08	9.692000e-01	1.466417e-11
35	33128.846036	1.772216e-08	7.976000e-01	2.718150e-25
35	4652.167034	1.711676e-08	8.922000e-01	1.314998e-26
35	15742.468874	1.754306e-08	8.416000e-01	6.812069e-27
35	9417.367068	1.738602e-08	8.658000e-01	7.735796e-27
35	3768.687007	1.702235e-08	8.988000e-01	3.344183e-27
35	378.453557	4.521754e-08	9.868000e-01	2.637537e-11
35	17834.140557	1.757682e-08	8.350000e-01	1.157186e-26
35	10943.539540	1.743506e-08	8.592000e-01	4.902724e-26
35	16421.231660	1.755466e-08	8.394000e-01	2.403750e-25
35	32051.870899	1.771528e-08	7.998000e-01	2.440243e-25
35	6014.482838	1.722274e-08	8.834000e-01	8.086900e-27
35	10943.539246	1.743506e-08	8.592000e-01	5.843292e-26
35	12615.328666	1.747904e-08	8.526000e-01	1.987071e-26
35	40109.866206	1.776022e-08	7.844000e-01	1.539805e-25
35	8030.788199	1.733101e-08	8.724000e-01	3.101483e-27
35	17118.368155	1.756591e-08	8.372000e-01	5.168291e-26
35	8939.953827	1.736840e-08	8.680000e-01	1.218194e-26
35	-1.000000	-1.000000e+00	-1.000000e+00	-1.000000e+00
35	779.088522	4.135602e-10	9.648000e-01	8.719345e-25
35	2336.283959	1.677930e-08	9.120000e-01	2.992162e-27
35	2545.188442	1.682606e-08	9.098000e-01	7.168374e-27
35	2998.285865	1.691144e-08	9.054000e-01	2.956932e-26
35	379.334973	6.812117e-08	9.912000e-01	2.749598e-11
35	784.051546	7.046126e-11	8.944000e-01	1.399154e-24
35	784.840253	3.699175e-11	8.218000e-01	2.775664e-24
35	10943.539254	1.743506e-08	8.592000e-01	3.918195e-26
35	420.853508	1.501020e-08	9.494000e-01	5.213085e-27
35	784.710741	4.357417e-11	8.438000e-01	4.763109e-24
35	370.581551	1.677578e-08	9.648000e-01	9.798340e-12
35	3242.814487	1.695050e-08	9.032000e-01	5.733911e-27
35	371.476934	1.789500e-08	9.670000e-01	1.233197e-11
35	369.706904	1.579298e-08	9.626000e-01	7.061097e-12
35	379.648472	9.107868e-08	9.934000e-01	2.780832e-11
35	1778.171545	1.661925e-08	9.186000e-01	1.332592e-26
35	24264.110284	1.765352e-08	8.174000e-01	5.128341e-26
35	1614.462835	1.655813e-08	9.208000e-01	1.429133e-27
35	37681.552296	1.774812e-08	7.888000e-01	3.413626e-25
35	30998.678619	1.770822e-08	8.020000e-01	1.356163e-25
35	855.607858	1.607235e-08	9.340000e-01	5.419886e-27
35	28962.264318	1.769358e-08	8.064000e-01	1.684888e-26
35	5653.593008	1.719808e-08	8.856000e-01	8.336702e-28
35	498.544505	1.540223e-08	9.450000e-01	3.588152e-26
35	13206.031274	1.749271e-08	8.504000e-01	3.394710e-26
35	41363.321440	1.776607e-08	7.822000e-01	3.867882e-25
35	10943.539352	1.743506e-08	8.592000e-01	2.563935e-26
35	369.706903	1.579298e-08	9.626000e-01	7.061096e-12
35	23389.300615	1.764485e-08	8.196000e-01	4.358445e-26
35	13813.850855	1.750592e-08	8.482000e-01	2.630550e-26
35	37681.552751	1.774812e-08	7.888000e-01	6.573164e-25
35	20888.992220	1.761736e-08	8.262000e-01	2.143375e-25
35	378.935413	5.437244e-08	9.890000e-01	2.701993e-11
35	370.581551	1.677578e-08	9.648000e-01	9.798339e-12
35	379.871762	1.371924e-07	9.956000e-01	2.796192e-11
35	12615.328853	1.747904e-08	8.526000e-01	9.862928e-27
35	378.453557	4.521754e-08	9.868000e-01	2.637537e-11
35	4344.813032	1.708689e-08	8.944000e-01	1.899040e-26
35	378.935413	5.437244e-08	9.890000e-01	2.701993e-11
35	5306.370719	1.717226e-08	8.878000e-01	3.847025e-26
35	378.453557	4.521754e-08	9.868000e-01	2.637537e-11
35	1067.048140	1.626170e-08	9.296000e-01	1.978171e-27
35	550.999725	1.556605e-08	9.428000e-01	1.232211e-26
35	4972.624566	1.714518e-08	8.900000e-01	3.952381e-26
35	13813.850747	1.750592e-08	8.482000e-01	2.536739e-26
35	1067.048131	1.626170e-08	9.296000e-01	2.104674e-26
35	782.219241	1.370986e-10	9.362000e-01	6.040275e-25
35	2998.285888	1.691143e-08	9.054000e-01	1.455149e-26
35	7181.096806	1.729045e-08	8.768000e-01	1.398551e-26
35	11484.317790	1.745024e-08	8.570000e-01	3.340426e-27
35	784.337797	5.959764e-11	8.790000e-01	1.495040e-24
35	52182.557946	2.144859e-08	8.680000e-01	1.000000e-08
35	375.000164	2.447068e-08	9.758000e-01	2.047483e-11
35	374.152775	2.240793e-08	9.736000e-01	1.873318e-11
35	1067.048137	1.626170e-08	9.296000e-01	1.186045e-26
35	2998.285842	1.691144e-08	9.054000e-01	2.395283e-26
35	28962.264019	1.769358e-08	8.064000e-01	5.377890e-26
35	1461.653000	1.649240e-08	9.230000e-01	1.198437e-26
35	37681.554161	1.774812e-08	7.888000e-01	3.915127e-25
35	379.871762	1.371925e-07	9.956000e-01	2.796192e-11
35	16421.231562	1.755466e-08	8.394000e-01	4.666197e-26
35	784.266848	6.236640e-11	8.834000e-01	3.749334e-24
35	12615.328912	1.747904e-08	8.526000e-01	4.531659e-26
35	395.227305	1.477361e-08	9.516000e-01	2.217068e-26
35	18568.816212	1.758741e-08	8.328000e-01	6.966110e-26
35	1778.171591	1.661925e-08	9.186000e-01	2.818831e-27
35	12041.502947	1.746489e-08	8.548000e-01	9.196001e-27
35	779.331423	3.644900e-10	9.626000e-01	3.216458e-25
35	1778.171507	1.661925e-08	9.186000e-01	8.948822e-27
35	1067.048144	1.626170e-08	9.296000e-01	1.298954e-26
35	4050.379790	1.705546e-08	8.966000e-01	8.913781e-27
35	29968.922662	1.770099e-08	8.042000e-01	8.864060e-26
35	1952.937788	1.667623e-08	9.164000e-01	1.938245e-26
35	15081.820377	1.753108e-08	8.438000e-01	7.318902e-26
35	1319.584619	1.642151e-08	9.252000e-01	8.476349e-27
35	44003.895497	1.830605e-08	7.953999e-01	1.000000e-08
35	23389.300077	1.764485e-08	8.196000e-01	9.098452e-26
35	21702.030774	1.762678e-08	8.240000e-01	1.328489e-25
35	18568.816092	1.758741e-08	8.328000e-01	1.429612e-26
35	20095.965370	1.760766e-08	8.284000e-01	1.130333e-25
35	4344.812825	1.708689e-08	8.944000e-01	8.482491e-27
35	2545.188572	1.682606e-08	9.098000e-01	1.587218e-26
35	12615.328739	1.747904e-08	8.526000e-01	3.777625e-26
35	1319.584705	1.642151e-08	9.252000e-01	1.077226e-26
35	6014.482725	1.722274e-08	8.834000e-01	6.065010e-27
35	7181.096855	1.729045e-08	8.768000e-01	3.055589e-26
35	1067.048044	1.626170e-08	9.296000e-01	6.491097e-27
35	368.867292	1.492409e-08	9.604000e-01	4.117898e-12
35	42643.491150	1.777179e-08	7.800000e-01	4.142101e-19
35	395.227298	1.477361e-08	9.516000e-01	9.429580e-27
35	1319.584608	1.642151e-08	9.252000e-01	4.552920e-27
35	9417.367412	1.738602e-08	8.658000e-01	1.743217e-26
35	5653.593032	1.719808e-08	8.856000e-01	5.183553e-27
35	781.416934	1.726432e-10	9.450000e-01	4.874569e-26
35	4972.624566	1.714518e-08	8.900000e-01	2.203190e-26
35	379.648471	9.107868e-08	9.934000e-01	2.780832e-11
35	779.088522	4.135602e-10	9.648000e-01	1.373183e-26
35	8939.953827	1.736840e-08	8.680000e-01	7.726905e-27
35	35355.528341	1.773544e-08	7.932000e-01	4.028388e-25
35	784.459407	5.469001e-11	8.702000e-01	2.710344e-24
35	1614.462783	1.655813e-08	9.208000e-01	4.514585e-27
35	372.379238	1.917951e-08	9.692000e-01	1.466417e-11
35	28962.264949	1.769358e-08	8.064000e-01	1.370103e-25
35	30998.676561	1.770822e-08	8.020000e-01	5.414374e-25
35	32051.874321	1.771528e-08	7.998000e-01	9.764710e-26
35	16421.231661	1.755466e-08	8.394000e-01	7.864319e-27
35	18568.816505	1.758741e-08	8.328000e-01	3.038281e-26
35	24264.113446	1.765352e-08	8.174000e-01	1.673779e-25
35	784.741043	4.210378e-11	8.394000e-01	3.850968e-24
35	14439.031504	1.751870e-08	8.460000e-01	2.608800e-26
35	41363.321659	1.776607e-08	7.822000e-01	4.679321e-25
35	7181.096943	1.729045e-08	8.768000e-01	3.370982e-26
35	24264.109335	1.765352e-08	8.174000e-01	1.060596e-25
35	44003.896376	1.830605e-08	7.953999e-01	1.000000e-08
35	395.227298	1.477361e-08	9.516000e-01	4.375186e-26
35	13813.850960	1.750592e-08	8.482000e-01	3.417223e-26
35	2138.921413	1.672946e-08	9.142000e-01	1.931173e-28
35	10943.539210	1.743506e-08	8.592000e-01	3.208631e-26
35	771.618666	1.214644e-09	9.802000e-01	1.198272e-26
35	550.999717	1.556605e-08	9.428000e-01	1.455898e-27
35	27016.944046	1.767818e-08	8.108000e-01	3.350346e-26
35	15081.820145	1.753108e-08	8.438000e-01	5.193920e-26
35	2545.188497	1.682606e-08	9.098000e-01	1.022869e-27
35	37681.552129	1.774812e-08	7.888000e-01	5.142912e-25
35	8939.954035	1.736840e-08	8.680000e-01	2.841296e-26
35	25160.119528	1.766196e-08	8.152000e-01	8.407958e-26
35	784.602311	4.857301e-11	8.570000e-01	3.727407e-24
35	420.853488	1.501020e-08	9.494000e-01	3.349771e-28
35	10418.938516	1.741932e-08	8.614000e-01	5.100456e-26
35	22535.369747	1.763594e-08	8.218000e-01	6.468058e-26
35	21702.030943	1.762678e-08	8.240000e-01	1.393144e-25
35	4652.166961	1.711676e-08	8.922000e-01	7.282253e-27
35	42643.496287	1.777179e-08	7.800000e-01	3.220972e-10
35	368.867292	1.492409e-08	9.604000e-01	4.117898e-12
35	3242.814587	1.695050e-08	9.032000e-01	1.146148e-26
35	779.331423	3.644900e-10	9.626000e-01	1.834955e-26
35	7181.097042	1.729045e-08	8.768000e-01	4.932580e-27
35	27978.384894	1.768598e-08	8.086000e-01	1.439152e-25
35	2998.285835	1.691144e-08	9.054000e-01	2.928788e-27
35	36505.942072	1.774185e-08	7.910000e-01	4.608911e-25
35	375.000164	2.447068e-08	9.758000e-01	2.047483e-11
35	27016.943294	1.767818e-08	8.108000e-01	2.178515e-25
35	21702.030857	1.762678e-08	8.240000e-01	2.861790e-25
35	779.842723	2.884497e-10	9.582000e-01	1.092043e-25
35	38882.735136	1.775424e-08	7.866000e-01	9.887838e-25
35	27978.383493	1.768598e-08	8.086000e-01	3.586608e-26
35	784.303263	6.095292e-11	8.812000e-01	5.326987e-24
35	29968.922046	1.770099e-08	8.042000e-01	3.240524e-26
35	5653.593242	1.719808e-08	8.856000e-01	1.311671e-26
35	4972.624470	1.714518e-08	8.900000e-01	2.491360e-26
35	375.000164	2.447068e-08	9.758000e-01	2.047483e-11
35	779.842723	2.884496e-10	9.582000e-01	2.548065e-26
35	783.946698	7.428160e-11	8.988000e-01	4.417154e-25
35	21702.030426	1.762678e-08	8.240000e-01	7.583946e-26
35	784.677734	4.513623e-11	8.482000e-01	1.971809e-24
35	13206.031228	1.749271e-08	8.504000e-01	3.714347e-27
35	9417.367158	1.738602e-08	8.658000e-01	9.652107e-27
35	784.486178	5.357670e-11	8.680000e-01	4.290607e-24
35	29968.926176	1.770100e-08	8.042000e-01	1.154834e-26
35	375.806960	2.695131e-08	9.780000e-01	2.202486e-11
35	-1.000000	-1.000000e+00	-1.000000e+00	-1.000000e+00
35	1952.937721	1.667623e-08	9.164000e-01	1.050502e-26
35	498.544492	1.540223e-08	9.450000e-01	2.188329e-27
35	7598.612703	1.731115e-08	8.746000e-01	6.065342e-27
35	784.228420	6.384208e-11	8.856000e-01	1.956587e-24
35	4972.624224	1.714518e-08	8.900000e-01	6.533191e-27
35	779.842723	2.884497e-10	9.582000e-01	1.988194e-25
35	8939.954129	1.736840e-08	8.680000e-01	3.508932e-27
35	375.000164	2.447068e-08	9.758000e-01	2.047483e-11
35	10418.938708	1.741932e-08	8.614000e-01	7.734142e-27
35	776.258806	8.329210e-10	9.758000e-01	5.820539e-25
35	374.152774	2.240793e-08	9.736000e-01	1.873318e-11
35	6014.482652	1.722274e-08	8.834000e-01	4.931549e-27
35	9417.367470	1.738602e-08	8.658000e-01	1.243970e-25
