53	-1.000000	-1.000000e+00	-1.000000e+00	-1.000000e+00
53	11117.955412	2.819335e-08	7.775000e-01	5.230205e-26
53	2785.345139	2.920657e-08	8.600000e-01	9.092681e-27
53	4551.502237	2.877165e-08	8.350000e-01	2.176398e-26
53	441.621333	3.242085e-08	9.250000e-01	5.930791e-27
53	190.882895	1.450635e-07	9.875000e-01	6.956047e-12
53	617.411502	2.439894e-10	9.850000e-01	7.574675e-24
53	936.468856	3.064902e-08	9.025000e-01	1.098991e-27
53	1170.168139	3.028137e-08	8.950000e-01	4.070112e-27
53	17127.042206	2.917849e-08	7.625000e-01	1.000000e-08
53	5196.174841	2.867029e-08	8.275000e-01	1.856611e-26
53	2360.853392	2.937714e-08	8.675000e-01	1.809865e-27
53	526.339659	3.190149e-08	9.200000e-01	4.234793e-27
53	190.764391	2.447973e-07	9.925000e-01	7.282917e-12
53	616.968733	7.592753e-12	9.750000e-01	7.592663e-12
53	10746.256441	2.821133e-08	7.800000e-01	2.530049e-25
53	190.720971	3.738093e-07	9.950001e-01	7.360409e-12
53	6146.038056	2.855035e-08	8.175000e-01	4.579864e-26
53	8076.367284	2.837384e-08	8.000000e-01	4.003044e-26
53	616.968733	7.592689e-12	8.775000e-01	7.592655e-12
53	7205.462445	2.844492e-08	8.075000e-01	1.091176e-26
53	625.064290	3.146861e-08	9.150000e-01	1.569199e-26
53	14882.888078	2.805015e-08	7.550000e-01	2.828196e-25
53	10746.256702	2.821132e-08	7.800000e-01	5.168701e-26
53	12287.125607	2.814209e-08	7.700000e-01	2.883781e-25
53	3094.195154	2.910486e-08	8.550000e-01	1.618466e-26
53	4551.502280	2.877165e-08	8.350000e-01	1.807058e-26
53	3424.520296	2.901141e-08	8.500000e-01	1.262727e-26
53	616.968733	7.592699e-12	9.475000e-01	7.592664e-12
53	3094.195200	2.910486e-08	8.550000e-01	9.427042e-27
53	7778.554836	2.839684e-08	8.025000e-01	1.414258e-26
53	3094.195214	2.910486e-08	8.550000e-01	6.003553e-27
53	370.400756	3.305450e-08	9.300000e-01	7.985466e-28
53	4348.962682	2.880793e-08	8.375000e-01	5.418269e-26
53	616.968733	7.592723e-12	9.475000e-01	7.592659e-12
53	4760.150297	2.873666e-08	8.325000e-01	2.542293e-27
53	209.394881	3.792956e-08	9.500000e-01	1.176006e-27
53	6146.038223	2.855035e-08	8.175000e-01	1.608066e-26
53	12287.126120	2.814209e-08	7.700000e-01	4.663619e-26
53	287.726091	3.431294e-08	9.375000e-01	7.560448e-28
53	7778.554854	2.839684e-08	8.025000e-01	9.866171e-26
53	190.668496	8.223621e-07	9.975002e-01	7.383460e-12
53	190.668496	8.223617e-07	9.975002e-01	7.383460e-12
53	287.726089	3.431294e-08	9.375000e-01	9.844182e-28
53	190.720971	3.738094e-07	9.950001e-01	7.360409e-12
53	13977.981659	2.807936e-08	7.600000e-01	3.347996e-25
53	8695.151783	2.832978e-08	7.950000e-01	2.972270e-26
53	11498.565580	2.817583e-08	7.750000e-01	3.941122e-26
53	441.621334	3.242085e-08	9.250000e-01	7.883287e-27
53	625.064300	3.146861e-08	9.150000e-01	3.112990e-27
53	266.329700	3.484659e-08	9.400000e-01	1.290990e-27
53	191.468035	7.150110e-08	9.750000e-01	5.032471e-12
53	616.968733	7.592709e-12	9.600000e-01	7.592664e-12
53	6661.604265	2.849599e-08	8.125000e-01	4.178704e-26
53	9016.384779	2.830867e-08	7.925000e-01	9.278804e-26
53	8695.151508	2.832978e-08	7.950000e-01	2.247995e-25
53	8695.151650	2.832978e-08	7.950000e-01	6.233639e-26
53	196.681897	4.039846e-08	9.550000e-01	3.459698e-27
53	24651.158475	3.518430e-08	8.200000e-01	1.000000e-08
53	10383.322894	2.822977e-08	7.825000e-01	6.362448e-26
53	3094.195190	2.910486e-08	8.550000e-01	9.840494e-27
53	2497.289756	2.931766e-08	8.650000e-01	4.789290e-27
53	192.928477	4.414507e-08	9.600000e-01	2.837224e-13
53	4152.433896	2.884557e-08	8.400000e-01	6.597182e-26
53	232.314216	3.615924e-08	9.450000e-01	8.914131e-27
53	192.327807	5.064012e-08	9.650000e-01	2.194845e-12
53	3597.954936	2.896748e-08	8.475000e-01	6.775790e-27
53	1643.530190	2.980271e-08	8.825000e-01	1.599469e-26
53	616.968733	7.592696e-12	9.200000e-01	7.592660e-12
53	4348.962678	2.880793e-08	8.375000e-01	1.189051e-26
53	5196.174852	2.867029e-08	8.275000e-01	4.079108e-27
53	266.329698	3.484659e-08	9.400000e-01	2.690870e-27
53	5196.174769	2.867029e-08	8.275000e-01	1.070492e-26
53	15829.271202	2.802225e-08	7.500000e-01	9.696634e-09
53	3256.629910	2.905717e-08	8.525000e-01	2.699425e-26
53	738.299477	3.110262e-08	9.100000e-01	5.308480e-27
53	2360.853441	2.937714e-08	8.675000e-01	2.303441e-26
53	190.882895	1.450635e-07	9.875000e-01	6.956047e-12
53	404.356022	3.272123e-08	9.275000e-01	2.101073e-27
53	191.645434	6.485398e-08	9.725000e-01	4.439063e-12
53	24651.158591	3.518430e-08	8.200000e-01	1.000000e-08
53	339.689598	3.342615e-08	9.325000e-01	6.859192e-27
53	192.612060	4.717404e-08	9.625000e-01	1.282753e-12
53	190.816887	1.821960e-07	9.900000e-01	7.148838e-12
53	9016.384016	2.830867e-08	7.925000e-01	4.307759e-26
53	625.064321	3.146861e-08	9.150000e-01	1.496618e-26
53	625.064324	3.146861e-08	9.150000e-01	2.687497e-27
53	8381.857209	2.835150e-08	7.975000e-01	3.535873e-26
53	3094.195232	2.910486e-08	8.550000e-01	2.548822e-26
53	2497.289688	2.931766e-08	8.650000e-01	2.344591e-26
53	-1.000000	-1.000000e+00	-1.000000e+00	-1.000000e+00
53	191.846596	5.932089e-08	9.700000e-01	3.770147e-12
53	190.764391	2.447973e-07	9.925000e-01	7.282917e-12
53	191.846596	5.932089e-08	9.700000e-01	3.770146e-12
53	-1.000000	-1.000000e+00	-1.000000e+00	-1.000000e+00
53	526.339659	3.190149e-08	9.200000e-01	1.331436e-27
53	287.726090	3.431294e-08	9.375000e-01	4.316056e-27
53	190.764391	2.447973e-07	9.925000e-01	7.282917e-12
53	3961.819227	2.888465e-08	8.425000e-01	1.684113e-26
53	1010.333511	3.051820e-08	9.000000e-01	5.040492e-27
53	616.968733	7.592692e-12	9.400000e-01	7.592664e-12
53	6400.342449	2.852274e-08	8.150000e-01	4.068872e-26
53	2937.128610	2.915462e-08	8.575000e-01	6.547694e-28
53	9016.384634	2.830867e-08	7.925000e-01	5.600395e-26
53	616.968733	7.592706e-12	9.675000e-01	7.592665e-12
53	7488.294308	2.842052e-08	8.050000e-01	3.672543e-26
53	8695.151615	2.832978e-08	7.950000e-01	6.541112e-26
53	1256.271875	3.017386e-08	8.925000e-01	3.636772e-27
53	9345.677698	2.828814e-08	7.900000e-01	2.675162e-25
53	312.154818	3.384288e-08	9.350000e-01	4.172733e-27
53	190.764391	2.447973e-07	9.925000e-01	7.282917e-12
53	8381.856927	2.835150e-08	7.975000e-01	4.134098e-26
53	13540.649061	2.809448e-08	7.625000e-01	1.761363e-25
53	616.968733	7.592827e-12	9.875000e-01	7.592663e-12
53	16079.597440	2.824964e-08	7.525000e-01	1.000000e-08
53	1088.211153	3.039591e-08	8.975000e-01	5.455022e-28
53	1170.168102	3.028137e-08	8.950000e-01	4.691816e-27
53	190.764391	2.447973e-07	9.925000e-01	7.282917e-12
53	190.764391	2.447973e-07	9.925000e-01	7.282917e-12
53	6146.038129	2.855035e-08	8.175000e-01	2.890295e-26
53	10383.322208	2.822977e-08	7.825000e-01	3.811998e-26
53	11888.238233	2.815875e-08	7.725000e-01	1.458526e-25
53	6929.938926	2.847006e-08	8.100000e-01	2.132607e-26
53	9683.177261	2.826815e-08	7.875000e-01	2.009191e-26
53	2497.289668	2.931766e-08	8.650000e-01	6.159465e-27
53	339.689583	3.342615e-08	9.325000e-01	8.182416e-28
53	9683.177121	2.826815e-08	7.875000e-01	5.020161e-26
53	616.968733	7.592706e-12	9.450000e-01	7.592662e-12
53	10746.256588	2.821133e-08	7.800000e-01	1.306605e-27
53	2937.128699	2.915462e-08	8.575000e-01	1.229236e-26
53	17127.042220	2.917849e-08	7.625000e-01	1.000000e-08
53	2360.853336	2.937714e-08	8.675000e-01	2.113448e-26
53	6661.604495	2.849599e-08	8.125000e-01	4.214913e-26
53	2102.761498	2.950495e-08	8.725000e-01	1.984575e-26
53	9345.677695	2.828814e-08	7.900000e-01	5.278457e-26
53	7778.554627	2.839684e-08	8.025000e-01	4.612953e-26
53	6661.604246	2.849599e-08	8.125000e-01	5.386630e-26
53	1346.590433	3.007276e-08	8.900000e-01	6.306609e-27
53	1088.211112	3.039591e-08	8.975000e-01	6.350350e-27
53	1441.192726	2.997752e-08	8.875000e-01	1.407286e-26
53	11117.955260	2.819335e-08	7.775000e-01	2.289995e-26
53	3597.954927	2.896748e-08	8.475000e-01	1.347083e-26
53	404.356024	3.272123e-08	9.275000e-01	4.280998e-27
53	616.968733	7.592736e-12	9.725000e-01	7.592663e-12
53	8076.367117	2.837384e-08	8.000000e-01	5.662969e-26
53	339.689608	3.342615e-08	9.325000e-01	2.294880e-28
53	9345.677707	2.828814e-08	7.900000e-01	3.389720e-26
53	193.799423	4.200898e-08	9.575000e-01	3.659462e-27
53	13977.982086	2.807936e-08	7.600000e-01	1.415748e-25
53	9683.176770	2.826815e-08	7.875000e-01	6.906003e-26
53	441.621337	3.242085e-08	9.250000e-01	2.531187e-27
53	573.919662	3.167562e-08	9.175000e-01	1.328508e-27
53	616.968733	7.592677e-12	8.675000e-01	7.592663e-12
53	4551.502194	2.877165e-08	8.350000e-01	3.275569e-26
53	2937.128753	2.915462e-08	8.575000e-01	6.962391e-27
53	616.968733	7.592685e-12	9.575000e-01	7.592667e-12
53	1256.271813	3.017386e-08	8.925000e-01	3.381861e-27
53	8076.367299	2.837384e-08	8.000000e-01	6.443933e-26
53	4152.433844	2.884557e-08	8.400000e-01	8.980085e-27
53	6146.038062	2.855035e-08	8.175000e-01	1.890915e-26
53	5657.854117	2.860833e-08	8.225000e-01	2.308530e-26
53	6929.938932	2.847006e-08	8.100000e-01	4.328459e-26
53	4975.007243	2.870290e-08	8.300000e-01	1.319357e-26
53	1863.856466	2.964608e-08	8.775000e-01	2.884405e-26
53	6661.604269	2.849599e-08	8.125000e-01	2.894769e-26
53	9016.384204	2.830867e-08	7.925000e-01	1.310478e-26
53	616.968733	7.592670e-12	9.100000e-01	7.592670e-12
53	13113.172001	2.810997e-08	7.650000e-01	2.066387e-25
53	866.551532	3.078931e-08	9.050000e-01	3.136935e-27
53	190.764391	2.447973e-07	9.925000e-01	7.282917e-12
53	339.689610	3.342615e-08	9.325000e-01	3.499806e-28
53	5657.854191	2.860833e-08	8.225000e-01	6.368162e-27
53	5423.755475	2.863879e-08	8.250000e-01	5.094093e-26
53	9345.677728	2.828814e-08	7.900000e-01	1.071200e-26
53	616.968733	7.592689e-12	9.175000e-01	7.592662e-12
53	10029.012547	2.824871e-08	7.850000e-01	1.359526e-26
53	6400.342222	2.852274e-08	8.150000e-01	4.765460e-26
53	192.928477	4.414507e-08	9.600000e-01	2.837227e-13
53	2497.289783	2.931766e-08	8.650000e-01	1.510050e-27
53	6661.604354	2.849599e-08	8.125000e-01	4.550345e-26
53	190.668496	8.223616e-07	9.975002e-01	7.383460e-12
53	616.968733	7.592688e-12	9.200000e-01	7.592663e-12
53	4551.502203	2.877165e-08	8.350000e-01	1.431854e-26
53	10746.256838	2.821132e-08	7.800000e-01	2.797068e-26
53	1980.949009	2.957372e-08	8.750000e-01	5.818969e-27
53	13113.171569	2.810997e-08	7.650000e-01	1.281267e-25
53	13113.172367	2.810997e-08	7.650000e-01	2.890999e-26
53	24651.158493	3.518430e-08	8.200000e-01	1.000000e-08
53	2785.345076	2.920657e-08	8.600000e-01	2.467675e-27
53	12695.384834	2.812583e-08	7.675000e-01	8.666527e-26
53	247.887261	3.545664e-08	9.425000e-01	1.610269e-27
53	12287.125658	2.814209e-08	7.700000e-01	1.968148e-26
53	4760.150299	2.873666e-08	8.325000e-01	9.645211e-27
53	1256.271897	3.017386e-08	8.925000e-01	1.541399e-27
53	370.400744	3.305450e-08	9.300000e-01	2.477833e-27
53	617.102386	3.604820e-10	9.875000e-01	4.517026e-25
53	936.468886	3.064902e-08	9.025000e-01	3.629052e-28
53	616.968733	7.592681e-12	9.425000e-01	7.592667e-12
53	190.764391	2.447973e-07	9.925000e-01	7.282917e-12
53	7778.554705	2.839684e-08	8.025000e-01	7.830020e-26
53	339.689584	3.342615e-08	9.325000e-01	8.710240e-28
53	192.612060	4.717404e-08	9.625000e-01	1.282753e-12
53	616.968733	7.592685e-12	8.525000e-01	7.592653e-12
53	441.621351	3.242085e-08	9.250000e-01	5.069360e-27
53	191.177864	8.981613e-08	9.800000e-01	6.003187e-12
53	9345.677747	2.828814e-08	7.900000e-01	4.697711e-26
53	404.356042	3.272123e-08	9.275000e-01	3.830289e-27
53	287.726095	3.431294e-08	9.375000e-01	1.321812e-27
53	738.299464	3.110262e-08	9.100000e-01	2.345757e-26
53	616.968733	7.592670e-12	9.350000e-01	7.592669e-12
53	2785.345109	2.920657e-08	8.600000e-01	6.042648e-27
53	-1.000000	-1.000000e+00	-1.000000e+00	-1.000000e+00
53	1010.333498	3.051820e-08	9.000000e-01	9.621292e-27
53	3777.024020	2.892525e-08	8.450000e-01	4.459392e-26
53	616.968733	7.592680e-12	8.750000e-01	7.592662e-12
53	190.882895	1.450635e-07	9.875000e-01	6.956047e-12
53	3961.819279	2.888465e-08	8.425000e-01	2.849784e-26
53	232.314215	3.615924e-08	9.450000e-01	5.517277e-28
53	192.327807	5.064012e-08	9.650000e-01	2.194845e-12
53	192.073380	5.464419e-08	9.675000e-01	3.023009e-12
53	1980.949010	2.957372e-08	8.750000e-01	8.268954e-27
53	9683.177194	2.826815e-08	7.875000e-01	5.511066e-26
53	1540.149008	2.988765e-08	8.850000e-01	1.050889e-27
53	2102.761478	2.950495e-08	8.725000e-01	4.092779e-27
53	287.726101	3.431294e-08	9.375000e-01	3.637612e-27
53	8695.151703	2.832978e-08	7.950000e-01	1.397538e-25
53	-1.000000	-1.000000e+00	-1.000000e+00	-1.000000e+00
53	11117.955400	2.819335e-08	7.775000e-01	6.364804e-26
53	2102.761478	2.950495e-08	8.725000e-01	5.607346e-27
53	616.968733	7.592685e-12	8.925000e-01	7.592661e-12
53	192.928477	4.414507e-08	9.600000e-01	2.837226e-13
53	191.062135	1.029280e-07	9.825000e-01	6.385508e-12
53	219.517897	3.697486e-08	9.475000e-01	3.979479e-27
53	209.394878	3.792956e-08	9.500000e-01	1.051045e-26
53	2102.761542	2.950495e-08	8.725000e-01	5.399713e-27
53	191.062135	1.029280e-07	9.825000e-01	6.385508e-12
53	2497.289826	2.931766e-08	8.650000e-01	1.077943e-26
53	3256.629901	2.905717e-08	8.525000e-01	4.445924e-27
53	2497.289704	2.931766e-08	8.650000e-01	2.398792e-27
53	1751.408242	2.972230e-08	8.800000e-01	1.317461e-26
53	219.517899	3.697486e-08	9.475000e-01	1.949555e-27
53	2102.761478	2.950495e-08	8.725000e-01	3.645450e-27
53	10383.322794	2.822977e-08	7.825000e-01	6.787148e-26
53	201.827911	3.905661e-08	9.525000e-01	2.799778e-27
53	2102.761534	2.950495e-08	8.725000e-01	1.217243e-26
53	12287.126269	2.814209e-08	7.700000e-01	5.165503e-26
53	1010.333498	3.051820e-08	9.000000e-01	1.504889e-26
53	190.964217	1.204499e-07	9.850000e-01	6.702354e-12
53	2785.345024	2.920657e-08	8.600000e-01	5.713431e-27
53	232.314207	3.615924e-08	9.450000e-01	6.274865e-27
53	287.726089	3.431294e-08	9.375000e-01	3.069570e-28
53	190.720971	3.738094e-07	9.950001e-01	7.360409e-12
53	1540.148972	2.988765e-08	8.850000e-01	1.438579e-27
53	191.062135	1.029280e-07	9.825000e-01	6.385509e-12
53	2102.761430	2.950495e-08	8.725000e-01	7.866911e-27
53	8381.857236	2.835150e-08	7.975000e-01	7.432735e-27
53	617.411502	2.439895e-10	9.850000e-01	4.207617e-25
53	1540.149028	2.988765e-08	8.850000e-01	8.537528e-27
53	1643.530179	2.980271e-08	8.825000e-01	4.492704e-27
53	617.102386	3.604820e-10	9.875000e-01	1.649146e-25
53	616.968733	7.592725e-12	9.700000e-01	7.592664e-12
53	2229.370318	2.943950e-08	8.700000e-01	1.268906e-26
53	2102.761547	2.950495e-08	8.725000e-01	1.456253e-26
53	2785.345017	2.920657e-08	8.600000e-01	1.443065e-26
53	339.689597	3.342615e-08	9.325000e-01	4.307084e-27
53	14425.338531	2.806458e-08	7.575000e-01	7.485621e-25
53	936.468861	3.064902e-08	9.025000e-01	2.246923e-27
53	190.764391	2.447973e-07	9.925000e-01	7.282917e-12
53	3094.195174	2.910486e-08	8.550000e-01	1.482405e-26
53	16079.597209	2.824964e-08	7.525000e-01	1.000000e-08
53	4975.007214	2.870290e-08	8.300000e-01	9.355040e-27
53	738.299489	3.110262e-08	9.100000e-01	2.358847e-27
53	29183.866700	3.857273e-08	8.475000e-01	1.000000e-08
53	312.154811	3.384288e-08	9.350000e-01	4.678904e-27
53	11888.238013	2.815875e-08	7.725000e-01	2.501893e-25
53	9345.677718	2.828814e-08	7.900000e-01	1.911618e-28
53	9683.177107	2.826815e-08	7.875000e-01	8.588038e-26
53	4975.007351	2.870290e-08	8.300000e-01	6.564798e-27
53	190.882895	1.450635e-07	9.875000e-01	6.956047e-12
53	10029.013094	2.824871e-08	7.850000e-01	2.386166e-25
53	616.968733	7.592686e-12	8.625000e-01	7.592654e-12
53	7205.462508	2.844492e-08	8.075000e-01	7.560026e-27
53	404.356046	3.272123e-08	9.275000e-01	9.408050e-28
53	616.968733	7.592701e-12	9.125000e-01	7.592657e-12
53	1441.192775	2.997752e-08	8.875000e-01	4.995830e-27
53	616.968733	7.592676e-12	9.475000e-01	7.592668e-12
53	8695.151653	2.832978e-08	7.950000e-01	5.811467e-26
53	15350.804518	2.803604e-08	7.525000e-01	1.591215e-24
53	2785.345155	2.920657e-08	8.600000e-01	3.619902e-27
53	9683.177211	2.826816e-08	7.875000e-01	4.219132e-26
53	4760.150396	2.873666e-08	8.325000e-01	2.227890e-26
53	10383.322651	2.822977e-08	7.825000e-01	7.211873e-27
53	616.968733	7.592692e-12	9.625000e-01	7.592666e-12
53	6661.604189	2.849599e-08	8.125000e-01	6.910655e-26
53	9016.384886	2.830867e-08	7.925000e-01	3.503480e-26
53	193.799422	4.200898e-08	9.575000e-01	3.676635e-26
53	247.887269	3.545664e-08	9.425000e-01	2.117353e-27
53	2785.345101	2.920657e-08	8.600000e-01	6.241368e-27
53	404.356026	3.272123e-08	9.275000e-01	6.510539e-28
53	3094.195184	2.910486e-08	8.550000e-01	1.103127e-26
53	3597.954941	2.896748e-08	8.475000e-01	5.171113e-27
53	1256.271873	3.017386e-08	8.925000e-01	2.818912e-27
53	1540.148958	2.988765e-08	8.850000e-01	3.144183e-27
53	11498.565806	2.817583e-08	7.750000e-01	9.068603e-26
53	8076.367219	2.837384e-08	8.000000e-01	4.781783e-26
53	11117.954530	2.819335e-08	7.775000e-01	2.276872e-25
53	8381.857143	2.835150e-08	7.975000e-01	1.851917e-26
53	1863.856456	2.964608e-08	8.775000e-01	2.456721e-26
53	10746.256963	2.821133e-08	7.800000e-01	1.551294e-26
53	191.645434	6.485398e-08	9.725000e-01	4.439063e-12
53	616.968733	7.592693e-12	9.050000e-01	7.592658e-12
53	12695.384591	2.812583e-08	7.675000e-01	1.833618e-25
53	1441.192707	2.997752e-08	8.875000e-01	2.118537e-26
53	15350.804887	2.803604e-08	7.525000e-01	2.248330e-24
53	13113.171282	2.810997e-08	7.650000e-01	4.125570e-25
53	8695.151795	2.832978e-08	7.950000e-01	1.507646e-26
53	2229.370334	2.943950e-08	8.700000e-01	1.749540e-26
53	6661.604237	2.849599e-08	8.125000e-01	7.759602e-26
53	616.968733	7.592691e-12	9.425000e-01	7.592664e-12
53	12695.384246	2.812583e-08	7.675000e-01	1.888017e-25
53	1346.590428	3.007276e-08	8.900000e-01	1.512475e-26
53	616.968733	7.592707e-12	9.375000e-01	7.592660e-12
53	9683.177459	2.826815e-08	7.875000e-01	7.031688e-26
53	441.621346	3.242085e-08	9.250000e-01	8.659580e-28
53	6661.604380	2.849599e-08	8.125000e-01	5.575918e-26
53	404.356025	3.272123e-08	9.275000e-01	1.185265e-27
53	5196.174849	2.867029e-08	8.275000e-01	7.869285e-26
53	5196.174792	2.867029e-08	8.275000e-01	1.744621e-26
53	18839.840647	3.063115e-08	7.775000e-01	1.000000e-08
53	573.919691	3.167562e-08	9.175000e-01	6.450479e-27
53	8695.151737	2.832978e-08	7.950000e-01	3.944158e-26
53	191.468035	7.150109e-08	9.750000e-01	5.032471e-12
53	5898.579132	2.857887e-08	8.200000e-01	9.500469e-27
53	1540.148955	2.988765e-08	8.850000e-01	2.736122e-27
53	190.764391	2.447973e-07	9.925000e-01	7.282917e-12
53	192.612060	4.717404e-08	9.625000e-01	1.282753e-12
53	482.261320	3.214885e-08	9.225000e-01	1.616746e-27
53	191.177864	8.981613e-08	9.800000e-01	6.003187e-12
53	616.968733	7.592698e-12	9.250000e-01	7.592660e-12
53	191.645434	6.485398e-08	9.725000e-01	4.439063e-12
53	13977.981616	2.807936e-08	7.600000e-01	1.045033e-25
53	9016.384155	2.830867e-08	7.925000e-01	6.029801e-26
53	1346.590358	3.007276e-08	8.900000e-01	3.432901e-27
53	190.764391	2.447973e-07	9.925000e-01	7.282917e-12
53	2497.289760	2.931766e-08	8.650000e-01	1.911225e-26
53	16334.505039	2.847895e-08	7.550000e-01	1.000000e-08
53	3597.954944	2.896748e-08	8.475000e-01	2.522888e-26
53	4760.150384	2.873666e-08	8.325000e-01	3.090102e-26
53	866.551501	3.078931e-08	9.050000e-01	6.710789e-29
53	10029.012774	2.824871e-08	7.850000e-01	1.060048e-25
53	936.468867	3.064902e-08	9.025000e-01	9.972173e-27
53	3961.819248	2.888465e-08	8.425000e-01	3.434744e-27
53	13540.649231	2.809448e-08	7.625000e-01	2.745336e-26
53	5196.174817	2.867029e-08	8.275000e-01	1.601211e-26
53	191.468035	7.150109e-08	9.750000e-01	5.032471e-12
53	616.968733	7.592727e-12	9.700000e-01	7.592664e-12
53	2937.128723	2.915462e-08	8.575000e-01	9.873158e-27
53	936.468887	3.064902e-08	9.025000e-01	3.396858e-27
53	616.968733	7.592704e-12	9.050000e-01	7.592654e-12
53	190.882895	1.450635e-07	9.875000e-01	6.956047e-12
53	6146.038207	2.855035e-08	8.175000e-01	1.121982e-26
53	287.726104	3.431294e-08	9.375000e-01	6.891743e-28
53	1980.949065	2.957372e-08	8.750000e-01	2.205272e-26
53	11498.565580	2.817583e-08	7.750000e-01	2.422912e-26
53	1441.192739	2.997752e-08	8.875000e-01	6.321599e-27
53	3256.629932	2.905717e-08	8.525000e-01	9.274541e-27
53	266.329700	3.484659e-08	9.400000e-01	5.849311e-27
53	616.968733	7.592797e-12	9.500000e-01	7.592645e-12
53	10746.256951	2.821133e-08	7.800000e-01	3.568321e-26
53	1441.192792	2.997752e-08	8.875000e-01	6.512548e-27
53	4760.150348	2.873666e-08	8.325000e-01	2.117497e-26
53	13540.648624	2.809448e-08	7.625000e-01	2.211907e-25
53	4760.150404	2.873666e-08	8.325000e-01	4.182650e-26
53	4551.502221	2.877165e-08	8.350000e-01	2.968519e-26
53	10029.012656	2.824871e-08	7.850000e-01	1.993921e-26
53	3597.954887	2.896748e-08	8.475000e-01	2.674574e-26
53	7205.462377	2.844492e-08	8.075000e-01	4.602056e-26
53	2497.289728	2.931766e-08	8.650000e-01	1.957302e-26
53	4551.502249	2.877165e-08	8.350000e-01	1.028201e-26
53	482.261295	3.214886e-08	9.225000e-01	1.672048e-28
53	24651.158587	3.518430e-08	8.200000e-01	1.000000e-08
53	616.968733	7.592702e-12	9.100000e-01	7.592656e-12
53	1643.530157	2.980271e-08	8.825000e-01	9.915486e-27
53	616.968733	7.592684e-12	9.950000e-01	7.592669e-12
53	201.827911	3.905661e-08	9.525000e-01	3.068357e-27
53	15829.274865	2.802226e-08	7.500000e-01	1.000000e-08
53	7488.294291	2.842052e-08	8.050000e-01	6.804770e-27
53	1540.148961	2.988765e-08	8.850000e-01	5.786525e-27
53	6400.342440	2.852274e-08	8.150000e-01	8.276083e-26
53	192.327807	5.064012e-08	9.650000e-01	2.194845e-12
53	4551.502215	2.877165e-08	8.350000e-01	2.683079e-26
53	11888.238965	2.815875e-08	7.725000e-01	1.155569e-27
53	3961.819227	2.888465e-08	8.425000e-01	3.672141e-27
53	9016.384588	2.830867e-08	7.925000e-01	6.251928e-26
53	12287.125595	2.814209e-08	7.700000e-01	1.085052e-25
53	2229.370387	2.943950e-08	8.700000e-01	9.317171e-27
53	616.968733	7.592685e-12	7.900000e-01	7.592610e-12
53	192.928477	4.414507e-08	9.600000e-01	2.837226e-13
53	8381.856959	2.835150e-08	7.975000e-01	1.947561e-26
53	1643.530139	2.980271e-08	8.825000e-01	7.951538e-27
53	192.073380	5.464419e-08	9.675000e-01	3.023009e-12
53	10029.012952	2.824871e-08	7.850000e-01	4.916470e-26
53	247.887256	3.545664e-08	9.425000e-01	4.454388e-27
53	404.356051	3.272123e-08	9.275000e-01	1.121110e-27
53	15829.271975	2.802225e-08	7.500000e-01	1.000000e-08
53	10029.012544	2.824871e-08	7.850000e-01	6.352079e-26
53	312.154816	3.384288e-08	9.350000e-01	1.180703e-27
53	4975.007382	2.870290e-08	8.300000e-01	6.655394e-27
53	192.928477	4.414507e-08	9.600000e-01	2.837224e-13
53	6661.604214	2.849599e-08	8.125000e-01	3.085533e-26
53	616.968733	7.592733e-12	9.650000e-01	7.592662e-12
53	10746.256951	2.821132e-08	7.800000e-01	9.080121e-26
53	9683.176796	2.826816e-08	7.875000e-01	7.745002e-28
53	190.964217	1.204499e-07	9.850000e-01	6.702355e-12
53	5657.854334	2.860833e-08	8.225000e-01	8.625216e-27
53	370.400751	3.305450e-08	9.300000e-01	5.837818e-28
53	219.517895	3.697486e-08	9.475000e-01	1.898072e-27
53	192.327807	5.064012e-08	9.650000e-01	2.194845e-12
53	11498.565165	2.817583e-08	7.750000e-01	1.302345e-25
53	8381.857139	2.835150e-08	7.975000e-01	4.274817e-26
53	14882.887897	2.805015e-08	7.550000e-01	1.279661e-25
53	616.968733	7.592708e-12	9.025000e-01	7.592651e-12
53	1863.856523	2.964608e-08	8.775000e-01	4.160745e-27
53	616.968733	7.592691e-12	9.650000e-01	7.592667e-12
53	201.827911	3.905661e-08	9.525000e-01	3.659228e-27
53	3094.195223	2.910486e-08	8.550000e-01	1.413824e-26
53	14425.338530	2.806458e-08	7.575000e-01	7.123278e-25
53	2360.853386	2.937714e-08	8.675000e-01	3.237659e-26
53	191.062135	1.029280e-07	9.825000e-01	6.385508e-12
53	1441.192735	2.997752e-08	8.875000e-01	4.301655e-27
53	9683.176925	2.826815e-08	7.875000e-01	4.936189e-26
53	3597.954850	2.896748e-08	8.475000e-01	1.382542e-27
53	1256.271844	3.017386e-08	8.925000e-01	1.052022e-26
53	4152.433861	2.884557e-08	8.400000e-01	2.214633e-26
53	3777.023988	2.892525e-08	8.450000e-01	2.178391e-26
53	7778.554854	2.839684e-08	8.025000e-01	8.804828e-26
53	5657.854280	2.860833e-08	8.225000e-01	9.503889e-27
53	190.882895	1.450635e-07	9.875000e-01	6.956047e-12
53	191.177864	8.981613e-08	9.800000e-01	6.003187e-12
53	192.327807	5.064012e-08	9.650000e-01	2.194845e-12
53	6400.342387	2.852274e-08	8.150000e-01	2.736316e-26
53	247.887259	3.545664e-08	9.425000e-01	2.913739e-27
53	192.928477	4.414507e-08	9.600000e-01	2.837220e-13
53	2229.370317	2.943950e-08	8.700000e-01	1.800845e-27
53	738.299497	3.110262e-08	9.100000e-01	3.404625e-27
53	8076.367136	2.837384e-08	8.000000e-01	1.949944e-27
53	11888.237928	2.815875e-08	7.725000e-01	1.964884e-27
53	11498.565200	2.817583e-08	7.750000e-01	3.584310e-26
53	866.551553	3.078931e-08	9.050000e-01	7.482920e-28
53	8381.856974	2.835150e-08	7.975000e-01	7.538656e-26
53	247.887254	3.545664e-08	9.425000e-01	5.319218e-27
53	3094.195187	2.910486e-08	8.550000e-01	2.218603e-26
53	266.329705	3.484659e-08	9.400000e-01	2.136974e-27
53	7205.462378	2.844492e-08	8.075000e-01	4.860670e-26
53	11117.955272	2.819335e-08	7.775000e-01	4.599461e-26
53	24651.158433	3.518430e-08	8.200000e-01	1.000000e-08
53	6661.604405	2.849599e-08	8.125000e-01	4.810871e-27
53	616.968733	7.592678e-12	9.000000e-01	7.592665e-12
53	8076.367237	2.837384e-08	8.000000e-01	2.116268e-26
53	287.726107	3.431294e-08	9.375000e-01	4.968982e-27
53	191.177864	8.981613e-08	9.800000e-01	6.003187e-12
53	7488.294267	2.842052e-08	8.050000e-01	2.351242e-26
53	6400.342368	2.852274e-08	8.150000e-01	7.561184e-26
53	3424.520216	2.901141e-08	8.500000e-01	2.340005e-26
53	1980.949095	2.957372e-08	8.750000e-01	1.162657e-26
53	193.799422	4.200898e-08	9.575000e-01	2.685687e-26
53	1751.408205	2.972230e-08	8.800000e-01	1.892293e-26
53	15829.271202	2.802225e-08	7.500000e-01	7.070029e-09
53	2638.759799	2.926086e-08	8.625000e-01	1.540017e-26
53	8695.151561	2.832978e-08	7.950000e-01	3.778380e-25
53	219.517896	3.697486e-08	9.475000e-01	8.470886e-28
53	15350.804863	2.803604e-08	7.525000e-01	1.468370e-24
53	3961.819192	2.888465e-08	8.425000e-01	2.252739e-26
53	616.968733	7.592730e-12	9.600000e-01	7.592661e-12
53	738.299450	3.110262e-08	9.100000e-01	3.333146e-27
53	191.846596	5.932089e-08	9.700000e-01	3.770147e-12
53	9345.677699	2.828814e-08	7.900000e-01	2.385731e-26
53	8076.367292	2.837384e-08	8.000000e-01	1.800504e-25
53	2360.853363	2.937714e-08	8.675000e-01	1.633692e-26
53	5196.174797	2.867029e-08	8.275000e-01	2.546670e-26
53	232.314218	3.615924e-08	9.450000e-01	2.965065e-27
53	4152.433879	2.884557e-08	8.400000e-01	7.367910e-26
53	24651.158628	3.518430e-08	8.200000e-01	1.000000e-08
53	1751.408184	2.972230e-08	8.800000e-01	1.215167e-26
53	6929.938814	2.847006e-08	8.100000e-01	2.599472e-26
53	1540.148958	2.988765e-08	8.850000e-01	6.907820e-27
53	1980.949095	2.957372e-08	8.750000e-01	1.079747e-26
53	16334.505015	2.847895e-08	7.550000e-01	1.000000e-08
53	1863.856516	2.964608e-08	8.775000e-01	4.979740e-26
53	312.154817	3.384288e-08	9.350000e-01	1.004686e-27
53	10029.012971	2.824871e-08	7.850000e-01	1.822972e-26
53	9345.677726	2.828814e-08	7.900000e-01	4.821140e-26
53	1088.211101	3.039591e-08	8.975000e-01	4.986968e-27
53	192.327807	5.064012e-08	9.650000e-01	2.194845e-12
53	441.621362	3.242085e-08	9.250000e-01	1.640299e-27
53	24651.158670	3.518430e-08	8.200000e-01	1.000000e-08
53	16334.504705	2.847894e-08	7.550000e-01	1.000000e-08
53	616.968733	7.592704e-12	9.250000e-01	7.592658e-12
53	4551.502284	2.877165e-08	8.350000e-01	1.095909e-26
53	616.968733	7.592708e-12	9.250000e-01	7.592657e-12
53	12287.126432	2.814209e-08	7.700000e-01	1.093366e-25
53	7205.462622	2.844492e-08	8.075000e-01	2.591121e-26
53	12287.126045	2.814209e-08	7.700000e-01	4.497811e-26
53	192.928477	4.414507e-08	9.600000e-01	2.837221e-13
53	287.726098	3.431294e-08	9.375000e-01	8.803655e-27
53	616.968733	7.592672e-12	8.800000e-01	7.592668e-12
53	191.312695	7.963499e-08	9.775000e-01	5.552997e-12
53	616.968733	7.592682e-12	9.050000e-01	7.592663e-12
53	191.846596	5.932089e-08	9.700000e-01	3.770146e-12
53	616.968733	7.592707e-12	8.975000e-01	7.592650e-12
53	2229.370379	2.943950e-08	8.700000e-01	1.440142e-26
53	5898.579082	2.857887e-08	8.200000e-01	3.901263e-26
53	8076.367135	2.837384e-08	8.000000e-01	4.915264e-26
53	10029.012506	2.824871e-08	7.850000e-01	5.256537e-26
53	5423.755438	2.863879e-08	8.250000e-01	1.023717e-26
53	192.073380	5.464419e-08	9.675000e-01	3.023009e-12
53	1346.590380	3.007276e-08	8.900000e-01	1.368192e-26
53	13540.648353	2.809448e-08	7.625000e-01	3.691047e-25
53	5657.854157	2.860833e-08	8.225000e-01	1.413370e-26
53	8695.151714	2.832978e-08	7.950000e-01	7.633589e-27
53	2785.345064	2.920657e-08	8.600000e-01	5.704348e-28
53	6661.604345	2.849599e-08	8.125000e-01	2.543983e-26
53	5898.579106	2.857887e-08	8.200000e-01	1.248541e-26
53	15350.804771	2.803604e-08	7.525000e-01	8.839450e-25
53	3597.954887	2.896748e-08	8.475000e-01	2.836640e-26
53	5657.854266	2.860833e-08	8.225000e-01	7.174420e-27
53	441.621359	3.242085e-08	9.250000e-01	1.319108e-27
53	8695.151809	2.832978e-08	7.950000e-01	6.148079e-27
53	16858.196379	2.894336e-08	7.600000e-01	1.000000e-08
53	936.468828	3.064902e-08	9.025000e-01	8.801488e-28
53	191.062135	1.029280e-07	9.825000e-01	6.385508e-12
53	196.681898	4.039846e-08	9.550000e-01	6.344552e-27
53	1863.856407	2.964608e-08	8.775000e-01	1.910536e-26
53	738.299486	3.110262e-08	9.100000e-01	3.432558e-27
53	-1.000000	-1.000000e+00	-1.000000e+00	-1.000000e+00
53	7778.554695	2.839684e-08	8.025000e-01	5.280402e-26
53	14882.887407	2.805015e-08	7.550000e-01	1.018095e-24
53	16594.027568	2.871018e-08	7.575000e-01	1.000000e-08
53	312.154796	3.384288e-08	9.350000e-01	1.392954e-27
53	190.720971	3.738093e-07	9.950001e-01	7.360408e-12
53	2785.345033	2.920657e-08	8.600000e-01	1.374574e-26
53	12287.125982	2.814209e-08	7.700000e-01	4.012570e-26
53	192.327807	5.064012e-08	9.650000e-01	2.194846e-12
53	616.968733	7.592682e-12	9.100000e-01	7.592664e-12
53	616.968733	7.592677e-12	8.825000e-01	7.592664e-12
53	12695.384604	2.812583e-08	7.675000e-01	9.117613e-26
53	11117.955492	2.819335e-08	7.775000e-01	5.447059e-26
53	209.394883	3.792956e-08	9.500000e-01	3.335690e-27
53	6400.342412	2.852274e-08	8.150000e-01	3.092535e-26
53	7488.294236	2.842052e-08	8.050000e-01	2.581955e-26
53	404.356038	3.272123e-08	9.275000e-01	8.266442e-28
53	16858.196263	2.894336e-08	7.600000e-01	1.000000e-08
53	29183.866731	3.857273e-08	8.475000e-01	1.000000e-08
53	190.668496	8.223618e-07	9.975002e-01	7.383460e-12
53	190.764391	2.447973e-07	9.925000e-01	7.282917e-12
53	616.968733	7.592703e-12	9.250000e-01	7.592659e-12
53	800.516502	3.094010e-08	9.075000e-01	7.211271e-28
53	4551.502184	2.877165e-08	8.350000e-01	2.762061e-27
53	2937.128630	2.915462e-08	8.575000e-01	4.243206e-27
53	6400.342433	2.852274e-08	8.150000e-01	2.431906e-26
53	7488.294046	2.842052e-08	8.050000e-01	9.466282e-27
53	2360.853350	2.937714e-08	8.675000e-01	8.159076e-27
53	12287.125595	2.814209e-08	7.700000e-01	1.085052e-25
53	3597.954888	2.896748e-08	8.475000e-01	3.736472e-26
53	936.468832	3.064902e-08	9.025000e-01	3.607278e-27
53	404.356039	3.272123e-08	9.275000e-01	2.228641e-27
53	441.621363	3.242085e-08	9.250000e-01	1.091409e-26
53	10383.322916	2.822977e-08	7.825000e-01	5.136426e-26
53	616.968733	7.592672e-12	8.575000e-01	7.592667e-12
53	247.887268	3.545664e-08	9.425000e-01	7.573964e-27
53	2497.289800	2.931766e-08	8.650000e-01	3.995429e-28
53	1346.590385	3.007276e-08	8.900000e-01	5.899522e-27
53	14425.338488	2.806458e-08	7.575000e-01	4.431213e-25
53	1980.949104	2.957372e-08	8.750000e-01	1.231590e-26
53	190.668496	8.223618e-07	9.975002e-01	7.383460e-12
53	11888.238855	2.815875e-08	7.725000e-01	4.120119e-26
53	616.968733	7.592719e-12	9.550000e-01	7.592661e-12
53	24651.158656	3.518430e-08	8.200000e-01	1.000000e-08
53	7488.294085	2.842052e-08	8.050000e-01	4.431474e-26
53	616.112409	9.123626e-10	9.925000e-01	7.726625e-25
53	1980.949099	2.957372e-08	8.750000e-01	3.073680e-27
53	1010.333478	3.051819e-08	9.000000e-01	1.311585e-26
53	1170.168198	3.028137e-08	8.950000e-01	7.947148e-27
53	12287.126631	2.814209e-08	7.700000e-01	1.473186e-25
53	10746.256996	2.821133e-08	7.800000e-01	1.471332e-25
53	12695.384910	2.812583e-08	7.675000e-01	2.715695e-25
53	625.064309	3.146861e-08	9.150000e-01	1.864307e-27
53	9345.677774	2.828814e-08	7.900000e-01	7.744098e-26
53	616.968733	7.592684e-12	8.675000e-01	7.592657e-12
53	16079.597367	2.824964e-08	7.525000e-01	1.000000e-08
53	191.312695	7.963499e-08	9.775000e-01	5.552997e-12
53	201.827911	3.905661e-08	9.525000e-01	3.540918e-27
53	192.928477	4.414507e-08	9.600000e-01	2.837225e-13
53	9345.677710	2.828814e-08	7.900000e-01	3.588827e-26
53	190.882895	1.450635e-07	9.875000e-01	6.956047e-12
53	192.073380	5.464419e-08	9.675000e-01	3.023009e-12
53	9345.677711	2.828814e-08	7.900000e-01	3.880973e-26
53	6661.604249	2.849599e-08	8.125000e-01	4.287628e-27
53	-1.000000	-1.000000e+00	-1.000000e+00	-1.000000e+00
53	192.612060	4.717404e-08	9.625000e-01	1.282753e-12
53	-1.000000	-1.000000e+00	-1.000000e+00	-1.000000e+00
53	1863.856517	2.964608e-08	8.775000e-01	1.948783e-27
53	-1.000000	-1.000000e+00	-1.000000e+00	-1.000000e+00
53	1170.168174	3.028137e-08	8.950000e-01	1.257013e-27
53	1010.333480	3.051820e-08	9.000000e-01	1.103095e-26
53	191.645435	6.485398e-08	9.725000e-01	4.439063e-12
53	10383.322109	2.822977e-08	7.825000e-01	7.088850e-26
53	616.968733	7.592671e-12	7.875000e-01	7.592661e-12
53	3256.629891	2.905717e-08	8.525000e-01	9.356252e-27
53	10029.012520	2.824871e-08	7.850000e-01	5.319150e-26
53	3777.024041	2.892525e-08	8.450000e-01	1.221599e-27
53	404.356036	3.272123e-08	9.275000e-01	1.258021e-27
53	190.720971	3.738094e-07	9.950001e-01	7.360409e-12
53	192.327807	5.064012e-08	9.650000e-01	2.194845e-12
53	800.516517	3.094010e-08	9.075000e-01	4.188729e-27
53	616.968733	7.592692e-12	8.650000e-01	7.592650e-12
53	-1.000000	-1.000000e+00	-1.000000e+00	-1.000000e+00
53	192.327807	5.064012e-08	9.650000e-01	2.194845e-12
53	866.551558	3.078931e-08	9.050000e-01	9.193265e-27
53	192.327807	5.064012e-08	9.650000e-01	2.194845e-12
53	1010.333482	3.051820e-08	9.000000e-01	1.498908e-26
53	11498.565248	2.817583e-08	7.750000e-01	1.254052e-27
53	3424.520287	2.901141e-08	8.500000e-01	1.391977e-26
53	11117.954541	2.819335e-08	7.775000e-01	7.678014e-26
53	6146.038177	2.855036e-08	8.175000e-01	6.141250e-26
53	13113.172105	2.810997e-08	7.650000e-01	9.356452e-26
53	247.887268	3.545664e-08	9.425000e-01	3.137979e-27
53	16594.027404	2.871018e-08	7.575000e-01	1.000000e-08
53	866.551527	3.078931e-08	9.050000e-01	1.441260e-27
53	266.329697	3.484659e-08	9.400000e-01	4.011589e-27
53	2638.759804	2.926086e-08	8.625000e-01	4.753039e-26
53	17127.041944	2.917849e-08	7.625000e-01	1.000000e-08
53	5196.174852	2.867029e-08	8.275000e-01	2.134811e-26
53	1256.271863	3.017386e-08	8.925000e-01	4.704800e-28
53	16079.597648	2.824964e-08	7.525000e-01	1.000000e-08
53	10383.322783	2.822977e-08	7.825000e-01	1.251789e-25
53	4551.502255	2.877165e-08	8.350000e-01	5.836958e-26
53	13977.981894	2.807936e-08	7.600000e-01	1.881651e-26
53	10746.256362	2.821133e-08	7.800000e-01	4.865072e-26
53	191.846596	5.932089e-08	9.700000e-01	3.770147e-12
53	616.968733	7.592677e-12	9.150000e-01	7.592667e-12
53	738.299460	3.110262e-08	9.100000e-01	4.642674e-27
53	10746.256464	2.821133e-08	7.800000e-01	2.537837e-26
53	190.720971	3.738094e-07	9.950001e-01	7.360409e-12
53	6929.938751	2.847006e-08	8.100000e-01	4.138843e-26
53	9683.177119	2.826815e-08	7.875000e-01	2.127470e-26
53	6661.604409	2.849599e-08	8.125000e-01	1.594374e-26
53	8381.857224	2.835150e-08	7.975000e-01	6.281716e-27
53	287.726097	3.431294e-08	9.375000e-01	4.318710e-27
53	12287.125969	2.814209e-08	7.700000e-01	4.958108e-24
53	10746.256102	2.821132e-08	7.800000e-01	9.873672e-26
53	616.968733	7.592679e-12	9.025000e-01	7.592665e-12
53	191.312695	7.963499e-08	9.775000e-01	5.552997e-12
53	193.799422	4.200898e-08	9.575000e-01	9.577015e-27
53	616.968733	7.592729e-12	9.600000e-01	7.592661e-12
53	209.394884	3.792955e-08	9.500000e-01	2.988055e-27
53	1441.192786	2.997752e-08	8.875000e-01	1.132406e-26
53	14882.887786	2.805015e-08	7.550000e-01	2.422930e-25
53	4975.007374	2.870289e-08	8.300000e-01	3.657852e-28
53	3094.195222	2.910486e-08	8.550000e-01	7.035749e-28
53	1256.271843	3.017386e-08	8.925000e-01	4.122145e-27
53	404.356027	3.272123e-08	9.275000e-01	3.758860e-28
53	16079.597612	2.824964e-08	7.525000e-01	1.000000e-08
53	7205.462542	2.844492e-08	8.075000e-01	2.023580e-26
53	190.668496	8.223618e-07	9.975002e-01	7.383460e-12
53	8381.857105	2.835150e-08	7.975000e-01	5.847404e-26
53	616.968733	7.592674e-12	8.750000e-01	7.592666e-12
53	7488.294036	2.842052e-08	8.050000e-01	5.982397e-27
53	16079.597466	2.824964e-08	7.525000e-01	1.000000e-08
53	18839.840610	3.063115e-08	7.775000e-01	1.000000e-08
53	4760.150325	2.873666e-08	8.325000e-01	1.202491e-26
53	247.887259	3.545664e-08	9.425000e-01	3.886551e-27
53	800.516508	3.094010e-08	9.075000e-01	3.655082e-27
53	1010.333504	3.051820e-08	9.000000e-01	5.267413e-27
53	192.928477	4.414507e-08	9.600000e-01	2.837224e-13
53	616.968733	7.592673e-12	8.550000e-01	7.592666e-12
53	1088.211155	3.039591e-08	8.975000e-01	6.929335e-27
53	1863.856433	2.964608e-08	8.775000e-01	1.717368e-27
53	616.968733	7.592694e-12	9.600000e-01	7.592666e-12
53	2360.853387	2.937714e-08	8.675000e-01	1.699781e-26
53	616.566157	5.588345e-10	9.900000e-01	3.665713e-25
53	1170.168200	3.028137e-08	8.950000e-01	1.497513e-26
53	191.468035	7.150109e-08	9.750000e-01	5.032471e-12
53	191.468035	7.150109e-08	9.750000e-01	5.032471e-12
53	7488.294091	2.842052e-08	8.050000e-01	2.693955e-27
53	287.726099	3.431294e-08	9.375000e-01	1.278601e-27
53	192.928477	4.414507e-08	9.600000e-01	2.837226e-13
53	679.836531	3.127825e-08	9.125000e-01	8.847221e-27
53	8695.151496	2.832978e-08	7.950000e-01	3.398546e-27
53	8381.857094	2.835150e-08	7.975000e-01	1.838203e-26
53	11888.238282	2.815875e-08	7.725000e-01	1.379356e-25
53	192.327807	5.064012e-08	9.650000e-01	2.194845e-12
53	441.621345	3.242085e-08	9.250000e-01	1.915074e-27
53	247.887260	3.545664e-08	9.425000e-01	9.252685e-28
53	616.968733	7.592674e-12	8.825000e-01	7.592667e-12
53	190.816887	1.821960e-07	9.900000e-01	7.148838e-12
53	190.816887	1.821960e-07	9.900000e-01	7.148839e-12
53	526.339686	3.190149e-08	9.200000e-01	3.547029e-27
53	4975.007229	2.870290e-08	8.300000e-01	2.717008e-26
53	616.968733	7.592705e-12	9.475000e-01	7.592662e-12
53	2229.370275	2.943950e-08	8.700000e-01	2.425656e-26
53	11888.238989	2.815875e-08	7.725000e-01	1.069157e-25
53	1751.408240	2.972230e-08	8.800000e-01	3.246336e-27
53	2785.345080	2.920657e-08	8.600000e-01	1.780752e-26
53	192.612060	4.717404e-08	9.625000e-01	1.282753e-12
53	616.968733	7.592696e-12	8.625000e-01	7.592645e-12
53	625.064311	3.146861e-08	9.150000e-01	1.122333e-27
53	2229.370352	2.943950e-08	8.700000e-01	5.495076e-27
53	8076.367343	2.837384e-08	8.000000e-01	3.373143e-26
53	616.968733	7.592703e-12	9.750000e-01	7.592667e-12
53	4551.502264	2.877165e-08	8.350000e-01	5.867197e-26
53	616.968733	7.592712e-12	9.450000e-01	7.592661e-12
53	339.689583	3.342615e-08	9.325000e-01	1.284001e-27
53	13113.171674	2.810997e-08	7.650000e-01	1.545916e-22
53	9016.384510	2.830867e-08	7.925000e-01	7.386839e-26
53	8381.857176	2.835150e-08	7.975000e-01	4.473411e-26
53	12287.126070	2.814209e-08	7.700000e-01	6.314531e-26
53	6400.342452	2.852274e-08	8.150000e-01	8.075849e-26
53	190.882895	1.450635e-07	9.875000e-01	6.956047e-12
53	12695.384757	2.812583e-08	7.675000e-01	2.581697e-25
53	2497.289820	2.931766e-08	8.650000e-01	3.064427e-26
53	191.062135	1.029280e-07	9.825000e-01	6.385508e-12
53	616.968733	7.592729e-12	9.725000e-01	7.592664e-12
53	7778.554652	2.839684e-08	8.025000e-01	5.553923e-26
53	1441.192737	2.997752e-08	8.875000e-01	4.931165e-27
53	190.964217	1.204499e-07	9.850000e-01	6.702354e-12
53	1540.149018	2.988765e-08	8.850000e-01	1.717288e-26
53	12695.384975	2.812583e-08	7.675000e-01	4.847121e-26
53	8076.367270	2.837384e-08	8.000000e-01	6.235709e-26
53	192.612060	4.717404e-08	9.625000e-01	1.282753e-12
53	190.882895	1.450635e-07	9.875000e-01	6.956047e-12
53	3094.195179	2.910486e-08	8.550000e-01	7.114857e-27
53	11117.955017	2.819335e-08	7.775000e-01	1.723120e-25
53	11117.955017	2.819335e-08	7.775000e-01	1.659271e-25
53	616.968733	7.592720e-12	9.875000e-01	7.592667e-12
53	5657.854191	2.860833e-08	8.225000e-01	1.748704e-26
53	196.681897	4.039846e-08	9.550000e-01	6.421738e-27
53	266.329699	3.484659e-08	9.400000e-01	2.273189e-27
53	616.968733	7.592762e-12	9.425000e-01	7.592649e-12
53	526.339666	3.190149e-08	9.200000e-01	4.030174e-27
53	9016.385007	2.830867e-08	7.925000e-01	1.537859e-25
53	11117.955029	2.819335e-08	7.775000e-01	4.409560e-26
53	5196.174784	2.867029e-08	8.275000e-01	1.737289e-26
53	190.764391	2.447973e-07	9.925000e-01	7.282917e-12
53	9345.677725	2.828814e-08	7.900000e-01	6.884110e-26
53	14882.887429	2.805015e-08	7.550000e-01	8.664480e-25
53	679.836529	3.127825e-08	9.125000e-01	1.932656e-26
53	616.968733	7.592700e-12	8.625000e-01	7.592641e-12
53	5423.755460	2.863879e-08	8.250000e-01	5.935993e-27
53	7205.462462	2.844492e-08	8.075000e-01	1.559682e-26
53	616.968733	7.592729e-12	9.150000e-01	7.592646e-12
53	232.314211	3.615924e-08	9.450000e-01	1.046743e-27
53	15829.273672	2.802225e-08	7.500000e-01	1.000000e-08
53	616.968733	7.592742e-12	9.600000e-01	7.592659e-12
53	2497.289797	2.931766e-08	8.650000e-01	1.620049e-26
53	3094.195237	2.910486e-08	8.550000e-01	1.944867e-26
53	3424.520275	2.901141e-08	8.500000e-01	6.496283e-27
53	8695.151553	2.832978e-08	7.950000e-01	7.958103e-26
53	2785.345114	2.920657e-08	8.600000e-01	1.484401e-26
53	3597.954852	2.896748e-08	8.475000e-01	6.398238e-27
53	14425.338029	2.806458e-08	7.575000e-01	3.330026e-25
53	24651.158628	3.518430e-08	8.200000e-01	1.000000e-08
53	4348.962653	2.880792e-08	8.375000e-01	1.216277e-26
53	679.836558	3.127825e-08	9.125000e-01	4.253672e-27
53	7205.462535	2.844491e-08	8.075000e-01	1.288090e-27
53	8695.151756	2.832978e-08	7.950000e-01	8.792920e-26
53	10029.012913	2.824871e-08	7.850000e-01	4.484329e-26
53	1441.192793	2.997752e-08	8.875000e-01	1.421261e-26
53	5657.854125	2.860833e-08	8.225000e-01	2.081038e-26
53	191.312695	7.963499e-08	9.775000e-01	5.552997e-12
53	1256.271826	3.017386e-08	8.925000e-01	6.287601e-27
53	2785.345101	2.920657e-08	8.600000e-01	1.688090e-28
53	2785.345030	2.920657e-08	8.600000e-01	4.487843e-27
53	8695.151771	2.832978e-08	7.950000e-01	4.391331e-26
53	9016.384363	2.830867e-08	7.925000e-01	9.973268e-26
53	4348.962662	2.880793e-08	8.375000e-01	1.375510e-26
53	192.327807	5.064012e-08	9.650000e-01	2.194845e-12
53	8381.857019	2.835150e-08	7.975000e-01	3.872460e-26
53	8381.856908	2.835150e-08	7.975000e-01	1.431728e-26
53	616.968733	7.592681e-12	8.750000e-01	7.592661e-12
53	11117.955028	2.819335e-08	7.775000e-01	8.486738e-26
53	13113.171334	2.810997e-08	7.650000e-01	1.560742e-25
53	11498.565390	2.817583e-08	7.750000e-01	2.148953e-25
53	7778.554769	2.839684e-08	8.025000e-01	4.281671e-26
53	441.621352	3.242085e-08	9.250000e-01	1.707568e-27
53	10746.256929	2.821132e-08	7.800000e-01	7.638333e-26
53	2229.370329	2.943950e-08	8.700000e-01	4.379426e-27
53	1441.192715	2.997752e-08	8.875000e-01	2.716904e-27
53	2102.761511	2.950495e-08	8.725000e-01	1.544875e-26
53	7778.554634	2.839684e-08	8.025000e-01	2.158822e-26
53	312.154814	3.384288e-08	9.350000e-01	5.649988e-27
53	9683.176817	2.826815e-08	7.875000e-01	2.405337e-27
53	201.827911	3.905661e-08	9.525000e-01	1.086070e-26
53	616.968733	7.592701e-12	9.775000e-01	7.592667e-12
53	190.964217	1.204499e-07	9.850000e-01	6.702354e-12
53	11117.955318	2.819335e-08	7.775000e-01	9.175865e-26
53	190.964217	1.204499e-07	9.850000e-01	6.702354e-12
53	1256.271817	3.017386e-08	8.925000e-01	9.876610e-27
53	936.468854	3.064902e-08	9.025000e-01	8.328681e-27
53	232.314213	3.615924e-08	9.450000e-01	2.548093e-27
53	1751.408193	2.972230e-08	8.800000e-01	7.395216e-27
53	13977.981978	2.807936e-08	7.600000e-01	5.750971e-26
53	10383.323126	2.822977e-08	7.825000e-01	8.512410e-26
53	2638.759826	2.926086e-08	8.625000e-01	1.074087e-27
53	4975.007209	2.870290e-08	8.300000e-01	8.948280e-27
53	14882.887809	2.805015e-08	7.550000e-01	2.364986e-25
53	616.968733	7.592673e-12	9.100000e-01	7.592668e-12
53	190.882895	1.450635e-07	9.875000e-01	6.956047e-12
53	573.919659	3.167562e-08	9.175000e-01	5.840701e-27
53	7778.554670	2.839684e-08	8.025000e-01	1.320110e-26
53	191.846596	5.932089e-08	9.700000e-01	3.770147e-12
53	10746.256056	2.821132e-08	7.800000e-01	6.827224e-26
53	16858.196535	2.894336e-08	7.600000e-01	1.000000e-08
53	10029.012844	2.824871e-08	7.850000e-01	9.706712e-26
53	2937.128734	2.915462e-08	8.575000e-01	1.006058e-26
53	616.968733	7.592681e-12	9.250000e-01	7.592666e-12
53	11498.566079	2.817583e-08	7.750000e-01	5.662484e-26
53	16334.504754	2.847894e-08	7.550000e-01	1.000000e-08
53	190.720971	3.738094e-07	9.950001e-01	7.360409e-12
53	192.073380	5.464419e-08	9.675000e-01	3.023009e-12
53	738.299500	3.110262e-08	9.100000e-01	1.248271e-26
53	625.064309	3.146861e-08	9.150000e-01	3.677305e-27
53	1088.211114	3.039591e-08	8.975000e-01	9.376257e-27
53	404.356048	3.272123e-08	9.275000e-01	1.248157e-27
53	616.968733	7.592688e-12	8.600000e-01	7.592653e-12
53	190.720971	3.738093e-07	9.950001e-01	7.360409e-12
53	1980.949072	2.957372e-08	8.750000e-01	9.408578e-27
53	14882.887428	2.805015e-08	7.550000e-01	5.190808e-25
53	5423.755424	2.863879e-08	8.250000e-01	2.225373e-26
53	5657.854186	2.860833e-08	8.225000e-01	1.288410e-26
53	2785.345053	2.920657e-08	8.600000e-01	3.650961e-27
53	16858.196019	2.894336e-08	7.600000e-01	1.000000e-08
53	2497.289733	2.931766e-08	8.650000e-01	9.872588e-27
53	482.261312	3.214886e-08	9.225000e-01	1.490064e-27
53	192.073380	5.464419e-08	9.675000e-01	3.023009e-12
53	191.062135	1.029280e-07	9.825000e-01	6.385508e-12
53	14882.887429	2.805015e-08	7.550000e-01	1.431556e-24
53	4975.007245	2.870290e-08	8.300000e-01	2.622038e-26
53	13113.172145	2.810997e-08	7.650000e-01	2.910863e-25
53	10029.012940	2.824871e-08	7.850000e-01	5.191722e-26
53	1010.333535	3.051820e-08	9.000000e-01	8.678117e-27
53	193.799422	4.200898e-08	9.575000e-01	3.303885e-28
53	12287.125807	2.814209e-08	7.700000e-01	1.116461e-25
53	191.645434	6.485398e-08	9.725000e-01	4.439063e-12
53	190.964217	1.204499e-07	9.850000e-01	6.702354e-12
53	4551.502215	2.877165e-08	8.350000e-01	3.715962e-27
53	1010.333534	3.051820e-08	9.000000e-01	1.266602e-26
53	936.468822	3.064902e-08	9.025000e-01	1.123036e-26
53	192.928477	4.414507e-08	9.600000e-01	2.837224e-13
53	10029.012672	2.824871e-08	7.850000e-01	7.527135e-26
53	3597.954902	2.896748e-08	8.475000e-01	1.465354e-26
53	192.928477	4.414507e-08	9.600000e-01	2.837224e-13
53	616.968733	7.592691e-12	9.075000e-01	7.592660e-12
53	190.720971	3.738094e-07	9.950001e-01	7.360409e-12
53	1980.949026	2.957372e-08	8.750000e-01	5.921716e-27
53	8695.151478	2.832978e-08	7.950000e-01	1.066880e-26
53	404.356029	3.272123e-08	9.275000e-01	5.888456e-27
53	16858.196058	2.894336e-08	7.600000e-01	1.000000e-08
53	3094.195231	2.910486e-08	8.550000e-01	1.871802e-26
53	9345.677711	2.828814e-08	7.900000e-01	1.832935e-25
53	4348.962702	2.880793e-08	8.375000e-01	4.710413e-27
53	616.968733	7.592712e-12	9.050000e-01	7.592650e-12
53	15350.804520	2.803604e-08	7.525000e-01	5.800861e-25
53	192.928477	4.414507e-08	9.600000e-01	2.837224e-13
53	2638.759792	2.926086e-08	8.625000e-01	3.064695e-26
53	482.261288	3.214886e-08	9.225000e-01	1.032837e-27
53	6400.342430	2.852274e-08	8.150000e-01	2.579295e-26
53	1441.192785	2.997752e-08	8.875000e-01	2.601505e-27
53	1980.949072	2.957372e-08	8.750000e-01	6.047852e-27
53	9345.677707	2.828814e-08	7.900000e-01	1.439634e-26
53	616.968733	7.592746e-12	9.625000e-01	7.592659e-12
53	616.968733	7.592685e-12	8.625000e-01	7.592655e-12
53	192.327807	5.064012e-08	9.650000e-01	2.194845e-12
53	190.668496	8.223620e-07	9.975002e-01	7.383460e-12
53	679.836512	3.127825e-08	9.125000e-01	1.753758e-26
53	191.468035	7.150109e-08	9.750000e-01	5.032471e-12
53	6146.038068	2.855036e-08	8.175000e-01	4.084334e-26
53	13113.172420	2.810997e-08	7.650000e-01	2.192990e-25
53	12287.126170	2.814209e-08	7.700000e-01	2.121265e-26
53	1863.856432	2.964608e-08	8.775000e-01	5.143330e-27
53	2785.345112	2.920657e-08	8.600000e-01	6.672147e-27
53	312.154803	3.384288e-08	9.350000e-01	4.216384e-27
53	190.816887	1.821960e-07	9.900000e-01	7.148838e-12
53	2229.370298	2.943950e-08	8.700000e-01	7.676764e-28
53	2360.853360	2.937714e-08	8.675000e-01	2.892603e-27
53	738.299490	3.110262e-08	9.100000e-01	5.182399e-27
53	8695.151810	2.832978e-08	7.950000e-01	3.956507e-27
53	16079.597343	2.824964e-08	7.525000e-01	1.000000e-08
53	5196.174847	2.867029e-08	8.275000e-01	1.921940e-26
53	4551.502191	2.877165e-08	8.350000e-01	1.630382e-26
53	312.154816	3.384288e-08	9.350000e-01	1.700086e-26
53	266.329699	3.484659e-08	9.400000e-01	3.982722e-27
53	1010.333531	3.051820e-08	9.000000e-01	2.198828e-27
53	616.968733	7.592717e-12	9.750000e-01	7.592665e-12
53	266.329706	3.484659e-08	9.400000e-01	1.480248e-27
53	190.882895	1.450635e-07	9.875000e-01	6.956047e-12
53	1010.333536	3.051820e-08	9.000000e-01	4.859994e-27
53	9683.177451	2.826815e-08	7.875000e-01	4.295296e-26
53	370.400749	3.305450e-08	9.300000e-01	2.542364e-27
53	232.314206	3.615924e-08	9.450000e-01	1.287855e-27
53	6929.938912	2.847006e-08	8.100000e-01	2.015023e-26
53	12287.126169	2.814209e-08	7.700000e-01	1.399490e-25
53	190.964217	1.204499e-07	9.850000e-01	6.702354e-12
53	2102.761494	2.950495e-08	8.725000e-01	2.077562e-26
53	7488.294060	2.842052e-08	8.050000e-01	2.929638e-26
53	196.681895	4.039846e-08	9.550000e-01	3.049935e-26
53	3777.023992	2.892525e-08	8.450000e-01	1.642218e-26
53	13113.172014	2.810997e-08	7.650000e-01	1.914780e-25
53	201.827912	3.905661e-08	9.525000e-01	1.572841e-26
53	936.468819	3.064902e-08	9.025000e-01	1.700906e-27
53	616.968733	7.592679e-12	9.625000e-01	7.592668e-12
53	526.339658	3.190149e-08	9.200000e-01	4.433266e-27
53	16079.597453	2.824964e-08	7.525000e-01	1.000000e-08
53	190.720971	3.738093e-07	9.950001e-01	7.360409e-12
53	482.261305	3.214886e-08	9.225000e-01	1.485855e-26
53	10746.256022	2.821132e-08	7.800000e-01	1.096746e-25
53	482.261312	3.214886e-08	9.225000e-01	9.413671e-28
53	-1.000000	-1.000000e+00	-1.000000e+00	-1.000000e+00
53	7205.462397	2.844492e-08	8.075000e-01	6.223690e-26
53	3777.024017	2.892525e-08	8.450000e-01	2.098562e-26
53	16594.027112	2.871018e-08	7.575000e-01	1.000000e-08
53	616.968733	7.592688e-12	9.050000e-01	7.592660e-12
53	7205.462545	2.844491e-08	8.075000e-01	1.423369e-26
53	2785.345017	2.920657e-08	8.600000e-01	3.926732e-26
53	6929.938762	2.847006e-08	8.100000e-01	3.225874e-26
53	190.882895	1.450635e-07	9.875000e-01	6.956047e-12
53	2102.761515	2.950495e-08	8.725000e-01	9.064269e-27
53	4975.007146	2.870290e-08	8.300000e-01	8.548563e-27
53	10029.012963	2.824871e-08	7.850000e-01	8.972508e-27
53	247.887266	3.545664e-08	9.425000e-01	5.212963e-28
53	8695.151744	2.832978e-08	7.950000e-01	5.426380e-26
53	936.468888	3.064902e-08	9.025000e-01	4.445212e-27
53	441.621332	3.242085e-08	9.250000e-01	4.867970e-27
53	1170.168178	3.028137e-08	8.950000e-01	4.648526e-28
53	4760.150416	2.873666e-08	8.325000e-01	5.288434e-26
53	11888.238635	2.815875e-08	7.725000e-01	8.464933e-27
53	616.566157	5.588345e-10	9.900000e-01	3.175889e-25
53	9016.384689	2.830867e-08	7.925000e-01	6.457643e-26
53	192.073380	5.464419e-08	9.675000e-01	3.023009e-12
53	616.968733	7.592719e-12	9.900000e-01	7.592668e-12
53	8076.367103	2.837384e-08	8.000000e-01	2.304451e-26
53	3961.819271	2.888465e-08	8.425000e-01	2.563455e-27
53	404.356021	3.272123e-08	9.275000e-01	2.673283e-27
53	287.726088	3.431294e-08	9.375000e-01	3.475205e-27
53	190.764391	2.447973e-07	9.925000e-01	7.282917e-12
53	13540.648497	2.809448e-08	7.625000e-01	4.173901e-26
53	2360.853395	2.937714e-08	8.675000e-01	2.246471e-28
53	12695.384974	2.812583e-08	7.675000e-01	4.683816e-26
53	1256.271881	3.017386e-08	8.925000e-01	1.225326e-27
53	7488.294084	2.842052e-08	8.050000e-01	6.684278e-26
53	8076.367394	2.837384e-08	8.000000e-01	3.188427e-27
53	4152.433905	2.884557e-08	8.400000e-01	3.862981e-26
53	191.177864	8.981613e-08	9.800000e-01	6.003187e-12
53	625.064302	3.146861e-08	9.150000e-01	3.618669e-27
53	8076.367252	2.837384e-08	8.000000e-01	3.724702e-26
53	3094.195176	2.910486e-08	8.550000e-01	6.241696e-27
53	16594.027480	2.871018e-08	7.575000e-01	1.000000e-08
53	219.517899	3.697486e-08	9.475000e-01	7.452827e-27
53	11117.955145	2.819335e-08	7.775000e-01	1.663716e-25
53	616.968733	7.592702e-12	9.275000e-01	7.592659e-12
53	2497.289768	2.931766e-08	8.650000e-01	1.040470e-26
53	441.621363	3.242085e-08	9.250000e-01	3.494851e-27
53	-1.000000	-1.000000e+00	-1.000000e+00	-1.000000e+00
53	1088.211134	3.039591e-08	8.975000e-01	4.420216e-27
53	738.299456	3.110262e-08	9.100000e-01	2.901999e-27
53	800.516548	3.094010e-08	9.075000e-01	1.267174e-26
53	616.968733	7.592723e-12	9.725000e-01	7.592664e-12
53	11498.566080	2.817583e-08	7.750000e-01	1.306007e-25
53	2638.759717	2.926086e-08	8.625000e-01	2.609351e-27
53	266.329714	3.484659e-08	9.400000e-01	3.161644e-27
53	625.064311	3.146861e-08	9.150000e-01	6.270079e-28
53	4348.962709	2.880793e-08	8.375000e-01	3.833764e-27
53	1170.168146	3.028137e-08	8.950000e-01	1.442734e-27
53	3777.023999	2.892525e-08	8.450000e-01	6.801771e-27
53	616.973384	1.272077e-11	8.375000e-01	4.676038e-13
53	12695.384553	2.812583e-08	7.675000e-01	9.773576e-26
53	738.299473	3.110262e-08	9.100000e-01	5.042285e-27
53	14882.887966	2.805015e-08	7.550000e-01	6.696132e-25
53	7205.462478	2.844492e-08	8.075000e-01	3.002343e-26
53	616.968733	7.592699e-12	9.750000e-01	7.592667e-12
53	625.064331	3.146861e-08	9.150000e-01	6.391298e-27
53	2937.128758	2.915462e-08	8.575000e-01	2.167386e-26
53	2937.128613	2.915462e-08	8.575000e-01	7.409371e-27
53	616.968733	7.592740e-12	9.375000e-01	7.592652e-12
53	16858.196239	2.894336e-08	7.600000e-01	1.000000e-08
53	616.968733	7.592697e-12	9.425000e-01	7.592663e-12
53	8076.367146	2.837384e-08	8.000000e-01	3.894128e-26
53	190.882895	1.450635e-07	9.875000e-01	6.956047e-12
53	16858.196521	2.894336e-08	7.600000e-01	1.000000e-08
53	936.468896	3.064902e-08	9.025000e-01	2.362618e-26
53	16079.597649	2.824964e-08	7.525000e-01	1.000000e-08
53	232.314215	3.615924e-08	9.450000e-01	1.812879e-27
53	192.928477	4.414507e-08	9.600000e-01	2.837224e-13
53	616.968733	7.592724e-12	9.825000e-01	7.592666e-12
53	219.517895	3.697486e-08	9.475000e-01	3.172634e-27
53	190.816887	1.821960e-07	9.900000e-01	7.148838e-12
53	573.919685	3.167562e-08	9.175000e-01	6.213986e-27
53	209.394882	3.792956e-08	9.500000e-01	4.171623e-27
53	5196.174792	2.867029e-08	8.275000e-01	2.532006e-26
53	192.073380	5.464419e-08	9.675000e-01	3.023009e-12
