29	14606.078868	1.976379e-08	8.413000e-01	1.614946e-26
29	5711.335067	1.968275e-08	8.827000e-01	1.671654e-26
29	280.270112	1.743428e-07	9.954000e-01	1.957553e-11
29	37005.341822	1.981945e-08	7.838000e-01	1.875158e-25
29	14606.078816	1.976379e-08	8.413000e-01	6.576588e-27
29	284.087614	1.882531e-08	9.563000e-01	6.500024e-26
29	280.043074	2.621747e-08	9.701000e-01	1.063485e-11
29	12179.166272	1.975028e-08	8.505000e-01	2.888416e-27
29	815.613237	5.661951e-11	9.126000e-01	3.303862e-12
29	345.679695	1.908337e-08	9.494000e-01	1.168404e-27
29	29333.335489	1.980746e-08	7.999000e-01	8.018813e-26
29	916.388821	1.941329e-08	9.310000e-01	2.967219e-27
29	17319.292326	1.977561e-08	8.321000e-01	9.316144e-26
29	1157.493845	1.946007e-08	9.264000e-01	6.420355e-27
29	815.601406	1.989651e-11	8.436000e-01	1.989628e-11
29	815.601406	1.989649e-11	8.551000e-01	1.989634e-11
29	280.253977	1.155919e-07	9.931000e-01	1.943724e-11
29	815.507532	1.477749e-10	9.540000e-01	2.887941e-25
29	280.362315	2.126518e-08	9.632000e-01	5.017868e-12
29	280.108997	2.432667e-08	9.678000e-01	8.928677e-12
29	280.270112	1.743429e-07	9.954000e-01	1.957553e-11
29	28333.891220	1.980557e-08	8.022000e-01	3.530059e-26
29	345.679709	1.908337e-08	9.494000e-01	3.493089e-27
29	11067.901568	1.974277e-08	8.551000e-01	3.014800e-26
29	-1.000000	-1.000000e+00	-1.000000e+00	-1.000000e+00
29	32473.569961	1.981285e-08	7.930000e-01	4.549320e-26
29	815.601406	1.989660e-11	9.310000e-01	1.989637e-11
29	13973.168877	1.976058e-08	8.436000e-01	3.612814e-26
29	7259.126940	1.970623e-08	8.735000e-01	3.737652e-26
29	280.213074	2.269187e-08	9.655000e-01	7.057598e-12
29	20336.300307	1.978605e-08	8.229000e-01	4.305356e-26
29	40676.210957	1.982401e-08	7.769000e-01	2.403109e-25
29	5020.670630	1.966925e-08	8.873000e-01	1.285628e-27
29	2776.617776	1.959843e-08	9.057000e-01	1.659835e-26
29	33568.828925	1.981456e-08	7.907000e-01	1.146104e-25
29	5711.334900	1.968275e-08	8.827000e-01	1.205505e-27
29	815.601406	1.989646e-11	9.195000e-01	1.989641e-11
29	815.601406	1.989644e-11	8.528000e-01	1.989640e-11
29	43259.068541	1.982688e-08	7.723000e-01	7.854818e-25
29	27357.507569	1.980363e-08	8.045000e-01	8.283609e-27
29	22809.591330	1.979310e-08	8.160000e-01	6.507944e-26
29	280.225848	8.641947e-08	9.908000e-01	1.917593e-11
29	22809.591122	1.979310e-08	8.160000e-01	2.390675e-26
29	13357.885354	1.975726e-08	8.459000e-01	5.475476e-26
29	280.564038	2.000999e-08	9.609000e-01	2.805599e-12
29	5359.234325	1.967617e-08	8.850000e-01	9.068228e-27
29	280.270112	1.743429e-07	9.954000e-01	1.957553e-11
29	30356.192273	1.980930e-08	7.976000e-01	1.839986e-26
29	12759.969286	1.975383e-08	8.482000e-01	5.956083e-26
29	35834.323270	1.981786e-08	7.861000e-01	1.657857e-25
29	815.601406	1.989651e-11	9.011000e-01	1.989638e-11
29	21140.178445	1.978847e-08	8.206000e-01	1.511656e-27
29	279.999580	3.104557e-08	9.747000e-01	1.356709e-11
29	1766.052025	1.953292e-08	9.172000e-01	4.072103e-28
29	23675.747278	1.979533e-08	8.137000e-01	1.916090e-25
29	916.388775	1.941329e-08	9.310000e-01	2.202375e-27
29	6850.861230	1.970075e-08	8.758000e-01	5.938929e-27
29	815.601406	1.989646e-11	8.551000e-01	1.989638e-11
29	280.225848	8.641946e-08	9.908000e-01	1.917593e-11
29	31402.816531	1.981110e-08	7.953000e-01	6.577434e-26
29	-1.000000	-1.000000e+00	-1.000000e+00	-1.000000e+00
29	280.109078	4.906911e-08	9.839000e-01	1.761343e-11
29	6456.945167	1.969502e-08	8.781000e-01	7.174908e-27
29	815.606503	3.508809e-11	8.551000e-01	3.747100e-13
29	23675.747003	1.979533e-08	8.137000e-01	3.838961e-26
29	37005.341743	1.981945e-08	7.838000e-01	8.760709e-25
29	39425.882435	1.982252e-08	7.792000e-01	4.387682e-26
29	815.601406	1.989650e-11	9.103000e-01	1.989639e-11
29	21140.177982	1.978847e-08	8.206000e-01	3.636946e-26
29	27357.506256	1.980363e-08	8.045000e-01	3.979379e-26
29	21964.505777	1.979082e-08	8.183000e-01	4.418955e-28
29	488.356110	1.924548e-08	9.425000e-01	6.859030e-27
29	29333.341628	1.980746e-08	7.999000e-01	6.732257e-27
29	345.679693	1.908337e-08	9.494000e-01	4.472362e-27
29	13357.885331	1.975726e-08	8.459000e-01	1.291244e-26
29	22809.591023	1.979310e-08	8.160000e-01	8.810518e-27
29	8572.153748	1.972133e-08	8.666000e-01	1.464688e-26
29	384.048812	1.914506e-08	9.471000e-01	2.306480e-27
29	815.601406	1.989649e-11	9.103000e-01	1.989640e-11
29	815.601406	1.989648e-11	8.712000e-01	1.989638e-11
29	5020.670399	1.966925e-08	8.873000e-01	1.280045e-26
29	280.225848	8.641945e-08	9.908000e-01	1.917593e-11
29	815.601406	1.989652e-11	8.666000e-01	1.989632e-11
29	35834.324617	1.981786e-08	7.861000e-01	8.079797e-25
29	7681.954215	1.971148e-08	8.712000e-01	4.999306e-27
29	2337.939237	1.957484e-08	9.103000e-01	4.737220e-27
29	630.335340	1.932373e-08	9.379000e-01	2.856421e-27
29	1597.734682	1.951680e-08	9.195000e-01	9.443934e-27
29	280.270112	1.743429e-07	9.954000e-01	1.957553e-11
29	280.213074	2.269187e-08	9.655000e-01	7.057597e-12
29	1440.306424	1.949940e-08	9.218000e-01	1.212521e-27
29	24563.291862	1.979749e-08	8.114000e-01	8.346143e-26
29	35834.323578	1.981786e-08	7.861000e-01	1.472322e-25
29	11615.225878	1.974659e-08	8.528000e-01	2.142293e-26
29	2551.425178	1.958701e-08	9.080000e-01	3.932718e-27
29	16613.210696	1.977280e-08	8.344000e-01	2.832197e-26
29	44592.442143	1.982826e-08	7.700000e-01	1.437855e-19
29	3262.810568	1.961925e-08	9.011000e-01	2.692784e-28
29	25472.541064	1.979959e-08	8.091000e-01	8.889621e-27
29	44592.440147	1.982826e-08	7.700000e-01	4.133279e-20
29	815.601406	1.989647e-11	9.356000e-01	1.989641e-11
29	280.010064	3.419182e-08	9.770000e-01	1.480042e-11
29	2776.617889	1.959843e-08	9.057000e-01	9.175236e-27
29	2337.939267	1.957484e-08	9.103000e-01	3.361364e-27
29	554.567587	1.928689e-08	9.402000e-01	2.149996e-27
29	3013.688376	1.960916e-08	9.034000e-01	3.101714e-27
29	29333.336298	1.980746e-08	7.999000e-01	2.687418e-25
29	21964.505812	1.979082e-08	8.183000e-01	2.331571e-26
29	14606.078628	1.976379e-08	8.413000e-01	2.471528e-26
29	2135.992180	1.956182e-08	9.126000e-01	1.137191e-26
29	3262.810398	1.961925e-08	9.011000e-01	1.101217e-26
29	10536.950369	1.973880e-08	8.574000e-01	1.368165e-25
29	431.562259	1.919859e-08	9.448000e-01	3.723273e-27
29	280.249844	3.561014e-07	9.977001e-01	1.959490e-11
29	345.679713	1.908337e-08	9.494000e-01	3.399446e-27
29	20336.300117	1.978605e-08	8.229000e-01	1.016572e-26
29	280.010064	3.419182e-08	9.770000e-01	1.480042e-11
29	37005.341232	1.981945e-08	7.838000e-01	5.544808e-25
29	4383.374176	1.965434e-08	8.919000e-01	9.711887e-27
29	28333.897100	1.980557e-08	8.022000e-01	1.643337e-25
29	280.270112	1.743429e-07	9.954000e-01	1.957553e-11
29	431.562278	1.919859e-08	9.448000e-01	3.589096e-27
29	815.601406	1.989648e-11	8.206000e-01	1.989629e-11
29	14606.078732	1.976379e-08	8.413000e-01	8.151188e-27
29	811.102967	1.938641e-08	9.333000e-01	2.033502e-26
29	630.335390	1.932373e-08	9.379000e-01	8.496669e-27
29	815.601406	1.989645e-11	8.666000e-01	1.989640e-11
29	815.380685	1.742567e-10	9.586000e-01	1.067946e-24
29	279.999580	3.104557e-08	9.747000e-01	1.356709e-11
29	32473.561407	1.981285e-08	7.930000e-01	4.340362e-26
29	41953.801141	1.982546e-08	7.746000e-01	5.361755e-25
29	811.103016	1.938641e-08	9.333000e-01	4.473407e-27
29	280.034879	3.804301e-08	9.793000e-01	1.588343e-11
29	2551.425095	1.958701e-08	9.080000e-01	4.780971e-27
29	17319.292384	1.977561e-08	8.321000e-01	2.641744e-27
29	815.601406	1.989646e-11	8.666000e-01	1.989639e-11
29	30356.190537	1.980930e-08	7.976000e-01	1.631525e-25
29	1597.734709	1.951680e-08	9.195000e-01	2.805576e-27
29	19552.568795	1.978356e-08	8.252000e-01	7.188335e-27
29	17319.292098	1.977561e-08	8.321000e-01	3.889844e-26
29	280.564038	2.000999e-08	9.609000e-01	2.805599e-12
29	8119.557317	1.971651e-08	8.689000e-01	1.417729e-26
29	2135.992144	1.956182e-08	9.126000e-01	9.148889e-27
29	22809.591015	1.979310e-08	8.160000e-01	7.302809e-26
29	23675.746983	1.979533e-08	8.137000e-01	1.805373e-26
29	280.213074	2.269187e-08	9.655000e-01	7.057597e-12
29	46046.961103	2.033532e-08	7.815000e-01	1.000000e-08
29	21964.505999	1.979082e-08	8.183000e-01	1.768485e-25
29	280.108997	2.432667e-08	9.678000e-01	8.928676e-12
29	316.319746	1.901151e-08	9.517000e-01	1.730218e-27
29	35834.321763	1.981786e-08	7.861000e-01	2.059207e-25
29	5020.670365	1.966925e-08	8.873000e-01	4.694799e-28
29	2337.939328	1.957484e-08	9.103000e-01	9.401939e-28
29	25472.538943	1.979959e-08	8.091000e-01	6.915954e-26
29	22809.591319	1.979310e-08	8.160000e-01	1.436970e-25
29	9523.215540	1.973041e-08	8.620000e-01	3.879536e-26
29	22809.591682	1.979310e-08	8.160000e-01	2.406669e-26
29	280.249844	3.561012e-07	9.977001e-01	1.959490e-11
29	5711.334950	1.968275e-08	8.827000e-01	1.529064e-26
29	815.601406	1.989650e-11	8.873000e-01	1.989637e-11
29	280.249844	3.561011e-07	9.977001e-01	1.959490e-11
29	6456.945297	1.969502e-08	8.781000e-01	1.265358e-26
29	815.601406	1.989646e-11	9.379000e-01	1.989642e-11
29	815.543063	1.375366e-10	9.517000e-01	4.224329e-24
29	8119.557216	1.971651e-08	8.689000e-01	2.499159e-27
29	43259.068806	1.982688e-08	7.723000e-01	1.183338e-24
29	29333.338657	1.980746e-08	7.999000e-01	6.986710e-26
29	4084.258808	1.964628e-08	8.942000e-01	1.016720e-26
29	815.601406	1.989648e-11	9.080000e-01	1.989640e-11
29	13973.168953	1.976058e-08	8.436000e-01	1.270602e-26
29	554.567566	1.928689e-08	9.402000e-01	2.728909e-27
29	280.253977	1.155919e-07	9.931000e-01	1.943724e-11
29	30356.196740	1.980930e-08	7.976000e-01	5.802979e-26
29	46046.961044	2.033532e-08	7.815000e-01	1.000000e-08
29	431.562258	1.919859e-08	9.448000e-01	3.372398e-27
29	1293.610870	1.948055e-08	9.241000e-01	1.981683e-27
29	280.253977	1.155919e-07	9.931000e-01	1.943724e-11
29	40676.211507	1.982401e-08	7.769000e-01	2.802767e-25
29	26403.831996	1.980164e-08	8.068000e-01	1.168956e-25
29	47597.157904	2.086823e-08	7.929999e-01	1.000000e-08
29	19552.568676	1.978356e-08	8.252000e-01	4.529282e-26
29	280.010064	3.419182e-08	9.770000e-01	1.480042e-11
29	4383.374227	1.965434e-08	8.919000e-01	1.588585e-26
29	23675.747124	1.979533e-08	8.137000e-01	1.094685e-25
29	21140.177979	1.978847e-08	8.206000e-01	1.358392e-25
29	30356.193195	1.980930e-08	7.976000e-01	1.390373e-26
29	32473.567504	1.981285e-08	7.930000e-01	1.805725e-25
29	815.601406	1.989645e-11	8.091000e-01	1.989634e-11
29	29333.336356	1.980746e-08	7.999000e-01	6.904017e-26
29	280.249844	3.561011e-07	9.977001e-01	1.959490e-11
29	6077.171384	1.968903e-08	8.804000e-01	1.749939e-26
29	813.360545	3.850598e-10	9.724000e-01	2.267619e-25
29	1293.610931	1.948055e-08	9.241000e-01	7.531106e-28
29	43259.066335	1.982688e-08	7.723000e-01	2.837098e-24
29	21964.506091	1.979082e-08	8.183000e-01	1.932724e-26
29	40676.210916	1.982401e-08	7.769000e-01	6.414368e-25
29	9039.965258	1.972596e-08	8.643000e-01	2.694334e-26
29	15256.877106	1.976689e-08	8.390000e-01	3.692820e-26
29	316.319743	1.901151e-08	9.517000e-01	2.828043e-27
29	44592.442914	1.982826e-08	7.700000e-01	1.528593e-19
29	815.601406	1.989649e-11	8.965000e-01	1.989639e-11
29	280.213074	2.269187e-08	9.655000e-01	7.057597e-12
29	316.319748	1.901151e-08	9.517000e-01	1.167534e-26
29	295.834146	1.892675e-08	9.540000e-01	4.669070e-27
29	1293.610872	1.948055e-08	9.241000e-01	2.548975e-27
29	1766.052029	1.953292e-08	9.172000e-01	1.547213e-27
29	13357.885317	1.975726e-08	8.459000e-01	5.366525e-27
29	279.999580	3.104557e-08	9.747000e-01	1.356709e-11
29	31402.814334	1.981110e-08	7.953000e-01	1.341708e-25
29	279.999580	3.104557e-08	9.747000e-01	1.356709e-11
29	815.601406	1.989652e-11	9.356000e-01	1.989640e-11
29	280.225848	8.641946e-08	9.908000e-01	1.917593e-11
29	25472.540003	1.979959e-08	8.091000e-01	1.970229e-25
29	7259.126940	1.970623e-08	8.735000e-01	2.387804e-26
29	280.270112	1.743428e-07	9.954000e-01	1.957553e-11
29	10536.950304	1.973880e-08	8.574000e-01	1.486030e-26
29	37005.341429	1.981945e-08	7.838000e-01	2.368279e-25
29	280.564038	2.000999e-08	9.609000e-01	2.805600e-12
29	815.601406	1.989643e-11	8.735000e-01	1.989642e-11
29	1157.493870	1.946007e-08	9.264000e-01	4.031850e-27
29	554.567570	1.928689e-08	9.402000e-01	3.894581e-27
29	7681.954494	1.971148e-08	8.712000e-01	7.619787e-27
29	46046.961214	2.033532e-08	7.815000e-01	1.000000e-08
29	21140.178596	1.978847e-08	8.206000e-01	2.853294e-26
29	34688.952515	1.981623e-08	7.884000e-01	2.624064e-25
29	4383.373971	1.965434e-08	8.919000e-01	1.135866e-26
29	33568.829133	1.981456e-08	7.907000e-01	2.217463e-25
29	12759.969332	1.975383e-08	8.482000e-01	1.869062e-26
29	20336.299896	1.978605e-08	8.229000e-01	5.694533e-26
29	-1.000000	-1.000000e+00	-1.000000e+00	-1.000000e+00
29	41953.802006	1.982546e-08	7.746000e-01	2.958601e-25
29	5359.234276	1.967617e-08	8.850000e-01	5.066316e-27
29	5711.335214	1.968275e-08	8.827000e-01	1.454375e-26
29	279.999580	3.104557e-08	9.747000e-01	1.356709e-11
29	280.190412	6.896755e-08	9.885000e-01	1.878753e-11
29	3524.160132	1.962877e-08	8.988000e-01	7.697585e-27
29	18788.684926	1.978099e-08	8.275000e-01	1.567384e-26
29	554.567602	1.928689e-08	9.402000e-01	5.015757e-28
29	31402.814132	1.981110e-08	7.953000e-01	1.093810e-25
29	16613.210436	1.977280e-08	8.344000e-01	5.302171e-26
29	280.225848	8.641946e-08	9.908000e-01	1.917593e-11
29	11615.225735	1.974659e-08	8.528000e-01	1.688245e-26
29	1157.493824	1.946007e-08	9.264000e-01	5.810864e-27
29	13357.885331	1.975726e-08	8.459000e-01	5.031093e-27
29	41953.802824	1.982546e-08	7.746000e-01	3.102975e-24
29	29333.338679	1.980746e-08	7.999000e-01	3.970236e-26
29	19552.568776	1.978356e-08	8.252000e-01	7.047069e-26
29	20336.300231	1.978605e-08	8.229000e-01	1.124666e-27
29	280.150532	5.735354e-08	9.862000e-01	1.826802e-11
29	815.597038	1.142445e-10	9.448000e-01	2.770039e-23
29	815.601406	1.989644e-11	8.597000e-01	1.989641e-11
29	815.601406	1.989647e-11	8.344000e-01	1.989634e-11
29	280.150532	5.735354e-08	9.862000e-01	1.826802e-11
29	26403.836982	1.980164e-08	8.068000e-01	5.558167e-26
29	12179.166402	1.975028e-08	8.505000e-01	7.597145e-26
29	3797.915562	1.963777e-08	8.965000e-01	2.144158e-27
29	1031.803200	1.943774e-08	9.287000e-01	2.490477e-26
29	10536.950535	1.973881e-08	8.574000e-01	2.868139e-26
29	6077.171532	1.968903e-08	8.804000e-01	2.510831e-26
29	18044.355458	1.977834e-08	8.298000e-01	2.497286e-26
29	284.087613	1.882531e-08	9.563000e-01	1.494556e-26
29	280.362315	2.126518e-08	9.632000e-01	5.017869e-12
29	28333.891077	1.980557e-08	8.022000e-01	7.008224e-26
29	31402.813540	1.981110e-08	7.953000e-01	1.145126e-25
29	35834.323654	1.981786e-08	7.861000e-01	2.839360e-26
29	46046.961524	2.033532e-08	7.815000e-01	1.000000e-08
29	33568.828932	1.981456e-08	7.907000e-01	1.647941e-25
29	18044.355482	1.977834e-08	8.298000e-01	4.311785e-26
29	431.562285	1.919859e-08	9.448000e-01	6.477113e-27
29	2776.617840	1.959843e-08	9.057000e-01	9.250917e-27
29	34688.952532	1.981623e-08	7.884000e-01	2.156084e-25
29	41953.802739	1.982546e-08	7.746000e-01	6.066275e-25
29	40676.213863	1.982401e-08	7.769000e-01	4.099687e-25
29	815.601406	1.989644e-11	8.873000e-01	1.989641e-11
29	19552.568599	1.978356e-08	8.252000e-01	3.851300e-27
29	431.562270	1.919859e-08	9.448000e-01	1.797848e-27
29	280.825780	1.889779e-08	9.586000e-01	4.166691e-13
29	279.999580	3.104557e-08	9.747000e-01	1.356709e-11
29	4084.258846	1.964627e-08	8.942000e-01	1.398367e-26
29	16613.210694	1.977280e-08	8.344000e-01	1.585969e-26
29	22809.591474	1.979310e-08	8.160000e-01	2.681667e-26
29	811.751436	5.525988e-10	9.770000e-01	1.381042e-25
29	12759.969201	1.975383e-08	8.482000e-01	3.513098e-26
29	1157.493889	1.946007e-08	9.264000e-01	1.503031e-26
29	4084.258889	1.964628e-08	8.942000e-01	9.923497e-28
29	18788.684942	1.978099e-08	8.275000e-01	9.317455e-26
29	280.825780	1.889779e-08	9.586000e-01	4.166687e-13
29	280.010064	3.419182e-08	9.770000e-01	1.480042e-11
29	17319.291976	1.977561e-08	8.321000e-01	5.716808e-26
29	17319.292348	1.977561e-08	8.321000e-01	3.318827e-26
29	17319.292310	1.977561e-08	8.321000e-01	7.517313e-26
29	2776.617874	1.959843e-08	9.057000e-01	5.913622e-27
29	280.249844	3.561012e-07	9.977001e-01	1.959490e-11
29	17319.292154	1.977561e-08	8.321000e-01	6.625721e-27
29	15925.830783	1.976989e-08	8.367000e-01	7.668722e-26
29	815.601406	1.989649e-11	8.850000e-01	1.989637e-11
29	9039.965272	1.972596e-08	8.643000e-01	9.982948e-28
29	488.356098	1.924548e-08	9.425000e-01	3.683934e-27
29	815.601406	1.989649e-11	9.057000e-01	1.989639e-11
29	6850.861168	1.970075e-08	8.758000e-01	3.864046e-26
29	280.564038	2.000999e-08	9.609000e-01	2.805599e-12
29	715.799838	1.935671e-08	9.356000e-01	2.607997e-28
29	815.507532	1.477749e-10	9.540000e-01	8.321815e-24
29	815.601406	1.989644e-11	7.953000e-01	1.989635e-11
29	3797.915737	1.963777e-08	8.965000e-01	1.953280e-26
29	4695.448008	1.966199e-08	8.896000e-01	8.194813e-27
29	2551.424999	1.958701e-08	9.080000e-01	4.412024e-27
29	16613.210711	1.977280e-08	8.344000e-01	6.704277e-27
29	15925.830573	1.976989e-08	8.367000e-01	9.733930e-26
29	1440.306416	1.949940e-08	9.218000e-01	7.708036e-27
29	3262.810394	1.961925e-08	9.011000e-01	1.783528e-27
29	6456.944988	1.969502e-08	8.781000e-01	5.005844e-27
29	6077.171412	1.968903e-08	8.804000e-01	2.616748e-27
29	21964.505760	1.979082e-08	8.183000e-01	4.721828e-26
29	815.601406	1.989656e-11	8.896000e-01	1.989633e-11
29	280.825779	1.889779e-08	9.586000e-01	4.166697e-13
29	5020.670495	1.966925e-08	8.873000e-01	1.519660e-26
29	279.999580	3.104557e-08	9.747000e-01	1.356709e-11
29	280.362315	2.126518e-08	9.632000e-01	5.017869e-12
29	811.102981	1.938641e-08	9.333000e-01	1.450080e-26
29	815.601406	1.989652e-11	9.172000e-01	1.989639e-11
29	280.034879	3.804301e-08	9.793000e-01	1.588343e-11
29	815.601406	1.989651e-11	9.034000e-01	1.989638e-11
29	815.601406	1.989650e-11	8.574000e-01	1.989634e-11
29	41953.799587	1.982546e-08	7.746000e-01	5.911500e-25
29	12179.166145	1.975028e-08	8.505000e-01	2.103668e-26
29	40676.213231	1.982401e-08	7.769000e-01	2.578105e-25
29	44592.442234	1.982826e-08	7.700000e-01	2.944059e-19
29	47597.157423	2.086823e-08	7.929999e-01	1.000000e-08
29	37005.340010	1.981945e-08	7.838000e-01	2.614154e-25
29	28333.893339	1.980557e-08	8.022000e-01	1.732691e-25
29	815.615277	9.794841e-11	9.379000e-01	1.032934e-22
29	22809.591005	1.979310e-08	8.160000e-01	4.082705e-27
29	1440.306420	1.949940e-08	9.218000e-01	3.344422e-27
29	280.150532	5.735354e-08	9.862000e-01	1.826802e-11
29	295.834140	1.892675e-08	9.540000e-01	1.325375e-26
29	384.048829	1.914506e-08	9.471000e-01	3.904135e-27
29	43259.067352	1.982688e-08	7.723000e-01	6.880418e-25
29	280.150532	5.735354e-08	9.862000e-01	1.826802e-11
29	33568.829077	1.981456e-08	7.907000e-01	1.064271e-25
29	280.213074	2.269187e-08	9.655000e-01	7.057597e-12
29	35834.321725	1.981786e-08	7.861000e-01	5.435005e-26
29	280.190412	6.896754e-08	9.885000e-01	1.878753e-11
29	815.601406	1.989647e-11	8.321000e-01	1.989633e-11
29	28333.894668	1.980557e-08	8.022000e-01	1.227198e-25
29	3013.688557	1.960916e-08	9.034000e-01	2.085397e-27
29	280.010064	3.419182e-08	9.770000e-01	1.480042e-11
29	26403.835188	1.980164e-08	8.068000e-01	1.707267e-25
29	23675.746840	1.979533e-08	8.137000e-01	9.938556e-26
29	1293.611005	1.948055e-08	9.241000e-01	5.855227e-27
29	18788.685116	1.978099e-08	8.275000e-01	2.948419e-27
29	11067.901538	1.974277e-08	8.551000e-01	1.145701e-26
29	29333.339955	1.980746e-08	7.999000e-01	9.572992e-26
29	21964.506017	1.979082e-08	8.183000e-01	1.049077e-25
29	39425.879384	1.982252e-08	7.792000e-01	5.213342e-25
29	1440.306388	1.949940e-08	9.218000e-01	2.969808e-27
29	815.601406	1.989659e-11	9.080000e-01	1.989634e-11
29	17319.291924	1.977561e-08	8.321000e-01	2.431991e-26
29	4084.258896	1.964628e-08	8.942000e-01	1.004409e-26
29	815.601406	1.989649e-11	8.528000e-01	1.989634e-11
29	1597.734656	1.951680e-08	9.195000e-01	2.529768e-28
29	29333.337592	1.980746e-08	7.999000e-01	1.753858e-26
29	6850.861033	1.970075e-08	8.758000e-01	2.392469e-27
29	46046.961884	2.033532e-08	7.815000e-01	1.000000e-08
29	41953.803127	1.982546e-08	7.746000e-01	2.758234e-24
29	18044.355551	1.977834e-08	8.298000e-01	2.098523e-25
29	18788.685006	1.978099e-08	8.275000e-01	9.934520e-27
29	35834.323308	1.981786e-08	7.861000e-01	7.326455e-26
29	280.362315	2.126518e-08	9.632000e-01	5.017869e-12
29	280.109078	4.906912e-08	9.839000e-01	1.761343e-11
29	10022.133314	1.973469e-08	8.597000e-01	6.329208e-27
29	13357.885484	1.975726e-08	8.459000e-01	9.476097e-27
29	1597.734592	1.951680e-08	9.195000e-01	1.619078e-27
29	39425.882021	1.982252e-08	7.792000e-01	2.802144e-26
29	10536.950336	1.973880e-08	8.574000e-01	4.051741e-27
29	46046.961334	2.033532e-08	7.815000e-01	1.000000e-08
29	8119.557418	1.971651e-08	8.689000e-01	1.292784e-26
29	40676.210875	1.982401e-08	7.769000e-01	1.374762e-25
29	280.270112	1.743428e-07	9.954000e-01	1.957553e-11
29	815.601406	1.989646e-11	8.620000e-01	1.989639e-11
29	280.190412	6.896755e-08	9.885000e-01	1.878753e-11
29	715.799846	1.935671e-08	9.356000e-01	6.021829e-27
29	295.834137	1.892675e-08	9.540000e-01	4.432584e-28
29	5020.670575	1.966925e-08	8.873000e-01	2.374819e-26
29	815.567749	1.287155e-10	9.494000e-01	8.474388e-24
29	32473.570043	1.981285e-08	7.930000e-01	7.337000e-26
29	5711.334976	1.968275e-08	8.827000e-01	3.899443e-26
29	280.109078	4.906911e-08	9.839000e-01	1.761343e-11
29	2337.939339	1.957484e-08	9.103000e-01	2.665468e-27
29	43259.066643	1.982688e-08	7.723000e-01	1.141222e-24
29	280.190412	6.896754e-08	9.885000e-01	1.878753e-11
29	4383.374106	1.965434e-08	8.919000e-01	2.460929e-26
29	280.008671	2.842808e-08	9.724000e-01	1.217978e-11
29	1440.306463	1.949940e-08	9.218000e-01	3.120146e-27
29	27357.507619	1.980363e-08	8.045000e-01	3.385944e-25
29	554.567597	1.928689e-08	9.402000e-01	3.482117e-27
29	17319.292154	1.977561e-08	8.321000e-01	6.625721e-27
29	280.362315	2.126518e-08	9.632000e-01	5.017869e-12
29	815.601406	1.989646e-11	9.103000e-01	1.989641e-11
29	280.034879	3.804301e-08	9.793000e-01	1.588343e-11
29	384.048823	1.914506e-08	9.471000e-01	8.731321e-27
29	4084.258932	1.964628e-08	8.942000e-01	1.058533e-26
29	2135.992149	1.956182e-08	9.126000e-01	5.548904e-27
29	5711.335052	1.968275e-08	8.827000e-01	2.187995e-26
29	815.601406	1.989646e-11	8.758000e-01	1.989640e-11
29	280.213074	2.269187e-08	9.655000e-01	7.057597e-12
29	12179.166156	1.975028e-08	8.505000e-01	5.204869e-26
29	280.362315	2.126518e-08	9.632000e-01	5.017869e-12
29	280.825779	1.889779e-08	9.586000e-01	4.166693e-13
29	280.190412	6.896755e-08	9.885000e-01	1.878753e-11
29	280.010064	3.419182e-08	9.770000e-01	1.480042e-11
29	815.601406	1.989654e-11	8.988000e-01	1.989636e-11
29	35834.322380	1.981786e-08	7.861000e-01	3.183049e-25
29	815.601406	1.989647e-11	8.620000e-01	1.989637e-11
29	4383.374001	1.965434e-08	8.919000e-01	3.214679e-26
29	21140.178203	1.978847e-08	8.206000e-01	1.382673e-25
29	12759.969369	1.975383e-08	8.482000e-01	1.477109e-26
29	280.109078	4.906911e-08	9.839000e-01	1.761343e-11
29	10536.950430	1.973880e-08	8.574000e-01	3.186818e-26
29	5359.234223	1.967617e-08	8.850000e-01	2.301372e-27
29	44592.442821	1.982826e-08	7.700000e-01	8.456106e-19
29	22809.591615	1.979310e-08	8.160000e-01	2.315633e-26
29	280.249844	3.561011e-07	9.977001e-01	1.959490e-11
29	21964.505856	1.979082e-08	8.183000e-01	1.256125e-25
29	3013.688379	1.960916e-08	9.034000e-01	1.010209e-26
29	40676.211927	1.982401e-08	7.769000e-01	6.777441e-25
29	280.825779	1.889779e-08	9.586000e-01	4.166695e-13
29	809.683297	8.215503e-10	9.816000e-01	4.679158e-26
29	5711.334991	1.968275e-08	8.827000e-01	1.928364e-26
29	815.601406	1.989645e-11	8.781000e-01	1.989641e-11
29	3524.160032	1.962877e-08	8.988000e-01	5.555264e-27
29	279.999580	3.104557e-08	9.747000e-01	1.356709e-11
29	811.751436	5.525988e-10	9.770000e-01	1.539656e-25
29	280.190412	6.896755e-08	9.885000e-01	1.878754e-11
29	29333.338771	1.980746e-08	7.999000e-01	6.712049e-26
29	10536.950263	1.973880e-08	8.574000e-01	5.113243e-26
29	916.388866	1.941329e-08	9.310000e-01	1.515557e-27
29	17319.292336	1.977561e-08	8.321000e-01	5.025054e-26
29	6077.171280	1.968903e-08	8.804000e-01	8.254627e-27
29	44592.442279	1.982826e-08	7.700000e-01	3.163253e-19
29	815.601406	1.989654e-11	8.781000e-01	1.989633e-11
29	3797.915790	1.963777e-08	8.965000e-01	5.420955e-27
29	15925.830553	1.976989e-08	8.367000e-01	3.329235e-26
29	41953.802782	1.982546e-08	7.746000e-01	7.028474e-25
29	811.102946	1.938641e-08	9.333000e-01	9.847677e-27
29	345.679691	1.908337e-08	9.494000e-01	8.618028e-28
29	280.108997	2.432667e-08	9.678000e-01	8.928676e-12
29	23675.747337	1.979533e-08	8.137000e-01	3.014768e-26
29	35834.321609	1.981786e-08	7.861000e-01	1.245955e-25
29	280.362315	2.126518e-08	9.632000e-01	5.017868e-12
29	7259.127302	1.970623e-08	8.735000e-01	1.522857e-26
29	28333.895262	1.980557e-08	8.022000e-01	1.369291e-25
29	4383.373900	1.965434e-08	8.919000e-01	1.883972e-26
29	12179.166340	1.975028e-08	8.505000e-01	2.672555e-26
29	916.388841	1.941329e-08	9.310000e-01	2.947075e-27
29	284.087613	1.882531e-08	9.563000e-01	1.726853e-26
29	46046.961774	2.033532e-08	7.815000e-01	1.000000e-08
29	7681.954507	1.971148e-08	8.712000e-01	3.654975e-27
29	28333.897209	1.980557e-08	8.022000e-01	2.286501e-25
29	15256.876863	1.976689e-08	8.390000e-01	9.992576e-27
29	8572.153687	1.972133e-08	8.666000e-01	3.908222e-26
29	2776.617889	1.959843e-08	9.057000e-01	4.476438e-27
29	15925.830520	1.976989e-08	8.367000e-01	4.762794e-27
29	815.601406	1.989652e-11	9.126000e-01	1.989638e-11
29	488.356094	1.924548e-08	9.425000e-01	1.395724e-27
29	12759.969286	1.975383e-08	8.482000e-01	4.520348e-26
29	10536.950391	1.973880e-08	8.574000e-01	3.438834e-27
29	15256.876782	1.976689e-08	8.390000e-01	7.511521e-27
29	2337.939245	1.957484e-08	9.103000e-01	3.227598e-27
29	4084.258951	1.964628e-08	8.942000e-01	8.087753e-27
29	21140.178106	1.978847e-08	8.206000e-01	5.098703e-26
29	31402.813534	1.981110e-08	7.953000e-01	1.164259e-26
29	12759.969370	1.975383e-08	8.482000e-01	2.621638e-26
29	815.601406	1.989648e-11	8.758000e-01	1.989638e-11
29	4695.447925	1.966199e-08	8.896000e-01	8.238695e-27
29	21140.178538	1.978847e-08	8.206000e-01	1.188678e-25
29	811.103012	1.938641e-08	9.333000e-01	1.923055e-27
29	44592.441418	1.982826e-08	7.700000e-01	1.800031e-19
29	280.213074	2.269187e-08	9.655000e-01	7.057598e-12
29	21140.178495	1.978847e-08	8.206000e-01	1.280605e-25
29	280.253977	1.155919e-07	9.931000e-01	1.943724e-11
29	19552.568736	1.978356e-08	8.252000e-01	1.746727e-26
29	18044.355204	1.977834e-08	8.298000e-01	2.076735e-26
29	384.048832	1.914506e-08	9.471000e-01	7.729756e-27
29	280.010064	3.419182e-08	9.770000e-01	1.480042e-11
29	279.999580	3.104557e-08	9.747000e-01	1.356709e-11
29	21140.177974	1.978847e-08	8.206000e-01	9.775803e-26
29	16613.210697	1.977280e-08	8.344000e-01	5.859731e-27
29	809.683297	8.215503e-10	9.816000e-01	1.235509e-25
29	33568.828965	1.981456e-08	7.907000e-01	1.092666e-25
29	815.601406	1.989653e-11	9.356000e-01	1.989640e-11
29	27357.506918	1.980363e-08	8.045000e-01	1.146403e-25
29	8119.557311	1.971651e-08	8.689000e-01	3.181449e-26
29	29333.340973	1.980746e-08	7.999000e-01	7.368184e-25
29	19552.568623	1.978356e-08	8.252000e-01	1.129318e-26
29	30356.196004	1.980930e-08	7.976000e-01	9.902584e-26
29	280.225848	8.641947e-08	9.908000e-01	1.917593e-11
29	280.225848	8.641945e-08	9.908000e-01	1.917593e-11
29	39425.879426	1.982252e-08	7.792000e-01	1.773761e-25
29	35834.321840	1.981786e-08	7.861000e-01	5.041046e-25
29	815.601406	1.989643e-11	8.988000e-01	1.989642e-11
29	280.069290	4.286352e-08	9.816000e-01	1.681984e-11
29	630.335316	1.932373e-08	9.379000e-01	2.266829e-29
29	18788.685029	1.978099e-08	8.275000e-01	7.395053e-26
29	1031.803192	1.943774e-08	9.287000e-01	4.975204e-27
29	9039.964970	1.972596e-08	8.643000e-01	4.385495e-26
29	284.087612	1.882531e-08	9.563000e-01	2.114388e-26
29	39425.879757	1.982252e-08	7.792000e-01	4.002531e-25
29	19552.568727	1.978356e-08	8.252000e-01	9.019724e-27
29	431.562288	1.919859e-08	9.448000e-01	1.672525e-28
29	30356.191067	1.980930e-08	7.976000e-01	1.811424e-25
29	280.069290	4.286351e-08	9.816000e-01	1.681984e-11
29	815.601406	1.989644e-11	8.827000e-01	1.989642e-11
29	10536.950369	1.973880e-08	8.574000e-01	2.131471e-26
29	3797.915723	1.963777e-08	8.965000e-01	8.015150e-27
29	44592.440874	1.982826e-08	7.700000e-01	2.987667e-19
29	815.601406	1.989645e-11	8.850000e-01	1.989641e-11
29	280.008671	2.842808e-08	9.724000e-01	1.217978e-11
29	280.190412	6.896754e-08	9.885000e-01	1.878753e-11
29	1440.306460	1.949940e-08	9.218000e-01	7.565101e-28
29	29333.337012	1.980746e-08	7.999000e-01	4.979843e-26
29	11615.225962	1.974659e-08	8.528000e-01	4.499069e-26
29	30356.192100	1.980930e-08	7.976000e-01	7.870877e-26
29	37005.340955	1.981945e-08	7.838000e-01	1.831882e-25
29	27357.503583	1.980363e-08	8.045000e-01	5.046533e-26
29	31402.818924	1.981110e-08	7.953000e-01	1.375089e-25
29	280.225848	8.641946e-08	9.908000e-01	1.917593e-11
29	5359.234145	1.967617e-08	8.850000e-01	1.854490e-26
29	34688.952540	1.981623e-08	7.884000e-01	9.885241e-26
29	2776.617730	1.959843e-08	9.057000e-01	1.575610e-26
29	1440.306509	1.949940e-08	9.218000e-01	9.902636e-27
29	20336.300028	1.978605e-08	8.229000e-01	3.121398e-26
29	7259.126858	1.970623e-08	8.735000e-01	5.408318e-27
29	280.362315	2.126518e-08	9.632000e-01	5.017868e-12
29	280.249844	3.561012e-07	9.977001e-01	1.959490e-11
29	2135.992206	1.956182e-08	9.126000e-01	8.908599e-27
29	27357.503734	1.980363e-08	8.045000e-01	1.574932e-25
29	12759.969094	1.975383e-08	8.482000e-01	1.999277e-26
29	34688.952550	1.981623e-08	7.884000e-01	2.321142e-25
29	5020.670345	1.966925e-08	8.873000e-01	7.230826e-27
29	26403.835620	1.980164e-08	8.068000e-01	2.819839e-26
29	4695.448049	1.966198e-08	8.896000e-01	2.098962e-27
29	3524.160014	1.962877e-08	8.988000e-01	8.082283e-27
29	384.048811	1.914506e-08	9.471000e-01	1.329933e-27
29	27357.507960	1.980363e-08	8.045000e-01	6.539727e-26
29	33568.828770	1.981456e-08	7.907000e-01	1.067279e-26
29	11067.901471	1.974277e-08	8.551000e-01	9.755962e-27
29	280.270112	1.743429e-07	9.954000e-01	1.957553e-11
29	805.098210	1.446977e-09	9.862000e-01	1.154597e-25
29	18788.684950	1.978099e-08	8.275000e-01	2.485038e-26
29	24563.291729	1.979749e-08	8.114000e-01	8.409395e-26
29	279.999580	3.104557e-08	9.747000e-01	1.356709e-11
29	815.601406	1.989651e-11	9.195000e-01	1.989639e-11
29	28333.894742	1.980557e-08	8.022000e-01	1.467086e-25
29	3524.160057	1.962877e-08	8.988000e-01	1.887248e-26
29	20336.300268	1.978605e-08	8.229000e-01	1.218192e-26
29	13973.168873	1.976058e-08	8.436000e-01	8.055353e-26
29	41953.801486	1.982546e-08	7.746000e-01	4.566144e-25
29	1945.417545	1.954788e-08	9.149000e-01	1.491644e-26
29	11067.901474	1.974277e-08	8.551000e-01	1.038379e-26
29	21140.178594	1.978847e-08	8.206000e-01	5.844797e-26
29	4084.259005	1.964627e-08	8.942000e-01	1.075886e-27
29	431.562269	1.919859e-08	9.448000e-01	3.482504e-27
29	39425.882147	1.982252e-08	7.792000e-01	1.896408e-25
29	13973.168884	1.976058e-08	8.436000e-01	1.010669e-26
29	6456.945021	1.969502e-08	8.781000e-01	1.164669e-27
29	40676.210747	1.982401e-08	7.769000e-01	1.451963e-25
29	34688.952529	1.981623e-08	7.884000e-01	2.361459e-25
29	10536.950284	1.973881e-08	8.574000e-01	2.981358e-26
29	40676.212430	1.982401e-08	7.769000e-01	2.773302e-25
29	7259.127033	1.970623e-08	8.735000e-01	3.845006e-27
29	24563.291504	1.979749e-08	8.114000e-01	9.427771e-27
29	815.601406	1.989645e-11	8.344000e-01	1.989638e-11
29	815.611288	1.028188e-10	9.402000e-01	8.209494e-23
29	431.562282	1.919859e-08	9.448000e-01	9.654607e-28
29	18044.355150	1.977834e-08	8.298000e-01	6.520584e-26
29	280.564038	2.000999e-08	9.609000e-01	2.805599e-12
29	280.270112	1.743429e-07	9.954000e-01	1.957553e-11
29	30356.190401	1.980930e-08	7.976000e-01	3.750692e-26
29	46046.961224	2.033532e-08	7.815000e-01	1.000000e-08
29	280.213074	2.269187e-08	9.655000e-01	7.057597e-12
29	4695.447929	1.966199e-08	8.896000e-01	6.974611e-27
29	815.601406	1.989649e-11	8.620000e-01	1.989636e-11
29	46046.961734	2.033532e-08	7.815000e-01	1.000000e-08
29	280.010064	3.419182e-08	9.770000e-01	1.480042e-11
29	13973.169083	1.976058e-08	8.436000e-01	1.671322e-26
29	811.103038	1.938641e-08	9.333000e-01	1.094377e-26
29	21140.178283	1.978847e-08	8.206000e-01	6.288588e-26
29	280.362315	2.126518e-08	9.632000e-01	5.017868e-12
29	280.034879	3.804301e-08	9.793000e-01	1.588343e-11
29	30356.191645	1.980930e-08	7.976000e-01	7.553342e-25
29	280.270112	1.743429e-07	9.954000e-01	1.957553e-11
29	815.601406	1.989645e-11	9.103000e-01	1.989642e-11
29	280.150532	5.735354e-08	9.862000e-01	1.826802e-11
29	10022.133390	1.973469e-08	8.597000e-01	1.814844e-26
29	18044.355189	1.977834e-08	8.298000e-01	1.290864e-26
29	3524.159951	1.962877e-08	8.988000e-01	1.241936e-27
29	27357.509966	1.980363e-08	8.045000e-01	7.385236e-27
29	44592.441715	1.982826e-08	7.700000e-01	3.359097e-19
29	90173.834351	3.771902e-08	9.793000e-01	1.000000e-08
29	19552.568622	1.978356e-08	8.252000e-01	3.386622e-26
29	280.190412	6.896755e-08	9.885000e-01	1.878754e-11
29	25472.536953	1.979959e-08	8.091000e-01	1.841109e-26
29	715.799827	1.935671e-08	9.356000e-01	2.804024e-27
29	280.253977	1.155919e-07	9.931000e-01	1.943724e-11
29	815.601406	1.989644e-11	8.321000e-01	1.989640e-11
29	27357.508301	1.980363e-08	8.045000e-01	6.368260e-26
29	815.601406	1.989648e-11	8.643000e-01	1.989637e-11
29	18044.355138	1.977834e-08	8.298000e-01	3.079828e-26
29	488.356102	1.924548e-08	9.425000e-01	1.113416e-27
29	5020.670358	1.966925e-08	8.873000e-01	7.568289e-28
29	815.601406	1.989644e-11	8.436000e-01	1.989641e-11
29	488.356120	1.924548e-08	9.425000e-01	2.088126e-26
29	316.319745	1.901151e-08	9.517000e-01	1.104356e-26
29	715.799758	1.935671e-08	9.356000e-01	2.590352e-27
29	46046.961955	2.033532e-08	7.815000e-01	1.000000e-08
29	815.601406	1.989649e-11	9.011000e-01	1.989639e-11
29	280.150532	5.735354e-08	9.862000e-01	1.826802e-11
29	37005.341152	1.981945e-08	7.838000e-01	1.280584e-25
29	32473.569849	1.981285e-08	7.930000e-01	1.856489e-25
29	1440.306384	1.949940e-08	9.218000e-01	2.730693e-27
29	37005.340877	1.981945e-08	7.838000e-01	7.790797e-26
29	815.601406	1.989645e-11	8.712000e-01	1.989640e-11
29	19552.568689	1.978356e-08	8.252000e-01	2.813017e-26
29	22809.591676	1.979310e-08	8.160000e-01	6.560009e-27
29	28333.896953	1.980557e-08	8.022000e-01	8.214424e-26
29	12179.166132	1.975028e-08	8.505000e-01	2.113241e-26
29	10022.133212	1.973469e-08	8.597000e-01	5.336559e-26
29	1440.306454	1.949940e-08	9.218000e-01	4.100442e-26
29	7259.127262	1.970623e-08	8.735000e-01	8.867640e-27
29	280.362315	2.126518e-08	9.632000e-01	5.017869e-12
29	815.601406	1.989658e-11	9.218000e-01	1.989637e-11
29	815.605319	3.224851e-11	8.459000e-01	9.190158e-13
29	44592.441957	1.982826e-08	7.700000e-01	5.285970e-19
29	2776.617714	1.959843e-08	9.057000e-01	4.111081e-27
29	37005.341983	1.981945e-08	7.838000e-01	8.056550e-26
29	279.999580	3.104557e-08	9.747000e-01	1.356709e-11
29	815.601406	1.989646e-11	8.459000e-01	1.989637e-11
29	280.249844	3.561012e-07	9.977001e-01	1.959490e-11
29	24563.292068	1.979749e-08	8.114000e-01	5.996928e-26
29	20336.299707	1.978605e-08	8.229000e-01	3.239891e-26
29	1597.734599	1.951680e-08	9.195000e-01	6.343495e-27
29	33568.828714	1.981456e-08	7.907000e-01	3.602485e-26
29	11615.225772	1.974659e-08	8.528000e-01	1.239790e-26
29	24563.291785	1.979749e-08	8.114000e-01	3.569391e-26
29	815.601406	1.989647e-11	8.758000e-01	1.989638e-11
29	280.008671	2.842808e-08	9.724000e-01	1.217978e-11
29	280.109078	4.906911e-08	9.839000e-01	1.761343e-11
29	18044.355519	1.977834e-08	8.298000e-01	3.146087e-26
29	46046.961264	2.033532e-08	7.815000e-01	1.000000e-08
29	815.601406	1.989645e-11	8.114000e-01	1.989634e-11
29	280.010064	3.419182e-08	9.770000e-01	1.480042e-11
29	15925.830764	1.976989e-08	8.367000e-01	3.747037e-26
29	40676.213107	1.982401e-08	7.769000e-01	3.002443e-25
29	15256.876854	1.976689e-08	8.390000e-01	9.369626e-26
29	10536.950335	1.973881e-08	8.574000e-01	6.724491e-28
29	2551.425103	1.958701e-08	9.080000e-01	1.773333e-26
29	33568.829132	1.981456e-08	7.907000e-01	1.506380e-25
29	21964.506090	1.979082e-08	8.183000e-01	1.111094e-26
29	280.225848	8.641945e-08	9.908000e-01	1.917593e-11
29	24563.291540	1.979749e-08	8.114000e-01	1.282485e-25
29	431.562288	1.919859e-08	9.448000e-01	4.009881e-27
29	46046.961924	2.033532e-08	7.815000e-01	1.000000e-08
29	3797.915760	1.963777e-08	8.965000e-01	1.375226e-27
29	280.249844	3.561013e-07	9.977001e-01	1.959490e-11
29	1597.734665	1.951680e-08	9.195000e-01	8.520247e-27
29	29333.338063	1.980746e-08	7.999000e-01	4.618122e-26
29	21140.178011	1.978847e-08	8.206000e-01	2.663379e-26
29	11615.225914	1.974659e-08	8.528000e-01	1.390860e-26
29	3013.688495	1.960916e-08	9.034000e-01	3.262369e-27
29	815.269508	1.918650e-10	9.609000e-01	7.017352e-25
29	39425.880992	1.982252e-08	7.792000e-01	7.834805e-25
29	39425.880373	1.982252e-08	7.792000e-01	2.440131e-25
29	41953.799931	1.982546e-08	7.746000e-01	7.070068e-25
29	280.564038	2.000999e-08	9.609000e-01	2.805599e-12
29	-1.000000	-1.000000e+00	-1.000000e+00	-1.000000e+00
29	815.601406	1.989644e-11	8.528000e-01	1.989641e-11
29	-1.000000	-1.000000e+00	-1.000000e+00	-1.000000e+00
29	280.249844	3.561013e-07	9.977001e-01	1.959490e-11
29	815.601406	1.989648e-11	8.689000e-01	1.989637e-11
29	4383.374114	1.965434e-08	8.919000e-01	4.796801e-27
29	39425.881032	1.982252e-08	7.792000e-01	1.000187e-25
29	815.601406	1.989648e-11	9.287000e-01	1.989641e-11
29	7259.127051	1.970623e-08	8.735000e-01	1.321677e-26
29	280.010064	3.419182e-08	9.770000e-01	1.480042e-11
29	18044.355302	1.977834e-08	8.298000e-01	3.174541e-26
29	280.190412	6.896754e-08	9.885000e-01	1.878753e-11
29	6850.861304	1.970075e-08	8.758000e-01	1.046317e-26
29	280.825780	1.889779e-08	9.586000e-01	4.166692e-13
29	20336.299817	1.978605e-08	8.229000e-01	6.556515e-26
29	25472.536513	1.979959e-08	8.091000e-01	1.571745e-26
29	280.069290	4.286351e-08	9.816000e-01	1.681984e-11
29	295.834147	1.892675e-08	9.540000e-01	7.460960e-27
29	815.507532	1.477749e-10	9.540000e-01	8.423813e-25
29	10022.133377	1.973469e-08	8.597000e-01	1.491368e-26
29	488.356097	1.924548e-08	9.425000e-01	2.873067e-27
29	29333.338761	1.980746e-08	7.999000e-01	3.201416e-26
29	815.601406	1.989651e-11	9.080000e-01	1.989638e-11
29	815.584983	1.210229e-10	9.471000e-01	2.975519e-24
29	10022.133377	1.973469e-08	8.597000e-01	1.549988e-26
29	3524.160050	1.962877e-08	8.988000e-01	9.600728e-27
29	1293.610901	1.948055e-08	9.241000e-01	1.032364e-26
29	39425.879385	1.982252e-08	7.792000e-01	3.170984e-25
29	4695.447950	1.966198e-08	8.896000e-01	2.402455e-26
29	815.507532	1.477749e-10	9.540000e-01	1.816088e-24
29	431.562280	1.919859e-08	9.448000e-01	6.619679e-27
29	21964.505733	1.979082e-08	8.183000e-01	3.028143e-26
29	32473.569885	1.981285e-08	7.930000e-01	8.357801e-26
29	7259.127139	1.970623e-08	8.735000e-01	3.012744e-26
29	8572.153876	1.972133e-08	8.666000e-01	1.052191e-26
29	280.010064	3.419182e-08	9.770000e-01	1.480042e-11
29	3262.810436	1.961925e-08	9.011000e-01	1.424420e-27
29	35834.322266	1.981786e-08	7.861000e-01	1.959528e-25
29	44592.441679	1.982826e-08	7.700000e-01	5.239124e-19
29	8119.557373	1.971651e-08	8.689000e-01	3.031502e-27
29	22809.591401	1.979310e-08	8.160000e-01	2.224775e-26
29	10536.950492	1.973880e-08	8.574000e-01	2.114696e-26
29	5711.335209	1.968275e-08	8.827000e-01	4.385487e-27
29	280.008671	2.842808e-08	9.724000e-01	1.217978e-11
29	21964.505864	1.979082e-08	8.183000e-01	1.210174e-26
29	34688.952599	1.981623e-08	7.884000e-01	1.302909e-25
29	5020.670495	1.966925e-08	8.873000e-01	1.091127e-26
29	3797.915588	1.963777e-08	8.965000e-01	2.477004e-26
29	815.380685	1.742567e-10	9.586000e-01	6.224694e-25
29	25472.540047	1.979959e-08	8.091000e-01	9.516219e-26
29	3524.159943	1.962877e-08	8.988000e-01	1.777591e-26
29	2337.939377	1.957484e-08	9.103000e-01	1.792365e-26
29	7259.127296	1.970623e-08	8.735000e-01	4.079466e-26
29	4383.373875	1.965434e-08	8.919000e-01	3.002272e-27
29	17319.292225	1.977561e-08	8.321000e-01	1.305482e-26
29	280.213074	2.269187e-08	9.655000e-01	7.057597e-12
29	815.601406	1.998609e-11	8.045000e-01	1.950531e-11
29	8119.557551	1.971651e-08	8.689000e-01	2.186546e-26
29	25472.541581	1.979959e-08	8.091000e-01	1.156378e-25
29	23675.747388	1.979533e-08	8.137000e-01	3.648080e-26
29	280.109078	4.906911e-08	9.839000e-01	1.761343e-11
29	3013.688421	1.960916e-08	9.034000e-01	1.648615e-26
29	630.335391	1.932373e-08	9.379000e-01	3.058527e-27
29	280.270112	1.743428e-07	9.954000e-01	1.957553e-11
29	5020.670420	1.966925e-08	8.873000e-01	2.162902e-26
29	2337.939251	1.957484e-08	9.103000e-01	1.610542e-27
29	22809.591340	1.979310e-08	8.160000e-01	1.413073e-25
29	1157.493851	1.946007e-08	9.264000e-01	7.484689e-27
29	280.270112	1.743428e-07	9.954000e-01	1.957553e-11
29	15256.876971	1.976689e-08	8.390000e-01	1.611771e-26
29	27357.504716	1.980363e-08	8.045000e-01	8.394335e-26
29	1293.610988	1.948055e-08	9.241000e-01	1.916190e-27
29	3797.915841	1.963777e-08	8.965000e-01	7.044804e-27
29	12179.166399	1.975028e-08	8.505000e-01	9.444237e-29
29	23675.747172	1.979533e-08	8.137000e-01	1.230129e-25
29	7259.127250	1.970623e-08	8.735000e-01	2.545111e-26
29	19552.568589	1.978356e-08	8.252000e-01	4.925675e-26
29	40676.214454	1.982401e-08	7.769000e-01	9.992257e-25
29	3524.160054	1.962877e-08	8.988000e-01	2.057411e-28
29	815.584983	1.210229e-10	9.471000e-01	1.487480e-23
29	815.601406	1.989648e-11	9.080000e-01	1.989640e-11
29	37005.341351	1.981945e-08	7.838000e-01	9.643389e-26
29	25472.536343	1.979959e-08	8.091000e-01	6.989668e-26
29	316.319747	1.901151e-08	9.517000e-01	1.143638e-26
29	9523.215546	1.973041e-08	8.620000e-01	3.814883e-27
29	431.562257	1.919859e-08	9.448000e-01	3.587846e-28
29	32473.569832	1.981285e-08	7.930000e-01	3.656712e-26
29	15256.877161	1.976689e-08	8.390000e-01	4.273826e-26
29	29333.337512	1.980746e-08	7.999000e-01	3.713325e-26
29	815.601406	1.989650e-11	8.988000e-01	1.989638e-11
29	2135.992209	1.956182e-08	9.126000e-01	1.098259e-26
29	5711.335174	1.968275e-08	8.827000e-01	4.910587e-26
29	280.150532	5.735354e-08	9.862000e-01	1.826802e-11
29	9523.215228	1.973041e-08	8.620000e-01	3.845804e-26
29	25472.537641	1.979959e-08	8.091000e-01	1.988902e-26
29	-1.000000	-1.000000e+00	-1.000000e+00	-1.000000e+00
29	12179.166249	1.975028e-08	8.505000e-01	3.293305e-26
29	31402.813162	1.981110e-08	7.953000e-01	1.136622e-25
29	10022.133429	1.973469e-08	8.597000e-01	2.617656e-26
29	24563.291558	1.979749e-08	8.114000e-01	2.623857e-26
29	12179.166168	1.975028e-08	8.505000e-01	7.636815e-27
29	12759.969197	1.975383e-08	8.482000e-01	9.194364e-26
29	9039.964910	1.972596e-08	8.643000e-01	2.697812e-26
29	15256.876846	1.976689e-08	8.390000e-01	2.591630e-26
29	6077.171373	1.968903e-08	8.804000e-01	7.996382e-27
29	34688.952606	1.981623e-08	7.884000e-01	1.085249e-25
29	24563.291688	1.979749e-08	8.114000e-01	1.813657e-25
29	815.601406	1.989644e-11	9.080000e-01	1.989642e-11
29	280.270112	1.743429e-07	9.954000e-01	1.957553e-11
29	815.601406	1.989647e-11	8.528000e-01	1.989636e-11
29	1597.734699	1.951680e-08	9.195000e-01	5.343097e-27
29	8119.557424	1.971651e-08	8.689000e-01	2.223125e-26
29	27357.509548	1.980363e-08	8.045000e-01	9.551425e-27
29	25472.541229	1.979959e-08	8.091000e-01	1.512225e-25
29	1440.306396	1.949940e-08	9.218000e-01	2.106291e-27
29	815.601406	1.989649e-11	8.781000e-01	1.989637e-11
29	16613.210811	1.977280e-08	8.344000e-01	2.745889e-26
29	44592.449004	1.982826e-08	7.700000e-01	9.912732e-09
29	554.567573	1.928689e-08	9.402000e-01	2.378288e-28
29	5020.670651	1.966925e-08	8.873000e-01	1.167576e-26
29	2135.992196	1.956182e-08	9.126000e-01	3.335900e-27
29	21964.505956	1.979082e-08	8.183000e-01	4.620491e-27
29	25472.539607	1.979959e-08	8.091000e-01	8.532886e-27
29	15925.830736	1.976989e-08	8.367000e-01	6.827503e-26
29	815.601406	1.989648e-11	8.712000e-01	1.989638e-11
29	44592.443774	1.982826e-08	7.700000e-01	1.380253e-19
29	9039.965219	1.972596e-08	8.643000e-01	1.676389e-26
29	3524.160089	1.962877e-08	8.988000e-01	5.429936e-27
29	808.119371	1.041892e-09	9.839000e-01	1.089865e-26
29	43259.067792	1.982688e-08	7.723000e-01	1.043383e-24
29	46046.961234	2.033532e-08	7.815000e-01	1.000000e-08
29	18044.355363	1.977834e-08	8.298000e-01	6.483682e-26
29	279.999580	3.104557e-08	9.747000e-01	1.356709e-11
29	345.679692	1.908337e-08	9.494000e-01	7.941827e-27
29	10022.133409	1.973469e-08	8.597000e-01	5.585554e-27
29	815.601406	1.989648e-11	8.482000e-01	1.989635e-11
29	29333.340510	1.980746e-08	7.999000e-01	5.777210e-26
29	3524.160135	1.962877e-08	8.988000e-01	4.246424e-27
29	815.601406	1.989648e-11	8.390000e-01	1.989634e-11
29	37005.339103	1.981945e-08	7.838000e-01	1.410640e-25
29	4383.374176	1.965434e-08	8.919000e-01	4.822431e-27
29	14606.078754	1.976379e-08	8.413000e-01	4.528720e-26
29	35834.323499	1.981786e-08	7.861000e-01	1.490518e-25
29	715.799784	1.935671e-08	9.356000e-01	1.174292e-26
29	8572.154011	1.972133e-08	8.666000e-01	1.548847e-26
29	1031.803119	1.943774e-08	9.287000e-01	6.543067e-27
29	280.564038	2.000999e-08	9.609000e-01	2.805600e-12
29	2551.425004	1.958701e-08	9.080000e-01	1.240411e-26
29	27357.503433	1.980363e-08	8.045000e-01	1.109457e-25
29	815.380685	1.742567e-10	9.586000e-01	4.501221e-25
29	1766.052006	1.953292e-08	9.172000e-01	5.414271e-27
29	815.601406	1.989651e-11	9.333000e-01	1.989640e-11
29	295.834138	1.892675e-08	9.540000e-01	1.695858e-26
29	295.834146	1.892675e-08	9.540000e-01	4.692262e-27
29	280.362315	2.126518e-08	9.632000e-01	5.017869e-12
29	1766.052086	1.953292e-08	9.172000e-01	4.504114e-27
29	815.601406	1.989647e-11	9.264000e-01	1.989641e-11
29	10022.133525	1.973469e-08	8.597000e-01	1.161459e-26
29	40676.211170	1.982401e-08	7.769000e-01	1.014939e-25
29	8572.153849	1.972133e-08	8.666000e-01	4.342043e-26
29	12759.969358	1.975383e-08	8.482000e-01	5.425778e-26
29	715.799780	1.935671e-08	9.356000e-01	2.316222e-27
29	30356.191153	1.980930e-08	7.976000e-01	4.855804e-26
29	280.564038	2.000999e-08	9.609000e-01	2.805599e-12
29	280.150532	5.735354e-08	9.862000e-01	1.826802e-11
29	10022.133403	1.973469e-08	8.597000e-01	3.064322e-26
29	18044.355644	1.977834e-08	8.298000e-01	9.242783e-26
29	34688.952483	1.981623e-08	7.884000e-01	5.135198e-26
29	916.388853	1.941329e-08	9.310000e-01	4.794715e-27
29	39425.882187	1.982252e-08	7.792000e-01	2.920750e-25
29	41953.799587	1.982546e-08	7.746000e-01	2.615118e-25
29	14606.078912	1.976379e-08	8.413000e-01	1.714422e-26
29	12179.166298	1.975028e-08	8.505000e-01	2.441825e-26
29	6456.945108	1.969502e-08	8.781000e-01	1.015324e-26
29	280.564038	2.000999e-08	9.609000e-01	2.805598e-12
29	6456.945227	1.969502e-08	8.781000e-01	2.535685e-27
29	815.601406	1.989645e-11	8.643000e-01	1.989639e-11
29	280.108997	2.432667e-08	9.678000e-01	8.928676e-12
29	47597.157032	2.086823e-08	7.929999e-01	1.000000e-08
29	3524.160043	1.962877e-08	8.988000e-01	1.048518e-26
29	35834.323346	1.981786e-08	7.861000e-01	4.483526e-26
29	11067.901525	1.974277e-08	8.551000e-01	1.263262e-26
29	46046.961945	2.033532e-08	7.815000e-01	1.000000e-08
29	280.108997	2.432667e-08	9.678000e-01	8.928677e-12
29	7259.127174	1.970623e-08	8.735000e-01	2.503453e-26
29	20336.300253	1.978605e-08	8.229000e-01	3.425105e-26
29	17319.292407	1.977561e-08	8.321000e-01	1.660715e-26
29	26403.838617	1.980164e-08	8.068000e-01	5.734089e-26
29	18044.355557	1.977834e-08	8.298000e-01	1.144159e-26
29	316.319752	1.901151e-08	9.517000e-01	2.231605e-27
29	8572.153721	1.972133e-08	8.666000e-01	5.972764e-27
29	814.501797	2.780063e-10	9.678000e-01	3.411440e-25
29	19552.568822	1.978356e-08	8.252000e-01	1.381387e-26
29	17319.292177	1.977561e-08	8.321000e-01	2.705660e-26
29	1157.493942	1.946007e-08	9.264000e-01	7.377049e-27
29	280.043074	2.621747e-08	9.701000e-01	1.063485e-11
29	815.601406	1.989648e-11	8.988000e-01	1.989639e-11
29	13973.169131	1.976058e-08	8.436000e-01	4.550106e-26
29	1440.306515	1.949940e-08	9.218000e-01	1.211209e-26
29	5020.670491	1.966925e-08	8.873000e-01	3.206346e-26
29	280.253977	1.155919e-07	9.931000e-01	1.943724e-11
29	280.249844	3.561011e-07	9.977001e-01	1.959490e-11
29	33568.828732	1.981456e-08	7.907000e-01	2.746848e-25
29	554.567571	1.928689e-08	9.402000e-01	4.973781e-28
29	280.010064	3.419182e-08	9.770000e-01	1.480042e-11
29	28333.896956	1.980557e-08	8.022000e-01	2.905307e-26
29	279.999580	3.104557e-08	9.747000e-01	1.356709e-11
29	280.253977	1.155919e-07	9.931000e-01	1.943724e-11
29	280.043074	2.621747e-08	9.701000e-01	1.063485e-11
29	280.108997	2.432667e-08	9.678000e-01	8.928676e-12
29	280.225848	8.641945e-08	9.908000e-01	1.917593e-11
29	815.615277	9.794842e-11	9.379000e-01	2.024584e-22
29	6456.945124	1.969502e-08	8.781000e-01	2.247553e-26
29	815.601406	1.989647e-11	9.379000e-01	1.989641e-11
29	1157.493946	1.946007e-08	9.264000e-01	6.586597e-27
29	31402.816711	1.981110e-08	7.953000e-01	3.433012e-25
29	1597.734575	1.951680e-08	9.195000e-01	1.237762e-26
29	280.249844	3.561012e-07	9.977001e-01	1.959490e-11
29	43259.068058	1.982688e-08	7.723000e-01	1.234911e-24
29	22809.591198	1.979310e-08	8.160000e-01	5.982728e-26
29	34688.952587	1.981623e-08	7.884000e-01	2.146702e-25
29	13357.885371	1.975726e-08	8.459000e-01	2.320230e-26
29	5711.335143	1.968275e-08	8.827000e-01	1.189037e-26
29	29333.341780	1.980746e-08	7.999000e-01	3.384575e-26
29	11615.225930	1.974659e-08	8.528000e-01	5.230915e-28
29	345.679690	1.908337e-08	9.494000e-01	9.383266e-27
29	16613.210600	1.977280e-08	8.344000e-01	3.652554e-26
29	17319.292142	1.977561e-08	8.321000e-01	2.427461e-26
29	815.597038	1.142445e-10	9.448000e-01	6.905110e-24
29	431.562276	1.919859e-08	9.448000e-01	7.377281e-27
29	41953.802737	1.982546e-08	7.746000e-01	2.147345e-25
29	1597.734658	1.951680e-08	9.195000e-01	1.162845e-26
29	12759.969319	1.975383e-08	8.482000e-01	1.295029e-26
29	31402.811516	1.981110e-08	7.953000e-01	1.723399e-26
29	28333.895361	1.980557e-08	8.022000e-01	2.049899e-26
29	280.253977	1.155919e-07	9.931000e-01	1.943724e-11
29	316.319753	1.901151e-08	9.517000e-01	3.135693e-27
29	813.360545	3.850598e-10	9.724000e-01	1.249131e-25
29	26403.832987	1.980164e-08	8.068000e-01	2.386972e-26
29	1440.306475	1.949940e-08	9.218000e-01	2.743957e-27
29	21140.178024	1.978847e-08	8.206000e-01	3.525468e-26
29	280.034879	3.804301e-08	9.793000e-01	1.588343e-11
29	5359.234464	1.967617e-08	8.850000e-01	8.652882e-27
29	20336.299649	1.978605e-08	8.229000e-01	8.054375e-26
29	815.601406	1.989645e-11	8.873000e-01	1.989641e-11
29	31402.815296	1.981110e-08	7.953000e-01	3.465881e-26
29	39425.882763	1.982252e-08	7.792000e-01	6.020208e-25
29	280.225848	8.641947e-08	9.908000e-01	1.917593e-11
29	25472.536797	1.979959e-08	8.091000e-01	2.840872e-26
29	37005.341192	1.981945e-08	7.838000e-01	2.884032e-25
29	43259.067217	1.982688e-08	7.723000e-01	2.422573e-24
29	33568.828757	1.981456e-08	7.907000e-01	4.950232e-26
29	8119.557563	1.971651e-08	8.689000e-01	1.429085e-26
29	34688.952537	1.981623e-08	7.884000e-01	2.433998e-25
29	5711.335001	1.968275e-08	8.827000e-01	1.017638e-26
29	280.008671	2.842808e-08	9.724000e-01	1.217978e-11
29	1440.306501	1.949940e-08	9.218000e-01	2.058610e-26
29	3797.915808	1.963777e-08	8.965000e-01	1.788170e-26
29	815.601406	1.989650e-11	9.126000e-01	1.989639e-11
29	815.601406	1.989649e-11	8.804000e-01	1.989637e-11
29	815.606677	3.535598e-11	8.551000e-01	3.685146e-14
29	280.564038	2.000999e-08	9.609000e-01	2.805599e-12
29	815.601406	1.989644e-11	8.505000e-01	1.989641e-11
29	630.335375	1.932373e-08	9.379000e-01	8.659871e-27
29	20336.299818	1.978605e-08	8.229000e-01	9.012673e-26
29	280.010064	3.419182e-08	9.770000e-01	1.480042e-11
29	316.319755	1.901151e-08	9.517000e-01	1.369744e-27
29	24563.291663	1.979749e-08	8.114000e-01	1.385468e-25
29	916.388826	1.941329e-08	9.310000e-01	2.797908e-27
29	1031.803116	1.943774e-08	9.287000e-01	1.898939e-26
29	15256.876763	1.976689e-08	8.390000e-01	3.345050e-26
29	1766.052038	1.953292e-08	9.172000e-01	1.839825e-27
29	13973.169045	1.976058e-08	8.436000e-01	2.638459e-26
29	-1.000000	-1.000000e+00	-1.000000e+00	-1.000000e+00
29	39425.879469	1.982252e-08	7.792000e-01	3.850508e-25
29	3797.915674	1.963777e-08	8.965000e-01	4.974937e-27
29	279.999580	3.104557e-08	9.747000e-01	1.356709e-11
29	280.270112	1.743429e-07	9.954000e-01	1.957553e-11
29	20336.299722	1.978605e-08	8.229000e-01	5.584163e-26
29	1597.734675	1.951680e-08	9.195000e-01	1.722612e-27
29	23675.746907	1.979533e-08	8.137000e-01	4.019332e-26
29	279.999580	3.104557e-08	9.747000e-01	1.356709e-11
29	6077.171494	1.968903e-08	8.804000e-01	3.374948e-26
29	24563.291805	1.979749e-08	8.114000e-01	1.079759e-26
29	17319.291853	1.977561e-08	8.321000e-01	1.012797e-26
29	280.010064	3.419182e-08	9.770000e-01	1.480042e-11
29	10022.133422	1.973469e-08	8.597000e-01	6.602355e-27
29	16613.210577	1.977280e-08	8.344000e-01	4.607564e-26
29	815.601406	1.989657e-11	8.850000e-01	1.989632e-11
29	1766.052063	1.953292e-08	9.172000e-01	3.522397e-27
29	24563.291831	1.979749e-08	8.114000e-01	1.087792e-25
29	1157.493855	1.946007e-08	9.264000e-01	9.476507e-27
29	815.601406	1.989646e-11	9.103000e-01	1.989641e-11
29	43259.067350	1.982688e-08	7.723000e-01	1.204942e-24
29	809.683297	8.215503e-10	9.816000e-01	1.996185e-25
29	815.601406	1.989647e-11	8.183000e-01	1.989630e-11
29	815.601406	1.989645e-11	8.137000e-01	1.989636e-11
29	280.253977	1.155919e-07	9.931000e-01	1.943724e-11
29	-1.000000	-1.000000e+00	-1.000000e+00	-1.000000e+00
29	4084.258882	1.964627e-08	8.942000e-01	1.767176e-26
29	30356.194004	1.980930e-08	7.976000e-01	1.599065e-26
29	815.567749	1.287155e-10	9.494000e-01	5.183601e-24
29	813.360544	3.850598e-10	9.724000e-01	2.479845e-25
29	431.562268	1.919859e-08	9.448000e-01	1.001073e-27
29	815.601406	1.989645e-11	8.574000e-01	1.989640e-11
29	12179.166331	1.975028e-08	8.505000e-01	5.519489e-26
29	345.679705	1.908337e-08	9.494000e-01	1.550662e-26
29	2337.939320	1.957484e-08	9.103000e-01	7.749116e-27
29	4084.258974	1.964627e-08	8.942000e-01	2.645946e-27
29	1031.803168	1.943774e-08	9.287000e-01	7.948917e-27
29	34688.952497	1.981623e-08	7.884000e-01	1.343957e-25
29	488.356101	1.924548e-08	9.425000e-01	1.592781e-26
29	384.048827	1.914506e-08	9.471000e-01	1.476809e-27
29	1031.803195	1.943774e-08	9.287000e-01	7.762332e-27
29	-1.000000	-1.000000e+00	-1.000000e+00	-1.000000e+00
29	815.567749	1.287155e-10	9.494000e-01	1.919485e-24
29	280.225848	8.641946e-08	9.908000e-01	1.917593e-11
29	2776.617745	1.959843e-08	9.057000e-01	7.174642e-27
29	28333.892926	1.980557e-08	8.022000e-01	6.978869e-26
29	6456.945053	1.969502e-08	8.781000e-01	9.107320e-27
29	9039.964870	1.972596e-08	8.643000e-01	2.270892e-26
29	1440.306360	1.949940e-08	9.218000e-01	5.868353e-27
29	2337.939333	1.957484e-08	9.103000e-01	4.369484e-27
29	33568.828952	1.981456e-08	7.907000e-01	1.176968e-25
29	815.601406	1.989644e-11	8.413000e-01	1.989640e-11
