0	0.040867	0.032334	0.002458
1	0.040900	0.036822	0.001653
2	0.040927	0.042344	0.001221
3	0.040950	0.041997	0.002797
4	0.040967	0.040007	0.001918
5	0.033466	0.029945	0.005715
6	0.026587	0.029258	0.009045
7	0.549835	2.873032	0.211334
8	0.560840	3.160872	0.242978
9	0.641519	1.685107	0.124659
10	0.681100	1.373266	0.128003
11	0.740059	1.154263	0.115141
12	0.795881	0.849114	0.116463
13	0.915216	0.794385	0.071912
14	0.676446	1.122533	0.175402
15	0.818289	0.534028	0.136913
16	0.881974	0.662108	0.117213
17	0.975730	0.652016	0.159670
18	1.219637	0.544577	0.191703
19	0.775968	1.173511	0.081948
20	0.957367	0.461246	0.153628
21	1.122002	0.705011	0.161998
