0	0.033704	0.034938	0.002416
1	0.034171	0.033906	0.003350
2	0.034569	0.035618	0.001069
3	0.034909	0.035399	0.012051
4	0.035161	0.028590	0.002448
5	0.028144	0.029783	0.007854
6	0.022102	0.018609	0.009305
7	1.267170	5.289833	1.024268
8	1.263938	4.818124	0.502334
9	1.247561	3.035078	0.308397
10	1.242218	2.718829	0.310177
11	1.236035	2.209286	0.389651
12	1.231514	2.424365	0.302573
13	1.224612	1.805111	0.411666
14	1.366697	2.174495	0.312524
15	1.349459	0.703619	0.211303
16	1.344529	0.971705	0.130379
17	1.339021	0.932907	0.252383
18	1.330523	0.606324	0.292058
19	1.575040	1.825538	0.139597
20	1.553557	0.968114	0.193218
21	1.542915	0.679689	0.205167
