0	0.007729	0.001530	0.004922
1	0.009138	0.004477	0.003661
2	0.010522	0.012006	0.001877
3	0.011848	0.010977	0.004308
4	0.012930	0.012441	0.003063
5	0.009292	0.009653	0.006230
6	0.007185	0.032746	0.009955
7	3.047655	6.384055	1.679040
8	2.951265	5.467576	1.156670
9	2.493531	4.784546	0.719042
10	2.352954	4.639501	0.776646
11	2.193324	3.463796	0.547092
12	2.077084	2.581881	0.392762
13	1.895010	2.019034	0.253930
14	2.855612	6.536340	1.425214
15	2.401737	2.910738	0.441712
16	2.274289	2.635689	0.328761
17	2.128871	2.162322	0.415268
18	1.877560	0.853979	0.340296
19	3.300428	7.485133	0.664431
20	2.737389	1.976631	0.324538
21	2.459702	1.056113	0.233642
