0	0.019515	0.027241	0.004582
1	0.022721	0.027539	0.002759
2	0.025800	0.027597	0.001804
3	0.028685	0.026951	0.003943
4	0.030992	0.026104	0.002749
5	0.022693	0.017372	0.004522
6	0.017659	0.013091	0.014998
7	1.105362	4.684455	0.803676
8	1.077347	3.502618	0.503295
9	0.956051	2.444252	0.263669
10	0.925746	1.831278	0.239920
11	0.898790	1.580121	0.213458
12	0.886581	1.488382	0.214514
13	0.887596	1.057664	0.137604
14	1.076700	1.237353	0.156545
15	0.985522	0.603602	0.125401
16	0.973155	0.623260	0.109724
17	0.972185	0.875226	0.163418
18	1.027289	0.372116	0.191706
19	1.241634	1.387745	0.083226
20	1.130988	0.672983	0.145527
21	1.119811	0.369983	0.137226
