0	0.010881	0.016851	0.003629
1	0.012193	0.012718	0.002563
2	0.013809	0.011019	0.001461
3	0.015574	0.017624	0.003390
4	0.017137	0.018494	0.002447
5	0.012605	0.013255	0.005437
6	0.010266	0.019788	0.007801
7	3.341589	5.683513	0.841570
8	3.197217	5.346806	0.675497
9	2.536240	3.995753	0.408487
10	2.341877	3.540242	0.425614
11	2.126431	2.789005	0.344437
12	1.973208	2.900869	0.351594
13	1.739712	2.151787	0.204821
14	2.953264	4.676102	0.708182
15	2.328155	2.592065	0.374296
16	2.160147	2.065247	0.258986
17	1.972752	1.612218	0.300739
18	1.660285	0.993535	0.273274
19	3.413036	3.935055	0.259900
20	2.639470	1.683543	0.252748
21	2.278748	1.131605	0.173629
