0	0.005901	0.018822	0.002037
1	0.009167	0.011238	0.001322
2	0.013286	0.016454	0.000691
3	0.018147	0.015893	0.001700
4	0.022813	0.015574	0.001276
5	0.013651	0.009319	0.003958
6	0.010334	0.015607	0.006105
7	8.983943	7.143782	0.531572
8	8.259094	7.658774	0.675108
9	5.307435	7.323032	0.561875
10	4.556785	5.244482	0.379196
11	3.788447	4.066967	0.280954
12	3.283286	3.695685	0.247058
13	2.580345	2.612838	0.118739
14	6.537495	10.241027	1.245352
15	4.149214	5.416026	0.456464
16	3.595427	4.246176	0.306896
17	3.022613	3.547108	0.395517
18	2.174260	1.888844	0.292473
19	7.557648	14.478073	0.953977
20	4.624973	3.719015	0.387743
21	3.492247	1.998116	0.203930
