0	0.037106	0.024280	0.003907
1	0.024902	0.020118	0.002426
2	0.018066	0.021028	0.001291
3	0.014061	0.025839	0.003651
4	0.011889	0.023231	0.003272
5	0.014896	0.013888	0.004797
6	0.015829	0.010771	0.008023
7	1.057925	3.229555	0.424776
8	1.008005	2.459937	0.327101
9	0.782577	1.693922	0.184974
10	0.717362	2.000307	0.200175
11	0.645704	1.285526	0.172082
12	0.595170	1.437450	0.185582
13	0.518891	1.120567	0.128239
14	0.915105	0.895925	0.169870
15	0.706269	0.405107	0.146744
16	0.651011	0.439317	0.123425
17	0.589859	0.393036	0.160386
18	0.489106	0.468473	0.233143
19	1.055306	0.769012	0.067664
20	0.798149	0.474954	0.145936
21	0.680531	0.439175	0.129433
