0	0.019745	0.036529	0.003570
1	0.025956	0.034733	0.001431
2	0.032629	0.037527	0.002024
3	0.039485	0.034861	0.002261
4	0.045363	0.035687	0.001750
5	0.030608	0.025883	0.007226
6	0.023553	0.031247	0.012046
7	2.881703	5.231953	0.394776
8	2.733470	4.528605	0.442035
9	2.073565	3.635588	0.219255
10	1.886004	3.018817	0.167728
11	1.682001	2.762894	0.157477
12	1.539617	2.687227	0.242745
13	1.327391	2.000071	0.099302
14	2.440726	1.874155	0.270405
15	1.838395	1.399455	0.245963
16	1.681969	1.038849	0.138754
17	1.510591	0.905039	0.229515
18	1.232915	0.829646	0.240738
19	2.818446	1.795102	0.126578
20	2.073487	0.988109	0.195787
21	1.740824	0.527128	0.209303
