0	0.028421	0.022512	0.006605
1	0.023148	0.018298	0.004350
2	0.019468	0.021993	0.002564
3	0.016827	0.019326	0.006109
4	0.015116	0.020900	0.004592
5	0.017943	0.021328	0.009682
6	0.019300	0.004693	0.008669
7	0.972512	2.249395	0.453182
8	0.939105	2.149297	0.412790
9	0.780252	1.762812	0.323571
10	0.731535	1.472565	0.312792
11	0.676347	1.217066	0.292092
12	0.636284	0.931307	0.279703
13	0.573812	0.991307	0.237162
14	0.896654	0.911012	0.276099
15	0.739864	0.626933	0.256744
16	0.696052	0.402303	0.205697
17	0.646246	0.488707	0.325897
18	0.560763	0.187594	0.411425
19	1.034409	0.669326	0.113864
20	0.840538	0.625327	0.241045
21	0.745596	1.259552	0.308127
