0	0.037706	0.035462	0.003299
1	0.035813	0.037023	0.002143
2	0.034717	0.037249	0.001447
3	0.034200	0.029183	0.003848
4	0.034085	0.030523	0.002946
5	0.033966	0.021216	0.006204
6	0.034638	0.016355	0.008572
7	1.152270	3.181598	0.261290
8	1.086835	2.734892	0.238220
9	0.800770	2.033444	0.160043
10	0.721213	1.737819	0.178352
11	0.635684	1.470966	0.188830
12	0.576655	1.175218	0.187255
13	0.489778	0.920244	0.130541
14	0.948678	0.817517	0.167650
15	0.694043	0.451271	0.140342
16	0.629339	0.394628	0.118108
17	0.559214	0.336846	0.183739
18	0.447459	0.328584	0.249657
19	1.093209	0.542687	0.072012
20	0.779258	0.290076	0.156099
21	0.642976	0.477947	0.145969
