0	-nan	0.031860	0.004006
1	-nan	0.028139	0.002730
2	-nan	0.028609	0.001438
3	-nan	0.032871	0.005132
4	-nan	0.027338	0.003934
5	-nan	0.027288	0.007651
6	-nan	0.024313	0.008274
7	-nan	2.741187	0.412631
8	-nan	2.638926	0.323232
9	-nan	1.877349	0.243328
10	-nan	-1.000000	-1.000000
11	-nan	1.658447	0.267834
12	-nan	1.370143	0.264818
13	-nan	1.141094	0.200988
14	-nan	0.695781	0.182861
15	-nan	0.612791	0.162170
16	-nan	0.454975	0.132727
17	-nan	0.570706	0.163768
18	-nan	0.548288	0.229035
19	-nan	0.799857	0.080616
20	-nan	0.638828	0.165335
21	-nan	0.562429	0.146215
