0	0.048429	0.118096	0.024274
1	0.066604	0.093522	0.008729
2	0.086805	0.092374	0.006602
3	0.108015	0.099238	0.012520
4	0.126370	0.108655	0.007571
5	0.083516	0.082844	0.015993
6	0.064238	0.085479	0.019620
7	5.335473	14.309229	7.371041
8	5.016182	22.021307	9.979545
9	3.634432	13.678816	2.776784
10	3.255218	16.178461	2.868963
11	2.850774	7.805859	1.381914
12	2.573991	9.611352	1.662536
13	2.170991	9.196541	1.137811
14	4.327114	5.262990	0.806299
15	3.111661	2.505522	0.310344
16	2.807157	2.487591	0.254309
17	2.479820	2.064120	0.348005
18	1.965618	2.159905	0.426472
19	4.994065	5.652676	0.390458
20	3.492358	2.855177	0.374258
21	2.851600	2.555647	0.325484
