0	-nan	-1.000000	-1.000000
1	-nan	-1.000000	-1.000000
2	-nan	-1.000000	-1.000000
3	-nan	-1.000000	-1.000000
4	-nan	0.114735	0.012496
5	-nan	53.271881	55.962414
6	-nan	0.063065	2.610878
7	-nan	-1.000000	-1.000000
8	-nan	-1.000000	-1.000000
9	-nan	-1.000000	-1.000000
10	-nan	-1.000000	-1.000000
11	-nan	-1.000000	-1.000000
12	-nan	-1.000000	-1.000000
13	-nan	-1.000000	-1.000000
14	-nan	-1.000000	-1.000000
15	-nan	-1.000000	-1.000000
16	-nan	100.000000	69.954018
17	-nan	74.586723	68.944328
18	-nan	-10.000000	0.000000
19	-nan	-1.000000	-1.000000
20	-nan	4.262787	12.039973
21	-nan	-1.000000	-1.000000
