0	0.011463	0.021755	0.004296
1	0.017050	0.023373	0.002843
2	0.023638	0.025751	0.001437
3	0.030790	0.020503	0.004387
4	0.037013	0.027338	0.003934
5	0.023710	0.014489	0.006041
6	0.018221	0.015455	0.008109
7	1.157398	2.473616	0.312597
8	1.074314	2.525970	0.360388
9	0.738272	1.878615	0.245305
10	0.655243	1.715205	0.261140
11	0.573548	1.631080	0.273508
12	0.523305	1.547032	0.277934
13	0.462865	1.066340	0.187765
14	0.889384	0.875804	0.183401
15	0.627469	0.467306	0.176877
16	0.572542	0.308084	0.144011
17	0.521903	0.455550	0.152050
18	0.472672	0.346534	0.232124
19	1.026074	0.721764	0.081113
20	0.704646	0.386831	0.146780
21	0.599042	0.564492	0.146044
