1	-1.000000	-1.000000	-1.000000e+00	-1.000000e+00	-1.000000e+00	-1.000000e+00	-1.000000e+00
1	0.730000	384.393265	1.000000e-05	7.700403e-01	8.374790e-10	4.155402e+04	6.350067e+03
2	0.780000	366.017143	4.738684e-16	9.538000e-01	4.379305e-20	4.148000e+04	4.343400e+04
4	0.780000	-1.000000	-1.000000e+00	-1.000000e+00	-1.000000e+00	-1.000000e+00	-1.000000e+00
5	-1.000000	-1.000000	-1.000000e+00	-1.000000e+00	-1.000000e+00	-1.000000e+00	-1.000000e+00
6	0.770000	-1.000000	-1.000000e+00	-1.000000e+00	-1.000000e+00	-1.000000e+00	-1.000000e+00
7	-1.000000	-1.000000	-1.000000e+00	-1.000000e+00	-1.000000e+00	-1.000000e+00	-1.000000e+00
7	0.830000	446.991038	9.844157e-06	8.642064e-01	4.652658e-11	5.326505e+04	1.430191e+04
8	0.780000	538.191959	1.886135e-09	9.432558e-01	1.886135e-09	5.022005e+03	4.255701e+04
9	0.730000	645.390046	8.950106e-10	9.622000e-01	7.560547e-13	8.845000e+03	1.006200e+04
10	0.710000	147.206240	1.000000e-05	7.944627e-01	7.840298e-12	2.729757e+04	1.874785e+04
12	-1.000000	-1.000000	-1.000000e+00	-1.000000e+00	-1.000000e+00	-1.000000e+00	-1.000000e+00
12	0.810000	533.362652	9.659487e-06	8.528292e-01	3.075039e-11	4.835108e+04	1.600400e+04
13	0.750000	335.825386	3.367901e-08	8.086523e-01	5.235255e-10	4.291314e+04	8.967212e+03
14	0.770000	274.098800	1.000000e-05	7.999400e-01	6.702419e-09	5.371502e+04	2.342669e+03
15	0.810000	442.387514	1.675647e-08	8.349157e-01	9.883341e-09	3.095397e+04	5.201739e+01
16	0.770000	55.837548	1.165423e-09	8.568204e-01	1.165423e-09	6.825984e+03	3.567994e+04
17	0.750000	91.503183	1.000000e-05	8.171200e-01	3.538286e-09	1.831001e+04	4.093221e+03
18	0.670000	1061.744465	1.000000e-05	7.285108e-01	3.580990e-10	2.978301e+04	8.359117e+03
19	0.660000	197.496659	1.713541e-06	7.184239e-01	1.501723e-09	5.782299e+04	5.839090e+03
21	0.710000	-1.000000	-1.000000e+00	-1.000000e+00	-1.000000e+00	-1.000000e+00	-1.000000e+00
22	0.730000	-1.000000	-1.000000e+00	-1.000000e+00	-1.000000e+00	-1.000000e+00	-1.000000e+00
23	0.790000	-1.000000	-1.000000e+00	-1.000000e+00	-1.000000e+00	-1.000000e+00	-1.000000e+00
23	0.730000	299.097390	1.322931e-09	9.783990e-01	1.651876e-15	8.585000e+03	2.335900e+04
25	0.760000	-1.000000	-1.000000e+00	-1.000000e+00	-1.000000e+00	-1.000000e+00	-1.000000e+00
26	0.780000	-1.000000	-1.000000e+00	-1.000000e+00	-1.000000e+00	-1.000000e+00	-1.000000e+00
26	0.750000	236.077763	1.420917e-10	7.751745e-01	1.420917e-10	5.771202e+04	1.150505e+04
27	0.780000	236.713793	1.000000e-05	8.021604e-01	1.383222e-09	4.481302e+04	6.332989e+03
28	0.770000	296.630581	3.735262e-06	7.940012e-01	1.578041e-11	5.374048e+04	1.708817e+04
29	0.790000	284.984792	9.705856e-06	8.215474e-01	3.964479e-11	5.752564e+04	1.492980e+04
30	0.800000	161.225147	7.478013e-09	8.193980e-01	9.102975e-13	3.739092e+04	2.346008e+04
31	0.800000	264.183542	8.540174e-11	9.740000e-01	6.149985e-13	1.307600e+04	6.303000e+03
32	0.780000	245.385697	1.762121e-10	9.911999e-01	4.729661e-16	1.421700e+04	2.488900e+04
33	0.810000	4413.125030	1.000000e-05	8.462485e-01	2.029907e-09	4.556699e+04	5.988955e+03
34	0.780000	335.220329	1.941920e-11	9.846000e-01	2.756611e-12	1.807300e+04	5.320000e+03
36	0.790000	-1.000000	-1.000000e+00	-1.000000e+00	-1.000000e+00	-1.000000e+00	-1.000000e+00
37	0.770000	-1.000000	-1.000000e+00	-1.000000e+00	-1.000000e+00	-1.000000e+00	-1.000000e+00
38	0.770000	-1.000000	-1.000000e+00	-1.000000e+00	-1.000000e+00	-1.000000e+00	-1.000000e+00
38	0.770000	254.811949	3.189320e-09	9.770000e-01	4.770832e-12	5.425000e+03	4.945000e+03
39	0.650000	1158.610637	9.364441e-06	7.311923e-01	4.428358e-09	5.565716e+04	1.574077e+03
40	0.520000	1160.667478	2.900616e-15	8.800000e-01	1.790434e-19	3.669200e+04	4.860000e+04
42	0.720000	-1.000000	-1.000000e+00	-1.000000e+00	-1.000000e+00	-1.000000e+00	-1.000000e+00
42	0.780000	887.114753	2.812639e-10	9.824000e-01	2.245420e-12	3.270700e+04	6.341000e+03
43	0.800000	43.032442	4.169251e-13	8.180000e-01	2.322884e-13	8.134000e+03	3.092600e+04
44	0.780000	137.775085	1.742543e-10	9.582000e-01	5.484089e-15	1.334000e+04	1.416500e+04
45	0.810000	195.834235	4.202323e-10	9.629559e-01	4.202323e-10	9.046002e+03	4.247701e+04
46	0.840000	217.172817	1.349945e-08	9.489215e-01	1.000000e-08	8.240054e+02	4.182006e+04
47	0.760000	316.414929	5.168854e-10	9.327162e-01	5.168854e-10	8.506053e+03	5.231593e+04
48	0.720000	59.885523	7.181731e-10	9.259186e-01	7.181731e-10	7.157003e+03	4.544803e+04
49	0.760000	77.202944	1.000000e-05	7.923458e-01	1.443276e-10	1.815300e+04	1.101700e+04
50	0.770000	63.885226	2.684993e-09	9.977000e-01	1.044311e-13	1.107200e+04	1.202200e+04
51	0.790000	86.490232	7.427509e-09	8.040307e-01	2.128262e-13	3.532296e+04	2.847305e+04
52	0.750000	144.790113	1.000000e-05	7.754446e-01	8.413806e-10	3.587202e+04	9.709035e+03
53	0.800000	267.905477	1.000000e-05	8.397966e-01	1.447219e-12	3.378300e+04	2.549100e+04
54	0.790000	129.562469	1.000000e-05	8.097056e-01	4.366479e-11	5.380601e+04	1.465598e+04
56	-1.000000	-1.000000	-1.000000e+00	-1.000000e+00	-1.000000e+00	-1.000000e+00	-1.000000e+00
