9	-1.000000	-1.000000e+00	-1.000000e+00	-1.000000e+00	-1.000000e+00	-1.000000e+00
9	4882.252619	5.356110e-11	8.965860e-01	5.356110e-11	4.183300e+04	5.437000e+04
9	2057.372018	1.840960e-12	7.800000e-01	1.533844e-12	7.223000e+03	4.824500e+04
9	5045.061041	8.251391e-06	8.746111e-01	3.761105e-13	5.628900e+04	5.485400e+04
9	114104.937648	2.234091e-08	9.868001e-01	1.635539e-15	5.016000e+04	3.922200e+04
9	2293.808535	2.884178e-18	7.998000e-01	2.884178e-18	2.417800e+04	4.763800e+04
9	2350.475345	4.786941e-15	8.768000e-01	4.786941e-15	2.324000e+04	7.833000e+03
9	2199.511990	6.804130e-07	9.208013e-01	7.163966e-14	5.438100e+04	1.590300e+04
9	538.191959	1.886135e-09	9.432558e-01	1.886135e-09	5.022005e+03	4.255701e+04
9	4615.020684	1.557761e-07	7.800000e-01	9.328801e-09	2.399698e+04	3.241821e+04
