52	1225.388052	7.492632e-14	8.908000e-01	2.451984e-33	1.370100e+04	4.072800e+04
52	1225.947102	3.214580e-14	7.900000e-01	1.745097e-14	1.386000e+04	2.626000e+04
52	1213.247113	6.964857e-12	8.193995e-01	5.028663e-31	1.345000e+03	3.831100e+04
52	117804.705727	1.140165e-08	9.559000e-01	9.774606e-16	5.507600e+04	4.068000e+04
52	1290.163256	4.289482e-20	8.005000e-01	3.674700e-20	3.074400e+04	5.396500e+04
52	1232.333407	2.881530e-14	9.306999e-01	6.204723e-37	1.720000e+04	5.501300e+04
52	1253.036235	1.124485e-15	8.908000e-01	2.624207e-37	2.364400e+04	5.859700e+04
52	211965.854674	2.584887e-16	8.089000e-01	3.867342e-19	4.401600e+04	5.540400e+04
52	86.490232	7.427509e-09	8.040307e-01	2.128262e-13	3.532296e+04	2.847305e+04
52	127.278395	8.475431e-14	8.026000e-01	8.689897e-15	8.375000e+03	3.648100e+04
