15	863.664156	3.173317e-11	9.333000e-01	3.469809e-14	4.232000e+04	1.636600e+04
15	2002.564370	1.000000e-05	7.789230e-01	9.358521e-09	3.033901e+04	2.391000e+04
15	274.098800	1.000000e-05	7.999400e-01	6.702419e-09	5.371502e+04	2.342669e+03
15	1397.483918	1.008935e-12	8.068000e-01	8.074574e-28	8.184000e+03	1.638600e+04
15	972.508594	6.836167e-14	9.977000e-01	1.995784e-15	4.902200e+04	2.250600e+04
15	2309.471005	5.061697e-12	9.447998e-01	5.061697e-12	4.979400e+04	5.077700e+04
15	2291.518290	3.168057e-12	9.517021e-01	3.168057e-12	4.761400e+04	5.625300e+04
15	288.544686	3.045230e-10	7.950828e-01	2.388749e-13	4.723701e+04	2.720398e+04
15	516.660978	3.626686e-10	9.402000e-01	1.056920e-27	9.471000e+03	4.412000e+03
15	450.710347	3.795420e-16	9.655000e-01	3.795420e-16	4.284300e+04	2.079900e+04
