13	665.099919	5.665652e-10	8.423000e-01	6.613288e-13	3.865900e+04	2.505900e+04
13	2112.241895	2.462189e-13	8.499000e-01	2.462189e-13	1.242800e+04	6.489000e+03
13	2257.567937	1.270736e-17	8.328000e-01	1.270736e-17	1.778700e+04	4.146300e+04
13	2097.517144	6.298747e-13	8.936000e-01	1.003945e-34	1.127700e+04	4.865500e+04
13	941.099090	7.009547e-09	9.107000e-01	6.201296e-13	2.791200e+04	1.091600e+04
13	1274.002961	2.522110e-12	8.746000e-01	2.522110e-12	7.796000e+03	4.717300e+04
13	533.362652	9.659487e-06	8.528292e-01	3.075039e-11	4.835108e+04	1.600400e+04
13	2126.952659	1.288526e-13	8.233000e-01	1.288526e-13	1.354700e+04	2.784000e+03
13	2489.563688	4.889340e-17	9.373000e-01	6.958186e-18	1.999500e+04	3.712300e+04
13	988.653017	7.207757e-10	9.563000e-01	7.228791e-13	3.170200e+04	9.728000e+03
