43	1721.474516	9.222189e-13	9.626000e-01	3.191497e-30	1.474700e+04	2.347800e+04
43	1714.551231	1.147214e-11	8.746000e-01	1.147214e-11	2.770000e+03	1.796000e+03
43	1854.454371	1.372922e-15	7.998000e-01	1.372922e-15	2.401700e+04	1.237300e+04
43	1762.446107	4.928413e-15	9.714000e-01	8.598108e-36	2.847800e+04	4.918600e+04
43	1206.186021	2.700111e-13	7.844000e-01	9.033828e-15	1.132700e+04	5.667200e+04
43	1001.075505	5.349564e-10	9.802000e-01	7.277952e-16	3.137500e+04	2.530100e+04
43	1975.575919	7.298346e-07	9.342372e-01	6.714077e-12	4.869500e+04	4.835700e+04
43	887.114753	2.812639e-10	9.824000e-01	2.245420e-12	3.270700e+04	6.341000e+03
43	1966.538706	3.357443e-17	8.042000e-01	6.416021e-20	3.241700e+04	4.593800e+04
43	2084.484277	3.399974e-16	9.274000e-01	1.641436e-19	2.219600e+04	4.510100e+04
