33	418.453377	1.077092e-10	9.142000e-01	4.884985e-15	4.009400e+04	2.049400e+04
33	1030.497767	5.600000e-16	9.802000e-01	2.712371e-38	3.746400e+04	5.625900e+04
33	717.003907	1.411231e-15	8.570000e-01	2.757493e-33	2.376300e+04	4.123300e+04
33	775.177134	9.782967e-06	7.814038e-01	9.938100e-09	5.108903e+04	1.947492e+04
33	583.540039	7.602000e-14	9.934000e-01	6.967725e-20	5.169000e+04	4.551300e+04
33	684.394807	3.420482e-13	7.976000e-01	3.420482e-13	9.639000e+03	5.938000e+03
33	245.385697	1.762121e-10	9.911999e-01	4.729661e-16	1.421700e+04	2.488900e+04
33	416.050303	1.505075e-10	9.472000e-01	1.545272e-15	3.794300e+04	2.276600e+04
33	850.173807	1.936323e-07	8.900015e-01	1.000000e-08	5.375400e+04	2.940400e+04
33	725.422834	6.963613e-17	8.108000e-01	6.963613e-17	1.355100e+04	3.435300e+04
