16	3435.371204	1.409015e-08	8.935999e-01	6.104363e-14	5.597000e+04	5.931600e+04
16	3095.039992	1.000000e-05	8.136586e-01	9.785677e-09	4.235500e+04	2.137300e+04
16	3323.107650	2.718603e-11	8.859581e-01	2.718603e-11	4.414800e+04	5.335400e+04
16	442.387514	1.675647e-08	8.349157e-01	9.883341e-09	3.095397e+04	5.201739e+01
16	2398.354006	6.399999e-16	9.392000e-01	9.883437e-21	2.286700e+04	5.175900e+04
16	21597.646461	6.756936e-09	8.993000e-01	1.122957e-16	5.988300e+04	4.541400e+04
16	1260.140937	3.091187e-11	9.278000e-01	3.229328e-29	1.528600e+04	1.571600e+04
16	3305.467227	7.563775e-06	8.670942e-01	3.534189e-11	5.006200e+04	4.226600e+04
16	3248.143584	7.957891e-10	8.677451e-01	7.957891e-10	3.599100e+04	5.059800e+04
16	786.915024	2.713669e-08	9.658000e-01	3.192276e-14	2.356600e+04	1.717600e+04
