35	791.403689	2.841955e-13	8.306000e-01	2.841955e-13	1.180200e+04	3.866000e+03
35	794.420608	2.160098e-13	9.076000e-01	2.399202e-33	1.430400e+04	3.671300e+04
35	772.999073	2.263557e-12	9.736000e-01	8.141962e-35	1.384200e+04	4.136800e+04
35	790.992367	3.574190e-13	8.658000e-01	5.410127e-29	1.198000e+04	1.724200e+04
35	388.851782	1.000000e-05	8.065700e-01	7.750348e-11	3.881197e+04	1.250501e+04
35	335.220329	1.941920e-11	9.846000e-01	2.756611e-12	1.807300e+04	5.320000e+03
35	861.465488	8.315130e-11	8.614000e-01	3.548350e-19	4.223600e+04	4.509100e+04
35	791.909611	1.411088e-13	9.318002e-01	1.496218e-31	1.633000e+04	3.102500e+04
35	853.150910	3.094154e-15	9.010000e-01	3.991762e-34	2.417800e+04	4.079700e+04
35	506.636658	1.101500e-08	8.790000e-01	1.098940e-11	2.962000e+04	3.925000e+03
