20	1201.167081	1.251758e-14	7.620000e-01	1.251758e-14	2.045800e+04	2.249000e+03
20	713.193425	4.438722e-12	9.864000e-01	2.465727e-17	4.047800e+04	3.362300e+04
20	391.952790	9.519329e-09	9.150000e-01	1.335642e-12	2.610500e+04	8.472000e+03
20	517.220330	9.373291e-12	9.048000e-01	2.396256e-12	4.377200e+04	7.154000e+03
20	1209.736520	1.688462e-07	7.344888e-01	1.000000e-08	2.225000e+04	5.100000e+04
20	591.062888	1.934533e-11	6.736000e-01	2.675592e-14	1.686000e+03	5.548000e+04
20	679.370295	7.960270e-12	8.266000e-01	4.190706e-16	4.590800e+04	2.844100e+04
20	197.496659	1.713541e-06	7.184239e-01	1.501723e-09	5.782299e+04	5.839090e+03
20	1188.488752	2.362912e-14	7.008000e-01	4.795306e-30	1.812800e+04	2.442100e+04
20	543.772266	1.678395e-11	8.606000e-01	7.481252e-27	1.671700e+04	7.680000e+02
