39	459.240954	1.322579e-09	9.057000e-01	3.767456e-12	3.384500e+04	6.884000e+03
39	949.629784	3.260913e-14	8.022000e-01	1.747423e-29	1.773200e+04	2.295000e+04
39	999.042359	1.740442e-07	9.839005e-01	4.941616e-15	5.331400e+04	2.187500e+04
39	1008.523305	1.438646e-15	8.781000e-01	2.561046e-37	2.681900e+04	5.696700e+04
39	2597.204860	1.000000e-05	7.910425e-01	1.250408e-09	3.881900e+04	3.105400e+04
39	798.937553	3.240846e-13	9.793000e-01	8.923523e-17	5.074200e+04	3.135700e+04
39	555.622170	2.436495e-12	9.678000e-01	1.426906e-12	1.469700e+04	5.348100e+04
39	290.869027	2.349455e-10	9.471000e-01	5.190120e-14	9.864000e+03	1.230400e+04
39	3614.896634	1.900763e-07	8.505004e-01	1.190714e-10	4.809900e+04	1.167800e+04
39	254.811949	3.189320e-09	9.770000e-01	4.770832e-12	5.425000e+03	4.945000e+03
