45	1033.008071	2.243245e-12	9.054000e-01	1.235081e-29	6.292000e+03	2.287400e+04
45	1037.128491	2.562165e-13	8.658000e-01	4.923973e-29	1.053200e+04	2.113500e+04
45	1045.172138	1.907962e-14	8.636000e-01	1.069933e-29	1.666100e+04	2.536700e+04
45	775.947330	8.809519e-15	9.912000e-01	1.801207e-22	5.628500e+04	5.774000e+04
45	137.775085	1.742543e-10	9.582000e-01	5.484089e-15	1.334000e+04	1.416500e+04
45	881.327253	3.486628e-06	9.339981e-01	1.237025e-13	5.845700e+04	5.767500e+04
45	573.008770	2.983153e-11	9.736000e-01	4.160649e-12	3.846400e+04	2.587000e+03
45	14123.197023	7.500000e-16	8.482000e-01	3.179696e-37	4.177900e+04	5.653100e+04
45	161.065744	8.070623e-10	9.638501e-01	5.700774e-13	9.960023e+03	5.029000e+03
45	24906.876752	1.255140e-08	9.538000e-01	6.412140e-16	5.666000e+04	4.264300e+04
