34	4413.125030	1.000000e-05	8.462485e-01	2.029907e-09	4.556699e+04	5.988955e+03
34	20308.199367	2.266736e-08	9.714050e-01	1.000000e-08	2.185600e+04	3.729300e+04
34	21033.661630	4.536843e-09	8.593914e-01	4.536843e-09	3.007800e+04	3.402400e+04
34	24405.605109	6.138630e-13	8.784000e-01	5.079541e-32	1.014100e+04	3.350300e+04
34	10114.102118	5.188591e-09	9.088000e-01	6.950259e-14	2.840200e+04	1.526100e+04
34	6015.581183	3.560624e-12	8.328000e-01	2.254637e-14	2.002000e+03	3.392800e+04
34	4793.680576	2.369172e-11	8.355073e-01	4.652617e-13	4.618991e+04	2.605711e+04
34	8019.589855	8.215266e-09	9.962000e-01	7.529474e-13	1.928000e+04	8.352000e+03
34	4610.705553	4.326786e-09	8.372680e-01	1.754621e-12	3.402197e+04	2.287502e+04
34	11283.338497	2.273652e-13	8.499000e-01	2.273652e-13	2.074000e+03	2.793800e+04
