55	163.784406	1.174806e-15	9.853000e-01	4.949098e-20	4.096000e+04	4.614100e+04
55	512.738327	3.429088e-12	9.307000e-01	1.251147e-32	7.223000e+03	3.627100e+04
55	149.404315	1.000000e-05	8.080056e-01	9.483792e-13	3.592399e+04	2.397002e+04
55	576.083322	1.977154e-16	8.656000e-01	1.738701e-34	2.888300e+04	4.421800e+04
55	361.500890	5.807755e-14	9.832000e-01	3.658004e-14	5.553100e+04	1.518300e+04
55	138.920463	1.000000e-05	8.087546e-01	4.522538e-12	3.339895e+04	2.017404e+04
55	512.609427	1.658722e-12	8.362000e-01	1.658722e-12	6.411000e+03	1.735000e+03
55	706.907654	2.599940e-13	8.194000e-01	2.599940e-13	6.258000e+03	2.723700e+04
55	355.934105	3.238732e-13	8.803000e-01	3.238732e-13	1.142000e+04	5.622000e+04
55	129.562469	1.000000e-05	8.097056e-01	4.366479e-11	5.380601e+04	1.465598e+04
