18	91.503183	1.000000e-05	8.171200e-01	3.538286e-09	1.831001e+04	4.093221e+03
18	533.145199	1.770454e-11	9.900000e-01	3.360469e-16	3.630600e+04	2.768500e+04
18	502.715201	1.415212e-11	7.900000e-01	6.301129e-14	3.238000e+03	5.558700e+04
18	340.896882	2.344761e-09	9.925000e-01	4.240645e-14	2.326500e+04	1.644100e+04
18	993.681929	3.910236e-07	7.500000e-01	9.434890e-09	1.995124e+04	3.410110e+04
18	382.818686	7.257696e-09	8.850000e-01	3.408355e-14	2.763300e+04	1.819200e+04
18	721.177489	1.000000e-05	7.675433e-01	2.121800e-12	4.802200e+04	2.472400e+04
18	99.030814	4.685319e-06	8.185365e-01	8.897306e-09	5.490890e+04	1.921775e+03
18	1003.701510	5.184775e-16	8.250000e-01	5.184775e-16	1.512700e+04	2.981500e+04
18	482.636042	3.327586e-09	9.250000e-01	2.401275e-16	2.839700e+04	2.911200e+04
