46	224.059101	3.304528e-10	8.309000e-01	9.337011e-15	4.375300e+04	3.500800e+04
46	818.228124	8.624886e-13	9.259000e-01	2.970609e-32	1.090500e+04	3.104200e+04
46	195.834235	4.202323e-10	9.629559e-01	4.202323e-10	9.046002e+03	4.247701e+04
46	865.919931	6.967513e-16	9.202000e-01	1.214529e-29	2.770000e+04	2.296300e+04
46	437.249532	3.150211e-09	9.145000e-01	1.528213e-13	3.149800e+04	1.351600e+04
46	1056.097241	9.808052e-06	9.373051e-01	1.325185e-11	5.667100e+04	4.675200e+04
46	221618.031382	2.600000e-16	8.936000e-01	2.037076e-35	4.718100e+04	5.648400e+04
46	824.972657	3.146032e-15	9.715000e-01	3.889023e-35	2.804600e+04	4.448400e+04
46	979.522895	1.191560e-09	8.955001e-01	1.191560e-09	3.464600e+04	4.071600e+04
46	1042.562012	3.289531e-06	8.518059e-01	1.136288e-11	5.852900e+04	4.455300e+04
