14	486.697003	3.151995e-11	7.977546e-01	5.267039e-13	4.751264e+04	2.564738e+04
14	498.795735	1.933269e-06	7.888230e-01	1.000000e-08	1.718899e+04	6.729501e+02
14	2249.899579	2.920625e-16	8.425000e-01	2.563233e-33	2.955300e+04	3.838800e+04
14	472.005271	1.941236e-07	8.055008e-01	1.000000e-08	4.645598e+04	1.335974e+03
14	24247.865791	2.353612e-15	7.975000e-01	3.496297e-34	3.895300e+04	4.676000e+04
14	1850.688908	7.396141e-11	9.100000e-01	1.263518e-30	1.661000e+03	1.982800e+04
14	978.792887	1.341119e-09	9.350000e-01	3.653754e-14	3.057200e+04	1.717000e+04
14	344.752898	1.000000e-05	8.067480e-01	1.826037e-10	1.901697e+04	1.148902e+04
14	23388.073527	2.218781e-08	9.775001e-01	2.771894e-12	5.265000e+04	2.183900e+04
14	335.825386	3.367901e-08	8.086523e-01	5.235255e-10	4.291314e+04	8.967212e+03
