48	1824.949513	9.136757e-13	8.776000e-01	9.136757e-13	1.098800e+04	5.340000e+02
48	2691.660124	4.610539e-13	8.272000e-01	4.610539e-13	7.787000e+03	2.558800e+04
48	3026.907853	4.997549e-07	9.952008e-01	9.259469e-14	5.080800e+04	5.939700e+04
48	335.169065	1.000000e-05	8.051847e-01	4.903781e-09	2.712602e+04	3.033213e+03
48	16862.456489	2.921478e-08	8.824001e-01	1.925157e-14	5.480200e+04	3.319000e+04
48	6861.878629	1.000000e-05	8.435557e-01	7.117359e-15	5.950900e+04	3.558800e+04
48	85397.023191	1.000000e-05	9.639988e-01	1.898804e-17	5.794700e+04	4.971100e+04
48	316.414929	5.168854e-10	9.327162e-01	5.168854e-10	8.506053e+03	5.231593e+04
48	4694.178259	1.507018e-07	8.560003e-01	4.032928e-11	4.885100e+04	1.472200e+04
48	2063.865182	7.647649e-17	8.536000e-01	2.506559e-35	3.297200e+04	5.208700e+04
