41	1750.331068	4.858470e-10	7.600000e-01	1.705206e-10	3.683900e+04	9.670000e+02
41	1429.182076	7.114190e-13	7.744000e-01	2.090844e-25	2.237200e+04	8.050000e+02
41	3314.080686	1.935898e-08	6.592000e-01	3.010668e-13	5.940100e+04	2.427200e+04
41	1160.667478	2.900616e-15	8.800000e-01	1.790434e-19	3.669200e+04	4.860000e+04
41	1373.680495	9.587923e-08	8.176001e-01	7.705029e-11	2.264300e+04	2.223000e+03
41	-1.000000	-1.000000e+00	-1.000000e+00	-1.000000e+00	-1.000000e+00	-1.000000e+00
41	1560.501102	1.267396e-12	7.552000e-01	1.225934e-28	2.095300e+04	1.778800e+04
41	-1.000000	-1.000000e+00	-1.000000e+00	-1.000000e+00	-1.000000e+00	-1.000000e+00
41	3270.697565	9.965139e-16	6.112000e-01	4.672088e-34	3.066400e+04	4.127200e+04
41	2303.251353	3.408182e-13	6.832000e-01	3.408182e-13	5.797100e+04	1.727800e+04
