2	2393.288691	1.005329e-12	9.676000e-01	6.254203e-19	4.871600e+04	4.247700e+04
2	3546.879848	6.399759e-16	9.919000e-01	1.753249e-19	1.855400e+04	4.520800e+04
2	1971.360911	5.007757e-11	9.460000e-01	8.043927e-30	6.126000e+03	1.948100e+04
2	3451.631320	7.499984e-16	9.568000e-01	2.837763e-19	2.312800e+04	4.430300e+04
2	2419.768298	4.602994e-15	8.704000e-01	5.952819e-34	2.442500e+04	4.185300e+04
2	3730.562286	2.500000e-16	9.514000e-01	1.370837e-20	2.550300e+04	5.119700e+04
2	4691.620728	6.969810e-06	9.432954e-01	1.630803e-13	5.919800e+04	5.889500e+04
2	2720.671141	1.375766e-18	7.678000e-01	1.375766e-18	2.305500e+04	4.666800e+04
2	384.393265	1.000000e-05	7.700403e-01	8.374790e-10	4.155402e+04	6.350067e+03
2	2838.857629	1.174310e-16	8.083000e-01	4.981239e-37	3.151900e+04	5.825700e+04
