51	128.485713	5.881925e-13	9.977000e-01	3.865601e-15	4.337000e+04	1.989600e+04
51	284.439629	5.743640e-06	9.493927e-01	2.134312e-13	5.982700e+04	5.783400e+04
51	234.132479	2.844350e-08	7.700000e-01	9.930297e-09	2.866500e+04	5.493503e+04
51	1019.001500	1.226370e-06	8.183015e-01	2.404411e-13	3.852300e+04	2.689200e+04
51	240.534557	1.240681e-16	7.999000e-01	1.240681e-16	2.264900e+04	3.264000e+04
51	232.871691	1.419512e-14	9.264000e-01	1.036522e-36	2.014300e+04	5.613300e+04
51	63.885226	2.684993e-09	9.977000e-01	1.044311e-13	1.107200e+04	1.202200e+04
51	142.819501	1.537654e-12	8.390000e-01	2.387728e-13	6.675000e+03	5.550600e+04
51	12126.350393	5.335008e-17	8.643000e-01	3.153090e-36	4.680400e+04	5.618500e+04
51	226.595892	1.824247e-07	8.804003e-01	1.313213e-12	5.943800e+04	7.500000e+03
