8	446.991038	9.844157e-06	8.642064e-01	4.652658e-11	5.326505e+04	1.430191e+04
8	1203.782382	1.049148e-11	9.609000e-01	2.516812e-12	4.374500e+04	6.976000e+03
8	1070.439075	9.570946e-10	9.558000e-01	2.309678e-12	3.266800e+04	7.265000e+03
8	2844.109076	8.469520e-18	8.912000e-01	8.086626e-21	3.490800e+04	5.363400e+04
8	482.669277	6.509065e-11	9.558240e-01	6.509065e-11	1.340413e+04	4.737100e+04
8	3021.262955	9.999981e-18	9.541000e-01	1.516197e-20	2.837000e+04	5.137100e+04
8	848.194970	4.483459e-16	9.609000e-01	4.483459e-16	4.221000e+04	7.595000e+03
8	1896.194708	1.195348e-11	8.895000e-01	2.283801e-27	3.964000e+03	1.208000e+04
8	1884.551419	2.434994e-11	9.303000e-01	2.434994e-11	5.746500e+04	2.127000e+03
8	2920.292158	7.099998e-16	9.966000e-01	7.646205e-20	2.384500e+04	4.695800e+04
