53	452.461311	3.120943e-07	8.224747e-01	3.788408e-12	4.075700e+04	4.737800e+04
53	618.340998	2.934251e-12	7.575000e-01	9.027616e-26	2.389000e+03	8.171000e+03
53	640.778767	2.163174e-16	8.175000e-01	8.525415e-32	2.564000e+04	3.431700e+04
53	152.946626	1.000000e-05	7.753273e-01	1.689347e-09	5.282000e+04	7.994003e+03
53	627.197201	4.541068e-14	8.325000e-01	1.019184e-28	1.342900e+04	1.812500e+04
53	163.882489	4.013288e-09	9.586494e-01	4.013288e-09	5.864980e+03	4.552198e+04
53	144.790113	1.000000e-05	7.754446e-01	8.413806e-10	3.587202e+04	9.709035e+03
53	635.772833	1.230908e-15	8.025000e-01	1.472234e-32	2.139600e+04	3.748600e+04
53	10123.641930	3.889688e-08	9.250001e-01	2.209577e-14	5.229800e+04	3.445500e+04
53	631.075114	7.478810e-15	8.025000e-01	4.595461e-37	1.719100e+04	5.674600e+04
