24	1215.707342	1.200000e-16	8.488000e-01	3.369480e-22	2.942400e+04	5.953100e+04
24	1187.392969	4.198271e-16	9.595000e-01	5.091051e-19	1.253100e+04	4.292000e+04
24	943.445568	4.786450e-12	7.408000e-01	4.786450e-12	1.665000e+03	1.323200e+04
24	1674.458070	1.705666e-08	9.217000e-01	9.651190e-14	5.582900e+04	5.938900e+04
24	1555.501417	5.980246e-12	9.811002e-01	5.980246e-12	4.208700e+04	5.822200e+04
24	299.097390	1.322931e-09	9.783990e-01	1.651876e-15	8.585000e+03	2.335900e+04
24	1059.113331	1.319278e-16	8.623000e-01	1.233056e-21	3.169800e+04	5.107300e+04
24	43526.149527	3.500000e-16	8.380000e-01	7.425987e-38	3.683900e+04	5.872300e+04
24	1095.041565	1.834267e-17	8.650000e-01	6.972147e-22	3.641600e+04	5.306700e+04
24	597.535463	2.430764e-12	9.298000e-01	3.523269e-15	4.785400e+04	2.230400e+04
