31	470.809423	2.278983e-14	8.940000e-01	2.397819e-35	1.827000e+04	4.793100e+04
31	167.858282	4.857119e-11	8.182447e-01	1.547758e-13	4.870100e+04	2.766700e+04
31	625.034930	2.799947e-16	9.460000e-01	4.255087e-20	1.921600e+04	4.767100e+04
31	491.882704	1.576337e-15	8.680000e-01	4.046820e-31	2.396100e+04	2.735600e+04
31	161.225147	7.478013e-09	8.193980e-01	9.102975e-13	3.739092e+04	2.346008e+04
31	487.653095	1.705266e-15	9.280000e-01	1.705266e-15	2.557300e+04	1.532000e+03
31	484.041474	3.672234e-15	8.600000e-01	6.522940e-30	2.179800e+04	2.257700e+04
31	-1.000000	-1.000000e+00	-1.000000e+00	-1.000000e+00	-1.000000e+00	-1.000000e+00
31	169.144390	8.118621e-13	9.680000e-01	2.211845e-15	2.385600e+04	1.101000e+04
31	449.967372	2.177735e-12	9.320000e-01	6.622881e-29	8.645000e+03	1.904200e+04
