27	236.077763	1.420917e-10	7.751745e-01	1.420917e-10	5.771202e+04	1.150505e+04
27	710.542611	6.876745e-14	7.500000e-01	2.577492e-14	1.364500e+04	2.864000e+04
27	771.732863	9.740195e-16	8.450000e-01	6.327683e-36	2.520100e+04	5.269300e+04
27	319.673140	4.051502e-12	9.525000e-01	4.034660e-29	2.007600e+04	1.074500e+04
27	295.406060	9.734538e-09	7.731594e-01	9.734538e-09	4.034496e+04	6.750209e+02
27	-1.000000	-1.000000e+00	-1.000000e+00	-1.000000e+00	-1.000000e+00	-1.000000e+00
27	379.940507	1.070076e-13	9.950000e-01	6.708228e-15	4.901600e+04	1.917400e+04
27	792.580513	1.321348e-17	9.500000e-01	9.704963e-24	3.916200e+04	5.902600e+04
27	760.113978	1.235959e-15	7.750000e-01	1.235959e-15	2.201900e+04	2.647800e+04
27	279.340440	1.731031e-09	9.675000e-01	4.965681e-13	2.965000e+04	9.124000e+03
