11	1002.028867	3.307691e-10	8.028000e-01	3.307691e-10	3.732700e+04	3.895100e+04
11	380.766722	1.164099e-11	9.449000e-01	2.155849e-13	1.507800e+04	5.646200e+04
11	148.081266	4.805351e-08	7.990135e-01	3.030605e-10	4.768698e+04	9.782028e+03
11	307.870195	6.724620e-18	9.709973e-01	1.456732e-18	5.549700e+04	4.203500e+04
11	932.624049	6.599997e-16	8.666000e-01	3.664452e-20	2.648900e+04	5.130300e+04
11	147.206240	1.000000e-05	7.944627e-01	7.840298e-12	2.729757e+04	1.874785e+04
11	916.944579	2.464773e-14	8.492000e-01	2.464773e-14	1.086800e+04	3.277600e+04
11	830.194313	2.379945e-07	9.275006e-01	1.115309e-15	5.865100e+04	2.700600e+04
11	153.785042	3.877683e-06	7.998157e-01	9.969163e-10	5.886319e+04	6.860145e+03
11	165.688904	4.234703e-09	8.634704e-01	4.234703e-09	3.299022e+03	4.081406e+04
