0	0.063294	0.050569	0.003799
1	0.063294	0.058683	0.002253
2	0.063294	0.064177	0.001861
3	0.063294	0.064934	0.003434
4	0.063294	0.071903	0.002447
5	0.060799	0.055007	0.004627
6	0.059794	0.077422	0.009449
7	0.894669	3.982575	0.365029
8	0.894669	3.771400	0.409384
9	0.894669	1.997860	0.140287
10	0.894669	1.783597	0.136389
11	0.894669	1.654504	0.129058
12	0.894669	1.529752	0.128010
13	0.894669	1.261640	0.072219
14	0.974798	0.939085	0.095644
15	0.974798	0.709085	0.076309
16	0.974798	0.561213	0.064424
17	0.974798	0.699013	0.091878
18	0.974798	0.689846	0.111314
19	1.119873	1.099954	0.051633
20	1.119873	0.819665	0.096218
21	1.119873	0.947682	0.095382
