0	0.028590	0.016279	0.006165
1	0.028590	0.023004	0.003090
2	0.028590	0.026078	0.001556
3	0.028590	0.036635	0.003936
4	0.028590	0.045797	0.003573
5	0.025520	0.028109	0.006016
6	0.023101	0.022574	0.008205
7	0.874144	2.880373	0.531325
8	0.874144	2.621279	0.476801
9	0.874144	2.293436	0.320891
10	0.874144	2.346577	0.326587
11	0.874144	2.123185	0.302956
12	0.874144	1.732695	0.280744
13	0.874144	2.452177	0.192282
14	0.954581	0.838239	0.185467
15	0.954581	0.768182	0.205596
16	0.954581	0.870008	0.137799
17	0.954581	0.809576	0.231376
18	0.954581	1.298892	0.242303
19	1.100009	0.713548	0.083911
20	1.100009	0.736436	0.167279
21	1.100009	0.837080	0.156584
