0	0.051720	0.041108	0.004522
1	0.051720	0.050192	0.002607
2	0.051720	0.052620	0.001785
3	0.051720	0.054462	0.003694
4	0.051720	0.053927	0.002343
5	0.042266	0.030106	0.006199
6	0.033852	0.068061	0.014641
7	2.179418	6.421841	0.883684
8	2.179418	5.889397	0.820900
9	2.179418	5.055365	0.401949
10	2.179418	4.415098	0.361226
11	2.179418	4.129543	0.321159
12	2.179418	3.594616	0.273858
13	2.179418	2.925750	0.150039
14	2.380625	3.172836	0.386016
15	2.380625	2.070712	0.248313
16	2.380625	1.712263	0.184324
17	2.380625	1.818406	0.247548
18	2.380625	0.944143	0.238453
19	2.744812	3.141002	0.161037
20	2.744812	1.722157	0.224024
21	2.744812	1.141540	0.199258
