0	-nan	-1.000000	-1.000000
1	-nan	0.038920	0.003573
2	-nan	0.043895	0.002192
3	-nan	0.040781	0.003891
4	-nan	0.049994	0.003578
5	-nan	0.038352	0.006261
6	-nan	0.052466	0.009721
7	-nan	3.313015	0.698149
8	-nan	2.806183	0.717312
9	-nan	3.738351	0.486999
10	-nan	5.484346	0.842850
11	-nan	3.680115	0.481721
12	-nan	4.330995	0.553598
13	-nan	3.233512	0.238199
14	-nan	2.147671	0.285944
15	-nan	1.809053	0.219149
16	-nan	1.650536	0.157322
17	-nan	1.739989	0.306900
18	-nan	1.436705	0.242725
19	-nan	3.114647	0.184461
20	-nan	1.413865	0.202533
21	-nan	1.293323	0.173947
