0	0.103956	0.107452	0.006472
1	0.103956	0.106548	0.003227
2	0.103956	0.108890	0.003076
3	0.103956	0.100590	0.005251
4	0.103956	0.101658	0.003074
5	0.084874	0.070502	0.004666
6	0.067437	0.078436	0.008362
7	1.337107	9.631815	1.149519
8	1.337107	9.154350	1.262267
9	1.337107	5.026611	0.323685
10	1.337107	4.880577	0.306534
11	1.337107	4.152020	0.252342
12	1.337107	3.672848	0.241006
13	1.337107	3.181323	0.122085
14	1.450264	2.185055	0.119439
15	1.450264	1.113192	0.075613
16	1.450264	1.027461	0.060876
17	1.450264	1.018615	0.081644
18	1.450264	0.869840	0.101229
19	1.661179	2.056518	0.062224
20	1.661179	1.237274	0.101912
21	1.661179	1.039258	0.089742
