0	0.062560	0.080919	0.017037
1	0.062560	0.062547	0.008836
2	0.062560	0.068624	0.007445
3	0.062560	0.051484	0.012709
4	0.062560	0.066213	0.009552
5	0.050742	0.019027	0.011767
6	0.040033	0.034606	0.017305
7	1.241804	6.077008	1.772793
8	1.241804	6.443340	1.656077
9	1.241804	2.734181	0.548000
10	1.241804	2.126723	0.492926
11	1.241804	2.437287	0.515038
12	1.241804	1.300633	0.411761
13	1.241804	1.766811	0.362992
14	1.351587	1.866663	0.466745
15	1.351587	0.908416	0.318278
16	1.351587	1.211499	0.273412
17	1.351587	0.620832	0.400583
18	1.351587	1.217833	0.634166
19	1.553258	1.533082	0.158907
20	1.553258	1.189655	0.380715
21	1.553258	0.781686	0.317637
