0	-nan	-1.000000	-1.000000
1	-nan	-1.000000	-1.000000
2	-nan	-1.000000	-1.000000
3	-nan	-1.000000	-1.000000
4	-nan	-1.000000	-1.000000
5	-nan	-1.000000	-1.000000
6	-nan	-1.000000	-1.000000
7	-nan	-1.000000	-1.000000
8	-nan	-1.000000	-1.000000
9	-nan	-1.000000	-1.000000
10	-nan	-1.000000	-1.000000
11	-nan	-1.000000	-1.000000
12	-nan	-1.000000	-1.000000
13	-nan	-1.000000	-1.000000
14	-nan	-1.000000	-1.000000
15	-nan	-1.000000	-1.000000
16	-nan	-1.000000	-1.000000
17	-nan	-1.000000	-1.000000
18	-nan	-1.000000	-1.000000
19	-nan	-1.000000	-1.000000
20	-nan	-1.000000	-1.000000
21	-nan	-1.000000	-1.000000
