0	-nan	0.015442	0.001813
1	-nan	0.014934	0.001256
2	-nan	0.018002	0.000682
3	-nan	0.017388	0.001645
4	-nan	0.012774	0.001393
5	-nan	0.015441	0.006972
6	-nan	0.005626	0.007815
7	-nan	1.888019	0.148869
8	-nan	1.582413	0.141980
9	-nan	1.050190	0.085249
10	-nan	0.922559	0.090091
11	-nan	0.833301	0.090961
12	-nan	0.805559	0.090745
13	-nan	0.536982	0.053403
14	-nan	1.028816	0.167710
15	-nan	0.250596	0.176294
16	-nan	0.268018	0.154107
17	-nan	0.811131	0.247703
18	-nan	-1.000000	-1.000000
19	-nan	0.820293	0.075641
20	-nan	0.318034	0.202584
21	-nan	0.304256	0.167518
