3	3772.630545	1.528658e-08	8.746000e-01	9.992033e-27
3	202.397214	1.660802e-07	9.956000e-01	3.120818e-11
3	654.316222	6.215575e-11	8.702000e-01	1.200016e-23
3	3552.289528	1.528072e-08	8.768000e-01	2.037189e-26
3	201.059851	2.501388e-08	9.714000e-01	2.290466e-11
3	23264.324568	1.581132e-08	7.975999e-01	1.000000e-08
3	257.483527	1.479278e-08	9.406000e-01	2.826659e-27
3	654.221312	9.010803e-11	9.032000e-01	1.697603e-23
3	1051.723387	1.513195e-08	9.120000e-01	1.847880e-26
3	654.302286	6.633810e-11	8.768000e-01	8.546048e-24
3	654.387334	3.935098e-11	8.130000e-01	2.251537e-22
3	23264.324229	1.581132e-08	7.975999e-01	1.000000e-08
3	16993.764652	1.539877e-08	7.998000e-01	1.375701e-25
3	284.108821	1.483719e-08	9.384000e-01	5.455074e-27
3	4737.018929	1.530769e-08	8.658000e-01	1.945655e-26
3	654.261296	7.847902e-11	8.922000e-01	1.625492e-23
3	200.962942	2.030411e-08	9.648000e-01	1.739180e-11
3	200.962942	2.030411e-08	9.648000e-01	1.739180e-11
3	24630.350117	1.696933e-08	8.416000e-01	1.000000e-08
3	201.741588	4.087111e-08	9.824000e-01	2.887174e-11
3	3340.020005	1.527459e-08	8.790000e-01	2.338658e-26
3	284.108836	1.483719e-08	9.384000e-01	1.532426e-27
3	10482.573522	1.536931e-08	8.284000e-01	1.973769e-25
3	1637.274195	1.519346e-08	9.010000e-01	1.048284e-26
3	18184.804791	1.540247e-08	7.954000e-01	4.782840e-25
3	627.528368	1.504485e-08	9.230000e-01	2.483429e-27
3	202.165471	1.552010e-08	9.538000e-01	4.762062e-12
3	8128.198145	1.535148e-08	8.416000e-01	5.437448e-26
3	257.483526	1.479278e-08	9.406000e-01	5.556503e-27
3	500.564084	1.499896e-08	9.274000e-01	6.131264e-27
3	2070.879026	1.522240e-08	8.944000e-01	2.905955e-26
3	236.230477	1.474248e-08	9.428000e-01	4.083457e-27
3	201.413618	1.711818e-08	9.582000e-01	1.034566e-11
3	12270.622391	1.537952e-08	8.196000e-01	4.327436e-27
3	653.220137	2.289008e-10	9.472000e-01	6.868467e-26
3	654.302286	6.633809e-11	8.768000e-01	8.974540e-23
3	201.413618	1.711818e-08	9.582000e-01	1.034567e-11
3	-1.000000	-1.000000e+00	-1.000000e+00	-1.000000e+00
3	201.589991	3.627779e-08	9.802000e-01	2.798705e-11
3	6763.011012	1.533751e-08	8.504000e-01	8.471891e-26
3	652.962366	2.492496e-10	9.494000e-01	4.839789e-25
3	202.337175	1.101576e-07	9.934000e-01	3.115296e-11
3	202.147918	6.574499e-08	9.890000e-01	3.065367e-11
3	200.962942	2.030411e-08	9.648000e-01	1.739180e-11
3	200.948435	2.165990e-08	9.670000e-01	1.939658e-11
3	643.385754	1.048177e-09	9.758000e-01	1.808794e-25
3	2229.711098	1.523103e-08	8.922000e-01	3.059308e-26
3	2229.711109	1.523103e-08	8.922000e-01	1.721917e-26
3	654.354836	5.023727e-11	8.460000e-01	1.768637e-23
3	778.557773	1.508370e-08	9.186000e-01	8.692019e-27
3	3135.709273	1.526817e-08	8.812000e-01	2.188018e-26
3	9257.856010	1.536082e-08	8.350000e-01	1.181809e-25
3	11353.910127	1.537457e-08	8.240000e-01	2.485876e-25
3	654.211709	9.285006e-11	9.054000e-01	1.168309e-23
3	202.252955	8.237172e-08	9.912000e-01	3.096952e-11
3	201.589991	3.627779e-08	9.802000e-01	2.798705e-11
3	1155.563132	1.514589e-08	9.098000e-01	4.184145e-26
3	6763.011121	1.533751e-08	8.504000e-01	6.020031e-26
3	201.439214	3.260846e-08	9.780000e-01	2.695113e-11
3	19430.600947	1.540599e-08	7.910000e-01	5.171629e-25
3	202.025167	5.467872e-08	9.868000e-01	3.020136e-11
3	14769.690165	1.539078e-08	8.086000e-01	4.820070e-26
3	654.339354	5.509628e-11	8.570000e-01	2.888947e-24
3	3772.630376	1.528658e-08	8.746000e-01	4.621279e-26
3	18184.809115	1.540247e-08	7.954000e-01	3.149693e-25
3	21405.487414	1.541098e-08	7.844000e-01	2.564150e-24
3	8870.941378	1.535780e-08	8.372000e-01	2.595247e-26
3	1265.945297	1.515893e-08	9.076000e-01	3.834503e-27
3	23264.324269	1.581132e-08	7.975999e-01	1.000000e-08
3	10063.519174	1.536657e-08	8.306000e-01	9.890197e-26
3	7425.932778	1.534474e-08	8.460000e-01	3.208839e-26
3	654.392044	3.764802e-11	8.064000e-01	2.515809e-23
3	654.071502	1.280294e-10	9.252000e-01	6.850826e-24
3	4999.464624	1.531245e-08	8.636000e-01	2.209880e-26
3	14769.689646	1.539078e-08	8.086000e-01	6.238849e-26
3	24630.350114	1.696933e-08	8.416000e-01	1.000000e-08
3	202.710769	1.483591e-08	9.516000e-01	1.694620e-12
3	654.164975	1.057143e-10	9.142000e-01	2.679513e-24
3	201.413618	1.711818e-08	9.582000e-01	1.034567e-11
3	445.897680	1.497274e-08	9.296000e-01	5.732268e-28
3	654.332261	5.728126e-11	8.614000e-01	1.362166e-23
3	647.416341	6.764487e-10	9.692000e-01	6.083464e-25
3	201.439214	3.260846e-08	9.780000e-01	2.695113e-11
3	653.789870	1.730261e-10	9.384000e-01	3.905150e-25
3	4001.157155	1.529220e-08	8.724000e-01	5.053459e-26
3	201.741588	4.087111e-08	9.824000e-01	2.887174e-11
3	12746.403734	1.538190e-08	8.174000e-01	2.838710e-26
3	209.531431	1.461891e-08	9.472000e-01	6.379619e-27
3	1637.274205	1.519346e-08	9.010000e-01	2.111704e-26
3	4001.157134	1.529220e-08	8.724000e-01	2.578761e-26
3	3552.289452	1.528072e-08	8.768000e-01	7.665280e-27
3	15855.899189	1.539487e-08	8.042000e-01	2.803118e-26
3	2070.879131	1.522240e-08	8.944000e-01	7.854937e-27
3	18184.810614	1.540247e-08	7.954000e-01	2.024994e-25
3	561.080092	1.502290e-08	9.252000e-01	4.749775e-27
3	201.439214	3.260846e-08	9.780000e-01	2.695113e-11
3	6763.010982	1.533752e-08	8.504000e-01	2.463099e-26
3	12270.622372	1.537952e-08	8.196000e-01	5.129404e-26
3	654.178187	1.021731e-10	9.120000e-01	2.466507e-23
3	654.390526	3.820184e-11	8.086000e-01	6.809006e-25
3	20074.528644	1.540770e-08	7.888000e-01	1.054072e-24
3	627.528397	1.504485e-08	9.230000e-01	1.197943e-26
3	1155.563092	1.514589e-08	9.098000e-01	1.906958e-26
3	20074.528620	1.540770e-08	7.888000e-01	9.546811e-26
3	201.059851	2.501388e-08	9.714000e-01	2.290466e-11
3	654.367653	4.608500e-11	8.350000e-01	2.332010e-23
3	654.297219	6.785016e-11	8.790000e-01	1.393703e-23
3	202.165470	1.552010e-08	9.538000e-01	4.762063e-12
3	200.984036	2.321462e-08	9.692000e-01	2.123340e-11
3	22092.945204	1.541257e-08	7.822000e-01	5.976969e-25
3	200.984036	2.321462e-08	9.692000e-01	2.123340e-11
3	200.962942	2.030411e-08	9.648000e-01	1.739180e-11
3	651.736208	3.352242e-10	9.560000e-01	1.469029e-25
3	13234.026638	1.538421e-08	8.152000e-01	9.889511e-26
3	14769.692221	1.539078e-08	8.086000e-01	2.196583e-25
3	396.999211	1.494392e-08	9.318000e-01	3.576786e-27
3	10063.518968	1.536656e-08	8.306000e-01	2.918045e-26
3	3552.289617	1.528072e-08	8.768000e-01	2.571328e-26
3	16418.281118	1.539685e-08	8.020000e-01	1.123287e-26
3	202.710769	1.483591e-08	9.516000e-01	1.694618e-12
3	201.741588	4.087111e-08	9.824000e-01	2.887174e-11
3	202.252955	8.237173e-08	9.912000e-01	3.096952e-11
3	21405.488006	1.541098e-08	7.844000e-01	1.037193e-24
3	627.528374	1.504485e-08	9.230000e-01	1.084418e-26
3	4001.156989	1.529220e-08	8.724000e-01	5.682001e-27
3	654.238732	8.507632e-11	8.988000e-01	1.399359e-23
3	201.059851	2.501388e-08	9.714000e-01	2.290466e-11
3	7425.932704	1.534474e-08	8.460000e-01	5.916981e-26
3	22092.943996	1.541257e-08	7.822000e-01	1.476566e-24
3	1051.723377	1.513195e-08	9.120000e-01	7.789950e-27
3	284.108811	1.483719e-08	9.384000e-01	9.222835e-27
3	4001.157168	1.529220e-08	8.724000e-01	5.764472e-27
3	201.184478	1.805757e-08	9.604000e-01	1.286880e-11
3	18184.805445	1.540247e-08	7.954000e-01	3.933356e-25
3	11806.512763	1.537708e-08	8.218000e-01	1.196662e-26
3	23264.324184	1.581132e-08	7.975999e-01	1.000000e-08
3	654.286370	7.107582e-11	8.834000e-01	9.068287e-24
3	646.380841	7.719504e-10	9.714000e-01	4.695865e-26
3	654.211709	9.285006e-11	9.054000e-01	7.441321e-24
3	654.297219	6.785016e-11	8.790000e-01	1.494511e-23
3	2070.879028	1.522240e-08	8.944000e-01	3.001676e-27
3	500.564035	1.499896e-08	9.274000e-01	5.239795e-27
3	209.531432	1.461891e-08	9.472000e-01	6.561035e-27
3	16993.761681	1.539877e-08	7.998000e-01	2.355853e-25
3	200.962942	2.030411e-08	9.648000e-01	1.739180e-11
3	654.382128	4.118670e-11	8.196000e-01	7.848158e-23
3	654.360249	4.850085e-11	8.416000e-01	2.241226e-23
3	201.295694	2.961129e-08	9.758000e-01	2.576076e-11
3	202.025167	5.467872e-08	9.868000e-01	3.020136e-11
3	20074.528439	1.540770e-08	7.888000e-01	4.362090e-25
3	21405.488410	1.541098e-08	7.844000e-01	1.881605e-24
3	654.360249	4.850085e-11	8.416000e-01	9.927160e-24
3	6763.011065	1.533751e-08	8.504000e-01	4.121158e-26
3	14245.497077	1.538865e-08	8.108000e-01	2.558258e-27
3	4237.985191	1.529758e-08	8.702000e-01	2.059961e-26
3	1155.563154	1.514589e-08	9.098000e-01	2.343862e-26
3	10912.650972	1.537198e-08	8.262000e-01	6.053732e-26
3	13733.668830	1.538646e-08	8.130000e-01	9.846382e-26
3	10063.519125	1.536657e-08	8.306000e-01	4.138880e-26
3	22795.341766	1.541412e-08	7.800000e-01	1.292734e-18
3	1382.962175	1.517116e-08	9.054000e-01	2.860737e-26
3	11806.512682	1.537708e-08	8.218000e-01	2.878538e-26
3	8128.198157	1.535148e-08	8.416000e-01	9.827667e-26
3	561.080097	1.502290e-08	9.252000e-01	2.385136e-27
3	3552.289503	1.528072e-08	8.768000e-01	2.745918e-26
3	7425.932749	1.534474e-08	8.460000e-01	1.390142e-26
3	200.962942	2.030411e-08	9.648000e-01	1.739180e-11
3	20074.527441	1.540770e-08	7.888000e-01	1.306884e-24
3	202.165470	1.552010e-08	9.538000e-01	4.762064e-12
3	12746.400367	1.538190e-08	8.174000e-01	5.276126e-26
3	654.392044	3.764801e-11	8.064000e-01	2.232831e-23
3	445.897681	1.497274e-08	9.296000e-01	1.059426e-26
3	20074.528054	1.540770e-08	7.888000e-01	4.313097e-25
3	3340.019940	1.527459e-08	8.790000e-01	1.037648e-26
3	2070.879103	1.522240e-08	8.944000e-01	1.509088e-26
3	863.309697	1.510097e-08	9.164000e-01	1.285216e-26
3	201.741588	4.087111e-08	9.824000e-01	2.887174e-11
3	9655.331081	1.536373e-08	8.328000e-01	3.409500e-26
3	2939.246361	1.526145e-08	8.834000e-01	2.040645e-26
3	1637.274127	1.519346e-08	9.010000e-01	1.405374e-26
3	20074.527374	1.540770e-08	7.888000e-01	9.424196e-25
3	201.741588	4.087111e-08	9.824000e-01	2.887174e-11
3	20074.527486	1.540770e-08	7.888000e-01	2.933139e-25
3	11806.512768	1.537708e-08	8.218000e-01	1.361931e-25
3	2070.879006	1.522240e-08	8.944000e-01	1.239755e-26
3	3552.289455	1.528072e-08	8.768000e-01	7.156594e-26
3	1155.563066	1.514589e-08	9.098000e-01	1.335654e-26
3	561.080063	1.502290e-08	9.252000e-01	5.056025e-27
3	201.037993	1.911239e-08	9.626000e-01	1.521667e-11
3	7425.932697	1.534474e-08	8.460000e-01	4.804266e-26
3	654.190270	9.886373e-11	9.098000e-01	1.156394e-23
3	201.037993	1.911238e-08	9.626000e-01	1.521667e-11
3	12746.402543	1.538190e-08	8.174000e-01	4.056633e-26
3	201.888303	4.678449e-08	9.846000e-01	2.960864e-11
3	654.357593	4.935567e-11	8.438000e-01	3.561339e-23
3	10912.650950	1.537198e-08	8.262000e-01	1.027405e-25
3	2569.428708	1.524700e-08	8.878000e-01	1.002361e-26
3	202.422035	3.385849e-07	9.978001e-01	3.113942e-11
3	7772.077425	1.534817e-08	8.438000e-01	3.999749e-26
3	561.080079	1.502290e-08	9.252000e-01	6.100028e-27
3	202.710769	1.483591e-08	9.516000e-01	1.694620e-12
3	654.357593	4.935567e-11	8.438000e-01	3.281426e-23
3	201.166605	2.711847e-08	9.736000e-01	2.441288e-11
3	1155.563132	1.514589e-08	9.098000e-01	4.031378e-27
3	201.741588	4.087111e-08	9.824000e-01	2.887174e-11
3	6138.332570	1.532977e-08	8.548000e-01	1.984861e-26
3	1919.262216	1.521329e-08	8.966000e-01	1.133468e-26
3	201.166605	2.711847e-08	9.736000e-01	2.441288e-11
3	699.992618	1.506505e-08	9.208000e-01	6.971199e-27
3	200.962942	2.030411e-08	9.648000e-01	1.739180e-11
3	1919.262073	1.521329e-08	8.966000e-01	8.022576e-27
3	236.230482	1.474248e-08	9.428000e-01	2.775677e-26
3	3552.289493	1.528072e-08	8.768000e-01	5.346310e-26
3	500.564076	1.499896e-08	9.274000e-01	1.537810e-26
3	863.309703	1.510097e-08	9.164000e-01	5.179128e-27
3	6445.958886	1.533371e-08	8.526000e-01	3.175532e-26
3	209.531430	1.461891e-08	9.472000e-01	2.139333e-26
3	22795.340753	1.541412e-08	7.800000e-01	3.554086e-19
3	203.930225	1.454187e-08	9.494000e-01	2.456719e-26
3	5550.828949	1.532144e-08	8.592000e-01	4.705582e-26
3	1382.962170	1.517116e-08	9.054000e-01	1.195350e-27
3	654.401403	3.411474e-11	7.910000e-01	5.763200e-22
3	16993.763068	1.539877e-08	7.998000e-01	2.141928e-25
3	201.166605	2.711846e-08	9.736000e-01	2.441288e-11
3	654.332261	5.728126e-11	8.614000e-01	1.647512e-22
3	201.059851	2.501388e-08	9.714000e-01	2.290466e-11
3	16418.282171	1.539685e-08	8.020000e-01	1.136025e-25
3	18184.806774	1.540247e-08	7.954000e-01	3.991680e-25
3	8494.437690	1.535469e-08	8.394000e-01	1.068640e-26
3	21405.487367	1.541098e-08	7.844000e-01	1.239550e-24
3	3135.709194	1.526817e-08	8.812000e-01	1.867250e-26
3	201.439214	3.260846e-08	9.780000e-01	2.695113e-11
3	654.393513	3.710735e-11	8.042000e-01	4.949163e-23
3	202.397214	1.660802e-07	9.956000e-01	3.120818e-11
3	654.095317	1.228140e-10	9.230000e-01	6.460509e-24
3	21405.487153	1.541098e-08	7.844000e-01	8.249827e-25
3	202.025166	5.467871e-08	9.868000e-01	3.020136e-11
3	3135.709168	1.526817e-08	8.812000e-01	8.364187e-27
3	2939.246367	1.526145e-08	8.834000e-01	3.252393e-26
3	954.335440	1.511701e-08	9.142000e-01	4.089251e-27
3	10063.519176	1.536657e-08	8.306000e-01	2.637119e-26
3	201.166605	2.711847e-08	9.736000e-01	2.441288e-11
3	6763.010980	1.533751e-08	8.504000e-01	4.464268e-26
3	202.337175	1.101576e-07	9.934000e-01	3.115296e-11
3	22795.340011	1.541412e-08	7.800000e-01	4.028280e-19
3	1382.962179	1.517116e-08	9.054000e-01	1.561945e-26
3	202.422035	3.385851e-07	9.978001e-01	3.113942e-11
3	-1.000000	-1.000000e+00	-1.000000e+00	-1.000000e+00
3	284.108825	1.483719e-08	9.384000e-01	8.520495e-27
3	649.844769	4.702397e-10	9.626000e-01	2.674319e-25
3	10063.518971	1.536656e-08	8.306000e-01	6.258849e-26
3	2750.522166	1.525440e-08	8.856000e-01	3.266572e-26
3	11806.512510	1.537708e-08	8.218000e-01	5.921083e-26
3	3772.630440	1.528658e-08	8.746000e-01	3.708906e-26
3	654.201398	9.576277e-11	9.076000e-01	1.898899e-25
3	18184.806651	1.540247e-08	7.954000e-01	9.017902e-27
3	9257.856084	1.536082e-08	8.350000e-01	9.908064e-27
3	652.962366	2.492496e-10	9.494000e-01	5.151129e-25
3	11806.512705	1.537708e-08	8.218000e-01	1.049070e-25
3	7425.932839	1.534474e-08	8.460000e-01	6.237476e-26
3	13234.027342	1.538421e-08	8.152000e-01	1.787299e-25
3	316.184215	1.487670e-08	9.362000e-01	4.483885e-27
3	654.324572	5.962794e-11	8.658000e-01	9.728063e-24
3	654.354836	5.023727e-11	8.460000e-01	1.515079e-24
3	4001.157255	1.529220e-08	8.724000e-01	6.155871e-27
3	3135.709092	1.526817e-08	8.812000e-01	4.730390e-26
3	4999.464601	1.531246e-08	8.636000e-01	4.113567e-26
3	12270.622332	1.537952e-08	8.196000e-01	8.120880e-26
3	202.165470	1.552010e-08	9.538000e-01	4.762063e-12
3	9257.855974	1.536082e-08	8.350000e-01	1.000163e-25
3	954.335447	1.511701e-08	9.142000e-01	6.882476e-27
3	561.080062	1.502290e-08	9.252000e-01	1.401575e-26
3	7772.077445	1.534817e-08	8.438000e-01	2.821199e-26
3	201.184478	1.805757e-08	9.604000e-01	1.286880e-11
3	10482.573652	1.536931e-08	8.284000e-01	6.493218e-26
3	21405.489216	1.541098e-08	7.844000e-01	5.904188e-26
3	202.710769	1.483591e-08	9.516000e-01	1.694619e-12
3	1774.760190	1.520366e-08	8.988000e-01	4.797207e-27
3	201.184478	1.805757e-08	9.604000e-01	1.286880e-11
3	201.059851	2.501388e-08	9.714000e-01	2.290466e-11
3	2070.878970	1.522240e-08	8.944000e-01	1.648739e-27
3	654.254187	8.056520e-11	8.944000e-01	5.094661e-24
3	5839.999506	1.532568e-08	8.570000e-01	2.526019e-26
3	9257.855998	1.536082e-08	8.350000e-01	4.518114e-26
3	23264.324393	1.581132e-08	7.975999e-01	1.000000e-08
3	202.422035	3.385850e-07	9.978001e-01	3.113942e-11
3	19430.601119	1.540600e-08	7.910000e-01	1.673129e-25
3	22795.341791	1.541412e-08	7.800000e-01	1.210650e-18
3	627.528364	1.504485e-08	9.230000e-01	5.599455e-27
3	561.080081	1.502290e-08	9.252000e-01	3.168141e-27
3	5270.692981	1.531703e-08	8.614000e-01	2.997329e-26
3	3772.630629	1.528658e-08	8.746000e-01	2.128233e-26
3	654.190270	9.886373e-11	9.098000e-01	6.974046e-24
3	284.108848	1.483719e-08	9.384000e-01	9.837751e-27
3	15306.432033	1.539285e-08	8.064000e-01	1.764116e-25
3	8870.941182	1.535780e-08	8.372000e-01	3.451601e-26
3	18184.804953	1.540247e-08	7.954000e-01	4.183756e-26
3	654.291919	6.942787e-11	8.812000e-01	7.267853e-24
3	16993.766346	1.539877e-08	7.998000e-01	1.809838e-25
3	202.165470	1.552010e-08	9.538000e-01	4.762064e-12
3	201.413618	1.711818e-08	9.582000e-01	1.034566e-11
3	24630.350127	1.696933e-08	8.416000e-01	1.000000e-08
3	200.984036	2.321462e-08	9.692000e-01	2.123340e-11
3	4999.464660	1.531246e-08	8.636000e-01	2.279800e-26
3	627.528368	1.504485e-08	9.230000e-01	5.433781e-27
3	201.439214	3.260846e-08	9.780000e-01	2.695113e-11
3	500.564047	1.499896e-08	9.274000e-01	8.651741e-27
3	236.230472	1.474248e-08	9.428000e-01	6.822457e-27
3	12746.403278	1.538190e-08	8.174000e-01	9.907949e-26
3	202.710769	1.483591e-08	9.516000e-01	1.694618e-12
3	654.291919	6.942787e-11	8.812000e-01	4.941019e-24
3	9655.331174	1.536373e-08	8.328000e-01	4.275160e-26
3	627.528392	1.504485e-08	9.230000e-01	8.651491e-27
3	654.221312	9.010804e-11	9.032000e-01	3.152452e-23
3	653.420428	2.116289e-10	9.450000e-01	1.653529e-24
3	201.184478	1.805757e-08	9.604000e-01	1.286880e-11
3	10063.519211	1.536657e-08	8.306000e-01	3.916277e-26
3	654.221312	9.010803e-11	9.032000e-01	6.028539e-24
3	200.948435	2.165990e-08	9.670000e-01	1.939659e-11
3	9655.331336	1.536373e-08	8.328000e-01	1.284136e-25
3	4737.018761	1.530769e-08	8.658000e-01	4.974331e-26
3	353.788008	1.491207e-08	9.340000e-01	2.673590e-27
3	654.150412	1.095144e-10	9.164000e-01	1.514233e-24
3	8870.941356	1.535780e-08	8.372000e-01	1.406971e-25
3	654.351973	5.114695e-11	8.482000e-01	3.355797e-23
3	3552.289611	1.528072e-08	8.768000e-01	3.616000e-26
3	654.320352	6.129577e-11	8.701996e-01	8.559063e-13
3	654.351973	5.114695e-11	8.482000e-01	2.872800e-23
3	1265.945355	1.515893e-08	9.076000e-01	7.512551e-27
3	648.306220	5.968995e-10	9.670000e-01	1.756153e-25
3	201.888303	4.678450e-08	9.846000e-01	2.960864e-11
3	954.335403	1.511701e-08	9.142000e-01	9.302550e-27
3	10063.518888	1.536657e-08	8.306000e-01	6.883809e-26
3	15306.431388	1.539285e-08	8.064000e-01	4.507580e-26
3	353.788008	1.491207e-08	9.340000e-01	7.540711e-27
3	1155.563104	1.514589e-08	9.098000e-01	1.939223e-26
3	257.483524	1.479278e-08	9.406000e-01	4.123566e-28
3	202.710769	1.483591e-08	9.516000e-01	1.694618e-12
3	22795.339840	1.541412e-08	7.800000e-01	5.189743e-19
3	1382.962088	1.517116e-08	9.054000e-01	1.374169e-26
3	654.362808	4.767155e-11	8.394000e-01	1.424600e-23
3	1506.706814	1.518265e-08	9.032000e-01	7.294690e-28
3	445.897635	1.497274e-08	9.296000e-01	8.311277e-27
3	201.736815	1.627702e-08	9.560000e-01	7.644483e-12
3	2569.428725	1.524700e-08	8.878000e-01	5.816260e-26
3	1919.262171	1.521329e-08	8.966000e-01	1.827687e-27
3	9655.331290	1.536373e-08	8.328000e-01	7.617611e-26
3	5839.999575	1.532568e-08	8.570000e-01	2.008112e-26
3	3552.289525	1.528072e-08	8.768000e-01	1.132030e-26
3	4737.018891	1.530769e-08	8.658000e-01	3.260211e-26
3	4237.985304	1.529758e-08	8.702000e-01	7.388939e-26
3	201.888303	4.678449e-08	9.846000e-01	2.960864e-11
3	12746.403184	1.538190e-08	8.174000e-01	1.442180e-25
3	7772.077412	1.534817e-08	8.438000e-01	2.730417e-26
3	1774.760155	1.520366e-08	8.988000e-01	1.504066e-26
3	220.272249	1.468506e-08	9.450000e-01	8.686933e-27
3	4999.464467	1.531245e-08	8.636000e-01	4.263902e-26
3	200.984036	2.321462e-08	9.692000e-01	2.123340e-11
3	2750.522152	1.525440e-08	8.856000e-01	5.208751e-26
3	201.439214	3.260846e-08	9.780000e-01	2.695113e-11
3	201.741588	4.087111e-08	9.824000e-01	2.887174e-11
3	2569.428737	1.524700e-08	8.878000e-01	5.823258e-27
3	203.930225	1.454187e-08	9.494000e-01	1.781789e-26
3	2939.246258	1.526145e-08	8.834000e-01	3.372291e-27
3	209.531434	1.461891e-08	9.472000e-01	2.752392e-26
3	7425.932646	1.534474e-08	8.460000e-01	1.123819e-25
3	9257.855861	1.536082e-08	8.350000e-01	8.259134e-26
3	201.413618	1.711818e-08	9.582000e-01	1.034566e-11
3	8128.198184	1.535148e-08	8.416000e-01	1.158736e-25
3	284.108847	1.483719e-08	9.384000e-01	6.053122e-27
3	396.999230	1.494392e-08	9.318000e-01	6.563305e-27
3	202.422035	3.385849e-07	9.978001e-01	3.113942e-11
3	654.382128	4.118670e-11	8.196000e-01	4.019276e-23
3	654.406938	3.190797e-11	7.800000e-01	2.853001e-11
3	9655.331175	1.536373e-08	8.328000e-01	1.602905e-26
3	4737.018601	1.530769e-08	8.658000e-01	2.753716e-26
3	2070.879079	1.522240e-08	8.944000e-01	9.699695e-27
3	643.385753	1.048177e-09	9.758000e-01	3.291738e-26
3	201.037993	1.911239e-08	9.626000e-01	1.521667e-11
3	201.184478	1.805757e-08	9.604000e-01	1.286880e-11
3	9655.331100	1.536373e-08	8.328000e-01	3.363493e-26
3	2395.859784	1.523922e-08	8.900000e-01	3.031592e-27
3	1774.760196	1.520366e-08	8.988000e-01	9.203779e-26
3	1382.962172	1.517116e-08	9.054000e-01	3.853226e-26
3	4483.232700	1.530274e-08	8.680000e-01	1.508534e-26
3	1919.262050	1.521329e-08	8.966000e-01	8.027957e-27
3	209.531433	1.461891e-08	9.472000e-01	8.368245e-27
3	3135.709288	1.526817e-08	8.812000e-01	3.864277e-26
3	2395.859883	1.523922e-08	8.900000e-01	5.793878e-27
3	201.166605	2.711846e-08	9.736000e-01	2.441288e-11
3	2229.711076	1.523103e-08	8.922000e-01	4.172278e-27
3	7089.623587	1.534119e-08	8.482000e-01	2.744547e-26
3	7772.077422	1.534817e-08	8.438000e-01	2.764050e-26
3	236.230471	1.474248e-08	9.428000e-01	1.582910e-26
3	14245.498742	1.538865e-08	8.108000e-01	1.166767e-25
3	653.220137	2.289008e-10	9.472000e-01	8.081430e-25
3	201.741588	4.087111e-08	9.824000e-01	2.887174e-11
3	201.059851	2.501388e-08	9.714000e-01	2.290466e-11
3	201.888303	4.678449e-08	9.846000e-01	2.960864e-11
3	201.059851	2.501388e-08	9.714000e-01	2.290466e-11
3	202.337175	1.101576e-07	9.934000e-01	3.115296e-11
3	201.166605	2.711846e-08	9.736000e-01	2.441288e-11
3	13733.668220	1.538646e-08	8.130000e-01	5.977091e-26
3	3552.289379	1.528072e-08	8.768000e-01	1.315535e-26
3	24630.350122	1.696933e-08	8.416000e-01	1.000000e-08
3	202.147918	6.574499e-08	9.890000e-01	3.065367e-11
3	202.165470	1.552010e-08	9.538000e-01	4.762064e-12
3	647.416341	6.764487e-10	9.692000e-01	8.791457e-26
3	23264.324385	1.581132e-08	7.975999e-01	1.000000e-08
3	9257.855930	1.536082e-08	8.350000e-01	4.574838e-26
3	10063.518881	1.536656e-08	8.306000e-01	4.299077e-26
3	8870.941219	1.535780e-08	8.372000e-01	1.894544e-25
3	-1.000000	-1.000000e+00	-1.000000e+00	-1.000000e+00
3	2569.428654	1.524700e-08	8.878000e-01	1.151406e-26
3	5270.693022	1.531703e-08	8.614000e-01	1.305281e-26
3	6445.958979	1.533371e-08	8.526000e-01	1.552440e-26
3	3135.709300	1.526817e-08	8.812000e-01	4.954965e-26
3	22092.944771	1.541257e-08	7.822000e-01	8.687650e-26
3	3552.289611	1.528072e-08	8.768000e-01	1.046655e-26
3	209.531430	1.461891e-08	9.472000e-01	1.578332e-26
3	200.984036	2.321462e-08	9.692000e-01	2.123340e-11
3	9257.855995	1.536082e-08	8.350000e-01	1.901561e-25
3	202.710769	1.483591e-08	9.516000e-01	1.694618e-12
3	10912.651042	1.537198e-08	8.262000e-01	1.256174e-25
3	6445.958907	1.533371e-08	8.526000e-01	1.402333e-26
3	9655.331084	1.536373e-08	8.328000e-01	8.160344e-26
3	653.575483	1.968605e-10	9.428000e-01	1.299335e-24
3	9257.855917	1.536082e-08	8.350000e-01	5.762074e-26
3	561.080094	1.502290e-08	9.252000e-01	1.631453e-26
3	4483.232752	1.530274e-08	8.680000e-01	4.040011e-26
3	200.962942	2.030411e-08	9.648000e-01	1.739180e-11
3	3340.019806	1.527459e-08	8.790000e-01	2.549217e-26
3	627.528322	1.504485e-08	9.230000e-01	1.411154e-27
3	16993.766489	1.539877e-08	7.998000e-01	5.183217e-25
3	445.897673	1.497274e-08	9.296000e-01	1.248526e-26
3	8494.437683	1.535469e-08	8.394000e-01	1.587084e-26
3	201.413618	1.711818e-08	9.582000e-01	1.034567e-11
3	19430.601258	1.540600e-08	7.910000e-01	1.807726e-25
3	201.439214	3.260846e-08	9.780000e-01	2.695113e-11
3	202.252955	8.237172e-08	9.912000e-01	3.096952e-11
3	654.286370	7.107582e-11	8.834000e-01	1.348707e-23
3	12270.622566	1.537952e-08	8.196000e-01	7.009935e-26
3	5550.829103	1.532144e-08	8.592000e-01	1.701098e-26
3	200.948435	2.165990e-08	9.670000e-01	1.939658e-11
3	14245.498160	1.538865e-08	8.108000e-01	1.826581e-25
3	1051.723451	1.513195e-08	9.120000e-01	9.899610e-27
3	23264.324434	1.581132e-08	7.975999e-01	1.000000e-08
3	654.211709	9.285006e-11	9.054000e-01	4.507172e-24
3	18184.806910	1.540247e-08	7.954000e-01	5.780312e-25
3	2070.879081	1.522240e-08	8.944000e-01	3.066821e-26
3	653.923412	1.546440e-10	9.340000e-01	1.878084e-24
3	2569.428598	1.524700e-08	8.878000e-01	7.470993e-27
3	627.528312	1.504485e-08	9.230000e-01	1.105468e-26
3	202.252955	8.237172e-08	9.912000e-01	3.096952e-11
3	699.992673	1.506505e-08	9.208000e-01	1.847385e-26
3	1774.760123	1.520366e-08	8.988000e-01	3.670113e-28
3	4237.985183	1.529758e-08	8.702000e-01	4.635582e-26
3	2750.522101	1.525440e-08	8.856000e-01	1.488814e-26
3	1506.706842	1.518265e-08	9.032000e-01	6.534497e-28
3	8494.437594	1.535469e-08	8.394000e-01	7.849013e-26
3	654.400190	3.458563e-11	7.932000e-01	6.186493e-22
3	9257.855943	1.536082e-08	8.350000e-01	4.939470e-26
3	200.948435	2.165990e-08	9.670000e-01	1.939659e-11
3	2750.522243	1.525440e-08	8.856000e-01	6.004759e-26
3	8870.941329	1.535780e-08	8.372000e-01	9.256008e-26
3	4737.018845	1.530769e-08	8.658000e-01	1.931493e-26
3	13733.669637	1.538646e-08	8.130000e-01	3.246506e-26
3	654.339354	5.509628e-11	8.570000e-01	5.358819e-24
3	654.230296	8.752130e-11	9.010000e-01	2.893887e-23
3	500.564068	1.499896e-08	9.274000e-01	5.553257e-27
3	10063.519054	1.536657e-08	8.306000e-01	3.434820e-26
3	627.528365	1.504485e-08	9.230000e-01	2.233026e-27
3	13234.029033	1.538421e-08	8.152000e-01	6.158387e-26
3	654.392044	3.764802e-11	8.064000e-01	1.121840e-22
3	3552.289411	1.528072e-08	8.768000e-01	3.925173e-27
3	10912.650901	1.537198e-08	8.262000e-01	3.413911e-26
3	23264.324603	1.581132e-08	7.975999e-01	1.000000e-08
3	627.528397	1.504485e-08	9.230000e-01	3.870570e-27
3	202.397214	1.660802e-07	9.956000e-01	3.120818e-11
3	561.080044	1.502290e-08	9.252000e-01	4.082239e-27
3	10912.651052	1.537198e-08	8.262000e-01	5.317295e-26
3	4999.464412	1.531246e-08	8.636000e-01	2.362807e-26
3	627.528383	1.504485e-08	9.230000e-01	2.261786e-27
3	11806.512547	1.537708e-08	8.218000e-01	3.539311e-27
3	3135.709200	1.526817e-08	8.812000e-01	1.493363e-26
3	954.335470	1.511701e-08	9.142000e-01	8.177074e-28
3	10482.573583	1.536931e-08	8.284000e-01	5.865670e-26
3	316.184197	1.487670e-08	9.362000e-01	1.994020e-28
3	23264.324472	1.581132e-08	7.975999e-01	1.000000e-08
3	5550.829190	1.532144e-08	8.592000e-01	7.465810e-27
3	201.059851	2.501388e-08	9.714000e-01	2.290466e-11
3	13733.667162	1.538646e-08	8.130000e-01	7.866022e-26
3	654.261296	7.847902e-11	8.922000e-01	1.431048e-23
3	220.272248	1.468506e-08	9.450000e-01	4.002646e-27
3	-1.000000	-1.000000e+00	-1.000000e+00	-1.000000e+00
3	-1.000000	-1.000000e+00	-1.000000e+00	-1.000000e+00
3	13733.669023	1.538646e-08	8.130000e-01	2.433980e-25
3	201.184478	1.805757e-08	9.604000e-01	1.286880e-11
3	-1.000000	-1.000000e+00	-1.000000e+00	-1.000000e+00
3	3552.289636	1.528072e-08	8.768000e-01	6.034844e-27
3	561.080073	1.502290e-08	9.252000e-01	1.364859e-26
3	2939.246456	1.526145e-08	8.834000e-01	5.679566e-27
3	2070.879086	1.522240e-08	8.944000e-01	2.096947e-26
3	654.280554	7.279906e-11	8.856000e-01	1.303381e-24
3	22795.340331	1.541412e-08	7.800000e-01	4.078951e-19
3	22795.340578	1.541412e-08	7.800000e-01	3.240690e-19
3	653.695823	1.841198e-10	9.406000e-01	1.886187e-25
3	652.226996	3.017851e-10	9.538000e-01	1.635652e-25
3	202.165470	1.552010e-08	9.538000e-01	4.762063e-12
3	203.930225	1.454187e-08	9.494000e-01	7.682402e-28
3	201.439214	3.260846e-08	9.780000e-01	2.695113e-11
3	201.166605	2.711846e-08	9.736000e-01	2.441288e-11
3	14769.689932	1.539078e-08	8.086000e-01	1.388400e-25
3	7425.932714	1.534474e-08	8.460000e-01	1.230417e-26
3	16418.279547	1.539685e-08	8.020000e-01	5.263196e-26
3	2750.522208	1.525440e-08	8.856000e-01	3.266124e-26
3	1382.962083	1.517116e-08	9.054000e-01	6.539946e-27
3	654.150412	1.095144e-10	9.164000e-01	4.799366e-24
3	200.962942	2.030411e-08	9.648000e-01	1.739180e-11
3	7089.623485	1.534119e-08	8.482000e-01	2.700738e-26
3	201.439214	3.260846e-08	9.780000e-01	2.695113e-11
3	2750.522238	1.525440e-08	8.856000e-01	2.342554e-26
3	8870.941313	1.535780e-08	8.372000e-01	7.493938e-26
3	10912.650978	1.537198e-08	8.262000e-01	1.382601e-25
3	863.309692	1.510097e-08	9.164000e-01	9.048524e-27
3	4737.018826	1.530769e-08	8.658000e-01	8.172395e-26
3	654.351973	5.114695e-11	8.482000e-01	1.465415e-23
3	22092.943948	1.541257e-08	7.822000e-01	2.281641e-24
3	6763.011063	1.533751e-08	8.504000e-01	1.369904e-27
3	6445.958941	1.533371e-08	8.526000e-01	5.382787e-27
3	2939.246237	1.526145e-08	8.834000e-01	2.024805e-26
3	654.316222	6.215575e-11	8.702000e-01	1.172470e-23
3	14245.498955	1.538865e-08	8.108000e-01	4.602197e-26
3	316.184228	1.487670e-08	9.362000e-01	1.253247e-27
3	654.392044	3.764802e-11	8.064000e-01	2.261897e-22
3	5550.829185	1.532144e-08	8.592000e-01	2.524284e-27
3	3772.630369	1.528658e-08	8.746000e-01	5.155744e-27
3	15855.899142	1.539487e-08	8.042000e-01	7.545722e-26
3	500.564063	1.499896e-08	9.274000e-01	8.005253e-27
3	201.888303	4.678449e-08	9.846000e-01	2.960864e-11
3	445.897633	1.497274e-08	9.296000e-01	9.746169e-27
3	201.736815	1.627702e-08	9.560000e-01	7.644482e-12
3	316.184211	1.487670e-08	9.362000e-01	2.638192e-27
3	2070.878996	1.522240e-08	8.944000e-01	4.928006e-27
3	18184.809613	1.540247e-08	7.954000e-01	1.157911e-26
3	201.888303	4.678450e-08	9.846000e-01	2.960864e-11
3	778.557793	1.508370e-08	9.186000e-01	1.016147e-26
3	10482.573555	1.536931e-08	8.284000e-01	5.532016e-26
3	5550.828956	1.532144e-08	8.592000e-01	1.372844e-26
3	654.324572	5.962794e-11	8.658000e-01	4.881792e-24
3	654.178187	1.021731e-10	9.120000e-01	7.083284e-24
3	3772.630440	1.528658e-08	8.746000e-01	1.697145e-26
3	4737.018914	1.530769e-08	8.658000e-01	6.384098e-26
3	653.923412	1.546440e-10	9.340000e-01	8.769334e-25
3	13733.666407	1.538646e-08	8.130000e-01	1.545763e-25
3	7425.932778	1.534474e-08	8.460000e-01	2.511321e-26
3	699.992608	1.506505e-08	9.208000e-01	7.354874e-27
3	201.439214	3.260846e-08	9.780000e-01	2.695113e-11
3	500.564063	1.499896e-08	9.274000e-01	1.251681e-26
3	8494.437649	1.535469e-08	8.394000e-01	2.570587e-26
3	20732.753941	1.540936e-08	7.866000e-01	6.996779e-25
3	4001.157079	1.529220e-08	8.724000e-01	2.869594e-27
3	201.295694	2.961129e-08	9.758000e-01	2.576076e-11
3	18184.809551	1.540247e-08	7.954000e-01	3.687380e-27
3	12270.622374	1.537952e-08	8.196000e-01	1.020712e-25
3	4483.232859	1.530274e-08	8.680000e-01	3.649941e-26
3	18184.809160	1.540247e-08	7.954000e-01	2.175496e-25
3	699.992626	1.506505e-08	9.208000e-01	8.822268e-27
3	8870.941150	1.535780e-08	8.372000e-01	4.530820e-26
3	15306.432299	1.539285e-08	8.064000e-01	1.555965e-25
3	13234.027652	1.538421e-08	8.152000e-01	1.134230e-25
3	19430.600471	1.540600e-08	7.910000e-01	3.357661e-25
3	654.178187	1.021731e-10	9.120000e-01	1.476819e-23
3	20074.528439	1.540770e-08	7.888000e-01	8.783401e-25
3	654.332261	5.728126e-11	8.614000e-01	1.112557e-24
3	11806.512840	1.537708e-08	8.218000e-01	6.104063e-26
3	202.147918	6.574500e-08	9.890000e-01	3.065367e-11
3	652.226995	3.017851e-10	9.538000e-01	3.287499e-25
3	201.888303	4.678449e-08	9.846000e-01	2.960864e-11
3	8494.437643	1.535469e-08	8.394000e-01	1.792101e-26
3	12270.622474	1.537952e-08	8.196000e-01	5.176989e-26
3	8128.198165	1.535148e-08	8.416000e-01	6.482136e-27
3	2070.878953	1.522240e-08	8.944000e-01	3.398027e-26
3	651.736208	3.352242e-10	9.560000e-01	1.265155e-24
3	201.037993	1.911239e-08	9.626000e-01	1.521667e-11
3	8128.198158	1.535148e-08	8.416000e-01	1.508322e-25
3	201.888303	4.678450e-08	9.846000e-01	2.960864e-11
3	2939.246327	1.526145e-08	8.834000e-01	4.813221e-27
3	654.348998	5.208613e-11	8.504000e-01	4.459924e-23
3	699.992636	1.506505e-08	9.208000e-01	2.816437e-26
3	10912.651036	1.537198e-08	8.262000e-01	2.548106e-26
3	1051.723402	1.513195e-08	9.120000e-01	1.601898e-27
3	316.184202	1.487670e-08	9.362000e-01	1.039406e-27
3	202.252955	8.237173e-08	9.912000e-01	3.096952e-11
3	4237.985476	1.529758e-08	8.702000e-01	2.612859e-27
3	203.930225	1.454187e-08	9.494000e-01	8.946287e-27
3	201.741588	4.087111e-08	9.824000e-01	2.887174e-11
3	202.337175	1.101576e-07	9.934000e-01	3.115296e-11
3	1265.945298	1.515893e-08	9.076000e-01	5.084260e-26
3	-1.000000	-1.000000e+00	-1.000000e+00	-1.000000e+00
3	4483.232726	1.530274e-08	8.680000e-01	4.090128e-26
3	202.025167	5.467872e-08	9.868000e-01	3.020136e-11
3	316.184217	1.487670e-08	9.362000e-01	3.670778e-27
3	652.226996	3.017851e-10	9.538000e-01	6.395138e-25
3	236.230480	1.474248e-08	9.428000e-01	2.135947e-26
3	3340.019894	1.527459e-08	8.790000e-01	3.890541e-26
3	954.335418	1.511701e-08	9.142000e-01	4.008488e-27
3	316.184228	1.487670e-08	9.362000e-01	1.205760e-26
3	1506.706750	1.518265e-08	9.032000e-01	4.900973e-27
3	23264.324406	1.581132e-08	7.975999e-01	1.000000e-08
3	18800.763274	1.540425e-08	7.932000e-01	1.109836e-25
3	653.923412	1.546440e-10	9.340000e-01	3.869338e-24
3	-1.000000	-1.000000e+00	-1.000000e+00	-1.000000e+00
3	6445.958980	1.533371e-08	8.526000e-01	3.260533e-26
3	12746.403358	1.538190e-08	8.174000e-01	3.551244e-25
3	561.080071	1.502290e-08	9.252000e-01	1.089621e-26
3	654.190270	9.886373e-11	9.098000e-01	1.746389e-24
3	201.439214	3.260846e-08	9.780000e-01	2.695113e-11
3	18800.762893	1.540425e-08	7.932000e-01	3.159256e-25
3	3340.019827	1.527459e-08	8.790000e-01	2.860376e-27
3	653.971430	1.469344e-10	9.318000e-01	1.690204e-24
3	22092.944433	1.541257e-08	7.822000e-01	4.614333e-25
3	1919.262093	1.521329e-08	8.966000e-01	3.050813e-27
3	3340.019897	1.527459e-08	8.790000e-01	4.133010e-26
3	9655.331407	1.536373e-08	8.328000e-01	1.268821e-25
3	5839.999408	1.532568e-08	8.570000e-01	6.706897e-26
3	2070.879002	1.522240e-08	8.944000e-01	1.524709e-26
3	11806.512714	1.537708e-08	8.218000e-01	1.094865e-26
3	201.166605	2.711846e-08	9.736000e-01	2.441288e-11
3	13733.669039	1.538646e-08	8.130000e-01	2.564850e-26
3	2395.859854	1.523922e-08	8.900000e-01	3.499334e-26
3	201.059851	2.501388e-08	9.714000e-01	2.290466e-11
3	653.923412	1.546440e-10	9.340000e-01	5.136638e-25
3	11353.910185	1.537456e-08	8.240000e-01	1.399694e-26
3	561.080098	1.502290e-08	9.252000e-01	5.447413e-27
3	200.962942	2.030411e-08	9.648000e-01	1.739180e-11
3	12270.622259	1.537952e-08	8.196000e-01	5.248681e-26
3	201.413618	1.711818e-08	9.582000e-01	1.034566e-11
3	202.397214	1.660803e-07	9.956000e-01	3.120818e-11
3	654.372160	4.458756e-11	8.306000e-01	3.557375e-23
3	561.080062	1.502290e-08	9.252000e-01	7.113394e-27
3	200.962942	2.030411e-08	9.648000e-01	1.739180e-11
3	2939.246418	1.526145e-08	8.834000e-01	2.213229e-26
3	201.037993	1.911239e-08	9.626000e-01	1.521667e-11
3	257.483515	1.479278e-08	9.406000e-01	9.126915e-27
3	4737.018639	1.530769e-08	8.658000e-01	6.204456e-27
3	202.397214	1.660803e-07	9.956000e-01	3.120818e-11
3	16993.765920	1.539877e-08	7.998000e-01	7.600914e-25
3	778.557801	1.508370e-08	9.186000e-01	8.898565e-27
3	561.080047	1.502290e-08	9.252000e-01	4.307503e-27
3	13733.669707	1.538646e-08	8.130000e-01	2.171524e-26
3	200.962942	2.030411e-08	9.648000e-01	1.739180e-11
3	396.999234	1.494392e-08	9.318000e-01	5.400912e-27
3	201.413618	1.711818e-08	9.582000e-01	1.034567e-11
3	654.396312	3.606363e-11	7.998000e-01	1.387565e-22
3	200.962942	2.030411e-08	9.648000e-01	1.739180e-11
3	4999.464514	1.531246e-08	8.636000e-01	2.954269e-26
3	10063.519086	1.536657e-08	8.306000e-01	3.882475e-26
3	654.134214	1.136050e-10	9.186000e-01	1.689366e-24
3	3135.709159	1.526817e-08	8.812000e-01	2.126289e-26
3	5839.999514	1.532568e-08	8.570000e-01	2.600463e-26
3	200.948435	2.165990e-08	9.670000e-01	1.939659e-11
3	201.184478	1.805757e-08	9.604000e-01	1.286880e-11
3	2569.428765	1.524700e-08	8.878000e-01	3.227090e-27
3	1774.760184	1.520366e-08	8.988000e-01	2.508821e-26
3	13733.666787	1.538646e-08	8.130000e-01	1.032835e-25
3	396.999228	1.494392e-08	9.318000e-01	6.501028e-27
3	647.416341	6.764487e-10	9.692000e-01	2.014688e-25
3	202.025166	5.467871e-08	9.868000e-01	3.020136e-11
3	202.337175	1.101576e-07	9.934000e-01	3.115296e-11
3	627.528336	1.504485e-08	9.230000e-01	4.086755e-27
3	13234.026226	1.538421e-08	8.152000e-01	8.961627e-26
3	4737.018814	1.530769e-08	8.658000e-01	7.033014e-26
3	201.413618	1.711818e-08	9.582000e-01	1.034566e-11
3	8870.941152	1.535780e-08	8.372000e-01	6.305554e-26
3	3135.709124	1.526817e-08	8.812000e-01	1.198551e-26
3	6138.332516	1.532977e-08	8.548000e-01	2.122740e-26
3	201.439214	3.260846e-08	9.780000e-01	2.695113e-11
3	9257.855998	1.536082e-08	8.350000e-01	7.572169e-26
3	2395.859864	1.523922e-08	8.900000e-01	1.308599e-26
3	5550.829156	1.532144e-08	8.592000e-01	2.688426e-26
3	3340.020044	1.527458e-08	8.790000e-01	2.767588e-26
3	13733.668196	1.538646e-08	8.130000e-01	1.395364e-25
3	12270.622621	1.537952e-08	8.196000e-01	5.544277e-26
3	6763.011004	1.533752e-08	8.504000e-01	3.251165e-26
3	353.787983	1.491207e-08	9.340000e-01	2.553988e-26
3	13234.029431	1.538421e-08	8.152000e-01	2.239311e-25
3	23264.324284	1.581132e-08	7.975999e-01	1.000000e-08
3	10912.650936	1.537198e-08	8.262000e-01	1.140395e-25
3	11353.910036	1.537456e-08	8.240000e-01	9.187969e-26
3	202.397214	1.660802e-07	9.956000e-01	3.120818e-11
3	2939.246278	1.526145e-08	8.834000e-01	2.524751e-26
3	22795.340456	1.541412e-08	7.800000e-01	5.548297e-20
3	3772.630541	1.528658e-08	8.746000e-01	1.009978e-26
3	9257.855939	1.536082e-08	8.350000e-01	8.013313e-26
3	22795.341692	1.541412e-08	7.800000e-01	9.280049e-19
3	201.037993	1.911239e-08	9.626000e-01	1.521667e-11
3	22092.944868	1.541257e-08	7.822000e-01	1.182135e-24
3	647.416341	6.764487e-10	9.692000e-01	1.782586e-25
3	200.984036	2.321462e-08	9.692000e-01	2.123340e-11
3	202.397214	1.660802e-07	9.956000e-01	3.120818e-11
3	200.984036	2.321462e-08	9.692000e-01	2.123340e-11
3	11806.512583	1.537708e-08	8.218000e-01	9.195140e-26
3	201.166605	2.711846e-08	9.736000e-01	2.441288e-11
3	24630.350117	1.696933e-08	8.416000e-01	1.000000e-08
3	778.557750	1.508370e-08	9.186000e-01	7.796074e-27
3	4237.985350	1.529758e-08	8.702000e-01	2.536845e-26
3	2750.522246	1.525440e-08	8.856000e-01	2.148822e-26
3	257.483529	1.479278e-08	9.406000e-01	1.414111e-27
3	654.307134	6.488751e-11	8.746000e-01	2.032568e-23
3	699.992694	1.506505e-08	9.208000e-01	7.703795e-27
3	13234.029512	1.538421e-08	8.152000e-01	6.136986e-26
3	22092.945302	1.541257e-08	7.822000e-01	2.359776e-24
3	201.413618	1.711818e-08	9.582000e-01	1.034566e-11
3	8870.941220	1.535780e-08	8.372000e-01	4.173622e-26
3	10912.650955	1.537198e-08	8.262000e-01	2.920905e-26
3	649.105908	5.290290e-10	9.648000e-01	9.755103e-26
3	201.184478	1.805757e-08	9.604000e-01	1.286880e-11
3	220.272248	1.468506e-08	9.450000e-01	1.078388e-25
3	4999.464585	1.531245e-08	8.636000e-01	1.042336e-26
3	201.295694	2.961129e-08	9.758000e-01	2.576076e-11
3	653.220137	2.289008e-10	9.472000e-01	6.688766e-26
3	22795.341246	1.541412e-08	7.800000e-01	9.691334e-19
3	1155.563085	1.514589e-08	9.098000e-01	2.332326e-26
3	654.268041	7.649418e-11	8.900000e-01	7.191871e-24
3	2750.522149	1.525440e-08	8.856000e-01	2.930255e-26
3	2229.711063	1.523103e-08	8.922000e-01	1.007419e-26
3	654.280554	7.279906e-11	8.856000e-01	1.661105e-23
3	201.166605	2.711846e-08	9.736000e-01	2.441288e-11
3	654.178187	1.021731e-10	9.120000e-01	9.135653e-24
3	2070.879019	1.522240e-08	8.944000e-01	7.413429e-27
3	14245.498455	1.538865e-08	8.108000e-01	1.169667e-25
3	7089.623433	1.534119e-08	8.482000e-01	8.807047e-26
3	653.923412	1.546440e-10	9.340000e-01	3.397343e-24
3	653.695823	1.841198e-10	9.406000e-01	3.325733e-24
3	12270.622556	1.537952e-08	8.196000e-01	1.830023e-25
3	10482.573610	1.536931e-08	8.284000e-01	7.659095e-27
3	202.710769	1.483591e-08	9.516000e-01	1.694618e-12
3	7425.932689	1.534474e-08	8.460000e-01	1.548966e-26
3	1506.706833	1.518265e-08	9.032000e-01	2.799275e-26
3	2395.859788	1.523922e-08	8.900000e-01	5.739082e-26
3	8870.941230	1.535780e-08	8.372000e-01	1.804070e-26
3	20074.528529	1.540770e-08	7.888000e-01	3.503128e-25
3	6445.958817	1.533371e-08	8.526000e-01	3.339929e-26
3	3135.709206	1.526817e-08	8.812000e-01	2.070524e-27
3	10482.573541	1.536931e-08	8.284000e-01	5.335965e-26
3	6445.958812	1.533371e-08	8.526000e-01	2.104407e-26
3	627.528372	1.504485e-08	9.230000e-01	1.051917e-26
3	202.397214	1.660803e-07	9.956000e-01	3.120818e-11
3	14769.689410	1.539078e-08	8.086000e-01	1.171233e-25
3	2750.522184	1.525440e-08	8.856000e-01	1.433628e-26
3	201.589991	3.627779e-08	9.802000e-01	2.798705e-11
3	284.108844	1.483719e-08	9.384000e-01	1.086168e-26
3	4001.157100	1.529220e-08	8.724000e-01	1.784432e-26
3	23264.324286	1.581132e-08	7.975999e-01	1.000000e-08
3	8870.941155	1.535780e-08	8.372000e-01	5.629451e-27
3	202.025166	5.467871e-08	9.868000e-01	3.020136e-11
3	627.528377	1.504485e-08	9.230000e-01	2.445703e-26
3	4737.018918	1.530769e-08	8.658000e-01	4.227549e-26
3	2070.879139	1.522240e-08	8.944000e-01	3.386513e-26
3	12746.400381	1.538190e-08	8.174000e-01	8.116184e-26
3	5270.693062	1.531703e-08	8.614000e-01	5.755216e-26
3	651.736208	3.352242e-10	9.560000e-01	5.006719e-26
3	220.272249	1.468506e-08	9.450000e-01	1.330340e-27
3	4001.157058	1.529220e-08	8.724000e-01	6.828550e-28
3	1265.945332	1.515893e-08	9.076000e-01	3.250768e-27
3	201.741588	4.087111e-08	9.824000e-01	2.887174e-11
3	445.897681	1.497274e-08	9.296000e-01	6.712420e-27
3	699.992684	1.506505e-08	9.208000e-01	3.354981e-27
3	13733.669670	1.538646e-08	8.130000e-01	3.195667e-26
3	209.531432	1.461891e-08	9.472000e-01	6.516162e-27
3	3135.709063	1.526817e-08	8.812000e-01	1.652150e-26
3	1637.274085	1.519346e-08	9.010000e-01	1.745477e-26
3	654.164975	1.057143e-10	9.142000e-01	1.375633e-24
3	201.741588	4.087111e-08	9.824000e-01	2.887174e-11
3	202.422035	3.385851e-07	9.978001e-01	3.113942e-11
3	20074.528302	1.540770e-08	7.888000e-01	1.115707e-25
3	201.741588	4.087111e-08	9.824000e-01	2.887174e-11
3	201.413618	1.711818e-08	9.582000e-01	1.034566e-11
3	10912.650901	1.537198e-08	8.262000e-01	2.978103e-25
3	8870.941194	1.535780e-08	8.372000e-01	1.016361e-25
3	3772.630521	1.528658e-08	8.746000e-01	1.142944e-26
3	654.010865	1.400034e-10	9.296000e-01	6.370651e-25
3	9257.855936	1.536082e-08	8.350000e-01	7.573417e-27
3	2070.878963	1.522240e-08	8.944000e-01	1.351067e-26
3	14769.692787	1.539078e-08	8.086000e-01	9.954150e-26
3	5839.999524	1.532568e-08	8.570000e-01	2.017204e-26
3	15306.430803	1.539285e-08	8.064000e-01	3.066414e-26
3	863.309696	1.510097e-08	9.164000e-01	1.018069e-26
3	8494.437697	1.535470e-08	8.394000e-01	9.782275e-26
3	1382.962148	1.517116e-08	9.054000e-01	6.918292e-27
3	10912.651025	1.537198e-08	8.262000e-01	1.082316e-25
3	1637.274099	1.519346e-08	9.010000e-01	7.205076e-27
3	3340.019873	1.527459e-08	8.790000e-01	1.866207e-26
3	14769.691446	1.539078e-08	8.086000e-01	7.646872e-26
3	21405.487557	1.541098e-08	7.844000e-01	2.618665e-24
3	8870.941206	1.535780e-08	8.372000e-01	1.476505e-25
3	257.483531	1.479278e-08	9.406000e-01	2.926090e-27
3	12746.400379	1.538190e-08	8.174000e-01	1.448610e-25
3	-1.000000	-1.000000e+00	-1.000000e+00	-1.000000e+00
3	22795.341221	1.541412e-08	7.800000e-01	1.688828e-20
3	5839.999488	1.532568e-08	8.570000e-01	9.764769e-27
3	11353.910201	1.537456e-08	8.240000e-01	1.501819e-25
3	954.335483	1.511701e-08	9.142000e-01	6.085635e-27
3	257.483514	1.479278e-08	9.406000e-01	5.946076e-28
3	3135.709186	1.526817e-08	8.812000e-01	1.624682e-26
3	651.167644	3.741226e-10	9.582000e-01	1.005507e-25
3	201.736815	1.627702e-08	9.560000e-01	7.644484e-12
3	4237.985239	1.529758e-08	8.702000e-01	2.932011e-27
3	31984.836611	2.428312e-08	9.846000e-01	1.000000e-08
3	1265.945385	1.515893e-08	9.076000e-01	2.787673e-27
3	627.528340	1.504485e-08	9.230000e-01	1.625283e-26
3	1919.262040	1.521329e-08	8.966000e-01	3.650046e-26
3	202.422035	3.385851e-07	9.978001e-01	3.113942e-11
3	9655.331255	1.536373e-08	8.328000e-01	1.867711e-25
3	5839.999562	1.532568e-08	8.570000e-01	1.306666e-26
3	4001.157220	1.529220e-08	8.724000e-01	4.136400e-26
3	200.962942	2.030411e-08	9.648000e-01	1.739180e-11
3	220.272247	1.468506e-08	9.450000e-01	8.430508e-27
3	8494.437673	1.535469e-08	8.394000e-01	4.292658e-27
3	12746.402954	1.538190e-08	8.174000e-01	6.913397e-26
3	1774.760108	1.520366e-08	8.988000e-01	5.741516e-27
3	15855.899655	1.539487e-08	8.042000e-01	4.573965e-26
3	202.252955	8.237172e-08	9.912000e-01	3.096952e-11
3	22092.943779	1.541257e-08	7.822000e-01	4.092132e-24
3	201.589991	3.627779e-08	9.802000e-01	2.798705e-11
3	653.971430	1.469344e-10	9.318000e-01	5.630298e-24
3	654.383922	4.055908e-11	8.174000e-01	3.192556e-23
3	2229.711039	1.523103e-08	8.922000e-01	6.972947e-26
3	3135.709066	1.526817e-08	8.812000e-01	2.046542e-26
3	396.999198	1.494392e-08	9.318000e-01	3.740159e-27
3	236.230470	1.474248e-08	9.428000e-01	3.659815e-27
3	202.252955	8.237172e-08	9.912000e-01	3.096952e-11
3	1637.274169	1.519346e-08	9.010000e-01	8.305753e-27
3	627.528324	1.504485e-08	9.230000e-01	7.798754e-27
3	202.397214	1.660802e-07	9.956000e-01	3.120818e-11
3	1919.262054	1.521329e-08	8.966000e-01	1.047874e-26
3	15855.899558	1.539487e-08	8.042000e-01	1.934466e-25
3	2070.879058	1.522240e-08	8.944000e-01	2.277149e-26
3	316.184228	1.487670e-08	9.362000e-01	1.172919e-26
3	699.992618	1.506505e-08	9.208000e-01	9.475972e-27
3	200.948435	2.165990e-08	9.670000e-01	1.939659e-11
3	20074.526988	1.540770e-08	7.888000e-01	2.059908e-25
3	236.230474	1.474248e-08	9.428000e-01	3.086689e-26
3	2939.246393	1.526145e-08	8.834000e-01	5.403734e-26
3	654.291919	6.942787e-11	8.812000e-01	2.495328e-23
3	1265.945371	1.515893e-08	9.076000e-01	8.504947e-27
3	202.710769	1.483591e-08	9.516000e-01	1.694620e-12
3	201.439214	3.260846e-08	9.780000e-01	2.695113e-11
3	10912.650967	1.537198e-08	8.262000e-01	3.043395e-26
3	202.422035	3.385850e-07	9.978001e-01	3.113942e-11
3	4483.232914	1.530274e-08	8.680000e-01	1.099879e-26
3	2070.878946	1.522240e-08	8.944000e-01	1.315574e-26
3	654.268041	7.649418e-11	8.900000e-01	5.678089e-24
3	8870.941321	1.535780e-08	8.372000e-01	6.502758e-26
3	648.306220	5.968995e-10	9.670000e-01	5.096486e-26
3	500.564044	1.499896e-08	9.274000e-01	9.720206e-27
3	3552.289560	1.528072e-08	8.768000e-01	4.504314e-26
3	7089.623414	1.534119e-08	8.482000e-01	2.371473e-27
3	6138.332564	1.532977e-08	8.548000e-01	6.069917e-27
3	202.422035	3.385849e-07	9.978001e-01	3.113942e-11
3	2569.428614	1.524700e-08	8.878000e-01	5.843675e-26
3	654.211709	9.285006e-11	9.054000e-01	5.199968e-24
3	24332.806627	1.671632e-08	8.328000e-01	1.000000e-08
3	1919.262089	1.521329e-08	8.966000e-01	3.626946e-27
3	863.309685	1.510097e-08	9.164000e-01	4.630361e-26
3	1919.262194	1.521329e-08	8.966000e-01	1.463929e-27
3	202.710769	1.483591e-08	9.516000e-01	1.694619e-12
3	2750.522206	1.525440e-08	8.856000e-01	4.465776e-26
3	654.383922	4.055908e-11	8.174000e-01	7.386088e-23
3	1265.945337	1.515893e-08	9.076000e-01	7.118985e-27
3	200.948435	2.165990e-08	9.670000e-01	1.939658e-11
3	647.416341	6.764487e-10	9.692000e-01	3.132658e-26
3	14245.497546	1.538865e-08	8.108000e-01	3.660591e-25
3	202.147918	6.574500e-08	9.890000e-01	3.065367e-11
3	203.930225	1.454187e-08	9.494000e-01	1.493779e-25
3	1265.945382	1.515893e-08	9.076000e-01	6.883393e-28
3	2939.246235	1.526145e-08	8.834000e-01	2.900834e-26
3	209.531432	1.461891e-08	9.472000e-01	1.412476e-26
3	201.037993	1.911239e-08	9.626000e-01	1.521667e-11
3	202.025167	5.467871e-08	9.868000e-01	3.020136e-11
3	18184.806511	1.540247e-08	7.954000e-01	2.708710e-25
3	778.557745	1.508370e-08	9.186000e-01	3.920245e-27
3	14245.497218	1.538865e-08	8.108000e-01	9.922407e-26
3	699.992611	1.506505e-08	9.208000e-01	8.832199e-27
3	-1.000000	-1.000000e+00	-1.000000e+00	-1.000000e+00
3	7425.932843	1.534474e-08	8.460000e-01	2.413755e-26
3	2229.711048	1.523103e-08	8.922000e-01	3.507546e-26
3	2569.428722	1.524700e-08	8.878000e-01	6.425085e-27
3	1506.706897	1.518265e-08	9.032000e-01	3.172582e-27
3	18800.763082	1.540425e-08	7.932000e-01	1.901786e-25
3	22092.944699	1.541257e-08	7.822000e-01	1.157213e-24
3	4483.232700	1.530274e-08	8.680000e-01	1.419413e-26
3	201.184478	1.805757e-08	9.604000e-01	1.286880e-11
3	1919.262155	1.521329e-08	8.966000e-01	2.723254e-27
3	-1.000000	-1.000000e+00	-1.000000e+00	-1.000000e+00
3	22092.945230	1.541257e-08	7.822000e-01	4.730931e-25
3	202.397214	1.660802e-07	9.956000e-01	3.120818e-11
3	653.923412	1.546440e-10	9.340000e-01	9.353525e-25
3	396.999225	1.494392e-08	9.318000e-01	1.433824e-26
3	14769.692043	1.539078e-08	8.086000e-01	2.838820e-25
3	15306.431252	1.539285e-08	8.064000e-01	2.894431e-25
3	-1.000000	-1.000000e+00	-1.000000e+00	-1.000000e+00
3	11353.909868	1.537456e-08	8.240000e-01	1.619992e-25
3	6445.958955	1.533371e-08	8.526000e-01	1.163196e-27
3	647.416341	6.764487e-10	9.692000e-01	8.199477e-26
3	18184.809485	1.540247e-08	7.954000e-01	7.739906e-26
3	23264.324603	1.581132e-08	7.975999e-01	1.000000e-08
3	5839.999527	1.532568e-08	8.570000e-01	6.103736e-26
3	12746.403620	1.538190e-08	8.174000e-01	6.584285e-26
3	654.316222	6.215575e-11	8.702000e-01	4.535429e-23
3	202.397214	1.660802e-07	9.956000e-01	3.120818e-11
3	654.261296	7.847902e-11	8.922000e-01	2.782250e-24
3	16418.282096	1.539685e-08	8.020000e-01	1.193805e-25
3	201.439214	3.260846e-08	9.780000e-01	2.695113e-11
3	654.190270	9.886373e-11	9.098000e-01	1.482035e-23
3	18184.805230	1.540247e-08	7.954000e-01	2.310137e-25
3	654.385657	3.994738e-11	8.152000e-01	2.448727e-23
3	643.385753	1.048177e-09	9.758000e-01	1.617279e-25
3	653.420428	2.116289e-10	9.450000e-01	1.302015e-25
3	5550.828960	1.532144e-08	8.592000e-01	2.286218e-26
3	654.369947	4.532563e-11	8.328000e-01	1.719367e-23
3	202.025166	5.467871e-08	9.868000e-01	3.020136e-11
3	4999.464459	1.531245e-08	8.636000e-01	2.161427e-27
3	654.332261	5.728126e-11	8.614000e-01	4.852373e-24
3	654.268041	7.649418e-11	8.900000e-01	1.450818e-23
3	6763.011048	1.533751e-08	8.504000e-01	1.982367e-25
3	6138.332516	1.532977e-08	8.548000e-01	1.616067e-26
3	1506.706814	1.518265e-08	9.032000e-01	3.599527e-26
3	10482.573669	1.536931e-08	8.284000e-01	3.174149e-26
3	2750.522166	1.525440e-08	8.856000e-01	5.928395e-27
3	654.254187	8.056520e-11	8.944000e-01	7.218301e-24
3	3135.709182	1.526817e-08	8.812000e-01	5.962509e-27
3	4737.018792	1.530769e-08	8.658000e-01	2.710138e-26
3	202.397214	1.660802e-07	9.956000e-01	3.120818e-11
3	16993.763699	1.539877e-08	7.998000e-01	4.424554e-25
3	1265.945324	1.515893e-08	9.076000e-01	2.008514e-26
3	1506.706849	1.518265e-08	9.032000e-01	3.168983e-26
3	23264.324657	1.581132e-08	7.975999e-01	1.000000e-08
3	1919.262215	1.521329e-08	8.966000e-01	2.245713e-27
3	18184.806382	1.540247e-08	7.954000e-01	1.035913e-25
3	699.992683	1.506505e-08	9.208000e-01	2.775188e-29
3	10482.573525	1.536931e-08	8.284000e-01	5.938225e-26
3	200.948435	2.165990e-08	9.670000e-01	1.939659e-11
3	13733.669045	1.538646e-08	8.130000e-01	3.441088e-26
3	22092.943926	1.541257e-08	7.822000e-01	1.095662e-24
3	2395.858638	1.523922e-08	8.900000e-01	3.167999e-26
3	236.230472	1.474248e-08	9.428000e-01	7.885411e-27
3	5270.693168	1.531703e-08	8.614000e-01	1.872257e-26
3	202.165470	1.552010e-08	9.538000e-01	4.762064e-12
3	9655.331279	1.536373e-08	8.328000e-01	7.807205e-26
3	-1.000000	-1.000000e+00	-1.000000e+00	-1.000000e+00
3	316.184211	1.487670e-08	9.362000e-01	1.035100e-26
3	3340.020014	1.527459e-08	8.790000e-01	3.752719e-27
3	12270.622304	1.537952e-08	8.196000e-01	3.057187e-26
3	200.948435	2.165990e-08	9.670000e-01	1.939658e-11
3	3552.289449	1.528072e-08	8.768000e-01	7.157464e-27
3	7425.932701	1.534474e-08	8.460000e-01	2.835425e-26
3	202.165471	1.552010e-08	9.538000e-01	4.762062e-12
3	3135.709191	1.526817e-08	8.812000e-01	1.922498e-26
3	1382.962066	1.517116e-08	9.054000e-01	1.695095e-26
3	16993.764790	1.539877e-08	7.998000e-01	9.814661e-26
3	1774.760102	1.520366e-08	8.988000e-01	1.283128e-26
3	201.888303	4.678450e-08	9.846000e-01	2.960864e-11
3	15855.899546	1.539487e-08	8.042000e-01	2.783703e-25
3	1051.723448	1.513195e-08	9.120000e-01	1.222542e-26
3	654.261296	7.847902e-11	8.922000e-01	9.495876e-24
3	201.166605	2.711847e-08	9.736000e-01	2.441288e-11
3	6445.958953	1.533371e-08	8.526000e-01	4.502122e-26
3	202.025167	5.467872e-08	9.868000e-01	3.020136e-11
3	209.531434	1.461891e-08	9.472000e-01	4.381788e-27
3	6138.332578	1.532977e-08	8.548000e-01	1.936986e-26
3	200.962942	2.030411e-08	9.648000e-01	1.739180e-11
3	22092.943851	1.541257e-08	7.822000e-01	1.650971e-24
3	10912.650946	1.537198e-08	8.262000e-01	2.423097e-26
3	16993.765850	1.539877e-08	7.998000e-01	2.745046e-25
3	445.897665	1.497274e-08	9.296000e-01	3.337188e-27
3	202.397214	1.660802e-07	9.956000e-01	3.120818e-11
3	654.357593	4.935567e-11	8.438000e-01	3.161227e-23
3	3135.709294	1.526817e-08	8.812000e-01	2.106126e-27
3	201.736815	1.627702e-08	9.560000e-01	7.644484e-12
3	1637.274089	1.519346e-08	9.010000e-01	6.319350e-27
3	4737.018868	1.530769e-08	8.658000e-01	3.334476e-26
3	20074.528824	1.540770e-08	7.888000e-01	4.281635e-25
3	4001.157120	1.529220e-08	8.724000e-01	2.028664e-27
3	8128.198112	1.535148e-08	8.416000e-01	1.528309e-27
3	2939.246456	1.526145e-08	8.834000e-01	1.940117e-27
3	3552.289417	1.528072e-08	8.768000e-01	3.311699e-26
3	22092.944794	1.541257e-08	7.822000e-01	1.377864e-24
3	202.337175	1.101576e-07	9.934000e-01	3.115296e-11
3	654.354836	5.023727e-11	8.460000e-01	8.951147e-24
3	16418.279156	1.539685e-08	8.020000e-01	4.070463e-26
3	201.888303	4.678449e-08	9.846000e-01	2.960864e-11
3	4737.018719	1.530769e-08	8.658000e-01	4.953911e-26
3	4483.232730	1.530274e-08	8.680000e-01	3.335181e-26
3	18184.808761	1.540247e-08	7.954000e-01	2.554349e-27
3	18800.762811	1.540425e-08	7.932000e-01	2.546828e-25
3	200.984036	2.321462e-08	9.692000e-01	2.123340e-11
3	5270.693034	1.531703e-08	8.614000e-01	2.104380e-26
3	3552.289636	1.528072e-08	8.768000e-01	1.803497e-26
