32	20357.834816	1.718424e-08	8.500000e-01	8.042520e-26
32	276.485468	2.892623e-08	9.820000e-01	1.649209e-11
32	279.874391	8.768185e-08	9.940000e-01	2.148199e-11
32	22798.589635	1.719417e-08	8.440000e-01	8.542796e-26
32	5376.838886	1.702782e-08	9.040000e-01	2.120899e-26
32	31216.435988	1.721943e-08	8.260000e-01	7.900032e-26
32	11679.294135	1.712846e-08	8.760000e-01	3.529089e-26
32	25417.250628	1.720328e-08	8.380000e-01	7.247532e-27
32	3516.253359	1.695931e-08	9.160000e-01	4.319143e-26
32	992.101930	1.667653e-08	9.420000e-01	1.522073e-26
32	42689.162241	1.724150e-08	8.060000e-01	2.301250e-25
32	3251.012069	1.694546e-08	9.180000e-01	2.196328e-27
32	277.917031	3.728648e-08	9.860000e-01	1.888603e-11
32	277.834027	1.586652e-08	9.640000e-01	2.607627e-27
32	41433.483519	1.723952e-08	8.080000e-01	1.935899e-25
32	12825.302837	1.713873e-08	8.720000e-01	1.689066e-26
32	2529.035739	1.689840e-08	9.240000e-01	5.712310e-27
32	5733.314747	1.703729e-08	9.020000e-01	5.147394e-26
32	42689.162302	1.724150e-08	8.060000e-01	4.751886e-26
32	1732.852441	1.681875e-08	9.320000e-01	6.189914e-27
32	724.118552	1.543908e-10	9.580000e-01	9.347763e-25
32	280.128667	1.320253e-07	9.960000e-01	2.170122e-11
32	280.268146	2.674153e-07	9.980001e-01	2.175873e-11
32	280.128667	1.320253e-07	9.960000e-01	2.170122e-11
32	18088.302105	1.717338e-08	8.560000e-01	7.944871e-26
32	35522.639265	1.722890e-08	8.180000e-01	2.246188e-25
32	43970.097049	1.724344e-08	8.040000e-01	8.891687e-25
32	24524.172191	1.720033e-08	8.400000e-01	5.619248e-27
32	7297.942796	1.707096e-08	8.940000e-01	2.393020e-26
32	34411.785269	1.722661e-08	8.200000e-01	1.447479e-25
32	43970.097174	1.724344e-08	8.040000e-01	5.020350e-25
32	43970.097919	1.724344e-08	8.040000e-01	3.286976e-25
32	280.268146	2.674152e-07	9.980001e-01	2.175873e-11
32	724.486055	1.349063e-10	9.540000e-01	3.228927e-25
32	32258.982730	1.722188e-08	8.240000e-01	3.296941e-26
32	7724.662509	1.707846e-08	8.920000e-01	7.482006e-27
32	1403.467444	1.676897e-08	9.360000e-01	1.637020e-26
32	7724.662579	1.707846e-08	8.920000e-01	9.021638e-27
32	724.118552	1.543908e-10	9.580000e-01	2.181710e-25
32	273.202983	1.997890e-08	9.740000e-01	9.362946e-12
32	280.128667	1.320253e-07	9.960000e-01	2.170122e-11
32	277.230527	3.258065e-08	9.840000e-01	1.778387e-11
32	38996.578323	1.723542e-08	8.120000e-01	9.976857e-26
32	723.906257	1.666321e-10	9.600000e-01	1.573352e-25
32	726.443545	3.963261e-11	8.760000e-01	3.375378e-24
32	3251.012174	1.694546e-08	9.180000e-01	1.910150e-26
32	9093.073003	1.709912e-08	8.860000e-01	4.973501e-26
32	273.202983	1.997890e-08	9.740000e-01	9.362947e-12
32	15983.573917	1.716145e-08	8.620000e-01	1.665750e-26
32	294.059279	1.600632e-08	9.620000e-01	1.303723e-26
32	726.126741	5.778811e-11	9.100000e-01	3.564192e-24
32	46609.066514	1.724718e-08	8.000000e-01	3.237616e-19
32	31216.436828	1.721943e-08	8.260000e-01	7.768828e-26
32	12825.302830	1.713873e-08	8.720000e-01	1.847941e-26
32	18826.189506	1.717711e-08	8.540000e-01	7.319001e-27
32	34411.788064	1.722662e-08	8.200000e-01	2.290609e-25
32	726.363434	4.468296e-11	8.880000e-01	9.010310e-25
32	2998.164350	1.693076e-08	9.200000e-01	6.468857e-27
32	726.653344	2.275011e-11	8.040000e-01	1.305028e-22
32	15317.549144	1.715721e-08	8.640000e-01	4.456756e-26
32	12244.130516	1.713369e-08	8.740000e-01	7.586069e-26
32	1118.379197	1.671014e-08	9.400000e-01	5.616006e-27
32	25417.250636	1.720328e-08	8.380000e-01	4.176122e-26
32	41433.483754	1.723952e-08	8.080000e-01	4.086050e-25
32	278.533599	4.356899e-08	9.880000e-01	1.980251e-11
32	7297.943233	1.707096e-08	8.940000e-01	1.489984e-26
32	43970.097838	1.724344e-08	8.040000e-01	1.026325e-25
32	10597.812491	1.711740e-08	8.800000e-01	2.590377e-26
32	19582.621215	1.718073e-08	8.520000e-01	5.768391e-26
32	272.690496	1.606444e-08	9.660000e-01	1.135281e-12
32	1118.379182	1.671014e-08	9.400000e-01	3.220028e-28
32	23651.371244	1.719729e-08	8.420000e-01	1.223541e-26
32	725.864860	7.065057e-11	9.240000e-01	3.471786e-24
32	2998.164547	1.693076e-08	9.200000e-01	3.680210e-27
32	726.465366	3.817205e-11	8.720000e-01	7.906028e-24
32	13423.018590	1.714359e-08	8.700000e-01	2.926963e-26
32	725.644909	8.084534e-11	9.320000e-01	1.511601e-25
32	1562.553116	1.679485e-08	9.340000e-01	6.092118e-27
32	-1.000000	-1.000000e+00	-1.000000e+00	-1.000000e+00
32	2998.164417	1.693076e-08	9.200000e-01	1.135517e-26
32	725.506641	8.712509e-11	9.360000e-01	6.032797e-26
32	42689.163432	1.724150e-08	8.060000e-01	3.846159e-25
32	1914.506474	1.684087e-08	9.300000e-01	6.383645e-27
32	726.253149	5.104817e-11	9.000000e-01	2.146270e-24
32	726.312884	4.767027e-11	8.940000e-01	1.604902e-24
32	726.454717	3.889007e-11	8.740000e-01	7.021254e-26
32	13423.018534	1.714359e-08	8.700000e-01	4.581244e-26
32	8165.967066	1.708564e-08	8.900000e-01	6.668305e-27
32	12244.130568	1.713369e-08	8.740000e-01	3.959139e-27
32	272.390172	1.855455e-08	9.720000e-01	7.076747e-12
32	725.041275	1.082480e-10	9.460000e-01	9.227637e-25
32	453.735373	1.638101e-08	9.540000e-01	7.135718e-28
32	276.485469	2.892623e-08	9.820000e-01	1.649209e-11
32	2312.452390	1.688055e-08	9.260000e-01	1.135360e-26
32	8165.967245	1.708564e-08	8.900000e-01	4.507358e-27
32	19582.621273	1.718073e-08	8.520000e-01	6.483551e-26
32	38996.580514	1.723542e-08	8.120000e-01	1.446832e-25
32	14668.927349	1.715282e-08	8.660000e-01	1.172126e-26
32	16667.222991	1.716556e-08	8.600000e-01	1.176623e-26
32	725.706291	7.803325e-11	9.300000e-01	1.486719e-25
32	676.719470	1.655333e-08	9.480000e-01	7.833844e-27
32	49857.956113	1.844715e-08	8.339999e-01	1.000000e-08
32	31216.437851	1.721943e-08	8.260000e-01	1.520216e-25
32	13423.018523	1.714359e-08	8.700000e-01	2.545782e-26
32	4084.542199	1.698468e-08	9.120000e-01	7.964032e-27
32	294.059294	1.600632e-08	9.620000e-01	7.046891e-27
32	41433.484329	1.723952e-08	8.080000e-01	3.210784e-25
32	726.096395	5.934192e-11	9.120000e-01	3.187669e-24
32	21152.070311	1.718765e-08	8.480000e-01	7.269895e-26
32	319.625685	1.612315e-08	9.600000e-01	2.413162e-27
32	33323.999793	1.722428e-08	8.220000e-01	1.782343e-25
32	2998.164454	1.693076e-08	9.200000e-01	2.233624e-26
32	7724.662468	1.707846e-08	8.920000e-01	1.061496e-26
32	21152.070748	1.718765e-08	8.480000e-01	5.450751e-26
32	42689.162533	1.724150e-08	8.060000e-01	1.429018e-25
32	273.202983	1.997890e-08	9.740000e-01	9.362947e-12
32	278.533599	4.356899e-08	9.880000e-01	1.980251e-11
32	21965.573004	1.719095e-08	8.460000e-01	1.229554e-26
32	8165.967109	1.708564e-08	8.900000e-01	1.517055e-27
32	26330.857067	1.720615e-08	8.360000e-01	3.396596e-25
32	14037.489038	1.714829e-08	8.680000e-01	5.336644e-26
32	11679.293815	1.712846e-08	8.760000e-01	4.675019e-27
32	723.672498	1.811838e-10	9.620000e-01	3.447278e-25
32	31216.430557	1.721943e-08	8.260000e-01	4.343213e-26
32	14037.489378	1.714829e-08	8.680000e-01	6.397342e-26
32	722.515928	2.814522e-10	9.700000e-01	5.985911e-25
32	280.268146	2.674151e-07	9.980001e-01	2.175873e-11
32	43970.098014	1.724344e-08	8.040000e-01	2.015055e-25
32	399.331007	1.630724e-08	9.560000e-01	5.150760e-27
32	35522.636609	1.722890e-08	8.180000e-01	3.166007e-25
32	724.486055	1.349063e-10	9.540000e-01	6.627769e-25
32	45276.620070	1.724533e-08	8.020000e-01	4.599992e-26
32	8622.041777	1.709252e-08	8.880000e-01	1.010731e-26
32	34411.789922	1.722662e-08	8.200000e-01	4.938716e-25
32	45276.619780	1.724533e-08	8.020000e-01	1.934269e-24
32	12244.130835	1.713369e-08	8.740000e-01	3.244152e-26
32	725.763142	7.540900e-11	9.280000e-01	9.255049e-25
32	42689.163106	1.724150e-08	8.060000e-01	1.235339e-24
32	9093.072709	1.709912e-08	8.860000e-01	1.869736e-26
32	4084.542176	1.698468e-08	9.120000e-01	6.160341e-27
32	25417.251096	1.720328e-08	8.380000e-01	1.039278e-25
32	9093.073095	1.709912e-08	8.860000e-01	5.567802e-27
32	6487.535110	1.705491e-08	8.980000e-01	7.154409e-27
32	270.906418	1.625706e-08	9.680000e-01	1.884381e-12
32	23651.371484	1.719729e-08	8.420000e-01	4.145114e-26
32	4387.907904	1.699634e-08	9.100000e-01	1.919129e-26
32	726.603830	2.753915e-11	8.320000e-01	5.431578e-23
32	2107.658151	1.686142e-08	9.280000e-01	6.045635e-28
32	726.207136	5.355793e-11	9.040000e-01	1.275533e-24
32	24524.172365	1.720033e-08	8.400000e-01	1.737042e-25
32	8165.966931	1.708564e-08	8.900000e-01	3.098008e-26
32	36656.847365	1.723112e-08	8.160000e-01	6.444238e-25
32	319.625692	1.612315e-08	9.600000e-01	1.550250e-27
32	1118.379159	1.671014e-08	9.400000e-01	2.054523e-27
32	29197.614232	1.721433e-08	8.300000e-01	4.342170e-26
32	726.443545	3.963261e-11	8.760000e-01	6.408774e-24
32	725.644909	8.084534e-11	9.320000e-01	7.331908e-25
32	9093.072553	1.709912e-08	8.860000e-01	1.401525e-26
32	30196.073795	1.721691e-08	8.280000e-01	3.999045e-25
32	272.390172	1.855455e-08	9.720000e-01	7.076748e-12
32	7297.943216	1.707096e-08	8.940000e-01	8.155730e-27
32	274.036888	2.164757e-08	9.760000e-01	1.144522e-11
32	13423.018745	1.714359e-08	8.700000e-01	3.053946e-26
32	15983.573831	1.716145e-08	8.620000e-01	1.361740e-26
32	3251.012372	1.694546e-08	9.180000e-01	7.674641e-27
32	2312.452453	1.688055e-08	9.260000e-01	3.568213e-27
32	992.101888	1.667653e-08	9.420000e-01	1.454494e-26
32	25417.250806	1.720328e-08	8.380000e-01	2.582359e-26
32	16667.223283	1.716556e-08	8.600000e-01	5.974600e-26
32	13423.018234	1.714359e-08	8.700000e-01	8.279448e-27
32	14668.927004	1.715282e-08	8.660000e-01	3.743598e-26
32	42689.162365	1.724149e-08	8.060000e-01	1.919695e-24
32	38996.581219	1.723542e-08	8.120000e-01	5.618771e-26
32	15983.573067	1.716145e-08	8.620000e-01	3.727090e-26
32	29197.613302	1.721433e-08	8.300000e-01	1.049026e-25
32	49442.009465	1.829443e-08	8.299999e-01	1.000000e-08
32	42689.163228	1.724150e-08	8.060000e-01	2.570458e-25
32	21965.573105	1.719095e-08	8.460000e-01	6.905063e-26
32	276.485468	2.892623e-08	9.820000e-01	1.649209e-11
32	726.347488	4.563970e-11	8.900000e-01	5.002053e-24
32	5376.838807	1.702782e-08	9.040000e-01	7.182529e-27
32	45276.620641	1.724533e-08	8.020000e-01	3.942337e-26
32	719.520331	7.597763e-10	9.820000e-01	4.817927e-25
32	279.070505	5.237471e-08	9.900000e-01	2.053757e-11
32	9093.072970	1.709912e-08	8.860000e-01	3.700079e-26
32	676.719466	1.655333e-08	9.480000e-01	2.927502e-27
32	49857.956413	1.844715e-08	8.339999e-01	1.000000e-08
32	277.917031	3.728648e-08	9.860000e-01	1.888603e-11
32	34411.791366	1.722661e-08	8.200000e-01	3.805634e-25
32	29197.613484	1.721433e-08	8.300000e-01	3.048017e-27
32	21152.070458	1.718765e-08	8.480000e-01	1.404419e-25
32	42689.162830	1.724150e-08	8.060000e-01	1.989701e-25
32	4704.302453	1.700739e-08	9.080000e-01	2.468230e-26
32	23651.371342	1.719729e-08	8.420000e-01	1.662485e-26
32	49442.010261	1.829443e-08	8.299999e-01	1.000000e-08
32	28220.773833	1.721167e-08	8.320000e-01	8.911658e-26
32	49442.010042	1.829443e-08	8.299999e-01	1.000000e-08
32	2107.658174	1.686142e-08	9.280000e-01	6.045259e-27
32	1914.506417	1.684087e-08	9.300000e-01	1.007912e-27
32	19582.621221	1.718073e-08	8.520000e-01	5.375298e-26
32	40202.720392	1.723749e-08	8.100000e-01	1.547012e-25
32	277.917031	3.728648e-08	9.860000e-01	1.888603e-11
32	46609.065775	1.724718e-08	8.000000e-01	9.156525e-19
32	3794.044346	1.697236e-08	9.140000e-01	8.828095e-27
32	273.202983	1.997890e-08	9.740000e-01	9.362946e-12
32	11679.293938	1.712846e-08	8.760000e-01	1.832745e-27
32	20357.834581	1.718424e-08	8.500000e-01	3.914480e-26
32	25417.251044	1.720328e-08	8.380000e-01	3.922307e-26
32	725.343909	9.447522e-11	9.400000e-01	7.234414e-25
32	32258.979285	1.722188e-08	8.240000e-01	7.309451e-26
32	30196.074426	1.721691e-08	8.280000e-01	8.425796e-26
32	725.251671	9.864700e-11	9.420000e-01	4.602513e-25
32	277.834024	1.586652e-08	9.640000e-01	3.482348e-27
32	279.070505	5.237471e-08	9.900000e-01	2.053757e-11
32	74913.957009	2.912973e-08	9.840000e-01	1.000000e-08
32	49857.955924	1.844715e-08	8.339999e-01	1.000000e-08
32	294.059289	1.600632e-08	9.620000e-01	7.548443e-27
32	28220.769657	1.721167e-08	8.320000e-01	4.553516e-26
32	725.428653	9.064900e-11	9.380000e-01	1.253625e-24
32	279.874391	8.768186e-08	9.940000e-01	2.148199e-11
32	42689.163510	1.724150e-08	8.060000e-01	7.884425e-25
32	1118.379170	1.671014e-08	9.400000e-01	2.690232e-27
32	-1.000000	-1.000000e+00	-1.000000e+00	-1.000000e+00
32	17368.723521	1.716953e-08	8.580000e-01	3.452900e-26
32	5733.314564	1.703729e-08	9.020000e-01	5.344763e-27
32	726.454717	3.889007e-11	8.740000e-01	9.882902e-24
32	21965.573059	1.719095e-08	8.460000e-01	5.636461e-26
32	9093.072632	1.709912e-08	8.860000e-01	2.835173e-26
32	319.625673	1.612315e-08	9.600000e-01	1.089591e-27
32	8622.041784	1.709252e-08	8.880000e-01	3.232313e-26
32	46609.065665	1.724718e-08	8.000000e-01	9.890951e-19
32	2529.035632	1.689840e-08	9.240000e-01	6.228522e-27
32	4704.302530	1.700739e-08	9.080000e-01	6.268132e-27
32	32258.979441	1.722188e-08	8.240000e-01	2.447778e-26
32	2312.452396	1.688055e-08	9.260000e-01	6.108323e-28
32	6885.626950	1.706311e-08	8.960000e-01	3.888460e-27
32	19582.621550	1.718073e-08	8.520000e-01	3.480659e-26
32	18088.301843	1.717338e-08	8.560000e-01	4.326782e-26
32	49442.010504	1.829443e-08	8.299999e-01	1.000000e-08
32	12825.302588	1.713873e-08	8.720000e-01	3.868884e-26
32	45276.619557	1.724533e-08	8.020000e-01	7.283621e-25
32	726.635028	2.461959e-11	8.160000e-01	1.346470e-22
32	280.268146	2.674151e-07	9.980001e-01	2.175873e-11
32	354.671607	1.622222e-08	9.580000e-01	6.773136e-27
32	277.230527	3.258065e-08	9.840000e-01	1.778387e-11
32	725.644909	8.084534e-11	9.320000e-01	1.125133e-24
32	7297.943291	1.707096e-08	8.940000e-01	4.011480e-26
32	726.155219	5.630978e-11	9.080000e-01	9.972475e-24
32	726.561728	3.109428e-11	8.480000e-01	3.108786e-23
32	676.719498	1.655333e-08	9.480000e-01	1.360351e-26
32	13423.019111	1.714359e-08	8.700000e-01	2.318897e-28
32	18826.189914	1.717711e-08	8.540000e-01	4.477876e-26
32	49442.009557	1.829443e-08	8.299999e-01	1.000000e-08
32	24524.172392	1.720033e-08	8.400000e-01	2.443528e-25
32	270.803644	1.569641e-08	9.660000e-01	9.629705e-26
32	876.488599	1.663956e-08	9.440000e-01	1.757781e-28
32	6487.534774	1.705491e-08	8.980000e-01	2.384381e-27
32	24524.172176	1.720033e-08	8.400000e-01	5.809625e-26
32	21965.573205	1.719095e-08	8.460000e-01	7.817177e-26
32	726.443545	3.963261e-11	8.760000e-01	2.716628e-24
32	726.454717	3.889007e-11	8.740000e-01	4.126821e-24
32	518.014903	1.644560e-08	9.520000e-01	8.627784e-27
32	725.952874	6.644621e-11	9.200000e-01	3.003745e-25
32	29197.615197	1.721433e-08	8.300000e-01	2.037961e-25
32	1403.467365	1.676897e-08	9.360000e-01	2.436983e-26
32	10080.765138	1.711155e-08	8.820000e-01	7.122808e-26
32	270.906418	1.625706e-08	9.680000e-01	1.884380e-12
32	5033.890772	1.701787e-08	9.060000e-01	6.530542e-27
32	1403.467418	1.676897e-08	9.360000e-01	5.195657e-27
32	726.363434	4.468296e-11	8.880000e-01	2.235767e-24
32	13423.019177	1.714359e-08	8.700000e-01	7.761222e-26
32	992.101922	1.667653e-08	9.420000e-01	1.994377e-26
32	28220.777593	1.721167e-08	8.320000e-01	9.959745e-26
32	1914.506486	1.684087e-08	9.300000e-01	4.515123e-26
32	18088.302018	1.717338e-08	8.560000e-01	1.023893e-25
32	43970.097441	1.724344e-08	8.040000e-01	3.228964e-26
32	40202.716541	1.723749e-08	8.100000e-01	3.039151e-25
32	21152.070625	1.718765e-08	8.480000e-01	2.413067e-26
32	4084.542423	1.698468e-08	9.120000e-01	1.149772e-26
32	724.486055	1.349063e-10	9.540000e-01	6.936372e-25
32	270.803644	1.569641e-08	9.660000e-01	3.236837e-25
32	276.485468	2.892623e-08	9.820000e-01	1.649209e-11
32	275.694869	2.600831e-08	9.800000e-01	1.500713e-11
32	1403.467423	1.676897e-08	9.360000e-01	4.114622e-27
32	280.128667	1.320253e-07	9.960000e-01	2.170122e-11
32	33324.005127	1.722428e-08	8.220000e-01	9.017417e-27
32	15317.549239	1.715721e-08	8.640000e-01	4.802465e-26
32	6103.488948	1.704631e-08	9.000000e-01	1.213992e-26
32	15983.573722	1.716145e-08	8.620000e-01	6.989562e-26
32	23651.371051	1.719729e-08	8.420000e-01	7.853850e-26
32	1914.506466	1.684087e-08	9.300000e-01	5.000360e-27
32	280.268146	2.674153e-07	9.980001e-01	2.175873e-11
32	21965.572896	1.719095e-08	8.460000e-01	1.687965e-25
32	23651.371405	1.719729e-08	8.420000e-01	8.776161e-26
32	279.070505	5.237471e-08	9.900000e-01	2.053757e-11
32	15983.573252	1.716145e-08	8.620000e-01	3.867974e-27
32	4387.907707	1.699634e-08	9.100000e-01	1.341082e-26
32	8622.041674	1.709252e-08	8.880000e-01	3.989595e-26
32	354.671633	1.622221e-08	9.580000e-01	1.106811e-26
32	34411.790588	1.722662e-08	8.200000e-01	7.791695e-26
32	277.230527	3.258065e-08	9.840000e-01	1.778387e-11
32	21965.573239	1.719095e-08	8.460000e-01	1.203260e-25
32	22798.589500	1.719417e-08	8.440000e-01	1.781342e-27
32	3794.044307	1.697236e-08	9.140000e-01	1.835615e-26
32	2757.556509	1.691510e-08	9.220000e-01	6.627963e-27
32	49442.009702	1.829443e-08	8.299999e-01	1.000000e-08
32	33323.999867	1.722428e-08	8.220000e-01	6.490211e-26
32	9093.073061	1.709912e-08	8.860000e-01	2.658053e-27
32	23651.370975	1.719729e-08	8.420000e-01	4.717089e-26
32	17368.723418	1.716953e-08	8.580000e-01	2.830354e-26
32	2998.164458	1.693076e-08	9.200000e-01	6.941667e-27
32	5376.838587	1.702782e-08	9.040000e-01	2.295087e-26
32	15983.573885	1.716145e-08	8.620000e-01	1.683368e-26
32	725.428653	9.064900e-11	9.380000e-01	1.465031e-24
32	34411.792830	1.722661e-08	8.200000e-01	1.031255e-25
32	33324.003546	1.722428e-08	8.220000e-01	1.114610e-25
32	16667.223433	1.716556e-08	8.600000e-01	2.180697e-26
32	6487.534845	1.705491e-08	8.980000e-01	1.368548e-26
32	5733.314680	1.703729e-08	9.020000e-01	3.061423e-27
32	4084.542396	1.698468e-08	9.120000e-01	1.290698e-26
32	31216.437495	1.721943e-08	8.260000e-01	5.384465e-25
32	2529.035615	1.689840e-08	9.240000e-01	1.361035e-26
32	26330.854569	1.720615e-08	8.360000e-01	3.262034e-26
32	10597.812522	1.711740e-08	8.800000e-01	1.018302e-26
32	2107.658058	1.686142e-08	9.280000e-01	1.002091e-26
32	3794.044132	1.697236e-08	9.140000e-01	2.419254e-27
32	294.059284	1.600632e-08	9.620000e-01	2.633159e-26
32	726.330659	4.663467e-11	8.920000e-01	1.230539e-23
32	21965.572770	1.719095e-08	8.460000e-01	5.342330e-27
32	279.519650	6.559979e-08	9.920000e-01	2.109579e-11
32	6103.489223	1.704631e-08	9.000000e-01	1.583179e-26
32	277.230527	3.258065e-08	9.840000e-01	1.778387e-11
32	15317.549017	1.715721e-08	8.640000e-01	5.891792e-27
32	4704.302683	1.700739e-08	9.080000e-01	6.546083e-27
32	21152.070637	1.718765e-08	8.480000e-01	1.475929e-26
32	726.567337	3.673733e-11	9.080000e-01	1.244912e-11
32	14668.927305	1.715282e-08	8.660000e-01	2.038556e-26
32	399.331027	1.630724e-08	9.560000e-01	9.479066e-27
32	277.917031	3.728648e-08	9.860000e-01	1.888603e-11
32	274.873320	2.362658e-08	9.780000e-01	1.332578e-11
32	45276.620229	1.724533e-08	8.020000e-01	2.875002e-24
32	726.443545	3.963261e-11	8.760000e-01	4.612232e-24
32	992.101900	1.667653e-08	9.420000e-01	2.271558e-27
32	43970.096973	1.724344e-08	8.040000e-01	1.088351e-24
32	5376.838734	1.702782e-08	9.040000e-01	1.424683e-26
32	24524.172118	1.720033e-08	8.400000e-01	3.594107e-26
32	5033.890632	1.701787e-08	9.060000e-01	8.359744e-27
32	30196.072286	1.721691e-08	8.280000e-01	1.703842e-25
32	14668.926669	1.715282e-08	8.660000e-01	5.257985e-26
32	41433.483822	1.723952e-08	8.080000e-01	9.240558e-25
32	319.625690	1.612315e-08	9.600000e-01	4.899380e-27
32	12825.303134	1.713873e-08	8.720000e-01	4.150996e-26
32	34411.791738	1.722661e-08	8.200000e-01	4.498929e-26
32	30196.067778	1.721691e-08	8.280000e-01	2.467523e-25
32	2529.035662	1.689840e-08	9.240000e-01	2.931360e-28
32	354.671622	1.622222e-08	9.580000e-01	5.676840e-27
32	354.671628	1.622222e-08	9.580000e-01	3.234555e-27
32	18826.189751	1.717711e-08	8.540000e-01	1.234547e-26
32	725.910427	6.848562e-11	9.220000e-01	1.490496e-24
32	270.803644	1.569641e-08	9.660000e-01	5.409277e-27
32	32258.980252	1.722188e-08	8.240000e-01	3.420562e-26
32	9579.249780	1.710546e-08	8.840000e-01	7.425929e-26
32	1914.506411	1.684087e-08	9.300000e-01	7.978517e-27
32	45276.620611	1.724533e-08	8.020000e-01	2.768677e-24
32	279.519650	6.559979e-08	9.920000e-01	2.109579e-11
32	399.331022	1.630724e-08	9.560000e-01	3.408547e-27
32	12244.130599	1.713369e-08	8.740000e-01	1.044074e-25
32	992.101898	1.667653e-08	9.420000e-01	1.117129e-26
32	1255.455438	1.674083e-08	9.380000e-01	2.399363e-26
32	21965.573226	1.719095e-08	8.460000e-01	1.577997e-26
32	20357.834447	1.718424e-08	8.500000e-01	5.063959e-27
32	2107.658186	1.686142e-08	9.280000e-01	4.047475e-27
32	18088.302135	1.717338e-08	8.560000e-01	5.172553e-26
32	37814.725236	1.723329e-08	8.140000e-01	1.892086e-25
32	4704.302636	1.700739e-08	9.080000e-01	5.237896e-26
32	5033.890859	1.701787e-08	9.060000e-01	4.347846e-27
32	23651.370940	1.719729e-08	8.420000e-01	2.271756e-26
32	271.617943	1.732607e-08	9.700000e-01	4.584567e-12
32	279.519650	6.559979e-08	9.920000e-01	2.109579e-11
32	2107.658240	1.686142e-08	9.280000e-01	6.091883e-27
32	32258.979767	1.722188e-08	8.240000e-01	1.396413e-25
32	992.101962	1.667653e-08	9.420000e-01	9.070353e-27
32	9579.249984	1.710546e-08	8.840000e-01	4.815543e-26
32	722.834205	2.473612e-10	9.680000e-01	1.374529e-25
32	3516.253430	1.695931e-08	9.160000e-01	6.704244e-27
32	34411.787728	1.722661e-08	8.200000e-01	1.131557e-26
32	354.671614	1.622221e-08	9.580000e-01	7.325418e-27
32	1562.553203	1.679485e-08	9.340000e-01	6.374742e-27
32	8622.041394	1.709252e-08	8.880000e-01	1.498259e-28
32	46609.065930	1.724718e-08	8.000000e-01	2.041425e-18
32	2757.556442	1.691510e-08	9.220000e-01	2.119536e-28
32	2757.556484	1.691510e-08	9.220000e-01	1.643175e-26
32	274.036888	2.164758e-08	9.760000e-01	1.144522e-11
32	29197.614131	1.721433e-08	8.300000e-01	3.155968e-25
32	280.268146	2.674152e-07	9.980001e-01	2.175873e-11
32	26330.860763	1.720615e-08	8.360000e-01	1.078345e-25
32	42689.163211	1.724150e-08	8.060000e-01	6.593456e-25
32	9579.250180	1.710546e-08	8.840000e-01	1.046737e-26
32	280.128667	1.320252e-07	9.960000e-01	2.170122e-11
32	4704.302424	1.700739e-08	9.080000e-01	2.431570e-26
32	272.390171	1.855455e-08	9.720000e-01	7.076746e-12
32	294.059291	1.600632e-08	9.620000e-01	1.407515e-26
32	30196.070066	1.721691e-08	8.280000e-01	1.274902e-25
32	271.617943	1.732607e-08	9.700000e-01	4.584567e-12
32	2757.556319	1.691510e-08	9.220000e-01	5.783122e-27
32	34411.784144	1.722662e-08	8.200000e-01	1.130941e-25
32	9579.250048	1.710546e-08	8.840000e-01	6.748730e-27
32	270.906418	1.625706e-08	9.680000e-01	1.884381e-12
32	876.488581	1.663956e-08	9.440000e-01	2.707441e-27
32	45276.619748	1.724533e-08	8.020000e-01	1.447799e-24
32	5033.890761	1.701787e-08	9.060000e-01	1.318921e-26
32	20357.834969	1.718424e-08	8.500000e-01	3.747023e-26
32	49442.010430	1.829443e-08	8.299999e-01	1.000000e-08
32	726.392907	4.287550e-11	8.840000e-01	3.356255e-24
32	5733.314719	1.703729e-08	9.020000e-01	2.134109e-26
32	4704.302487	1.700739e-08	9.080000e-01	2.227869e-26
32	6487.535115	1.705491e-08	8.980000e-01	1.923756e-26
32	16667.223472	1.716556e-08	8.600000e-01	1.713365e-26
32	15983.573405	1.716145e-08	8.620000e-01	5.091228e-26
32	7297.942808	1.707096e-08	8.940000e-01	9.373442e-26
32	18826.189674	1.717711e-08	8.540000e-01	9.585073e-26
32	28220.771933	1.721167e-08	8.320000e-01	3.262336e-26
32	725.910427	6.848562e-11	9.220000e-01	8.025626e-24
32	21152.070293	1.718765e-08	8.480000e-01	6.430547e-26
32	10597.812236	1.711740e-08	8.800000e-01	2.473143e-27
32	2998.164514	1.693076e-08	9.200000e-01	8.733471e-27
32	277.917031	3.728648e-08	9.860000e-01	1.888603e-11
32	5733.314404	1.703729e-08	9.020000e-01	2.462029e-26
32	272.390172	1.855455e-08	9.720000e-01	7.076747e-12
32	274.873320	2.362658e-08	9.780000e-01	1.332578e-11
32	5033.890642	1.701787e-08	9.060000e-01	3.905678e-27
32	280.128667	1.320252e-07	9.960000e-01	2.170122e-11
32	12825.303021	1.713873e-08	8.720000e-01	1.183187e-25
32	724.789447	1.200310e-10	9.500000e-01	9.376004e-25
32	42689.162950	1.724150e-08	8.060000e-01	5.573287e-25
32	8165.967123	1.708564e-08	8.900000e-01	4.838386e-27
32	1255.455453	1.674083e-08	9.380000e-01	1.390443e-27
32	25417.250737	1.720328e-08	8.380000e-01	2.707725e-26
32	274.873320	2.362658e-08	9.780000e-01	1.332578e-11
32	3251.012317	1.694546e-08	9.180000e-01	8.122051e-27
32	726.443545	3.963261e-11	8.760000e-01	1.445764e-24
32	278.533599	4.356899e-08	9.880000e-01	1.980251e-11
32	15983.573448	1.716145e-08	8.620000e-01	1.280027e-26
32	726.378556	4.376224e-11	8.860000e-01	6.448496e-24
32	453.735375	1.638101e-08	9.540000e-01	5.031982e-27
32	592.299602	1.650262e-08	9.500000e-01	2.880471e-27
32	4387.907608	1.699634e-08	9.100000e-01	8.489649e-27
32	7297.943147	1.707096e-08	8.940000e-01	1.230792e-26
32	9093.073097	1.709912e-08	8.860000e-01	1.849701e-27
32	4387.907950	1.699634e-08	9.100000e-01	1.249625e-26
32	725.251671	9.864700e-11	9.420000e-01	8.379872e-25
32	9579.250078	1.710546e-08	8.840000e-01	8.933517e-28
32	279.519650	6.559978e-08	9.920000e-01	2.109579e-11
32	270.906418	1.625706e-08	9.680000e-01	1.884381e-12
32	1732.852300	1.681875e-08	9.320000e-01	8.069297e-27
32	34411.783572	1.722661e-08	8.200000e-01	4.848585e-26
32	992.101901	1.667653e-08	9.420000e-01	4.878632e-27
32	726.330659	4.663467e-11	8.920000e-01	1.294359e-23
32	22798.589653	1.719417e-08	8.440000e-01	1.953540e-26
32	8165.967238	1.708564e-08	8.900000e-01	3.487092e-26
32	18088.302103	1.717338e-08	8.560000e-01	2.974848e-26
32	23651.371486	1.719729e-08	8.420000e-01	5.111974e-26
32	11130.588950	1.712304e-08	8.780000e-01	1.543599e-26
32	36656.846804	1.723112e-08	8.160000e-01	1.286637e-25
32	12244.130450	1.713369e-08	8.740000e-01	1.589778e-26
32	278.533599	4.356899e-08	9.880000e-01	1.980251e-11
32	33323.997851	1.722428e-08	8.220000e-01	4.432765e-26
32	274.036888	2.164758e-08	9.760000e-01	1.144522e-11
32	10080.764816	1.711155e-08	8.820000e-01	4.696471e-27
32	278.533599	4.356899e-08	9.880000e-01	1.980251e-11
32	49442.010043	1.829443e-08	8.299999e-01	1.000000e-08
32	992.101880	1.667653e-08	9.420000e-01	6.340150e-27
32	45276.620370	1.724533e-08	8.020000e-01	1.289832e-24
32	17368.723467	1.716953e-08	8.580000e-01	6.954790e-27
32	274.036888	2.164757e-08	9.760000e-01	1.144522e-11
32	3794.044127	1.697236e-08	9.140000e-01	1.555934e-27
32	11679.294314	1.712846e-08	8.760000e-01	1.114998e-26
32	42689.162196	1.724150e-08	8.060000e-01	4.462892e-25
32	30196.069235	1.721691e-08	8.280000e-01	1.730326e-25
32	16667.223514	1.716556e-08	8.600000e-01	2.909898e-26
32	15317.548476	1.715721e-08	8.640000e-01	5.942610e-27
32	41433.483353	1.723952e-08	8.080000e-01	3.814645e-25
32	16667.223734	1.716556e-08	8.600000e-01	6.703339e-27
32	10080.765379	1.711155e-08	8.820000e-01	1.127551e-26
32	725.815876	7.295359e-11	9.260000e-01	1.201850e-24
32	22798.589461	1.719417e-08	8.440000e-01	9.707235e-26
32	724.644923	1.270062e-10	9.520000e-01	1.409187e-25
32	399.331032	1.630724e-08	9.560000e-01	1.394930e-26
32	1403.467466	1.676897e-08	9.360000e-01	1.028916e-26
32	13423.018478	1.714359e-08	8.700000e-01	2.386450e-27
32	25417.250650	1.720328e-08	8.380000e-01	1.059385e-26
32	21965.573198	1.719095e-08	8.460000e-01	1.448680e-26
32	14037.489557	1.714829e-08	8.680000e-01	2.616263e-26
32	725.578532	8.386734e-11	9.340000e-01	7.008812e-25
32	38996.574297	1.723542e-08	8.120000e-01	4.634735e-25
32	18826.189381	1.717711e-08	8.540000e-01	1.372790e-26
32	280.268146	2.674160e-07	9.980001e-01	2.175873e-11
32	26330.856160	1.720615e-08	8.360000e-01	1.760569e-25
32	279.070505	5.237471e-08	9.900000e-01	2.053757e-11
32	724.789447	1.200310e-10	9.500000e-01	4.481254e-25
32	319.625681	1.612315e-08	9.600000e-01	2.164530e-27
32	279.874391	8.768185e-08	9.940000e-01	2.148199e-11
32	721.503134	4.457087e-10	9.760000e-01	2.105209e-25
32	2312.452544	1.688055e-08	9.260000e-01	3.336504e-27
32	676.719472	1.655333e-08	9.480000e-01	6.159103e-28
32	5033.890999	1.701787e-08	9.060000e-01	3.031494e-26
32	15317.549155	1.715721e-08	8.640000e-01	6.521500e-26
32	8622.041605	1.709252e-08	8.880000e-01	6.500554e-26
32	518.014930	1.644560e-08	9.520000e-01	3.200236e-27
32	30196.069556	1.721691e-08	8.280000e-01	2.219338e-26
32	592.299543	1.650262e-08	9.500000e-01	3.871607e-27
32	992.101911	1.667653e-08	9.420000e-01	4.772049e-27
32	15317.548710	1.715721e-08	8.640000e-01	8.942821e-27
32	14668.926669	1.715282e-08	8.660000e-01	1.339690e-26
32	33323.997213	1.722428e-08	8.220000e-01	1.375550e-25
32	270.906418	1.625706e-08	9.680000e-01	1.884382e-12
32	45276.619956	1.724533e-08	8.020000e-01	3.129647e-24
32	7297.943285	1.707096e-08	8.940000e-01	8.347154e-27
32	30196.072591	1.721691e-08	8.280000e-01	1.600103e-25
32	11679.294135	1.712846e-08	8.760000e-01	3.007566e-26
32	453.735354	1.638101e-08	9.540000e-01	3.643352e-27
32	38996.584150	1.723542e-08	8.120000e-01	1.270388e-25
32	36656.849091	1.723112e-08	8.160000e-01	1.766563e-25
32	279.070505	5.237471e-08	9.900000e-01	2.053757e-11
32	21152.070419	1.718765e-08	8.480000e-01	4.012548e-26
32	18088.302112	1.717338e-08	8.560000e-01	2.302847e-26
32	1403.467386	1.676897e-08	9.360000e-01	1.471406e-26
32	725.992465	6.452133e-11	9.180000e-01	3.050334e-24
32	16667.223120	1.716556e-08	8.600000e-01	7.193106e-26
32	277.230527	3.258065e-08	9.840000e-01	1.778387e-11
32	21965.573214	1.719095e-08	8.460000e-01	9.120620e-26
32	6103.489212	1.704631e-08	9.000000e-01	2.613558e-26
32	277.917031	3.728648e-08	9.860000e-01	1.888603e-11
32	10597.812282	1.711740e-08	8.800000e-01	1.004921e-26
32	4704.302530	1.700739e-08	9.080000e-01	1.523200e-25
32	276.485469	2.892623e-08	9.820000e-01	1.649209e-11
32	725.763142	7.540900e-11	9.280000e-01	1.266380e-24
32	354.671606	1.622221e-08	9.580000e-01	1.185454e-26
32	2757.556354	1.691510e-08	9.220000e-01	8.652250e-27
32	36656.846505	1.723112e-08	8.160000e-01	2.061617e-26
32	726.589553	2.878728e-11	8.380000e-01	1.078900e-23
32	518.014899	1.644560e-08	9.520000e-01	6.264157e-27
32	25417.251158	1.720328e-08	8.380000e-01	1.371446e-26
32	992.101875	1.667653e-08	9.420000e-01	5.376530e-27
32	722.188827	3.246060e-10	9.720000e-01	9.368249e-26
32	18088.302034	1.717338e-08	8.560000e-01	2.111983e-26
32	20357.834549	1.718424e-08	8.500000e-01	9.911148e-26
32	8165.966932	1.708564e-08	8.900000e-01	5.527422e-26
32	278.533599	4.356899e-08	9.880000e-01	1.980251e-11
32	7297.943013	1.707096e-08	8.940000e-01	1.530253e-26
32	19582.621557	1.718073e-08	8.520000e-01	2.552291e-26
32	270.803643	1.569641e-08	9.660000e-01	8.117637e-26
32	19582.621515	1.718073e-08	8.520000e-01	1.226728e-25
32	23651.371505	1.719729e-08	8.420000e-01	2.151397e-25
32	3516.253483	1.695931e-08	9.160000e-01	8.394129e-27
32	724.486055	1.349063e-10	9.540000e-01	2.796117e-25
32	23651.371306	1.719729e-08	8.420000e-01	6.725293e-26
32	726.274207	4.987405e-11	8.980000e-01	6.695706e-24
32	23651.371551	1.719729e-08	8.420000e-01	5.231022e-26
32	271.617943	1.732607e-08	9.700000e-01	4.584567e-12
32	46609.066030	1.724718e-08	8.000000e-01	5.510044e-19
32	16667.223172	1.716556e-08	8.600000e-01	1.151846e-26
32	4084.542162	1.698468e-08	9.120000e-01	1.011520e-26
32	274.036888	2.164758e-08	9.760000e-01	1.144522e-11
32	16667.223623	1.716556e-08	8.600000e-01	2.332722e-26
32	1914.506443	1.684087e-08	9.300000e-01	2.954779e-27
32	277.917031	3.728647e-08	9.860000e-01	1.888603e-11
32	10597.812621	1.711740e-08	8.800000e-01	4.555063e-26
32	49857.955343	1.844715e-08	8.339999e-01	1.000000e-08
32	13423.018446	1.714359e-08	8.700000e-01	2.281654e-25
32	42689.162159	1.724150e-08	8.060000e-01	5.215669e-25
32	49857.956320	1.844715e-08	8.339999e-01	1.000000e-08
32	-1.000000	-1.000000e+00	-1.000000e+00	-1.000000e+00
32	7724.662442	1.707846e-08	8.920000e-01	1.252170e-26
32	726.647642	2.334671e-11	8.080000e-01	3.186148e-23
32	4387.907828	1.699634e-08	9.100000e-01	1.671361e-26
32	279.070505	5.237471e-08	9.900000e-01	2.053757e-11
32	24524.172384	1.720033e-08	8.400000e-01	2.667164e-25
32	14668.927435	1.715282e-08	8.660000e-01	4.183251e-26
32	17368.723250	1.716953e-08	8.580000e-01	7.139222e-26
32	319.625674	1.612315e-08	9.600000e-01	7.464661e-27
32	-1.000000	-1.000000e+00	-1.000000e+00	-1.000000e+00
32	714.794294	1.220023e-09	9.860000e-01	4.994235e-26
32	725.041275	1.082480e-10	9.460000e-01	6.363889e-26
32	724.311195	1.439414e-10	9.560000e-01	2.592938e-25
32	725.428653	9.064900e-11	9.380000e-01	8.108675e-25
32	276.485469	2.892623e-08	9.820000e-01	1.649209e-11
32	280.268146	2.674152e-07	9.980001e-01	2.175873e-11
32	33323.999612	1.722428e-08	8.220000e-01	3.926474e-26
32	725.251671	9.864700e-11	9.420000e-01	9.754008e-25
32	2107.658207	1.686142e-08	9.280000e-01	1.530389e-27
32	45276.620616	1.724533e-08	8.020000e-01	2.137550e-24
32	10080.765250	1.711155e-08	8.820000e-01	4.039025e-26
32	30196.069212	1.721691e-08	8.280000e-01	7.510525e-26
32	714.794294	1.220023e-09	9.860000e-01	2.358547e-26
32	992.101878	1.667653e-08	9.420000e-01	1.091906e-27
32	726.638344	2.429086e-11	8.140000e-01	2.470166e-24
32	399.331035	1.630724e-08	9.560000e-01	6.544251e-27
32	5376.838906	1.702782e-08	9.040000e-01	1.812293e-26
32	33323.998363	1.722428e-08	8.220000e-01	2.115579e-25
32	10080.765408	1.711155e-08	8.820000e-01	3.039657e-26
32	725.251671	9.864700e-11	9.420000e-01	1.252553e-24
32	30196.068887	1.721691e-08	8.280000e-01	1.815959e-25
32	11679.294068	1.712846e-08	8.760000e-01	2.015131e-26
32	725.992465	6.452133e-11	9.180000e-01	1.625024e-24
32	274.873320	2.362658e-08	9.780000e-01	1.332578e-11
32	28220.770776	1.721167e-08	8.320000e-01	9.618092e-26
32	273.202983	1.997890e-08	9.740000e-01	9.362947e-12
32	19582.621132	1.718073e-08	8.520000e-01	5.634108e-26
32	8622.041421	1.709252e-08	8.880000e-01	3.790736e-26
32	20357.834877	1.718424e-08	8.500000e-01	5.126738e-26
32	714.794293	1.220023e-09	9.860000e-01	9.237141e-26
32	10080.764988	1.711155e-08	8.820000e-01	1.056019e-26
32	10080.765438	1.711155e-08	8.820000e-01	3.828425e-26
32	2998.164495	1.693076e-08	9.200000e-01	4.434004e-27
32	725.864860	7.065057e-11	9.240000e-01	1.686204e-24
32	46609.065924	1.724718e-08	8.000000e-01	6.489015e-19
32	271.617943	1.732607e-08	9.700000e-01	4.584567e-12
32	14037.489509	1.714829e-08	8.680000e-01	3.622435e-26
32	992.101927	1.667653e-08	9.420000e-01	1.108039e-26
32	33324.001004	1.722428e-08	8.220000e-01	1.001929e-25
32	11130.588768	1.712304e-08	8.780000e-01	4.414622e-26
32	992.101894	1.667653e-08	9.420000e-01	1.273230e-26
32	42689.163434	1.724150e-08	8.060000e-01	5.749007e-25
32	1562.553255	1.679485e-08	9.340000e-01	3.341757e-27
32	6103.489224	1.704631e-08	9.000000e-01	7.014583e-27
32	19582.621562	1.718073e-08	8.520000e-01	7.202674e-26
32	11130.588800	1.712304e-08	8.780000e-01	1.912574e-26
32	279.070505	5.237471e-08	9.900000e-01	2.053757e-11
32	3251.012213	1.694546e-08	9.180000e-01	9.018468e-27
32	45276.619862	1.724533e-08	8.020000e-01	1.016477e-24
32	276.485468	2.892623e-08	9.820000e-01	1.649209e-11
32	726.644646	2.365465e-11	8.100000e-01	1.769658e-22
32	5376.838860	1.702782e-08	9.040000e-01	2.718443e-26
32	273.202983	1.997890e-08	9.740000e-01	9.362947e-12
32	10597.812427	1.711740e-08	8.800000e-01	2.947114e-26
32	21965.572793	1.719095e-08	8.460000e-01	4.504448e-26
32	876.488595	1.663956e-08	9.440000e-01	2.941398e-26
32	43970.097377	1.724344e-08	8.040000e-01	1.355838e-24
32	5033.890750	1.701787e-08	9.060000e-01	7.854455e-27
32	725.815876	7.295359e-11	9.260000e-01	7.341728e-25
32	717.896783	9.378895e-10	9.840000e-01	9.406472e-26
32	1118.379207	1.671014e-08	9.400000e-01	5.411756e-27
32	11679.294330	1.712846e-08	8.760000e-01	6.657887e-26
32	15983.573264	1.716145e-08	8.620000e-01	6.924264e-26
32	271.617943	1.732607e-08	9.700000e-01	4.584567e-12
32	28220.773948	1.721167e-08	8.320000e-01	1.141064e-25
32	24524.172568	1.720033e-08	8.400000e-01	3.132726e-26
32	31216.435672	1.721943e-08	8.260000e-01	8.216075e-26
32	41433.484256	1.723952e-08	8.080000e-01	1.456422e-25
32	592.299591	1.650262e-08	9.500000e-01	4.762521e-27
32	2107.658157	1.686142e-08	9.280000e-01	6.717152e-27
32	45276.619548	1.724533e-08	8.020000e-01	2.118844e-26
32	719.520331	7.597762e-10	9.820000e-01	7.370198e-26
32	719.520331	7.597763e-10	9.820000e-01	7.988893e-26
32	722.515928	2.814522e-10	9.700000e-01	3.170384e-25
32	992.101937	1.667653e-08	9.420000e-01	1.631101e-27
32	725.343909	9.447522e-11	9.400000e-01	2.129058e-25
32	21152.070325	1.718765e-08	8.480000e-01	8.119097e-27
32	-1.000000	-1.000000e+00	-1.000000e+00	-1.000000e+00
32	274.873320	2.362658e-08	9.780000e-01	1.332578e-11
32	30196.074881	1.721691e-08	8.280000e-01	4.925427e-27
32	12244.130448	1.713369e-08	8.740000e-01	2.277399e-26
32	7724.662243	1.707846e-08	8.920000e-01	5.657941e-27
32	35522.635846	1.722890e-08	8.180000e-01	5.176277e-26
32	28220.773467	1.721167e-08	8.320000e-01	1.759006e-26
32	14668.927262	1.715282e-08	8.660000e-01	1.466625e-26
32	399.331016	1.630724e-08	9.560000e-01	5.571438e-27
32	43970.098199	1.724344e-08	8.040000e-01	9.736037e-25
32	280.268146	2.674160e-07	9.980001e-01	2.175873e-11
32	726.475522	3.747733e-11	8.700000e-01	3.804331e-24
32	2312.452358	1.688055e-08	9.260000e-01	6.725058e-27
32	46609.065778	1.724718e-08	8.000000e-01	1.905671e-18
32	11130.588808	1.712304e-08	8.780000e-01	6.255651e-26
32	25417.250921	1.720328e-08	8.380000e-01	2.487454e-26
32	18088.302061	1.717338e-08	8.560000e-01	2.372569e-26
32	279.070505	5.237471e-08	9.900000e-01	2.053757e-11
32	279.519650	6.559978e-08	9.920000e-01	2.109579e-11
32	46609.066794	1.724718e-08	8.000000e-01	7.768750e-19
32	278.533599	4.356899e-08	9.880000e-01	1.980251e-11
32	46609.066745	1.724718e-08	8.000000e-01	3.102434e-18
32	18826.189484	1.717711e-08	8.540000e-01	9.084154e-26
32	16667.223584	1.716556e-08	8.600000e-01	1.890773e-26
32	9579.249860	1.710546e-08	8.840000e-01	7.239552e-26
32	6885.627309	1.706312e-08	8.960000e-01	5.220818e-26
32	15983.573995	1.716145e-08	8.620000e-01	1.190492e-26
32	12825.302847	1.713873e-08	8.720000e-01	1.625233e-26
32	725.910427	6.848562e-11	9.220000e-01	1.632774e-24
32	25417.251164	1.720328e-08	8.380000e-01	8.098238e-26
32	319.625683	1.612315e-08	9.600000e-01	8.744975e-27
32	1914.506316	1.684087e-08	9.300000e-01	6.107895e-27
32	35522.640347	1.722890e-08	8.180000e-01	5.264042e-26
32	2312.452403	1.688055e-08	9.260000e-01	1.840483e-27
32	2312.452362	1.688055e-08	9.260000e-01	8.740786e-27
32	2529.035826	1.689840e-08	9.240000e-01	3.609868e-27
32	726.419492	4.119655e-11	8.800000e-01	3.208109e-24
32	34411.791389	1.722661e-08	8.200000e-01	2.945070e-26
32	354.671604	1.622222e-08	9.580000e-01	5.649992e-28
32	26330.855447	1.720615e-08	8.360000e-01	1.361331e-25
32	24524.172599	1.720033e-08	8.400000e-01	1.669221e-25
32	726.155219	5.630978e-11	9.080000e-01	1.700384e-24
32	279.070505	5.237470e-08	9.900000e-01	2.053757e-11
32	4387.907716	1.699634e-08	9.100000e-01	2.002215e-26
32	2107.658214	1.686142e-08	9.280000e-01	1.355360e-26
32	276.485468	2.892623e-08	9.820000e-01	1.649209e-11
32	726.181974	5.490139e-11	9.060000e-01	9.522978e-24
32	20357.834709	1.718424e-08	8.500000e-01	3.685274e-26
32	34411.786606	1.722661e-08	8.200000e-01	1.338588e-25
32	1562.553096	1.679485e-08	9.340000e-01	5.716977e-27
32	3251.012205	1.694546e-08	9.180000e-01	7.690128e-27
32	279.874391	8.768186e-08	9.940000e-01	2.148199e-11
32	294.059286	1.600632e-08	9.620000e-01	3.616410e-27
32	6885.626992	1.706311e-08	8.960000e-01	5.521488e-26
32	279.070505	5.237471e-08	9.900000e-01	2.053757e-11
32	43970.098008	1.724344e-08	8.040000e-01	3.312977e-25
32	9579.250128	1.710546e-08	8.840000e-01	5.999902e-26
32	35522.640465	1.722890e-08	8.180000e-01	3.909958e-25
32	46609.066256	1.724718e-08	8.000000e-01	1.204491e-18
32	1118.379160	1.671014e-08	9.400000e-01	1.455202e-26
32	23651.371328	1.719729e-08	8.420000e-01	1.108012e-25
32	3251.012108	1.694546e-08	9.180000e-01	5.329599e-27
32	725.864860	7.065057e-11	9.240000e-01	1.500435e-24
32	25417.251083	1.720328e-08	8.380000e-01	1.323407e-26
32	725.041275	1.082480e-10	9.460000e-01	7.162453e-25
32	3794.044123	1.697236e-08	9.140000e-01	6.139817e-27
32	272.390172	1.855455e-08	9.720000e-01	7.076747e-12
32	41433.484164	1.723952e-08	8.080000e-01	1.313869e-25
32	726.443545	3.963261e-11	8.760000e-01	8.348762e-24
32	723.135851	2.203734e-10	9.660000e-01	6.452346e-25
32	23651.370989	1.719729e-08	8.420000e-01	4.634537e-26
32	33324.001233	1.722428e-08	8.220000e-01	3.451487e-25
32	6885.627346	1.706312e-08	8.960000e-01	1.820046e-26
32	278.533599	4.356899e-08	9.880000e-01	1.980251e-11
32	294.059290	1.600632e-08	9.620000e-01	3.954469e-27
32	399.331036	1.630724e-08	9.560000e-01	2.009540e-27
32	46609.066700	1.724718e-08	8.000000e-01	2.952106e-18
32	518.014906	1.644560e-08	9.520000e-01	2.859381e-28
32	21152.070623	1.718765e-08	8.480000e-01	6.785914e-26
32	275.694869	2.600831e-08	9.800000e-01	1.500713e-11
32	2107.658186	1.686142e-08	9.280000e-01	4.550165e-27
32	277.834027	1.586652e-08	9.640000e-01	1.581541e-26
32	21152.070791	1.718765e-08	8.480000e-01	1.172556e-27
32	12244.130229	1.713369e-08	8.740000e-01	2.259896e-26
32	12825.303117	1.713873e-08	8.720000e-01	2.605015e-26
32	277.834025	1.586652e-08	9.640000e-01	3.423036e-26
32	271.617943	1.732607e-08	9.700000e-01	4.584567e-12
32	270.906418	1.625706e-08	9.680000e-01	1.884380e-12
32	5376.838623	1.702782e-08	9.040000e-01	3.678197e-27
32	10597.812705	1.711740e-08	8.800000e-01	8.024394e-26
32	726.638344	2.429086e-11	8.140000e-01	5.126753e-23
32	25417.250605	1.720328e-08	8.380000e-01	1.948912e-25
32	8622.041920	1.709252e-08	8.880000e-01	3.411535e-26
32	30196.068967	1.721691e-08	8.280000e-01	1.137646e-26
32	43970.097219	1.724344e-08	8.040000e-01	2.588691e-25
32	279.874391	8.768185e-08	9.940000e-01	2.148199e-11
32	721.075695	5.278737e-10	9.780000e-01	1.120754e-25
32	42689.163108	1.724150e-08	8.060000e-01	1.477772e-24
32	719.520331	7.597763e-10	9.820000e-01	1.257152e-26
32	4387.907679	1.699634e-08	9.100000e-01	1.207002e-26
32	1403.467434	1.676897e-08	9.360000e-01	5.073259e-27
32	24524.172488	1.720033e-08	8.400000e-01	3.180002e-26
32	725.952874	6.644621e-11	9.200000e-01	5.847681e-25
32	1732.852431	1.681875e-08	9.320000e-01	1.826931e-26
32	15317.548720	1.715721e-08	8.640000e-01	3.183392e-26
32	7297.942845	1.707096e-08	8.940000e-01	2.117512e-26
32	8165.966882	1.708564e-08	8.900000e-01	2.349533e-26
32	20357.834463	1.718424e-08	8.500000e-01	7.001689e-26
32	23651.370975	1.719729e-08	8.420000e-01	1.225292e-25
32	279.070505	5.237470e-08	9.900000e-01	2.053757e-11
32	12244.130709	1.713369e-08	8.740000e-01	2.802997e-26
32	2107.658163	1.686142e-08	9.280000e-01	3.505589e-27
32	5033.890927	1.701787e-08	9.060000e-01	2.278111e-26
32	19582.621246	1.718073e-08	8.520000e-01	7.532913e-26
32	9579.250121	1.710546e-08	8.840000e-01	4.156278e-26
32	28220.776920	1.721167e-08	8.320000e-01	7.861694e-26
32	28220.775951	1.721167e-08	8.320000e-01	1.069023e-25
32	46609.065530	1.724718e-08	8.000000e-01	9.820326e-19
32	28220.774833	1.721167e-08	8.320000e-01	2.697264e-26
32	277.917031	3.728647e-08	9.860000e-01	1.888603e-11
32	273.202983	1.997890e-08	9.740000e-01	9.362948e-12
32	279.519650	6.559979e-08	9.920000e-01	2.109579e-11
32	41433.484412	1.723952e-08	8.080000e-01	7.000371e-26
32	1732.852300	1.681875e-08	9.320000e-01	2.677072e-27
32	274.036888	2.164757e-08	9.760000e-01	1.144522e-11
32	11130.589173	1.712304e-08	8.780000e-01	6.698726e-26
32	14668.926939	1.715282e-08	8.660000e-01	9.550341e-27
32	270.906418	1.625706e-08	9.680000e-01	1.884380e-12
32	6103.489094	1.704631e-08	9.000000e-01	2.044636e-26
32	7297.942964	1.707096e-08	8.940000e-01	1.146140e-26
32	4704.302553	1.700739e-08	9.080000e-01	1.500765e-26
32	41433.484427	1.723952e-08	8.080000e-01	5.258916e-25
32	3251.012360	1.694546e-08	9.180000e-01	3.069899e-26
32	31216.436450	1.721943e-08	8.260000e-01	2.547441e-25
32	12244.130717	1.713369e-08	8.740000e-01	4.126633e-26
32	876.488597	1.663956e-08	9.440000e-01	4.987435e-27
32	46609.065875	1.724718e-08	8.000000e-01	4.981180e-18
32	270.906418	1.625706e-08	9.680000e-01	1.884381e-12
32	36656.848909	1.723112e-08	8.160000e-01	5.967906e-25
32	9579.249808	1.710546e-08	8.840000e-01	7.311397e-26
32	726.465366	3.817205e-11	8.720000e-01	6.913087e-24
32	277.230527	3.258065e-08	9.840000e-01	1.778387e-11
32	9093.072864	1.709912e-08	8.860000e-01	7.651670e-26
32	10597.812591	1.711740e-08	8.800000e-01	6.034307e-26
32	1732.852324	1.681875e-08	9.320000e-01	7.026888e-27
32	32258.982584	1.722188e-08	8.240000e-01	1.305230e-25
32	12244.130447	1.713369e-08	8.740000e-01	3.553343e-26
32	725.041275	1.082480e-10	9.460000e-01	4.676143e-25
32	724.311195	1.439414e-10	9.560000e-01	2.087704e-25
32	5733.314449	1.703729e-08	9.020000e-01	5.734041e-27
32	18826.189435	1.717711e-08	8.540000e-01	8.339421e-28
32	270.803643	1.569641e-08	9.660000e-01	2.998139e-25
32	272.390172	1.855455e-08	9.720000e-01	7.076748e-12
32	24524.172093	1.720033e-08	8.400000e-01	1.364035e-25
32	15983.573318	1.716145e-08	8.620000e-01	8.057145e-27
32	14668.927144	1.715282e-08	8.660000e-01	1.501359e-26
32	30196.066305	1.721691e-08	8.280000e-01	1.102917e-25
32	278.533599	4.356899e-08	9.880000e-01	1.980251e-11
32	399.331005	1.630724e-08	9.560000e-01	9.984144e-27
32	4084.542261	1.698468e-08	9.120000e-01	8.546646e-27
32	28220.776475	1.721167e-08	8.320000e-01	2.607506e-25
32	1914.506506	1.684087e-08	9.300000e-01	1.292347e-27
32	2529.035672	1.689840e-08	9.240000e-01	2.013831e-27
32	38996.579109	1.723542e-08	8.120000e-01	6.186564e-26
32	18826.189917	1.717711e-08	8.540000e-01	5.416688e-26
32	3251.012213	1.694546e-08	9.180000e-01	4.884338e-27
32	26330.859907	1.720615e-08	8.360000e-01	3.717066e-26
32	35522.631719	1.722890e-08	8.180000e-01	3.084723e-26
32	592.299560	1.650262e-08	9.500000e-01	4.068158e-28
32	16667.223283	1.716556e-08	8.600000e-01	2.598394e-26
32	6885.627352	1.706312e-08	8.960000e-01	2.190591e-26
32	11679.294357	1.712846e-08	8.760000e-01	8.453684e-27
32	726.454717	3.889007e-11	8.740000e-01	1.074941e-23
32	15317.548572	1.715721e-08	8.640000e-01	4.710745e-26
32	1403.467414	1.676897e-08	9.360000e-01	9.750303e-27
32	1562.553088	1.679485e-08	9.340000e-01	4.311731e-27
32	42689.163133	1.724150e-08	8.060000e-01	1.150210e-24
32	19582.621579	1.718073e-08	8.520000e-01	2.679195e-26
32	277.230527	3.258065e-08	9.840000e-01	1.778387e-11
32	725.910427	6.848562e-11	9.220000e-01	7.581746e-25
32	7297.943285	1.707096e-08	8.940000e-01	2.952445e-26
32	29197.613949	1.721433e-08	8.300000e-01	2.936305e-26
32	6103.489290	1.704631e-08	9.000000e-01	1.896468e-26
32	11679.293863	1.712846e-08	8.760000e-01	3.503676e-26
32	40202.707122	1.723749e-08	8.100001e-01	1.042187e-24
32	18826.189916	1.717711e-08	8.540000e-01	5.805043e-26
32	6487.534797	1.705491e-08	8.980000e-01	2.643653e-27
32	453.735365	1.638101e-08	9.540000e-01	5.603876e-27
32	1914.506425	1.684087e-08	9.300000e-01	1.719867e-27
32	592.299577	1.650262e-08	9.500000e-01	3.577118e-27
32	41433.484487	1.723952e-08	8.080000e-01	5.397941e-25
32	8622.041450	1.709252e-08	8.880000e-01	1.022286e-26
32	2757.556283	1.691510e-08	9.220000e-01	2.022719e-26
32	6885.626992	1.706312e-08	8.960000e-01	2.873564e-26
32	726.454717	3.889007e-11	8.740000e-01	1.646306e-23
32	720.472408	6.296081e-10	9.800000e-01	2.598085e-25
32	676.719440	1.655333e-08	9.480000e-01	7.640736e-27
32	18826.189593	1.717711e-08	8.540000e-01	6.267832e-26
32	1562.553213	1.679485e-08	9.340000e-01	3.032511e-28
32	5376.838618	1.702782e-08	9.040000e-01	1.638870e-27
32	23651.370954	1.719729e-08	8.420000e-01	8.714489e-26
32	8622.041428	1.709252e-08	8.880000e-01	3.365125e-27
32	6885.627127	1.706311e-08	8.960000e-01	4.100941e-27
32	9093.072926	1.709912e-08	8.860000e-01	6.384585e-27
32	35522.639349	1.722890e-08	8.180000e-01	1.097387e-25
32	8165.966810	1.708564e-08	8.900000e-01	1.233296e-27
32	24524.172221	1.720033e-08	8.400000e-01	7.797903e-26
32	270.906418	1.625706e-08	9.680000e-01	1.884380e-12
32	9579.249874	1.710546e-08	8.840000e-01	3.584681e-26
32	10597.812243	1.711740e-08	8.800000e-01	1.928396e-26
32	280.268146	2.674152e-07	9.980001e-01	2.175873e-11
32	717.896783	9.378895e-10	9.840000e-01	8.313227e-26
32	12244.130380	1.713369e-08	8.740000e-01	1.211813e-26
32	19582.621460	1.718073e-08	8.520000e-01	6.720866e-27
32	270.906418	1.625706e-08	9.680000e-01	1.884381e-12
32	36656.848558	1.723112e-08	8.160000e-01	3.278937e-25
32	35522.641539	1.722890e-08	8.180000e-01	2.053762e-25
32	6885.627132	1.706311e-08	8.960000e-01	1.061941e-26
32	21965.573252	1.719095e-08	8.460000e-01	1.221242e-26
32	40202.708453	1.723749e-08	8.100001e-01	4.577952e-25
32	8165.967066	1.708564e-08	8.900000e-01	3.076918e-26
32	41433.483818	1.723952e-08	8.080000e-01	1.697872e-26
32	36656.848548	1.723112e-08	8.160000e-01	2.644833e-25
32	1255.455446	1.674083e-08	9.380000e-01	1.545393e-26
32	2312.452339	1.688055e-08	9.260000e-01	8.766262e-28
32	1914.506411	1.684087e-08	9.300000e-01	1.256692e-26
32	279.874391	8.768185e-08	9.940000e-01	2.148199e-11
32	10597.812120	1.711740e-08	8.800000e-01	1.049685e-26
32	1732.852295	1.681875e-08	9.320000e-01	6.072025e-27
32	274.036888	2.164757e-08	9.760000e-01	1.144522e-11
32	7724.662400	1.707846e-08	8.920000e-01	5.563849e-27
32	30196.075273	1.721691e-08	8.280000e-01	5.266835e-26
32	726.494471	3.615331e-11	8.660000e-01	5.002512e-24
32	18826.189648	1.717711e-08	8.540000e-01	4.002055e-26
32	5733.314438	1.703729e-08	9.020000e-01	1.565712e-26
32	23651.371459	1.719729e-08	8.420000e-01	6.120151e-26
32	17368.722826	1.716953e-08	8.580000e-01	1.268785e-25
32	676.719455	1.655333e-08	9.480000e-01	1.440690e-26
32	5376.838546	1.702782e-08	9.040000e-01	4.061732e-27
32	714.794294	1.220023e-09	9.860000e-01	3.125761e-26
32	2998.164432	1.693076e-08	9.200000e-01	6.312341e-27
32	18088.301858	1.717338e-08	8.560000e-01	3.705282e-26
32	277.917031	3.728647e-08	9.860000e-01	1.888603e-11
32	21152.070492	1.718765e-08	8.480000e-01	9.156657e-26
32	8622.041729	1.709252e-08	8.880000e-01	4.502662e-27
32	21965.573068	1.719095e-08	8.460000e-01	7.760268e-26
32	43970.097723	1.724344e-08	8.040000e-01	6.979236e-25
32	2529.035702	1.689840e-08	9.240000e-01	5.407685e-27
32	18826.189697	1.717711e-08	8.540000e-01	4.202282e-26
32	6885.626974	1.706312e-08	8.960000e-01	1.027612e-26
32	11679.294175	1.712846e-08	8.760000e-01	5.028338e-26
32	723.672498	1.811838e-10	9.620000e-01	4.850156e-25
32	3251.012097	1.694546e-08	9.180000e-01	5.518187e-26
32	1914.506429	1.684087e-08	9.300000e-01	3.278350e-27
32	518.014891	1.644560e-08	9.520000e-01	2.574263e-27
32	23651.371355	1.719729e-08	8.420000e-01	1.704204e-26
32	725.506641	8.712509e-11	9.360000e-01	1.590064e-24
32	13423.018235	1.714359e-08	8.700000e-01	3.759482e-26
32	24524.172104	1.720033e-08	8.400000e-01	2.054697e-25
32	46609.066645	1.724718e-08	8.000000e-01	1.352480e-18
32	3251.012170	1.694546e-08	9.180000e-01	1.228063e-26
32	15317.548488	1.715721e-08	8.640000e-01	7.898603e-27
32	41433.484438	1.723952e-08	8.080000e-01	3.939871e-25
32	5033.890679	1.701787e-08	9.060000e-01	5.849104e-27
32	36656.853283	1.723112e-08	8.160000e-01	2.058721e-25
32	41433.483528	1.723952e-08	8.080000e-01	3.380762e-25
32	275.694869	2.600831e-08	9.800000e-01	1.500713e-11
32	6487.534686	1.705491e-08	8.980000e-01	1.133991e-26
32	15983.573722	1.716145e-08	8.620000e-01	2.027624e-27
32	726.485215	3.680477e-11	8.680000e-01	1.525032e-24
32	14037.489498	1.714829e-08	8.680000e-01	1.238715e-26
32	2529.035842	1.689840e-08	9.240000e-01	1.405078e-26
32	726.628041	2.529952e-11	8.200000e-01	5.516914e-23
32	37814.725177	1.723329e-08	8.140000e-01	1.191556e-25
32	2529.035762	1.689840e-08	9.240000e-01	1.298542e-26
32	1255.455382	1.674083e-08	9.380000e-01	5.648211e-27
32	354.671624	1.622222e-08	9.580000e-01	5.376714e-27
32	22798.589266	1.719417e-08	8.440000e-01	3.724685e-26
32	279.070505	5.237471e-08	9.900000e-01	2.053757e-11
32	277.834027	1.586652e-08	9.640000e-01	1.948610e-26
32	1914.506365	1.684087e-08	9.300000e-01	3.836045e-26
32	2107.658103	1.686142e-08	9.280000e-01	4.860736e-27
32	294.059285	1.600632e-08	9.620000e-01	6.336435e-27
32	726.465366	3.817205e-11	8.720000e-01	9.887423e-24
32	726.064021	6.097734e-11	9.140000e-01	1.685275e-24
32	41433.484424	1.723952e-08	8.080000e-01	3.670198e-25
32	5033.890941	1.701787e-08	9.060000e-01	1.312155e-26
32	280.268146	2.674152e-07	9.980001e-01	2.175873e-11
32	5033.890864	1.701787e-08	9.060000e-01	1.052497e-26
32	453.735373	1.638101e-08	9.540000e-01	6.491000e-27
32	726.465366	3.817205e-11	8.720000e-01	6.620931e-24
32	270.803643	1.569641e-08	9.660000e-01	5.925170e-26
32	2312.452412	1.688055e-08	9.260000e-01	1.038801e-26
32	876.488578	1.663956e-08	9.440000e-01	7.670108e-28
32	273.202983	1.997890e-08	9.740000e-01	9.362947e-12
32	49857.956108	1.844715e-08	8.339999e-01	1.000000e-08
32	13423.018656	1.714359e-08	8.700000e-01	2.432576e-26
32	46609.066669	1.724718e-08	8.000000e-01	1.257081e-18
32	276.485469	2.892623e-08	9.820000e-01	1.649209e-11
32	49857.955716	1.844715e-08	8.339999e-01	1.000000e-08
32	3251.012279	1.694546e-08	9.180000e-01	8.988237e-27
32	272.390172	1.855455e-08	9.720000e-01	7.076748e-12
32	6885.626930	1.706311e-08	8.960000e-01	1.456336e-26
32	319.625676	1.612315e-08	9.600000e-01	2.684991e-27
32	46609.065440	1.724718e-08	8.000000e-01	1.653021e-18
32	592.299563	1.650262e-08	9.500000e-01	2.042896e-27
32	42689.163509	1.724150e-08	8.060000e-01	5.663279e-25
32	276.485469	2.892623e-08	9.820000e-01	1.649209e-11
32	4084.542364	1.698468e-08	9.120000e-01	1.198029e-26
32	2107.658172	1.686142e-08	9.280000e-01	5.267390e-27
32	21152.070217	1.718765e-08	8.480000e-01	2.002507e-26
32	8622.041891	1.709252e-08	8.880000e-01	1.667167e-26
32	10080.765063	1.711155e-08	8.820000e-01	3.124791e-26
32	992.101920	1.667653e-08	9.420000e-01	9.480105e-27
32	1562.553260	1.679485e-08	9.340000e-01	7.305474e-27
32	15317.549198	1.715721e-08	8.640000e-01	2.887850e-26
32	726.431815	4.040097e-11	8.780000e-01	6.528050e-24
32	5033.890912	1.701787e-08	9.060000e-01	1.926763e-26
32	726.330659	4.663467e-11	8.920000e-01	1.632700e-25
32	2529.035809	1.689840e-08	9.240000e-01	1.299369e-26
32	43970.097160	1.724344e-08	8.040000e-01	1.627915e-25
32	31216.437667	1.721943e-08	8.260000e-01	4.767409e-26
32	35522.637700	1.722889e-08	8.180000e-01	1.225140e-25
32	725.644909	8.084534e-11	9.320000e-01	1.990593e-24
32	23651.371143	1.719729e-08	8.420000e-01	8.389314e-26
32	726.589553	2.878728e-11	8.380000e-01	8.043315e-24
32	19582.621244	1.718073e-08	8.520000e-01	5.514591e-27
32	726.230824	5.227489e-11	9.020000e-01	4.288929e-24
32	453.735372	1.638101e-08	9.540000e-01	3.927236e-27
32	24524.172437	1.720033e-08	8.400000e-01	4.072881e-26
32	20357.834656	1.718424e-08	8.500000e-01	4.120121e-26
32	3794.044325	1.697236e-08	9.140000e-01	8.903957e-27
32	9579.250150	1.710546e-08	8.840000e-01	4.252864e-26
32	725.428653	9.064901e-11	9.380000e-01	1.168457e-24
32	725.763142	7.540900e-11	9.280000e-01	3.565704e-24
32	7297.943008	1.707096e-08	8.940000e-01	3.426077e-26
32	1914.506287	1.684087e-08	9.300000e-01	5.285613e-27
32	6885.627047	1.706311e-08	8.960000e-01	1.782757e-26
32	399.331007	1.630724e-08	9.560000e-01	1.289053e-27
32	26330.856696	1.720615e-08	8.360000e-01	2.268324e-25
32	23651.371087	1.719729e-08	8.420000e-01	3.369350e-26
