44	130.807519	1.195163e-06	9.980004e-01	1.448816e-11
44	2073.707339	2.662149e-08	8.540000e-01	3.067029e-26
44	130.521738	3.544355e-08	9.480000e-01	4.765958e-26
44	1212.030193	2.712785e-08	8.760000e-01	2.643065e-26
44	130.028615	3.799293e-08	9.520000e-01	1.591120e-12
44	2263.334536	2.654956e-08	8.500000e-01	3.600380e-27
44	130.141715	4.840463e-08	9.620000e-01	7.480694e-12
44	130.028615	3.799293e-08	9.520000e-01	1.591119e-12
44	2568.142721	2.645032e-08	8.440000e-01	4.063479e-26
44	4194.654994	2.611165e-08	8.180000e-01	2.075478e-25
44	558.983495	3.665994e-10	9.820000e-01	3.689447e-25
44	4341.923368	2.609038e-08	8.160000e-01	1.013076e-25
44	130.793794	2.392062e-07	9.920001e-01	1.452266e-11
44	7056.002124	2.915664e-08	8.319999e-01	1.000000e-08
44	5469.878230	2.595580e-08	8.020000e-01	4.149025e-25
44	559.622519	3.622349e-11	9.060000e-01	6.716957e-23
44	5469.878213	2.595580e-08	8.020000e-01	4.887301e-25
44	303.713863	2.929519e-08	9.180000e-01	8.123240e-27
44	1417.906435	2.696742e-08	8.700000e-01	1.204288e-26
44	2898.255646	2.636019e-08	8.380000e-01	7.771860e-26
44	3014.087543	2.633197e-08	8.360000e-01	2.597464e-26
44	442.326748	2.851294e-08	9.080000e-01	7.828401e-27
44	303.713870	2.929519e-08	9.180000e-01	1.731490e-26
44	559.623673	3.536681e-11	9.040000e-01	1.742558e-23
44	559.600227	5.060600e-11	9.300000e-01	9.486378e-24
44	281.239234	2.948866e-08	9.200000e-01	4.804238e-27
44	381.530086	2.879375e-08	9.120000e-01	4.165194e-27
44	132.174271	3.463659e-08	9.460000e-01	3.489543e-26
44	6667.129302	2.830118e-08	8.239999e-01	1.000000e-08
44	223.839016	3.017173e-08	9.260000e-01	2.290708e-26
44	130.793794	2.392063e-07	9.920001e-01	1.452266e-11
44	327.903209	2.911582e-08	9.160000e-01	3.574325e-27
44	969.358544	2.737693e-08	8.840000e-01	2.583992e-26
44	130.103132	4.590163e-08	9.600000e-01	6.473531e-12
44	6761.992065	2.851166e-08	8.259999e-01	1.000000e-08
44	1417.906463	2.696742e-08	8.700000e-01	3.833931e-26
44	193.652689	3.073629e-08	9.300000e-01	3.737643e-27
44	559.586772	5.812182e-11	9.380000e-01	5.181974e-24
44	207.956496	3.044119e-08	9.280000e-01	1.173811e-27
44	1148.011211	2.718602e-08	8.780000e-01	9.065899e-27
44	442.326755	2.851294e-08	9.080000e-01	1.792000e-27
44	6573.814304	2.809291e-08	8.219999e-01	1.000000e-08
44	914.179397	2.744668e-08	8.860000e-01	5.958291e-27
44	169.662352	3.141858e-08	9.340000e-01	1.462653e-26
44	5129.809910	2.599188e-08	8.060000e-01	8.038338e-25
44	6858.416251	2.872437e-08	8.279999e-01	1.000000e-08
44	2073.707382	2.662148e-08	8.540000e-01	3.031075e-26
44	627.043625	2.794720e-08	8.980000e-01	2.196209e-27
44	130.542628	8.494740e-08	9.780000e-01	1.291886e-11
44	510.499646	2.826606e-08	9.040000e-01	4.981813e-27
44	241.328641	2.992484e-08	9.240000e-01	2.222233e-26
44	2675.319685	2.641933e-08	8.420000e-01	7.947282e-26
44	5129.809983	2.599188e-08	8.060000e-01	2.138963e-25
44	281.239208	2.948866e-08	9.200000e-01	4.479590e-27
44	1086.245627	2.724680e-08	8.800000e-01	4.153942e-27
44	1086.245646	2.724680e-08	8.800000e-01	9.222143e-27
44	1982.862494	2.665936e-08	8.560000e-01	5.278472e-26
44	1982.862451	2.665936e-08	8.560000e-01	1.718365e-26
44	1982.862491	2.665936e-08	8.560000e-01	6.762750e-26
44	3014.088066	2.633197e-08	8.360000e-01	1.161848e-25
44	669.805895	2.785244e-08	8.960000e-01	1.550375e-26
44	3014.087832	2.633197e-08	8.360000e-01	8.706671e-26
44	130.590075	9.365276e-08	9.800000e-01	1.330886e-11
44	130.808814	3.225043e-07	9.940001e-01	1.455460e-11
44	130.590075	9.365276e-08	9.800000e-01	1.330886e-11
44	130.032231	3.970931e-08	9.540000e-01	2.946469e-12
44	2785.344938	2.638930e-08	8.400000e-01	1.723892e-25
44	475.478255	2.838564e-08	9.060000e-01	3.280079e-27
44	130.037762	3.641580e-08	9.500000e-01	1.399089e-13
44	281.239213	2.948866e-08	9.200000e-01	5.287537e-27
44	1417.906440	2.696742e-08	8.700000e-01	9.810970e-27
44	130.103132	4.590163e-08	9.600000e-01	6.473531e-12
44	4341.923546	2.609038e-08	8.160000e-01	5.873592e-26
44	144.735184	3.274955e-08	9.400000e-01	3.669399e-27
44	1026.704392	2.731037e-08	8.820000e-01	2.175686e-26
44	5645.441731	2.593840e-08	8.000000e-01	2.679321e-19
44	180.898176	3.106066e-08	9.320000e-01	5.195823e-27
44	130.283562	5.780536e-08	9.680000e-01	1.003905e-11
44	4646.631682	2.604947e-08	8.120001e-01	9.024267e-26
44	559.632121	2.848337e-11	8.840000e-01	1.768321e-23
44	547.416897	2.815351e-08	9.020000e-01	5.870419e-27
44	669.805848	2.785244e-08	8.960000e-01	3.830496e-26
44	135.059592	3.392819e-08	9.440000e-01	4.346756e-29
44	2263.334541	2.654956e-08	8.500000e-01	2.801789e-26
44	130.542628	8.494740e-08	9.780000e-01	1.291886e-11
44	3379.516512	2.625217e-08	8.300000e-01	1.034307e-26
44	475.478230	2.838564e-08	9.060000e-01	2.956081e-27
44	130.283562	5.780536e-08	9.680000e-01	1.003905e-11
44	4492.567566	2.606966e-08	8.140000e-01	1.117586e-25
44	135.059592	3.392819e-08	9.440000e-01	1.068495e-26
44	2263.334489	2.654956e-08	8.500000e-01	3.403775e-26
44	303.713881	2.929519e-08	9.180000e-01	4.630787e-26
44	223.839008	3.017173e-08	9.260000e-01	7.808619e-27
44	151.616140	3.225638e-08	9.380000e-01	3.935415e-27
44	2898.255672	2.636019e-08	8.380000e-01	1.536938e-25
44	1894.617741	2.669861e-08	8.580000e-01	2.418264e-24
44	5298.017210	2.597362e-08	8.040000e-01	5.823615e-25
44	2463.776945	2.648232e-08	8.460000e-01	3.458129e-26
44	475.478264	2.838564e-08	9.060000e-01	6.923525e-27
44	914.179426	2.744668e-08	8.860000e-01	2.381863e-27
44	1346.947789	2.701869e-08	8.720000e-01	2.523607e-26
44	2675.319757	2.641933e-08	8.420000e-01	3.511077e-26
44	130.103132	4.590163e-08	9.600000e-01	6.473531e-12
44	4965.208567	2.601060e-08	8.080000e-01	3.003616e-25
44	6667.129440	2.830118e-08	8.239999e-01	1.000000e-08
44	4646.632054	2.604947e-08	8.120001e-01	1.021318e-25
44	130.103132	4.590163e-08	9.600000e-01	6.473532e-12
44	6956.415114	2.893935e-08	8.299999e-01	1.000000e-08
44	5298.017300	2.597362e-08	8.040000e-01	6.145498e-25
44	353.833343	2.894909e-08	9.140000e-01	3.026809e-26
44	4804.162901	2.602979e-08	8.100001e-01	3.072374e-26
44	586.256154	2.804741e-08	9.000000e-01	2.648944e-27
44	130.032231	3.970931e-08	9.540000e-01	2.946469e-12
44	241.328619	2.992484e-08	9.240000e-01	8.656938e-27
44	559.475142	1.120349e-10	9.640000e-01	2.399446e-24
44	6761.992473	2.851166e-08	8.259999e-01	1.000000e-08
44	559.639690	2.076400e-11	8.480000e-01	4.525631e-23
44	130.028615	3.799293e-08	9.520000e-01	1.591120e-12
44	139.230699	3.330335e-08	9.420000e-01	1.094116e-26
44	475.478244	2.838564e-08	9.060000e-01	8.822864e-28
44	914.179372	2.744668e-08	8.860000e-01	1.060603e-26
44	1808.939912	2.673929e-08	8.600000e-01	1.566702e-26
44	130.807519	1.195163e-06	9.980004e-01	1.448816e-11
44	130.634506	1.043058e-07	9.820000e-01	1.364196e-11
44	6858.416669	2.872437e-08	8.279999e-01	1.000000e-08
44	3132.883555	2.630458e-08	8.340000e-01	5.775080e-26
44	5129.810055	2.599188e-08	8.060000e-01	1.509969e-25
44	1346.947769	2.701869e-08	8.720000e-01	2.968301e-27
44	4050.718650	2.613349e-08	8.200000e-01	2.638530e-25
44	4341.923260	2.609038e-08	8.160000e-01	1.772077e-25
44	2785.344925	2.638930e-08	8.400000e-01	2.263104e-26
44	260.453003	2.969790e-08	9.220000e-01	1.212200e-26
44	559.642128	1.764436e-11	8.260000e-01	1.378234e-22
44	586.256156	2.804740e-08	9.000000e-01	1.625539e-28
44	4492.567387	2.606966e-08	8.140000e-01	2.270186e-25
44	411.019305	2.864869e-08	9.100000e-01	3.556652e-27
44	2463.776943	2.648232e-08	8.460000e-01	1.330254e-26
44	3132.883924	2.630458e-08	8.340000e-01	4.971854e-26
44	1808.939901	2.673929e-08	8.600000e-01	2.330823e-26
44	810.208654	2.759673e-08	8.900000e-01	1.362909e-26
44	130.335681	6.177975e-08	9.700000e-01	1.074669e-11
44	2675.319710	2.641933e-08	8.420000e-01	3.489463e-26
44	442.326765	2.851294e-08	9.080000e-01	6.927173e-28
44	1566.977420	2.687085e-08	8.660000e-01	1.285303e-26
44	130.813438	4.980030e-07	9.960001e-01	1.454246e-11
44	914.179376	2.744668e-08	8.860000e-01	1.286515e-26
44	669.805854	2.785244e-08	8.960000e-01	2.268366e-26
44	1346.947723	2.701869e-08	8.720000e-01	2.194873e-26
44	559.517734	9.208731e-11	9.580000e-01	5.555629e-24
44	559.567391	6.817765e-11	9.460000e-01	1.518573e-24
44	207.956510	3.044119e-08	9.280000e-01	1.299363e-26
44	510.499626	2.826606e-08	9.040000e-01	1.226268e-26
44	559.594078	5.411246e-11	9.340000e-01	4.629933e-24
44	130.521738	3.544355e-08	9.480000e-01	1.199081e-26
44	130.590075	9.365276e-08	9.800000e-01	1.330886e-11
44	1491.239403	2.691818e-08	8.680000e-01	4.413327e-26
44	260.453027	2.969790e-08	9.220000e-01	6.076026e-27
44	144.735183	3.274955e-08	9.400000e-01	1.159842e-26
44	2785.344945	2.638930e-08	8.400000e-01	6.268582e-26
44	5469.878147	2.595580e-08	8.020000e-01	1.749810e-24
44	4646.631930	2.604947e-08	8.120001e-01	2.192538e-25
44	130.028615	3.799293e-08	9.520000e-01	1.591120e-12
44	411.019312	2.864869e-08	9.100000e-01	6.590299e-27
44	1982.862443	2.665936e-08	8.560000e-01	9.344062e-27
44	559.456296	1.209056e-10	9.660000e-01	1.454278e-25
44	559.208659	2.432039e-10	9.780000e-01	8.325042e-25
44	4050.718192	2.613349e-08	8.200001e-01	1.656997e-25
44	559.605444	4.751135e-11	9.260000e-01	6.808500e-23
44	558.636469	5.970209e-10	9.860000e-01	1.056561e-24
44	558.983495	3.665994e-10	9.820000e-01	9.809297e-25
44	1026.704451	2.731037e-08	8.820000e-01	1.373386e-26
44	3132.883695	2.630458e-08	8.340000e-01	2.275877e-26
44	3132.883806	2.630458e-08	8.340000e-01	1.950324e-25
44	159.913038	3.181513e-08	9.360000e-01	2.725805e-27
44	130.813438	4.980030e-07	9.960001e-01	1.454246e-11
44	130.032231	3.970931e-08	9.540000e-01	2.946469e-12
44	5298.017215	2.597362e-08	8.040000e-01	3.961137e-25
44	1808.939892	2.673930e-08	8.600000e-01	5.738954e-23
44	1346.947756	2.701869e-08	8.720000e-01	2.297252e-26
44	130.807519	1.195165e-06	9.980004e-01	1.448816e-11
44	6129.966018	2.708337e-08	8.119999e-01	1.000000e-08
44	223.839018	3.017173e-08	9.260000e-01	4.563390e-27
44	2362.186184	2.651538e-08	8.480000e-01	8.222461e-26
44	130.492760	7.770013e-08	9.760000e-01	1.246987e-11
44	5469.878191	2.595580e-08	8.020000e-01	1.759333e-25
44	586.256166	2.804740e-08	9.000000e-01	4.144543e-27
44	130.675384	1.176439e-07	9.840000e-01	1.392021e-11
44	4341.922842	2.609038e-08	8.160001e-01	8.490686e-26
44	130.744583	1.578266e-07	9.880000e-01	1.431986e-11
44	2785.344940	2.638930e-08	8.400000e-01	6.443675e-26
44	6667.129020	2.830118e-08	8.239999e-01	1.000000e-08
44	6761.992421	2.851166e-08	8.259999e-01	1.000000e-08
44	559.567391	6.817765e-11	9.460000e-01	6.729388e-24
44	130.813438	4.980031e-07	9.960001e-01	1.454246e-11
44	2785.344883	2.638930e-08	8.400000e-01	1.666292e-25
44	1212.030252	2.712785e-08	8.760000e-01	1.814696e-26
44	4341.922788	2.609038e-08	8.160001e-01	5.495203e-26
44	130.675384	1.176439e-07	9.840000e-01	1.392021e-11
44	130.807519	1.195165e-06	9.980004e-01	1.448816e-11
44	4965.208599	2.601060e-08	8.080000e-01	1.060400e-25
44	1417.906523	2.696742e-08	8.700000e-01	7.509126e-27
44	5645.441840	2.593840e-08	8.000000e-01	4.237120e-11
44	2362.186180	2.651538e-08	8.480000e-01	4.842109e-26
44	-1.000000	-1.000000e+00	-1.000000e+00	-1.000000e+00
44	130.233133	5.430087e-08	9.660000e-01	9.260626e-12
44	558.828698	4.646805e-10	9.840000e-01	9.227892e-25
44	130.771980	1.901929e-07	9.900001e-01	1.444498e-11
44	130.233133	5.430087e-08	9.660000e-01	9.260626e-12
44	139.230702	3.330335e-08	9.420000e-01	1.570847e-26
44	7056.001794	2.915664e-08	8.319999e-01	1.000000e-08
44	130.141715	4.840463e-08	9.620000e-01	7.480694e-12
44	151.616145	3.225638e-08	9.380000e-01	1.922852e-27
44	130.046914	4.158382e-08	9.560000e-01	4.209673e-12
44	1808.939881	2.673929e-08	8.600000e-01	3.250096e-26
44	130.542628	8.494741e-08	9.780000e-01	1.291886e-11
44	130.590075	9.365276e-08	9.800000e-01	1.330886e-11
44	1417.906463	2.696742e-08	8.700000e-01	8.732643e-26
44	2675.319751	2.641933e-08	8.420000e-01	4.963261e-27
44	130.492760	7.770013e-08	9.760000e-01	1.246987e-11
44	130.185465	5.118791e-08	9.640000e-01	8.408762e-12
44	144.735181	3.274955e-08	9.400000e-01	6.205272e-27
44	1417.906516	2.696742e-08	8.700000e-01	4.395365e-26
44	442.326751	2.851294e-08	9.080000e-01	1.080945e-27
44	6573.814320	2.809291e-08	8.219999e-01	1.000000e-08
44	130.046914	4.158382e-08	9.560000e-01	4.209674e-12
44	6761.992641	2.851166e-08	8.259999e-01	1.000000e-08
44	5645.441740	2.593840e-08	8.000000e-01	5.266319e-11
44	2073.707392	2.662149e-08	8.540000e-01	2.220242e-26
44	4492.567483	2.606966e-08	8.140000e-01	3.821545e-25
44	130.542628	8.494740e-08	9.780000e-01	1.291886e-11
44	2167.186534	2.658491e-08	8.520000e-01	5.622979e-27
44	559.578010	6.275522e-11	9.420000e-01	4.058130e-24
44	3910.071407	2.615593e-08	8.220000e-01	2.976080e-25
44	5645.441842	2.593840e-08	8.000000e-01	3.192595e-11
44	4804.163323	2.602979e-08	8.100000e-01	5.344784e-25
44	144.735178	3.274955e-08	9.400000e-01	3.021136e-27
44	4341.922884	2.609038e-08	8.160001e-01	3.887815e-25
44	193.652695	3.073629e-08	9.300000e-01	3.668699e-27
44	130.771980	1.901929e-07	9.900001e-01	1.444498e-11
44	969.358515	2.737693e-08	8.840000e-01	2.999542e-27
44	130.037762	3.641580e-08	9.500000e-01	1.399085e-13
44	281.239237	2.948866e-08	9.200000e-01	4.733597e-28
44	1417.906461	2.696742e-08	8.700000e-01	1.588824e-26
44	130.807519	1.195164e-06	9.980004e-01	1.448816e-11
44	1086.245674	2.724680e-08	8.800000e-01	3.571215e-27
44	969.358550	2.737693e-08	8.840000e-01	7.019920e-27
44	130.813438	4.980029e-07	9.960001e-01	1.454246e-11
44	5298.017229	2.597362e-08	8.040000e-01	4.144241e-25
44	559.630789	2.965650e-11	8.880000e-01	3.562851e-23
44	7056.002057	2.915664e-08	8.319999e-01	1.000000e-08
44	-1.000000	-1.000000e+00	-1.000000e+00	-1.000000e+00
44	1026.704375	2.731037e-08	8.820000e-01	2.591172e-26
44	559.597282	5.230264e-11	9.320000e-01	3.291652e-23
44	2073.707371	2.662149e-08	8.540000e-01	3.773725e-26
44	130.283562	5.780536e-08	9.680000e-01	1.003905e-11
44	4965.208578	2.601060e-08	8.080000e-01	2.615163e-25
44	169.662348	3.141858e-08	9.340000e-01	4.435174e-27
44	6956.415607	2.893935e-08	8.299999e-01	1.000000e-08
44	6956.415557	2.893935e-08	8.299999e-01	1.000000e-08
44	130.233133	5.430087e-08	9.660000e-01	9.260625e-12
44	3014.088109	2.633197e-08	8.360000e-01	1.564757e-26
44	3014.087232	2.633197e-08	8.360001e-01	1.575151e-27
44	130.744583	1.578266e-07	9.880000e-01	1.431986e-11
44	130.771980	1.901929e-07	9.900001e-01	1.444498e-11
44	1894.617792	2.669861e-08	8.580000e-01	3.085893e-26
44	130.141715	4.840463e-08	9.620000e-01	7.480694e-12
44	159.913040	3.181513e-08	9.360000e-01	3.844136e-27
44	241.328641	2.992484e-08	9.240000e-01	3.771989e-26
44	353.833352	2.894909e-08	9.140000e-01	6.777842e-27
44	130.388507	6.632492e-08	9.720000e-01	1.138609e-11
44	2073.707329	2.662149e-08	8.540000e-01	9.678081e-26
44	193.652685	3.073629e-08	9.300000e-01	4.638141e-27
44	1645.152267	2.682532e-08	8.640000e-01	2.397638e-26
44	130.793794	2.392062e-07	9.920001e-01	1.452266e-11
44	2263.334506	2.654956e-08	8.500000e-01	4.529161e-26
44	4050.718653	2.613349e-08	8.200000e-01	1.349397e-25
44	303.713861	2.929519e-08	9.180000e-01	1.429285e-27
44	559.491348	1.044429e-10	9.620000e-01	1.395659e-24
44	559.475142	1.120349e-10	9.640000e-01	4.167858e-24
44	1982.862465	2.665936e-08	8.560000e-01	2.667450e-26
44	193.652688	3.073629e-08	9.300000e-01	4.329717e-27
44	559.582595	6.035144e-11	9.400000e-01	8.715496e-25
44	1566.977447	2.687085e-08	8.660000e-01	3.119369e-27
44	559.572963	6.535525e-11	9.440000e-01	4.357220e-24
44	4804.162526	2.602979e-08	8.100001e-01	2.042790e-25
44	130.046914	4.158382e-08	9.560000e-01	4.209674e-12
44	-1.000000	-1.000000e+00	-1.000000e+00	-1.000000e+00
44	5298.017217	2.597362e-08	8.040000e-01	6.418040e-25
44	151.616141	3.225638e-08	9.380000e-01	2.769918e-26
44	207.956497	3.044119e-08	9.280000e-01	1.248853e-26
44	130.335682	6.177976e-08	9.700000e-01	1.074669e-11
44	559.638816	2.178081e-11	8.540000e-01	1.402293e-22
44	3014.087740	2.633197e-08	8.360000e-01	1.480023e-26
44	130.813438	4.980031e-07	9.960001e-01	1.454246e-11
44	2675.319682	2.641933e-08	8.420000e-01	2.851168e-27
44	353.833348	2.894909e-08	9.140000e-01	1.071807e-26
44	1417.906431	2.696742e-08	8.700000e-01	3.448839e-26
44	303.713856	2.929519e-08	9.180000e-01	3.669606e-27
44	2898.255612	2.636019e-08	8.380000e-01	3.071871e-26
44	130.807519	1.195165e-06	9.980004e-01	1.448816e-11
44	559.639119	2.143254e-11	8.520000e-01	9.429585e-23
44	2898.255597	2.636019e-08	8.380000e-01	6.562948e-27
44	130.712228	1.348319e-07	9.860000e-01	1.414554e-11
44	159.913038	3.181513e-08	9.360000e-01	1.045515e-26
44	627.043616	2.794720e-08	8.980000e-01	1.249529e-26
44	6129.966037	2.708337e-08	8.119999e-01	1.000000e-08
44	5645.441827	2.593840e-08	8.000000e-01	4.194378e-11
44	559.594078	5.411245e-11	9.340000e-01	1.779576e-24
44	1982.862497	2.665936e-08	8.560000e-01	2.035309e-26
44	4050.719314	2.613349e-08	8.200000e-01	1.757405e-25
44	1808.939922	2.673929e-08	8.600000e-01	1.320828e-26
44	130.028615	3.799293e-08	9.520000e-01	1.591121e-12
44	6667.129318	2.830118e-08	8.239999e-01	1.000000e-08
44	281.239229	2.948866e-08	9.200000e-01	5.243597e-27
44	130.046914	4.158382e-08	9.560000e-01	4.209673e-12
44	130.542628	8.494740e-08	9.780000e-01	1.291886e-11
44	411.019309	2.864869e-08	9.100000e-01	3.635048e-27
44	510.499626	2.826606e-08	9.040000e-01	2.481239e-26
44	130.283562	5.780536e-08	9.680000e-01	1.003905e-11
44	714.569441	2.776269e-08	8.940000e-01	1.591052e-26
44	4194.654485	2.611165e-08	8.180001e-01	4.824727e-25
44	5129.809985	2.599188e-08	8.060000e-01	6.144187e-26
44	4341.923151	2.609038e-08	8.160000e-01	4.578630e-26
44	1808.939901	2.673929e-08	8.600000e-01	2.997991e-26
44	130.771980	1.901929e-07	9.900001e-01	1.444498e-11
44	510.499645	2.826606e-08	9.040000e-01	1.309139e-26
44	130.590075	9.365276e-08	9.800000e-01	1.330885e-11
44	2362.186189	2.651538e-08	8.480000e-01	2.772357e-26
44	1808.939893	2.673929e-08	8.600000e-01	2.424537e-26
44	130.542628	8.494740e-08	9.780000e-01	1.291886e-11
44	669.805868	2.785244e-08	8.960000e-01	3.474656e-27
44	559.586772	5.812182e-11	9.380000e-01	6.924498e-24
44	558.983495	3.665994e-10	9.820000e-01	3.064713e-24
44	1645.152304	2.682533e-08	8.640000e-01	1.478651e-26
44	6858.416254	2.872437e-08	8.279999e-01	1.000000e-08
44	627.043626	2.794720e-08	8.980000e-01	2.465047e-26
44	260.453012	2.969790e-08	9.220000e-01	3.219009e-27
44	475.478265	2.838564e-08	9.060000e-01	1.691412e-26
44	180.898174	3.106066e-08	9.320000e-01	3.427838e-27
44	139.230704	3.330335e-08	9.420000e-01	4.771049e-27
44	4965.208682	2.601060e-08	8.080000e-01	3.072254e-25
44	1212.030209	2.712785e-08	8.760000e-01	1.326723e-26
44	559.578010	6.275522e-11	9.420000e-01	4.690719e-24
44	1026.704428	2.731037e-08	8.820000e-01	2.437956e-26
44	1278.332411	2.707212e-08	8.740000e-01	1.787919e-28
44	130.046914	4.158382e-08	9.560000e-01	4.209674e-12
44	4341.922713	2.609038e-08	8.160001e-01	2.352384e-25
44	1566.977482	2.687085e-08	8.660000e-01	3.809683e-26
44	559.456296	1.209056e-10	9.660000e-01	2.212687e-24
44	241.328626	2.992484e-08	9.240000e-01	2.541348e-27
44	130.032231	3.970931e-08	9.540000e-01	2.946470e-12
44	4050.718776	2.613349e-08	8.200000e-01	9.785164e-26
44	475.478236	2.838564e-08	9.060000e-01	1.756043e-27
44	2263.334530	2.654956e-08	8.500000e-01	1.910287e-27
44	2785.344934	2.638930e-08	8.400000e-01	4.041224e-26
44	130.335682	6.177976e-08	9.700000e-01	1.074669e-11
44	353.833338	2.894909e-08	9.140000e-01	4.259896e-27
44	130.634506	1.043058e-07	9.820000e-01	1.364196e-11
44	510.499645	2.826606e-08	9.040000e-01	1.187968e-26
44	4492.567270	2.606966e-08	8.140001e-01	4.048145e-26
44	510.499618	2.826606e-08	9.040000e-01	1.215743e-26
44	559.475142	1.120349e-10	9.640000e-01	2.423939e-24
44	1808.939867	2.673930e-08	8.600000e-01	9.589949e-27
44	714.569440	2.776269e-08	8.940000e-01	6.341864e-27
44	1982.862462	2.665936e-08	8.560000e-01	1.546501e-26
44	861.138777	2.751986e-08	8.880000e-01	3.953077e-26
44	4804.162836	2.602979e-08	8.100001e-01	1.606105e-25
44	2362.186154	2.651538e-08	8.480000e-01	2.421973e-26
44	559.582595	6.035144e-11	9.400000e-01	1.379484e-24
44	1086.245665	2.724680e-08	8.800000e-01	3.895170e-26
44	3132.883400	2.630458e-08	8.340000e-01	4.245384e-26
44	327.903222	2.911582e-08	9.160000e-01	1.279612e-26
44	1346.947725	2.701869e-08	8.720000e-01	1.226853e-27
44	130.032231	3.970932e-08	9.540000e-01	2.946470e-12
44	130.521737	3.544355e-08	9.480000e-01	6.725719e-26
44	130.793794	2.392062e-07	9.920001e-01	1.452266e-11
44	1026.704439	2.731037e-08	8.820000e-01	4.041774e-26
44	714.569460	2.776269e-08	8.940000e-01	5.861359e-28
44	1645.152239	2.682532e-08	8.640000e-01	2.500313e-26
44	559.578010	6.275523e-11	9.420000e-01	1.686689e-24
44	1894.617812	2.669861e-08	8.580000e-01	6.175472e-27
44	193.652684	3.073629e-08	9.300000e-01	8.772282e-27
44	1725.795641	2.678150e-08	8.620000e-01	4.654254e-26
44	130.441140	7.157293e-08	9.740000e-01	1.195970e-11
44	2785.344888	2.638930e-08	8.400000e-01	3.186572e-26
44	130.103132	4.590163e-08	9.600000e-01	6.473532e-12
44	5298.017223	2.597362e-08	8.040000e-01	3.536219e-26
44	144.735180	3.274955e-08	9.400000e-01	5.463354e-26
44	2898.255628	2.636019e-08	8.380000e-01	1.927438e-27
44	130.771980	1.901929e-07	9.900001e-01	1.444498e-11
44	327.903217	2.911582e-08	9.160000e-01	1.634248e-27
44	2463.776938	2.648232e-08	8.460000e-01	4.073400e-26
44	130.521738	3.544355e-08	9.480000e-01	5.162478e-27
44	-1.000000	-1.000000e+00	-1.000000e+00	-1.000000e+00
44	327.903230	2.911582e-08	9.160000e-01	1.056431e-26
44	130.388507	6.632492e-08	9.720000e-01	1.138609e-11
44	130.071055	4.363893e-08	9.580000e-01	5.384249e-12
44	442.326743	2.851294e-08	9.080000e-01	1.364129e-27
44	130.542628	8.494740e-08	9.780000e-01	1.291886e-11
44	1982.862490	2.665936e-08	8.560000e-01	7.067165e-26
44	130.793794	2.392062e-07	9.920001e-01	1.452266e-11
44	558.636469	5.970209e-10	9.860000e-01	2.063944e-26
44	1725.795613	2.678150e-08	8.620000e-01	2.531076e-26
44	130.046914	4.158382e-08	9.560000e-01	4.209674e-12
44	130.793794	2.392063e-07	9.920001e-01	1.452266e-11
44	559.602940	4.901199e-11	9.280000e-01	6.220389e-24
44	381.530094	2.879375e-08	9.120000e-01	1.166546e-26
44	159.913031	3.181513e-08	9.360000e-01	8.821025e-28
44	1278.332466	2.707212e-08	8.740000e-01	1.867063e-26
44	586.256149	2.804740e-08	9.000000e-01	8.228923e-27
44	130.283562	5.780536e-08	9.680000e-01	1.003905e-11
44	207.956501	3.044119e-08	9.280000e-01	5.739789e-27
44	714.569491	2.776269e-08	8.940000e-01	5.588908e-27
44	6573.814291	2.809291e-08	8.219999e-01	1.000000e-08
44	5298.017127	2.597362e-08	8.040000e-01	8.075242e-25
44	1148.011137	2.718602e-08	8.780000e-01	2.871296e-26
44	1645.152286	2.682532e-08	8.640000e-01	7.503525e-27
44	6761.992301	2.851166e-08	8.259999e-01	1.000000e-08
44	1026.704426	2.731037e-08	8.820000e-01	1.311660e-26
44	2785.344937	2.638930e-08	8.400000e-01	7.771358e-26
44	130.046914	4.158382e-08	9.560000e-01	4.209674e-12
44	381.530107	2.879375e-08	9.120000e-01	2.313547e-26
44	4194.654628	2.611165e-08	8.180001e-01	3.172020e-25
44	3132.883284	2.630458e-08	8.340001e-01	7.453819e-27
44	475.478245	2.838564e-08	9.060000e-01	9.243771e-27
44	130.634506	1.043058e-07	9.820000e-01	1.364196e-11
44	5129.810047	2.599188e-08	8.060000e-01	2.057869e-25
44	327.903228	2.911582e-08	9.160000e-01	4.357711e-27
44	442.326776	2.851294e-08	9.080000e-01	1.140750e-26
44	2463.776925	2.648232e-08	8.460000e-01	5.680664e-26
44	327.903212	2.911582e-08	9.160000e-01	1.001422e-27
44	159.913034	3.181513e-08	9.360000e-01	9.903430e-27
44	130.492760	7.770013e-08	9.760000e-01	1.246987e-11
44	5469.878344	2.595580e-08	8.020000e-01	5.408472e-25
44	969.358521	2.737693e-08	8.840000e-01	4.440507e-27
44	1086.245693	2.724680e-08	8.800000e-01	2.344075e-27
44	169.662346	3.141858e-08	9.340000e-01	2.957583e-27
44	6956.415608	2.893935e-08	8.299999e-01	1.000000e-08
44	761.361333	2.767757e-08	8.920000e-01	1.009443e-26
44	2568.142686	2.645032e-08	8.440000e-01	3.677042e-26
44	130.185465	5.118791e-08	9.640000e-01	8.408762e-12
44	2167.186584	2.658491e-08	8.520000e-01	2.122438e-26
44	969.358494	2.737693e-08	8.840000e-01	5.153424e-26
44	1346.947697	2.701869e-08	8.720000e-01	3.797893e-27
44	1346.947768	2.701869e-08	8.720000e-01	5.574246e-26
44	1725.795596	2.678150e-08	8.620000e-01	3.632827e-27
44	130.032231	3.970931e-08	9.540000e-01	2.946469e-12
44	2263.334528	2.654956e-08	8.500000e-01	2.657270e-26
44	559.641757	1.815067e-11	8.300000e-01	1.088744e-22
44	139.230703	3.330335e-08	9.420000e-01	8.688813e-27
44	207.956501	3.044119e-08	9.280000e-01	1.761169e-27
44	1491.239346	2.691818e-08	8.680000e-01	2.885928e-26
44	1212.030248	2.712785e-08	8.760000e-01	8.019699e-27
44	1026.704380	2.731037e-08	8.820000e-01	1.910736e-26
44	559.334072	1.801139e-10	9.740000e-01	1.459062e-24
44	914.179362	2.744668e-08	8.860000e-01	5.074755e-27
44	586.256118	2.804740e-08	9.000000e-01	8.393111e-27
44	159.913034	3.181513e-08	9.360000e-01	6.907113e-27
44	1725.795610	2.678150e-08	8.620000e-01	8.132411e-27
44	4804.162767	2.602979e-08	8.100001e-01	1.320334e-26
44	559.375025	1.599686e-10	9.720000e-01	2.056794e-24
44	475.478235	2.838564e-08	9.060000e-01	8.245897e-27
44	411.019314	2.864869e-08	9.100000e-01	7.133092e-27
44	1212.030233	2.712785e-08	8.760000e-01	7.344655e-27
44	130.283562	5.780536e-08	9.680000e-01	1.003905e-11
44	2362.186183	2.651538e-08	8.480000e-01	9.255272e-27
44	4050.718541	2.613349e-08	8.200001e-01	4.331692e-26
44	207.956504	3.044119e-08	9.280000e-01	3.873821e-28
44	4050.719080	2.613349e-08	8.200000e-01	1.057642e-25
44	3254.680075	2.627799e-08	8.320000e-01	9.932444e-26
44	4050.719177	2.613349e-08	8.200000e-01	1.380816e-25
44	4646.632335	2.604947e-08	8.120000e-01	1.136188e-25
44	130.492760	7.770012e-08	9.760000e-01	1.246987e-11
44	353.833335	2.894909e-08	9.140000e-01	9.474140e-28
44	2263.334498	2.654956e-08	8.500000e-01	4.285593e-26
44	1894.617762	2.669861e-08	8.580000e-01	3.862993e-26
44	223.839003	3.017173e-08	9.260000e-01	1.816864e-27
44	130.037762	3.641580e-08	9.500000e-01	1.399086e-13
44	7056.001979	2.915664e-08	8.319999e-01	1.000000e-08
44	559.632736	2.792755e-11	8.820000e-01	4.316941e-23
44	559.561222	7.125358e-11	9.480000e-01	1.134712e-23
44	281.239211	2.948866e-08	9.200000e-01	1.267894e-26
44	130.037762	3.641580e-08	9.500000e-01	1.399081e-13
44	475.478264	2.838564e-08	9.060000e-01	4.826468e-27
44	1894.617741	2.669861e-08	8.580000e-01	1.761482e-24
44	1894.617703	2.669861e-08	8.580000e-01	3.350984e-26
44	5469.878290	2.595580e-08	8.020000e-01	1.189082e-24
44	130.793794	2.392062e-07	9.920001e-01	1.452266e-11
44	1725.795631	2.678150e-08	8.620000e-01	3.039026e-26
44	2568.142692	2.645032e-08	8.440000e-01	2.538185e-26
44	130.492760	7.770012e-08	9.760000e-01	1.246987e-11
44	558.983495	3.665994e-10	9.820000e-01	8.355689e-25
44	3132.883797	2.630458e-08	8.340000e-01	5.159804e-27
44	3910.071115	2.615593e-08	8.220000e-01	3.375279e-26
44	1894.617763	2.669861e-08	8.580000e-01	2.706126e-26
44	130.813438	4.980031e-07	9.960001e-01	1.454246e-11
44	327.903229	2.911582e-08	9.160000e-01	7.030072e-27
44	6858.416568	2.872437e-08	8.279999e-01	1.000000e-08
44	3910.071499	2.615593e-08	8.220000e-01	1.662870e-25
44	1212.030205	2.712785e-08	8.760000e-01	5.304572e-26
44	132.174270	3.463659e-08	9.460000e-01	1.476656e-26
44	6667.129226	2.830118e-08	8.239999e-01	1.000000e-08
44	130.441140	7.157293e-08	9.740000e-01	1.195970e-11
44	510.499618	2.826606e-08	9.040000e-01	6.363442e-27
44	6858.416694	2.872437e-08	8.279999e-01	1.000000e-08
44	2073.707351	2.662149e-08	8.540000e-01	1.402424e-26
44	442.326777	2.851294e-08	9.080000e-01	6.868005e-27
44	1212.030245	2.712785e-08	8.760000e-01	2.099451e-26
44	6956.415453	2.893935e-08	8.299999e-01	1.000000e-08
44	714.569442	2.776269e-08	8.940000e-01	3.505632e-26
44	2898.255637	2.636019e-08	8.380000e-01	7.985876e-26
44	411.019315	2.864869e-08	9.100000e-01	3.406101e-27
44	260.453006	2.969790e-08	9.220000e-01	5.358709e-27
44	207.956496	3.044119e-08	9.280000e-01	5.444391e-27
44	1086.245613	2.724680e-08	8.800000e-01	5.343171e-27
44	559.640699	1.952881e-11	8.400000e-01	2.854108e-22
44	442.326746	2.851294e-08	9.080000e-01	9.320505e-27
44	130.521738	3.544355e-08	9.480000e-01	7.660384e-26
44	2568.142655	2.645032e-08	8.440000e-01	1.686910e-26
44	558.983495	3.665994e-10	9.820000e-01	6.715365e-25
44	442.326764	2.851294e-08	9.080000e-01	9.128930e-27
44	1491.239406	2.691818e-08	8.680000e-01	1.199034e-26
44	130.046914	4.158382e-08	9.560000e-01	4.209674e-12
44	861.138768	2.751986e-08	8.880000e-01	1.396357e-26
44	2898.255660	2.636019e-08	8.380000e-01	1.940641e-26
44	559.627643	3.228339e-11	8.960000e-01	9.597734e-23
44	130.793794	2.392062e-07	9.920001e-01	1.452266e-11
44	139.230698	3.330335e-08	9.420000e-01	5.449504e-27
44	6956.415764	2.893935e-08	8.299999e-01	1.000000e-08
44	4050.718513	2.613349e-08	8.200001e-01	1.132012e-26
44	1417.906461	2.696742e-08	8.700000e-01	5.842305e-26
44	6573.814217	2.809291e-08	8.219999e-01	1.000000e-08
44	180.898182	3.106066e-08	9.320000e-01	4.240122e-27
44	130.388507	6.632492e-08	9.720000e-01	1.138609e-11
44	559.635382	2.541596e-11	8.720000e-01	8.354982e-23
44	180.898176	3.106066e-08	9.320000e-01	8.371876e-27
44	4804.163406	2.602979e-08	8.100000e-01	2.737518e-25
44	586.256115	2.804740e-08	9.000000e-01	3.359712e-26
44	130.441140	7.157293e-08	9.740000e-01	1.195970e-11
44	281.239216	2.948866e-08	9.200000e-01	1.485681e-26
44	669.805874	2.785244e-08	8.960000e-01	3.456246e-27
44	139.230703	3.330335e-08	9.420000e-01	9.630503e-27
44	1278.332430	2.707212e-08	8.740000e-01	2.009564e-26
44	180.898187	3.106066e-08	9.320000e-01	1.744009e-26
44	1566.977468	2.687085e-08	8.660000e-01	1.253456e-26
44	547.416870	2.815351e-08	9.020000e-01	2.656791e-26
44	-1.000000	-1.000000e+00	-1.000000e+00	-1.000000e+00
44	1148.011205	2.718602e-08	8.780000e-01	1.828195e-26
44	130.103132	4.590163e-08	9.600000e-01	6.473532e-12
44	169.662347	3.141858e-08	9.340000e-01	3.443675e-27
44	2463.776980	2.648232e-08	8.460000e-01	3.693044e-26
44	6761.992558	2.851166e-08	8.259999e-01	1.000000e-08
44	1026.704435	2.731037e-08	8.820000e-01	1.111973e-26
44	4965.208631	2.601060e-08	8.080000e-01	3.807249e-25
44	4050.719276	2.613349e-08	8.200000e-01	2.836486e-25
44	586.256116	2.804740e-08	9.000000e-01	1.503888e-26
44	21047.714471	7.840545e-08	9.900000e-01	1.000000e-08
44	4341.923525	2.609038e-08	8.160000e-01	2.493305e-25
44	381.530120	2.879375e-08	9.120000e-01	2.438708e-27
44	2898.255638	2.636019e-08	8.380000e-01	2.789934e-26
44	353.833358	2.894909e-08	9.140000e-01	2.171490e-27
44	3014.087489	2.633197e-08	8.360001e-01	7.594279e-28
44	6761.992320	2.851166e-08	8.259999e-01	1.000000e-08
44	4965.208544	2.601060e-08	8.080000e-01	3.178065e-25
44	559.434104	1.314356e-10	9.680000e-01	2.032943e-26
44	130.675384	1.176439e-07	9.840000e-01	1.392021e-11
44	714.569478	2.776269e-08	8.940000e-01	3.121436e-26
44	547.416912	2.815351e-08	9.020000e-01	1.385798e-26
44	2362.186198	2.651538e-08	8.480000e-01	9.373947e-26
44	144.735179	3.274955e-08	9.400000e-01	9.270498e-28
44	3379.516382	2.625217e-08	8.300000e-01	2.900453e-26
44	1278.332411	2.707212e-08	8.740000e-01	1.089489e-26
44	180.898185	3.106066e-08	9.320000e-01	1.015374e-26
44	861.138763	2.751986e-08	8.880000e-01	8.771548e-27
44	303.713858	2.929519e-08	9.180000e-01	4.759676e-27
44	130.521738	3.544355e-08	9.480000e-01	5.342404e-26
44	1148.011160	2.718602e-08	8.780000e-01	3.664030e-26
44	130.712228	1.348319e-07	9.860000e-01	1.414554e-11
44	5645.441841	2.593840e-08	8.000000e-01	3.636161e-11
44	241.328622	2.992484e-08	9.240000e-01	3.073367e-27
44	4646.631959	2.604947e-08	8.120001e-01	1.488902e-26
44	6667.129147	2.830118e-08	8.239999e-01	1.000000e-08
44	558.636469	5.970209e-10	9.860000e-01	3.093145e-25
44	130.037762	3.641580e-08	9.500000e-01	1.399086e-13
44	130.793794	2.392062e-07	9.920001e-01	1.452266e-11
44	130.283562	5.780536e-08	9.680000e-01	1.003905e-11
44	547.416919	2.815351e-08	9.020000e-01	1.162635e-27
44	969.358540	2.737693e-08	8.840000e-01	1.440715e-26
44	130.335681	6.177975e-08	9.700000e-01	1.074669e-11
44	6129.965514	2.708337e-08	8.119999e-01	1.000000e-08
44	559.491348	1.044429e-10	9.620000e-01	1.694846e-24
44	3014.087810	2.633197e-08	8.360000e-01	9.944805e-26
44	169.662352	3.141858e-08	9.340000e-01	1.466630e-28
44	2463.776948	2.648232e-08	8.460000e-01	1.647248e-26
44	1491.239304	2.691818e-08	8.680000e-01	1.023361e-26
44	4050.719191	2.613349e-08	8.200000e-01	2.276194e-25
44	1725.795652	2.678150e-08	8.620000e-01	5.274214e-27
44	260.453022	2.969790e-08	9.220000e-01	6.389143e-27
44	130.675384	1.176439e-07	9.840000e-01	1.392021e-11
44	130.813438	4.980032e-07	9.960001e-01	1.454246e-11
44	130.071055	4.363892e-08	9.580000e-01	5.384249e-12
44	6667.129368	2.830118e-08	8.239999e-01	1.000000e-08
44	1894.617817	2.669861e-08	8.580000e-01	4.981057e-26
44	130.813438	4.980029e-07	9.960001e-01	1.454246e-11
44	714.569447	2.776269e-08	8.940000e-01	7.631956e-27
44	411.019324	2.864869e-08	9.100000e-01	2.073934e-26
44	669.805856	2.785244e-08	8.960000e-01	8.932790e-27
44	627.043644	2.794720e-08	8.980000e-01	5.813732e-27
44	761.361311	2.767757e-08	8.920000e-01	2.632133e-27
44	144.735185	3.274955e-08	9.400000e-01	1.245355e-26
44	1491.239361	2.691818e-08	8.680000e-01	9.409808e-27
44	169.662356	3.141858e-08	9.340000e-01	5.566747e-27
44	1148.011223	2.718602e-08	8.780000e-01	7.686171e-27
44	130.141715	4.840463e-08	9.620000e-01	7.480694e-12
44	132.174270	3.463659e-08	9.460000e-01	5.281581e-27
44	130.046914	4.158382e-08	9.560000e-01	4.209674e-12
44	2167.186533	2.658491e-08	8.520000e-01	1.543000e-26
44	1026.704437	2.731037e-08	8.820000e-01	4.293032e-26
44	1346.947751	2.701869e-08	8.720000e-01	4.150930e-26
44	761.361368	2.767757e-08	8.920000e-01	1.246816e-27
44	130.492760	7.770013e-08	9.760000e-01	1.246987e-11
44	130.744583	1.578266e-07	9.880000e-01	1.431986e-11
44	2568.142672	2.645032e-08	8.440000e-01	5.783430e-26
44	1148.011181	2.718602e-08	8.780000e-01	2.004748e-27
44	1725.795607	2.678150e-08	8.620000e-01	2.265217e-26
44	5129.810029	2.599188e-08	8.060000e-01	3.597482e-25
44	4341.922842	2.609038e-08	8.160001e-01	2.240218e-25
44	144.735180	3.274955e-08	9.400000e-01	4.875054e-27
44	5298.017201	2.597362e-08	8.040000e-01	1.556512e-24
44	547.416906	2.815351e-08	9.020000e-01	7.758507e-27
44	4965.208586	2.601060e-08	8.080000e-01	9.899875e-25
44	475.478265	2.838564e-08	9.060000e-01	3.662402e-26
44	1148.011196	2.718602e-08	8.780000e-01	1.526089e-26
44	1808.939945	2.673929e-08	8.600000e-01	1.888071e-26
44	180.898172	3.106066e-08	9.320000e-01	3.213018e-27
44	130.492760	7.770013e-08	9.760000e-01	1.246987e-11
44	327.903217	2.911582e-08	9.160000e-01	1.531126e-27
44	4965.208662	2.601060e-08	8.080000e-01	9.593621e-26
44	4050.718500	2.613349e-08	8.200001e-01	9.325082e-26
44	207.956513	3.044119e-08	9.280000e-01	1.178848e-26
44	130.634506	1.043058e-07	9.820000e-01	1.364196e-11
44	6761.992317	2.851166e-08	8.259999e-01	1.000000e-08
44	1278.332458	2.707212e-08	8.740000e-01	1.845919e-26
44	130.388507	6.632492e-08	9.720000e-01	1.138609e-11
44	6956.415792	2.893935e-08	8.299999e-01	1.000000e-08
44	327.903231	2.911582e-08	9.160000e-01	5.422194e-27
44	559.643959	1.494026e-11	8.020000e-01	7.902228e-12
44	6761.992248	2.851166e-08	8.259999e-01	1.000000e-08
44	5645.441760	2.593840e-08	8.000000e-01	4.625024e-11
44	5129.810015	2.599188e-08	8.060000e-01	4.717246e-25
44	627.043658	2.794720e-08	8.980000e-01	1.827982e-27
44	969.358490	2.737693e-08	8.840000e-01	3.486396e-26
44	130.793794	2.392062e-07	9.920001e-01	1.452266e-11
44	130.103132	4.590163e-08	9.600000e-01	6.473532e-12
44	-1.000000	-1.000000e+00	-1.000000e+00	-1.000000e+00
44	559.572963	6.535525e-11	9.440000e-01	6.878679e-24
44	1148.011144	2.718602e-08	8.780000e-01	2.290922e-26
44	714.569435	2.776269e-08	8.940000e-01	4.241847e-26
44	557.815714	1.100219e-09	9.900000e-01	4.377101e-25
44	2785.344951	2.638930e-08	8.400000e-01	9.064865e-26
44	2362.186184	2.651538e-08	8.480000e-01	1.293827e-26
44	559.561222	7.125358e-11	9.480000e-01	2.113177e-23
44	132.174271	3.463659e-08	9.460000e-01	3.993964e-27
44	260.453018	2.969790e-08	9.220000e-01	9.693579e-28
44	130.542628	8.494740e-08	9.780000e-01	1.291886e-11
44	557.815714	1.100220e-09	9.900000e-01	1.805321e-25
44	130.233133	5.430088e-08	9.660000e-01	9.260626e-12
44	6761.992473	2.851166e-08	8.259999e-01	1.000000e-08
44	6667.129219	2.830118e-08	8.239999e-01	1.000000e-08
44	130.793794	2.392063e-07	9.920001e-01	1.452266e-11
44	130.103132	4.590163e-08	9.600000e-01	6.473532e-12
44	130.590075	9.365276e-08	9.800000e-01	1.330886e-11
44	4050.718826	2.613349e-08	8.200000e-01	2.227009e-25
44	241.328628	2.992484e-08	9.240000e-01	4.224948e-27
44	1212.030276	2.712785e-08	8.760000e-01	3.737318e-26
44	2463.776954	2.648232e-08	8.460000e-01	1.512125e-25
44	130.037762	3.641580e-08	9.500000e-01	1.399082e-13
44	130.283562	5.780536e-08	9.680000e-01	1.003905e-11
44	627.043676	2.794720e-08	8.980000e-01	8.501417e-27
44	130.542628	8.494741e-08	9.780000e-01	1.291886e-11
44	1808.939957	2.673929e-08	8.600000e-01	1.767973e-26
44	1645.152235	2.682533e-08	8.640000e-01	1.910514e-26
44	130.233133	5.430087e-08	9.660000e-01	9.260626e-12
44	130.032231	3.970931e-08	9.540000e-01	2.946469e-12
44	193.652685	3.073629e-08	9.300000e-01	1.620104e-27
44	130.807519	1.195164e-06	9.980004e-01	1.448816e-11
44	4646.631705	2.604947e-08	8.120001e-01	3.589563e-25
44	130.141715	4.840463e-08	9.620000e-01	7.480694e-12
44	6761.992145	2.851166e-08	8.259999e-01	1.000000e-08
44	914.179384	2.744668e-08	8.860000e-01	4.809263e-27
44	130.233133	5.430087e-08	9.660000e-01	9.260626e-12
44	130.185465	5.118790e-08	9.640000e-01	8.408762e-12
44	2675.319716	2.641933e-08	8.420000e-01	1.234319e-26
44	7056.002211	2.915664e-08	8.319999e-01	1.000000e-08
44	558.983495	3.665994e-10	9.820000e-01	5.108435e-25
44	130.542628	8.494740e-08	9.780000e-01	1.291886e-11
44	761.361324	2.767757e-08	8.920000e-01	1.461582e-26
44	411.019305	2.864869e-08	9.100000e-01	5.773596e-27
44	547.416893	2.815351e-08	9.020000e-01	1.608717e-26
44	2463.776920	2.648232e-08	8.460000e-01	5.038851e-26
44	381.530121	2.879375e-08	9.120000e-01	4.928775e-27
44	130.185465	5.118790e-08	9.640000e-01	8.408761e-12
44	1645.152279	2.682532e-08	8.640000e-01	2.653166e-27
44	2898.255601	2.636019e-08	8.380000e-01	4.519239e-26
44	475.478236	2.838564e-08	9.060000e-01	2.961432e-27
44	130.141715	4.840463e-08	9.620000e-01	7.480694e-12
44	559.505420	9.785951e-11	9.600000e-01	1.010179e-23
44	411.019304	2.864869e-08	9.100000e-01	3.377145e-27
44	381.530089	2.879375e-08	9.120000e-01	1.634319e-27
44	207.956511	3.044119e-08	9.280000e-01	4.925300e-27
44	4341.923629	2.609038e-08	8.160000e-01	3.057090e-25
44	1278.332460	2.707212e-08	8.740000e-01	1.861839e-26
44	207.956493	3.044119e-08	9.280000e-01	6.822161e-27
44	130.283562	5.780536e-08	9.680000e-01	1.003905e-11
44	2898.255606	2.636019e-08	8.380000e-01	9.562687e-26
44	5129.810088	2.599188e-08	8.060000e-01	1.122527e-25
44	207.956496	3.044119e-08	9.280000e-01	1.162526e-26
44	130.283562	5.780536e-08	9.680000e-01	1.003905e-11
44	442.326771	2.851294e-08	9.080000e-01	1.752572e-27
44	130.771980	1.901929e-07	9.900001e-01	1.444498e-11
44	135.059590	3.392819e-08	9.440000e-01	1.501227e-26
44	130.771980	1.901929e-07	9.900001e-01	1.444498e-11
44	353.833339	2.894909e-08	9.140000e-01	3.666624e-27
44	130.103132	4.590163e-08	9.600000e-01	6.473532e-12
44	6129.965991	2.708337e-08	8.119999e-01	1.000000e-08
44	353.833326	2.894909e-08	9.140000e-01	2.654987e-26
44	1894.617750	2.669861e-08	8.580000e-01	9.098326e-27
44	139.230701	3.330335e-08	9.420000e-01	3.136913e-27
44	559.110800	2.945644e-10	9.800000e-01	3.716014e-24
44	130.335682	6.177976e-08	9.700000e-01	1.074669e-11
44	1645.152242	2.682532e-08	8.640000e-01	1.186452e-26
44	1212.030234	2.712785e-08	8.760000e-01	3.114832e-26
44	1491.239392	2.691818e-08	8.680000e-01	3.147516e-27
44	510.499651	2.826606e-08	9.040000e-01	1.614118e-26
44	3132.883723	2.630458e-08	8.340000e-01	1.009481e-25
44	130.141715	4.840463e-08	9.620000e-01	7.480694e-12
44	2167.186548	2.658491e-08	8.520000e-01	9.883118e-27
44	130.283562	5.780536e-08	9.680000e-01	1.003905e-11
44	241.328627	2.992484e-08	9.240000e-01	4.576028e-27
44	559.597282	5.230264e-11	9.320000e-01	2.865399e-24
44	241.328622	2.992484e-08	9.240000e-01	1.196170e-26
44	281.239210	2.948866e-08	9.200000e-01	1.617255e-26
44	810.208639	2.759673e-08	8.900000e-01	3.149077e-26
44	130.388507	6.632492e-08	9.720000e-01	1.138609e-11
44	241.328620	2.992484e-08	9.240000e-01	7.010658e-27
44	586.256142	2.804740e-08	9.000000e-01	7.063988e-27
44	130.807519	1.195165e-06	9.980004e-01	1.448816e-11
44	130.071055	4.363893e-08	9.580000e-01	5.384249e-12
44	2675.319721	2.641933e-08	8.420000e-01	4.630479e-26
44	130.283562	5.780536e-08	9.680000e-01	1.003905e-11
44	559.605444	4.751134e-11	9.260000e-01	2.050469e-23
44	559.517734	9.208731e-11	9.580000e-01	4.770278e-24
44	1725.795630	2.678150e-08	8.620000e-01	4.563098e-26
44	130.032231	3.970931e-08	9.540000e-01	2.946469e-12
44	669.805864	2.785244e-08	8.960000e-01	2.852667e-27
44	5645.441796	2.593840e-08	8.000000e-01	5.056407e-11
44	1026.704435	2.731037e-08	8.820000e-01	1.408951e-26
44	5469.878318	2.595580e-08	8.020000e-01	1.329895e-24
44	547.416881	2.815351e-08	9.020000e-01	7.688028e-27
44	1417.906521	2.696742e-08	8.700000e-01	2.231669e-26
44	1278.332398	2.707212e-08	8.740000e-01	1.260995e-26
44	1026.704407	2.731037e-08	8.820000e-01	2.582879e-26
44	1212.030235	2.712785e-08	8.760000e-01	7.276628e-27
44	4050.719347	2.613349e-08	8.200000e-01	3.901697e-25
44	6667.129169	2.830118e-08	8.239999e-01	1.000000e-08
44	223.839003	3.017173e-08	9.260000e-01	8.832303e-27
44	558.354735	7.851598e-10	9.880000e-01	8.511740e-26
44	1566.977477	2.687085e-08	8.660000e-01	3.392836e-27
44	6858.416621	2.872437e-08	8.279999e-01	1.000000e-08
44	5469.878258	2.595580e-08	8.020000e-01	2.798561e-25
44	6667.129022	2.830118e-08	8.239999e-01	1.000000e-08
44	6667.129409	2.830118e-08	8.239999e-01	1.000000e-08
44	3910.071345	2.615593e-08	8.220000e-01	1.431309e-25
44	4646.632294	2.604947e-08	8.120000e-01	1.958440e-25
44	1417.906525	2.696742e-08	8.700000e-01	7.580242e-28
44	260.453023	2.969790e-08	9.220000e-01	5.119443e-27
44	130.335682	6.177975e-08	9.700000e-01	1.074669e-11
44	3910.071120	2.615593e-08	8.220000e-01	3.784413e-26
44	180.898187	3.106066e-08	9.320000e-01	2.749987e-27
44	130.037762	3.641580e-08	9.500000e-01	1.399086e-13
44	144.735177	3.274955e-08	9.400000e-01	3.766874e-27
44	144.735179	3.274955e-08	9.400000e-01	4.427520e-27
44	510.499649	2.826606e-08	9.040000e-01	3.493719e-28
44	586.256131	2.804740e-08	9.000000e-01	1.608690e-26
44	1026.704402	2.731037e-08	8.820000e-01	2.553792e-26
44	2073.707332	2.662148e-08	8.540000e-01	1.125027e-25
44	4646.632390	2.604947e-08	8.120000e-01	3.184709e-25
44	2675.319710	2.641933e-08	8.420000e-01	1.019630e-25
44	2898.255588	2.636019e-08	8.380000e-01	2.302760e-26
44	4194.655558	2.611165e-08	8.180000e-01	1.047269e-25
44	2568.142700	2.645032e-08	8.440000e-01	1.844496e-25
44	5298.017264	2.597362e-08	8.040000e-01	9.214814e-26
44	130.441140	7.157293e-08	9.740000e-01	1.195970e-11
44	139.230700	3.330335e-08	9.420000e-01	1.595956e-26
44	6761.992133	2.851166e-08	8.259999e-01	1.000000e-08
44	1894.617759	2.669861e-08	8.580000e-01	9.585167e-27
44	1491.239332	2.691818e-08	8.680000e-01	1.542447e-26
44	2463.776953	2.648232e-08	8.460000e-01	1.805116e-27
44	1982.862493	2.665936e-08	8.560000e-01	3.835235e-26
44	159.913036	3.181513e-08	9.360000e-01	4.410523e-28
44	1086.245689	2.724680e-08	8.800000e-01	2.740552e-26
44	260.453007	2.969790e-08	9.220000e-01	6.517812e-27
44	914.179435	2.744668e-08	8.860000e-01	1.008473e-26
44	130.813438	4.980032e-07	9.960001e-01	1.454246e-11
44	130.233133	5.430087e-08	9.660000e-01	9.260626e-12
44	130.441140	7.157293e-08	9.740000e-01	1.195970e-11
44	139.230702	3.330335e-08	9.420000e-01	5.675332e-27
44	2898.255601	2.636019e-08	8.380000e-01	1.734393e-27
44	6956.415686	2.893935e-08	8.299999e-01	1.000000e-08
44	130.542628	8.494740e-08	9.780000e-01	1.291886e-11
44	1491.239317	2.691818e-08	8.680000e-01	6.345607e-27
44	151.616142	3.225638e-08	9.380000e-01	7.104348e-27
44	130.071055	4.363893e-08	9.580000e-01	5.384250e-12
44	130.283562	5.780536e-08	9.680000e-01	1.003905e-11
44	130.335682	6.177975e-08	9.700000e-01	1.074669e-11
44	130.103132	4.590163e-08	9.600000e-01	6.473531e-12
44	1645.152251	2.682532e-08	8.640000e-01	1.517039e-26
44	6667.129377	2.830118e-08	8.239999e-01	1.000000e-08
44	6956.415151	2.893935e-08	8.299999e-01	1.000000e-08
44	130.037762	3.641580e-08	9.500000e-01	1.399076e-13
44	130.032231	3.970931e-08	9.540000e-01	2.946469e-12
44	2167.186562	2.658491e-08	8.520000e-01	2.495987e-26
44	7056.001529	2.915664e-08	8.319999e-01	1.000000e-08
44	1894.617719	2.669861e-08	8.580000e-01	7.935878e-27
44	5469.878266	2.595580e-08	8.020000e-01	1.469719e-24
44	130.103132	4.590163e-08	9.600000e-01	6.473532e-12
44	1566.977459	2.687085e-08	8.660000e-01	2.118766e-27
44	6667.129597	2.830118e-08	8.239999e-01	1.000000e-08
44	2898.255596	2.636019e-08	8.380000e-01	9.113904e-26
44	4050.719226	2.613349e-08	8.200000e-01	1.329951e-25
44	6667.129755	2.830118e-08	8.239999e-01	1.000000e-08
44	4965.208627	2.601060e-08	8.080000e-01	9.041653e-26
44	130.813438	4.980030e-07	9.960001e-01	1.454246e-11
44	1417.906483	2.696742e-08	8.700000e-01	1.576031e-26
44	4646.632388	2.604947e-08	8.120000e-01	9.614206e-26
44	4194.655486	2.611165e-08	8.180000e-01	2.754277e-25
44	1026.704421	2.731037e-08	8.820000e-01	2.356919e-27
44	1086.245662	2.724680e-08	8.800000e-01	4.532368e-27
44	2167.186528	2.658491e-08	8.520000e-01	4.460705e-26
44	1645.152200	2.682533e-08	8.640000e-01	2.410871e-26
44	5298.017187	2.597362e-08	8.040000e-01	1.104865e-24
44	130.807519	1.195164e-06	9.980004e-01	1.448816e-11
44	1645.152290	2.682532e-08	8.640000e-01	7.911162e-26
44	130.185465	5.118791e-08	9.640000e-01	8.408762e-12
44	3910.071126	2.615593e-08	8.220000e-01	7.554196e-26
44	260.453010	2.969790e-08	9.220000e-01	1.083080e-26
44	810.208656	2.759673e-08	8.900000e-01	1.783925e-26
44	130.071055	4.363892e-08	9.580000e-01	5.384249e-12
44	207.956501	3.044119e-08	9.280000e-01	8.311636e-27
44	130.712228	1.348319e-07	9.860000e-01	1.414554e-11
44	130.185465	5.118790e-08	9.640000e-01	8.408762e-12
44	1725.795592	2.678150e-08	8.620000e-01	4.171782e-26
44	135.059589	3.392819e-08	9.440000e-01	2.417300e-28
44	130.744583	1.578266e-07	9.880000e-01	1.431986e-11
44	1566.977394	2.687085e-08	8.660000e-01	4.803958e-26
44	1346.947697	2.701869e-08	8.720000e-01	3.651802e-27
44	2785.344961	2.638930e-08	8.400000e-01	4.475562e-26
44	1982.862482	2.665936e-08	8.560000e-01	1.767506e-26
44	260.453008	2.969790e-08	9.220000e-01	6.486458e-27
44	1417.906494	2.696742e-08	8.700000e-01	1.072373e-26
44	761.361371	2.767757e-08	8.920000e-01	2.127807e-26
44	130.771980	1.901929e-07	9.900001e-01	1.444498e-11
44	3254.680181	2.627799e-08	8.320000e-01	9.552483e-26
44	1086.245617	2.724680e-08	8.800000e-01	1.401722e-26
44	130.441140	7.157293e-08	9.740000e-01	1.195970e-11
44	627.043665	2.794720e-08	8.980000e-01	6.738860e-27
44	130.283562	5.780536e-08	9.680000e-01	1.003905e-11
44	1417.906501	2.696742e-08	8.700000e-01	3.600233e-26
44	130.046914	4.158382e-08	9.560000e-01	4.209674e-12
44	130.712228	1.348319e-07	9.860000e-01	1.414554e-11
44	135.059591	3.392819e-08	9.440000e-01	5.170476e-27
44	4804.163029	2.602979e-08	8.100001e-01	1.091115e-25
44	1417.906433	2.696742e-08	8.700000e-01	2.308793e-26
44	7056.002194	2.915664e-08	8.319999e-01	1.000000e-08
44	130.675384	1.176439e-07	9.840000e-01	1.392021e-11
44	130.335682	6.177975e-08	9.700000e-01	1.074669e-11
44	559.641757	1.815068e-11	8.300000e-01	2.672687e-22
44	547.416881	2.815351e-08	9.020000e-01	1.806026e-26
44	4194.655047	2.611165e-08	8.180000e-01	1.821001e-26
44	558.636469	5.970209e-10	9.860000e-01	8.878935e-25
44	144.735181	3.274955e-08	9.400000e-01	2.275746e-26
44	1278.332429	2.707212e-08	8.740000e-01	8.944578e-27
44	559.643855	1.522133e-11	8.080000e-01	7.788621e-12
44	1566.977481	2.687085e-08	8.660000e-01	1.964079e-26
44	1212.030228	2.712785e-08	8.760000e-01	6.449454e-28
44	4646.632490	2.604947e-08	8.120000e-01	6.225590e-26
44	2463.776927	2.648232e-08	8.460000e-01	1.274084e-26
44	1026.704376	2.731037e-08	8.820000e-01	9.286104e-27
44	1982.862451	2.665936e-08	8.560000e-01	5.725974e-26
44	4804.163268	2.602979e-08	8.100000e-01	2.811820e-25
44	6761.992416	2.851166e-08	8.259999e-01	1.000000e-08
44	2263.334538	2.654956e-08	8.500000e-01	4.653289e-26
44	969.358486	2.737693e-08	8.840000e-01	3.566266e-26
44	130.233133	5.430087e-08	9.660000e-01	9.260626e-12
44	1808.939841	2.673929e-08	8.600000e-01	2.063471e-27
44	1278.332453	2.707212e-08	8.740000e-01	9.314248e-27
44	130.492760	7.770012e-08	9.760000e-01	1.246987e-11
44	4804.163159	2.602979e-08	8.100000e-01	1.652804e-25
44	6761.992454	2.851166e-08	8.259999e-01	1.000000e-08
44	130.335682	6.177975e-08	9.700000e-01	1.074669e-11
44	559.434104	1.314356e-10	9.680000e-01	4.393885e-24
44	475.478257	2.838564e-08	9.060000e-01	7.147477e-27
44	1346.947772	2.701869e-08	8.720000e-01	3.775218e-27
44	627.043648	2.794720e-08	8.980000e-01	5.561164e-27
44	4492.568055	2.606966e-08	8.140000e-01	2.762006e-25
44	558.983495	3.665994e-10	9.820000e-01	9.637200e-25
44	130.071055	4.363893e-08	9.580000e-01	5.384249e-12
44	627.043671	2.794720e-08	8.980000e-01	1.305430e-26
44	714.569438	2.776269e-08	8.940000e-01	3.200093e-26
44	1278.332483	2.707212e-08	8.740000e-01	2.777487e-26
44	5645.441760	2.593840e-08	8.000000e-01	4.449434e-11
44	6956.415685	2.893935e-08	8.299999e-01	1.000000e-08
44	559.582595	6.035144e-11	9.400000e-01	6.335315e-24
44	4194.654535	2.611165e-08	8.180001e-01	1.884906e-25
44	139.230701	3.330335e-08	9.420000e-01	8.657468e-27
44	130.141715	4.840463e-08	9.620000e-01	7.480694e-12
44	2073.707352	2.662149e-08	8.540000e-01	2.260901e-26
44	547.416872	2.815351e-08	9.020000e-01	2.085813e-26
44	1491.239333	2.691818e-08	8.680000e-01	5.944213e-27
44	130.771980	1.901929e-07	9.900001e-01	1.444498e-11
44	130.771980	1.901929e-07	9.900001e-01	1.444498e-11
44	5129.809910	2.599188e-08	8.060000e-01	3.864868e-25
44	1148.011211	2.718602e-08	8.780000e-01	2.739987e-26
44	761.361342	2.767757e-08	8.920000e-01	4.257234e-27
44	381.530095	2.879375e-08	9.120000e-01	7.076004e-27
44	130.388507	6.632492e-08	9.720000e-01	1.138609e-11
44	3379.516476	2.625217e-08	8.300000e-01	1.605100e-25
44	130.492760	7.770013e-08	9.760000e-01	1.246987e-11
44	1725.795685	2.678150e-08	8.620000e-01	1.865787e-26
44	6667.129663	2.830118e-08	8.239999e-01	1.000000e-08
44	130.771980	1.901929e-07	9.900001e-01	1.444498e-11
44	559.594078	5.411245e-11	9.340000e-01	1.847862e-23
44	2675.319695	2.641933e-08	8.420000e-01	1.514771e-26
44	714.569474	2.776269e-08	8.940000e-01	8.141872e-27
44	861.138737	2.751986e-08	8.880000e-01	1.156070e-26
44	5469.878291	2.595580e-08	8.020000e-01	9.946427e-25
44	260.453001	2.969790e-08	9.220000e-01	5.606617e-27
44	1278.332429	2.707212e-08	8.740000e-01	8.197185e-28
44	1894.617750	2.669861e-08	8.580000e-01	2.055911e-26
44	130.141715	4.840463e-08	9.620000e-01	7.480694e-12
44	159.913039	3.181513e-08	9.360000e-01	6.244872e-28
44	132.174270	3.463659e-08	9.460000e-01	1.096012e-26
44	-1.000000	-1.000000e+00	-1.000000e+00	-1.000000e+00
44	1645.152258	2.682533e-08	8.640000e-01	1.579821e-26
44	130.185465	5.118790e-08	9.640000e-01	8.408762e-12
44	6667.129262	2.830118e-08	8.239999e-01	1.000000e-08
44	6667.129077	2.830118e-08	8.239999e-01	1.000000e-08
44	4341.922772	2.609038e-08	8.160001e-01	2.990997e-25
44	5645.441765	2.593840e-08	8.000000e-01	4.450886e-11
44	130.335682	6.177975e-08	9.700000e-01	1.074669e-11
44	130.712228	1.348319e-07	9.860000e-01	1.414554e-11
44	144.735178	3.274955e-08	9.400000e-01	1.501117e-26
44	969.358514	2.737693e-08	8.840000e-01	1.164293e-26
44	130.032231	3.970931e-08	9.540000e-01	2.946470e-12
44	303.713865	2.929519e-08	9.180000e-01	2.610687e-27
44	969.358559	2.737693e-08	8.840000e-01	6.560186e-27
44	130.028615	3.799293e-08	9.520000e-01	1.591120e-12
44	4194.654553	2.611165e-08	8.180001e-01	2.258345e-25
44	761.361320	2.767757e-08	8.920000e-01	1.259931e-26
44	132.174271	3.463659e-08	9.460000e-01	6.987838e-27
44	558.354735	7.851598e-10	9.880000e-01	4.165861e-25
44	180.898179	3.106066e-08	9.320000e-01	3.995849e-27
44	130.793794	2.392062e-07	9.920001e-01	1.452266e-11
44	327.903230	2.911582e-08	9.160000e-01	3.667307e-27
44	6761.992516	2.851166e-08	8.259999e-01	1.000000e-08
44	1645.152235	2.682533e-08	8.640000e-01	1.200227e-26
44	4194.655409	2.611165e-08	8.180000e-01	4.599576e-25
44	130.028615	3.799293e-08	9.520000e-01	1.591121e-12
44	1491.239337	2.691818e-08	8.680000e-01	5.722982e-27
44	3910.071157	2.615593e-08	8.220000e-01	1.042948e-25
44	241.328617	2.992484e-08	9.240000e-01	7.192034e-28
44	353.833327	2.894909e-08	9.140000e-01	1.193889e-26
44	3132.883394	2.630458e-08	8.340000e-01	9.251736e-26
44	4194.655138	2.611165e-08	8.180000e-01	1.996430e-26
44	381.530088	2.879375e-08	9.120000e-01	6.156864e-27
44	130.335682	6.177976e-08	9.700000e-01	1.074669e-11
44	475.478235	2.838564e-08	9.060000e-01	2.015647e-26
44	559.639456	2.105780e-11	8.500000e-01	8.497318e-14
44	586.256131	2.804740e-08	9.000000e-01	9.455724e-27
44	130.771980	1.901929e-07	9.900001e-01	1.444498e-11
44	130.283562	5.780536e-08	9.680000e-01	1.003905e-11
44	627.043620	2.794720e-08	8.980000e-01	5.857254e-27
44	303.713880	2.929519e-08	9.180000e-01	1.128384e-27
44	151.616142	3.225638e-08	9.380000e-01	1.337149e-26
44	130.744583	1.578266e-07	9.880000e-01	1.431986e-11
44	130.744583	1.578266e-07	9.880000e-01	1.431986e-11
44	1026.704443	2.731037e-08	8.820000e-01	9.087698e-27
44	2073.707377	2.662148e-08	8.540000e-01	8.830500e-26
44	861.138743	2.751986e-08	8.880000e-01	2.760494e-27
44	5645.441732	2.593840e-08	8.000000e-01	2.214688e-19
44	559.505420	9.785951e-11	9.600000e-01	3.026408e-24
44	130.590075	9.365276e-08	9.800000e-01	1.330886e-11
44	2785.344910	2.638930e-08	8.400000e-01	4.474825e-26
44	5298.017253	2.597362e-08	8.040000e-01	4.068833e-25
44	223.839010	3.017173e-08	9.260000e-01	1.556727e-27
44	1491.239405	2.691818e-08	8.680000e-01	2.091592e-26
44	1148.011183	2.718602e-08	8.780000e-01	2.146458e-26
44	144.735185	3.274955e-08	9.400000e-01	1.336584e-26
44	130.793794	2.392062e-07	9.920001e-01	1.452266e-11
44	6667.129461	2.830118e-08	8.239999e-01	1.000000e-08
