45	244.952578	3.987377e-08	9.582000e-01	1.302140e-12
45	3000.625904	2.840525e-08	8.812000e-01	4.155331e-27
45	243.857714	6.992683e-08	9.758000e-01	8.421233e-12
45	2336.767383	2.865619e-08	8.900000e-01	1.160473e-26
45	243.929499	6.396452e-08	9.736000e-01	7.813308e-12
45	5148.955954	2.794757e-08	8.592000e-01	2.660861e-26
45	5940.940352	2.784290e-08	8.526000e-01	7.126328e-27
45	1026.602913	1.010153e-09	9.912000e-01	3.121033e-25
45	4900.732921	2.798522e-08	8.614000e-01	6.231830e-27
45	14701.919845	2.730924e-08	8.020000e-01	5.919902e-26
45	16786.064996	2.724714e-08	7.932000e-01	2.969986e-26
45	244.237240	5.086835e-08	9.670000e-01	5.529443e-12
45	4900.733068	2.798522e-08	8.614000e-01	2.414149e-26
45	1029.155034	1.116096e-11	8.548000e-01	1.116092e-11
45	4660.211718	2.802438e-08	8.636000e-01	4.528722e-27
45	244.378123	4.760014e-08	9.648000e-01	4.605396e-12
45	714.824672	3.037564e-08	9.230000e-01	8.057857e-27
45	1310.943137	2.935966e-08	9.076000e-01	4.718917e-27
45	9128.957374	2.756418e-08	8.306000e-01	5.123381e-27
45	1029.335333	2.161865e-10	9.802000e-01	4.325665e-26
45	3000.626014	2.840525e-08	8.812000e-01	2.135423e-26
45	8420.311974	2.761280e-08	8.350000e-01	4.556031e-26
45	17336.685434	2.723256e-08	7.910000e-01	4.648311e-26
45	1029.155034	1.116104e-11	9.626000e-01	1.116093e-11
45	5940.940376	2.784290e-08	8.526000e-01	5.768502e-26
45	3183.305312	2.834984e-08	8.790000e-01	1.424474e-26
45	15205.543296	2.729312e-08	7.998000e-01	1.204985e-25
45	17899.486432	2.721840e-08	7.888000e-01	2.503795e-18
45	8770.002374	2.758811e-08	8.328000e-01	6.188523e-26
45	243.557752	4.041256e-07	9.956001e-01	1.092875e-11
45	262.031427	3.493340e-08	9.494000e-01	9.747071e-27
45	3372.861755	2.829697e-08	8.768000e-01	1.249715e-26
45	1022.840178	2.973096e-08	9.142000e-01	1.184441e-27
45	1650.451491	2.905581e-08	9.010000e-01	1.270723e-26
45	11067.428531	2.745485e-08	8.196000e-01	2.776678e-26
45	1029.335333	2.161865e-10	9.802000e-01	2.426152e-26
45	5404.990469	2.791136e-08	8.570000e-01	1.934943e-26
45	1418.289593	2.925184e-08	9.054000e-01	9.004259e-27
45	2824.727303	2.846337e-08	8.834000e-01	2.609414e-26
45	6806.290458	2.774913e-08	8.460000e-01	1.725005e-26
45	243.606991	1.964015e-07	9.912001e-01	1.079012e-11
45	244.952578	3.987377e-08	9.582000e-01	1.302141e-12
45	262.031419	3.493340e-08	9.494000e-01	1.115064e-26
45	2043.648347	2.880267e-08	8.944000e-01	7.979970e-27
45	243.929499	6.396451e-08	9.736000e-01	7.813308e-12
45	243.587479	2.640442e-07	9.934001e-01	1.088652e-11
45	5940.940248	2.784290e-08	8.526000e-01	1.452811e-26
45	13258.378295	2.736018e-08	8.086000e-01	6.692403e-26
45	19662.801145	2.717760e-08	7.822000e-01	2.770605e-25
45	5404.990430	2.791136e-08	8.570000e-01	6.719473e-27
45	4201.842534	2.810762e-08	8.680000e-01	2.656172e-26
45	262.031420	3.493340e-08	9.494000e-01	1.951851e-27
45	1310.943196	2.935966e-08	9.076000e-01	4.525898e-27
45	17336.685785	2.723256e-08	7.910000e-01	3.861289e-25
45	8420.311769	2.761280e-08	8.350000e-01	2.224833e-26
45	2492.891462	2.858860e-08	8.878000e-01	3.937153e-26
45	1531.430801	2.915076e-08	9.032000e-01	4.091838e-27
45	4900.733129	2.798522e-08	8.614000e-01	2.362749e-26
45	247.163572	3.668848e-08	9.538000e-01	2.702646e-26
45	2336.767379	2.865619e-08	8.900000e-01	5.087980e-27
45	1029.155034	1.116104e-11	9.780000e-01	1.116094e-11
45	243.748756	8.585026e-08	9.802000e-01	9.422913e-12
45	29961.127541	3.325467e-08	8.372000e-01	1.000000e-08
45	405.312300	3.189732e-08	9.362000e-01	2.553352e-27
45	6806.290361	2.774913e-08	8.460000e-01	9.678026e-27
45	1113.301179	2.959838e-08	9.120000e-01	4.004361e-28
45	1029.155034	1.116095e-11	8.614000e-01	1.116094e-11
45	243.708323	9.681703e-08	9.824000e-01	9.821644e-12
45	8420.311786	2.761280e-08	8.350000e-01	2.551127e-26
45	9497.310379	2.754098e-08	8.284000e-01	2.111278e-26
45	243.708323	9.681703e-08	9.824000e-01	9.821644e-12
45	243.857713	6.992683e-08	9.758000e-01	8.421233e-12
45	243.708323	9.681703e-08	9.824000e-01	9.821644e-12
45	1029.155034	1.116103e-11	9.560000e-01	1.116093e-11
45	275.296636	3.424084e-08	9.472000e-01	1.737156e-26
45	243.648409	1.298190e-07	9.868000e-01	1.042671e-11
45	243.626215	1.563475e-07	9.890000e-01	1.063754e-11
45	405.312288	3.189732e-08	9.362000e-01	1.210956e-28
45	1775.436968	2.896645e-08	8.988000e-01	6.959780e-27
45	14701.918834	2.730924e-08	8.020000e-01	7.218143e-26
45	275.296630	3.424084e-08	9.472000e-01	8.276728e-27
45	15205.543662	2.729312e-08	7.998000e-01	8.672918e-26
45	1029.155034	1.116102e-11	9.494000e-01	1.116093e-11
45	1906.473472	2.888222e-08	8.966000e-01	8.861859e-27
45	1113.301134	2.959838e-08	9.120000e-01	7.918894e-27
45	12799.103942	2.737809e-08	8.108000e-01	9.359115e-26
45	8420.311910	2.761280e-08	8.350000e-01	1.003902e-25
45	5668.947465	2.787649e-08	8.548000e-01	2.803483e-26
45	8420.311847	2.761280e-08	8.350000e-01	5.908114e-26
45	245.204711	3.781803e-08	9.560000e-01	1.291541e-14
45	10262.749021	2.749664e-08	8.240000e-01	3.293766e-26
45	29961.127451	3.325467e-08	8.372000e-01	1.000000e-08
45	1531.430757	2.915076e-08	9.032000e-01	7.783379e-27
45	1775.437031	2.896645e-08	8.988000e-01	3.054350e-27
45	13258.377070	2.736018e-08	8.086000e-01	6.010336e-26
45	1029.155034	1.116097e-11	8.746000e-01	1.116092e-11
45	244.015275	5.892379e-08	9.714000e-01	7.130531e-12
45	12350.523644	2.739648e-08	8.130000e-01	2.478596e-26
45	13258.378397	2.736018e-08	8.086000e-01	5.173626e-26
45	5940.940374	2.784290e-08	8.526000e-01	1.283204e-26
45	275.296630	3.424084e-08	9.472000e-01	2.661491e-27
45	247.163574	3.668848e-08	9.538000e-01	3.153696e-27
45	1029.155034	1.116105e-11	9.626000e-01	1.116093e-11
45	5148.956019	2.794757e-08	8.592000e-01	3.098785e-26
45	243.557752	4.041256e-07	9.956001e-01	1.092875e-11
45	18474.652424	2.720443e-08	7.866000e-01	8.370499e-25
45	1650.451558	2.905581e-08	9.010000e-01	3.911466e-27
45	243.748756	8.585031e-08	9.802000e-01	9.422916e-12
45	243.748756	8.585026e-08	9.802000e-01	9.422913e-12
45	1310.943181	2.935967e-08	9.076000e-01	1.983217e-28
45	15720.661542	2.727741e-08	7.976000e-01	1.335161e-25
45	538.058036	3.102556e-08	9.296000e-01	8.360812e-27
45	8420.311871	2.761280e-08	8.350000e-01	8.764952e-26
45	243.675320	1.109412e-07	9.846000e-01	1.015548e-11
45	17899.486899	2.721832e-08	7.888000e-01	5.422852e-25
45	9875.195318	2.751847e-08	8.262000e-01	6.213622e-26
45	292.648244	3.364185e-08	9.450000e-01	7.727432e-28
45	1310.943192	2.935966e-08	9.076000e-01	3.912093e-27
45	17336.685572	2.723256e-08	7.910000e-01	2.573114e-25
45	3983.782655	2.815192e-08	8.702000e-01	4.738998e-26
45	1026.602913	1.010153e-09	9.912000e-01	1.013765e-25
45	2187.049808	2.872744e-08	8.922000e-01	1.131313e-26
45	6221.083725	2.781052e-08	8.504000e-01	2.536922e-26
45	314.214233	3.311988e-08	9.428000e-01	3.716959e-27
45	538.057998	3.102556e-08	9.296000e-01	1.269254e-27
45	1022.840250	2.973096e-08	9.142000e-01	2.171850e-27
45	4427.284014	2.806515e-08	8.658000e-01	1.907584e-26
45	1531.430832	2.915076e-08	9.032000e-01	4.828879e-27
45	9875.195147	2.751847e-08	8.262000e-01	3.239493e-27
45	3773.000354	2.819815e-08	8.724000e-01	1.617724e-27
45	12799.102241	2.737808e-08	8.108000e-01	7.147203e-26
45	244.378123	4.760014e-08	9.648000e-01	4.605396e-12
45	243.708323	9.681702e-08	9.824000e-01	9.821644e-12
45	-1.000000	-1.000000e+00	-1.000000e+00	-1.000000e+00
45	8770.002457	2.758811e-08	8.328000e-01	9.828342e-26
45	370.443293	3.225707e-08	9.384000e-01	5.723783e-27
45	405.312317	3.189732e-08	9.362000e-01	2.252349e-27
45	244.952578	3.987376e-08	9.582000e-01	1.302140e-12
45	1029.155034	1.116105e-11	9.736000e-01	1.116094e-11
45	858.229224	3.002775e-08	9.186000e-01	5.223594e-27
45	489.031053	3.128663e-08	9.318000e-01	4.659614e-27
45	6221.083889	2.781052e-08	8.504000e-01	1.719628e-26
45	489.031080	3.128663e-08	9.318000e-01	1.113031e-26
45	444.811544	3.157569e-08	9.340000e-01	1.268144e-27
45	5940.940369	2.784290e-08	8.526000e-01	7.161095e-27
45	783.916680	3.019453e-08	9.208000e-01	7.374607e-27
45	243.929499	6.396452e-08	9.736000e-01	7.813308e-12
45	275.296635	3.424084e-08	9.472000e-01	3.905126e-27
45	1029.335333	2.161865e-10	9.802000e-01	1.699329e-24
45	4900.732911	2.798522e-08	8.614000e-01	4.540371e-26
45	1531.430793	2.915076e-08	9.032000e-01	1.136512e-26
45	243.606991	1.964014e-07	9.912001e-01	1.079012e-11
45	1029.155034	1.116095e-11	7.976000e-01	1.116094e-11
45	8420.311912	2.761280e-08	8.350000e-01	1.780783e-26
45	340.110435	3.266178e-08	9.406000e-01	3.411763e-27
45	10660.113167	2.747544e-08	8.218000e-01	2.431477e-26
45	252.708639	3.574044e-08	9.516000e-01	8.616666e-27
45	3983.782720	2.815192e-08	8.702000e-01	1.830293e-26
45	12350.523686	2.739648e-08	8.130000e-01	1.110023e-25
45	9497.310404	2.754098e-08	8.284000e-01	7.977986e-26
45	15720.659974	2.727741e-08	7.976000e-01	1.902601e-25
45	-1.000000	-1.000000e+00	-1.000000e+00	-1.000000e+00
45	4660.211705	2.802438e-08	8.636000e-01	2.580745e-26
45	1022.840203	2.973096e-08	9.142000e-01	1.315930e-27
45	4660.211860	2.802438e-08	8.636000e-01	1.024389e-26
45	2824.727334	2.846337e-08	8.834000e-01	1.307560e-26
45	23879.563878	2.955862e-08	8.041999e-01	1.000000e-08
45	1775.436920	2.896645e-08	8.988000e-01	1.028171e-26
45	17336.685818	2.723256e-08	7.910000e-01	1.935696e-25
45	15205.543862	2.729312e-08	7.998000e-01	3.824145e-26
45	8420.311902	2.761280e-08	8.350000e-01	8.953145e-27
45	8420.311933	2.761280e-08	8.350000e-01	1.960226e-26
45	1027.424174	6.849515e-10	9.890000e-01	2.115512e-25
45	17899.486182	2.721832e-08	7.888000e-01	2.264155e-25
45	-1.000000	-1.000000e+00	-1.000000e+00	-1.000000e+00
45	1029.155034	1.116107e-11	9.626000e-01	1.116093e-11
45	19062.363307	2.719085e-08	7.844000e-01	2.816189e-25
45	340.110434	3.266178e-08	9.406000e-01	4.901005e-27
45	538.057996	3.102556e-08	9.296000e-01	2.929179e-27
45	6806.290309	2.774913e-08	8.460000e-01	5.704081e-27
45	2655.513787	2.852441e-08	8.856000e-01	7.481750e-27
45	252.708641	3.574044e-08	9.516000e-01	2.166582e-27
45	11912.484180	2.741540e-08	8.152000e-01	7.761569e-26
45	9128.957195	2.756418e-08	8.306000e-01	4.919719e-26
45	292.648237	3.364185e-08	9.450000e-01	4.192190e-27
45	243.626215	1.563475e-07	9.890000e-01	1.063754e-11
45	1906.473443	2.888222e-08	8.966000e-01	2.698251e-27
45	245.204711	3.781803e-08	9.560000e-01	1.291534e-14
45	11484.832794	2.743484e-08	8.174000e-01	9.244447e-26
45	1029.155034	1.116095e-11	9.626000e-01	1.116095e-11
45	20276.157318	2.716464e-08	7.800000e-01	1.208895e-19
45	7425.519843	2.769185e-08	8.416000e-01	1.426641e-25
45	19662.802531	2.717760e-08	7.822000e-01	1.314248e-24
45	1029.155034	1.116098e-11	9.098000e-01	1.116093e-11
45	13258.377842	2.736018e-08	8.086000e-01	6.076333e-26
45	2043.648295	2.880267e-08	8.944000e-01	9.715157e-27
45	405.312327	3.189732e-08	9.362000e-01	3.998575e-27
45	244.117104	5.460672e-08	9.692000e-01	6.370185e-12
45	2824.727369	2.846337e-08	8.834000e-01	5.593318e-27
45	-1.000000	-1.000000e+00	-1.000000e+00	-1.000000e+00
45	243.648409	1.298190e-07	9.868000e-01	1.042671e-11
45	11912.482087	2.741540e-08	8.152000e-01	7.125237e-26
45	17899.488016	2.721832e-08	7.888000e-01	1.554065e-25
45	1209.308031	2.947491e-08	9.098000e-01	5.280638e-27
45	5940.940329	2.784290e-08	8.526000e-01	6.603534e-26
45	19662.802296	2.717760e-08	7.822000e-01	6.020627e-24
45	243.675320	1.109412e-07	9.846000e-01	1.015548e-11
45	11912.484278	2.741540e-08	8.152000e-01	1.475438e-25
45	243.748756	8.585031e-08	9.802000e-01	9.422916e-12
45	3372.861749	2.829697e-08	8.768000e-01	6.990107e-27
45	2043.648343	2.880267e-08	8.944000e-01	1.238960e-26
45	25751.859941	3.073067e-08	8.151999e-01	1.000000e-08
45	12799.105363	2.737809e-08	8.108000e-01	8.684749e-27
45	783.916693	3.019453e-08	9.208000e-01	1.767146e-26
45	243.748756	8.585025e-08	9.802000e-01	9.422913e-12
45	538.057993	3.102556e-08	9.296000e-01	2.036277e-27
45	1028.101847	4.923337e-10	9.868000e-01	4.135514e-25
45	489.031105	3.128663e-08	9.318000e-01	8.281420e-27
45	8420.311879	2.761280e-08	8.350000e-01	1.917958e-26
45	6221.083738	2.781052e-08	8.504000e-01	5.403000e-27
45	8420.311946	2.761280e-08	8.350000e-01	2.795222e-26
45	18474.653178	2.720443e-08	7.866000e-01	4.845206e-25
45	16786.064845	2.724714e-08	7.932000e-01	3.634703e-25
45	15205.545326	2.729312e-08	7.998000e-01	2.173569e-26
45	26144.598465	3.097188e-08	8.173999e-01	1.000000e-08
45	6509.494386	2.777928e-08	8.482000e-01	1.826496e-27
45	19662.801725	2.717760e-08	7.822000e-01	9.745081e-25
45	19662.800745	2.717760e-08	7.822000e-01	1.327125e-24
45	15205.544460	2.729312e-08	7.998000e-01	3.253853e-25
45	10262.749396	2.749664e-08	8.240000e-01	1.701938e-25
45	3983.782499	2.815192e-08	8.702000e-01	2.278741e-26
45	3183.305361	2.834984e-08	8.790000e-01	2.487524e-27
45	11067.428824	2.745485e-08	8.196000e-01	2.382467e-26
45	6806.290422	2.774913e-08	8.460000e-01	1.723921e-26
45	244.952578	3.987377e-08	9.582000e-01	1.302141e-12
45	4900.733162	2.798522e-08	8.614000e-01	1.609073e-26
45	1209.308019	2.947491e-08	9.098000e-01	1.260566e-26
45	1029.155034	1.116097e-11	9.472000e-01	1.116094e-11
45	1029.155034	1.116095e-11	9.560000e-01	1.116095e-11
45	247.163571	3.668848e-08	9.538000e-01	9.006364e-27
45	1022.840185	2.973096e-08	9.142000e-01	1.770482e-26
45	243.748756	8.585026e-08	9.802000e-01	9.422913e-12
45	11067.428401	2.745485e-08	8.196000e-01	6.435402e-26
45	13728.496124	2.734275e-08	8.064000e-01	4.595898e-26
45	243.606991	1.964015e-07	9.912001e-01	1.079012e-11
45	29961.127423	3.325467e-08	8.372000e-01	1.000000e-08
45	5148.955878	2.794757e-08	8.592000e-01	7.316307e-27
45	243.929499	6.396452e-08	9.736000e-01	7.813308e-12
45	2187.049840	2.872744e-08	8.922000e-01	6.193481e-27
45	17899.486979	2.721832e-08	7.888000e-01	3.622947e-26
45	405.312293	3.189732e-08	9.362000e-01	2.200820e-27
45	7748.198741	2.766463e-08	8.394000e-01	1.275844e-26
45	244.237240	5.086835e-08	9.670000e-01	5.529443e-12
45	340.110437	3.266178e-08	9.406000e-01	4.906466e-27
45	8770.002612	2.758811e-08	8.328000e-01	2.698477e-26
45	15720.659813	2.727741e-08	7.976000e-01	1.117349e-25
45	244.015275	5.892379e-08	9.714000e-01	7.130531e-12
45	1775.436973	2.896645e-08	8.988000e-01	1.087752e-27
45	6806.290474	2.774913e-08	8.460000e-01	6.708241e-26
45	538.057998	3.102556e-08	9.296000e-01	4.781594e-27
45	12350.523453	2.739648e-08	8.130000e-01	9.922154e-26
45	244.237240	5.086835e-08	9.670000e-01	5.529443e-12
45	247.163573	3.668848e-08	9.538000e-01	1.255217e-26
45	1029.155034	1.116097e-11	9.318000e-01	1.116094e-11
45	12350.523940	2.739648e-08	8.130000e-01	8.640307e-26
45	23879.562355	2.955862e-08	8.041999e-01	1.000000e-08
45	1775.436917	2.896645e-08	8.988000e-01	3.717979e-27
45	243.626215	1.563475e-07	9.890000e-01	1.063754e-11
45	1029.155034	1.116098e-11	8.966000e-01	1.116093e-11
45	650.872042	3.057296e-08	9.252000e-01	3.955771e-27
45	2655.513781	2.852441e-08	8.856000e-01	4.180640e-27
45	292.648243	3.364185e-08	9.450000e-01	1.086172e-27
45	1029.155034	1.116095e-11	8.988000e-01	1.116095e-11
45	8770.002234	2.758811e-08	8.328000e-01	2.504591e-26
45	2187.049946	2.872744e-08	8.922000e-01	2.132371e-27
45	3773.000476	2.819815e-08	8.724000e-01	1.745386e-26
45	9497.310396	2.754098e-08	8.284000e-01	1.675466e-25
45	7748.198725	2.766463e-08	8.394000e-01	2.049659e-26
45	4427.283952	2.806515e-08	8.658000e-01	3.523474e-26
45	8770.002423	2.758811e-08	8.328000e-01	3.081212e-27
45	3000.625990	2.840525e-08	8.812000e-01	6.732428e-27
45	10660.113370	2.747544e-08	8.218000e-01	6.059810e-26
45	244.378123	4.760014e-08	9.648000e-01	4.605396e-12
45	243.606991	1.964015e-07	9.912001e-01	1.079012e-11
45	243.929499	6.396451e-08	9.736000e-01	7.813308e-12
45	243.708323	9.681703e-08	9.824000e-01	9.821644e-12
45	340.110416	3.266179e-08	9.406000e-01	4.705914e-27
45	714.824691	3.037564e-08	9.230000e-01	1.180563e-26
45	1650.451562	2.905581e-08	9.010000e-01	5.816861e-27
45	1029.155034	1.116095e-11	8.570000e-01	1.116095e-11
45	5148.955847	2.794757e-08	8.592000e-01	1.838795e-26
45	18474.652526	2.720443e-08	7.866000e-01	4.715216e-25
45	244.237241	5.086833e-08	9.670000e-01	5.529437e-12
45	714.824664	3.037564e-08	9.230000e-01	1.233614e-26
45	15205.542610	2.729312e-08	7.998000e-01	1.962779e-25
45	1418.289513	2.925184e-08	9.054000e-01	6.779024e-27
45	262.031429	3.493340e-08	9.494000e-01	2.206176e-27
45	314.214232	3.311988e-08	9.428000e-01	6.381223e-27
45	5148.955939	2.794757e-08	8.592000e-01	6.425824e-26
45	4900.733136	2.798522e-08	8.614000e-01	8.863757e-27
45	714.824719	3.037564e-08	9.230000e-01	2.116273e-27
45	243.606991	1.964014e-07	9.912001e-01	1.079012e-11
45	243.481226	9.045224e-07	9.978002e-01	1.091890e-11
45	444.811558	3.157569e-08	9.340000e-01	4.536216e-27
45	7111.591670	2.772000e-08	8.438000e-01	8.098539e-28
45	340.110434	3.266178e-08	9.406000e-01	2.647478e-27
45	444.811539	3.157569e-08	9.340000e-01	3.844142e-27
45	370.443302	3.225707e-08	9.384000e-01	4.994380e-27
45	1775.436945	2.896646e-08	8.988000e-01	1.633476e-26
45	29961.127519	3.325467e-08	8.372000e-01	1.000000e-08
45	2336.767444	2.865619e-08	8.900000e-01	1.363633e-26
45	20276.156905	2.716464e-08	7.800000e-01	1.514161e-19
45	1029.155034	1.116096e-11	8.636000e-01	1.116093e-11
45	370.443312	3.225707e-08	9.384000e-01	2.707030e-27
45	1775.437008	2.896645e-08	8.988000e-01	3.942941e-27
45	5404.990412	2.791136e-08	8.570000e-01	1.583499e-26
45	1418.289506	2.925184e-08	9.054000e-01	1.043926e-26
45	243.675320	1.109412e-07	9.846000e-01	1.015548e-11
45	1029.155034	1.116104e-11	9.868000e-01	1.116094e-11
45	444.811559	3.157569e-08	9.340000e-01	1.752457e-27
45	1029.155034	1.116102e-11	9.626000e-01	1.116093e-11
45	3983.782475	2.815192e-08	8.702000e-01	9.778393e-27
45	243.557752	4.041257e-07	9.956001e-01	1.092875e-11
45	292.648234	3.364185e-08	9.450000e-01	9.391038e-27
45	2492.891627	2.858860e-08	8.878000e-01	3.174552e-27
45	783.916671	3.019453e-08	9.208000e-01	1.268924e-26
45	243.481226	9.045220e-07	9.978002e-01	1.091890e-11
45	3000.626001	2.840525e-08	8.812000e-01	3.401595e-26
45	937.843320	2.987368e-08	9.164000e-01	2.496015e-27
45	489.031080	3.128663e-08	9.318000e-01	2.128781e-28
45	20276.156058	2.716464e-08	7.800000e-01	3.674685e-20
45	7111.591609	2.772000e-08	8.438000e-01	8.870728e-26
45	244.117104	5.460673e-08	9.692000e-01	6.370185e-12
45	30417.055360	3.352177e-08	8.394000e-01	1.000000e-08
45	244.378123	4.760014e-08	9.648000e-01	4.605397e-12
45	4900.733014	2.798522e-08	8.614000e-01	3.031279e-26
45	292.648237	3.364185e-08	9.450000e-01	4.828819e-28
45	23879.563316	2.955862e-08	8.041999e-01	1.000000e-08
45	243.587479	2.640442e-07	9.934001e-01	1.088652e-11
45	6221.083734	2.781052e-08	8.504000e-01	1.759900e-26
45	3983.782738	2.815192e-08	8.702000e-01	6.341741e-27
45	17336.685810	2.723256e-08	7.910000e-01	5.134331e-26
45	244.237241	5.086833e-08	9.670000e-01	5.529437e-12
45	9497.310335	2.754098e-08	8.284000e-01	6.591779e-26
45	18474.652260	2.720443e-08	7.866000e-01	9.907802e-26
45	858.229182	3.002775e-08	9.186000e-01	1.163752e-26
45	11912.483858	2.741540e-08	8.152000e-01	2.701682e-26
45	714.824717	3.037564e-08	9.230000e-01	4.565866e-27
45	405.312305	3.189732e-08	9.362000e-01	4.830711e-27
45	8770.002427	2.758811e-08	8.328000e-01	5.649009e-26
45	10262.749075	2.749664e-08	8.240000e-01	2.517908e-26
45	252.708639	3.574044e-08	9.516000e-01	6.521127e-27
45	1028.101847	4.923337e-10	9.868000e-01	2.565182e-25
45	714.824707	3.037564e-08	9.230000e-01	3.147468e-27
45	18474.652261	2.720443e-08	7.866000e-01	1.135718e-24
45	3000.625999	2.840525e-08	8.812000e-01	1.853193e-27
45	1029.155034	1.116100e-11	9.560000e-01	1.116094e-11
45	19062.362204	2.719085e-08	7.844000e-01	3.729353e-28
45	1029.155034	1.116096e-11	8.504000e-01	1.116093e-11
45	14701.919507	2.730924e-08	8.020000e-01	4.293182e-26
45	10660.113244	2.747544e-08	8.218000e-01	8.944763e-26
45	20276.156927	2.716464e-08	7.800000e-01	1.209848e-19
45	1531.430770	2.915076e-08	9.032000e-01	7.032713e-27
45	252.708639	3.574044e-08	9.516000e-01	1.159979e-27
45	244.237241	5.086833e-08	9.670000e-01	5.529437e-12
45	243.708323	9.681702e-08	9.824000e-01	9.821644e-12
45	3569.393879	2.824646e-08	8.746000e-01	6.641984e-27
45	5940.940335	2.784290e-08	8.526000e-01	2.290370e-26
45	244.117104	5.460673e-08	9.692000e-01	6.370185e-12
45	1029.155034	1.116095e-11	9.604000e-01	1.116095e-11
45	15205.543204	2.729312e-08	7.998000e-01	1.460056e-25
45	23879.562940	2.955862e-08	8.041999e-01	1.000000e-08
45	252.708643	3.574044e-08	9.516000e-01	9.315566e-27
45	13728.498058	2.734275e-08	8.064000e-01	1.839480e-26
45	5940.940307	2.784290e-08	8.526000e-01	7.539385e-26
45	1418.289516	2.925184e-08	9.054000e-01	6.675682e-27
45	10660.113173	2.747544e-08	8.218000e-01	4.110061e-26
45	243.708323	9.681702e-08	9.824000e-01	9.821644e-12
45	1029.155034	1.116096e-11	8.372000e-01	1.116091e-11
45	9128.957464	2.756418e-08	8.306000e-01	3.497390e-26
45	243.587479	2.640442e-07	9.934001e-01	1.088652e-11
45	243.708323	9.681702e-08	9.824000e-01	9.821644e-12
45	5148.955933	2.794757e-08	8.592000e-01	2.024479e-26
45	3000.625977	2.840525e-08	8.812000e-01	2.203501e-26
45	243.626215	1.563475e-07	9.890000e-01	1.063754e-11
45	13258.378659	2.736018e-08	8.086000e-01	9.883106e-27
45	7111.591528	2.772000e-08	8.438000e-01	3.230947e-26
45	244.732871	4.216053e-08	9.604000e-01	2.494997e-12
45	1209.307987	2.947492e-08	9.098000e-01	8.748159e-27
45	244.542391	4.471903e-08	9.626000e-01	3.594972e-12
45	3000.625913	2.840525e-08	8.812000e-01	7.509622e-27
45	538.058016	3.102556e-08	9.296000e-01	1.027523e-26
45	243.857714	6.992683e-08	9.758000e-01	8.421233e-12
45	10660.113332	2.747544e-08	8.218000e-01	3.017504e-27
45	244.015275	5.892379e-08	9.714000e-01	7.130532e-12
45	12350.524085	2.739648e-08	8.130000e-01	5.893055e-26
45	16247.443339	2.726209e-08	7.954000e-01	1.482881e-25
45	3000.625933	2.840525e-08	8.812000e-01	1.135300e-26
45	1029.155034	1.116097e-11	8.394000e-01	1.116089e-11
45	243.557752	4.041256e-07	9.956001e-01	1.092875e-11
45	9875.195300	2.751847e-08	8.262000e-01	1.580293e-25
45	19662.802294	2.717760e-08	7.822000e-01	4.544805e-25
45	340.110443	3.266178e-08	9.406000e-01	3.675674e-27
45	30417.055371	3.352177e-08	8.394000e-01	1.000000e-08
45	591.977239	3.078872e-08	9.274000e-01	1.530453e-27
45	1209.308009	2.947492e-08	9.098000e-01	2.160258e-27
45	3183.305265	2.834984e-08	8.790000e-01	1.388614e-27
45	1022.840210	2.973096e-08	9.142000e-01	3.671370e-27
45	30417.055450	3.352177e-08	8.394000e-01	1.000000e-08
45	243.557752	4.041256e-07	9.956001e-01	1.092875e-11
45	243.648409	1.298190e-07	9.868000e-01	1.042671e-11
45	2492.891434	2.858860e-08	8.878000e-01	5.866338e-27
45	17336.685499	2.723256e-08	7.910000e-01	3.427763e-25
45	275.296635	3.424084e-08	9.472000e-01	5.796868e-27
45	2655.513807	2.852441e-08	8.856000e-01	1.235356e-26
45	3773.000479	2.819815e-08	8.724000e-01	4.539422e-27
45	1029.155034	1.116096e-11	8.570000e-01	1.116092e-11
45	858.229200	3.002775e-08	9.186000e-01	7.335264e-27
45	243.557752	4.041256e-07	9.956001e-01	1.092875e-11
45	5404.990339	2.791136e-08	8.570000e-01	1.810700e-26
45	370.443297	3.225707e-08	9.384000e-01	1.131145e-26
45	650.872056	3.057296e-08	9.252000e-01	5.131179e-27
45	292.648229	3.364185e-08	9.450000e-01	1.252817e-26
45	1029.155075	1.129725e-11	7.866000e-01	7.727103e-12
45	1029.155034	1.116095e-11	9.714000e-01	1.116095e-11
45	243.481226	9.045218e-07	9.978002e-01	1.091890e-11
45	19662.801041	2.717760e-08	7.822000e-01	1.820670e-24
45	9128.957579	2.756418e-08	8.306000e-01	9.513253e-28
45	1531.430767	2.915076e-08	9.032000e-01	1.334170e-26
45	6221.083782	2.781052e-08	8.504000e-01	3.831322e-26
45	252.708639	3.574044e-08	9.516000e-01	5.478594e-27
45	1029.155034	1.116100e-11	9.032000e-01	1.116091e-11
45	243.481226	9.045227e-07	9.978002e-01	1.091890e-11
45	5404.990346	2.791136e-08	8.570000e-01	4.831661e-27
45	8420.311912	2.761280e-08	8.350000e-01	1.246213e-25
45	11484.831042	2.743484e-08	8.174000e-01	4.471497e-26
45	10660.113249	2.747544e-08	8.218000e-01	1.602532e-26
45	14701.918824	2.730924e-08	8.020000e-01	1.206672e-25
45	5668.947472	2.787649e-08	8.548000e-01	1.498987e-26
45	8420.311840	2.761280e-08	8.350000e-01	1.857092e-26
45	1029.155034	1.116101e-11	9.538000e-01	1.116093e-11
45	2187.049847	2.872744e-08	8.922000e-01	2.246923e-27
45	19062.363848	2.719085e-08	7.844000e-01	5.130634e-25
45	20276.157079	2.716464e-08	7.800000e-01	4.067183e-21
45	1906.473469	2.888222e-08	8.966000e-01	2.377046e-27
45	19062.362870	2.719085e-08	7.844000e-01	1.272610e-24
45	2655.513853	2.852441e-08	8.856000e-01	4.823472e-27
45	243.748756	8.585026e-08	9.802000e-01	9.422913e-12
45	1029.155034	1.116099e-11	9.780000e-01	1.116094e-11
45	314.214239	3.311988e-08	9.428000e-01	3.757055e-28
45	6221.083763	2.781052e-08	8.504000e-01	3.169411e-26
45	292.648243	3.364185e-08	9.450000e-01	9.143087e-28
45	243.557752	4.041256e-07	9.956001e-01	1.092875e-11
45	1418.289572	2.925184e-08	9.054000e-01	1.122764e-26
45	12799.105296	2.737808e-08	8.108000e-01	1.604554e-25
45	243.708323	9.681703e-08	9.824000e-01	9.821644e-12
45	243.675320	1.109412e-07	9.846000e-01	1.015548e-11
45	14701.918599	2.730924e-08	8.020000e-01	2.329837e-26
45	243.481226	9.045221e-07	9.978002e-01	1.091890e-11
45	13258.378430	2.736018e-08	8.086000e-01	3.032547e-26
45	17336.685205	2.723256e-08	7.910000e-01	1.012300e-25
45	5940.940268	2.784290e-08	8.526000e-01	1.467955e-26
45	6221.083757	2.781052e-08	8.504000e-01	5.611493e-27
45	244.117104	5.460673e-08	9.692000e-01	6.370185e-12
45	5668.947422	2.787649e-08	8.548000e-01	1.613066e-26
45	1531.430855	2.915076e-08	9.032000e-01	1.335571e-27
45	292.648239	3.364185e-08	9.450000e-01	1.409867e-27
45	3372.861831	2.829697e-08	8.768000e-01	9.191236e-27
45	243.587479	2.640442e-07	9.934001e-01	1.088652e-11
45	6221.083852	2.781052e-08	8.504000e-01	2.149819e-26
45	243.708323	9.681703e-08	9.824000e-01	9.821644e-12
45	1531.430776	2.915076e-08	9.032000e-01	6.572923e-27
45	1029.155034	1.116096e-11	7.998000e-01	1.116085e-11
45	6509.494440	2.777928e-08	8.482000e-01	9.784978e-27
45	9875.195197	2.751848e-08	8.262000e-01	4.863338e-26
45	1113.301113	2.959838e-08	9.120000e-01	3.677818e-26
45	783.916718	3.019453e-08	9.208000e-01	1.991126e-27
45	10660.113414	2.747544e-08	8.218000e-01	2.443307e-26
45	1029.155034	1.116096e-11	8.966000e-01	1.116094e-11
45	245.204711	3.781803e-08	9.560000e-01	1.291510e-14
45	243.675320	1.109412e-07	9.846000e-01	1.015548e-11
45	6806.290411	2.774913e-08	8.460000e-01	1.429910e-26
45	5940.940262	2.784290e-08	8.526000e-01	1.693312e-26
45	244.117104	5.460673e-08	9.692000e-01	6.370185e-12
45	6221.083786	2.781052e-08	8.504000e-01	5.943103e-26
45	2824.727310	2.846337e-08	8.834000e-01	6.290824e-27
45	16786.064892	2.724714e-08	7.932000e-01	1.926615e-25
45	7111.591582	2.772000e-08	8.438000e-01	9.817027e-26
45	10660.113454	2.747544e-08	8.218000e-01	1.061769e-27
45	15205.544672	2.729312e-08	7.998000e-01	2.089845e-25
45	9128.957295	2.756418e-08	8.306000e-01	1.695554e-26
45	714.824715	3.037564e-08	9.230000e-01	3.061821e-27
45	244.117104	5.460673e-08	9.692000e-01	6.370185e-12
45	340.110425	3.266178e-08	9.406000e-01	2.312287e-27
45	538.058007	3.102556e-08	9.296000e-01	2.825281e-27
45	244.732871	4.216053e-08	9.604000e-01	2.494996e-12
45	247.163572	3.668848e-08	9.538000e-01	4.385037e-27
45	244.542391	4.471903e-08	9.626000e-01	3.594972e-12
45	243.587479	2.640443e-07	9.934001e-01	1.088652e-11
45	244.378123	4.760014e-08	9.648000e-01	4.605396e-12
45	3183.305340	2.834984e-08	8.790000e-01	1.677363e-27
45	538.058022	3.102556e-08	9.296000e-01	5.913395e-27
45	6509.494355	2.777928e-08	8.482000e-01	3.376042e-26
45	1531.430819	2.915076e-08	9.032000e-01	8.209040e-27
45	858.229214	3.002775e-08	9.186000e-01	3.991511e-28
45	243.557752	4.041256e-07	9.956001e-01	1.092875e-11
45	2492.891432	2.858860e-08	8.878000e-01	1.988346e-26
45	243.857713	6.992683e-08	9.758000e-01	8.421233e-12
45	1029.335333	2.161865e-10	9.802000e-01	1.274253e-25
45	36399.963033	3.698148e-08	8.658000e-01	1.000000e-08
45	1029.155034	1.116101e-11	9.494000e-01	1.116093e-11
45	244.542391	4.471903e-08	9.626000e-01	3.594973e-12
45	1029.155034	1.116099e-11	8.790000e-01	1.116090e-11
45	11067.428638	2.745485e-08	8.196000e-01	1.016047e-25
45	714.824636	3.037564e-08	9.230000e-01	4.153055e-27
45	244.378123	4.760014e-08	9.648000e-01	4.605396e-12
45	2043.648315	2.880267e-08	8.944000e-01	1.582378e-27
45	5940.940364	2.784290e-08	8.526000e-01	9.447029e-26
45	1029.155034	1.116098e-11	8.636000e-01	1.116091e-11
45	937.843329	2.987368e-08	9.164000e-01	1.790489e-27
45	244.732871	4.216053e-08	9.604000e-01	2.494996e-12
45	244.952578	3.987377e-08	9.582000e-01	1.302140e-12
45	6509.494370	2.777928e-08	8.482000e-01	2.004360e-26
45	2187.049790	2.872744e-08	8.922000e-01	1.078041e-27
45	4201.842476	2.810762e-08	8.680000e-01	6.836748e-27
45	243.929499	6.396452e-08	9.736000e-01	7.813308e-12
45	4900.733092	2.798522e-08	8.614000e-01	6.420113e-27
45	8770.002408	2.758811e-08	8.328000e-01	2.773488e-26
45	9128.957619	2.756418e-08	8.306000e-01	1.837612e-26
45	2336.767373	2.865619e-08	8.900000e-01	1.157887e-26
45	1029.155034	1.116098e-11	9.384000e-01	1.116094e-11
45	19662.801101	2.717760e-08	7.822000e-01	8.243039e-25
45	2824.727336	2.846337e-08	8.834000e-01	2.433707e-28
45	6806.290330	2.774913e-08	8.460000e-01	1.548408e-26
45	243.748756	8.585031e-08	9.802000e-01	9.422916e-12
45	17899.486420	2.721832e-08	7.888000e-01	7.226417e-25
45	4201.842385	2.810762e-08	8.680000e-01	5.303512e-26
45	2336.767390	2.865619e-08	8.900000e-01	8.463941e-27
45	3983.782711	2.815192e-08	8.702000e-01	8.682798e-27
45	15205.543894	2.729312e-08	7.998000e-01	8.719323e-27
45	370.443317	3.225707e-08	9.384000e-01	1.697210e-27
45	538.058019	3.102556e-08	9.296000e-01	1.065786e-27
45	17336.685474	2.723256e-08	7.910000e-01	3.654994e-24
45	5404.990493	2.791136e-08	8.570000e-01	9.508774e-27
45	244.952578	3.987377e-08	9.582000e-01	1.302141e-12
45	2336.767380	2.865619e-08	8.900000e-01	1.015136e-26
45	1310.943232	2.935966e-08	9.076000e-01	5.650541e-28
45	489.031047	3.128663e-08	9.318000e-01	9.992740e-28
45	245.204711	3.781803e-08	9.560000e-01	1.291580e-14
45	340.110419	3.266178e-08	9.406000e-01	9.148490e-28
45	275.296638	3.424084e-08	9.472000e-01	3.294440e-27
45	7425.519851	2.769185e-08	8.416000e-01	1.591472e-26
45	243.557752	4.041256e-07	9.956001e-01	1.092875e-11
45	7111.591520	2.772000e-08	8.438000e-01	3.588956e-26
45	17899.487697	2.721832e-08	7.888000e-01	1.465643e-25
45	1026.602913	1.010153e-09	9.912000e-01	1.520788e-25
45	30417.055356	3.352178e-08	8.394000e-01	1.000000e-08
45	937.843344	2.987368e-08	9.164000e-01	6.836859e-27
45	30417.055279	3.352177e-08	8.394000e-01	1.000000e-08
45	314.214231	3.311988e-08	9.428000e-01	7.539161e-27
45	11067.428740	2.745485e-08	8.196000e-01	1.821833e-25
45	3983.782511	2.815192e-08	8.702000e-01	2.691933e-27
45	19662.802532	2.717760e-08	7.822000e-01	1.955094e-25
45	1029.155034	1.116100e-11	9.340000e-01	1.116093e-11
45	4201.842376	2.810762e-08	8.680000e-01	1.128002e-26
45	14701.921592	2.730924e-08	8.020000e-01	8.868826e-26
45	30417.055330	3.352177e-08	8.394000e-01	1.000000e-08
45	714.824633	3.037564e-08	9.230000e-01	1.796390e-27
45	3000.625931	2.840525e-08	8.812000e-01	1.833719e-26
45	2492.891466	2.858860e-08	8.878000e-01	8.890157e-27
45	937.843387	2.987368e-08	9.164000e-01	5.319053e-27
45	243.675320	1.109412e-07	9.846000e-01	1.015548e-11
45	8420.311968	2.761280e-08	8.350000e-01	5.222735e-26
45	2043.648360	2.880267e-08	8.944000e-01	9.734623e-27
45	783.916687	3.019453e-08	9.208000e-01	5.090626e-27
45	13728.499070	2.734275e-08	8.064000e-01	4.998264e-26
45	8770.002204	2.758811e-08	8.328000e-01	1.314996e-25
45	244.732871	4.216053e-08	9.604000e-01	2.494997e-12
45	16786.064430	2.724714e-08	7.932000e-01	1.699283e-25
45	1418.289593	2.925184e-08	9.054000e-01	4.948066e-27
45	4201.842638	2.810762e-08	8.680000e-01	1.201110e-26
45	1775.437036	2.896645e-08	8.988000e-01	3.016735e-27
45	11067.428452	2.745485e-08	8.196000e-01	4.173503e-26
45	8420.311923	2.761280e-08	8.350000e-01	3.001020e-26
45	243.648409	1.298190e-07	9.868000e-01	1.042671e-11
45	4900.732945	2.798522e-08	8.614000e-01	3.306667e-26
45	5940.940222	2.784290e-08	8.526000e-01	5.426197e-27
45	5668.947390	2.787649e-08	8.548000e-01	3.301844e-26
45	17336.685769	2.723256e-08	7.910000e-01	2.159525e-25
45	1028.101847	4.923337e-10	9.868000e-01	1.864250e-25
45	937.843307	2.987368e-08	9.164000e-01	7.433960e-28
45	4427.283779	2.806515e-08	8.658000e-01	1.614891e-26
45	17336.685328	2.723256e-08	7.910000e-01	8.348871e-26
45	14701.920013	2.730924e-08	8.020000e-01	5.465579e-26
45	4427.283873	2.806515e-08	8.658000e-01	6.352300e-27
45	16786.064827	2.724714e-08	7.932000e-01	2.374389e-25
45	1029.155034	1.116098e-11	9.714000e-01	1.116094e-11
45	2187.049966	2.872744e-08	8.922000e-01	9.972197e-27
45	18474.652832	2.720443e-08	7.866000e-01	1.098526e-24
45	10262.749381	2.749664e-08	8.240000e-01	1.477305e-25
45	1418.289599	2.925184e-08	9.054000e-01	3.170319e-29
45	244.732871	4.216053e-08	9.604000e-01	2.494996e-12
45	8420.311749	2.761280e-08	8.350000e-01	2.929679e-26
45	243.481226	9.045228e-07	9.978002e-01	1.091890e-11
45	858.229206	3.002775e-08	9.186000e-01	1.572460e-27
45	7425.519911	2.769185e-08	8.416000e-01	2.322048e-26
45	16786.064859	2.724714e-08	7.932000e-01	4.683451e-25
45	17336.685850	2.723256e-08	7.910000e-01	7.544641e-26
45	7111.591652	2.772000e-08	8.438000e-01	5.325774e-26
45	5148.955802	2.794757e-08	8.592000e-01	1.027619e-26
45	858.229228	3.002775e-08	9.186000e-01	7.145467e-27
45	10262.749086	2.749664e-08	8.240000e-01	4.166704e-26
45	243.626215	1.563475e-07	9.890000e-01	1.063754e-11
45	489.031073	3.128663e-08	9.318000e-01	5.780068e-27
45	4201.842583	2.810762e-08	8.680000e-01	1.484797e-26
45	2336.767394	2.865619e-08	8.900000e-01	1.094056e-26
45	4427.283945	2.806515e-08	8.658000e-01	7.371005e-26
45	11067.428637	2.745485e-08	8.196000e-01	3.051983e-26
45	6806.290357	2.774913e-08	8.460000e-01	1.214135e-26
45	1029.155034	1.116095e-11	8.482000e-01	1.116094e-11
45	19062.363266	2.719085e-08	7.844000e-01	1.120669e-24
45	245.204711	3.781803e-08	9.560000e-01	1.291560e-14
45	2492.891438	2.858860e-08	8.878000e-01	1.841020e-26
45	4201.842394	2.810762e-08	8.680000e-01	1.002352e-26
45	243.481226	9.045225e-07	9.978002e-01	1.091890e-11
45	247.163572	3.668848e-08	9.538000e-01	1.276531e-26
45	1775.437026	2.896645e-08	8.988000e-01	6.768308e-27
45	4900.733025	2.798522e-08	8.614000e-01	2.239036e-26
45	4660.211931	2.802438e-08	8.636000e-01	3.405999e-27
45	405.312303	3.189732e-08	9.362000e-01	4.976110e-27
45	275.296631	3.424084e-08	9.472000e-01	6.100599e-27
45	25751.860056	3.073067e-08	8.151999e-01	1.000000e-08
45	7425.519712	2.769185e-08	8.416000e-01	1.834725e-26
45	1029.155034	1.116108e-11	9.714000e-01	1.116093e-11
45	444.811550	3.157569e-08	9.340000e-01	4.768375e-27
45	243.557752	4.041257e-07	9.956001e-01	1.092875e-11
45	262.031422	3.493340e-08	9.494000e-01	1.222752e-27
45	714.824636	3.037564e-08	9.230000e-01	2.689458e-27
45	591.977197	3.078872e-08	9.274000e-01	7.980519e-27
45	243.557752	4.041257e-07	9.956001e-01	1.092875e-11
45	247.163570	3.668848e-08	9.538000e-01	1.410095e-26
45	247.163571	3.668848e-08	9.538000e-01	3.190247e-26
45	243.481226	9.045226e-07	9.978002e-01	1.091890e-11
45	6806.290466	2.774913e-08	8.460000e-01	1.614649e-26
45	1906.473503	2.888222e-08	8.966000e-01	2.852092e-27
45	9497.310484	2.754098e-08	8.284000e-01	2.468981e-26
45	489.031067	3.128663e-08	9.318000e-01	8.568296e-27
45	340.110421	3.266179e-08	9.406000e-01	1.315940e-26
45	3372.861778	2.829697e-08	8.768000e-01	1.214770e-26
45	3773.000359	2.819815e-08	8.724000e-01	1.951278e-26
45	292.648233	3.364185e-08	9.450000e-01	3.410198e-27
45	243.798035	7.708821e-08	9.780000e-01	8.956925e-12
45	1029.155034	1.116095e-11	8.372000e-01	1.116094e-11
45	2043.648438	2.880267e-08	8.944000e-01	1.609068e-26
45	275.296643	3.424084e-08	9.472000e-01	4.213355e-27
45	7425.519832	2.769185e-08	8.416000e-01	5.845385e-26
45	5668.947461	2.787649e-08	8.548000e-01	1.801696e-26
45	15205.544545	2.729312e-08	7.998000e-01	1.035028e-25
45	252.708635	3.574044e-08	9.516000e-01	1.744223e-27
45	243.798035	7.708822e-08	9.780000e-01	8.956925e-12
45	19662.801548	2.717760e-08	7.822000e-01	2.063727e-24
45	16786.064726	2.724714e-08	7.932000e-01	2.328395e-25
45	937.843407	2.987368e-08	9.164000e-01	1.961497e-26
45	243.587479	2.640442e-07	9.934001e-01	1.088652e-11
45	16786.064594	2.724714e-08	7.932000e-01	5.862288e-26
45	2492.891470	2.858860e-08	8.878000e-01	1.650305e-26
45	1029.155034	1.116097e-11	9.340000e-01	1.116094e-11
45	2336.767327	2.865619e-08	8.900000e-01	1.281917e-26
45	247.163572	3.668848e-08	9.538000e-01	2.558051e-27
45	11912.483965	2.741540e-08	8.152000e-01	2.369184e-26
45	244.378123	4.760014e-08	9.648000e-01	4.605396e-12
45	7425.519794	2.769185e-08	8.416000e-01	7.570625e-27
45	314.214249	3.311988e-08	9.428000e-01	7.261773e-28
45	1775.437059	2.896645e-08	8.988000e-01	8.273466e-27
45	3372.861781	2.829697e-08	8.768000e-01	3.239504e-26
45	340.110418	3.266179e-08	9.406000e-01	4.846782e-27
45	7111.591667	2.772000e-08	8.438000e-01	1.187251e-26
45	444.811526	3.157569e-08	9.340000e-01	1.979998e-27
45	444.811545	3.157569e-08	9.340000e-01	3.263132e-27
45	4201.842543	2.810762e-08	8.680000e-01	1.149341e-26
45	243.648409	1.298190e-07	9.868000e-01	1.042671e-11
45	13728.497481	2.734275e-08	8.064000e-01	4.500501e-26
45	13258.375468	2.736018e-08	8.086000e-01	9.861010e-26
45	262.031422	3.493340e-08	9.494000e-01	2.697564e-27
45	6221.083770	2.781052e-08	8.504000e-01	7.276546e-27
45	2492.891448	2.858860e-08	8.878000e-01	1.243590e-26
45	244.117104	5.460673e-08	9.692000e-01	6.370185e-12
45	2655.513919	2.852441e-08	8.856000e-01	2.956746e-26
45	22489.049142	2.865976e-08	7.953999e-01	1.000000e-08
45	243.708323	9.681703e-08	9.824000e-01	9.821644e-12
45	489.031055	3.128663e-08	9.318000e-01	3.892924e-27
45	275.296636	3.424084e-08	9.472000e-01	3.983867e-27
45	3000.626070	2.840525e-08	8.812000e-01	3.667273e-27
45	252.708637	3.574044e-08	9.516000e-01	3.141115e-26
45	243.675320	1.109412e-07	9.846000e-01	1.015548e-11
45	4660.211788	2.802438e-08	8.636000e-01	2.920992e-26
45	17899.486700	2.721832e-08	7.888000e-01	1.878819e-25
45	29961.127629	3.325467e-08	8.372000e-01	1.000000e-08
45	12350.525217	2.739648e-08	8.130000e-01	1.045596e-26
45	14701.920048	2.730924e-08	8.020000e-01	6.585859e-26
45	538.058001	3.102556e-08	9.296000e-01	2.978533e-27
45	9128.957489	2.756418e-08	8.306000e-01	1.551896e-26
45	3372.861876	2.829697e-08	8.768000e-01	2.328604e-26
45	243.626215	1.563475e-07	9.890000e-01	1.063754e-11
45	5404.990352	2.791136e-08	8.570000e-01	1.703550e-26
45	23879.561870	2.955862e-08	8.041999e-01	1.000000e-08
45	405.312317	3.189732e-08	9.362000e-01	3.401912e-27
45	3773.000314	2.819815e-08	8.724000e-01	5.162496e-27
45	243.648409	1.298190e-07	9.868000e-01	1.042671e-11
45	245.204711	3.781803e-08	9.560000e-01	1.291501e-14
45	9875.195149	2.751847e-08	8.262000e-01	3.261483e-26
45	3183.305223	2.834984e-08	8.790000e-01	2.166086e-26
45	1775.437013	2.896645e-08	8.988000e-01	1.505141e-27
45	937.843340	2.987368e-08	9.164000e-01	7.753006e-27
45	16247.442802	2.726209e-08	7.954000e-01	4.001815e-25
45	6509.494401	2.777928e-08	8.482000e-01	2.037811e-26
45	444.811556	3.157569e-08	9.340000e-01	3.324540e-27
45	16247.441435	2.726209e-08	7.954000e-01	1.411061e-25
45	9497.310349	2.754098e-08	8.284000e-01	3.387445e-26
45	3000.625877	2.840525e-08	8.812000e-01	2.922676e-26
45	1029.155034	1.116096e-11	8.636000e-01	1.116093e-11
45	6806.290476	2.774913e-08	8.460000e-01	5.585180e-27
45	1310.943155	2.935966e-08	9.076000e-01	8.176138e-27
45	11484.833642	2.743484e-08	8.174000e-01	6.622521e-26
45	9128.957514	2.756418e-08	8.306000e-01	7.707630e-27
45	1418.289498	2.925184e-08	9.054000e-01	4.442614e-27
45	10262.749327	2.749664e-08	8.240000e-01	6.992174e-26
45	8420.311979	2.761280e-08	8.350000e-01	3.097779e-26
45	17336.685229	2.723256e-08	7.910000e-01	3.265692e-25
45	243.675320	1.109412e-07	9.846000e-01	1.015548e-11
45	370.443296	3.225707e-08	9.384000e-01	1.795358e-27
45	15720.659645	2.727741e-08	7.976000e-01	1.273423e-25
45	245.204711	3.781803e-08	9.560000e-01	1.291583e-14
45	252.708643	3.574044e-08	9.516000e-01	7.942194e-27
45	15205.544913	2.729312e-08	7.998000e-01	1.970022e-25
45	13728.496898	2.734275e-08	8.064000e-01	6.278114e-26
45	252.708641	3.574044e-08	9.516000e-01	6.737708e-27
45	30417.055391	3.352177e-08	8.394000e-01	1.000000e-08
45	1209.308075	2.947492e-08	9.098000e-01	1.507535e-26
45	244.952578	3.987376e-08	9.582000e-01	1.302140e-12
45	2043.648442	2.880267e-08	8.944000e-01	1.093025e-26
45	11067.428407	2.745485e-08	8.196000e-01	1.877845e-26
45	538.057989	3.102556e-08	9.296000e-01	3.784637e-27
45	19062.363848	2.719085e-08	7.844000e-01	3.723388e-25
45	1775.436950	2.896645e-08	8.988000e-01	2.968852e-27
45	1029.155034	1.116103e-11	9.736000e-01	1.116094e-11
45	9128.957235	2.756418e-08	8.306000e-01	5.113535e-26
45	1029.155034	1.116095e-11	8.416000e-01	1.116093e-11
45	591.977239	3.078872e-08	9.274000e-01	1.050676e-27
45	19062.362475	2.719085e-08	7.844000e-01	3.776763e-25
45	1531.430885	2.915076e-08	9.032000e-01	2.407117e-26
45	5668.947358	2.787649e-08	8.548000e-01	2.032157e-26
45	340.110428	3.266179e-08	9.406000e-01	2.888160e-27
45	9128.957435	2.756418e-08	8.306000e-01	1.193734e-26
45	244.542391	4.471903e-08	9.626000e-01	3.594973e-12
45	292.648244	3.364185e-08	9.450000e-01	3.982398e-27
45	244.015275	5.892378e-08	9.714000e-01	7.130531e-12
45	1113.301113	2.959838e-08	9.120000e-01	1.370503e-26
45	3773.000442	2.819815e-08	8.724000e-01	2.562777e-26
45	1029.155034	1.116098e-11	8.856000e-01	1.116092e-11
45	10262.749483	2.749664e-08	8.240000e-01	1.525265e-25
45	5404.990408	2.791136e-08	8.570000e-01	4.764605e-27
45	9128.957425	2.756418e-08	8.306000e-01	7.666202e-26
45	370.443290	3.225707e-08	9.384000e-01	4.503660e-27
45	243.557752	4.041255e-07	9.956001e-01	1.092875e-11
45	1029.155034	1.116098e-11	9.582000e-01	1.116094e-11
45	3183.305259	2.834984e-08	8.790000e-01	3.169939e-26
45	11912.482084	2.741540e-08	8.152000e-01	2.722514e-26
45	7425.519859	2.769185e-08	8.416000e-01	5.397714e-26
45	9128.957320	2.756418e-08	8.306000e-01	1.698873e-26
45	2824.727408	2.846337e-08	8.834000e-01	9.470998e-27
45	23879.561700	2.955862e-08	8.041999e-01	1.000000e-08
45	243.606991	1.964015e-07	9.912001e-01	1.079012e-11
45	444.811543	3.157569e-08	9.340000e-01	1.364254e-27
45	1113.301123	2.959838e-08	9.120000e-01	2.357449e-27
45	1531.430844	2.915076e-08	9.032000e-01	3.167901e-26
45	247.163572	3.668848e-08	9.538000e-01	2.325011e-27
45	538.057984	3.102557e-08	9.296000e-01	7.582582e-27
45	1029.155034	1.116096e-11	8.548000e-01	1.116092e-11
45	1029.155034	1.116100e-11	9.142000e-01	1.116092e-11
45	243.648409	1.298190e-07	9.868000e-01	1.042671e-11
45	19662.802210	2.717760e-08	7.822000e-01	6.125337e-25
45	13728.497248	2.734275e-08	8.064000e-01	1.020550e-25
45	6806.290409	2.774913e-08	8.460000e-01	2.934273e-27
45	1650.451537	2.905581e-08	9.010000e-01	3.142004e-27
45	1029.155034	1.116128e-11	9.956000e-01	1.116094e-11
45	6509.494515	2.777928e-08	8.482000e-01	2.184720e-26
45	405.312288	3.189732e-08	9.362000e-01	1.775463e-27
45	9128.957653	2.756418e-08	8.306000e-01	6.955521e-27
45	12350.523937	2.739648e-08	8.130000e-01	5.633325e-26
45	2824.727265	2.846337e-08	8.834000e-01	1.181356e-27
45	10262.749343	2.749664e-08	8.240000e-01	8.976270e-27
45	9497.310463	2.754098e-08	8.284000e-01	2.347330e-26
45	23879.561907	2.955862e-08	8.041999e-01	1.000000e-08
45	5668.947467	2.787649e-08	8.548000e-01	1.373936e-26
45	7425.519810	2.769185e-08	8.416000e-01	2.248016e-26
45	30417.055444	3.352177e-08	8.394000e-01	1.000000e-08
45	243.675320	1.109412e-07	9.846000e-01	1.015548e-11
45	30417.055465	3.352177e-08	8.394000e-01	1.000000e-08
45	23879.563425	2.955862e-08	8.041999e-01	1.000000e-08
45	-1.000000	-1.000000e+00	-1.000000e+00	-1.000000e+00
45	2187.049968	2.872744e-08	8.922000e-01	8.856046e-27
45	1310.943108	2.935966e-08	9.076000e-01	2.443391e-26
45	8420.311895	2.761280e-08	8.350000e-01	3.468597e-26
45	1028.101847	4.923337e-10	9.868000e-01	2.601760e-25
45	1029.155091	1.125989e-11	7.822000e-01	3.536376e-12
45	5668.947356	2.787649e-08	8.548000e-01	1.820346e-26
45	538.057994	3.102556e-08	9.296000e-01	1.918560e-27
45	2187.049882	2.872744e-08	8.922000e-01	1.703648e-26
45	243.606991	1.964015e-07	9.912001e-01	1.079012e-11
45	1906.473479	2.888222e-08	8.966000e-01	7.341131e-27
45	244.117104	5.460673e-08	9.692000e-01	6.370185e-12
45	9497.310484	2.754098e-08	8.284000e-01	2.492744e-26
45	3000.625904	2.840525e-08	8.812000e-01	2.232058e-27
45	444.811542	3.157569e-08	9.340000e-01	1.906597e-27
45	243.857714	6.992683e-08	9.758000e-01	8.421233e-12
45	1022.840186	2.973096e-08	9.142000e-01	6.482266e-27
45	1029.155034	1.116096e-11	9.010000e-01	1.116094e-11
45	591.977216	3.078872e-08	9.274000e-01	1.171057e-26
45	244.732871	4.216053e-08	9.604000e-01	2.494997e-12
45	7425.519795	2.769185e-08	8.416000e-01	1.146579e-26
45	5404.990386	2.791136e-08	8.570000e-01	1.475438e-26
45	243.857714	6.992683e-08	9.758000e-01	8.421233e-12
45	243.798035	7.708821e-08	9.780000e-01	8.956925e-12
45	1531.430892	2.915076e-08	9.032000e-01	1.485060e-26
45	1209.308089	2.947491e-08	9.098000e-01	2.004226e-27
45	3569.393737	2.824646e-08	8.746000e-01	8.241964e-27
45	8420.311823	2.761280e-08	8.350000e-01	3.552879e-26
45	243.798035	7.708822e-08	9.780000e-01	8.956926e-12
45	243.587479	2.640442e-07	9.934001e-01	1.088652e-11
45	275.296634	3.424084e-08	9.472000e-01	6.335530e-27
45	1650.451531	2.905581e-08	9.010000e-01	5.749139e-28
45	3000.626036	2.840525e-08	8.812000e-01	2.162769e-26
45	16247.443986	2.726209e-08	7.954000e-01	3.422515e-25
45	243.929499	6.396452e-08	9.736000e-01	7.813308e-12
45	244.117104	5.460673e-08	9.692000e-01	6.370185e-12
45	1029.155034	1.116097e-11	8.790000e-01	1.116092e-11
45	1022.840246	2.973096e-08	9.142000e-01	3.613546e-27
45	11484.833405	2.743484e-08	8.174000e-01	7.161317e-26
45	1418.289486	2.925184e-08	9.054000e-01	4.356370e-27
45	252.708643	3.574044e-08	9.516000e-01	1.149294e-26
45	252.708640	3.574044e-08	9.516000e-01	3.779433e-27
45	1531.430811	2.915076e-08	9.032000e-01	4.121747e-27
45	243.557752	4.041257e-07	9.956001e-01	1.092875e-11
45	16786.064479	2.724714e-08	7.932000e-01	3.019743e-25
45	5940.940278	2.784290e-08	8.526000e-01	2.271075e-26
45	1650.451481	2.905581e-08	9.010000e-01	4.928812e-27
45	8420.311770	2.761280e-08	8.350000e-01	2.783553e-26
45	12350.524400	2.739648e-08	8.130000e-01	3.188351e-26
45	7425.519758	2.769185e-08	8.416000e-01	6.909348e-26
45	11484.833872	2.743485e-08	8.174000e-01	1.527875e-25
45	17899.486720	2.721832e-08	7.888000e-01	5.067745e-25
45	11067.428485	2.745485e-08	8.196000e-01	1.319230e-25
45	1029.155034	1.116099e-11	9.538000e-01	1.116094e-11
45	17899.486620	2.721832e-08	7.888000e-01	3.722049e-26
45	6806.290307	2.774913e-08	8.460000e-01	3.585970e-26
45	23879.562221	2.955862e-08	8.041999e-01	1.000000e-08
45	19662.800871	2.717760e-08	7.822000e-01	1.053632e-24
45	14701.922035	2.730924e-08	8.020000e-01	3.238653e-25
45	243.606991	1.964015e-07	9.912001e-01	1.079012e-11
45	26144.598230	3.097188e-08	8.173999e-01	1.000000e-08
45	19662.801082	2.717760e-08	7.822000e-01	1.157494e-24
45	244.378123	4.760014e-08	9.648000e-01	4.605396e-12
45	243.708323	9.681702e-08	9.824000e-01	9.821644e-12
45	3773.000530	2.819815e-08	8.724000e-01	6.462257e-26
45	1029.155034	1.116100e-11	9.582000e-01	1.116094e-11
45	12350.522512	2.739648e-08	8.130000e-01	7.774377e-26
45	6221.083912	2.781052e-08	8.504000e-01	3.601621e-26
45	1029.155034	1.116099e-11	9.450000e-01	1.116094e-11
45	783.916682	3.019453e-08	9.208000e-01	2.072989e-27
45	7111.591633	2.772000e-08	8.438000e-01	3.140271e-26
45	7425.519828	2.769185e-08	8.416000e-01	1.207397e-26
45	17336.685206	2.723256e-08	7.910000e-01	1.649326e-25
45	9875.195170	2.751847e-08	8.262000e-01	4.555441e-26
45	245.204711	3.781803e-08	9.560000e-01	1.291577e-14
45	16786.064910	2.724714e-08	7.932000e-01	2.282476e-25
45	2655.513959	2.852441e-08	8.856000e-01	8.963984e-27
45	489.031067	3.128663e-08	9.318000e-01	2.349046e-27
45	252.708636	3.574044e-08	9.516000e-01	1.235027e-26
45	1029.155034	1.116099e-11	9.516000e-01	1.116094e-11
45	1022.840246	2.973096e-08	9.142000e-01	6.071601e-27
45	7748.198712	2.766463e-08	8.394000e-01	2.244001e-26
45	243.481226	9.045218e-07	9.978002e-01	1.091890e-11
45	5404.990364	2.791136e-08	8.570000e-01	7.076548e-26
45	10262.749499	2.749664e-08	8.240000e-01	4.182291e-26
45	1029.155034	1.116096e-11	8.482000e-01	1.116092e-11
45	243.748756	8.585026e-08	9.802000e-01	9.422913e-12
45	13728.498545	2.734275e-08	8.064000e-01	7.931334e-26
45	2655.513953	2.852441e-08	8.856000e-01	4.178017e-27
45	370.443310	3.225707e-08	9.384000e-01	6.700049e-27
45	340.110437	3.266178e-08	9.406000e-01	2.000462e-27
45	243.557752	4.041257e-07	9.956001e-01	1.092875e-11
45	-1.000000	-1.000000e+00	-1.000000e+00	-1.000000e+00
45	243.606991	1.964015e-07	9.912001e-01	1.079012e-11
45	16786.064869	2.724714e-08	7.932000e-01	2.076160e-25
45	15205.544392	2.729312e-08	7.998000e-01	1.574751e-25
45	14701.918493	2.730924e-08	8.020000e-01	6.112935e-26
45	243.675320	1.109412e-07	9.846000e-01	1.015548e-11
45	3183.305318	2.834984e-08	8.790000e-01	4.705624e-27
45	4427.283848	2.806515e-08	8.658000e-01	1.538273e-26
45	937.843314	2.987368e-08	9.164000e-01	3.943555e-27
45	244.732871	4.216053e-08	9.604000e-01	2.494996e-12
45	370.443289	3.225707e-08	9.384000e-01	4.443397e-27
45	243.481226	9.045222e-07	9.978002e-01	1.091890e-11
45	15205.544715	2.729312e-08	7.998000e-01	7.232473e-26
45	340.110420	3.266179e-08	9.406000e-01	1.033660e-26
45	2655.513855	2.852441e-08	8.856000e-01	1.258440e-27
45	243.626215	1.563475e-07	9.890000e-01	1.063754e-11
45	5940.940263	2.784290e-08	8.526000e-01	9.004099e-27
45	1775.436924	2.896645e-08	8.988000e-01	5.771265e-27
45	3983.782481	2.815192e-08	8.702000e-01	1.700751e-26
45	244.952578	3.987377e-08	9.582000e-01	1.302141e-12
45	7748.198742	2.766463e-08	8.394000e-01	1.552370e-26
45	9875.195266	2.751847e-08	8.262000e-01	3.743735e-26
45	244.542391	4.471903e-08	9.626000e-01	3.594972e-12
45	17336.685842	2.723256e-08	7.910000e-01	1.233271e-25
45	7425.519730	2.769185e-08	8.416000e-01	1.856017e-26
45	6509.494503	2.777928e-08	8.482000e-01	1.686700e-26
45	14701.920242	2.730924e-08	8.020000e-01	1.227319e-25
45	244.015275	5.892379e-08	9.714000e-01	7.130531e-12
45	444.811546	3.157569e-08	9.340000e-01	1.235277e-27
45	1022.840217	2.973096e-08	9.142000e-01	1.276399e-26
45	12350.524370	2.739648e-08	8.130000e-01	2.893064e-26
45	1029.155034	1.116104e-11	9.802000e-01	1.116094e-11
45	17899.486201	2.721832e-08	7.888000e-01	1.638627e-25
45	7425.519778	2.769185e-08	8.416000e-01	1.437281e-26
45	1113.301174	2.959838e-08	9.120000e-01	3.637644e-27
45	4900.733115	2.798522e-08	8.614000e-01	1.683668e-26
45	19662.801232	2.717760e-08	7.822000e-01	1.041055e-24
45	5940.940269	2.784290e-08	8.526000e-01	1.353335e-26
45	858.229222	3.002775e-08	9.186000e-01	2.239863e-26
45	2492.891466	2.858860e-08	8.878000e-01	4.473644e-27
45	9875.195252	2.751848e-08	8.262000e-01	1.071253e-25
45	19062.363911	2.719086e-08	7.844000e-01	6.880862e-25
45	14701.921138	2.730924e-08	8.020000e-01	7.967437e-26
45	1209.308088	2.947491e-08	9.098000e-01	1.459085e-26
45	15205.542650	2.729312e-08	7.998000e-01	2.417426e-26
45	1029.155034	1.116100e-11	9.648000e-01	1.116094e-11
45	244.732871	4.216053e-08	9.604000e-01	2.494997e-12
45	1113.301134	2.959838e-08	9.120000e-01	8.044302e-27
45	1113.301123	2.959838e-08	9.120000e-01	5.916079e-27
45	7111.591685	2.772000e-08	8.438000e-01	4.398219e-26
45	19062.362412	2.719085e-08	7.844000e-01	2.191885e-25
45	22489.048994	2.865976e-08	7.953999e-01	1.000000e-08
45	1310.943141	2.935966e-08	9.076000e-01	8.562414e-27
45	243.626215	1.563475e-07	9.890000e-01	1.063754e-11
45	783.916660	3.019453e-08	9.208000e-01	1.055431e-26
45	783.916723	3.019453e-08	9.208000e-01	7.539597e-27
45	243.708323	9.681703e-08	9.824000e-01	9.821644e-12
45	1113.301207	2.959838e-08	9.120000e-01	1.229758e-26
45	3372.861847	2.829697e-08	8.768000e-01	7.080974e-27
45	2655.513892	2.852441e-08	8.856000e-01	1.369486e-26
45	11912.485000	2.741540e-08	8.152000e-01	4.133067e-26
45	1029.155034	1.116096e-11	8.174000e-01	1.116089e-11
45	444.811548	3.157569e-08	9.340000e-01	2.429730e-27
45	1029.155034	1.116097e-11	9.538000e-01	1.116094e-11
45	10660.113288	2.747544e-08	8.218000e-01	1.237323e-26
45	1113.301164	2.959838e-08	9.120000e-01	2.118189e-27
45	7111.591495	2.772000e-08	8.438000e-01	3.842415e-27
45	4201.842467	2.810762e-08	8.680000e-01	2.171626e-26
45	314.214227	3.311988e-08	9.428000e-01	2.344141e-27
45	6221.083848	2.781052e-08	8.504000e-01	5.637278e-27
45	243.587479	2.640443e-07	9.934001e-01	1.088652e-11
45	1029.155034	1.116103e-11	9.142000e-01	1.116091e-11
45	340.110441	3.266178e-08	9.406000e-01	1.920047e-27
45	858.229212	3.002775e-08	9.186000e-01	1.343903e-27
45	244.117104	5.460672e-08	9.692000e-01	6.370185e-12
45	4660.211909	2.802438e-08	8.636000e-01	8.230881e-26
45	7748.198725	2.766463e-08	8.394000e-01	5.011933e-26
45	244.237240	5.086835e-08	9.670000e-01	5.529443e-12
45	10660.113316	2.747544e-08	8.218000e-01	8.227466e-28
45	16247.440864	2.726209e-08	7.954000e-01	2.321393e-25
45	538.057982	3.102556e-08	9.296000e-01	1.810934e-27
45	1310.943116	2.935966e-08	9.076000e-01	5.336376e-27
45	538.058000	3.102556e-08	9.296000e-01	1.466240e-27
45	7425.519730	2.769185e-08	8.416000e-01	6.414850e-27
45	262.031421	3.493340e-08	9.494000e-01	2.625434e-27
45	243.626215	1.563475e-07	9.890000e-01	1.063754e-11
45	243.626215	1.563475e-07	9.890000e-01	1.063754e-11
45	243.557752	4.041256e-07	9.956001e-01	1.092875e-11
45	243.557752	4.041257e-07	9.956001e-01	1.092875e-11
45	650.872051	3.057296e-08	9.252000e-01	2.043734e-27
45	244.237240	5.086835e-08	9.670000e-01	5.529442e-12
45	5940.940211	2.784290e-08	8.526000e-01	1.270276e-26
45	9497.310346	2.754098e-08	8.284000e-01	6.075136e-26
45	11484.831203	2.743484e-08	8.174000e-01	1.204096e-25
45	13258.375241	2.736018e-08	8.086000e-01	7.986875e-26
45	1026.602913	1.010153e-09	9.912000e-01	6.062879e-25
45	2187.049916	2.872744e-08	8.922000e-01	1.177744e-26
45	22489.049195	2.865976e-08	7.953999e-01	1.000000e-08
45	1029.155034	1.116095e-11	9.142000e-01	1.116094e-11
45	937.843376	2.987368e-08	9.164000e-01	2.140490e-27
45	8770.002418	2.758811e-08	8.328000e-01	3.371359e-26
45	9128.957379	2.756418e-08	8.306000e-01	1.047539e-25
45	4900.733075	2.798522e-08	8.614000e-01	1.958450e-26
45	11484.831198	2.743484e-08	8.174000e-01	2.353371e-25
45	1531.430790	2.915076e-08	9.032000e-01	3.640887e-27
45	15205.542976	2.729312e-08	7.998000e-01	3.303063e-25
45	244.117104	5.460673e-08	9.692000e-01	6.370185e-12
45	1029.155034	1.116098e-11	8.922000e-01	1.116092e-11
