51	62.397165	4.002231e-08	9.839000e-01	1.254062e-11
51	13875.632376	1.776284e-08	7.861000e-01	1.773263e-25
51	15221.583660	1.775948e-08	7.792000e-01	1.801257e-25
51	295.143797	1.810049e-08	9.379000e-01	1.548162e-27
51	10329.090516	1.777450e-08	8.068000e-01	5.847755e-27
51	20780.234730	2.130584e-08	8.620000e-01	1.000000e-08
51	381.906144	1.805955e-08	9.333000e-01	4.307970e-27
51	7446.362028	1.778927e-08	8.275000e-01	1.243798e-25
51	4088.905698	1.782216e-08	8.597000e-01	3.918810e-27
51	62.182272	1.867638e-08	9.632000e-01	9.746064e-27
51	60.307373	1.984469e-08	9.678000e-01	1.663422e-12
51	8338.908460	1.778392e-08	8.206000e-01	1.112281e-25
51	9634.246525	1.777747e-08	8.114000e-01	3.039700e-26
51	226.412156	2.125576e-11	8.183000e-01	1.290756e-23
51	5144.095002	1.780860e-08	8.482000e-01	7.687300e-26
51	483.340783	1.802563e-08	9.287000e-01	3.319732e-27
51	225.232365	2.451206e-10	9.724000e-01	6.408648e-25
51	9634.246391	1.777747e-08	8.114000e-01	1.712759e-25
51	3014.022423	1.784222e-08	8.735000e-01	5.739213e-27
51	226.312780	4.257271e-11	8.988000e-01	1.126873e-24
51	3014.022382	1.784222e-08	8.735000e-01	1.479117e-26
51	7446.361989	1.778927e-08	8.275000e-01	1.970694e-26
51	61.531478	2.787138e-08	9.770000e-01	8.957724e-12
51	226.282529	4.754468e-11	9.080000e-01	8.912811e-25
51	5609.401288	1.780381e-08	8.436000e-01	1.959520e-26
51	63.031732	7.052241e-08	9.908000e-01	1.461980e-11
51	226.418859	1.912227e-11	8.022000e-01	6.488326e-23
51	11433.041602	1.777032e-08	7.999000e-01	6.734948e-26
51	60.597414	2.137750e-08	9.701000e-01	3.766009e-12
51	62.182273	1.867638e-08	9.632000e-01	5.601365e-27
51	62.127532	3.495241e-08	9.816000e-01	1.151908e-11
51	224.948046	5.513621e-10	9.816000e-01	3.318715e-25
51	1133.122066	1.792493e-08	9.080000e-01	2.298287e-26
51	63.274078	1.421081e-07	9.954000e-01	1.523127e-11
51	16167.683584	1.775737e-08	7.746000e-01	4.698288e-25
51	10688.727929	1.777307e-08	8.045000e-01	9.760522e-26
51	8034.058753	1.778565e-08	8.229000e-01	5.251634e-26
51	15689.653760	1.775841e-08	7.769000e-01	7.676127e-25
51	539.693256	1.801076e-08	9.264000e-01	7.151804e-28
51	3895.684958	1.782518e-08	8.620000e-01	1.939568e-26
51	-1.000000	-1.000000e+00	-1.000000e+00	-1.000000e+00
51	2699.264413	1.785008e-08	8.781000e-01	2.143699e-27
51	2854.013837	1.784606e-08	8.758000e-01	2.731140e-26
51	63.274078	1.421081e-07	9.954000e-01	1.523127e-11
51	11817.971055	1.776899e-08	7.976000e-01	2.528183e-25
51	101.121348	1.834831e-08	9.540000e-01	3.047114e-27
51	12211.591259	1.776770e-08	7.953000e-01	8.914026e-26
51	2131.358334	1.786810e-08	8.873000e-01	5.650081e-27
51	5851.686216	1.780152e-08	8.413000e-01	5.553600e-26
51	14763.321680	1.776057e-08	7.815000e-01	4.883716e-25
51	225.043973	4.387348e-10	9.793000e-01	4.272986e-25
51	13025.430679	1.776521e-08	7.907000e-01	1.624577e-25
51	8338.908365	1.778392e-08	8.206000e-01	1.097307e-25
51	225.232365	2.451206e-10	9.724000e-01	7.580536e-26
51	483.340816	1.802563e-08	9.287000e-01	2.663264e-27
51	1044.538533	1.793326e-08	9.103000e-01	1.274050e-26
51	62.182272	1.867638e-08	9.632000e-01	1.053842e-26
51	1757.047487	1.788407e-08	8.942000e-01	1.678895e-26
51	3526.377121	1.783159e-08	8.666000e-01	1.464867e-26
51	13875.632448	1.776284e-08	7.861000e-01	1.796860e-25
51	225.405290	1.857033e-10	9.678000e-01	2.231166e-25
51	5144.094988	1.780860e-08	8.482000e-01	3.378554e-26
51	61.217931	2.530560e-08	9.747000e-01	7.410379e-12
51	5609.401387	1.780380e-08	8.436000e-01	1.756756e-26
51	226.057456	7.893181e-11	9.402000e-01	7.196030e-25
51	539.693288	1.801076e-08	9.264000e-01	9.862340e-27
51	9977.636675	1.777596e-08	8.091000e-01	2.080446e-26
51	62.640589	4.679046e-08	9.862000e-01	1.339493e-11
51	731.948640	1.797269e-08	9.195000e-01	4.898389e-27
51	1424.897263	1.790277e-08	9.011000e-01	6.613948e-27
51	663.941399	1.798441e-08	9.218000e-01	2.661613e-27
51	60.307373	1.984469e-08	9.678000e-01	1.663422e-12
51	430.763025	1.804183e-08	9.310000e-01	9.476354e-27
51	4492.903202	1.781644e-08	8.551000e-01	8.364889e-27
51	880.014413	1.795163e-08	9.149000e-01	2.779953e-27
51	225.043973	4.387348e-10	9.793000e-01	1.087931e-25
51	226.374315	3.083786e-11	8.666000e-01	5.361192e-25
51	226.216687	5.742680e-11	9.218000e-01	1.836321e-24
51	61.217931	2.530560e-08	9.747000e-01	7.410380e-12
51	7446.362077	1.778927e-08	8.275000e-01	1.994919e-26
51	225.490325	1.659465e-10	9.655000e-01	5.176937e-25
51	430.763009	1.804183e-08	9.310000e-01	1.485247e-27
51	539.693246	1.801076e-08	9.264000e-01	2.454987e-26
51	4920.886552	1.781112e-08	8.505000e-01	3.409474e-27
51	60.147204	1.881397e-08	9.655000e-01	1.324816e-26
51	1757.047507	1.788407e-08	8.942000e-01	9.824391e-28
51	86.672286	1.840868e-08	9.563000e-01	3.509779e-27
51	8971.162550	1.778061e-08	8.160000e-01	5.013812e-26
51	6618.219934	1.779511e-08	8.344000e-01	2.900917e-26
51	483.340801	1.802563e-08	9.287000e-01	2.096678e-28
51	599.875053	1.799707e-08	9.241000e-01	1.991807e-27
51	6887.286397	1.779310e-08	8.321000e-01	1.433287e-25
51	2265.818177	1.786327e-08	8.850000e-01	2.734925e-26
51	1133.121987	1.792493e-08	9.080000e-01	1.491663e-26
51	62.640589	4.679045e-08	9.862000e-01	1.339493e-11
51	13875.632416	1.776284e-08	7.861000e-01	1.642804e-25
51	7736.579541	1.778743e-08	8.252000e-01	1.495522e-25
51	12211.591513	1.776770e-08	7.953000e-01	4.561641e-26
51	3708.203138	1.782832e-08	8.643000e-01	2.603144e-26
51	163.985409	1.821441e-08	9.471000e-01	5.383847e-27
51	4492.903248	1.781644e-08	8.551000e-01	3.925053e-26
51	226.416206	1.999179e-11	8.091000e-01	3.070823e-23
51	226.361513	3.354035e-11	8.758000e-01	5.445601e-24
51	-1.000000	-1.000000e+00	-1.000000e+00	-1.000000e+00
51	14314.720066	1.776169e-08	7.838000e-01	1.438163e-25
51	86.672287	1.840868e-08	9.563000e-01	3.929037e-27
51	63.330622	2.884341e-07	9.977001e-01	1.531921e-11
51	3526.377215	1.783159e-08	8.666000e-01	4.714438e-26
51	430.763058	1.804183e-08	9.310000e-01	4.623185e-27
51	11433.041370	1.777032e-08	7.999000e-01	8.493342e-26
51	118.791587	1.829699e-08	9.517000e-01	1.913097e-27
51	336.717167	1.807901e-08	9.356000e-01	5.602857e-27
51	60.903848	2.317412e-08	9.724000e-01	5.680785e-12
51	381.906172	1.805955e-08	9.333000e-01	4.532228e-28
51	3708.203188	1.782832e-08	8.643000e-01	4.547795e-27
51	7736.579539	1.778743e-08	8.252000e-01	1.369687e-25
51	225.098330	3.540602e-10	9.770000e-01	2.222873e-25
51	14314.719711	1.776169e-08	7.838000e-01	1.792318e-25
51	226.202338	5.946511e-11	9.241000e-01	1.175193e-24
51	86.672278	1.840868e-08	9.563000e-01	1.419897e-26
51	225.570085	1.502156e-10	9.632000e-01	3.079612e-25
51	61.217931	2.530560e-08	9.747000e-01	7.410380e-12
51	226.282529	4.754468e-11	9.080000e-01	1.201212e-24
51	1531.041343	1.789619e-08	8.988000e-01	2.032227e-26
51	12211.591778	1.776770e-08	7.953000e-01	2.095765e-25
51	1641.736020	1.788997e-08	8.965000e-01	2.599935e-26
51	10329.091737	1.777450e-08	8.068000e-01	1.131988e-25
51	4088.905782	1.782216e-08	8.597000e-01	1.238065e-26
51	12614.032911	1.776644e-08	7.930000e-01	9.939645e-26
51	257.134422	1.812431e-08	9.402000e-01	2.245854e-27
51	4703.852552	1.781373e-08	8.528000e-01	4.641692e-26
51	2549.698252	1.785428e-08	8.804000e-01	1.636813e-26
51	1323.238618	1.790973e-08	9.034000e-01	3.537225e-27
51	14314.719104	1.776169e-08	7.838000e-01	1.640385e-25
51	4920.886529	1.781112e-08	8.505000e-01	2.127690e-27
51	4920.886516	1.781112e-08	8.505000e-01	2.475181e-26
51	226.169741	6.399156e-11	9.287000e-01	1.621174e-24
51	13445.917251	1.776401e-08	7.884000e-01	5.162940e-26
51	10329.089716	1.777450e-08	8.068000e-01	7.420566e-26
51	63.172819	9.431198e-08	9.931000e-01	1.499978e-11
51	63.172819	9.431199e-08	9.931000e-01	1.499978e-11
51	4287.950054	1.781925e-08	8.574000e-01	9.072822e-27
51	60.597414	2.137750e-08	9.701000e-01	3.766010e-12
51	4088.905752	1.782216e-08	8.597000e-01	4.495709e-26
51	381.906154	1.805955e-08	9.333000e-01	1.688289e-27
51	118.791583	1.829699e-08	9.517000e-01	2.620127e-27
51	191.605082	1.818070e-08	9.448000e-01	5.717661e-27
51	2699.264479	1.785008e-08	8.781000e-01	1.043405e-26
51	226.408662	2.229281e-11	8.252000e-01	8.158303e-24
51	13445.917248	1.776401e-08	7.884000e-01	3.277811e-26
51	3350.125235	1.783499e-08	8.689000e-01	1.025239e-26
51	9977.636090	1.777596e-08	8.091000e-01	1.491153e-26
51	226.216687	5.742680e-11	9.218000e-01	2.173670e-25
51	8971.162662	1.778061e-08	8.160000e-01	6.534013e-26
51	1226.001307	1.791710e-08	9.057000e-01	9.697615e-27
51	13445.917320	1.776401e-08	7.884000e-01	2.974799e-25
51	7163.299234	1.779116e-08	8.298000e-01	5.602882e-26
51	13445.917264	1.776401e-08	7.884000e-01	4.631673e-27
51	60.597414	2.137750e-08	9.701000e-01	3.766009e-12
51	191.605083	1.818070e-08	9.448000e-01	3.006214e-27
51	803.953681	1.796179e-08	9.172000e-01	1.308271e-26
51	-1.000000	-1.000000e+00	-1.000000e+00	-1.000000e+00
51	60.903848	2.317412e-08	9.724000e-01	5.680785e-12
51	10329.090669	1.777450e-08	8.068000e-01	1.414361e-25
51	225.874746	1.030505e-10	9.517000e-01	1.646902e-24
51	2549.698315	1.785428e-08	8.804000e-01	5.181542e-26
51	17154.236177	1.775534e-08	7.700000e-01	5.289970e-19
51	2001.789949	1.787316e-08	8.896000e-01	7.306653e-27
51	226.361513	3.354035e-11	8.758000e-01	1.114038e-24
51	11433.040313	1.777032e-08	7.999000e-01	3.630663e-26
51	880.014377	1.795163e-08	9.149000e-01	6.105956e-27
51	60.147204	1.881397e-08	9.655000e-01	2.991409e-26
51	16655.825228	1.775634e-08	7.723000e-01	7.116656e-25
51	1641.736080	1.788997e-08	8.965000e-01	1.772609e-26
51	61.531478	2.787138e-08	9.770000e-01	8.957724e-12
51	1226.001308	1.791710e-08	9.057000e-01	2.401823e-26
51	86.672280	1.840868e-08	9.563000e-01	9.998290e-27
51	226.374315	3.083786e-11	8.666000e-01	1.105155e-24
51	15689.653524	1.775841e-08	7.769000e-01	4.671639e-25
51	7163.299166	1.779116e-08	8.298000e-01	2.997645e-26
51	226.398562	2.507170e-11	8.413000e-01	1.963391e-23
51	13445.917294	1.776401e-08	7.884000e-01	1.561126e-25
51	1641.736066	1.788997e-08	8.965000e-01	1.941127e-26
51	226.398562	2.507170e-11	8.413000e-01	3.243515e-24
51	8034.058796	1.778565e-08	8.229000e-01	8.895747e-26
51	61.531478	2.787138e-08	9.770000e-01	8.957724e-12
51	803.953661	1.796179e-08	9.172000e-01	3.139899e-27
51	3350.125225	1.783499e-08	8.689000e-01	1.283300e-26
51	9977.636584	1.777595e-08	8.091000e-01	1.130439e-26
51	12614.031083	1.776644e-08	7.930000e-01	2.249635e-25
51	118.791575	1.829699e-08	9.517000e-01	2.851058e-27
51	86.672284	1.840868e-08	9.563000e-01	1.283857e-28
51	8651.239119	1.778224e-08	8.183000e-01	3.425793e-26
51	9634.246368	1.777747e-08	8.114000e-01	3.245886e-26
51	226.305982	4.372252e-11	9.011000e-01	5.817355e-25
51	4088.905754	1.782216e-08	8.597000e-01	1.622836e-26
51	222.638259	1.815088e-08	9.425000e-01	2.323038e-27
51	226.382282	2.905212e-11	8.597000e-01	5.622603e-24
51	11056.667717	1.777167e-08	8.022000e-01	2.298010e-25
51	1757.047442	1.788407e-08	8.942000e-01	4.043638e-27
51	86.672280	1.840868e-08	9.563000e-01	6.738922e-28
51	2131.358330	1.786810e-08	8.873000e-01	7.658065e-26
51	86.672281	1.840868e-08	9.563000e-01	3.058080e-27
51	7163.299217	1.779116e-08	8.298000e-01	4.651989e-26
51	2265.818231	1.786327e-08	8.850000e-01	2.180287e-26
51	17154.235857	1.775534e-08	7.700000e-01	4.091195e-20
51	5144.094886	1.780860e-08	8.482000e-01	9.258892e-27
51	5144.094915	1.780860e-08	8.482000e-01	1.080484e-26
51	63.172819	9.431200e-08	9.931000e-01	1.499978e-11
51	3350.125217	1.783499e-08	8.689000e-01	3.799474e-26
51	60.597414	2.137750e-08	9.701000e-01	3.766009e-12
51	257.134426	1.812431e-08	9.402000e-01	2.189014e-27
51	731.948625	1.797269e-08	9.195000e-01	2.472235e-26
51	226.330679	3.943560e-11	8.919000e-01	1.732026e-24
51	191.605063	1.818070e-08	9.448000e-01	6.280268e-27
51	5851.686198	1.780152e-08	8.413000e-01	4.284237e-26
51	75.397373	1.848070e-08	9.586000e-01	1.004595e-26
51	12211.591465	1.776770e-08	7.953000e-01	1.780755e-25
51	7446.362007	1.778927e-08	8.275000e-01	6.126805e-26
51	75.397373	1.848070e-08	9.586000e-01	3.120652e-27
51	9977.638242	1.777596e-08	8.091000e-01	6.469393e-26
51	4287.949990	1.781925e-08	8.574000e-01	2.586562e-26
51	2265.818165	1.786327e-08	8.850000e-01	1.865012e-26
51	8034.058632	1.778565e-08	8.229000e-01	3.056133e-27
51	4088.905678	1.782216e-08	8.597000e-01	3.294466e-26
51	163.985391	1.821441e-08	9.471000e-01	3.582383e-27
51	539.693301	1.801076e-08	9.264000e-01	6.657517e-27
51	1757.047472	1.788407e-08	8.942000e-01	6.604097e-27
51	60.307373	1.984469e-08	9.678000e-01	1.663423e-12
51	222.638259	1.815088e-08	9.425000e-01	2.036700e-27
51	483.340809	1.802563e-08	9.287000e-01	3.536714e-27
51	-1.000000	-1.000000e+00	-1.000000e+00	-1.000000e+00
51	8338.908501	1.778392e-08	8.206000e-01	9.720995e-26
51	2405.240743	1.785867e-08	8.827000e-01	2.142379e-26
51	3708.203157	1.782832e-08	8.643000e-01	2.777010e-27
51	12211.591277	1.776770e-08	7.953000e-01	2.897308e-26
51	226.312780	4.257271e-11	8.988000e-01	5.478035e-24
51	6100.519289	1.779932e-08	8.390000e-01	5.047478e-28
51	75.397372	1.848070e-08	9.586000e-01	3.247946e-27
51	8034.058786	1.778565e-08	8.229000e-01	4.581124e-26
51	3526.377088	1.783159e-08	8.666000e-01	1.934313e-26
51	3526.377231	1.783159e-08	8.666000e-01	1.524482e-27
51	1641.736000	1.788997e-08	8.965000e-01	1.567654e-26
51	62.397165	4.002231e-08	9.839000e-01	1.254062e-11
51	226.273528	4.896069e-11	9.103000e-01	4.949268e-25
51	60.903848	2.317413e-08	9.724000e-01	5.680786e-12
51	226.305982	4.372252e-11	9.011000e-01	3.555166e-24
51	63.274078	1.421081e-07	9.954000e-01	1.523128e-11
51	8338.908605	1.778392e-08	8.206000e-01	1.447275e-25
51	226.298704	4.493120e-11	9.034000e-01	4.081130e-25
51	4492.903188	1.781644e-08	8.551000e-01	8.018116e-26
51	222.638256	1.815088e-08	9.425000e-01	3.092642e-27
51	226.253392	5.204448e-11	9.149000e-01	1.445682e-26
51	226.340848	3.757006e-11	8.873000e-01	1.779638e-24
51	10329.091088	1.777450e-08	8.068000e-01	6.459639e-26
51	3350.125347	1.783499e-08	8.689000e-01	3.363671e-26
51	-1.000000	-1.000000e+00	-1.000000e+00	-1.000000e+00
51	63.274078	1.421080e-07	9.954000e-01	1.523127e-11
51	226.353962	3.505468e-11	8.804000e-01	4.994182e-24
51	2131.358326	1.786810e-08	8.873000e-01	1.289184e-26
51	4920.886528	1.781112e-08	8.505000e-01	8.775943e-27
51	10329.091642	1.777450e-08	8.068000e-01	3.421408e-26
51	222.638249	1.815088e-08	9.425000e-01	2.895562e-27
51	86.672281	1.840868e-08	9.563000e-01	1.292620e-27
51	60.597414	2.137750e-08	9.701000e-01	3.766009e-12
51	4920.886527	1.781112e-08	8.505000e-01	1.117098e-26
51	60.903848	2.317413e-08	9.724000e-01	5.680786e-12
51	2405.240696	1.785867e-08	8.827000e-01	2.794887e-26
51	226.425272	1.684789e-11	7.815000e-01	2.100306e-23
51	5144.094891	1.780860e-08	8.482000e-01	3.483999e-27
51	880.014372	1.795163e-08	9.149000e-01	8.527688e-27
51	225.317597	2.112173e-10	9.701000e-01	2.075844e-25
51	3179.366738	1.783853e-08	8.712000e-01	4.288662e-27
51	62.397165	4.002232e-08	9.839000e-01	1.254062e-11
51	6887.286451	1.779310e-08	8.321000e-01	1.528001e-26
51	13445.917265	1.776401e-08	7.884000e-01	2.251489e-25
51	8034.058699	1.778565e-08	8.229000e-01	3.833305e-26
51	67.249728	1.856810e-08	9.609000e-01	5.792431e-27
51	60.307373	1.984469e-08	9.678000e-01	1.663422e-12
51	1226.001279	1.791710e-08	9.057000e-01	3.980662e-27
51	13875.631922	1.776284e-08	7.861000e-01	2.658069e-25
51	295.143789	1.810049e-08	9.379000e-01	8.969889e-28
51	7163.299277	1.779116e-08	8.298000e-01	7.534692e-27
51	4920.886598	1.781112e-08	8.505000e-01	4.050847e-26
51	63.274078	1.421080e-07	9.954000e-01	1.523127e-11
51	5851.686154	1.780152e-08	8.413000e-01	6.861557e-27
51	4920.886615	1.781112e-08	8.505000e-01	7.919784e-26
51	8034.058691	1.778565e-08	8.229000e-01	9.433682e-27
51	2699.264402	1.785008e-08	8.781000e-01	2.647252e-26
51	15689.653965	1.775841e-08	7.769000e-01	8.707592e-25
51	63.330622	2.884341e-07	9.977001e-01	1.531921e-11
51	731.948617	1.797269e-08	9.195000e-01	2.933113e-27
51	257.134421	1.812431e-08	9.402000e-01	3.707771e-27
51	226.427539	1.597147e-11	7.723000e-01	8.722423e-23
51	6887.286317	1.779310e-08	8.321000e-01	2.127922e-26
51	4088.905784	1.782216e-08	8.597000e-01	8.661774e-28
51	139.730330	1.825282e-08	9.494000e-01	7.130476e-28
51	7163.299204	1.779116e-08	8.298000e-01	4.508552e-26
51	61.531478	2.787138e-08	9.770000e-01	8.957724e-12
51	483.340800	1.802563e-08	9.287000e-01	6.395803e-28
51	1641.736011	1.788997e-08	8.965000e-01	3.272185e-27
51	14314.719415	1.776169e-08	7.838000e-01	9.933794e-26
51	663.941379	1.798441e-08	9.218000e-01	2.835773e-27
51	222.638240	1.815088e-08	9.425000e-01	9.778858e-27
51	62.182273	1.867638e-08	9.632000e-01	5.351382e-27
51	9298.793284	1.777902e-08	8.137000e-01	1.232886e-25
51	60.903848	2.317412e-08	9.724000e-01	5.680785e-12
51	539.693285	1.801076e-08	9.264000e-01	3.546712e-27
51	61.217931	2.530560e-08	9.747000e-01	7.410379e-12
51	3526.377095	1.783159e-08	8.666000e-01	1.102928e-26
51	4287.949935	1.781925e-08	8.574000e-01	1.088380e-26
51	4703.852585	1.781373e-08	8.528000e-01	1.871386e-26
51	1323.238600	1.790972e-08	9.034000e-01	1.212038e-27
51	225.710367	1.266873e-10	9.586000e-01	7.989339e-26
51	3350.125341	1.783499e-08	8.689000e-01	1.770338e-26
51	61.836951	3.101511e-08	9.793000e-01	1.032609e-11
51	1323.238596	1.790972e-08	9.034000e-01	3.451138e-27
51	225.710367	1.266873e-10	9.586000e-01	2.740841e-25
51	4920.886579	1.781112e-08	8.505000e-01	9.333145e-27
51	10329.091076	1.777450e-08	8.068000e-01	1.942179e-25
51	6100.519164	1.779932e-08	8.390000e-01	3.750100e-27
51	381.906171	1.805955e-08	9.333000e-01	7.394756e-28
51	6100.519177	1.779932e-08	8.390000e-01	8.781844e-27
51	4703.852541	1.781373e-08	8.528000e-01	3.022574e-27
51	14763.321544	1.776057e-08	7.815000e-01	6.010153e-25
51	1424.897231	1.790277e-08	9.011000e-01	1.703446e-27
51	8971.162601	1.778061e-08	8.160000e-01	1.931455e-26
51	10688.726952	1.777307e-08	8.045000e-01	2.163200e-26
51	6887.286454	1.779310e-08	8.321000e-01	3.385143e-26
51	63.330622	2.884339e-07	9.977001e-01	1.531921e-11
51	62.182274	1.867638e-08	9.632000e-01	2.308834e-27
51	539.693281	1.801076e-08	9.264000e-01	1.411695e-27
51	62.853337	5.627624e-08	9.885000e-01	1.408644e-11
51	60.307373	1.984469e-08	9.678000e-01	1.663423e-12
51	225.490325	1.659465e-10	9.655000e-01	5.972974e-25
51	663.941397	1.798441e-08	9.218000e-01	3.052712e-27
51	1641.736027	1.788997e-08	8.965000e-01	1.314419e-26
51	6100.519187	1.779932e-08	8.390000e-01	3.258889e-26
51	1641.736007	1.788997e-08	8.965000e-01	3.802787e-27
51	62.127532	3.495241e-08	9.816000e-01	1.151908e-11
51	8651.239159	1.778224e-08	8.183000e-01	2.423911e-26
51	12211.593048	1.776770e-08	7.953000e-01	3.968020e-26
51	60.903848	2.317412e-08	9.724000e-01	5.680785e-12
51	226.416206	1.999179e-11	8.091000e-01	1.311868e-23
51	2001.789977	1.787316e-08	8.896000e-01	4.311483e-27
51	11817.970719	1.776899e-08	7.976000e-01	2.034483e-25
51	60.903848	2.317412e-08	9.724000e-01	5.680785e-12
51	9634.246608	1.777747e-08	8.114000e-01	1.022984e-25
51	225.043973	4.387348e-10	9.793000e-01	5.424976e-25
51	4920.886533	1.781112e-08	8.505000e-01	1.765711e-26
51	6887.286382	1.779310e-08	8.321000e-01	4.619987e-26
51	191.605078	1.818070e-08	9.448000e-01	1.070388e-26
51	12211.590842	1.776770e-08	7.953000e-01	6.976157e-27
51	3179.366663	1.783853e-08	8.712000e-01	7.779397e-26
51	2405.240707	1.785867e-08	8.827000e-01	2.320421e-26
51	2549.698319	1.785428e-08	8.804000e-01	3.019779e-26
51	5609.401287	1.780380e-08	8.436000e-01	1.964689e-27
51	880.014348	1.795163e-08	9.149000e-01	5.332988e-27
51	8338.908408	1.778392e-08	8.206000e-01	2.101121e-25
51	225.770894	1.176253e-10	9.563000e-01	2.678634e-25
51	15689.653082	1.775841e-08	7.769000e-01	1.243879e-25
51	75.397376	1.848070e-08	9.586000e-01	8.197480e-27
51	2131.358330	1.786810e-08	8.873000e-01	2.107569e-26
51	1531.041344	1.789619e-08	8.988000e-01	4.955979e-27
51	6887.286371	1.779310e-08	8.321000e-01	1.675329e-26
51	14763.320941	1.776057e-08	7.815000e-01	1.194999e-27
51	15221.583041	1.775948e-08	7.792000e-01	3.208334e-26
51	67.249727	1.856810e-08	9.609000e-01	2.603482e-27
51	118.791586	1.829699e-08	9.517000e-01	5.445716e-27
51	2265.818186	1.786327e-08	8.850000e-01	5.299072e-27
51	226.312780	4.257271e-11	8.988000e-01	1.299322e-24
51	4088.905814	1.782216e-08	8.597000e-01	1.478851e-26
51	6355.997573	1.779718e-08	8.367000e-01	6.629869e-26
51	3350.125224	1.783499e-08	8.689000e-01	1.546028e-27
51	3544.576846	2.593087e-08	9.323829e-01	8.915076e-11
51	3350.125222	1.783499e-08	8.689000e-01	1.178412e-26
51	15689.653697	1.775841e-08	7.769000e-01	8.053904e-26
51	2001.789901	1.787316e-08	8.896000e-01	7.583434e-27
51	13875.632165	1.776284e-08	7.861000e-01	7.046479e-25
51	8971.162715	1.778061e-08	8.160000e-01	1.312466e-25
51	222.638245	1.815088e-08	9.425000e-01	1.168286e-26
51	63.274078	1.421081e-07	9.954000e-01	1.523127e-11
51	336.717181	1.807901e-08	9.356000e-01	5.210342e-29
51	29469.264871	3.239541e-08	9.931000e-01	1.000000e-08
51	60.597414	2.137750e-08	9.701000e-01	3.766009e-12
51	62.397165	4.002232e-08	9.839000e-01	1.254062e-11
51	61.531478	2.787138e-08	9.770000e-01	8.957723e-12
51	4703.852566	1.781373e-08	8.528000e-01	2.325634e-26
51	1641.736038	1.788997e-08	8.965000e-01	3.998435e-27
51	4088.905790	1.782216e-08	8.597000e-01	4.702351e-26
51	663.941379	1.798441e-08	9.218000e-01	2.602158e-27
51	226.282529	4.754468e-11	9.080000e-01	1.285488e-24
51	7163.299267	1.779116e-08	8.298000e-01	4.099751e-26
51	11817.972026	1.776899e-08	7.976000e-01	7.250416e-26
51	62.127532	3.495241e-08	9.816000e-01	1.151908e-11
51	663.941401	1.798441e-08	9.218000e-01	1.002932e-26
51	62.397165	4.002231e-08	9.839000e-01	1.254062e-11
51	191.605084	1.818070e-08	9.448000e-01	1.389903e-27
51	62.640589	4.679046e-08	9.862000e-01	1.339493e-11
51	295.143802	1.810049e-08	9.379000e-01	1.888118e-27
51	11817.972384	1.776899e-08	7.976000e-01	1.150791e-25
51	15221.583194	1.775948e-08	7.792000e-01	1.264856e-25
51	226.108687	7.219833e-11	9.356000e-01	2.253203e-25
51	1877.042723	1.787848e-08	8.919000e-01	6.465356e-27
51	8338.908443	1.778392e-08	8.206000e-01	1.253955e-25
51	8651.238945	1.778224e-08	8.183000e-01	8.083240e-26
51	5851.686276	1.780153e-08	8.413000e-01	2.592035e-27
51	226.335921	3.848228e-11	8.896000e-01	1.310355e-24
51	14314.719016	1.776169e-08	7.838000e-01	5.075109e-25
51	226.400201	2.463984e-11	8.390000e-01	1.369104e-23
51	6355.997586	1.779718e-08	8.367000e-01	2.660869e-27
51	10688.726591	1.777307e-08	8.045000e-01	1.761100e-25
51	226.298704	4.493120e-11	9.034000e-01	2.634341e-24
51	7163.299259	1.779116e-08	8.298000e-01	2.701886e-26
51	60.147204	1.881397e-08	9.655000e-01	1.358904e-26
51	7163.299237	1.779116e-08	8.298000e-01	2.942308e-26
51	226.368262	3.213884e-11	8.712000e-01	5.733152e-24
51	5373.569056	1.780616e-08	8.459000e-01	9.948156e-26
51	60.307373	1.984469e-08	9.678000e-01	1.663423e-12
51	4920.886561	1.781112e-08	8.505000e-01	7.141631e-26
51	4492.903253	1.781644e-08	8.551000e-01	3.098843e-26
51	803.953663	1.796179e-08	9.172000e-01	1.577497e-26
51	2405.240623	1.785867e-08	8.827000e-01	2.876847e-26
51	4088.905686	1.782216e-08	8.597000e-01	1.372134e-26
51	226.377109	3.022169e-11	8.643000e-01	3.486368e-25
51	3526.377174	1.783159e-08	8.666000e-01	1.050477e-26
51	11056.669189	1.777167e-08	8.022000e-01	3.559666e-26
51	62.640589	4.679046e-08	9.862000e-01	1.339493e-11
51	2549.698325	1.785428e-08	8.804000e-01	3.325248e-26
51	13445.917279	1.776401e-08	7.884000e-01	1.151232e-25
51	10688.726178	1.777307e-08	8.045000e-01	4.930836e-26
51	61.217931	2.530560e-08	9.747000e-01	7.410379e-12
51	1133.121981	1.792493e-08	9.080000e-01	1.433419e-26
51	17154.235335	1.775534e-08	7.700000e-01	6.767602e-19
51	7736.579586	1.778743e-08	8.252000e-01	8.789730e-27
51	226.349847	3.585858e-11	8.827000e-01	3.888011e-25
51	61.836951	3.101511e-08	9.793000e-01	1.032609e-11
51	224.718018	7.047028e-10	9.839000e-01	5.415484e-26
51	336.717174	1.807901e-08	9.356000e-01	3.772330e-27
51	1424.897210	1.790277e-08	9.011000e-01	2.792584e-27
51	1757.047499	1.788407e-08	8.942000e-01	4.090351e-27
51	3179.366809	1.783853e-08	8.712000e-01	2.380833e-27
51	63.031732	7.052241e-08	9.908000e-01	1.461980e-11
51	3179.366691	1.783853e-08	8.712000e-01	1.203290e-26
51	1044.538577	1.793326e-08	9.103000e-01	1.218338e-26
51	3895.684899	1.782518e-08	8.620000e-01	9.059419e-28
51	226.391683	2.828344e-11	8.689000e-01	3.161735e-12
51	4703.852658	1.781373e-08	8.528000e-01	3.359605e-26
51	9298.793205	1.777902e-08	8.137000e-01	5.131656e-26
51	539.693282	1.801076e-08	9.264000e-01	1.172757e-26
51	226.395050	2.597513e-11	8.459000e-01	1.150467e-23
51	2549.698336	1.785428e-08	8.804000e-01	1.867903e-26
51	226.364980	3.282631e-11	8.735000e-01	1.937998e-24
51	60.307373	1.984469e-08	9.678000e-01	1.663422e-12
51	62.853337	5.627624e-08	9.885000e-01	1.408644e-11
51	7446.362069	1.778927e-08	8.275000e-01	6.636422e-27
51	63.274078	1.421080e-07	9.954000e-01	1.523127e-11
51	63.274078	1.421081e-07	9.954000e-01	1.523127e-11
51	5373.568987	1.780616e-08	8.459000e-01	5.155886e-29
51	62.853337	5.627623e-08	9.885000e-01	1.408644e-11
51	61.531478	2.787138e-08	9.770000e-01	8.957723e-12
51	226.427000	1.618378e-11	7.746000e-01	7.314504e-23
51	8651.238947	1.778224e-08	8.183000e-01	3.124760e-26
51	7446.362002	1.778927e-08	8.275000e-01	2.745221e-26
51	5609.401378	1.780380e-08	8.436000e-01	2.493204e-26
51	803.953654	1.796179e-08	9.172000e-01	1.767572e-27
51	539.693297	1.801076e-08	9.264000e-01	3.146223e-27
51	75.397377	1.848070e-08	9.586000e-01	1.328617e-27
51	483.340785	1.802563e-08	9.287000e-01	7.437164e-28
51	539.693272	1.801076e-08	9.264000e-01	6.386126e-28
51	663.941367	1.798441e-08	9.218000e-01	7.258532e-27
51	139.730341	1.825282e-08	9.494000e-01	3.691392e-27
51	225.098330	3.540602e-10	9.770000e-01	5.075489e-25
51	2549.698260	1.785428e-08	8.804000e-01	5.536497e-26
51	4287.949979	1.781925e-08	8.574000e-01	1.013431e-26
51	163.985393	1.821441e-08	9.471000e-01	8.806502e-28
51	257.134428	1.812431e-08	9.402000e-01	1.390829e-26
51	9298.793096	1.777902e-08	8.137000e-01	1.405407e-25
51	336.717164	1.807901e-08	9.356000e-01	4.472514e-27
51	224.718018	7.047028e-10	9.839000e-01	2.209551e-25
51	1641.736065	1.788997e-08	8.965000e-01	6.929070e-27
51	86.672281	1.840868e-08	9.563000e-01	3.016319e-27
51	15689.654028	1.775841e-08	7.769000e-01	1.103261e-25
51	63.330622	2.884339e-07	9.977001e-01	1.531921e-11
51	13025.430700	1.776521e-08	7.907000e-01	2.272279e-25
51	1424.897210	1.790277e-08	9.011000e-01	1.264145e-26
51	14314.719444	1.776169e-08	7.838000e-01	9.957103e-26
51	7163.299333	1.779116e-08	8.298000e-01	9.977032e-26
51	60.147204	1.881397e-08	9.655000e-01	5.086324e-27
51	2001.790002	1.787316e-08	8.896000e-01	2.218394e-27
51	13445.917219	1.776401e-08	7.884000e-01	6.054963e-25
51	226.108687	7.219833e-11	9.356000e-01	3.980080e-25
51	226.418859	1.912227e-11	8.022000e-01	5.203382e-23
51	86.672282	1.840868e-08	9.563000e-01	8.769084e-27
51	9298.793048	1.777902e-08	8.137000e-01	8.791058e-26
51	14763.321665	1.776057e-08	7.815000e-01	2.729474e-25
51	2854.013937	1.784606e-08	8.758000e-01	1.985493e-26
51	6100.519189	1.779932e-08	8.390000e-01	1.378025e-26
51	6100.519170	1.779932e-08	8.390000e-01	3.332480e-26
51	225.710367	1.266873e-10	9.586000e-01	1.468513e-25
51	3179.366792	1.783853e-08	8.712000e-01	2.541452e-26
51	118.791582	1.829699e-08	9.517000e-01	2.392700e-27
51	5373.569011	1.780616e-08	8.459000e-01	8.675463e-27
51	62.127532	3.495241e-08	9.816000e-01	1.151908e-11
51	11056.667209	1.777167e-08	8.022000e-01	6.185512e-26
51	10329.090102	1.777450e-08	8.068000e-01	4.886183e-26
51	3526.377178	1.783159e-08	8.666000e-01	6.631617e-26
51	62.640589	4.679045e-08	9.862000e-01	1.339493e-11
51	5373.569050	1.780616e-08	8.459000e-01	2.386397e-26
51	15689.653948	1.775841e-08	7.769000e-01	2.270793e-25
51	336.717204	1.807901e-08	9.356000e-01	1.786368e-27
51	191.605064	1.818070e-08	9.448000e-01	3.705390e-27
51	539.693260	1.801076e-08	9.264000e-01	1.029271e-26
51	60.307373	1.984469e-08	9.678000e-01	1.663423e-12
51	11817.971152	1.776899e-08	7.976000e-01	1.972374e-25
51	8338.908563	1.778392e-08	8.206000e-01	3.528947e-27
51	3179.366825	1.783853e-08	8.712000e-01	3.313577e-27
51	15689.653965	1.775841e-08	7.769000e-01	3.892155e-25
51	62.127532	3.495241e-08	9.816000e-01	1.151908e-11
51	163.985394	1.821441e-08	9.471000e-01	2.400533e-27
51	1133.122059	1.792493e-08	9.080000e-01	7.265255e-27
51	12614.031164	1.776644e-08	7.930000e-01	1.804762e-25
51	1531.041396	1.789619e-08	8.988000e-01	6.359599e-27
51	7446.362029	1.778927e-08	8.275000e-01	3.482446e-26
51	60.307373	1.984469e-08	9.678000e-01	1.663423e-12
51	62.182274	1.867638e-08	9.632000e-01	7.627443e-27
51	599.875001	1.799707e-08	9.241000e-01	1.233051e-26
51	539.693260	1.801076e-08	9.264000e-01	3.191479e-27
51	63.172819	9.431198e-08	9.931000e-01	1.499978e-11
51	430.763032	1.804183e-08	9.310000e-01	4.603272e-27
51	86.672279	1.840868e-08	9.563000e-01	4.882890e-27
51	9298.793070	1.777902e-08	8.137000e-01	8.206047e-26
51	257.134444	1.812431e-08	9.402000e-01	5.250299e-27
51	226.416206	1.999179e-11	8.091000e-01	1.608078e-23
51	226.368262	3.213884e-11	8.712000e-01	1.159348e-24
51	12614.031399	1.776644e-08	7.930000e-01	1.508066e-25
51	5851.686201	1.780152e-08	8.413000e-01	2.010193e-26
51	295.143784	1.810049e-08	9.379000e-01	1.430694e-27
51	13875.632508	1.776284e-08	7.861000e-01	1.908693e-25
51	4920.886544	1.781112e-08	8.505000e-01	1.351232e-26
51	17154.235149	1.775534e-08	7.700000e-01	1.758376e-19
51	14763.321378	1.776057e-08	7.815000e-01	6.670164e-25
51	101.121343	1.834831e-08	9.540000e-01	2.181467e-27
51	20780.234728	2.130584e-08	8.620000e-01	1.000000e-08
51	3526.377131	1.783159e-08	8.666000e-01	5.989146e-26
51	15221.582931	1.775948e-08	7.792000e-01	4.449937e-25
51	2549.698252	1.785428e-08	8.804000e-01	3.325342e-26
51	1757.047509	1.788407e-08	8.942000e-01	1.008426e-26
51	11056.668828	1.777167e-08	8.022000e-01	9.028615e-26
51	3179.366740	1.783853e-08	8.712000e-01	2.038716e-26
51	225.710367	1.266873e-10	9.586000e-01	1.760123e-25
51	16655.825014	1.775634e-08	7.723000e-01	2.766605e-25
51	381.906186	1.805955e-08	9.333000e-01	4.400637e-27
51	1641.736066	1.788997e-08	8.965000e-01	1.947327e-27
51	2131.358308	1.786810e-08	8.873000e-01	6.199999e-27
51	4287.950022	1.781925e-08	8.574000e-01	2.921005e-26
51	226.169741	6.399156e-11	9.287000e-01	8.323876e-25
51	75.397373	1.848070e-08	9.586000e-01	2.842718e-27
51	60.147204	1.881397e-08	9.655000e-01	8.249807e-27
51	430.763038	1.804183e-08	9.310000e-01	2.805151e-27
51	430.763033	1.804183e-08	9.310000e-01	1.381101e-26
51	1133.122034	1.792493e-08	9.080000e-01	1.120566e-26
51	61.836951	3.101511e-08	9.793000e-01	1.032609e-11
51	-1.000000	-1.000000e+00	-1.000000e+00	-1.000000e+00
51	61.836951	3.101511e-08	9.793000e-01	1.032609e-11
51	60.147204	1.881397e-08	9.655000e-01	9.796067e-27
51	8338.908427	1.778392e-08	8.206000e-01	1.156627e-25
51	5609.401425	1.780380e-08	8.436000e-01	3.669951e-26
51	8034.058824	1.778565e-08	8.229000e-01	6.832388e-26
51	226.273528	4.896069e-11	9.103000e-01	2.134336e-25
51	1424.897250	1.790277e-08	9.011000e-01	2.190691e-27
51	15221.583551	1.775948e-08	7.792000e-01	2.224009e-25
51	1877.042755	1.787848e-08	8.919000e-01	2.929404e-26
51	803.953686	1.796179e-08	9.172000e-01	7.799709e-28
51	2854.013904	1.784606e-08	8.758000e-01	2.657967e-26
51	224.718018	7.047028e-10	9.839000e-01	2.685091e-25
51	15689.653981	1.775841e-08	7.769000e-01	4.388618e-25
51	7446.362024	1.778927e-08	8.275000e-01	7.126001e-27
51	7736.579532	1.778743e-08	8.252000e-01	1.129841e-25
51	14314.719695	1.776169e-08	7.838000e-01	4.471640e-26
51	60.147204	1.881397e-08	9.655000e-01	6.559589e-26
51	6100.519253	1.779932e-08	8.390000e-01	1.541341e-26
51	225.995229	8.705628e-11	9.448000e-01	2.044353e-25
51	2854.013986	1.784606e-08	8.758000e-01	1.410071e-26
51	9977.637831	1.777596e-08	8.091000e-01	4.600898e-25
51	226.389129	2.743927e-11	8.528000e-01	1.308302e-23
51	62.640589	4.679045e-08	9.862000e-01	1.339493e-11
51	63.274078	1.421081e-07	9.954000e-01	1.523127e-11
51	226.253392	5.204448e-11	9.149000e-01	8.094827e-25
51	4920.886550	1.781112e-08	8.505000e-01	2.674752e-26
51	5144.094940	1.780860e-08	8.482000e-01	1.818101e-27
51	86.672287	1.840868e-08	9.563000e-01	1.346114e-27
51	226.319140	4.147747e-11	8.965000e-01	2.224626e-24
51	295.143776	1.810049e-08	9.379000e-01	1.591749e-27
51	11433.040722	1.777032e-08	7.999000e-01	7.791943e-26
51	8338.908531	1.778392e-08	8.206000e-01	3.730476e-26
51	1323.238650	1.790972e-08	9.034000e-01	1.438249e-26
51	62.182274	1.867638e-08	9.632000e-01	8.376306e-27
51	14763.321319	1.776057e-08	7.815000e-01	9.147451e-26
51	226.403269	2.381301e-11	8.344000e-01	6.947193e-24
51	63.172819	9.431198e-08	9.931000e-01	1.499978e-11
51	13025.430756	1.776521e-08	7.907000e-01	3.356584e-25
51	118.791581	1.829699e-08	9.517000e-01	2.710819e-27
51	10688.727250	1.777307e-08	8.045000e-01	6.222669e-26
51	14314.720184	1.776169e-08	7.838000e-01	1.300022e-25
51	2265.818107	1.786327e-08	8.850000e-01	1.524541e-26
51	60.307373	1.984469e-08	9.678000e-01	1.663422e-12
51	663.941426	1.798441e-08	9.218000e-01	5.355804e-27
51	225.098330	3.540602e-10	9.770000e-01	4.057100e-25
51	8971.162677	1.778061e-08	8.160000e-01	1.500545e-25
51	10329.090897	1.777450e-08	8.068000e-01	3.347168e-26
51	225.317597	2.112173e-10	9.701000e-01	2.535733e-25
51	10688.727377	1.777307e-08	8.045000e-01	7.570629e-26
51	430.763017	1.804183e-08	9.310000e-01	5.720966e-27
51	62.853337	5.627623e-08	9.885000e-01	1.408644e-11
51	60.597414	2.137750e-08	9.701000e-01	3.766010e-12
51	6618.219880	1.779511e-08	8.344000e-01	1.346282e-25
51	60.903848	2.317412e-08	9.724000e-01	5.680785e-12
51	2699.264479	1.785008e-08	8.781000e-01	1.723336e-26
51	13875.631578	1.776284e-08	7.861000e-01	5.840589e-27
51	3526.377141	1.783159e-08	8.666000e-01	8.098331e-26
51	880.014394	1.795163e-08	9.149000e-01	8.026590e-27
51	226.408662	2.229281e-11	8.252000e-01	1.660989e-23
51	483.340790	1.802563e-08	9.287000e-01	2.585820e-27
51	225.043973	4.387348e-10	9.793000e-01	1.033230e-25
51	61.836951	3.101511e-08	9.793000e-01	1.032609e-11
51	226.400201	2.463984e-11	8.390000e-01	3.631877e-24
51	2699.264475	1.785008e-08	8.781000e-01	2.231213e-26
51	101.121347	1.834831e-08	9.540000e-01	7.726958e-28
51	16655.824618	1.775635e-08	7.723000e-01	5.317835e-24
51	14314.718868	1.776169e-08	7.838000e-01	2.047902e-26
51	226.242110	5.372813e-11	9.172000e-01	3.355663e-25
51	16655.824667	1.775634e-08	7.723000e-01	5.837670e-24
51	12211.592866	1.776770e-08	7.953000e-01	4.496289e-26
51	20892.169102	2.141666e-08	8.643000e-01	1.000000e-08
51	222.638242	1.815088e-08	9.425000e-01	7.030984e-28
51	61.531478	2.787138e-08	9.770000e-01	8.957724e-12
51	11433.039448	1.777032e-08	7.999000e-01	3.456208e-26
51	17154.235419	1.775534e-08	7.700000e-01	3.843696e-20
51	63.172819	9.431199e-08	9.931000e-01	1.499978e-11
51	1133.122020	1.792493e-08	9.080000e-01	7.242777e-27
51	9977.637507	1.777596e-08	8.091000e-01	1.287217e-25
51	226.409875	2.193796e-11	8.229000e-01	1.528020e-23
51	86.672287	1.840868e-08	9.563000e-01	2.091673e-27
51	225.405290	1.857033e-10	9.678000e-01	1.269075e-24
51	67.249726	1.856810e-08	9.609000e-01	5.309467e-27
51	225.157373	2.911767e-10	9.747000e-01	3.132908e-25
51	226.364980	3.282631e-11	8.735000e-01	6.181459e-25
51	430.763059	1.804183e-08	9.310000e-01	3.951695e-27
51	226.290903	4.620348e-11	9.057000e-01	4.893171e-25
51	381.906144	1.805955e-08	9.333000e-01	6.566224e-27
51	226.349847	3.585858e-11	8.827000e-01	1.592360e-24
51	3179.366758	1.783853e-08	8.712000e-01	1.190907e-26
51	9298.793086	1.777902e-08	8.137000e-01	7.777090e-27
51	63.172819	9.431199e-08	9.931000e-01	1.499978e-11
51	11817.971215	1.776899e-08	7.976000e-01	1.390446e-25
51	430.763043	1.804183e-08	9.310000e-01	4.121756e-28
51	4703.852543	1.781373e-08	8.528000e-01	1.132588e-26
51	226.216687	5.742680e-11	9.218000e-01	1.917848e-26
51	16167.682469	1.775737e-08	7.746000e-01	3.224034e-25
51	16167.683648	1.775737e-08	7.746000e-01	4.434594e-26
51	3526.377134	1.783159e-08	8.666000e-01	5.516774e-27
51	5144.094996	1.780860e-08	8.482000e-01	2.690014e-26
51	15221.583429	1.775948e-08	7.792000e-01	3.023202e-25
51	11817.972472	1.776899e-08	7.976000e-01	6.004072e-26
51	226.325095	4.043294e-11	8.942000e-01	1.083496e-25
51	15221.583040	1.775948e-08	7.792000e-01	2.511905e-25
51	6100.519282	1.779932e-08	8.390000e-01	2.529920e-26
51	5851.686161	1.780152e-08	8.413000e-01	2.328685e-26
51	62.182272	1.867638e-08	9.632000e-01	2.231272e-26
51	6887.286386	1.779310e-08	8.321000e-01	9.424694e-26
51	63.172819	9.431198e-08	9.931000e-01	1.499978e-11
51	11056.668654	1.777167e-08	8.022000e-01	1.633781e-25
51	11056.667489	1.777167e-08	8.022000e-01	2.967421e-26
51	1044.538583	1.793326e-08	9.103000e-01	1.233819e-26
51	3350.125347	1.783499e-08	8.689000e-01	6.609312e-27
51	10329.091960	1.777450e-08	8.068000e-01	9.083524e-26
51	63.031732	7.052242e-08	9.908000e-01	1.461980e-11
51	67.249729	1.856810e-08	9.609000e-01	8.112506e-27
51	11056.668230	1.777167e-08	8.022000e-01	7.180343e-26
51	7163.299293	1.779116e-08	8.298000e-01	1.716566e-26
51	226.364980	3.282631e-11	8.735000e-01	1.505141e-24
51	599.875005	1.799707e-08	9.241000e-01	1.905261e-27
51	86.672281	1.840868e-08	9.563000e-01	5.433181e-27
51	731.948594	1.797269e-08	9.195000e-01	5.372439e-27
51	7163.299179	1.779116e-08	8.298000e-01	2.992582e-26
51	5373.568938	1.780616e-08	8.459000e-01	3.122188e-26
51	86.672279	1.840868e-08	9.563000e-01	1.453799e-27
51	8651.239158	1.778224e-08	8.183000e-01	8.009663e-28
51	15689.653902	1.775841e-08	7.769000e-01	2.383971e-26
51	139.730334	1.825282e-08	9.494000e-01	9.906012e-27
51	225.643504	1.373797e-10	9.609000e-01	3.585486e-25
51	62.853337	5.627623e-08	9.885000e-01	1.408644e-11
51	3350.125335	1.783499e-08	8.689000e-01	1.623146e-26
51	226.253392	5.204448e-11	9.149000e-01	2.335894e-24
51	6355.997509	1.779718e-08	8.367000e-01	2.113117e-26
51	6887.286535	1.779310e-08	8.321000e-01	2.576829e-26
51	11817.970723	1.776899e-08	7.976000e-01	1.009893e-25
51	663.941380	1.798441e-08	9.218000e-01	1.520330e-26
51	880.014385	1.795163e-08	9.149000e-01	3.994990e-27
51	226.419678	1.884597e-11	7.999000e-01	2.206260e-23
51	1323.238663	1.790973e-08	9.034000e-01	5.486285e-27
51	663.941418	1.798441e-08	9.218000e-01	8.725622e-27
51	29887.062657	3.325086e-08	9.977000e-01	1.000000e-08
51	1133.122056	1.792493e-08	9.080000e-01	1.146743e-26
51	6100.519163	1.779932e-08	8.390000e-01	1.362542e-26
51	295.143786	1.810049e-08	9.379000e-01	5.449330e-27
51	61.836951	3.101511e-08	9.793000e-01	1.032609e-11
51	10329.090365	1.777450e-08	8.068000e-01	9.657624e-26
51	9977.638236	1.777596e-08	8.091000e-01	1.180130e-25
51	5373.568976	1.780616e-08	8.459000e-01	6.227049e-26
51	2699.264466	1.785008e-08	8.781000e-01	1.110706e-27
51	16655.824519	1.775634e-08	7.723000e-01	4.978945e-24
51	5851.686251	1.780152e-08	8.413000e-01	2.098353e-26
51	1044.538516	1.793326e-08	9.103000e-01	2.921242e-27
51	226.412156	2.125576e-11	8.183000e-01	1.225113e-23
51	225.490325	1.659465e-10	9.655000e-01	3.407576e-25
51	5144.094910	1.780860e-08	8.482000e-01	1.857719e-26
51	257.134440	1.812431e-08	9.402000e-01	1.372193e-27
51	1323.238584	1.790972e-08	9.034000e-01	3.338780e-26
51	3708.203148	1.782832e-08	8.643000e-01	1.764594e-26
51	61.531478	2.787138e-08	9.770000e-01	8.957724e-12
51	1757.047423	1.788407e-08	8.942000e-01	1.480320e-27
51	7163.299189	1.779116e-08	8.298000e-01	9.055027e-26
51	2405.240727	1.785867e-08	8.827000e-01	7.312582e-27
51	13875.632552	1.776284e-08	7.861000e-01	1.131988e-25
51	16167.682339	1.775737e-08	7.746000e-01	1.254248e-24
51	8034.058723	1.778565e-08	8.229000e-01	2.156233e-26
51	226.426444	1.640053e-11	7.769000e-01	8.026211e-23
51	17154.235706	1.775534e-08	7.700000e-01	3.480962e-19
51	226.364980	3.282631e-11	8.735000e-01	9.592010e-24
51	60.597414	2.137750e-08	9.701000e-01	3.766009e-12
51	226.345482	3.669630e-11	8.850000e-01	1.509090e-24
51	10688.727629	1.777307e-08	8.045000e-01	4.638492e-26
51	63.330622	2.884341e-07	9.977001e-01	1.531921e-11
51	731.948592	1.797269e-08	9.195000e-01	7.007553e-27
51	5851.686261	1.780152e-08	8.413000e-01	2.895455e-27
51	226.330679	3.943560e-11	8.919000e-01	1.117396e-24
51	13025.430771	1.776521e-08	7.907000e-01	1.385948e-25
51	226.186736	6.164785e-11	9.264000e-01	6.790292e-25
51	5144.094924	1.780860e-08	8.482000e-01	4.627468e-26
51	9977.637186	1.777596e-08	8.091000e-01	4.196307e-26
51	8651.239011	1.778224e-08	8.183000e-01	7.566881e-26
51	226.305982	4.372252e-11	9.011000e-01	9.878671e-25
51	7736.579512	1.778743e-08	8.252000e-01	2.569224e-27
51	2265.818244	1.786327e-08	8.850000e-01	2.951171e-27
51	15221.583846	1.775948e-08	7.792000e-01	2.300875e-25
51	15689.654280	1.775841e-08	7.769000e-01	4.551737e-25
51	1641.736082	1.788997e-08	8.965000e-01	4.929732e-27
51	62.182274	1.867638e-08	9.632000e-01	2.291573e-27
51	2699.264462	1.785008e-08	8.781000e-01	1.319246e-26
51	226.202338	5.946511e-11	9.241000e-01	6.094536e-25
51	6887.286516	1.779310e-08	8.321000e-01	2.828492e-26
51	3014.022448	1.784222e-08	8.735000e-01	7.323397e-27
51	9634.246550	1.777747e-08	8.114000e-01	5.767070e-26
51	16167.683455	1.775737e-08	7.746000e-01	2.358416e-25
51	4703.852616	1.781373e-08	8.528000e-01	9.785864e-26
51	225.825517	1.098331e-10	9.540000e-01	4.838304e-25
51	5851.686177	1.780152e-08	8.413000e-01	3.928266e-26
51	880.014401	1.795163e-08	9.149000e-01	1.018405e-26
51	224.718018	7.047028e-10	9.839000e-01	8.892584e-26
51	1323.238664	1.790972e-08	9.034000e-01	3.567264e-26
51	5609.401403	1.780381e-08	8.436000e-01	5.946937e-26
51	1424.897297	1.790277e-08	9.011000e-01	1.873824e-26
51	5609.401359	1.780380e-08	8.436000e-01	4.577833e-26
51	1641.736059	1.788997e-08	8.965000e-01	8.538993e-27
51	60.903848	2.317413e-08	9.724000e-01	5.680785e-12
51	10329.092237	1.777450e-08	8.068000e-01	1.268153e-25
51	539.693249	1.801076e-08	9.264000e-01	3.519399e-27
51	20780.234745	2.130584e-08	8.620000e-01	1.000000e-08
51	10688.727901	1.777307e-08	8.045000e-01	3.506344e-26
51	15689.653129	1.775841e-08	7.769000e-01	3.995053e-25
51	-1.000000	-1.000000e+00	-1.000000e+00	-1.000000e+00
51	14763.321318	1.776057e-08	7.815000e-01	2.842401e-25
51	86.672285	1.840868e-08	9.563000e-01	3.867397e-28
51	62.853337	5.627624e-08	9.885000e-01	1.408644e-11
51	5851.686217	1.780152e-08	8.413000e-01	1.968605e-26
51	5609.401294	1.780380e-08	8.436000e-01	7.802836e-26
51	8651.239032	1.778224e-08	8.183000e-01	1.823680e-26
51	803.953651	1.796179e-08	9.172000e-01	2.970657e-27
51	8338.908411	1.778392e-08	8.206000e-01	1.588906e-26
51	226.364980	3.282631e-11	8.735000e-01	9.130150e-24
51	3350.125274	1.783499e-08	8.689000e-01	3.322115e-27
51	539.693246	1.801076e-08	9.264000e-01	6.935026e-27
51	163.985394	1.821441e-08	9.471000e-01	5.412186e-27
51	12614.033234	1.776644e-08	7.930000e-01	1.344808e-25
51	226.273528	4.896069e-11	9.103000e-01	1.621186e-24
51	2549.698343	1.785428e-08	8.804000e-01	2.227523e-26
51	257.134439	1.812431e-08	9.402000e-01	3.024298e-27
51	13445.917323	1.776401e-08	7.884000e-01	1.158565e-25
51	8651.239145	1.778224e-08	8.183000e-01	4.154202e-26
51	8034.058586	1.778565e-08	8.229000e-01	2.406029e-25
51	226.353962	3.505468e-11	8.804000e-01	9.904967e-25
51	60.903848	2.317413e-08	9.724000e-01	5.680785e-12
51	5373.568943	1.780616e-08	8.459000e-01	6.430627e-27
51	7736.579525	1.778743e-08	8.252000e-01	2.326454e-26
51	15221.583179	1.775948e-08	7.792000e-01	1.129115e-25
51	2405.240665	1.785867e-08	8.827000e-01	1.225734e-26
51	226.340848	3.757006e-11	8.873000e-01	1.548013e-24
51	8338.908546	1.778392e-08	8.206000e-01	8.510488e-26
51	3014.022401	1.784222e-08	8.735000e-01	9.503247e-27
51	60.147204	1.881397e-08	9.655000e-01	1.583256e-26
51	226.424018	1.731474e-11	7.861000e-01	1.801663e-23
51	222.638250	1.815088e-08	9.425000e-01	4.121131e-27
51	13445.917235	1.776401e-08	7.884000e-01	2.102168e-25
51	3350.125209	1.783499e-08	8.689000e-01	2.402639e-26
51	191.605068	1.818070e-08	9.448000e-01	7.776946e-27
51	4920.886560	1.781112e-08	8.505000e-01	8.992475e-26
51	226.361513	3.354035e-11	8.758000e-01	1.181691e-24
51	10688.725457	1.777307e-08	8.045000e-01	1.162418e-25
51	1133.122058	1.792493e-08	9.080000e-01	4.335260e-27
51	9298.793262	1.777902e-08	8.137000e-01	3.890311e-26
51	2265.818232	1.786327e-08	8.850000e-01	2.618515e-26
51	12614.032226	1.776644e-08	7.930000e-01	7.914827e-26
51	6355.997499	1.779718e-08	8.367000e-01	1.053062e-25
51	101.121345	1.834831e-08	9.540000e-01	2.105363e-27
51	11433.041549	1.777032e-08	7.999000e-01	8.123927e-26
51	226.130909	6.924221e-11	9.333000e-01	5.182239e-25
51	4920.886604	1.781112e-08	8.505000e-01	1.139443e-25
51	8651.239120	1.778224e-08	8.183000e-01	1.074808e-25
51	75.397372	1.848070e-08	9.586000e-01	7.252003e-27
51	163.985392	1.821441e-08	9.471000e-01	4.040592e-27
51	15689.654249	1.775841e-08	7.769000e-01	2.533855e-25
51	86.672285	1.840868e-08	9.563000e-01	3.321680e-27
51	15689.653997	1.775841e-08	7.769000e-01	3.623107e-25
51	225.570085	1.502156e-10	9.632000e-01	8.121632e-26
51	2854.013837	1.784606e-08	8.758000e-01	1.596303e-26
51	6887.286334	1.779310e-08	8.321000e-01	2.169452e-26
51	4088.905730	1.782216e-08	8.597000e-01	1.990405e-26
51	17154.235150	1.775534e-08	7.700000e-01	4.486651e-20
51	3350.125343	1.783499e-08	8.689000e-01	2.355315e-26
51	4492.903208	1.781644e-08	8.551000e-01	1.230568e-26
51	101.121349	1.834831e-08	9.540000e-01	1.234444e-27
51	483.340824	1.802563e-08	9.287000e-01	7.625981e-28
51	61.217931	2.530560e-08	9.747000e-01	7.410380e-12
51	225.710367	1.266873e-10	9.586000e-01	3.728042e-26
51	12614.031400	1.776644e-08	7.930000e-01	6.110099e-26
51	163.985399	1.821441e-08	9.471000e-01	4.705150e-28
51	3350.125312	1.783499e-08	8.689000e-01	2.991225e-26
51	14314.719859	1.776169e-08	7.838000e-01	6.371483e-25
51	2131.358391	1.786810e-08	8.873000e-01	1.004644e-26
51	4492.903249	1.781644e-08	8.551000e-01	4.588410e-26
51	20892.169109	2.141666e-08	8.643000e-01	1.000000e-08
51	163.985409	1.821441e-08	9.471000e-01	1.743885e-27
51	63.172819	9.431198e-08	9.931000e-01	1.499978e-11
51	5851.686279	1.780152e-08	8.413000e-01	4.646809e-26
51	8338.908372	1.778392e-08	8.206000e-01	2.207021e-27
51	8971.162640	1.778061e-08	8.160000e-01	3.699327e-26
51	7736.579567	1.778743e-08	8.252000e-01	3.169132e-26
51	139.730338	1.825282e-08	9.494000e-01	5.481825e-28
51	101.121347	1.834831e-08	9.540000e-01	3.175820e-29
51	12211.592478	1.776770e-08	7.953000e-01	1.333578e-25
51	226.386958	2.795927e-11	8.551000e-01	2.365687e-24
51	63.274078	1.421081e-07	9.954000e-01	1.523127e-11
51	2699.264524	1.785008e-08	8.781000e-01	2.106240e-27
51	8971.162710	1.778061e-08	8.160000e-01	1.447097e-25
51	11056.666563	1.777167e-08	8.022000e-01	3.757737e-26
51	4703.852646	1.781373e-08	8.528000e-01	1.693593e-26
51	803.953676	1.796179e-08	9.172000e-01	2.700139e-27
51	226.377109	3.022169e-11	8.643000e-01	9.430412e-24
51	10329.091754	1.777450e-08	8.068000e-01	7.162106e-27
51	7736.579495	1.778743e-08	8.252000e-01	1.326205e-25
51	1133.121995	1.792493e-08	9.080000e-01	6.845286e-27
51	7446.362014	1.778927e-08	8.275000e-01	6.475010e-26
51	2001.790004	1.787316e-08	8.896000e-01	3.458775e-27
51	63.172819	9.431197e-08	9.931000e-01	1.499978e-11
51	9977.635748	1.777596e-08	8.091000e-01	1.488687e-25
51	14314.720081	1.776169e-08	7.838000e-01	1.258937e-25
51	5144.094927	1.780860e-08	8.482000e-01	6.537300e-26
51	12211.591307	1.776770e-08	7.953000e-01	2.997641e-26
51	226.335921	3.848228e-11	8.896000e-01	5.780045e-25
51	1424.897274	1.790277e-08	9.011000e-01	1.176018e-26
51	430.763006	1.804183e-08	9.310000e-01	5.091664e-27
51	226.242110	5.372813e-11	9.172000e-01	8.354429e-26
51	63.274078	1.421081e-07	9.954000e-01	1.523128e-11
51	101.121340	1.834831e-08	9.540000e-01	1.851048e-27
51	62.397165	4.002232e-08	9.839000e-01	1.254062e-11
51	2265.818124	1.786327e-08	8.850000e-01	1.595049e-26
51	4492.903179	1.781644e-08	8.551000e-01	6.948729e-28
51	10329.090657	1.777450e-08	8.068000e-01	6.174725e-26
51	191.605063	1.818070e-08	9.448000e-01	2.898645e-27
51	3179.366784	1.783853e-08	8.712000e-01	8.576605e-27
51	11817.972871	1.776899e-08	7.976000e-01	1.196412e-25
51	60.903848	2.317413e-08	9.724000e-01	5.680786e-12
51	16167.682468	1.775737e-08	7.746000e-01	8.309987e-26
51	8338.908428	1.778392e-08	8.206000e-01	5.632092e-26
51	5144.094955	1.780860e-08	8.482000e-01	1.107896e-26
51	16655.825525	1.775634e-08	7.723000e-01	2.313299e-24
51	8971.162507	1.778061e-08	8.160000e-01	9.102168e-26
51	13025.430739	1.776521e-08	7.907000e-01	1.730950e-26
51	62.640589	4.679046e-08	9.862000e-01	1.339493e-11
51	63.274078	1.421081e-07	9.954000e-01	1.523127e-11
51	2854.013990	1.784606e-08	8.758000e-01	1.641230e-26
51	8651.239018	1.778224e-08	8.183000e-01	2.379263e-26
51	60.903848	2.317412e-08	9.724000e-01	5.680785e-12
51	17154.235284	1.775534e-08	7.700000e-01	1.292081e-19
51	12614.032679	1.776644e-08	7.930000e-01	1.031683e-25
51	4703.852593	1.781373e-08	8.528000e-01	3.761307e-26
51	2699.264442	1.785008e-08	8.781000e-01	5.492760e-26
51	15221.582888	1.775948e-08	7.792000e-01	5.183203e-25
51	5609.401419	1.780381e-08	8.436000e-01	1.449964e-26
51	61.836951	3.101511e-08	9.793000e-01	1.032609e-11
51	483.340782	1.802563e-08	9.287000e-01	3.077426e-27
51	63.031732	7.052242e-08	9.908000e-01	1.461980e-11
51	224.948046	5.513621e-10	9.816000e-01	5.206391e-25
51	61.531478	2.787138e-08	9.770000e-01	8.957724e-12
51	3526.377075	1.783159e-08	8.666000e-01	1.078821e-26
51	3350.125301	1.783499e-08	8.689000e-01	9.253933e-27
51	63.172819	9.431198e-08	9.931000e-01	1.499978e-11
51	61.531478	2.787138e-08	9.770000e-01	8.957724e-12
51	62.853338	5.627624e-08	9.885000e-01	1.408644e-11
51	9298.793092	1.777902e-08	8.137000e-01	7.014888e-26
51	1133.122004	1.792493e-08	9.080000e-01	2.267164e-26
51	62.853337	5.627623e-08	9.885000e-01	1.408644e-11
51	10688.727999	1.777307e-08	8.045000e-01	1.469114e-25
51	8338.908599	1.778392e-08	8.206000e-01	1.675730e-25
51	4088.905668	1.782216e-08	8.597000e-01	2.730893e-26
51	483.340779	1.802563e-08	9.287000e-01	1.718234e-26
51	483.340786	1.802563e-08	9.287000e-01	2.394423e-27
51	14763.321107	1.776057e-08	7.815000e-01	4.072617e-25
51	7446.362066	1.778927e-08	8.275000e-01	7.024281e-26
51	12614.033418	1.776644e-08	7.930000e-01	2.548472e-25
51	222.723573	1.404944e-09	9.885000e-01	5.279438e-27
51	222.638253	1.815088e-08	9.425000e-01	1.938325e-27
51	60.597414	2.137750e-08	9.701000e-01	3.766010e-12
51	483.340833	1.802563e-08	9.287000e-01	2.349337e-27
51	12211.593071	1.776770e-08	7.953000e-01	1.175107e-25
51	539.693269	1.801076e-08	9.264000e-01	5.245796e-27
51	222.723573	1.404944e-09	9.885000e-01	1.483581e-26
51	6355.997472	1.779718e-08	8.367000e-01	5.839788e-27
51	15221.582887	1.775948e-08	7.792000e-01	9.764225e-25
51	118.791573	1.829699e-08	9.517000e-01	1.266075e-26
51	8971.162617	1.778061e-08	8.160000e-01	8.364180e-27
51	295.143791	1.810049e-08	9.379000e-01	2.407070e-27
51	226.400201	2.463984e-11	8.390000e-01	7.705275e-24
51	4703.852538	1.781373e-08	8.528000e-01	3.971998e-27
51	225.490325	1.659465e-10	9.655000e-01	2.061310e-25
51	226.379762	2.962681e-11	8.620000e-01	2.380404e-24
51	15689.652956	1.775841e-08	7.769000e-01	5.169133e-25
51	4492.903206	1.781644e-08	8.551000e-01	4.163740e-27
51	8971.162765	1.778061e-08	8.160000e-01	1.227785e-26
51	2001.789975	1.787316e-08	8.896000e-01	2.107410e-26
51	8651.239155	1.778224e-08	8.183000e-01	3.210328e-26
51	12614.032679	1.776644e-08	7.930000e-01	9.362666e-26
51	16655.825443	1.775634e-08	7.723000e-01	8.720664e-25
51	11817.972666	1.776899e-08	7.976000e-01	9.278949e-26
51	11056.666451	1.777167e-08	8.022000e-01	7.123723e-26
51	11056.666840	1.777167e-08	8.022000e-01	2.404569e-25
51	880.014364	1.795163e-08	9.149000e-01	6.599240e-27
51	880.014412	1.795163e-08	9.149000e-01	1.406246e-26
51	7736.579598	1.778743e-08	8.252000e-01	6.017785e-26
51	731.948615	1.797269e-08	9.195000e-01	1.287711e-26
51	2265.818103	1.786327e-08	8.850000e-01	2.722391e-26
51	1531.041314	1.789619e-08	8.988000e-01	1.200834e-26
51	9977.637686	1.777596e-08	8.091000e-01	1.903438e-25
51	2001.789912	1.787316e-08	8.896000e-01	2.281571e-26
51	7163.299190	1.779116e-08	8.298000e-01	7.487258e-26
51	9634.246584	1.777747e-08	8.114000e-01	3.720526e-26
51	6618.219809	1.779511e-08	8.344000e-01	4.512737e-26
51	1323.238579	1.790973e-08	9.034000e-01	7.401487e-27
51	14763.320852	1.776057e-08	7.815000e-01	3.446628e-25
51	16167.683342	1.775737e-08	7.746000e-01	5.005544e-25
51	101.121348	1.834831e-08	9.540000e-01	8.165927e-28
51	226.409875	2.193796e-11	8.229000e-01	1.613044e-23
51	9634.246413	1.777747e-08	8.114000e-01	1.628505e-25
51	2001.789993	1.787316e-08	8.896000e-01	3.940529e-27
51	3526.377098	1.783159e-08	8.666000e-01	6.702110e-27
51	257.134423	1.812431e-08	9.402000e-01	1.275532e-26
51	483.340819	1.802563e-08	9.287000e-01	4.328801e-27
51	6100.519257	1.779932e-08	8.390000e-01	1.012207e-26
51	8651.239134	1.778224e-08	8.183000e-01	1.388958e-25
51	8034.058658	1.778565e-08	8.229000e-01	7.756854e-26
51	226.290903	4.620348e-11	9.057000e-01	1.201199e-25
51	101.121345	1.834831e-08	9.540000e-01	2.472316e-27
51	3526.377105	1.783159e-08	8.666000e-01	2.386831e-26
51	62.182272	1.867638e-08	9.632000e-01	4.196687e-27
51	225.490325	1.659466e-10	9.655000e-01	3.027782e-25
51	60.307373	1.984469e-08	9.678000e-01	1.663422e-12
51	222.723573	1.404944e-09	9.885000e-01	6.248809e-27
51	6100.519175	1.779932e-08	8.390000e-01	8.753471e-26
51	3526.377105	1.783159e-08	8.666000e-01	2.085046e-26
51	1044.538553	1.793326e-08	9.103000e-01	4.620342e-27
51	295.143804	1.810049e-08	9.379000e-01	1.171861e-26
51	10688.727341	1.777307e-08	8.045000e-01	1.387991e-25
51	12211.590712	1.776770e-08	7.953000e-01	4.495976e-26
51	226.305982	4.372252e-11	9.011000e-01	1.577795e-24
51	12614.032299	1.776644e-08	7.930000e-01	7.857281e-26
51	3708.203119	1.782832e-08	8.643000e-01	3.836716e-26
51	139.730338	1.825282e-08	9.494000e-01	1.141605e-26
51	62.182273	1.867638e-08	9.632000e-01	5.601365e-27
51	8034.058814	1.778565e-08	8.229000e-01	2.564821e-26
51	2001.789926	1.787316e-08	8.896000e-01	6.098969e-27
51	226.312780	4.257271e-11	8.988000e-01	3.063103e-25
51	6618.219882	1.779511e-08	8.344000e-01	6.564420e-26
51	14763.320941	1.776057e-08	7.815000e-01	2.663561e-25
51	10688.725475	1.777307e-08	8.045000e-01	3.592488e-26
51	599.875042	1.799707e-08	9.241000e-01	9.127808e-27
51	3014.022378	1.784222e-08	8.735000e-01	6.947041e-26
51	7736.579577	1.778743e-08	8.252000e-01	5.744655e-26
51	8034.058588	1.778565e-08	8.229000e-01	7.668706e-26
