9	5078.936403	1.732346e-08	8.922000e-01	9.154082e-27
9	580.343442	1.523076e-08	9.406000e-01	4.418128e-26
9	16478.355765	1.779962e-08	8.526000e-01	2.771062e-26
9	18267.243892	1.783394e-08	8.482000e-01	2.191865e-26
9	9775.619427	1.760815e-08	8.724000e-01	7.091427e-27
9	575.826686	1.869258e-08	9.538000e-01	1.521891e-11
9	2013.831615	1.403368e-10	9.208000e-01	8.661046e-25
9	585.010233	2.034579e-07	9.956000e-01	3.631141e-11
9	2016.545054	4.655522e-11	8.174000e-01	3.310469e-23
9	-1.000000	-1.000000e+00	-1.000000e+00	-1.000000e+00
9	57149.931985	1.814458e-08	7.866000e-01	3.888397e-25
9	32872.499775	1.800915e-08	8.196000e-01	1.017183e-25
9	27799.381139	1.796261e-08	8.284000e-01	7.770415e-26
9	584.087714	6.678415e-08	9.868000e-01	3.580147e-11
9	6437.174205	1.743258e-08	8.856000e-01	1.441851e-26
9	9159.396203	1.758214e-08	8.746000e-01	1.127498e-26
9	1197.121429	1.644108e-08	9.230000e-01	2.800963e-28
9	581.777893	3.609019e-08	9.758000e-01	3.247975e-11
9	582.829987	4.426063e-08	9.802000e-01	3.419172e-11
9	579.349310	2.631494e-08	9.670000e-01	2.739741e-11
9	46379.673454	1.809660e-08	7.998000e-01	2.905297e-25
9	16478.355823	1.779962e-08	8.526000e-01	3.228360e-26
9	584.873895	1.347315e-07	9.934000e-01	3.634817e-11
9	-1.000000	-1.000000e+00	-1.000000e+00	-1.000000e+00
9	1350.419502	1.653772e-08	9.208000e-01	4.064781e-27
9	1350.419495	1.653772e-08	9.208000e-01	1.923300e-27
9	577.471733	2.185742e-08	9.604000e-01	2.202779e-11
9	1350.419549	1.653772e-08	9.208000e-01	4.141976e-27
9	76286.062697	2.139274e-08	8.526000e-01	1.000000e-08
9	4282.701956	1.724033e-08	8.966000e-01	5.307483e-27
9	30268.141469	1.798656e-08	8.240000e-01	3.051407e-26
9	585.010233	2.034580e-07	9.956000e-01	3.631141e-11
9	1993.633668	7.420318e-10	9.670000e-01	1.059264e-26
9	37041.990133	1.804070e-08	8.130000e-01	2.337914e-26
9	3916.429545	1.719511e-08	8.988000e-01	6.623882e-27
9	582.322338	3.976503e-08	9.780000e-01	3.340197e-11
9	61080.751655	1.815911e-08	7.822000e-01	2.815126e-24
9	11082.620000	1.765691e-08	8.680000e-01	1.294956e-26
9	35616.419120	1.803048e-08	8.152000e-01	1.062845e-25
9	5509.516267	1.736174e-08	8.900000e-01	7.851500e-27
9	23253.338031	1.791004e-08	8.372000e-01	5.885472e-26
9	63112.917070	1.816612e-08	7.800000e-01	1.076248e-10
9	2015.851485	7.675117e-11	8.768000e-01	4.875435e-24
9	585.010233	2.034580e-07	9.956000e-01	3.631141e-11
9	582.829987	4.426063e-08	9.802000e-01	3.419172e-11
9	1974.743439	1.334960e-09	9.758000e-01	2.076053e-26
9	29017.056122	1.797476e-08	8.262000e-01	1.174315e-26
9	582.322338	3.976503e-08	9.780000e-01	3.340197e-11
9	11774.113587	1.767980e-08	8.658000e-01	1.632308e-26
9	575.011010	1.705206e-08	9.494000e-01	9.828361e-12
9	61080.751442	1.815911e-08	7.822000e-01	2.743690e-24
9	3570.981382	1.714716e-08	9.010000e-01	4.573647e-27
9	55249.975073	1.813706e-08	7.888000e-01	8.762567e-25
9	5078.936584	1.732346e-08	8.922000e-01	2.286856e-28
9	63112.916919	1.816612e-08	7.800000e-01	1.144692e-10
9	22195.689082	1.789582e-08	8.394000e-01	3.490170e-26
9	7455.642470	1.749668e-08	8.812000e-01	2.355201e-26
9	21168.689475	1.788113e-08	8.416000e-01	5.475336e-26
9	51577.810703	1.812147e-08	7.932000e-01	7.041788e-25
9	2014.791454	1.123361e-10	9.076000e-01	4.436156e-24
9	44727.298382	1.808788e-08	8.020000e-01	1.043043e-25
9	61080.746793	1.815911e-08	7.822000e-01	2.116433e-24
9	63112.915840	1.816612e-08	7.800000e-01	1.772826e-10
9	2014.213690	1.295108e-10	9.164000e-01	1.398494e-24
9	1918.998518	1.678545e-08	9.142000e-01	1.602830e-26
9	53392.814636	1.812936e-08	7.910000e-01	1.639474e-25
9	21168.689036	1.788113e-08	8.416000e-01	4.791199e-26
9	31553.125315	1.799802e-08	8.218000e-01	2.135586e-26
9	2008.764327	2.681071e-10	9.450000e-01	6.363987e-25
9	37041.992415	1.804070e-08	8.130000e-01	7.240949e-26
9	32872.498439	1.800915e-08	8.196000e-01	2.336454e-25
9	3246.056884	1.709623e-08	9.032000e-01	1.125282e-26
9	13234.914983	1.772288e-08	8.614000e-01	1.373001e-26
9	584.406429	8.032714e-08	9.890000e-01	3.609692e-11
9	575.011010	1.705206e-08	9.494000e-01	9.828361e-12
9	57149.931108	1.814458e-08	7.866000e-01	6.834105e-26
9	57149.932590	1.814458e-08	7.866000e-01	1.034297e-25
9	3570.981260	1.714716e-08	9.010000e-01	4.798634e-27
9	65112.091957	1.866810e-08	7.932000e-01	1.000000e-08
9	574.725280	1.633759e-08	9.472000e-01	6.863934e-12
9	9159.395707	1.758214e-08	8.746000e-01	3.945452e-26
9	21168.688961	1.788113e-08	8.416000e-01	5.728023e-26
9	25462.358567	1.793715e-08	8.328000e-01	2.033791e-26
9	4670.101963	1.728304e-08	8.944000e-01	9.170942e-27
9	23253.338174	1.791004e-08	8.372000e-01	2.184953e-26
9	574.725280	1.633759e-08	9.472000e-01	6.863933e-12
9	63112.916550	1.816612e-08	7.800000e-01	1.273440e-10
9	18267.244129	1.783394e-08	8.482000e-01	1.970134e-26
9	32872.499316	1.800915e-08	8.196000e-01	6.860507e-26
9	574.725280	1.633759e-08	9.472000e-01	6.863934e-12
9	581.777893	3.609019e-08	9.758000e-01	3.247976e-11
9	584.669714	1.006819e-07	9.912000e-01	3.627792e-11
9	44727.287282	1.808788e-08	8.020000e-01	6.677943e-27
9	574.538471	1.568240e-08	9.450000e-01	3.712723e-12
9	34226.749687	1.801996e-08	8.174000e-01	5.060176e-25
9	1918.998478	1.678545e-08	9.142000e-01	4.729199e-27
9	40003.010942	1.806033e-08	8.086000e-01	1.014891e-26
9	11774.114038	1.767980e-08	8.658000e-01	1.058955e-27
9	575.382479	1.783387e-08	9.516000e-01	1.261167e-11
9	577.471733	2.185742e-08	9.604000e-01	2.202779e-11
9	29017.056296	1.797476e-08	8.262000e-01	6.761441e-27
9	580.343434	1.523076e-08	9.406000e-01	1.025519e-26
9	35616.419691	1.803048e-08	8.152000e-01	1.450500e-25
9	10416.575519	1.763305e-08	8.702000e-01	2.405207e-27
9	2016.314764	5.780936e-11	8.460000e-01	1.082959e-23
9	44727.291052	1.808788e-08	8.020000e-01	2.725272e-26
9	2941.360014	1.704203e-08	9.054000e-01	2.867079e-27
9	23253.337583	1.791004e-08	8.372000e-01	1.291366e-26
9	579.349309	2.631494e-08	9.670000e-01	2.739741e-11
9	24342.077572	1.792381e-08	8.350000e-01	1.143058e-26
9	12491.421800	1.770177e-08	8.636000e-01	4.173915e-26
9	576.883193	2.068895e-08	9.582000e-01	1.992294e-11
9	43114.101227	1.807894e-08	8.042000e-01	2.231248e-26
9	26614.638188	1.795007e-08	8.306000e-01	2.894011e-26
9	585.010233	2.034580e-07	9.956000e-01	3.631141e-11
9	6437.174429	1.743258e-08	8.856000e-01	3.837838e-26
9	55249.974089	1.813706e-08	7.888000e-01	4.734387e-25
9	584.873895	1.347315e-07	9.934000e-01	3.634817e-11
9	46379.676400	1.809660e-08	7.998000e-01	3.350995e-25
9	585.010233	2.034580e-07	9.956000e-01	3.631141e-11
9	2656.595926	1.698425e-08	9.076000e-01	1.976733e-26
9	575.826686	1.869258e-08	9.538000e-01	1.521891e-11
9	26614.638397	1.795007e-08	8.306000e-01	1.957798e-25
9	122523.503754	3.570258e-08	9.912000e-01	1.000000e-08
9	63112.916801	1.816612e-08	7.800000e-01	1.153818e-10
9	579.349310	2.631494e-08	9.670000e-01	2.739741e-11
9	30268.141921	1.798656e-08	8.240000e-01	3.469311e-26
9	2145.703522	1.685640e-08	9.120000e-01	2.040085e-26
9	582.829987	4.426063e-08	9.802000e-01	3.419172e-11
9	584.406429	8.032714e-08	9.890000e-01	3.609692e-11
9	5509.516470	1.736174e-08	8.900000e-01	3.476512e-27
9	575.011010	1.705206e-08	9.494000e-01	9.828361e-12
9	19204.893258	1.785021e-08	8.460000e-01	1.657774e-26
9	30268.141799	1.798656e-08	8.240000e-01	1.501708e-26
9	689.293337	1.580316e-08	9.340000e-01	4.471749e-27
9	579.349309	2.631494e-08	9.670000e-01	2.739741e-11
9	32872.498973	1.800915e-08	8.196000e-01	1.217362e-25
9	18267.244105	1.783394e-08	8.482000e-01	1.356840e-26
9	578.714692	2.464077e-08	9.648000e-01	2.576154e-11
9	57149.933599	1.814458e-08	7.866000e-01	1.209529e-24
9	38504.020882	1.805065e-08	8.108000e-01	7.863102e-26
9	2016.314764	5.780936e-11	8.460000e-01	9.050929e-24
9	2015.752365	8.042355e-11	8.812000e-01	5.995212e-24
9	10416.575726	1.763305e-08	8.702000e-01	2.429935e-27
9	584.873894	1.347314e-07	9.934000e-01	3.634817e-11
9	5078.936605	1.732346e-08	8.922000e-01	1.993402e-26
9	5962.156145	1.739807e-08	8.878000e-01	9.717401e-27
9	1999.616024	5.315652e-10	9.604000e-01	1.771372e-25
9	943.145403	1.622098e-08	9.274000e-01	1.014597e-26
9	580.343439	1.523076e-08	9.406000e-01	2.611555e-26
9	575.826686	1.869258e-08	9.538000e-01	1.521891e-11
9	14801.969730	1.776270e-08	8.570000e-01	2.308940e-26
9	9775.619305	1.760815e-08	8.724000e-01	8.847934e-26
9	34226.748025	1.801996e-08	8.174000e-01	4.450236e-26
9	574.463728	1.507966e-08	9.428000e-01	3.682695e-13
9	38504.021664	1.805065e-08	8.108000e-01	1.206440e-25
9	585.010233	2.034580e-07	9.956000e-01	3.631141e-11
9	2016.700458	3.754481e-11	7.844000e-01	4.936533e-22
9	44727.299922	1.808788e-08	8.020000e-01	4.231773e-25
9	1521.641456	1.662679e-08	9.186000e-01	1.025073e-27
9	1999.616023	5.315652e-10	9.604000e-01	1.403837e-25
9	37041.998203	1.804070e-08	8.130000e-01	1.018240e-25
9	757.368806	1.595638e-08	9.318000e-01	3.198487e-27
9	757.368743	1.595638e-08	9.318000e-01	1.470157e-26
9	2013.831615	1.403368e-10	9.208000e-01	3.672526e-25
9	2016.531334	4.728254e-11	8.196000e-01	2.342038e-23
9	22195.689496	1.789582e-08	8.394000e-01	1.167038e-25
9	2145.703584	1.685640e-08	9.120000e-01	1.038833e-26
9	2001.229482	4.782221e-10	9.582000e-01	6.162361e-26
9	19204.893673	1.785021e-08	8.460000e-01	3.113868e-26
9	1711.072955	1.670913e-08	9.164000e-01	1.022469e-26
9	23253.337905	1.791004e-08	8.372000e-01	6.803436e-26
9	578.085651	2.316597e-08	9.626000e-01	2.397281e-11
9	7999.750827	1.752649e-08	8.790000e-01	1.921819e-26
9	578.714692	2.464077e-08	9.648000e-01	2.576154e-11
9	37041.989237	1.804070e-08	8.130000e-01	3.771594e-26
9	61080.752076	1.815911e-08	7.822000e-01	4.923669e-25
9	49804.344421	1.811339e-08	7.954000e-01	1.877296e-25
9	6437.174205	1.743258e-08	8.856000e-01	4.274184e-27
9	575.382479	1.783387e-08	9.516000e-01	1.261167e-11
9	43114.100870	1.807894e-08	8.042000e-01	1.392843e-25
9	7455.642669	1.749668e-08	8.812000e-01	7.854333e-27
9	574.538471	1.568240e-08	9.450000e-01	3.712724e-12
9	582.829987	4.426063e-08	9.802000e-01	3.419172e-11
9	63112.910268	1.816612e-08	7.800000e-01	7.421523e-19
9	23253.337959	1.791004e-08	8.372000e-01	6.694093e-26
9	601.137169	1.544336e-08	9.384000e-01	1.041466e-26
9	582.322337	3.976503e-08	9.780000e-01	3.340197e-11
9	3916.429286	1.719511e-08	8.988000e-01	7.818156e-27
9	65112.092152	1.866810e-08	7.932000e-01	1.000000e-08
9	578.714692	2.464077e-08	9.648000e-01	2.576154e-11
9	5962.156118	1.739807e-08	8.878000e-01	3.749215e-27
9	3246.056799	1.709623e-08	9.032000e-01	1.009891e-26
9	12491.421714	1.770177e-08	8.636000e-01	5.240334e-26
9	29017.056534	1.797476e-08	8.262000e-01	7.928137e-26
9	585.010233	2.034580e-07	9.956000e-01	3.631141e-11
9	580.343435	1.523076e-08	9.406000e-01	2.821048e-26
9	582.322338	3.976503e-08	9.780000e-01	3.340197e-11
9	35616.418235	1.803048e-08	8.152000e-01	9.276849e-26
9	584.669714	1.006819e-07	9.912000e-01	3.627792e-11
9	2941.360075	1.704203e-08	9.054000e-01	2.226084e-26
9	574.538471	1.568240e-08	9.450000e-01	3.712722e-12
9	574.463728	1.507966e-08	9.428000e-01	3.682702e-13
9	2016.123585	6.605877e-11	8.614000e-01	8.319894e-24
9	841.882217	1.609502e-08	9.296000e-01	2.068116e-27
9	584.873894	1.347314e-07	9.934000e-01	3.634817e-11
9	14801.969650	1.776270e-08	8.570000e-01	1.164783e-26
9	574.725280	1.633759e-08	9.472000e-01	6.863933e-12
9	576.883193	2.068895e-08	9.582000e-01	1.992294e-11
9	26614.638300	1.795007e-08	8.306000e-01	9.082484e-27
9	40003.011329	1.806033e-08	8.086000e-01	1.579251e-25
9	575.826687	1.869258e-08	9.538000e-01	1.521891e-11
9	32872.498896	1.800915e-08	8.196000e-01	1.711342e-26
9	583.296106	4.988515e-08	9.824000e-01	3.485250e-11
9	55249.977180	1.813706e-08	7.888000e-01	8.528371e-25
9	576.883194	2.068895e-08	9.582000e-01	1.992294e-11
9	578.714692	2.464077e-08	9.648000e-01	2.576154e-11
9	21168.689248	1.788113e-08	8.416000e-01	1.876875e-26
9	1197.121473	1.644108e-08	9.230000e-01	1.956165e-28
9	59093.306192	1.815193e-08	7.844000e-01	2.302290e-25
9	578.714692	2.464077e-08	9.648000e-01	2.576154e-11
9	40003.015397	1.806033e-08	8.086000e-01	2.331592e-26
9	-1.000000	-1.000000e+00	-1.000000e+00	-1.000000e+00
9	57149.930301	1.814458e-08	7.866000e-01	3.449818e-25
9	2001.229483	4.782221e-10	9.582000e-01	1.637291e-25
9	5078.936409	1.732346e-08	8.922000e-01	1.553670e-26
9	3570.981033	1.714716e-08	9.010000e-01	4.117535e-27
9	71695.375421	2.028369e-08	8.306000e-01	1.000000e-08
9	34226.749122	1.801996e-08	8.174000e-01	5.114716e-26
9	2015.290805	9.643430e-11	8.966000e-01	1.121199e-24
9	582.829987	4.426063e-08	9.802000e-01	3.419172e-11
9	9775.619530	1.760815e-08	8.724000e-01	7.112370e-26
9	37042.000418	1.804070e-08	8.130000e-01	7.376575e-26
9	2015.939941	7.338291e-11	8.724000e-01	4.482538e-24
9	65112.092162	1.866810e-08	7.932000e-01	1.000000e-08
9	24342.078034	1.792381e-08	8.350000e-01	3.541303e-26
9	78804.778778	2.200079e-08	8.636000e-01	1.000000e-08
9	574.538471	1.568240e-08	9.450000e-01	3.712724e-12
9	576.330981	1.963965e-08	9.560000e-01	1.765461e-11
9	11082.620441	1.765691e-08	8.680000e-01	1.874468e-26
9	-1.000000	-1.000000e+00	-1.000000e+00	-1.000000e+00
9	61080.749542	1.815911e-08	7.822000e-01	1.778507e-24
9	24342.077496	1.792381e-08	8.350000e-01	7.319037e-26
9	27799.381352	1.796261e-08	8.284000e-01	8.773961e-26
9	3916.429611	1.719511e-08	8.988000e-01	9.136837e-28
9	31553.124797	1.799802e-08	8.218000e-01	1.165485e-26
9	31553.124317	1.799802e-08	8.218000e-01	3.005853e-26
9	580.343441	1.523076e-08	9.406000e-01	1.488814e-26
9	2013.608490	1.465015e-10	9.230000e-01	8.654475e-25
9	2015.514395	8.887426e-11	8.900000e-01	1.407541e-24
9	17358.535370	1.781709e-08	8.504000e-01	2.119770e-26
9	574.725280	1.633759e-08	9.472000e-01	6.863933e-12
9	581.202014	3.303084e-08	9.736000e-01	3.142160e-11
9	3916.429502	1.719511e-08	8.988000e-01	2.242278e-27
9	7999.750902	1.752649e-08	8.790000e-01	1.503397e-26
9	32872.499138	1.800915e-08	8.196000e-01	2.742227e-25
9	2009.610148	2.473647e-10	9.428000e-01	8.170771e-25
9	4670.101736	1.728304e-08	8.944000e-01	1.258055e-26
9	75800.750851	2.127568e-08	8.504000e-01	1.000000e-08
9	2014.378314	1.247260e-10	9.142000e-01	5.769250e-24
9	35616.420394	1.803048e-08	8.152000e-01	1.503364e-26
9	943.145379	1.622098e-08	9.274000e-01	4.378305e-28
9	1350.419511	1.653772e-08	9.208000e-01	1.225949e-26
9	71695.375451	2.028369e-08	8.306000e-01	1.000000e-08
9	841.882267	1.609502e-08	9.296000e-01	1.720106e-26
9	1521.641480	1.662679e-08	9.186000e-01	6.742314e-27
9	2016.617343	4.256068e-11	8.042000e-01	5.059007e-23
9	581.777893	3.609019e-08	9.758000e-01	3.247975e-11
9	59093.306537	1.815193e-08	7.844000e-01	1.694557e-24
9	37041.993959	1.804070e-08	8.130000e-01	1.695635e-25
9	76286.062808	2.139274e-08	8.526000e-01	1.000000e-08
9	579.980683	2.823109e-08	9.692000e-01	2.888380e-11
9	580.343435	1.523076e-08	9.406000e-01	3.323817e-27
9	26614.638106	1.795007e-08	8.306000e-01	4.735723e-26
9	576.330981	1.963965e-08	9.560000e-01	1.765461e-11
9	1995.905578	6.613666e-10	9.648000e-01	1.571764e-25
9	601.137176	1.544336e-08	9.384000e-01	6.723059e-27
9	1197.121413	1.644108e-08	9.230000e-01	7.378701e-27
9	59093.310464	1.815193e-08	7.844000e-01	5.030498e-25
9	19204.893411	1.785021e-08	8.460000e-01	1.993490e-26
9	2016.531334	4.728254e-11	8.196000e-01	4.140783e-23
9	27799.380983	1.796261e-08	8.284000e-01	4.172669e-26
9	20171.900179	1.786593e-08	8.438000e-01	2.480250e-26
9	581.202013	3.303084e-08	9.736000e-01	3.142160e-11
9	2145.703526	1.685640e-08	9.120000e-01	3.958479e-27
9	3570.981401	1.714716e-08	9.010000e-01	5.453633e-26
9	9159.395896	1.758214e-08	8.746000e-01	1.176309e-26
9	25462.358659	1.793715e-08	8.328000e-01	2.764172e-26
9	40003.010836	1.806033e-08	8.086000e-01	1.100216e-25
9	584.087714	6.678414e-08	9.868000e-01	3.580147e-11
9	3246.057030	1.709623e-08	9.032000e-01	1.386966e-26
9	584.406429	8.032714e-08	9.890000e-01	3.609692e-11
9	575.826686	1.869258e-08	9.538000e-01	1.521891e-11
9	9159.396040	1.758214e-08	8.746000e-01	2.295481e-26
9	2145.703480	1.685640e-08	9.120000e-01	1.576443e-26
9	5509.516261	1.736174e-08	8.900000e-01	1.315494e-26
9	2007.795250	2.922043e-10	9.472000e-01	3.012622e-25
9	579.980683	2.823109e-08	9.692000e-01	2.888380e-11
9	1711.072846	1.670913e-08	9.164000e-01	2.151469e-27
9	35616.418135	1.803048e-08	8.152000e-01	1.168428e-25
9	575.826686	1.869258e-08	9.538000e-01	1.521891e-11
9	582.322338	3.976503e-08	9.780000e-01	3.340197e-11
9	2012.403106	1.783093e-10	9.318000e-01	4.366661e-25
9	577.471732	2.185742e-08	9.604000e-01	2.202778e-11
9	6437.174756	1.743258e-08	8.856000e-01	2.772205e-27
9	576.330981	1.963965e-08	9.560000e-01	1.765461e-11
9	11774.113692	1.767980e-08	8.658000e-01	3.019897e-26
9	2015.370455	9.377792e-11	8.944000e-01	2.071140e-24
9	1350.419475	1.653772e-08	9.208000e-01	4.964845e-27
9	1350.419540	1.653772e-08	9.208000e-01	4.042516e-27
9	579.349309	2.631494e-08	9.670000e-01	2.739741e-11
9	18267.244163	1.783394e-08	8.482000e-01	5.769889e-26
9	59093.310531	1.815193e-08	7.844000e-01	3.646347e-25
9	34226.746288	1.801996e-08	8.174000e-01	9.838490e-26
9	26614.638121	1.795007e-08	8.306000e-01	3.524666e-26
9	4670.101732	1.728304e-08	8.944000e-01	9.401676e-27
9	2145.703581	1.685640e-08	9.120000e-01	8.482565e-27
9	4670.101801	1.728304e-08	8.944000e-01	1.479624e-26
9	585.023761	4.184433e-07	9.978001e-01	3.617136e-11
9	53392.813017	1.812936e-08	7.910000e-01	6.427179e-25
9	19204.893256	1.785022e-08	8.460000e-01	1.071307e-25
9	4670.101818	1.728304e-08	8.944000e-01	3.422182e-26
9	580.600713	3.044494e-08	9.714000e-01	3.022407e-11
9	59093.304880	1.815193e-08	7.844000e-01	4.850036e-26
9	3570.981083	1.714716e-08	9.010000e-01	1.555587e-26
9	582.829987	4.426063e-08	9.802000e-01	3.419172e-11
9	585.010233	2.034580e-07	9.956000e-01	3.631141e-11
9	3916.429521	1.719511e-08	8.988000e-01	3.223979e-26
9	3916.429373	1.719511e-08	8.988000e-01	8.273651e-27
9	575.011010	1.705206e-08	9.494000e-01	9.828360e-12
9	580.600714	3.044494e-08	9.714000e-01	3.022407e-11
9	943.145424	1.622098e-08	9.274000e-01	2.465149e-27
9	578.714692	2.464077e-08	9.648000e-01	2.576154e-11
9	4282.701757	1.724033e-08	8.966000e-01	5.493957e-27
9	9775.619070	1.760815e-08	8.724000e-01	4.949407e-27
9	11082.620727	1.765691e-08	8.680000e-01	3.511756e-26
9	3916.429496	1.719511e-08	8.988000e-01	1.828613e-27
9	1711.073008	1.670913e-08	9.164000e-01	1.175030e-26
9	1918.998598	1.678545e-08	9.142000e-01	4.958839e-27
9	20171.900616	1.786593e-08	8.438000e-01	2.461576e-26
9	1350.419403	1.653772e-08	9.208000e-01	5.670481e-27
9	4282.701879	1.724033e-08	8.966000e-01	3.130287e-27
9	59093.304669	1.815193e-08	7.844000e-01	2.387560e-25
9	46379.676830	1.809660e-08	7.998000e-01	5.871531e-26
9	575.382479	1.783387e-08	9.516000e-01	1.261167e-11
9	3570.981324	1.714716e-08	9.010000e-01	2.168865e-28
9	1061.460167	1.633588e-08	9.252000e-01	5.217912e-28
9	59093.306537	1.815193e-08	7.844000e-01	1.805011e-25
9	17358.535462	1.781709e-08	8.504000e-01	7.906553e-26
9	71695.375285	2.028369e-08	8.306000e-01	1.000000e-08
9	4670.101796	1.728304e-08	8.944000e-01	6.747267e-27
9	2016.019223	7.028080e-11	8.680000e-01	1.593328e-24
9	53392.814470	1.812936e-08	7.910000e-01	2.572212e-24
9	2015.939941	7.338291e-11	8.724000e-01	9.525513e-24
9	2014.213690	1.295108e-10	9.164000e-01	3.148106e-24
9	35616.412702	1.803048e-08	8.152000e-01	1.964586e-25
9	943.145440	1.622098e-08	9.274000e-01	6.176887e-27
9	2014.213690	1.295108e-10	9.164000e-01	3.327558e-24
9	46379.673665	1.809660e-08	7.998000e-01	4.718525e-25
9	61080.752286	1.815911e-08	7.822000e-01	3.707500e-25
9	34226.753329	1.801996e-08	8.174000e-01	1.675721e-25
9	32872.498201	1.800915e-08	8.196000e-01	1.144968e-25
9	12491.421312	1.770177e-08	8.636000e-01	5.138092e-27
9	841.882246	1.609502e-08	9.296000e-01	7.521435e-28
9	637.330778	1.563307e-08	9.362000e-01	1.870338e-26
9	1990.872604	8.381536e-10	9.692000e-01	9.898360e-26
9	601.137154	1.544336e-08	9.384000e-01	1.651700e-26
9	582.322338	3.976503e-08	9.780000e-01	3.340197e-11
9	2014.213690	1.295108e-10	9.164000e-01	2.201569e-25
9	31553.125564	1.799802e-08	8.218000e-01	3.172746e-26
9	2013.608490	1.465015e-10	9.230000e-01	8.383119e-26
9	15626.300345	1.778150e-08	8.548000e-01	1.741297e-26
9	59093.306813	1.815193e-08	7.844000e-01	2.400509e-25
9	582.829987	4.426063e-08	9.802000e-01	3.419172e-11
9	7999.750313	1.752649e-08	8.790000e-01	9.444368e-27
9	14004.969889	1.774317e-08	8.592000e-01	1.084812e-26
9	582.829987	4.426063e-08	9.802000e-01	3.419172e-11
9	579.980683	2.823109e-08	9.692000e-01	2.888380e-11
9	75800.750841	2.127568e-08	8.504000e-01	1.000000e-08
9	689.293318	1.580316e-08	9.340000e-01	2.101230e-26
9	943.145368	1.622098e-08	9.274000e-01	2.944130e-27
9	582.322338	3.976503e-08	9.780000e-01	3.340197e-11
9	63112.915885	1.816612e-08	7.800000e-01	1.794826e-10
9	580.343442	1.523076e-08	9.406000e-01	3.167118e-26
9	53392.814228	1.812936e-08	7.910000e-01	1.055285e-24
9	578.085652	2.316597e-08	9.626000e-01	2.397281e-11
9	2015.752365	8.042355e-11	8.812000e-01	2.727612e-24
9	4282.701747	1.724033e-08	8.966000e-01	7.940013e-27
9	2016.123585	6.605877e-11	8.614000e-01	5.184154e-24
9	689.293313	1.580316e-08	9.340000e-01	3.049845e-27
9	580.600713	3.044494e-08	9.714000e-01	3.022407e-11
9	3916.429376	1.719511e-08	8.988000e-01	4.384338e-27
9	5078.936686	1.732346e-08	8.922000e-01	1.337812e-26
9	757.368816	1.595638e-08	9.318000e-01	8.268455e-27
9	580.600714	3.044494e-08	9.714000e-01	3.022407e-11
9	2391.473584	1.692251e-08	9.098000e-01	4.410690e-27
9	2656.595738	1.698425e-08	9.076000e-01	3.981699e-27
9	17358.535532	1.781709e-08	8.504000e-01	1.185754e-26
9	3246.056885	1.709623e-08	9.032000e-01	7.158528e-27
9	578.714692	2.464077e-08	9.648000e-01	2.576154e-11
9	581.202014	3.303084e-08	9.736000e-01	3.142160e-11
9	38504.019487	1.805065e-08	8.108000e-01	6.085337e-26
9	10416.576120	1.763305e-08	8.702000e-01	2.088300e-26
9	584.406429	8.032715e-08	9.890000e-01	3.609692e-11
9	2016.266416	5.996946e-11	8.504000e-01	4.851743e-24
9	2014.528330	1.202943e-10	9.120000e-01	5.599487e-25
9	601.137167	1.544336e-08	9.384000e-01	8.827148e-27
9	1521.641560	1.662679e-08	9.186000e-01	3.010345e-27
9	2004.159541	3.891639e-10	9.538000e-01	3.166149e-25
9	689.293350	1.580316e-08	9.340000e-01	9.558493e-27
9	580.343440	1.523076e-08	9.406000e-01	4.617742e-27
9	1521.641478	1.662679e-08	9.186000e-01	4.241614e-27
9	2015.205334	9.924373e-11	8.988000e-01	2.261534e-25
9	1350.419589	1.653772e-08	9.208000e-01	5.330982e-27
9	14004.970158	1.774317e-08	8.592000e-01	7.810138e-27
9	30268.141138	1.798656e-08	8.240000e-01	1.432352e-25
9	25462.357667	1.793715e-08	8.328000e-01	2.229193e-26
9	579.349310	2.631494e-08	9.670000e-01	2.739741e-11
9	55249.975797	1.813706e-08	7.888000e-01	2.409955e-25
9	38504.011312	1.805065e-08	8.108000e-01	1.736862e-25
9	27799.381247	1.796261e-08	8.284000e-01	1.170425e-25
9	575.826686	1.869258e-08	9.538000e-01	1.521891e-11
9	584.873895	1.347315e-07	9.934000e-01	3.634817e-11
9	841.882227	1.609502e-08	9.296000e-01	1.964163e-26
9	44727.293332	1.808788e-08	8.020000e-01	1.883470e-25
9	584.669714	1.006819e-07	9.912000e-01	3.627792e-11
9	30268.141694	1.798656e-08	8.240000e-01	1.767342e-26
9	574.538471	1.568240e-08	9.450000e-01	3.712724e-12
9	585.010233	2.034580e-07	9.956000e-01	3.631141e-11
9	38504.011911	1.805065e-08	8.108000e-01	1.174163e-25
9	585.010233	2.034580e-07	9.956000e-01	3.631141e-11
9	61080.750950	1.815911e-08	7.822000e-01	7.160743e-25
9	41539.521754	1.806975e-08	8.064000e-01	4.267760e-27
9	2008.764327	2.681071e-10	9.450000e-01	7.129908e-25
9	15626.300305	1.778150e-08	8.548000e-01	2.625484e-25
9	2016.123585	6.605877e-11	8.614000e-01	6.956496e-24
9	574.538471	1.568240e-08	9.450000e-01	3.712724e-12
9	584.669714	1.006819e-07	9.912000e-01	3.627792e-11
9	582.829987	4.426063e-08	9.802000e-01	3.419172e-11
9	585.023761	4.184434e-07	9.978001e-01	3.617136e-11
9	20171.900272	1.786593e-08	8.438000e-01	3.517410e-26
9	3916.429472	1.719511e-08	8.988000e-01	1.034967e-26
9	41539.521295	1.806975e-08	8.064000e-01	4.194831e-26
9	2013.831615	1.403368e-10	9.208000e-01	7.442531e-25
9	1999.616023	5.315652e-10	9.604000e-01	4.771078e-25
9	584.406429	8.032714e-08	9.890000e-01	3.609692e-11
9	580.343439	1.523076e-08	9.406000e-01	2.000586e-26
9	1990.872603	8.381536e-10	9.692000e-01	2.078716e-25
9	61080.750808	1.815911e-08	7.822000e-01	3.610084e-25
9	637.330744	1.563307e-08	9.362000e-01	2.027133e-26
9	585.023761	4.184433e-07	9.978001e-01	3.617136e-11
9	601.137171	1.544336e-08	9.384000e-01	6.807891e-27
9	575.826686	1.869258e-08	9.538000e-01	1.521891e-11
9	11774.113609	1.767980e-08	8.658000e-01	3.381542e-27
9	53392.812428	1.812936e-08	7.910000e-01	5.595775e-26
9	59093.308741	1.815193e-08	7.844000e-01	1.647055e-24
9	578.714692	2.464077e-08	9.648000e-01	2.576154e-11
9	574.463728	1.507966e-08	9.428000e-01	3.682689e-13
9	21168.689369	1.788113e-08	8.416000e-01	4.977465e-26
9	580.343437	1.523076e-08	9.406000e-01	1.936022e-26
9	689.293372	1.580316e-08	9.340000e-01	4.024630e-27
9	1997.863537	5.920647e-10	9.626000e-01	1.363775e-25
9	22195.689679	1.789582e-08	8.394000e-01	2.333809e-27
9	75800.750863	2.127568e-08	8.504000e-01	1.000000e-08
9	579.349310	2.631494e-08	9.670000e-01	2.739741e-11
9	59093.310874	1.815193e-08	7.844000e-01	9.022802e-25
9	14801.969574	1.776270e-08	8.570000e-01	3.664022e-26
9	1918.998599	1.678545e-08	9.142000e-01	1.412443e-26
9	29017.056456	1.797476e-08	8.262000e-01	1.225205e-25
9	579.980683	2.823109e-08	9.692000e-01	2.888380e-11
9	2941.360055	1.704203e-08	9.054000e-01	9.225546e-27
9	580.600713	3.044494e-08	9.714000e-01	3.022407e-11
9	583.716550	5.712330e-08	9.846000e-01	3.538788e-11
9	23253.338124	1.791004e-08	8.372000e-01	6.457704e-26
9	3246.056993	1.709623e-08	9.032000e-01	1.776673e-26
9	582.322338	3.976503e-08	9.780000e-01	3.340197e-11
9	17358.535364	1.781709e-08	8.504000e-01	1.258758e-26
9	585.010233	2.034580e-07	9.956000e-01	3.631141e-11
9	37041.996063	1.804070e-08	8.130000e-01	5.289543e-26
9	689.293332	1.580316e-08	9.340000e-01	7.981039e-27
9	2391.473570	1.692251e-08	9.098000e-01	1.818385e-27
9	2015.290805	9.643430e-11	8.966000e-01	7.303755e-24
9	35616.419398	1.803048e-08	8.152000e-01	3.656685e-26
9	582.829987	4.426063e-08	9.802000e-01	3.419172e-11
9	2016.531334	4.728254e-11	8.196000e-01	8.986005e-24
9	5962.155993	1.739807e-08	8.878000e-01	8.251579e-27
9	2015.640755	8.444590e-11	8.856000e-01	2.458386e-24
9	584.406429	8.032715e-08	9.890000e-01	3.609692e-11
9	48071.838280	1.810510e-08	7.976000e-01	3.301162e-25
9	63112.915786	1.816612e-08	7.800000e-01	1.877200e-10
9	1350.419580	1.653772e-08	9.208000e-01	2.520391e-27
9	11082.620082	1.765691e-08	8.680000e-01	2.293938e-27
9	27799.381289	1.796261e-08	8.284000e-01	1.066819e-25
9	46379.682385	1.809660e-08	7.998000e-01	2.760250e-30
9	578.085651	2.316597e-08	9.626000e-01	2.397281e-11
9	1350.419548	1.653772e-08	9.208000e-01	5.331360e-27
9	1521.641451	1.662679e-08	9.186000e-01	1.838403e-26
9	689.293336	1.580316e-08	9.340000e-01	6.489473e-27
9	65112.092035	1.866810e-08	7.932000e-01	1.000000e-08
9	1711.072972	1.670913e-08	9.164000e-01	5.222328e-27
9	579.349309	2.631494e-08	9.670000e-01	2.739741e-11
9	582.322338	3.976503e-08	9.780000e-01	3.340197e-11
9	27799.381218	1.796261e-08	8.284000e-01	6.233796e-26
9	2391.473477	1.692251e-08	9.098000e-01	1.512407e-26
9	41539.519930	1.806975e-08	8.064000e-01	8.688656e-26
9	31553.124941	1.799802e-08	8.218000e-01	9.244534e-26
9	43114.096088	1.807894e-08	8.042000e-01	9.350593e-26
9	2656.596029	1.698425e-08	9.076000e-01	4.541191e-27
9	943.145366	1.622098e-08	9.274000e-01	9.693980e-27
9	1521.641417	1.662679e-08	9.186000e-01	1.271723e-27
9	582.322338	3.976503e-08	9.780000e-01	3.340197e-11
9	575.011010	1.705206e-08	9.494000e-01	9.828360e-12
9	574.463728	1.507966e-08	9.428000e-01	3.682681e-13
9	23253.338199	1.791004e-08	8.372000e-01	1.385700e-26
9	76286.062718	2.139274e-08	8.526000e-01	1.000000e-08
9	583.716551	5.712331e-08	9.846000e-01	3.538788e-11
9	585.010233	2.034580e-07	9.956000e-01	3.631141e-11
9	41539.518474	1.806975e-08	8.064000e-01	5.554510e-26
9	32872.498606	1.800915e-08	8.196000e-01	3.899289e-26
9	1061.460174	1.633588e-08	9.252000e-01	3.560402e-27
9	5509.516499	1.736174e-08	8.900000e-01	4.206489e-27
9	2016.379611	5.481743e-11	8.394000e-01	2.598714e-23
9	2012.403106	1.783093e-10	9.318000e-01	1.030580e-24
9	4670.102037	1.728304e-08	8.944000e-01	1.480563e-26
9	15626.300277	1.778150e-08	8.548000e-01	1.685018e-26
9	2001.229483	4.782221e-10	9.582000e-01	1.567597e-25
9	32872.499374	1.800915e-08	8.196000e-01	2.308368e-25
9	55249.973428	1.813706e-08	7.888000e-01	3.161176e-26
9	71695.375227	2.028369e-08	8.306000e-01	1.000000e-08
9	48071.841442	1.810510e-08	7.976000e-01	3.540769e-25
9	578.714692	2.464077e-08	9.648000e-01	2.576154e-11
9	2016.517070	4.802941e-11	8.218000e-01	2.192638e-23
9	1350.419544	1.653772e-08	9.208000e-01	4.991866e-27
9	689.293385	1.580316e-08	9.340000e-01	1.353213e-26
9	584.669714	1.006819e-07	9.912000e-01	3.627792e-11
9	582.829987	4.426063e-08	9.802000e-01	3.419172e-11
9	581.202013	3.303084e-08	9.736000e-01	3.142160e-11
9	65112.092020	1.866810e-08	7.932000e-01	1.000000e-08
9	35616.409987	1.803048e-08	8.152000e-01	2.308038e-26
9	578.085652	2.316597e-08	9.626000e-01	2.397281e-11
9	1521.641536	1.662679e-08	9.186000e-01	4.720005e-27
9	601.137162	1.544336e-08	9.384000e-01	1.201459e-26
9	61080.751300	1.815911e-08	7.822000e-01	1.166218e-24
9	21168.688892	1.788113e-08	8.416000e-01	3.153445e-26
9	59093.309222	1.815193e-08	7.844000e-01	9.985611e-25
9	4670.101748	1.728304e-08	8.944000e-01	5.693875e-27
9	44727.293719	1.808788e-08	8.020000e-01	1.461898e-25
9	5078.936645	1.732346e-08	8.922000e-01	1.463948e-26
9	61080.749962	1.815911e-08	7.822000e-01	7.110643e-25
9	585.023761	4.184435e-07	9.978001e-01	3.617136e-11
9	2941.360039	1.704203e-08	9.054000e-01	2.850982e-26
9	2016.583213	4.448286e-11	8.108000e-01	1.503740e-23
9	9775.619211	1.760815e-08	8.724000e-01	1.146957e-26
9	2013.359179	1.532708e-10	9.252000e-01	9.525994e-25
9	1990.872604	8.381536e-10	9.692000e-01	2.031623e-25
9	9775.619604	1.760815e-08	8.724000e-01	7.834065e-26
9	57149.932856	1.814458e-08	7.866000e-01	1.157828e-24
9	7999.750578	1.752649e-08	8.790000e-01	2.628624e-26
9	61080.753061	1.815911e-08	7.822000e-01	1.476562e-24
9	637.330769	1.563307e-08	9.362000e-01	1.849655e-26
9	10416.576159	1.763305e-08	8.702000e-01	2.263551e-26
9	2016.708223	3.704710e-11	7.822000e-01	3.544577e-22
9	2005.483880	3.523344e-10	9.516000e-01	2.734101e-25
9	12491.420867	1.770177e-08	8.636000e-01	4.471703e-26
9	10416.575362	1.763305e-08	8.702000e-01	2.658983e-27
9	583.716550	5.712330e-08	9.846000e-01	3.538788e-11
9	3246.057085	1.709623e-08	9.032000e-01	1.932210e-26
9	3916.429545	1.719511e-08	8.988000e-01	3.455137e-27
9	2391.473331	1.692251e-08	9.098000e-01	2.556400e-27
9	1987.323009	9.567158e-10	9.714000e-01	5.863330e-26
9	2391.473405	1.692251e-08	9.098000e-01	4.150445e-27
9	581.777893	3.609019e-08	9.758000e-01	3.247976e-11
9	76286.062688	2.139274e-08	8.526000e-01	1.000000e-08
9	584.087714	6.678415e-08	9.868000e-01	3.580147e-11
9	40003.018046	1.806033e-08	8.086000e-01	2.900338e-25
9	2016.436553	5.208732e-11	8.328000e-01	5.601185e-24
9	1197.121443	1.644108e-08	9.230000e-01	7.995443e-27
9	46379.675931	1.809660e-08	7.998000e-01	2.182320e-25
9	574.725280	1.633759e-08	9.472000e-01	6.863933e-12
9	577.471733	2.185742e-08	9.604000e-01	2.202779e-11
9	61080.746795	1.815911e-08	7.822000e-01	3.730248e-25
9	757.368753	1.595638e-08	9.318000e-01	1.248740e-25
9	2015.803364	7.854669e-11	8.790000e-01	6.958002e-24
9	2941.359784	1.704203e-08	9.054000e-01	1.098864e-26
9	2013.608490	1.465015e-10	9.230000e-01	9.686717e-25
9	32872.498586	1.800915e-08	8.196000e-01	6.153938e-26
9	575.826686	1.869258e-08	9.538000e-01	1.521891e-11
9	17358.535507	1.781709e-08	8.504000e-01	2.347421e-26
9	76286.062788	2.139274e-08	8.526000e-01	1.000000e-08
9	61080.750246	1.815911e-08	7.822000e-01	5.172133e-24
9	40003.008167	1.806033e-08	8.086000e-01	6.775688e-26
9	10416.576081	1.763305e-08	8.702000e-01	1.483478e-26
9	11082.620512	1.765691e-08	8.680000e-01	2.162140e-26
9	2010.974208	2.140138e-10	9.384000e-01	1.161186e-25
9	9775.619848	1.760815e-08	8.724000e-01	8.746583e-27
9	583.716551	5.712331e-08	9.846000e-01	3.538788e-11
9	19204.893687	1.785021e-08	8.460000e-01	8.357115e-27
9	578.714692	2.464077e-08	9.648000e-01	2.576154e-11
9	5078.936658	1.732346e-08	8.922000e-01	2.681559e-27
9	27799.381351	1.796261e-08	8.284000e-01	4.532658e-26
9	34226.745657	1.801996e-08	8.174000e-01	2.389314e-25
9	24342.077579	1.792381e-08	8.350000e-01	4.308908e-26
9	2016.657487	4.020381e-11	7.954000e-01	1.232607e-22
9	-1.000000	-1.000000e+00	-1.000000e+00	-1.000000e+00
9	44727.289740	1.808788e-08	8.020000e-01	2.514589e-25
9	576.330981	1.963965e-08	9.560000e-01	1.765461e-11
9	23253.337636	1.791004e-08	8.372000e-01	4.457303e-27
9	576.330981	1.963965e-08	9.560000e-01	1.765461e-11
9	6437.174364	1.743258e-08	8.856000e-01	1.669661e-27
9	12491.421757	1.770177e-08	8.636000e-01	3.264142e-26
9	32872.499794	1.800915e-08	8.196000e-01	6.262205e-26
9	49804.343988	1.811338e-08	7.954000e-01	2.475646e-25
9	65112.092004	1.866810e-08	7.932000e-01	1.000000e-08
9	584.669714	1.006819e-07	9.912000e-01	3.627792e-11
9	8567.554919	1.755495e-08	8.768000e-01	6.184053e-26
9	580.343439	1.523076e-08	9.406000e-01	2.950086e-26
9	63112.915775	1.816612e-08	7.800000e-01	1.807653e-10
9	18267.244137	1.783394e-08	8.482000e-01	3.976956e-26
9	585.023761	4.184432e-07	9.978001e-01	3.617136e-11
9	583.296106	4.988514e-08	9.824000e-01	3.485250e-11
9	21168.689096	1.788113e-08	8.416000e-01	3.023481e-26
9	5509.516588	1.736174e-08	8.900000e-01	1.277051e-27
9	4670.102031	1.728304e-08	8.944000e-01	3.886139e-27
9	41539.522574	1.806975e-08	8.064000e-01	1.084744e-25
9	1521.641429	1.662679e-08	9.186000e-01	7.660855e-27
9	601.137175	1.544336e-08	9.384000e-01	3.484693e-26
9	46379.685119	1.809660e-08	7.998000e-01	1.265411e-25
9	7455.642581	1.749668e-08	8.812000e-01	8.311845e-27
9	17358.535532	1.781709e-08	8.504000e-01	6.512086e-26
9	2014.032314	1.346957e-10	9.186000e-01	5.162399e-25
9	584.406429	8.032714e-08	9.890000e-01	3.609692e-11
9	575.382479	1.783387e-08	9.516000e-01	1.261167e-11
9	37041.998611	1.804070e-08	8.130000e-01	8.056406e-26
9	757.368807	1.595638e-08	9.318000e-01	1.389280e-26
9	584.669714	1.006819e-07	9.912000e-01	3.627792e-11
9	583.296106	4.988515e-08	9.824000e-01	3.485250e-11
9	582.829987	4.426063e-08	9.802000e-01	3.419172e-11
9	2145.703489	1.685640e-08	9.120000e-01	1.946723e-26
9	38504.012378	1.805065e-08	8.108000e-01	2.816327e-26
9	18267.244118	1.783394e-08	8.482000e-01	4.246189e-26
9	585.023761	4.184432e-07	9.978001e-01	3.617136e-11
9	7455.642502	1.749668e-08	8.812000e-01	1.261819e-26
9	35616.420133	1.803048e-08	8.152000e-01	1.165568e-25
9	21168.689240	1.788113e-08	8.416000e-01	2.136543e-26
9	584.087714	6.678415e-08	9.868000e-01	3.580147e-11
9	55249.974485	1.813706e-08	7.888000e-01	7.101976e-25
9	2006.699917	3.201370e-10	9.494000e-01	8.291802e-26
9	584.873895	1.347315e-07	9.934000e-01	3.634817e-11
9	2656.595811	1.698425e-08	9.076000e-01	4.389630e-27
9	584.873895	1.347315e-07	9.934000e-01	3.634817e-11
9	31553.124816	1.799802e-08	8.218000e-01	2.111379e-26
9	2014.378314	1.247260e-10	9.142000e-01	1.654772e-24
9	582.322338	3.976503e-08	9.780000e-01	3.340197e-11
9	580.343443	1.523076e-08	9.406000e-01	2.245617e-26
9	2941.360063	1.704203e-08	9.054000e-01	5.849672e-26
9	575.382479	1.783387e-08	9.516000e-01	1.261167e-11
9	576.883193	2.068895e-08	9.582000e-01	1.992294e-11
9	2015.579580	8.660535e-11	8.878000e-01	2.232449e-24
9	578.714692	2.464077e-08	9.648000e-01	2.576154e-11
9	11774.113231	1.767980e-08	8.658000e-01	2.300187e-26
9	19204.893103	1.785021e-08	8.460000e-01	5.102860e-26
9	57149.927744	1.814458e-08	7.866000e-01	6.729588e-26
9	14004.970233	1.774317e-08	8.592000e-01	8.951490e-27
9	10416.575657	1.763305e-08	8.702000e-01	1.168615e-26
9	2015.205334	9.924373e-11	8.988000e-01	3.874691e-24
9	581.202013	3.303084e-08	9.736000e-01	3.142160e-11
9	2016.545054	4.655522e-11	8.174000e-01	1.529903e-23
9	584.669714	1.006819e-07	9.912000e-01	3.627792e-11
9	41539.519849	1.806975e-08	8.064000e-01	2.971208e-25
9	4670.102037	1.728304e-08	8.944000e-01	7.086435e-27
9	584.087714	6.678414e-08	9.868000e-01	3.580147e-11
9	12491.421497	1.770177e-08	8.636000e-01	1.145068e-26
9	41539.515991	1.806975e-08	8.064000e-01	1.523257e-27
9	1061.460201	1.633588e-08	9.252000e-01	5.413782e-27
9	59093.308953	1.815193e-08	7.844000e-01	5.677566e-25
9	2015.752365	8.042355e-11	8.812000e-01	3.460524e-24
9	9159.395698	1.758214e-08	8.746000e-01	4.686767e-26
9	20171.900222	1.786593e-08	8.438000e-01	2.444269e-26
9	2391.473502	1.692251e-08	9.098000e-01	1.289373e-26
9	37041.989076	1.804070e-08	8.130000e-01	2.355249e-26
9	578.085651	2.316597e-08	9.626000e-01	2.397281e-11
9	22195.689187	1.789582e-08	8.394000e-01	5.042305e-27
9	579.349310	2.631494e-08	9.670000e-01	2.739741e-11
9	2015.640755	8.444590e-11	8.856000e-01	2.401505e-23
9	3246.056855	1.709623e-08	9.032000e-01	2.364143e-27
9	3570.981396	1.714716e-08	9.010000e-01	4.717580e-27
9	32872.499007	1.800915e-08	8.196000e-01	8.308700e-26
9	35616.417413	1.803048e-08	8.152000e-01	6.787469e-26
9	57149.927679	1.814458e-08	7.866000e-01	6.913221e-26
9	584.669714	1.006819e-07	9.912000e-01	3.627792e-11
9	637.330762	1.563307e-08	9.362000e-01	9.357935e-27
9	583.296106	4.988514e-08	9.824000e-01	3.485250e-11
9	575.011010	1.705206e-08	9.494000e-01	9.828362e-12
9	44727.298602	1.808788e-08	8.020000e-01	1.367641e-25
9	583.716550	5.712330e-08	9.846000e-01	3.538788e-11
9	6437.174393	1.743258e-08	8.856000e-01	1.246012e-27
9	2009.610149	2.473647e-10	9.428000e-01	6.765015e-25
9	41539.525368	1.806976e-08	8.064000e-01	9.153639e-27
9	1918.998610	1.678545e-08	9.142000e-01	4.196140e-27
9	24342.077401	1.792381e-08	8.350000e-01	1.029951e-25
9	584.087714	6.678414e-08	9.868000e-01	3.580147e-11
9	576.883193	2.068895e-08	9.582000e-01	1.992294e-11
9	2391.473570	1.692251e-08	9.098000e-01	4.421166e-27
9	27799.381157	1.796261e-08	8.284000e-01	7.410170e-27
9	2010.342378	2.294866e-10	9.406000e-01	1.570666e-25
9	1350.419403	1.653772e-08	9.208000e-01	8.464947e-27
9	30268.141088	1.798656e-08	8.240000e-01	2.465348e-26
9	2009.610148	2.473647e-10	9.428000e-01	3.680976e-25
9	24342.077564	1.792381e-08	8.350000e-01	3.589627e-27
9	18267.243988	1.783394e-08	8.482000e-01	4.786107e-26
9	13234.914826	1.772288e-08	8.614000e-01	2.965552e-27
9	1197.121505	1.644108e-08	9.230000e-01	1.089357e-26
9	1918.998617	1.678545e-08	9.142000e-01	3.325533e-27
9	7455.642660	1.749668e-08	8.812000e-01	1.581669e-26
9	41539.524119	1.806975e-08	8.064000e-01	1.024826e-26
9	31553.124781	1.799802e-08	8.218000e-01	1.286983e-25
9	576.330981	1.963965e-08	9.560000e-01	1.765461e-11
9	41539.518331	1.806975e-08	8.064000e-01	1.218432e-25
9	40003.007483	1.806033e-08	8.086000e-01	5.894600e-26
9	46379.677717	1.809660e-08	7.998000e-01	1.526610e-25
9	65112.092011	1.866810e-08	7.932000e-01	1.000000e-08
9	11774.113535	1.767980e-08	8.658000e-01	2.948714e-27
9	582.829987	4.426063e-08	9.802000e-01	3.419172e-11
9	1918.998623	1.678545e-08	9.142000e-01	2.004115e-26
9	6934.894136	1.746541e-08	8.834000e-01	6.159170e-27
9	9775.619165	1.760815e-08	8.724000e-01	1.029723e-26
9	65112.092017	1.866810e-08	7.932000e-01	1.000000e-08
9	4282.701721	1.724033e-08	8.966000e-01	1.122637e-26
9	584.873895	1.347315e-07	9.934000e-01	3.634817e-11
9	9775.619773	1.760815e-08	8.724000e-01	4.108429e-27
9	2145.703460	1.685640e-08	9.120000e-01	4.042857e-27
9	20171.900236	1.786593e-08	8.438000e-01	1.360725e-25
9	2014.528330	1.202943e-10	9.120000e-01	5.767130e-25
9	53392.812667	1.812936e-08	7.910000e-01	2.565796e-25
9	11774.113315	1.767980e-08	8.658000e-01	4.311689e-26
9	1993.633668	7.420318e-10	9.670000e-01	2.501692e-25
9	43114.098365	1.807894e-08	8.042000e-01	5.535633e-26
9	3246.056881	1.709623e-08	9.032000e-01	2.267467e-26
9	583.296106	4.988515e-08	9.824000e-01	3.485250e-11
9	22195.689068	1.789582e-08	8.394000e-01	7.105693e-29
9	584.873895	1.347314e-07	9.934000e-01	3.634817e-11
9	2145.703388	1.685640e-08	9.120000e-01	2.089772e-26
9	5509.516261	1.736174e-08	8.900000e-01	3.155272e-26
9	43114.089997	1.807894e-08	8.042000e-01	4.675095e-26
9	22195.689622	1.789582e-08	8.394000e-01	1.033535e-26
9	53392.813045	1.812936e-08	7.910000e-01	1.715395e-25
9	46379.684303	1.809660e-08	7.998000e-01	1.682292e-25
9	2010.974209	2.140138e-10	9.384000e-01	1.281990e-24
9	14801.969336	1.776270e-08	8.570000e-01	1.392732e-26
9	2016.266416	5.996946e-11	8.504000e-01	1.596742e-23
9	59093.308742	1.815193e-08	7.844000e-01	1.318037e-25
9	601.137170	1.544336e-08	9.384000e-01	1.270289e-26
9	583.716551	5.712331e-08	9.846000e-01	3.538788e-11
9	5962.155993	1.739807e-08	8.878000e-01	1.394050e-26
9	8567.554834	1.755495e-08	8.768000e-01	1.890566e-27
9	57149.927809	1.814458e-08	7.866000e-01	3.176514e-25
9	585.023761	4.184432e-07	9.978001e-01	3.617136e-11
9	10416.575972	1.763305e-08	8.702000e-01	1.201664e-26
9	16478.355864	1.779962e-08	8.526000e-01	2.300474e-26
9	584.669714	1.006819e-07	9.912000e-01	3.627792e-11
9	11082.620307	1.765691e-08	8.680000e-01	2.768455e-26
9	20171.900418	1.786593e-08	8.438000e-01	5.749682e-26
9	583.296106	4.988515e-08	9.824000e-01	3.485250e-11
9	25462.357697	1.793715e-08	8.328000e-01	7.738476e-26
9	2941.360014	1.704203e-08	9.054000e-01	4.163571e-27
9	49804.339104	1.811339e-08	7.954000e-01	2.174181e-25
9	2014.213690	1.295108e-10	9.164000e-01	9.625267e-26
9	2391.473438	1.692251e-08	9.098000e-01	1.220303e-26
9	584.087714	6.678415e-08	9.868000e-01	3.580147e-11
9	61080.748980	1.815911e-08	7.822000e-01	1.097696e-24
9	2013.608490	1.465015e-10	9.230000e-01	5.862200e-25
9	10416.575519	1.763305e-08	8.702000e-01	1.172224e-26
9	12491.421486	1.770177e-08	8.636000e-01	2.426797e-27
9	12491.420985	1.770177e-08	8.636000e-01	5.458509e-28
9	24342.077692	1.792381e-08	8.350000e-01	2.598908e-26
9	49804.345682	1.811339e-08	7.954000e-01	1.222653e-25
9	8567.554755	1.755495e-08	8.768000e-01	5.549332e-26
9	580.600714	3.044494e-08	9.714000e-01	3.022407e-11
9	841.882214	1.609502e-08	9.296000e-01	1.721730e-27
9	30268.140967	1.798656e-08	8.240000e-01	5.494513e-26
9	4282.701966	1.724033e-08	8.966000e-01	2.328302e-26
9	49804.345981	1.811339e-08	7.954000e-01	2.818704e-26
9	6437.174589	1.743258e-08	8.856000e-01	2.801891e-27
9	580.600713	3.044494e-08	9.714000e-01	3.022407e-11
9	584.406429	8.032714e-08	9.890000e-01	3.609692e-11
9	34226.753854	1.801996e-08	8.174000e-01	4.166250e-26
9	579.980683	2.823109e-08	9.692000e-01	2.888380e-11
9	14004.969870	1.774317e-08	8.592000e-01	2.827343e-26
9	582.322338	3.976503e-08	9.780000e-01	3.340197e-11
9	44727.300096	1.808788e-08	8.020000e-01	3.442394e-26
9	582.322337	3.976503e-08	9.780000e-01	3.340197e-11
9	1995.905578	6.613666e-10	9.648000e-01	3.653641e-25
9	4282.701899	1.724033e-08	8.966000e-01	3.917691e-26
9	1061.460183	1.633588e-08	9.252000e-01	7.092586e-27
9	2016.240515	6.110439e-11	8.526000e-01	1.475466e-23
9	22195.689611	1.789582e-08	8.394000e-01	3.723747e-26
9	584.406429	8.032715e-08	9.890000e-01	3.609692e-11
9	32872.498917	1.800915e-08	8.196000e-01	1.087708e-25
9	2015.370455	9.377792e-11	8.944000e-01	1.012663e-24
9	581.777893	3.609019e-08	9.758000e-01	3.247976e-11
9	689.293372	1.580316e-08	9.340000e-01	1.255087e-26
9	14004.969785	1.774317e-08	8.592000e-01	9.353063e-27
9	577.471733	2.185742e-08	9.604000e-01	2.202779e-11
9	53392.812399	1.812936e-08	7.910000e-01	3.676419e-25
9	585.023761	4.184433e-07	9.978001e-01	3.617136e-11
9	1197.121398	1.644108e-08	9.230000e-01	7.484354e-27
9	78288.532983	2.187604e-08	8.614000e-01	1.000000e-08
9	55249.977705	1.813706e-08	7.888000e-01	2.055274e-25
9	2008.764327	2.681071e-10	9.450000e-01	4.748498e-25
9	584.873895	1.347315e-07	9.934000e-01	3.634817e-11
9	55249.975403	1.813706e-08	7.888000e-01	6.780134e-25
9	943.145455	1.622098e-08	9.274000e-01	1.131457e-26
9	44727.297171	1.808788e-08	8.020000e-01	1.560748e-25
9	1061.460228	1.633588e-08	9.252000e-01	7.721633e-27
9	582.829987	4.426063e-08	9.802000e-01	3.419172e-11
9	44727.295989	1.808788e-08	8.020000e-01	7.607582e-26
9	585.023761	4.184436e-07	9.978001e-01	3.617136e-11
9	1521.641478	1.662679e-08	9.186000e-01	4.435673e-27
9	2941.360076	1.704203e-08	9.054000e-01	1.422053e-26
9	4670.101990	1.728304e-08	8.944000e-01	8.605067e-27
9	48071.838601	1.810510e-08	7.976000e-01	1.271299e-25
9	689.293384	1.580316e-08	9.340000e-01	5.072417e-27
9	15626.300021	1.778150e-08	8.548000e-01	5.721713e-27
9	574.463728	1.507966e-08	9.428000e-01	3.682684e-13
9	-1.000000	-1.000000e+00	-1.000000e+00	-1.000000e+00
9	580.600714	3.044494e-08	9.714000e-01	3.022407e-11
9	40003.015223	1.806033e-08	8.086000e-01	9.038708e-26
9	574.725280	1.633759e-08	9.472000e-01	6.863932e-12
9	12491.421474	1.770177e-08	8.636000e-01	7.679773e-26
9	584.406429	8.032715e-08	9.890000e-01	3.609692e-11
9	6934.894174	1.746541e-08	8.834000e-01	1.234425e-26
9	61080.750034	1.815911e-08	7.822000e-01	9.590309e-25
9	1061.460218	1.633588e-08	9.252000e-01	3.897680e-27
9	11082.619929	1.765691e-08	8.680000e-01	5.787517e-26
9	1197.121493	1.644108e-08	9.230000e-01	1.104220e-26
9	2009.610148	2.473647e-10	9.428000e-01	4.184783e-26
9	78288.533036	2.187604e-08	8.614000e-01	1.000000e-08
9	581.777893	3.609019e-08	9.758000e-01	3.247976e-11
9	2015.896946	7.503156e-11	8.746000e-01	2.979104e-24
9	46379.680417	1.809660e-08	7.998000e-01	1.463241e-25
9	1061.460199	1.633588e-08	9.252000e-01	9.045287e-27
9	4670.102010	1.728304e-08	8.944000e-01	8.163301e-27
9	5509.516232	1.736174e-08	8.900000e-01	1.415038e-26
9	580.343439	1.523076e-08	9.406000e-01	1.114948e-26
9	585.010233	2.034580e-07	9.956000e-01	3.631141e-11
9	584.406429	8.032714e-08	9.890000e-01	3.609692e-11
9	44727.297335	1.808788e-08	8.020000e-01	4.875575e-25
9	2013.608490	1.465015e-10	9.230000e-01	3.140310e-24
9	4670.101984	1.728304e-08	8.944000e-01	1.088295e-26
9	38504.018629	1.805065e-08	8.108000e-01	2.743944e-26
9	78804.778886	2.200079e-08	8.636000e-01	1.000000e-08
9	46379.685766	1.809660e-08	7.998000e-01	1.243631e-26
9	3246.056813	1.709623e-08	9.032000e-01	5.529223e-27
9	65112.091938	1.866810e-08	7.932000e-01	1.000000e-08
9	76286.062778	2.139274e-08	8.526000e-01	1.000000e-08
9	583.716550	5.712330e-08	9.846000e-01	3.538788e-11
9	76286.062760	2.139274e-08	8.526000e-01	1.000000e-08
9	576.883194	2.068895e-08	9.582000e-01	1.992294e-11
9	582.829987	4.426063e-08	9.802000e-01	3.419172e-11
9	584.669714	1.006819e-07	9.912000e-01	3.627792e-11
9	580.343442	1.523076e-08	9.406000e-01	4.213366e-26
9	1974.743439	1.334960e-09	9.758000e-01	1.913772e-25
9	27799.381372	1.796261e-08	8.284000e-01	1.513560e-25
9	579.980683	2.823109e-08	9.692000e-01	2.888380e-11
9	757.368802	1.595638e-08	9.318000e-01	4.987117e-27
9	27799.381388	1.796261e-08	8.284000e-01	3.083033e-22
9	38504.020680	1.805065e-08	8.108000e-01	1.072953e-25
9	10416.575529	1.763305e-08	8.702000e-01	2.321165e-26
9	2015.113427	1.022208e-10	9.010000e-01	6.863793e-25
9	2656.595850	1.698425e-08	9.076000e-01	1.790727e-26
9	2941.360035	1.704203e-08	9.054000e-01	4.921239e-27
9	57149.933062	1.814458e-08	7.866000e-01	1.891522e-25
9	601.137178	1.544336e-08	9.384000e-01	7.558105e-27
9	41539.517083	1.806975e-08	8.064000e-01	2.405015e-25
9	584.087714	6.678415e-08	9.868000e-01	3.580147e-11
9	59093.309293	1.815193e-08	7.844000e-01	1.052787e-24
9	12491.421312	1.770177e-08	8.636000e-01	1.126419e-26
9	1918.998638	1.678545e-08	9.142000e-01	3.915843e-27
9	5962.156340	1.739807e-08	8.878000e-01	1.147467e-26
9	757.368776	1.595638e-08	9.318000e-01	1.071206e-26
9	583.716551	5.712331e-08	9.846000e-01	3.538788e-11
9	57149.930638	1.814458e-08	7.866000e-01	3.770259e-25
9	9775.619249	1.760815e-08	8.724000e-01	1.574743e-26
9	59093.309293	1.815193e-08	7.844000e-01	3.514305e-25
9	2013.079106	1.607434e-10	9.274000e-01	6.200371e-25
9	4670.101790	1.728304e-08	8.944000e-01	2.009169e-26
9	59093.309842	1.815193e-08	7.844000e-01	1.355381e-24
9	12491.421355	1.770177e-08	8.636000e-01	1.693549e-26
9	2015.752365	8.042355e-11	8.812000e-01	9.072609e-24
9	841.882290	1.609502e-08	9.296000e-01	1.117558e-26
9	1918.998490	1.678545e-08	9.142000e-01	4.783029e-27
9	5509.516618	1.736174e-08	8.900000e-01	2.882151e-27
9	584.406429	8.032714e-08	9.890000e-01	3.609692e-11
9	35616.418185	1.803048e-08	8.152000e-01	1.114403e-25
9	24342.077659	1.792381e-08	8.350000e-01	4.263388e-26
9	582.322337	3.976503e-08	9.780000e-01	3.340197e-11
9	576.330981	1.963965e-08	9.560000e-01	1.765461e-11
9	2014.665538	1.161756e-10	9.098000e-01	1.484760e-24
9	38504.021288	1.805065e-08	8.108000e-01	1.074782e-26
9	27799.381400	1.796261e-08	8.284000e-01	2.174905e-25
9	35616.413372	1.803048e-08	8.152000e-01	1.745576e-25
9	20171.900520	1.786593e-08	8.438000e-01	8.962072e-27
9	57149.929764	1.814458e-08	7.866000e-01	2.085851e-25
9	7999.750669	1.752649e-08	8.790000e-01	1.736286e-26
9	9159.396112	1.758214e-08	8.746000e-01	1.410141e-26
9	2016.502235	4.879663e-11	8.240000e-01	5.326700e-24
9	575.826686	1.869258e-08	9.538000e-01	1.521891e-11
9	2145.703434	1.685640e-08	9.120000e-01	1.215126e-26
9	1350.419515	1.653772e-08	9.208000e-01	1.451294e-27
9	46379.686679	1.809660e-08	7.998000e-01	2.884629e-26
9	78804.778739	2.200079e-08	8.636000e-01	1.000000e-08
9	2656.595868	1.698425e-08	9.076000e-01	1.055009e-26
9	2009.610148	2.473647e-10	9.428000e-01	3.525336e-25
9	5962.156394	1.739807e-08	8.878000e-01	2.507266e-26
9	757.368812	1.595638e-08	9.318000e-01	6.064301e-28
9	12491.420878	1.770177e-08	8.636000e-01	3.682886e-26
9	34226.748083	1.801996e-08	8.174000e-01	1.154813e-25
9	23253.337722	1.791004e-08	8.372000e-01	3.842877e-26
9	2008.764327	2.681071e-10	9.450000e-01	5.614820e-25
9	7455.642510	1.749668e-08	8.812000e-01	1.466184e-26
9	585.010233	2.034580e-07	9.956000e-01	3.631141e-11
9	3246.056987	1.709623e-08	9.032000e-01	2.481687e-26
9	1061.460115	1.633588e-08	9.252000e-01	1.571790e-27
9	18267.244384	1.783394e-08	8.482000e-01	5.427444e-26
9	583.296106	4.988514e-08	9.824000e-01	3.485250e-11
9	2941.359911	1.704203e-08	9.054000e-01	1.401974e-27
9	30268.141419	1.798656e-08	8.240000e-01	4.162754e-26
9	53392.812723	1.812936e-08	7.910000e-01	3.286156e-25
9	581.777893	3.609019e-08	9.758000e-01	3.247976e-11
9	34226.743923	1.801996e-08	8.174000e-01	5.296021e-26
9	577.471733	2.185742e-08	9.604000e-01	2.202779e-11
9	2016.418371	5.297049e-11	8.350000e-01	2.657432e-23
9	5078.936590	1.732346e-08	8.922000e-01	5.135680e-27
9	5962.156346	1.739807e-08	8.878000e-01	5.886415e-27
9	25462.358332	1.793715e-08	8.328000e-01	1.015341e-27
9	23253.338176	1.791004e-08	8.372000e-01	5.855744e-26
9	584.873895	1.347315e-07	9.934000e-01	3.634817e-11
9	20171.900611	1.786593e-08	8.438000e-01	1.250373e-26
9	49804.342951	1.811339e-08	7.954000e-01	8.615236e-25
9	2015.640755	8.444590e-11	8.856000e-01	8.932222e-24
9	2016.337343	5.678059e-11	8.438000e-01	7.239283e-24
9	2941.360080	1.704203e-08	9.054000e-01	7.847155e-27
9	574.463728	1.507966e-08	9.428000e-01	3.682695e-13
9	41539.522822	1.806975e-08	8.064000e-01	6.961841e-27
9	46379.674078	1.809660e-08	7.998000e-01	2.181327e-25
9	14801.969551	1.776270e-08	8.570000e-01	1.581531e-26
9	59093.308054	1.815193e-08	7.844000e-01	3.162777e-26
9	1061.460146	1.633588e-08	9.252000e-01	8.760239e-27
9	29017.056287	1.797476e-08	8.262000e-01	1.173085e-25
9	2011.519693	2.005430e-10	9.362000e-01	1.476021e-24
9	584.406429	8.032715e-08	9.890000e-01	3.609692e-11
9	43114.095604	1.807894e-08	8.042000e-01	1.565539e-25
9	637.330771	1.563307e-08	9.362000e-01	1.004155e-26
9	2015.698251	8.238775e-11	8.834000e-01	5.128328e-24
9	584.406429	8.032715e-08	9.890000e-01	3.609692e-11
9	7455.642454	1.749668e-08	8.812000e-01	1.848827e-26
9	757.368765	1.595638e-08	9.318000e-01	6.564703e-27
9	38504.016661	1.805065e-08	8.108000e-01	1.279233e-26
9	2015.514395	8.887426e-11	8.900000e-01	7.009774e-24
9	31553.125763	1.799802e-08	8.218000e-01	7.091368e-26
9	12491.421811	1.770177e-08	8.636000e-01	3.750103e-27
9	582.322338	3.976503e-08	9.780000e-01	3.340197e-11
9	2015.896946	7.503156e-11	8.746000e-01	4.911094e-24
9	46379.673772	1.809660e-08	7.998000e-01	9.230144e-25
9	3916.429617	1.719511e-08	8.988000e-01	6.189302e-27
9	577.471733	2.185742e-08	9.604000e-01	2.202778e-11
9	10416.575696	1.763305e-08	8.702000e-01	6.726081e-26
9	44727.288485	1.808788e-08	8.020000e-01	5.044983e-26
9	582.322337	3.976503e-08	9.780000e-01	3.340197e-11
9	575.011010	1.705206e-08	9.494000e-01	9.828361e-12
9	35616.420194	1.803048e-08	8.152000e-01	6.490009e-26
9	2016.154992	6.475331e-11	8.592000e-01	7.719108e-24
9	579.980683	2.823108e-08	9.692000e-01	2.888380e-11
9	13234.914591	1.772288e-08	8.614000e-01	2.735007e-26
9	4670.102134	1.728304e-08	8.944000e-01	8.293832e-27
9	583.296106	4.988514e-08	9.824000e-01	3.485250e-11
9	5509.516545	1.736174e-08	8.900000e-01	1.676014e-26
9	2656.595769	1.698425e-08	9.076000e-01	2.221994e-26
9	6934.894516	1.746541e-08	8.834000e-01	1.455095e-26
9	585.023761	4.184433e-07	9.978001e-01	3.617136e-11
9	38504.015039	1.805065e-08	8.108000e-01	1.574818e-25
9	57149.933463	1.814458e-08	7.866000e-01	6.306314e-25
9	49804.345742	1.811339e-08	7.954000e-01	1.178870e-25
9	55249.977182	1.813706e-08	7.888000e-01	2.417200e-25
9	3246.056833	1.709623e-08	9.032000e-01	1.498307e-26
9	29017.056452	1.797476e-08	8.262000e-01	1.669990e-26
9	75800.750834	2.127568e-08	8.504000e-01	1.000000e-08
9	38504.016046	1.805065e-08	8.108000e-01	2.716086e-26
9	601.137168	1.544336e-08	9.384000e-01	8.854439e-27
9	1521.641451	1.662679e-08	9.186000e-01	3.799046e-27
9	19204.893118	1.785022e-08	8.460000e-01	4.520110e-26
9	76286.062702	2.139274e-08	8.526000e-01	1.000000e-08
9	1350.419428	1.653772e-08	9.208000e-01	5.927837e-27
9	37041.998132	1.804070e-08	8.130000e-01	1.648368e-25
9	582.829987	4.426063e-08	9.802000e-01	3.419172e-11
9	6934.893984	1.746541e-08	8.834000e-01	1.440176e-26
9	7455.642375	1.749668e-08	8.812000e-01	3.838695e-27
9	575.011010	1.705206e-08	9.494000e-01	9.828362e-12
9	582.322338	3.976503e-08	9.780000e-01	3.340197e-11
9	577.471732	2.185742e-08	9.604000e-01	2.202778e-11
