24	35185.369687	1.776792e-08	7.462000e-01	1.000000e-08
24	34258.819288	1.731485e-08	7.300000e-01	8.900378e-09
24	34258.819156	1.731485e-08	7.300000e-01	9.597592e-09
24	262.396252	4.898219e-08	9.784000e-01	2.696041e-11
24	930.027979	1.684439e-08	9.001000e-01	4.410701e-27
24	828.713050	1.681727e-08	9.028000e-01	4.332088e-27
24	21550.714340	1.728223e-08	7.651000e-01	2.588877e-26
24	2891.206219	1.705650e-08	8.677000e-01	3.551569e-27
24	34714.328747	1.753805e-08	7.381000e-01	1.000000e-08
24	954.846226	8.793671e-11	8.839000e-01	6.075805e-24
24	-1.000000	-1.000000e+00	-1.000000e+00	-1.000000e+00
24	260.564907	2.981541e-08	9.649000e-01	2.225760e-11
24	262.305062	1.625154e-08	9.325000e-01	1.113841e-26
24	3122.028951	1.706818e-08	8.650000e-01	2.283012e-26
24	944.572462	8.433001e-10	9.676000e-01	4.531720e-26
24	955.587903	2.999981e-11	7.408000e-01	1.504276e-11
24	4749.982399	1.712718e-08	8.488000e-01	2.807138e-26
24	256.822111	1.662986e-08	9.379000e-01	2.084003e-12
24	7221.230700	1.717858e-08	8.299000e-01	3.821530e-26
24	6082.198502	1.715838e-08	8.380000e-01	1.581332e-26
24	262.680837	5.611907e-08	9.811000e-01	2.752822e-11
24	4448.695894	1.711849e-08	8.515000e-01	2.065649e-26
24	652.319860	1.675575e-08	9.082000e-01	3.773519e-27
24	4448.695923	1.711849e-08	8.515000e-01	5.106410e-27
24	3364.086626	1.707927e-08	8.623000e-01	1.417130e-26
24	35672.379375	1.800470e-08	7.543000e-01	1.000000e-08
24	16984.175317	1.726305e-08	7.813000e-01	1.998025e-26
24	35185.369906	1.776792e-08	7.462000e-01	1.000000e-08
24	39360.104934	1.978311e-08	8.083000e-01	1.000000e-08
24	9405.616539	1.720746e-08	8.164000e-01	4.004140e-26
24	35508.241469	1.792499e-08	7.516000e-01	1.000000e-08
24	828.713002	1.681727e-08	9.028000e-01	4.359229e-27
24	2671.423473	1.704418e-08	8.704000e-01	3.609160e-26
24	256.921721	1.615054e-08	9.352000e-01	4.772838e-26
24	256.921721	1.615054e-08	9.352000e-01	1.697459e-26
24	19945.602805	1.727619e-08	7.705000e-01	3.469926e-26
24	35672.379291	1.800470e-08	7.543000e-01	1.000000e-08
24	13120.608837	1.724023e-08	7.975000e-01	1.402384e-26
24	1159.670892	1.689268e-08	8.947000e-01	1.028910e-26
24	13120.609076	1.724023e-08	7.975000e-01	2.868242e-26
24	274.908249	1.633861e-08	9.298000e-01	2.438431e-27
24	4159.674902	1.710938e-08	8.542000e-01	3.971140e-27
24	257.681587	1.917253e-08	9.460000e-01	9.801503e-12
24	34408.956883	1.738852e-08	7.327000e-01	1.000000e-08
24	20737.475140	1.727925e-08	7.678000e-01	8.045769e-26
24	2076.416628	1.700278e-08	8.785000e-01	5.960835e-26
24	8487.423655	1.719654e-08	8.218000e-01	1.773534e-26
24	955.271762	5.849916e-11	8.407000e-01	2.274906e-23
24	35345.910253	1.784607e-08	7.489000e-01	1.000000e-08
24	451.066758	1.663964e-08	9.163000e-01	3.946692e-27
24	17694.369166	1.726647e-08	7.786000e-01	6.104190e-26
24	263.460443	1.326311e-07	9.919000e-01	2.867829e-11
24	34560.788344	1.746292e-08	7.354000e-01	1.000000e-08
24	2671.423303	1.704418e-08	8.704000e-01	4.052670e-27
24	6082.198421	1.715838e-08	8.380000e-01	2.655748e-27
24	451.066724	1.663964e-08	9.163000e-01	1.210756e-27
24	3122.028939	1.706818e-08	8.650000e-01	3.273610e-27
24	34869.595498	1.761392e-08	7.408000e-01	1.000000e-08
24	955.332637	5.379345e-11	8.299000e-01	1.189075e-25
24	39360.104928	1.978311e-08	8.083000e-01	1.000000e-08
24	20737.474386	1.727925e-08	7.678000e-01	6.514805e-27
24	263.553282	2.003636e-07	9.946000e-01	2.870382e-11
24	263.574005	4.119862e-07	9.973001e-01	2.863183e-11
24	19945.603050	1.727619e-08	7.705000e-01	1.630599e-26
24	257.681587	1.917253e-08	9.460000e-01	9.801502e-12
24	19174.712436	1.727304e-08	7.732000e-01	1.477732e-25
24	262.396252	4.898219e-08	9.784000e-01	2.696041e-11
24	509.902793	1.668215e-08	9.136000e-01	5.506492e-27
24	15621.956382	1.725589e-08	7.867000e-01	1.308603e-25
24	21550.713964	1.728223e-08	7.651000e-01	9.064485e-26
24	451.066744	1.663964e-08	9.163000e-01	3.522067e-27
24	652.319859	1.675575e-08	9.082000e-01	3.776202e-27
24	-1.000000	-1.000000e+00	-1.000000e+00	-1.000000e+00
24	2076.416721	1.700278e-08	8.785000e-01	1.509922e-26
24	11429.530260	1.722712e-08	8.056000e-01	5.557400e-26
24	7221.230633	1.717858e-08	8.299000e-01	1.181259e-26
24	6082.198460	1.715838e-08	8.380000e-01	2.844613e-26
24	954.248694	1.265460e-10	9.109000e-01	2.105848e-24
24	21550.714715	1.728223e-08	7.651000e-01	2.096001e-26
24	7628.830733	1.718480e-08	8.272000e-01	3.851223e-26
24	1731.523938	1.697076e-08	8.839000e-01	1.800669e-26
24	4749.982410	1.712718e-08	8.488000e-01	2.054462e-26
24	4749.982366	1.712718e-08	8.488000e-01	1.361412e-26
24	954.407489	1.163070e-10	9.055000e-01	2.678341e-24
24	954.991500	7.829992e-11	8.731000e-01	4.861115e-24
24	34560.788196	1.746292e-08	7.354000e-01	1.000000e-08
24	948.131536	5.621673e-10	9.595000e-01	1.270281e-25
24	2891.206269	1.705650e-08	8.677000e-01	4.806441e-27
24	955.574415	3.145919e-11	7.462000e-01	3.647022e-12
24	262.080201	4.343638e-08	9.757000e-01	2.627316e-11
24	258.444649	2.135474e-08	9.514000e-01	1.411994e-11
24	263.574005	4.119862e-07	9.973001e-01	2.863183e-11
24	6448.160400	1.716539e-08	8.353000e-01	5.998120e-27
24	2462.489169	1.703116e-08	8.731000e-01	1.060209e-26
24	35838.340463	1.808521e-08	7.570000e-01	1.000000e-08
24	7628.830736	1.718479e-08	8.272000e-01	2.440737e-26
24	35026.603777	1.769054e-08	7.435000e-01	1.000000e-08
24	35026.603433	1.769054e-08	7.435000e-01	1.000000e-08
24	1426.396828	1.693439e-08	8.893000e-01	8.533805e-27
24	7221.230534	1.717858e-08	8.299000e-01	1.051599e-26
24	34869.595284	1.761392e-08	7.408000e-01	1.000000e-08
24	950.337770	3.895616e-10	9.514000e-01	2.614758e-26
24	261.365487	3.538063e-08	9.703000e-01	2.452589e-11
24	274.908251	1.633861e-08	9.298000e-01	1.425472e-26
24	955.176432	6.550463e-11	8.542000e-01	8.751803e-24
24	257.681587	1.917253e-08	9.460000e-01	9.801503e-12
24	18424.425015	1.726980e-08	7.759000e-01	1.250514e-25
24	263.553282	2.003636e-07	9.946000e-01	2.870382e-11
24	6827.756648	1.717211e-08	8.326000e-01	3.862066e-26
24	954.958456	8.051487e-11	8.758000e-01	5.145475e-25
24	8487.423672	1.719655e-08	8.218000e-01	6.480721e-26
24	7628.830746	1.718479e-08	8.272000e-01	1.201949e-26
24	2076.416674	1.700278e-08	8.785000e-01	1.029287e-26
24	260.973867	3.236450e-08	9.676000e-01	2.345866e-11
24	263.323284	9.906527e-08	9.892000e-01	2.855162e-11
24	260.973867	3.236450e-08	9.676000e-01	2.345866e-11
24	19174.712414	1.727304e-08	7.732000e-01	2.819793e-25
24	576.938583	1.672067e-08	9.109000e-01	2.531407e-27
24	262.931537	6.564459e-08	9.838000e-01	2.798026e-11
24	2076.416779	1.700278e-08	8.785000e-01	2.079921e-27
24	942.567684	9.885888e-10	9.703000e-01	5.585957e-26
24	258.858567	2.264313e-08	9.541000e-01	1.604379e-11
24	258.858567	2.264313e-08	9.541000e-01	1.604379e-11
24	11429.530116	1.722712e-08	8.056000e-01	4.677270e-26
24	13120.608870	1.724023e-08	7.975000e-01	1.567562e-26
24	8487.423811	1.719655e-08	8.218000e-01	3.463184e-26
24	5729.632011	1.715107e-08	8.407000e-01	6.908346e-27
24	2076.416735	1.700278e-08	8.785000e-01	2.314471e-26
24	10899.405945	1.722245e-08	8.083000e-01	6.581022e-26
24	14969.236786	1.725216e-08	7.894000e-01	9.145383e-26
24	262.305064	1.625154e-08	9.325000e-01	4.395552e-27
24	262.680837	5.611907e-08	9.811000e-01	2.752822e-11
24	1731.523857	1.697076e-08	8.839000e-01	1.951563e-26
24	35838.340558	1.808521e-08	7.570000e-01	1.000000e-08
24	256.822111	1.662986e-08	9.379000e-01	2.084003e-12
24	2671.423458	1.704418e-08	8.704000e-01	8.840911e-28
24	509.902799	1.668215e-08	9.136000e-01	4.785640e-27
24	262.931537	6.564458e-08	9.838000e-01	2.798026e-11
24	952.634206	2.319937e-10	9.379000e-01	2.178000e-25
24	1574.076061	1.695318e-08	8.866000e-01	4.486927e-27
24	-1.000000	-1.000000e+00	-1.000000e+00	-1.000000e+00
24	19174.713108	1.727304e-08	7.732000e-01	1.054151e-25
24	576.938582	1.672067e-08	9.109000e-01	5.462187e-27
24	2462.489003	1.703116e-08	8.731000e-01	8.425437e-27
24	954.602304	1.037629e-10	8.974000e-01	7.591829e-25
24	261.735518	3.900379e-08	9.730000e-01	2.546286e-11
24	12539.828703	1.723600e-08	8.002000e-01	3.435265e-26
24	5729.632079	1.715107e-08	8.407000e-01	9.485675e-26
24	34714.329027	1.753805e-08	7.381000e-01	1.000000e-08
24	35185.369646	1.776792e-08	7.462000e-01	1.000000e-08
24	35345.910199	1.784607e-08	7.489000e-01	1.000000e-08
24	955.176432	6.550463e-11	8.542000e-01	8.605405e-24
24	1574.076094	1.695318e-08	8.866000e-01	8.207362e-27
24	953.152140	1.980670e-10	9.325000e-01	1.279100e-24
24	256.822111	1.662986e-08	9.379000e-01	2.084004e-12
24	5729.632007	1.715107e-08	8.407000e-01	2.336702e-26
24	2264.215060	1.701738e-08	8.758000e-01	8.436826e-28
24	34869.595520	1.761392e-08	7.408000e-01	1.000000e-08
24	34869.595475	1.761392e-08	7.408000e-01	1.000000e-08
24	11976.237848	1.723163e-08	8.029000e-01	4.731317e-27
24	2671.423303	1.704418e-08	8.704000e-01	4.693253e-27
24	35026.603790	1.769054e-08	7.435000e-01	1.000000e-08
24	256.822111	1.662986e-08	9.379000e-01	2.084003e-12
24	257.681587	1.917253e-08	9.460000e-01	9.801502e-12
24	256.921721	1.615054e-08	9.352000e-01	3.960772e-26
24	933.682082	1.586757e-09	9.757000e-01	2.044756e-26
24	39360.104944	1.978311e-08	8.083000e-01	1.000000e-08
24	930.028023	1.684439e-08	9.001000e-01	4.789014e-27
24	260.143362	2.763337e-08	9.622000e-01	2.091915e-11
24	256.822111	1.662986e-08	9.379000e-01	2.084002e-12
24	262.680837	5.611907e-08	9.811000e-01	2.752822e-11
24	9405.616670	1.720746e-08	8.164000e-01	8.349585e-27
24	-1.000000	-1.000000e+00	-1.000000e+00	-1.000000e+00
24	944.572462	8.433001e-10	9.676000e-01	2.288787e-25
24	258.444649	2.135474e-08	9.514000e-01	1.411993e-11
24	263.574005	4.119863e-07	9.973001e-01	2.863183e-11
24	258.049718	2.020475e-08	9.487000e-01	1.204049e-11
24	2076.416765	1.700278e-08	8.785000e-01	8.558572e-27
24	954.331479	1.212043e-10	9.082000e-01	1.185508e-23
24	19174.714083	1.727304e-08	7.732000e-01	2.942055e-25
24	22385.729147	1.728513e-08	7.624000e-01	7.843379e-26
24	1159.670862	1.689268e-08	8.947000e-01	1.966978e-26
24	954.658081	1.001644e-10	8.947000e-01	6.697348e-25
24	955.483649	4.080802e-11	7.894000e-01	1.344483e-23
24	15621.956548	1.725589e-08	7.867000e-01	2.728853e-26
24	260.143362	2.763337e-08	9.622000e-01	2.091915e-11
24	36006.141284	1.816653e-08	7.597000e-01	1.000000e-08
24	955.079735	7.229399e-11	8.650000e-01	1.011068e-24
24	1426.396806	1.693439e-08	8.893000e-01	1.364832e-26
24	4749.982384	1.712718e-08	8.488000e-01	1.003152e-27
24	258.858567	2.264313e-08	9.541000e-01	1.604379e-11
24	257.681587	1.917253e-08	9.460000e-01	9.801502e-12
24	5390.226595	1.714345e-08	8.434000e-01	2.973184e-26
24	955.217527	6.253037e-11	8.488000e-01	3.885257e-25
24	322.327836	1.648102e-08	9.244000e-01	8.517568e-27
24	3364.086740	1.707927e-08	8.623000e-01	1.996647e-26
24	576.938568	1.672067e-08	9.109000e-01	1.889125e-26
24	1426.396894	1.693439e-08	8.893000e-01	1.968774e-26
24	7221.230572	1.717858e-08	8.299000e-01	5.338255e-26
24	260.564907	2.981541e-08	9.649000e-01	2.225760e-11
24	6827.756507	1.717211e-08	8.326000e-01	1.925140e-26
24	8050.809296	1.719078e-08	8.245000e-01	3.358172e-26
24	1574.076102	1.695318e-08	8.866000e-01	1.485339e-26
24	652.319867	1.675575e-08	9.082000e-01	4.731965e-27
24	263.553282	2.003636e-07	9.946000e-01	2.870381e-11
24	259.284132	2.409570e-08	9.568000e-01	1.781584e-11
24	257.681587	1.917253e-08	9.460000e-01	9.801503e-12
24	19945.602272	1.727619e-08	7.705000e-01	4.873017e-26
24	4448.695850	1.711849e-08	8.515000e-01	1.829912e-26
24	933.682082	1.586757e-09	9.757000e-01	3.410921e-26
24	954.058625	1.388504e-10	9.163000e-01	8.732038e-26
24	6082.198569	1.715838e-08	8.380000e-01	3.574074e-27
24	18424.425919	1.726980e-08	7.759000e-01	2.638176e-26
24	22385.728469	1.728513e-08	7.624000e-01	2.083459e-25
24	34258.819660	1.731485e-08	7.300000e-01	1.000000e-08
24	34560.788216	1.746292e-08	7.354000e-01	1.000000e-08
24	1898.912429	1.698727e-08	8.812000e-01	2.326589e-27
24	294.869849	1.641442e-08	9.271000e-01	1.972884e-26
24	2076.416630	1.700278e-08	8.785000e-01	7.558481e-27
24	1159.670935	1.689268e-08	8.947000e-01	1.300374e-26
24	944.572462	8.433001e-10	9.676000e-01	4.221957e-26
24	14334.991907	1.724830e-08	7.921000e-01	1.342148e-25
24	262.680837	5.611907e-08	9.811000e-01	2.752822e-11
24	4159.674889	1.710938e-08	8.542000e-01	2.006206e-26
24	952.634206	2.319937e-10	9.379000e-01	5.960490e-25
24	1574.076113	1.695318e-08	8.866000e-01	1.173104e-26
24	6448.160446	1.716538e-08	8.353000e-01	4.748017e-26
24	5063.752045	1.713550e-08	8.461000e-01	1.519031e-27
24	13718.890399	1.724433e-08	7.948000e-01	4.890761e-26
24	15621.956530	1.725589e-08	7.867000e-01	5.618001e-27
24	-1.000000	-1.000000e+00	-1.000000e+00	-1.000000e+00
24	11976.237880	1.723163e-08	8.029000e-01	3.342868e-26
24	1731.523932	1.697076e-08	8.839000e-01	5.575013e-27
24	257.348494	1.824137e-08	9.433000e-01	7.398810e-12
24	1426.396868	1.693439e-08	8.893000e-01	1.128827e-26
24	5390.226722	1.714345e-08	8.434000e-01	2.590264e-26
24	451.066742	1.663964e-08	9.163000e-01	3.448405e-27
24	19174.714407	1.727304e-08	7.732000e-01	7.988291e-26
24	955.577926	3.088223e-11	7.408000e-01	6.372982e-23
24	256.921722	1.615054e-08	9.352000e-01	6.830688e-26
24	39360.104928	1.978311e-08	8.083000e-01	1.000000e-08
24	11976.237698	1.723163e-08	8.029000e-01	9.620796e-27
24	576.938569	1.672067e-08	9.109000e-01	1.965322e-26
24	1040.294631	1.686946e-08	8.974000e-01	2.410277e-27
24	257.681587	1.917253e-08	9.460000e-01	9.801503e-12
24	15621.956517	1.725589e-08	7.867000e-01	8.198277e-26
24	260.564907	2.981541e-08	9.649000e-01	2.225760e-11
24	260.143362	2.763337e-08	9.622000e-01	2.091915e-11
24	955.236529	6.113288e-11	8.461000e-01	6.379556e-24
24	1159.670841	1.689268e-08	8.947000e-01	2.421186e-27
24	34408.956136	1.738852e-08	7.327000e-01	1.000000e-08
24	35672.379180	1.800470e-08	7.543000e-01	1.000000e-08
24	2264.215133	1.701738e-08	8.758000e-01	5.696603e-27
24	258.858567	2.264313e-08	9.541000e-01	1.604379e-11
24	4159.674825	1.710938e-08	8.542000e-01	4.393551e-26
24	19945.602717	1.727619e-08	7.705000e-01	6.386427e-26
24	35026.603801	1.769054e-08	7.435000e-01	1.000000e-08
24	34714.329096	1.753805e-08	7.381000e-01	1.000000e-08
24	35026.603838	1.769054e-08	7.435000e-01	1.000000e-08
24	260.564907	2.981541e-08	9.649000e-01	2.225760e-11
24	16984.174875	1.726305e-08	7.813000e-01	9.067009e-26
24	950.930983	3.468657e-10	9.487000e-01	3.588478e-25
24	3122.028965	1.706818e-08	8.650000e-01	1.553210e-26
24	8487.423832	1.719654e-08	8.218000e-01	1.415981e-26
24	18424.425289	1.726980e-08	7.759000e-01	1.124051e-25
24	35185.370012	1.776792e-08	7.462000e-01	1.000000e-08
24	263.146297	7.899744e-08	9.865000e-01	2.832017e-11
24	2462.489064	1.703116e-08	8.731000e-01	2.863984e-26
24	3617.578165	1.708980e-08	8.596000e-01	2.714530e-27
24	7221.230519	1.717858e-08	8.299000e-01	3.046950e-26
24	4749.982394	1.712718e-08	8.488000e-01	2.238309e-26
24	955.585144	3.001455e-11	7.354000e-01	6.351779e-22
24	6827.756599	1.717211e-08	8.326000e-01	1.603661e-27
24	16984.175208	1.726305e-08	7.813000e-01	8.728624e-26
24	36006.141619	1.816653e-08	7.597000e-01	1.000000e-08
24	261.735518	3.900379e-08	9.730000e-01	2.546286e-11
24	8938.937179	1.720210e-08	8.191000e-01	2.105629e-26
24	262.305065	1.625154e-08	9.325000e-01	9.751032e-27
24	35185.369900	1.776792e-08	7.462000e-01	1.000000e-08
24	451.066757	1.663964e-08	9.163000e-01	7.164675e-27
24	13120.608830	1.724023e-08	7.975000e-01	3.835322e-26
24	11429.530069	1.722712e-08	8.056000e-01	4.484005e-26
24	6827.756459	1.717211e-08	8.326000e-01	3.603926e-26
24	1040.294630	1.686946e-08	8.974000e-01	3.286360e-27
24	258.858567	2.264313e-08	9.541000e-01	1.604379e-11
24	955.130729	6.874594e-11	8.596000e-01	1.868044e-24
24	13718.890392	1.724433e-08	7.948000e-01	6.820924e-26
24	954.248694	1.265460e-10	9.109000e-01	3.952196e-25
24	950.930983	3.468657e-10	9.487000e-01	1.078304e-24
24	357.420363	1.653997e-08	9.217000e-01	1.104290e-26
24	257.059042	1.739759e-08	9.406000e-01	4.827938e-12
24	357.420395	1.653997e-08	9.217000e-01	2.319380e-28
24	258.049718	2.020475e-08	9.487000e-01	1.204049e-11
24	1040.294665	1.686946e-08	8.974000e-01	8.689869e-27
24	263.574005	4.119864e-07	9.973001e-01	2.863183e-11
24	35026.603643	1.769054e-08	7.435000e-01	1.000000e-08
24	262.080201	4.343638e-08	9.757000e-01	2.627316e-11
24	34258.819156	1.731485e-08	7.300000e-01	9.428713e-09
24	7628.830751	1.718479e-08	8.272000e-01	1.185674e-26
24	3617.578199	1.708980e-08	8.596000e-01	6.126529e-27
24	256.822111	1.662986e-08	9.379000e-01	2.084004e-12
24	18424.425625	1.726980e-08	7.759000e-01	3.211665e-25
24	451.066753	1.663964e-08	9.163000e-01	1.198548e-26
24	13718.890484	1.724433e-08	7.948000e-01	1.476802e-26
24	35026.603421	1.769054e-08	7.435000e-01	1.000000e-08
24	15621.956613	1.725589e-08	7.867000e-01	4.672697e-26
24	-1.000000	-1.000000e+00	-1.000000e+00	-1.000000e+00
24	16984.175279	1.726305e-08	7.813000e-01	3.546647e-26
24	20737.475255	1.727925e-08	7.678000e-01	5.146146e-25
24	1574.076109	1.695318e-08	8.866000e-01	2.663606e-27
24	16984.175302	1.726305e-08	7.813000e-01	2.579957e-26
24	11976.237800	1.723163e-08	8.029000e-01	9.789422e-27
24	35838.340932	1.808521e-08	7.570000e-01	1.000000e-08
24	35838.340578	1.808521e-08	7.570000e-01	1.000000e-08
24	7221.230619	1.717858e-08	8.299000e-01	1.006006e-26
24	955.452316	4.371426e-11	8.002000e-01	1.253828e-23
24	11976.237749	1.723163e-08	8.029000e-01	4.263993e-27
24	652.319801	1.675575e-08	9.082000e-01	7.740882e-27
24	1288.317135	1.691427e-08	8.920000e-01	1.994927e-27
24	6082.198441	1.715838e-08	8.380000e-01	2.500452e-26
24	9887.735197	1.721263e-08	8.137000e-01	3.250675e-26
24	930.028038	1.684439e-08	9.001000e-01	9.680849e-27
24	954.958456	8.051487e-11	8.758000e-01	2.190565e-24
24	262.080201	4.343638e-08	9.757000e-01	2.627316e-11
24	260.973867	3.236450e-08	9.676000e-01	2.345866e-11
24	262.080201	4.343639e-08	9.757000e-01	2.627316e-11
24	35838.340444	1.808521e-08	7.570000e-01	1.000000e-08
24	9405.616817	1.720746e-08	8.164000e-01	2.817243e-27
24	20737.475048	1.727925e-08	7.678000e-01	6.280153e-26
24	7628.830748	1.718479e-08	8.272000e-01	2.598990e-27
24	2462.489113	1.703116e-08	8.731000e-01	8.710525e-27
24	6448.160497	1.716538e-08	8.353000e-01	3.103843e-26
24	19945.603295	1.727619e-08	7.705000e-01	9.270555e-26
24	263.553282	2.003636e-07	9.946000e-01	2.870381e-11
24	19174.712892	1.727304e-08	7.732000e-01	4.661479e-25
24	14969.236680	1.725216e-08	7.894000e-01	4.434893e-26
24	6827.756457	1.717211e-08	8.326000e-01	1.213274e-26
24	258.049718	2.020475e-08	9.487000e-01	1.204049e-11
24	736.194545	1.678783e-08	9.055000e-01	1.502058e-27
24	954.658081	1.001644e-10	8.947000e-01	1.617742e-26
24	14334.991701	1.724830e-08	7.921000e-01	4.096609e-26
24	14969.236863	1.725216e-08	7.894000e-01	1.583424e-26
24	7221.230618	1.717858e-08	8.299000e-01	5.388785e-27
24	257.059042	1.739759e-08	9.406000e-01	4.827938e-12
24	1426.396916	1.693439e-08	8.893000e-01	8.420124e-27
24	736.194535	1.678783e-08	9.055000e-01	2.484886e-27
24	12539.828721	1.723600e-08	8.002000e-01	1.666121e-27
24	400.286572	1.659251e-08	9.190000e-01	3.930862e-27
24	19945.602561	1.727619e-08	7.705000e-01	9.418711e-26
24	294.869841	1.641442e-08	9.271000e-01	8.093551e-27
24	8938.937080	1.720210e-08	8.191000e-01	9.476620e-26
24	256.822111	1.662986e-08	9.379000e-01	2.084003e-12
24	14969.237134	1.725216e-08	7.894000e-01	1.260602e-25
24	294.869859	1.641442e-08	9.271000e-01	1.262203e-26
24	400.286582	1.659251e-08	9.190000e-01	1.070461e-26
24	1731.523815	1.697076e-08	8.839000e-01	5.501331e-27
24	294.869851	1.641442e-08	9.271000e-01	3.419205e-27
24	11429.530018	1.722712e-08	8.056000e-01	1.854869e-26
24	35838.340839	1.808521e-08	7.570000e-01	1.000000e-08
24	9887.735117	1.721263e-08	8.137000e-01	8.286838e-26
24	10899.405900	1.722245e-08	8.083000e-01	2.484825e-26
24	1426.396878	1.693439e-08	8.893000e-01	8.403285e-27
24	35838.340627	1.808521e-08	7.570000e-01	1.000000e-08
24	263.574005	4.119865e-07	9.973001e-01	2.863183e-11
24	12539.828858	1.723600e-08	8.002000e-01	8.206030e-26
24	1731.523952	1.697076e-08	8.839000e-01	3.813455e-27
24	954.058625	1.388504e-10	9.163000e-01	1.758196e-24
24	263.460443	1.326312e-07	9.919000e-01	2.867829e-11
24	12539.828537	1.723600e-08	8.002000e-01	2.029940e-26
24	15621.956183	1.725589e-08	7.867000e-01	2.872426e-26
24	5063.752075	1.713550e-08	8.461000e-01	4.187676e-26
24	19945.603072	1.727619e-08	7.705000e-01	1.363372e-25
24	36006.141639	1.816653e-08	7.597000e-01	1.000000e-08
24	19174.712567	1.727304e-08	7.732000e-01	1.503115e-25
24	828.713011	1.681727e-08	9.028000e-01	2.381973e-28
24	1040.294616	1.686946e-08	8.974000e-01	1.785899e-26
24	11976.237512	1.723163e-08	8.029000e-01	3.748239e-26
24	259.714505	2.574511e-08	9.595000e-01	1.943976e-11
24	35508.241641	1.792499e-08	7.516000e-01	1.000000e-08
24	20737.475049	1.727925e-08	7.678000e-01	2.433016e-26
24	256.822111	1.662986e-08	9.379000e-01	2.084003e-12
24	258.444649	2.135474e-08	9.514000e-01	1.411994e-11
24	2264.215167	1.701738e-08	8.758000e-01	7.762297e-27
24	16293.487988	1.725952e-08	7.840000e-01	6.576300e-27
24	34408.957244	1.738852e-08	7.327000e-01	1.000000e-08
24	17694.369211	1.726647e-08	7.786000e-01	8.690030e-26
24	11429.529989	1.722712e-08	8.056000e-01	1.315102e-26
24	954.846226	8.793671e-11	8.839000e-01	1.504557e-24
24	259.714504	2.574511e-08	9.595000e-01	1.943976e-11
24	954.058625	1.388504e-10	9.163000e-01	1.751926e-24
24	263.553282	2.003636e-07	9.946000e-01	2.870381e-11
24	3617.578014	1.708980e-08	8.596000e-01	1.503061e-26
24	10385.570345	1.721763e-08	8.110000e-01	6.018120e-27
24	35508.241443	1.792499e-08	7.516000e-01	1.000000e-08
24	257.348495	1.824137e-08	9.433000e-01	7.398812e-12
24	14334.991810	1.724830e-08	7.921000e-01	1.205337e-26
24	4448.695951	1.711849e-08	8.515000e-01	4.714724e-26
24	18424.425078	1.726980e-08	7.759000e-01	4.626975e-26
24	259.284132	2.409570e-08	9.568000e-01	1.781584e-11
24	256.822111	1.662986e-08	9.379000e-01	2.084004e-12
24	736.194594	1.678783e-08	9.055000e-01	8.367132e-27
24	261.735518	3.900380e-08	9.730000e-01	2.546286e-11
24	16984.175271	1.726305e-08	7.813000e-01	6.133913e-26
24	19174.713454	1.727304e-08	7.732000e-01	6.254583e-26
24	4448.695877	1.711849e-08	8.515000e-01	2.018894e-28
24	13120.608967	1.724023e-08	7.975000e-01	1.367858e-26
24	20737.474158	1.727925e-08	7.678000e-01	7.826890e-26
24	263.323284	9.906528e-08	9.892000e-01	2.855162e-11
24	34869.595524	1.761392e-08	7.408000e-01	1.000000e-08
24	263.553282	2.003636e-07	9.946000e-01	2.870382e-11
24	262.396252	4.898219e-08	9.784000e-01	2.696041e-11
24	576.938551	1.672067e-08	9.109000e-01	7.272867e-28
24	2462.489142	1.703116e-08	8.731000e-01	2.698497e-26
24	954.658081	1.001644e-10	8.947000e-01	9.814395e-25
24	35185.369824	1.776792e-08	7.462000e-01	1.000000e-08
24	5063.752102	1.713550e-08	8.461000e-01	1.211148e-27
24	260.973867	3.236450e-08	9.676000e-01	2.345866e-11
24	14334.991761	1.724830e-08	7.921000e-01	1.744889e-26
24	1731.523823	1.697076e-08	8.839000e-01	6.456726e-27
24	14334.991834	1.724830e-08	7.921000e-01	1.757792e-26
24	263.146297	7.899745e-08	9.865000e-01	2.832017e-11
24	400.286570	1.659251e-08	9.190000e-01	5.369405e-27
24	4749.982358	1.712718e-08	8.488000e-01	1.451195e-26
24	35026.603820	1.769054e-08	7.435000e-01	1.000000e-08
24	2076.416711	1.700278e-08	8.785000e-01	5.125249e-27
24	258.858567	2.264313e-08	9.541000e-01	1.604379e-11
24	35508.241322	1.792499e-08	7.516000e-01	1.000000e-08
24	257.348494	1.824137e-08	9.433000e-01	7.398811e-12
24	21550.714458	1.728223e-08	7.651000e-01	1.086839e-25
24	3882.705594	1.709983e-08	8.569000e-01	3.856679e-26
24	35672.379260	1.800470e-08	7.543000e-01	1.000000e-08
24	1040.294695	1.686946e-08	8.974000e-01	4.896849e-27
24	263.553282	2.003636e-07	9.946000e-01	2.870381e-11
24	5390.226612	1.714345e-08	8.434000e-01	1.491683e-26
24	35185.369639	1.776792e-08	7.462000e-01	1.000000e-08
24	6448.160436	1.716538e-08	8.353000e-01	5.780877e-27
24	652.319838	1.675575e-08	9.082000e-01	3.477191e-27
24	2264.215202	1.701738e-08	8.758000e-01	6.396600e-27
24	955.079735	7.229399e-11	8.650000e-01	5.034458e-24
24	954.710026	9.680535e-11	8.920000e-01	5.825706e-25
24	258.444649	2.135474e-08	9.514000e-01	1.411994e-11
24	21550.714599	1.728223e-08	7.651000e-01	1.793402e-25
24	19945.603228	1.727619e-08	7.705000e-01	1.908752e-25
24	263.574005	4.119864e-07	9.973001e-01	2.863183e-11
24	14969.236774	1.725216e-08	7.894000e-01	2.438760e-26
24	4448.695959	1.711849e-08	8.515000e-01	5.689815e-27
24	1159.670861	1.689268e-08	8.947000e-01	3.133774e-26
24	1731.523865	1.697076e-08	8.839000e-01	3.866020e-26
24	21550.714481	1.728223e-08	7.651000e-01	2.910426e-25
24	8487.423722	1.719655e-08	8.218000e-01	3.473723e-26
24	263.460443	1.326312e-07	9.919000e-01	2.867829e-11
24	263.574005	4.119863e-07	9.973001e-01	2.863183e-11
24	36175.799008	1.824867e-08	7.624000e-01	1.000000e-08
24	11976.237535	1.723163e-08	8.029000e-01	1.185644e-27
24	35026.603477	1.769054e-08	7.435000e-01	1.000000e-08
24	263.574005	4.119863e-07	9.973001e-01	2.863183e-11
24	263.146297	7.899744e-08	9.865000e-01	2.832017e-11
24	34560.788095	1.746292e-08	7.354000e-01	1.000000e-08
24	3882.705579	1.709983e-08	8.569000e-01	3.338875e-27
24	3364.086752	1.707927e-08	8.623000e-01	1.665666e-26
24	34408.956784	1.738852e-08	7.327000e-01	1.000000e-08
24	17694.369138	1.726647e-08	7.786000e-01	3.170813e-26
24	35838.340852	1.808521e-08	7.570000e-01	1.000000e-08
24	257.059042	1.739759e-08	9.406000e-01	4.827938e-12
24	20737.473357	1.727925e-08	7.678000e-01	8.828575e-26
24	955.434600	4.529802e-11	8.056000e-01	6.219087e-24
24	1898.912330	1.698727e-08	8.812000e-01	1.779995e-26
24	16984.174996	1.726305e-08	7.813000e-01	3.809537e-26
24	15621.956332	1.725589e-08	7.867000e-01	1.943942e-26
24	954.542281	1.076296e-10	9.001000e-01	1.724057e-24
24	35185.369561	1.776792e-08	7.462000e-01	1.000000e-08
24	7628.830706	1.718479e-08	8.272000e-01	9.274275e-27
24	19945.603340	1.727619e-08	7.705000e-01	1.139444e-25
24	1040.294701	1.686946e-08	8.974000e-01	1.262870e-26
24	294.869842	1.641442e-08	9.271000e-01	1.722111e-26
24	13120.609139	1.724023e-08	7.975000e-01	2.272231e-26
24	1288.317132	1.691427e-08	8.920000e-01	1.386013e-26
24	5063.752098	1.713550e-08	8.461000e-01	1.784438e-26
24	9887.735242	1.721263e-08	8.137000e-01	8.835505e-26
24	7221.230708	1.717858e-08	8.299000e-01	7.930241e-26
24	3882.705617	1.709983e-08	8.569000e-01	6.329325e-27
24	36006.141315	1.816653e-08	7.597000e-01	1.000000e-08
24	11429.530283	1.722712e-08	8.056000e-01	2.905999e-26
24	35838.340814	1.808521e-08	7.570000e-01	1.000000e-08
24	7628.830805	1.718480e-08	8.272000e-01	5.097563e-26
24	954.477531	1.117978e-10	9.028000e-01	1.382847e-25
24	262.396252	4.898219e-08	9.784000e-01	2.696041e-11
24	16984.174976	1.726305e-08	7.813000e-01	2.170852e-25
24	263.323284	9.906528e-08	9.892000e-01	2.855162e-11
24	14969.236726	1.725216e-08	7.894000e-01	3.524403e-26
24	4159.674826	1.710938e-08	8.542000e-01	1.619568e-26
24	400.286574	1.659251e-08	9.190000e-01	4.054838e-27
24	930.027961	1.684439e-08	9.001000e-01	1.550795e-28
24	942.567684	9.885888e-10	9.703000e-01	3.069917e-25
24	294.869861	1.641442e-08	9.271000e-01	1.247916e-26
24	8487.423603	1.719654e-08	8.218000e-01	4.724993e-27
24	3617.578103	1.708980e-08	8.596000e-01	6.216568e-27
24	256.921721	1.615054e-08	9.352000e-01	1.905526e-25
24	7221.230663	1.717858e-08	8.299000e-01	1.907123e-26
24	2671.423365	1.704418e-08	8.704000e-01	1.875783e-26
24	7628.830706	1.718479e-08	8.272000e-01	1.424417e-26
24	263.146297	7.899744e-08	9.865000e-01	2.832017e-11
24	953.948614	1.459988e-10	9.190000e-01	6.512578e-25
24	357.420389	1.653997e-08	9.217000e-01	1.194829e-26
24	17694.368963	1.726647e-08	7.786000e-01	7.587712e-27
24	259.284132	2.409570e-08	9.568000e-01	1.781584e-11
24	5729.632138	1.715107e-08	8.407000e-01	1.532618e-26
24	2462.489079	1.703116e-08	8.731000e-01	1.946484e-26
24	828.713020	1.681727e-08	9.028000e-01	1.587034e-26
24	1731.523805	1.697076e-08	8.839000e-01	2.914978e-27
24	509.902834	1.668215e-08	9.136000e-01	1.095021e-26
24	3364.086611	1.707927e-08	8.623000e-01	1.599452e-26
24	36006.141315	1.816653e-08	7.597000e-01	1.000000e-08
24	948.949997	4.961905e-10	9.568000e-01	2.500843e-25
24	955.425164	4.612613e-11	8.083000e-01	2.057767e-23
24	8050.809284	1.719078e-08	8.245000e-01	2.130786e-25
24	954.331479	1.212043e-10	9.082000e-01	4.005351e-25
24	20737.475323	1.727925e-08	7.678000e-01	1.079337e-25
24	32025.762855	1.731047e-08	7.354000e-01	9.185341e-25
24	11429.529994	1.722712e-08	8.056000e-01	3.993992e-26
24	736.194585	1.678783e-08	9.055000e-01	5.908929e-27
24	1288.317215	1.691427e-08	8.920000e-01	3.410554e-26
24	258.858567	2.264313e-08	9.541000e-01	1.604379e-11
24	2462.489204	1.703116e-08	8.731000e-01	5.712396e-27
24	1898.912339	1.698727e-08	8.812000e-01	1.976730e-27
24	451.066731	1.663964e-08	9.163000e-01	1.357302e-27
24	294.869861	1.641442e-08	9.271000e-01	2.220983e-27
24	15621.956336	1.725589e-08	7.867000e-01	6.533683e-26
24	259.714504	2.574511e-08	9.595000e-01	1.943976e-11
24	1288.317223	1.691427e-08	8.920000e-01	5.505389e-27
24	4448.695895	1.711849e-08	8.515000e-01	1.842242e-26
24	10899.405998	1.722245e-08	8.083000e-01	2.152697e-26
24	36006.141364	1.816653e-08	7.597000e-01	1.000000e-08
24	35838.340529	1.808521e-08	7.570000e-01	1.000000e-08
24	3364.086674	1.707927e-08	8.623000e-01	2.418712e-26
24	2891.206073	1.705650e-08	8.677000e-01	9.039689e-27
24	263.574005	4.119862e-07	9.973001e-01	2.863183e-11
24	8487.423719	1.719654e-08	8.218000e-01	1.584459e-26
24	19945.603651	1.727619e-08	7.705000e-01	2.075162e-25
24	954.846226	8.793671e-11	8.839000e-01	2.146265e-24
24	736.194582	1.678783e-08	9.055000e-01	4.966287e-27
24	954.710026	9.680534e-11	8.920000e-01	1.274333e-24
24	262.080201	4.343639e-08	9.757000e-01	2.627316e-11
24	322.327836	1.648102e-08	9.244000e-01	1.409915e-26
24	7221.230521	1.717858e-08	8.299000e-01	4.086118e-26
24	18424.426529	1.726980e-08	7.759000e-01	6.849019e-26
24	3364.086650	1.707927e-08	8.623000e-01	4.120887e-27
24	263.460443	1.326312e-07	9.919000e-01	2.867829e-11
24	39360.104928	1.978311e-08	8.083000e-01	1.000000e-08
24	4159.674904	1.710938e-08	8.542000e-01	5.529424e-26
24	11429.530035	1.722712e-08	8.056000e-01	1.864661e-26
24	262.680836	5.611907e-08	9.811000e-01	2.752822e-11
24	3364.086647	1.707927e-08	8.623000e-01	1.405907e-26
24	258.444649	2.135474e-08	9.514000e-01	1.411993e-11
24	262.931537	6.564458e-08	9.838000e-01	2.798026e-11
24	262.680836	5.611906e-08	9.811000e-01	2.752822e-11
24	3364.086776	1.707927e-08	8.623000e-01	1.869024e-26
24	6448.160391	1.716538e-08	8.353000e-01	3.661852e-27
24	9887.735284	1.721263e-08	8.137000e-01	4.772072e-26
24	930.028046	1.684439e-08	9.001000e-01	1.066424e-26
24	263.146297	7.899744e-08	9.865000e-01	2.832017e-11
24	13718.890711	1.724433e-08	7.948000e-01	9.150894e-26
24	257.348494	1.824137e-08	9.433000e-01	7.398811e-12
24	955.476285	4.150425e-11	7.921000e-01	1.173670e-23
24	509.902814	1.668215e-08	9.136000e-01	7.828808e-28
24	20737.474249	1.727925e-08	7.678000e-01	5.090155e-26
24	22385.728117	1.728513e-08	7.624000e-01	1.174968e-25
24	20737.473631	1.727925e-08	7.678000e-01	2.713184e-26
24	34560.788581	1.746292e-08	7.354000e-01	1.000000e-08
24	3882.705541	1.709983e-08	8.569000e-01	3.169965e-26
24	954.958456	8.051487e-11	8.758000e-01	4.763392e-24
24	7221.230583	1.717858e-08	8.299000e-01	4.073642e-27
24	1426.396836	1.693439e-08	8.893000e-01	1.906778e-26
24	1159.670883	1.689268e-08	8.947000e-01	9.691172e-27
24	400.286572	1.659251e-08	9.190000e-01	1.213490e-27
24	16984.175337	1.726305e-08	7.813000e-01	1.111281e-25
24	9887.735264	1.721263e-08	8.137000e-01	2.130488e-26
24	2462.489010	1.703116e-08	8.731000e-01	2.919522e-26
24	260.973867	3.236450e-08	9.676000e-01	2.345866e-11
24	955.538497	3.530429e-11	7.651000e-01	9.319183e-24
24	256.822111	1.662986e-08	9.379000e-01	2.084003e-12
24	35672.379735	1.800470e-08	7.543000e-01	1.000000e-08
24	35185.369718	1.776792e-08	7.462000e-01	1.000000e-08
24	17694.368759	1.726647e-08	7.786000e-01	6.515387e-26
24	953.152140	1.980670e-10	9.325000e-01	4.545766e-25
24	953.356535	1.846843e-10	9.298000e-01	7.536338e-25
24	35672.379438	1.800470e-08	7.543000e-01	1.000000e-08
24	258.049718	2.020475e-08	9.487000e-01	1.204049e-11
24	257.059042	1.739759e-08	9.406000e-01	4.827939e-12
24	8050.809280	1.719078e-08	8.245000e-01	1.709465e-26
24	1040.294685	1.686946e-08	8.974000e-01	9.685575e-27
24	2264.215055	1.701738e-08	8.758000e-01	2.335001e-26
24	260.973867	3.236450e-08	9.676000e-01	2.345866e-11
24	263.146297	7.899745e-08	9.865000e-01	2.832017e-11
24	3364.086576	1.707927e-08	8.623000e-01	2.155093e-27
24	509.902793	1.668215e-08	9.136000e-01	2.915835e-27
24	19174.713238	1.727304e-08	7.732000e-01	4.179470e-26
24	35345.910332	1.784607e-08	7.489000e-01	1.000000e-08
24	35345.910681	1.784607e-08	7.489000e-01	1.000000e-08
24	16984.175038	1.726305e-08	7.813000e-01	1.593408e-26
24	261.365487	3.538062e-08	9.703000e-01	2.452589e-11
24	256.822111	1.662986e-08	9.379000e-01	2.084003e-12
24	509.902823	1.668215e-08	9.136000e-01	8.988594e-27
24	322.327833	1.648102e-08	9.244000e-01	1.250191e-26
24	1898.912345	1.698727e-08	8.812000e-01	4.567926e-27
24	259.284132	2.409570e-08	9.568000e-01	1.781584e-11
24	258.049718	2.020475e-08	9.487000e-01	1.204049e-11
24	12539.828858	1.723600e-08	8.002000e-01	1.213814e-26
24	955.476285	4.150438e-11	7.921000e-01	2.033998e-24
24	954.602304	1.037629e-10	8.974000e-01	2.880890e-25
24	35508.241749	1.792499e-08	7.516000e-01	1.000000e-08
24	259.714505	2.574511e-08	9.595000e-01	1.943976e-11
24	35185.369723	1.776792e-08	7.462000e-01	1.000000e-08
24	257.348495	1.824137e-08	9.433000e-01	7.398812e-12
24	953.533747	1.730843e-10	9.271000e-01	3.407246e-25
24	954.542281	1.076296e-10	9.001000e-01	1.283988e-24
24	11429.530135	1.722712e-08	8.056000e-01	8.268470e-27
24	13120.609164	1.724023e-08	7.975000e-01	6.422194e-27
24	6827.756469	1.717211e-08	8.326000e-01	8.481690e-26
24	263.574005	4.119865e-07	9.973001e-01	2.863183e-11
24	933.682082	1.586757e-09	9.757000e-01	6.962224e-27
24	11976.237750	1.723163e-08	8.029000e-01	4.621249e-26
24	20737.475345	1.727925e-08	7.678000e-01	3.711591e-26
24	6082.198594	1.715838e-08	8.380000e-01	2.140962e-26
24	2462.489001	1.703116e-08	8.731000e-01	9.388577e-27
24	35185.370111	1.776792e-08	7.462000e-01	1.000000e-08
24	930.027945	1.684439e-08	9.001000e-01	9.882889e-27
24	955.197517	6.398632e-11	8.515000e-01	1.553399e-24
24	35838.340516	1.808521e-08	7.570000e-01	1.000000e-08
24	19945.602428	1.727619e-08	7.705000e-01	4.168772e-26
24	9887.735268	1.721263e-08	8.137000e-01	1.749625e-26
24	263.553282	2.003636e-07	9.946000e-01	2.870381e-11
24	3882.705599	1.709983e-08	8.569000e-01	2.718362e-26
24	5390.226698	1.714346e-08	8.434000e-01	2.002860e-26
24	35838.340488	1.808521e-08	7.570000e-01	1.000000e-08
24	1731.523841	1.697076e-08	8.839000e-01	1.434837e-26
24	652.319808	1.675575e-08	9.082000e-01	6.824677e-27
24	357.420398	1.653997e-08	9.217000e-01	8.716683e-27
24	3122.028959	1.706818e-08	8.650000e-01	1.349881e-27
24	953.356535	1.846843e-10	9.298000e-01	1.496677e-26
24	1426.396833	1.693439e-08	8.893000e-01	4.851562e-27
24	19945.602182	1.727619e-08	7.705000e-01	3.811322e-25
24	39360.104969	1.978311e-08	8.083000e-01	1.000000e-08
24	1574.076102	1.695318e-08	8.866000e-01	1.462254e-26
24	258.049718	2.020475e-08	9.487000e-01	1.204049e-11
24	256.921722	1.615054e-08	9.352000e-01	1.494479e-25
24	35185.369874	1.776792e-08	7.462000e-01	1.000000e-08
24	34258.819156	1.731485e-08	7.300000e-01	9.933185e-09
24	8487.423627	1.719655e-08	8.218000e-01	1.722800e-26
24	263.574005	4.119865e-07	9.973001e-01	2.863183e-11
24	5390.226581	1.714345e-08	8.434000e-01	2.665889e-26
24	35345.910409	1.784607e-08	7.489000e-01	1.000000e-08
24	15621.956643	1.725589e-08	7.867000e-01	1.930355e-25
24	3364.086584	1.707927e-08	8.623000e-01	1.620367e-27
24	257.681587	1.917253e-08	9.460000e-01	9.801503e-12
24	14334.991690	1.724830e-08	7.921000e-01	2.555331e-26
24	950.337770	3.895616e-10	9.514000e-01	5.153987e-25
24	14334.992012	1.724830e-08	7.921000e-01	5.894977e-26
24	5063.752070	1.713550e-08	8.461000e-01	2.125492e-26
24	35185.370144	1.776792e-08	7.462000e-01	1.000000e-08
24	14969.236710	1.725216e-08	7.894000e-01	8.688095e-26
24	257.059042	1.739759e-08	9.406000e-01	4.827938e-12
24	12539.828552	1.723600e-08	8.002000e-01	7.180619e-26
24	1288.317159	1.691427e-08	8.920000e-01	1.880009e-27
24	953.356535	1.846845e-10	9.298000e-01	4.598025e-25
24	9405.616803	1.720746e-08	8.164000e-01	4.760700e-27
24	261.365487	3.538063e-08	9.703000e-01	2.452589e-11
24	954.658081	1.001644e-10	8.947000e-01	3.358639e-24
24	15621.956270	1.725589e-08	7.867000e-01	4.953331e-26
24	15621.956442	1.725589e-08	7.867000e-01	9.909411e-27
24	260.143362	2.763337e-08	9.622000e-01	2.091915e-11
24	357.420364	1.653997e-08	9.217000e-01	4.866568e-27
24	3364.086629	1.707927e-08	8.623000e-01	1.415955e-26
24	955.154197	6.708960e-11	8.569000e-01	2.268645e-24
24	294.869852	1.641442e-08	9.271000e-01	3.385630e-27
24	36006.141807	1.816653e-08	7.597000e-01	1.000000e-08
24	6827.756598	1.717211e-08	8.326000e-01	5.717121e-26
24	1288.317167	1.691427e-08	8.920000e-01	7.791414e-27
24	258.444649	2.135474e-08	9.514000e-01	1.411993e-11
24	261.735518	3.900380e-08	9.730000e-01	2.546286e-11
24	955.415315	4.697995e-11	8.110000e-01	6.870820e-24
24	4448.695964	1.711849e-08	8.515000e-01	7.340304e-27
24	4159.674806	1.710938e-08	8.542000e-01	5.861617e-28
24	30949.512343	1.730820e-08	7.381000e-01	3.355737e-25
24	736.194529	1.678783e-08	9.055000e-01	8.856309e-27
24	930.027955	1.684439e-08	9.001000e-01	1.553150e-26
24	294.869859	1.641442e-08	9.271000e-01	1.542923e-26
24	13120.609021	1.724023e-08	7.975000e-01	4.460379e-26
24	4159.674812	1.710938e-08	8.542000e-01	1.551483e-26
24	257.348495	1.824137e-08	9.433000e-01	7.398812e-12
24	8050.809321	1.719078e-08	8.245000e-01	3.698414e-26
24	9405.616832	1.720746e-08	8.164000e-01	7.534173e-27
24	2891.206194	1.705650e-08	8.677000e-01	1.886935e-26
24	953.688958	1.629338e-10	9.244000e-01	1.943942e-24
24	2462.489032	1.703116e-08	8.731000e-01	4.233441e-27
24	14969.236811	1.725216e-08	7.894000e-01	9.372148e-26
24	36006.141475	1.816653e-08	7.597000e-01	1.000000e-08
24	-1.000000	-1.000000e+00	-1.000000e+00	-1.000000e+00
24	7628.830778	1.718480e-08	8.272000e-01	1.642899e-26
24	954.923347	8.285175e-11	8.785000e-01	1.103079e-24
24	262.931537	6.564458e-08	9.838000e-01	2.798026e-11
24	944.572462	8.433001e-10	9.676000e-01	2.935234e-25
24	36175.798914	1.824867e-08	7.624000e-01	1.000000e-08
24	19945.602895	1.727619e-08	7.705000e-01	7.287107e-26
24	263.460443	1.326312e-07	9.919000e-01	2.867829e-11
24	10385.570401	1.721763e-08	8.110000e-01	7.044885e-27
24	10899.405974	1.722245e-08	8.083000e-01	3.993618e-26
24	955.425164	4.612613e-11	8.083000e-01	1.627884e-23
24	262.931537	6.564459e-08	9.838000e-01	2.798026e-11
24	-1.000000	-1.000000e+00	-1.000000e+00	-1.000000e+00
24	35672.379612	1.800470e-08	7.543000e-01	1.000000e-08
24	257.059042	1.739759e-08	9.406000e-01	4.827939e-12
24	22385.729654	1.728513e-08	7.624000e-01	2.332317e-25
24	35672.379290	1.800470e-08	7.543000e-01	1.000000e-08
24	15621.956399	1.725589e-08	7.867000e-01	3.502643e-26
24	828.713003	1.681727e-08	9.028000e-01	1.875697e-26
24	2462.489006	1.703116e-08	8.731000e-01	1.222903e-26
24	20737.474910	1.727925e-08	7.678000e-01	1.398627e-26
24	953.688958	1.629338e-10	9.244000e-01	2.781856e-25
24	13718.890584	1.724433e-08	7.948000e-01	2.655260e-26
24	3122.028812	1.706818e-08	8.650000e-01	3.399084e-26
24	259.714504	2.574511e-08	9.595000e-01	1.943976e-11
24	652.319867	1.675575e-08	9.082000e-01	4.175682e-27
24	262.396252	4.898219e-08	9.784000e-01	2.696041e-11
24	262.080201	4.343638e-08	9.757000e-01	2.627316e-11
24	21550.715115	1.728223e-08	7.651000e-01	4.677514e-26
24	258.858567	2.264313e-08	9.541000e-01	1.604379e-11
24	20737.473701	1.727925e-08	7.678000e-01	5.136328e-26
24	18424.426486	1.726980e-08	7.759000e-01	1.225878e-25
24	9405.616553	1.720746e-08	8.164000e-01	4.360330e-26
24	930.027985	1.684439e-08	9.001000e-01	4.889420e-27
24	35508.241682	1.792499e-08	7.516000e-01	1.000000e-08
24	1898.912467	1.698727e-08	8.812000e-01	5.033236e-26
24	17694.368879	1.726647e-08	7.786000e-01	2.075641e-26
24	930.027958	1.684439e-08	9.001000e-01	9.260897e-28
24	260.973867	3.236450e-08	9.676000e-01	2.345866e-11
24	953.356535	1.846843e-10	9.298000e-01	1.555201e-24
24	263.574005	4.119862e-07	9.973001e-01	2.863183e-11
24	3617.578056	1.708980e-08	8.596000e-01	6.246130e-28
24	954.407489	1.163070e-10	9.055000e-01	6.674976e-25
24	954.758497	9.366138e-11	8.893000e-01	1.167415e-24
24	955.271762	5.849916e-11	8.407000e-01	1.415167e-23
24	6082.198579	1.715838e-08	8.380000e-01	1.965609e-27
24	15621.956355	1.725589e-08	7.867000e-01	3.492922e-26
24	262.680836	5.611907e-08	9.811000e-01	2.752822e-11
24	12539.828733	1.723600e-08	8.002000e-01	4.396866e-26
24	944.572462	8.433001e-10	9.676000e-01	4.045341e-25
24	257.348494	1.824137e-08	9.433000e-01	7.398811e-12
24	953.826204	1.539731e-10	9.217000e-01	1.372349e-24
24	259.284132	2.409570e-08	9.568000e-01	1.781584e-11
24	4448.695837	1.711849e-08	8.515000e-01	2.039364e-26
24	34258.819156	1.731485e-08	7.300000e-01	7.534429e-09
24	944.572462	8.433001e-10	9.676000e-01	1.316411e-25
24	12539.828658	1.723600e-08	8.002000e-01	6.135114e-26
24	954.758497	9.366138e-11	8.893000e-01	7.249466e-25
24	257.059042	1.739759e-08	9.406000e-01	4.827940e-12
24	263.460443	1.326312e-07	9.919000e-01	2.867829e-11
24	2891.206158	1.705650e-08	8.677000e-01	7.610002e-27
24	35185.370097	1.776792e-08	7.462000e-01	1.000000e-08
24	9887.735230	1.721263e-08	8.137000e-01	2.738383e-26
24	954.923347	8.285175e-11	8.785000e-01	5.005557e-24
24	263.323284	9.906528e-08	9.892000e-01	2.855162e-11
24	828.713067	1.681727e-08	9.028000e-01	2.953532e-27
24	19945.603473	1.727619e-08	7.705000e-01	2.083993e-26
24	17694.369166	1.726647e-08	7.786000e-01	3.897091e-26
24	261.735518	3.900380e-08	9.730000e-01	2.546286e-11
24	16984.174974	1.726305e-08	7.813000e-01	9.157496e-26
24	10385.570607	1.721763e-08	8.110000e-01	3.240643e-26
24	955.483649	4.080802e-11	7.894000e-01	1.344483e-23
24	263.460443	1.326312e-07	9.919000e-01	2.867829e-11
24	17694.368946	1.726647e-08	7.786000e-01	9.589886e-26
24	3122.028867	1.706818e-08	8.650000e-01	1.967431e-26
24	10385.570459	1.721763e-08	8.110000e-01	7.797841e-26
24	34408.957456	1.738852e-08	7.327000e-01	1.000000e-08
24	7628.830733	1.718480e-08	8.272000e-01	4.892116e-26
24	257.059042	1.739759e-08	9.406000e-01	4.827939e-12
24	1898.912318	1.698727e-08	8.812000e-01	1.569220e-27
24	2264.215190	1.701738e-08	8.758000e-01	2.752459e-26
24	35672.379497	1.800470e-08	7.543000e-01	1.000000e-08
24	262.080201	4.343639e-08	9.757000e-01	2.627316e-11
24	259.284132	2.409570e-08	9.568000e-01	1.781584e-11
24	8487.423718	1.719655e-08	8.218000e-01	2.107084e-26
24	955.197517	6.398632e-11	8.515000e-01	2.327067e-24
24	2462.489033	1.703116e-08	8.731000e-01	2.616543e-27
24	7628.830786	1.718479e-08	8.272000e-01	1.039613e-27
24	2462.489042	1.703116e-08	8.731000e-01	1.358490e-26
24	258.858567	2.264313e-08	9.541000e-01	1.604379e-11
24	12539.828490	1.723600e-08	8.002000e-01	9.375744e-27
24	258.858567	2.264313e-08	9.541000e-01	1.604379e-11
24	828.713083	1.681727e-08	9.028000e-01	3.506675e-27
24	3364.086692	1.707927e-08	8.623000e-01	8.345401e-27
24	3617.578137	1.708980e-08	8.596000e-01	1.090687e-27
24	2264.215128	1.701738e-08	8.758000e-01	7.143486e-27
24	8050.809259	1.719078e-08	8.245000e-01	1.324039e-26
24	35345.910205	1.784607e-08	7.489000e-01	1.000000e-08
24	262.396252	4.898219e-08	9.784000e-01	2.696041e-11
24	39360.104928	1.978311e-08	8.083000e-01	1.000000e-08
24	262.396252	4.898219e-08	9.784000e-01	2.696041e-11
24	954.758497	9.366138e-11	8.893000e-01	2.076022e-24
24	35185.369972	1.776792e-08	7.462000e-01	1.000000e-08
24	256.921721	1.615054e-08	9.352000e-01	1.096924e-25
24	263.460443	1.326312e-07	9.919000e-01	2.867829e-11
24	930.027949	1.684439e-08	9.001000e-01	1.525633e-26
24	35508.241735	1.792499e-08	7.516000e-01	1.000000e-08
24	948.131536	5.621673e-10	9.595000e-01	5.651751e-26
24	257.348495	1.824137e-08	9.433000e-01	7.398811e-12
24	357.420363	1.653997e-08	9.217000e-01	3.706712e-27
24	736.194521	1.678783e-08	9.055000e-01	2.223880e-26
24	451.066735	1.663964e-08	9.163000e-01	1.389374e-26
24	5390.226598	1.714345e-08	8.434000e-01	2.626961e-26
24	10899.405861	1.722245e-08	8.083000e-01	3.954247e-26
24	35672.379755	1.800470e-08	7.543000e-01	1.000000e-08
24	15621.956569	1.725589e-08	7.867000e-01	8.527269e-27
24	35838.340444	1.808521e-08	7.570000e-01	1.000000e-08
24	258.858567	2.264313e-08	9.541000e-01	1.604379e-11
24	14334.991778	1.724830e-08	7.921000e-01	8.837366e-27
24	260.973867	3.236450e-08	9.676000e-01	2.345866e-11
24	35672.379469	1.800470e-08	7.543000e-01	1.000000e-08
24	955.522253	3.700016e-11	7.732000e-01	2.998331e-23
24	955.254588	5.979024e-11	8.434000e-01	4.666215e-24
24	34560.788209	1.746292e-08	7.354000e-01	1.000000e-08
24	263.460443	1.326312e-07	9.919000e-01	2.867829e-11
24	256.921720	1.615054e-08	9.352000e-01	3.185720e-26
24	4448.695918	1.711849e-08	8.515000e-01	2.536567e-26
24	8487.423681	1.719655e-08	8.218000e-01	5.506314e-26
24	35508.241749	1.792499e-08	7.516000e-01	1.000000e-08
24	35345.910205	1.784607e-08	7.489000e-01	1.000000e-08
24	22385.729607	1.728513e-08	7.624000e-01	2.058534e-25
24	19945.603051	1.727619e-08	7.705000e-01	5.758390e-26
24	11429.530082	1.722712e-08	8.056000e-01	6.391061e-26
24	1898.912320	1.698727e-08	8.812000e-01	1.294201e-26
24	11429.530281	1.722712e-08	8.056000e-01	6.553408e-28
24	262.680837	5.611907e-08	9.811000e-01	2.752822e-11
24	954.477531	1.117978e-10	9.028000e-01	3.924957e-24
24	34258.819608	1.731484e-08	7.300000e-01	1.000000e-08
24	262.080201	4.343639e-08	9.757000e-01	2.627316e-11
24	509.902831	1.668215e-08	9.136000e-01	6.212630e-27
24	3122.028835	1.706818e-08	8.650000e-01	1.775899e-26
24	34560.788054	1.746292e-08	7.354000e-01	1.000000e-08
24	4159.674919	1.710938e-08	8.542000e-01	3.494109e-26
24	11429.530167	1.722712e-08	8.056000e-01	2.119037e-26
24	294.869861	1.641442e-08	9.271000e-01	5.651643e-27
24	5390.226599	1.714345e-08	8.434000e-01	3.538788e-26
24	1898.912431	1.698727e-08	8.812000e-01	1.051432e-26
24	10385.570553	1.721763e-08	8.110000e-01	1.052973e-26
24	4159.674892	1.710938e-08	8.542000e-01	2.687498e-26
24	257.348495	1.824137e-08	9.433000e-01	7.398812e-12
24	400.286583	1.659251e-08	9.190000e-01	5.239278e-27
24	256.921721	1.615054e-08	9.352000e-01	3.290904e-26
24	19174.714061	1.727304e-08	7.732000e-01	1.194407e-25
24	258.444649	2.135474e-08	9.514000e-01	1.411994e-11
24	10385.570311	1.721763e-08	8.110000e-01	4.973457e-26
24	2076.416732	1.700278e-08	8.785000e-01	5.135064e-27
24	942.567685	9.885888e-10	9.703000e-01	1.814056e-26
24	294.869856	1.641442e-08	9.271000e-01	4.447321e-27
24	263.553282	2.003636e-07	9.946000e-01	2.870381e-11
24	16984.175063	1.726305e-08	7.813000e-01	5.364847e-26
24	3364.086533	1.707927e-08	8.623000e-01	5.920853e-27
24	3617.578056	1.708980e-08	8.596000e-01	1.054720e-26
24	259.284132	2.409570e-08	9.568000e-01	1.781584e-11
24	9405.616644	1.720746e-08	8.164000e-01	5.483125e-26
24	34869.595579	1.761392e-08	7.408000e-01	1.000000e-08
24	256.822111	1.662986e-08	9.379000e-01	2.084003e-12
24	263.323284	9.906527e-08	9.892000e-01	2.855162e-11
24	13120.609111	1.724023e-08	7.975000e-01	6.769381e-26
24	19174.712869	1.727304e-08	7.732000e-01	3.025964e-26
24	1288.317216	1.691427e-08	8.920000e-01	6.141936e-27
24	256.822111	1.662986e-08	9.379000e-01	2.084003e-12
24	18424.425142	1.726980e-08	7.759000e-01	7.962584e-26
24	258.858567	2.264313e-08	9.541000e-01	1.604379e-11
24	256.921722	1.615054e-08	9.352000e-01	1.092328e-26
24	953.948614	1.459988e-10	9.190000e-01	4.783701e-25
24	262.931537	6.564458e-08	9.838000e-01	2.798026e-11
24	-1.000000	-1.000000e+00	-1.000000e+00	-1.000000e+00
24	35508.241228	1.792499e-08	7.516000e-01	1.000000e-08
24	955.332637	5.379345e-11	8.299000e-01	2.260343e-23
24	274.908243	1.633861e-08	9.298000e-01	1.803316e-26
24	-1.000000	-1.000000e+00	-1.000000e+00	-1.000000e+00
24	948.131536	5.621673e-10	9.595000e-01	1.867072e-25
24	35026.603378	1.769054e-08	7.435000e-01	1.000000e-08
24	39360.104968	1.978311e-08	8.083000e-01	1.000000e-08
24	6827.756699	1.717211e-08	8.326000e-01	1.645789e-26
24	19945.602383	1.727619e-08	7.705000e-01	2.481181e-25
24	19945.602649	1.727619e-08	7.705000e-01	4.144713e-27
24	258.049718	2.020475e-08	9.487000e-01	1.204049e-11
24	259.714505	2.574511e-08	9.595000e-01	1.943976e-11
24	256.822111	1.662986e-08	9.379000e-01	2.084004e-12
24	10385.570411	1.721763e-08	8.110000e-01	3.749470e-27
24	6082.198578	1.715838e-08	8.380000e-01	2.500526e-26
24	36175.799069	1.824867e-08	7.624000e-01	1.000000e-08
24	257.059042	1.739759e-08	9.406000e-01	4.827939e-12
24	953.948614	1.459988e-10	9.190000e-01	3.354431e-25
24	262.396252	4.898219e-08	9.784000e-01	2.696041e-11
24	257.348495	1.824137e-08	9.433000e-01	7.398811e-12
24	953.356535	1.846843e-10	9.298000e-01	6.820951e-25
24	2076.416686	1.700278e-08	8.785000e-01	1.244383e-26
24	6827.756652	1.717211e-08	8.326000e-01	3.813931e-26
24	259.714505	2.574511e-08	9.595000e-01	1.943976e-11
24	13718.890672	1.724433e-08	7.948000e-01	8.818778e-26
24	15621.956476	1.725589e-08	7.867000e-01	2.638396e-26
24	930.027944	1.684439e-08	9.001000e-01	6.689457e-27
24	12539.828573	1.723600e-08	8.002000e-01	3.492049e-26
24	950.337770	3.895616e-10	9.514000e-01	1.583978e-25
24	256.921721	1.615054e-08	9.352000e-01	5.661175e-26
24	263.146297	7.899745e-08	9.865000e-01	2.832017e-11
24	3364.086611	1.707927e-08	8.623000e-01	1.336402e-26
24	952.634206	2.319937e-10	9.379000e-01	3.037066e-25
24	955.581596	3.044373e-11	7.381000e-01	1.182057e-22
24	9887.735232	1.721263e-08	8.137000e-01	2.096151e-26
24	3882.705562	1.709983e-08	8.569000e-01	1.074077e-26
24	2076.416716	1.700278e-08	8.785000e-01	2.224810e-26
24	6827.756641	1.717211e-08	8.326000e-01	8.859972e-27
24	257.681587	1.917253e-08	9.460000e-01	9.801501e-12
24	954.958456	8.051487e-11	8.758000e-01	5.246539e-24
24	14969.236727	1.725216e-08	7.894000e-01	1.692672e-26
24	18424.425309	1.726980e-08	7.759000e-01	1.681297e-25
24	13120.608902	1.724023e-08	7.975000e-01	3.395043e-26
24	257.348495	1.824137e-08	9.433000e-01	7.398812e-12
24	2462.489198	1.703116e-08	8.731000e-01	9.784884e-27
24	5063.752103	1.713550e-08	8.461000e-01	2.767909e-26
24	35672.379317	1.800470e-08	7.543000e-01	1.000000e-08
24	258.049718	2.020475e-08	9.487000e-01	1.204049e-11
24	10899.405986	1.722245e-08	8.083000e-01	3.057887e-26
24	4159.674809	1.710938e-08	8.542000e-01	1.986210e-26
24	20737.474888	1.727925e-08	7.678000e-01	1.211949e-25
24	2076.416630	1.700278e-08	8.785000e-01	4.645724e-27
24	10899.405944	1.722245e-08	8.083000e-01	1.662722e-26
24	14969.236708	1.725216e-08	7.894000e-01	2.376793e-26
24	16984.175340	1.726305e-08	7.813000e-01	1.789594e-26
24	955.130729	6.874594e-11	8.596000e-01	3.031338e-24
24	10385.570361	1.721763e-08	8.110000e-01	9.987064e-26
24	257.681587	1.917253e-08	9.460000e-01	9.801502e-12
24	294.869852	1.641442e-08	9.271000e-01	9.449785e-27
24	955.176432	6.550463e-11	8.542000e-01	3.335478e-24
24	955.476285	4.150425e-11	7.921000e-01	3.824526e-23
24	35026.603698	1.769054e-08	7.435000e-01	1.000000e-08
24	946.037415	7.307870e-10	9.649000e-01	1.725623e-25
24	34258.819697	1.731485e-08	7.300000e-01	9.924258e-09
24	2891.206180	1.705650e-08	8.677000e-01	2.219971e-26
24	509.902820	1.668215e-08	9.136000e-01	4.898181e-27
24	34408.956344	1.738852e-08	7.327000e-01	1.000000e-08
24	35185.369569	1.776792e-08	7.462000e-01	1.000000e-08
24	15621.956652	1.725589e-08	7.867000e-01	6.021747e-26
24	257.059042	1.739759e-08	9.406000e-01	4.827940e-12
24	9405.616579	1.720746e-08	8.164000e-01	4.021973e-26
24	955.574130	3.133035e-11	7.435000e-01	2.936602e-22
24	736.194535	1.678783e-08	9.055000e-01	4.483725e-27
24	6448.160392	1.716538e-08	8.353000e-01	1.408069e-26
24	1574.076123	1.695318e-08	8.866000e-01	9.515117e-27
24	13718.890818	1.724433e-08	7.948000e-01	5.202834e-26
24	258.858567	2.264313e-08	9.541000e-01	1.604379e-11
24	262.931537	6.564458e-08	9.838000e-01	2.798026e-11
24	5390.226686	1.714345e-08	8.434000e-01	3.351904e-27
24	2462.489001	1.703116e-08	8.731000e-01	3.829353e-26
24	955.434600	4.529802e-11	8.056000e-01	1.366477e-23
24	39360.104948	1.978311e-08	8.083000e-01	1.000000e-08
24	18424.425540	1.726980e-08	7.759000e-01	1.601157e-25
24	509.902819	1.668215e-08	9.136000e-01	4.279162e-28
24	35672.379626	1.800470e-08	7.543000e-01	1.000000e-08
24	35345.910649	1.784607e-08	7.489000e-01	1.000000e-08
24	19174.712869	1.727304e-08	7.732000e-01	6.631001e-26
24	736.194517	1.678783e-08	9.055000e-01	1.776361e-26
24	8050.809211	1.719078e-08	8.245000e-01	2.212701e-26
24	34714.329246	1.753805e-08	7.381000e-01	1.000000e-08
24	36006.141684	1.816653e-08	7.597000e-01	1.000000e-08
24	939.529911	1.194414e-09	9.730000e-01	5.065765e-26
24	5390.226639	1.714345e-08	8.434000e-01	1.068384e-26
24	35185.370143	1.776792e-08	7.462000e-01	1.000000e-08
24	8050.809327	1.719078e-08	8.245000e-01	1.534075e-27
24	257.348494	1.824137e-08	9.433000e-01	7.398810e-12
24	35508.241293	1.792499e-08	7.516000e-01	1.000000e-08
24	13120.609186	1.724023e-08	7.975000e-01	9.028856e-26
24	261.735518	3.900380e-08	9.730000e-01	2.546286e-11
24	14969.237116	1.725216e-08	7.894000e-01	3.620749e-26
24	955.588577	2.959437e-11	7.327000e-01	7.103815e-22
24	930.028038	1.684439e-08	9.001000e-01	2.871882e-26
24	-1.000000	-1.000000e+00	-1.000000e+00	-1.000000e+00
24	1159.670917	1.689268e-08	8.947000e-01	5.400485e-27
24	35026.603471	1.769054e-08	7.435000e-01	1.000000e-08
24	2462.489079	1.703116e-08	8.731000e-01	9.713248e-27
24	256.822111	1.662986e-08	9.379000e-01	2.084003e-12
24	930.027944	1.684439e-08	9.001000e-01	4.514159e-27
24	1426.396786	1.693439e-08	8.893000e-01	2.911601e-26
24	35345.910416	1.784607e-08	7.489000e-01	1.000000e-08
24	1288.317167	1.691427e-08	8.920000e-01	1.727924e-27
24	955.176432	6.550463e-11	8.542000e-01	1.129382e-23
24	263.574005	4.119865e-07	9.973001e-01	2.863183e-11
24	8050.809272	1.719078e-08	8.245000e-01	1.060813e-26
24	400.286571	1.659251e-08	9.190000e-01	4.836691e-27
24	17694.369205	1.726647e-08	7.786000e-01	3.148024e-26
24	6827.756604	1.717211e-08	8.326000e-01	4.881381e-26
24	263.553282	2.003636e-07	9.946000e-01	2.870381e-11
24	930.028041	1.684439e-08	9.001000e-01	2.070853e-26
24	16293.488027	1.725952e-08	7.840000e-01	1.042957e-25
24	953.688958	1.629338e-10	9.244000e-01	9.863455e-25
24	8487.423809	1.719654e-08	8.218000e-01	4.699471e-26
24	955.197517	6.398632e-11	8.515000e-01	8.961880e-24
24	263.553282	2.003636e-07	9.946000e-01	2.870382e-11
24	35026.603342	1.769054e-08	7.435000e-01	1.000000e-08
24	263.460443	1.326312e-07	9.919000e-01	2.867829e-11
