46	5171.592177	1.733199e-08	8.860000e-01	4.447966e-26
46	815.490731	5.767003e-11	9.050000e-01	3.378997e-24
46	17446.179180	1.724740e-08	8.309000e-01	6.083664e-25
46	207.353010	4.058558e-07	9.981001e-01	2.440972e-11
46	614.184418	1.761088e-08	9.373000e-01	3.693609e-27
46	484.316406	1.766142e-08	9.411000e-01	1.119681e-27
46	815.490731	5.767003e-11	9.050000e-01	9.904032e-24
46	2283.290411	1.741412e-08	9.107000e-01	1.192559e-26
46	201.681731	1.828249e-08	9.601000e-01	2.475193e-13
46	29242.453843	2.029666e-08	8.822000e-01	1.000000e-08
46	10828.111655	1.727599e-08	8.556000e-01	8.437715e-27
46	4898.737094	1.733673e-08	8.879000e-01	4.948131e-27
46	207.119494	9.791989e-08	9.924000e-01	2.420671e-11
46	203.933835	2.568205e-08	9.715000e-01	1.371892e-11
46	815.417747	6.901940e-11	9.183000e-01	3.984871e-24
46	16865.136417	1.724926e-08	8.328000e-01	1.377637e-25
46	9174.030649	1.728724e-08	8.632000e-01	2.280320e-26
46	16296.627148	1.725116e-08	8.347000e-01	1.406900e-25
46	9979.930947	1.728144e-08	8.594000e-01	3.248113e-27
46	9571.759474	1.728429e-08	8.613000e-01	3.326322e-26
46	5171.591988	1.733199e-08	8.860000e-01	3.608381e-26
46	5171.592080	1.733199e-08	8.860000e-01	2.918044e-26
46	815.389053	7.309447e-11	9.221000e-01	4.411469e-24
46	-1.000000	-1.000000e+00	-1.000000e+00	-1.000000e+00
46	28247.024630	1.962068e-08	8.689000e-01	1.000000e-08
46	207.353010	4.058559e-07	9.981001e-01	2.440972e-11
46	815.389053	7.309447e-11	9.221000e-01	2.380499e-24
46	4132.675614	1.735221e-08	8.936000e-01	1.133337e-26
46	16296.627902	1.725116e-08	8.347000e-01	4.665015e-26
46	1664.083478	1.745279e-08	9.183000e-01	1.047785e-26
46	546.057256	1.763495e-08	9.392000e-01	1.464648e-26
46	268.766284	1.784646e-08	9.506000e-01	5.079372e-27
46	12655.490797	1.726605e-08	8.480000e-01	6.607246e-26
46	11719.609857	1.727087e-08	8.518000e-01	7.684632e-26
46	203.933835	2.568205e-08	9.715000e-01	1.371892e-11
46	15196.608980	1.725516e-08	8.385000e-01	1.247943e-25
46	11268.380040	1.727339e-08	8.537000e-01	1.384776e-25
46	6044.152707	1.731887e-08	8.803000e-01	1.879774e-26
46	2283.290309	1.741412e-08	9.107000e-01	1.891092e-26
46	21204.497913	1.723719e-08	8.195000e-01	3.468377e-25
46	2283.290323	1.741412e-08	9.107000e-01	4.934485e-27
46	4898.737015	1.733673e-08	8.879000e-01	2.156341e-26
46	3664.684825	1.736373e-08	8.974000e-01	1.985448e-26
46	4132.675755	1.735221e-08	8.936000e-01	4.293121e-27
46	9571.759844	1.728429e-08	8.613000e-01	1.336577e-25
46	206.031886	4.311425e-08	9.829000e-01	2.148766e-11
46	12655.490917	1.726605e-08	8.480000e-01	3.046368e-26
46	1276.470765	1.748879e-08	9.240000e-01	8.941445e-27
46	203.151867	2.262430e-08	9.677000e-01	9.906098e-12
46	12181.934934	1.726842e-08	8.499000e-01	1.290743e-26
46	14664.796932	1.725719e-08	8.404000e-01	1.403045e-25
46	17446.179777	1.724740e-08	8.309000e-01	1.263703e-25
46	6353.368711	1.731483e-08	8.784000e-01	1.472052e-26
46	207.119494	9.791989e-08	9.924000e-01	2.420671e-11
46	813.853927	2.189629e-10	9.639000e-01	3.254898e-25
46	5744.191097	1.732307e-08	8.822000e-01	4.988604e-26
46	546.057242	1.763495e-08	9.392000e-01	7.746882e-27
46	2456.966295	1.740575e-08	9.088000e-01	6.622959e-27
46	207.322982	1.976903e-07	9.962000e-01	2.445229e-11
46	769.906871	1.756875e-08	9.335000e-01	2.538052e-27
46	207.353010	4.058561e-07	9.981001e-01	2.440972e-11
46	815.633427	2.573710e-11	8.138000e-01	9.123663e-23
46	202.387131	2.021976e-08	9.639000e-01	5.428002e-12
46	29242.453871	2.029666e-08	8.822000e-01	1.000000e-08
46	204.319307	2.754301e-08	9.734000e-01	1.538630e-11
46	202.764805	2.135394e-08	9.658000e-01	7.752408e-12
46	12181.934728	1.726842e-08	8.499000e-01	1.277146e-26
46	6353.369137	1.731483e-08	8.784000e-01	2.655220e-26
46	815.372904	7.531363e-11	9.240000e-01	5.934513e-24
46	23981.154452	1.723115e-08	8.119000e-01	7.026230e-25
46	29095.116387	2.019621e-08	8.803000e-01	1.000000e-08
46	336.653990	1.775944e-08	9.468000e-01	3.179334e-27
46	6671.952067	1.731093e-08	8.765000e-01	2.764405e-26
46	-1.000000	-1.000000e+00	-1.000000e+00	-1.000000e+00
46	4379.383609	1.734683e-08	8.917000e-01	1.027038e-26
46	206.557794	5.560980e-08	9.867000e-01	2.295498e-11
46	6671.952363	1.731093e-08	8.765000e-01	6.195032e-27
46	5171.592046	1.733199e-08	8.860000e-01	7.721925e-26
46	224.635403	1.796007e-08	9.544000e-01	5.380716e-27
46	19898.833059	1.724043e-08	8.233000e-01	1.611654e-25
46	4132.675743	1.735221e-08	8.936000e-01	7.547741e-26
46	10398.671802	1.727867e-08	8.575000e-01	4.254612e-26
46	815.209533	9.560873e-11	9.373000e-01	8.263009e-25
46	9174.030210	1.728724e-08	8.632000e-01	6.725121e-26
46	205.729360	3.874694e-08	9.810000e-01	2.055292e-11
46	206.308780	4.857827e-08	9.848000e-01	2.228711e-11
46	15196.607012	1.725513e-08	8.385000e-01	2.494044e-25
46	205.403771	3.517704e-08	9.791000e-01	1.947915e-11
46	815.403958	7.099995e-11	9.202000e-01	2.987299e-24
46	16865.136183	1.724926e-08	8.328000e-01	8.534852e-26
46	2456.966375	1.740575e-08	9.088000e-01	1.079370e-26
46	24999.072094	1.742629e-08	8.156998e-01	1.000000e-08
46	614.184427	1.761088e-08	9.373000e-01	5.666273e-27
46	211.296349	1.803096e-08	9.563000e-01	3.272221e-27
46	15196.609615	1.725515e-08	8.385000e-01	2.619890e-25
46	268.766284	1.784646e-08	9.506000e-01	2.686209e-27
46	203.933835	2.568205e-08	9.715000e-01	1.371892e-11
46	202.387131	2.021976e-08	9.639000e-01	5.428003e-12
46	207.322982	1.976904e-07	9.962000e-01	2.445229e-11
46	815.389053	7.309447e-11	9.221000e-01	8.743376e-25
46	203.677227	1.811460e-08	9.582000e-01	3.752914e-27
46	2283.290320	1.741412e-08	9.107000e-01	1.866086e-27
46	206.557794	5.560980e-08	9.867000e-01	2.295498e-11
46	8786.617798	1.729029e-08	8.651000e-01	1.420573e-26
46	10828.111625	1.727599e-08	8.556000e-01	1.346358e-26
46	336.653998	1.775944e-08	9.468000e-01	6.893250e-27
46	204.695338	2.969331e-08	9.753000e-01	1.689959e-11
46	7000.016342	1.730718e-08	8.746000e-01	7.034525e-26
46	18646.493322	1.724383e-08	8.271000e-01	7.082005e-26
46	206.964708	7.814980e-08	9.905000e-01	2.391102e-11
46	815.506021	5.505502e-11	9.012000e-01	9.540383e-24
46	815.267601	8.876711e-11	9.335000e-01	1.126450e-24
46	4634.702531	1.734167e-08	8.898000e-01	5.991827e-27
46	6044.152764	1.731887e-08	8.803000e-01	1.908574e-26
46	952.109841	1.753308e-08	9.297000e-01	3.655905e-27
46	815.620889	2.980762e-11	8.347000e-01	4.522923e-22
46	206.964708	7.814981e-08	9.905000e-01	2.391102e-11
46	206.964708	7.814981e-08	9.905000e-01	2.391102e-11
46	206.964708	7.814982e-08	9.905000e-01	2.391102e-11
46	9174.030179	1.728724e-08	8.632000e-01	1.823636e-26
46	1276.470838	1.748879e-08	9.240000e-01	4.413015e-26
46	15196.605970	1.725513e-08	8.385000e-01	3.022523e-25
46	14144.927828	1.725931e-08	8.423000e-01	7.451830e-26
46	9979.931075	1.728144e-08	8.594000e-01	4.189171e-26
46	17446.177464	1.724740e-08	8.309000e-01	5.406571e-26
46	5171.591876	1.733199e-08	8.860000e-01	1.652573e-26
46	207.322982	1.976903e-07	9.962000e-01	2.445229e-11
46	206.964708	7.814981e-08	9.905000e-01	2.391102e-11
46	15740.501980	1.725312e-08	8.366000e-01	3.670331e-26
46	23981.155142	1.723115e-08	8.119000e-01	2.102082e-24
46	23981.154870	1.723115e-08	8.119000e-01	1.600827e-24
46	3024.758379	1.738317e-08	9.031000e-01	1.276500e-26
46	11719.609770	1.727087e-08	8.518000e-01	3.188424e-26
46	5453.374024	1.732745e-08	8.841000e-01	1.754640e-26
46	815.336278	8.017580e-11	9.278000e-01	5.286752e-25
46	-1.000000	-1.000000e+00	-1.000000e+00	-1.000000e+00
46	3229.923873	1.737637e-08	9.012000e-01	9.923320e-27
46	769.906798	1.756875e-08	9.335000e-01	3.017858e-27
46	20544.922399	1.723879e-08	8.214000e-01	5.863830e-25
46	4132.675801	1.735221e-08	8.936000e-01	7.410225e-27
46	10398.671834	1.727867e-08	8.575000e-01	1.190311e-26
46	10398.671905	1.727867e-08	8.575000e-01	7.149139e-26
46	2117.254030	1.742296e-08	9.126000e-01	9.123513e-27
46	205.058018	3.220515e-08	9.772000e-01	1.826262e-11
46	23265.898908	1.723261e-08	8.138000e-01	4.151503e-25
46	207.322982	1.976904e-07	9.962000e-01	2.445229e-11
46	6044.152801	1.731887e-08	8.803000e-01	6.527196e-26
46	815.430527	6.714340e-11	9.164000e-01	2.137735e-24
46	204.319307	2.754301e-08	9.734000e-01	1.538630e-11
46	814.781758	1.392706e-10	9.525000e-01	2.313368e-24
46	7337.675751	1.730356e-08	8.727000e-01	4.101922e-26
46	14144.923080	1.725932e-08	8.423000e-01	5.741234e-26
46	336.654015	1.775944e-08	9.468000e-01	7.387718e-27
46	379.689887	1.772315e-08	9.449000e-01	1.075867e-26
46	815.635235	2.511912e-11	8.119000e-01	2.323014e-11
46	205.403771	3.517704e-08	9.791000e-01	1.947915e-11
46	11719.609605	1.727087e-08	8.518000e-01	5.445703e-26
46	13140.415183	1.726374e-08	8.461000e-01	3.266699e-26
46	205.403771	3.517704e-08	9.791000e-01	1.947915e-11
46	9979.930934	1.728144e-08	8.594000e-01	4.611655e-26
46	814.090925	1.993555e-10	9.620000e-01	6.218265e-25
46	15740.501286	1.725312e-08	8.366000e-01	1.738954e-25
46	243.767730	1.789923e-08	9.525000e-01	6.851157e-27
46	204.319307	2.754301e-08	9.734000e-01	1.538630e-11
46	428.885767	1.769066e-08	9.430000e-01	7.079314e-27
46	18039.913991	1.724559e-08	8.290000e-01	9.436872e-26
46	7337.675730	1.730356e-08	8.727000e-01	1.767106e-27
46	207.239849	1.309849e-07	9.943000e-01	2.438588e-11
46	814.994462	1.186789e-10	9.468000e-01	1.670228e-24
46	815.403958	7.099994e-11	9.202000e-01	8.927131e-24
46	10828.111743	1.727599e-08	8.556000e-01	4.018973e-26
46	-1.000000	-1.000000e+00	-1.000000e+00	-1.000000e+00
46	815.584562	3.939872e-11	8.689000e-01	1.178488e-24
46	11268.379927	1.727339e-08	8.537000e-01	8.945070e-27
46	206.031886	4.311425e-08	9.829000e-01	2.148766e-11
46	224.635402	1.796007e-08	9.544000e-01	1.194860e-26
46	815.616513	3.110923e-11	8.404000e-01	1.732309e-22
46	546.057242	1.763495e-08	9.392000e-01	4.600459e-27
46	815.336278	8.017580e-11	9.278000e-01	3.495946e-24
46	4132.675609	1.735221e-08	8.936000e-01	5.090152e-26
46	201.681731	1.828249e-08	9.601000e-01	2.475194e-13
46	807.066149	9.304443e-10	9.829000e-01	6.365441e-26
46	26604.586497	1.851281e-08	8.441999e-01	1.000000e-08
46	4898.737033	1.733673e-08	8.879000e-01	2.282556e-27
46	14664.795613	1.725719e-08	8.404000e-01	1.079017e-25
46	7685.046957	1.730007e-08	8.708000e-01	2.377306e-26
46	207.239849	1.309848e-07	9.943000e-01	2.438588e-11
46	13140.415302	1.726374e-08	8.461000e-01	8.311981e-26
46	484.316415	1.766142e-08	9.411000e-01	3.423170e-27
46	3443.200201	1.736990e-08	8.993000e-01	2.050882e-26
46	224.635401	1.796007e-08	9.544000e-01	8.164258e-27
46	206.776990	6.499456e-08	9.886000e-01	2.349504e-11
46	769.906809	1.756875e-08	9.335000e-01	7.417425e-27
46	814.994462	1.186789e-10	9.468000e-01	1.315847e-24
46	815.614939	3.156479e-11	8.423000e-01	3.770477e-23
46	12655.490845	1.726605e-08	8.480000e-01	3.929027e-25
46	1527.710652	1.746402e-08	9.202000e-01	1.845140e-26
46	20544.918191	1.723879e-08	8.214000e-01	1.688183e-25
46	203.543167	2.405628e-08	9.696000e-01	1.189353e-11
46	211.296344	1.803096e-08	9.563000e-01	1.785002e-26
46	15196.606323	1.725513e-08	8.385000e-01	9.745858e-26
46	614.184381	1.761088e-08	9.373000e-01	7.794184e-28
46	2117.254234	1.742296e-08	9.126000e-01	9.168405e-27
46	16865.133808	1.724926e-08	8.328000e-01	8.759849e-26
46	204.319307	2.754301e-08	9.734000e-01	1.538630e-11
46	23981.154457	1.723115e-08	8.119000e-01	1.951743e-24
46	243.767744	1.789923e-08	9.525000e-01	4.067849e-27
46	1958.767211	1.743232e-08	9.145000e-01	2.807134e-26
46	202.024240	1.920144e-08	9.620000e-01	2.928105e-12
46	1161.434119	1.750250e-08	9.259000e-01	3.931801e-27
46	6671.952497	1.731093e-08	8.765000e-01	1.057721e-26
46	24999.072223	1.742629e-08	8.156998e-01	1.000000e-08
46	206.308780	4.857827e-08	9.848000e-01	2.228711e-11
46	207.119494	9.791990e-08	9.924000e-01	2.420671e-11
46	23981.154814	1.723115e-08	8.119000e-01	2.238182e-24
46	1398.534872	1.747599e-08	9.221000e-01	1.690435e-26
46	25097.468321	1.749325e-08	8.175999e-01	1.000000e-08
46	204.319307	2.754301e-08	9.734000e-01	1.538630e-11
46	207.239849	1.309849e-07	9.943000e-01	2.438588e-11
46	815.473339	6.052996e-11	9.088000e-01	1.377876e-24
46	815.620770	3.011082e-11	8.385000e-01	2.468628e-12
46	207.239849	1.309849e-07	9.943000e-01	2.438588e-11
46	1053.341217	1.751722e-08	9.278000e-01	1.018424e-26
46	26604.586566	1.851281e-08	8.441999e-01	1.000000e-08
46	24710.766180	1.722973e-08	8.100000e-01	3.781279e-11
46	9174.030392	1.728724e-08	8.632000e-01	1.757529e-26
46	17446.177718	1.724740e-08	8.309000e-01	6.607084e-26
46	1958.767275	1.743232e-08	9.145000e-01	4.288863e-27
46	12655.490813	1.726605e-08	8.480000e-01	4.799389e-26
46	815.403958	7.099994e-11	9.202000e-01	1.497624e-24
46	2638.374172	1.739783e-08	9.069000e-01	1.173489e-26
46	815.389053	7.309447e-11	9.221000e-01	6.871263e-24
46	23265.898578	1.723261e-08	8.138000e-01	2.172505e-24
46	23981.154759	1.723115e-08	8.119000e-01	3.972790e-25
46	688.774960	1.758890e-08	9.354000e-01	1.372367e-26
46	205.403771	3.517704e-08	9.791000e-01	1.947915e-11
46	769.906874	1.756875e-08	9.335000e-01	1.234696e-26
46	2117.254109	1.742296e-08	9.126000e-01	8.135443e-27
46	379.689884	1.772315e-08	9.449000e-01	2.573714e-27
46	15196.607708	1.725513e-08	8.385000e-01	2.132620e-26
46	203.677227	1.811460e-08	9.582000e-01	4.081758e-26
46	6044.152796	1.731887e-08	8.803000e-01	9.462563e-26
46	3229.924034	1.737637e-08	9.012000e-01	4.455216e-26
46	203.543167	2.405627e-08	9.696000e-01	1.189353e-11
46	2827.606954	1.739031e-08	9.050000e-01	5.986820e-26
46	24999.072551	1.742629e-08	8.156998e-01	1.000000e-08
46	815.519532	5.265385e-11	8.974000e-01	4.484313e-24
46	20544.923160	1.723879e-08	8.214000e-01	2.215739e-25
46	815.209533	9.560873e-11	9.373000e-01	2.663813e-24
46	16865.136880	1.724926e-08	8.328000e-01	1.485037e-25
46	18039.914694	1.724559e-08	8.290000e-01	1.618358e-25
46	25097.468219	1.749325e-08	8.175999e-01	1.000000e-08
46	614.184365	1.761088e-08	9.373000e-01	3.963434e-27
46	16296.625892	1.725116e-08	8.347000e-01	7.975676e-27
46	815.336278	8.017580e-11	9.278000e-01	4.322189e-24
46	207.239849	1.309849e-07	9.943000e-01	2.438588e-11
46	857.658576	1.755020e-08	9.316000e-01	5.754643e-27
46	206.557794	5.560979e-08	9.867000e-01	2.295498e-11
46	9979.930772	1.728144e-08	8.594000e-01	1.672200e-26
46	13140.415174	1.726374e-08	8.461000e-01	4.027985e-26
46	205.729360	3.874694e-08	9.810000e-01	2.055292e-11
46	3229.923910	1.737637e-08	9.012000e-01	1.281791e-26
46	5171.592118	1.733199e-08	8.860000e-01	5.135406e-27
46	6044.152618	1.731887e-08	8.803000e-01	1.531921e-26
46	203.677226	1.811460e-08	9.582000e-01	1.007470e-26
46	21204.496336	1.723719e-08	8.195000e-01	2.557975e-25
46	2638.374138	1.739783e-08	9.069000e-01	2.187361e-26
46	224.635409	1.796007e-08	9.544000e-01	9.258074e-27
46	14144.922257	1.725932e-08	8.423000e-01	2.190467e-26
46	8786.617856	1.729029e-08	8.651000e-01	1.363255e-25
46	16865.133493	1.724926e-08	8.328000e-01	6.179813e-26
46	2456.966428	1.740575e-08	9.088000e-01	3.082951e-25
46	3229.923923	1.737637e-08	9.012000e-01	5.402099e-26
46	3894.476484	1.735784e-08	8.955000e-01	3.170164e-26
46	268.766288	1.784646e-08	9.506000e-01	7.936068e-27
46	3443.200114	1.736990e-08	8.993000e-01	2.324893e-26
46	207.353010	4.058560e-07	9.981001e-01	2.440972e-11
46	15740.499148	1.725312e-08	8.366000e-01	1.513471e-26
46	17446.181424	1.724740e-08	8.309000e-01	1.430878e-25
46	4132.675587	1.735221e-08	8.936000e-01	2.933753e-26
46	207.119494	9.791988e-08	9.924000e-01	2.420671e-11
46	14664.795595	1.725719e-08	8.404000e-01	1.570995e-25
46	24999.072516	1.742629e-08	8.156998e-01	1.000000e-08
46	-1.000000	-1.000000e+00	-1.000000e+00	-1.000000e+00
46	7000.016042	1.730718e-08	8.746000e-01	1.842113e-26
46	23981.154817	1.723115e-08	8.119000e-01	2.126320e-24
46	1527.710567	1.746402e-08	9.202000e-01	1.191561e-26
46	4379.383609	1.734683e-08	8.917000e-01	1.661004e-26
46	207.353010	4.058558e-07	9.981001e-01	2.440972e-11
46	203.151868	2.262430e-08	9.677000e-01	9.906099e-12
46	3664.684873	1.736373e-08	8.974000e-01	3.744553e-26
46	19898.834527	1.724043e-08	8.233000e-01	1.914974e-25
46	24999.072640	1.742629e-08	8.156998e-01	1.000000e-08
46	8786.617624	1.729029e-08	8.651000e-01	6.736806e-26
46	815.630468	2.675103e-11	8.195000e-01	4.179279e-23
46	4634.702535	1.734167e-08	8.898000e-01	3.324570e-26
46	3664.684735	1.736373e-08	8.974000e-01	3.271552e-27
46	207.239849	1.309849e-07	9.943000e-01	2.438588e-11
46	205.403771	3.517704e-08	9.791000e-01	1.947915e-11
46	6044.152701	1.731887e-08	8.803000e-01	1.676220e-26
46	10828.111664	1.727599e-08	8.556000e-01	8.826199e-27
46	13636.844254	1.726150e-08	8.442000e-01	1.242637e-26
46	-1.000000	-1.000000e+00	-1.000000e+00	-1.000000e+00
46	205.058018	3.220515e-08	9.772000e-01	1.826262e-11
46	815.568186	4.307745e-11	8.784000e-01	1.079180e-23
46	2638.374103	1.739783e-08	9.069000e-01	2.224580e-26
46	203.151868	2.262430e-08	9.677000e-01	9.906098e-12
46	9571.759729	1.728429e-08	8.613000e-01	3.115033e-26
46	2117.254124	1.742296e-08	9.126000e-01	3.003277e-27
46	11268.380045	1.727339e-08	8.537000e-01	8.569267e-26
46	815.175698	9.945072e-11	9.392000e-01	9.601542e-25
46	1053.341209	1.751722e-08	9.278000e-01	2.920437e-27
46	204.695338	2.969331e-08	9.753000e-01	1.689959e-11
46	203.933835	2.568205e-08	9.715000e-01	1.371892e-11
46	24710.766183	1.722973e-08	8.100000e-01	3.602567e-11
46	8042.247844	1.729669e-08	8.689000e-01	1.221343e-27
46	4898.736968	1.733673e-08	8.879000e-01	1.152551e-26
46	857.658528	1.755020e-08	9.316000e-01	5.672539e-27
46	24999.072883	1.742629e-08	8.156999e-01	1.000000e-08
46	16865.134927	1.724926e-08	8.328000e-01	3.348504e-25
46	28523.015778	1.980753e-08	8.727000e-01	1.000000e-08
46	9979.930871	1.728144e-08	8.594000e-01	1.272113e-25
46	19898.835074	1.724043e-08	8.233000e-01	3.235030e-25
46	815.571786	4.229348e-11	8.765000e-01	1.069995e-23
46	18646.492453	1.724383e-08	8.271000e-01	4.329411e-25
46	2283.290323	1.741412e-08	9.107000e-01	2.040112e-26
46	1053.341219	1.751722e-08	9.278000e-01	7.179399e-27
46	24710.766266	1.722973e-08	8.100000e-01	3.877978e-11
46	28384.198717	1.971351e-08	8.708000e-01	1.000000e-08
46	336.654010	1.775944e-08	9.468000e-01	2.978234e-27
46	815.556227	4.559483e-11	8.841000e-01	3.242122e-23
46	8409.397477	1.729344e-08	8.670000e-01	2.914555e-26
46	207.239849	1.309849e-07	9.943000e-01	2.438588e-11
46	18646.494839	1.724383e-08	8.271000e-01	3.166078e-26
46	5744.191361	1.732307e-08	8.822000e-01	3.086409e-27
46	204.319307	2.754301e-08	9.734000e-01	1.538630e-11
46	14664.797834	1.725719e-08	8.404000e-01	5.058796e-26
46	26604.586758	1.851281e-08	8.441999e-01	1.000000e-08
46	5744.191041	1.732307e-08	8.822000e-01	7.752287e-27
46	21204.502009	1.723719e-08	8.195000e-01	2.404077e-25
46	952.109814	1.753308e-08	9.297000e-01	1.203456e-27
46	206.964708	7.814982e-08	9.905000e-01	2.391102e-11
46	15196.608337	1.725513e-08	8.385000e-01	2.387859e-25
46	24999.072981	1.742629e-08	8.156999e-01	1.000000e-08
46	815.609832	3.300257e-11	8.480000e-01	3.831253e-23
46	814.862953	1.316005e-10	9.506000e-01	8.277581e-25
46	484.316425	1.766142e-08	9.411000e-01	1.041467e-26
46	4634.702802	1.734167e-08	8.898000e-01	7.482741e-27
46	3664.684900	1.736373e-08	8.974000e-01	2.888188e-26
46	18039.910872	1.724559e-08	8.290000e-01	4.426602e-25
46	19898.836090	1.724043e-08	8.233000e-01	8.320823e-26
46	546.057220	1.763495e-08	9.392000e-01	2.741930e-27
46	19898.835717	1.724043e-08	8.233000e-01	5.117886e-25
46	428.885770	1.769066e-08	9.430000e-01	4.001020e-27
46	211.296344	1.803096e-08	9.563000e-01	4.151297e-28
46	243.767734	1.789923e-08	9.525000e-01	7.560819e-27
46	815.560419	4.472666e-11	8.822000e-01	2.393719e-23
46	379.689910	1.772315e-08	9.449000e-01	8.671798e-27
46	203.677227	1.811460e-08	9.582000e-01	1.422533e-26
46	12655.490726	1.726605e-08	8.480000e-01	6.810015e-26
46	203.933835	2.568205e-08	9.715000e-01	1.371892e-11
46	815.597541	3.624396e-11	8.594000e-01	4.719505e-24
46	1958.767181	1.743232e-08	9.145000e-01	1.924004e-27
46	15196.607853	1.725513e-08	8.385000e-01	2.507310e-28
46	11268.380047	1.727339e-08	8.537000e-01	2.153459e-26
46	336.654011	1.775944e-08	9.468000e-01	2.674398e-27
46	206.308780	4.857827e-08	9.848000e-01	2.228711e-11
46	6353.369122	1.731483e-08	8.784000e-01	5.438739e-27
46	814.284216	1.831441e-10	9.601000e-01	2.559555e-25
46	12181.934797	1.726842e-08	8.499000e-01	1.090436e-25
46	13140.415248	1.726374e-08	8.461000e-01	2.066201e-25
46	14664.797396	1.725719e-08	8.404000e-01	1.073575e-26
46	26604.586987	1.851281e-08	8.441999e-01	1.000000e-08
46	3894.476498	1.735784e-08	8.955000e-01	1.836326e-27
46	428.885779	1.769066e-08	9.430000e-01	1.992354e-26
46	7000.016359	1.730718e-08	8.746000e-01	3.676905e-26
46	2638.374201	1.739783e-08	9.069000e-01	1.430818e-27
46	20544.916703	1.723879e-08	8.214000e-01	4.271453e-25
46	4898.737221	1.733673e-08	8.879000e-01	1.729165e-26
46	688.774995	1.758890e-08	9.354000e-01	7.383890e-27
46	19898.839131	1.724043e-08	8.233000e-01	2.543102e-25
46	207.119494	9.791991e-08	9.924000e-01	2.420671e-11
46	204.695338	2.969331e-08	9.753000e-01	1.689959e-11
46	20544.921376	1.723879e-08	8.214000e-01	2.938360e-25
46	205.058018	3.220515e-08	9.772000e-01	1.826262e-11
46	4898.736977	1.733673e-08	8.879000e-01	2.984260e-26
46	206.964708	7.814982e-08	9.905000e-01	2.391102e-11
46	224.635410	1.796007e-08	9.544000e-01	4.617831e-27
46	206.557794	5.560980e-08	9.867000e-01	2.295498e-11
46	206.776990	6.499456e-08	9.886000e-01	2.349504e-11
46	11719.609819	1.727087e-08	8.518000e-01	5.800983e-26
46	1664.083506	1.745279e-08	9.183000e-01	3.389523e-26
46	24710.765882	1.722973e-08	8.100000e-01	5.947554e-11
46	23265.899148	1.723261e-08	8.138000e-01	2.219152e-25
46	1807.739721	1.744224e-08	9.164000e-01	1.163607e-26
46	484.316413	1.766142e-08	9.411000e-01	1.000857e-27
46	28523.015755	1.980753e-08	8.727000e-01	1.000000e-08
46	25097.468309	1.749325e-08	8.175999e-01	1.000000e-08
46	1276.470835	1.748879e-08	9.240000e-01	1.787619e-27
46	10398.671820	1.727867e-08	8.575000e-01	4.888961e-26
46	815.490731	5.767003e-11	9.050000e-01	9.362173e-24
46	8042.247900	1.729669e-08	8.689000e-01	1.510131e-25
46	205.729360	3.874694e-08	9.810000e-01	2.055292e-11
46	268.766285	1.784646e-08	9.506000e-01	6.241740e-27
46	857.658618	1.755020e-08	9.316000e-01	6.489329e-27
46	15196.605937	1.725513e-08	8.385000e-01	1.174725e-25
46	12181.934659	1.726842e-08	8.499000e-01	8.929659e-26
46	207.353010	4.058559e-07	9.981001e-01	2.440972e-11
46	10398.672217	1.727867e-08	8.575000e-01	2.105476e-26
46	8042.247898	1.729669e-08	8.689000e-01	1.003412e-26
46	815.601986	3.510400e-11	8.556000e-01	4.417817e-23
46	1161.434051	1.750250e-08	9.259000e-01	1.172618e-26
46	243.767738	1.789923e-08	9.525000e-01	2.596064e-26
46	814.687112	1.479775e-10	9.544000e-01	4.768972e-25
46	8042.247865	1.729669e-08	8.689000e-01	6.077621e-27
46	19266.085657	1.724211e-08	8.252000e-01	3.215067e-25
46	224.635407	1.796007e-08	9.544000e-01	8.372433e-27
46	26604.587218	1.851281e-08	8.441999e-01	1.000000e-08
46	206.308780	4.857827e-08	9.848000e-01	2.228711e-11
46	6671.952318	1.731093e-08	8.765000e-01	2.633434e-26
46	7000.015921	1.730718e-08	8.746000e-01	4.044021e-26
46	815.095766	1.081799e-10	9.430000e-01	3.465217e-27
46	23265.899213	1.723261e-08	8.138000e-01	5.450953e-25
46	5453.374209	1.732744e-08	8.841000e-01	7.737590e-26
46	205.058018	3.220515e-08	9.772000e-01	1.826262e-11
46	17446.181160	1.724740e-08	8.309000e-01	1.001777e-25
46	2638.374260	1.739783e-08	9.069000e-01	1.155479e-26
46	299.703981	1.780024e-08	9.487000e-01	9.263600e-27
46	815.372904	7.531363e-11	9.240000e-01	8.030329e-24
46	1053.341162	1.751722e-08	9.278000e-01	2.949367e-27
46	16865.133720	1.724926e-08	8.328000e-01	2.348259e-25
46	769.906783	1.756875e-08	9.335000e-01	7.740212e-27
46	205.058018	3.220515e-08	9.772000e-01	1.826262e-11
46	16296.627860	1.725116e-08	8.347000e-01	7.063473e-26
46	13636.844572	1.726150e-08	8.442000e-01	3.656157e-26
46	205.729360	3.874694e-08	9.810000e-01	2.055292e-11
46	18646.494326	1.724383e-08	8.271000e-01	1.634373e-25
46	4132.675739	1.735221e-08	8.936000e-01	1.974735e-26
46	10398.671867	1.727867e-08	8.575000e-01	1.631507e-25
46	6044.152764	1.731887e-08	8.803000e-01	3.153403e-26
46	14144.922297	1.725932e-08	8.423000e-01	1.259291e-25
46	204.319307	2.754301e-08	9.734000e-01	1.538630e-11
46	206.031886	4.311425e-08	9.829000e-01	2.148766e-11
46	9174.030150	1.728724e-08	8.632000e-01	2.863510e-26
46	7685.046866	1.730007e-08	8.708000e-01	3.691730e-26
46	24999.072706	1.742629e-08	8.156998e-01	1.000000e-08
46	815.525705	5.152520e-11	8.955000e-01	1.605217e-23
46	3894.476722	1.735784e-08	8.955000e-01	1.839009e-26
46	205.058018	3.220515e-08	9.772000e-01	1.826262e-11
46	814.284216	1.831441e-10	9.601000e-01	1.724024e-25
46	15196.603052	1.725513e-08	8.385000e-01	3.410233e-26
46	8409.397844	1.729344e-08	8.670000e-01	4.419784e-26
46	8409.397664	1.729344e-08	8.670000e-01	1.214627e-26
46	24999.072682	1.742629e-08	8.156998e-01	1.000000e-08
46	11719.609878	1.727087e-08	8.518000e-01	9.746974e-27
46	6044.152769	1.731887e-08	8.803000e-01	4.465812e-27
46	379.689910	1.772315e-08	9.449000e-01	5.806179e-27
46	614.184441	1.761088e-08	9.373000e-01	1.004543e-26
46	428.885778	1.769066e-08	9.430000e-01	8.862912e-28
46	24999.072351	1.742629e-08	8.156998e-01	1.000000e-08
46	17446.179551	1.724740e-08	8.309000e-01	9.119794e-26
46	204.319307	2.754301e-08	9.734000e-01	1.538630e-11
46	1807.739867	1.744224e-08	9.164000e-01	2.119427e-26
46	428.885777	1.769066e-08	9.430000e-01	3.404380e-27
46	206.308780	4.857827e-08	9.848000e-01	2.228711e-11
46	19898.835985	1.724043e-08	8.233000e-01	1.851338e-25
46	4132.675792	1.735221e-08	8.936000e-01	1.017696e-26
46	20544.922969	1.723879e-08	8.214000e-01	3.488177e-25
46	205.058018	3.220515e-08	9.772000e-01	1.826262e-11
46	813.561774	2.430094e-10	9.658000e-01	6.438417e-25
46	10398.672066	1.727867e-08	8.575000e-01	6.423469e-26
46	3894.476563	1.735784e-08	8.955000e-01	5.208885e-27
46	206.308780	4.857827e-08	9.848000e-01	2.228711e-11
46	11268.379934	1.727339e-08	8.537000e-01	2.792446e-26
46	6671.952363	1.731093e-08	8.765000e-01	2.886464e-26
46	12181.934806	1.726842e-08	8.499000e-01	7.318934e-26
46	10828.111565	1.727599e-08	8.556000e-01	6.890346e-26
46	5171.592012	1.733199e-08	8.860000e-01	8.389192e-26
46	28247.024622	1.962068e-08	8.689000e-01	1.000000e-08
46	8786.617934	1.729029e-08	8.651000e-01	5.984006e-27
46	205.403771	3.517704e-08	9.791000e-01	1.947915e-11
46	1664.083443	1.745279e-08	9.183000e-01	2.356011e-26
46	25097.467862	1.749325e-08	8.175998e-01	1.000000e-08
46	1664.083379	1.745279e-08	9.183000e-01	3.186687e-27
46	336.654008	1.775944e-08	9.468000e-01	4.296827e-27
46	203.543167	2.405628e-08	9.696000e-01	1.189353e-11
46	1161.434061	1.750250e-08	9.259000e-01	1.637674e-26
46	8042.247914	1.729669e-08	8.689000e-01	3.067655e-26
46	815.240021	9.205879e-11	9.354000e-01	8.915407e-25
46	21204.495368	1.723719e-08	8.195000e-01	1.894112e-25
46	815.095766	1.081799e-10	9.430000e-01	1.554897e-24
46	20544.920852	1.723879e-08	8.214000e-01	1.779176e-25
46	204.695338	2.969331e-08	9.753000e-01	1.689959e-11
46	206.308780	4.857827e-08	9.848000e-01	2.228711e-11
46	815.240021	9.205879e-11	9.354000e-01	2.009674e-24
46	21204.500626	1.723719e-08	8.195000e-01	8.804698e-26
46	12181.934770	1.726842e-08	8.499000e-01	5.827790e-26
46	28247.024691	1.962068e-08	8.689000e-01	1.000000e-08
46	815.525705	5.152520e-11	8.955000e-01	7.592522e-24
46	952.109881	1.753308e-08	9.297000e-01	6.581162e-27
46	857.658634	1.755020e-08	9.316000e-01	9.951232e-27
46	1527.710663	1.746402e-08	9.202000e-01	1.316977e-26
46	688.774966	1.758890e-08	9.354000e-01	2.296920e-27
46	204.695338	2.969331e-08	9.753000e-01	1.689959e-11
46	379.689909	1.772315e-08	9.449000e-01	3.876775e-27
46	9571.759582	1.728429e-08	8.613000e-01	1.426355e-25
46	16296.628053	1.725116e-08	8.347000e-01	7.218375e-26
46	204.319307	2.754301e-08	9.734000e-01	1.538630e-11
46	336.654007	1.775944e-08	9.468000e-01	9.689015e-28
46	1398.534814	1.747599e-08	9.221000e-01	3.453123e-27
46	18646.493986	1.724383e-08	8.271000e-01	4.868370e-26
46	28523.015751	1.980753e-08	8.727000e-01	1.000000e-08
46	815.267601	8.876711e-11	9.335000e-01	1.794531e-24
46	8786.617940	1.729029e-08	8.651000e-01	5.723202e-26
46	206.964708	7.814981e-08	9.905000e-01	2.391102e-11
46	204.319307	2.754301e-08	9.734000e-01	1.538630e-11
46	2456.966408	1.740575e-08	9.088000e-01	1.053068e-26
46	207.353010	4.058560e-07	9.981001e-01	2.440972e-11
46	203.151868	2.262430e-08	9.677000e-01	9.906099e-12
46	21204.498596	1.723719e-08	8.195000e-01	1.276264e-25
46	815.175698	9.945072e-11	9.392000e-01	1.251947e-24
46	546.057229	1.763495e-08	9.392000e-01	8.311677e-27
46	1958.767189	1.743232e-08	9.145000e-01	2.877745e-26
46	12655.490864	1.726605e-08	8.480000e-01	1.714450e-25
46	24999.072361	1.742629e-08	8.156998e-01	1.000000e-08
46	3894.476690	1.735784e-08	8.955000e-01	1.132827e-26
46	24999.072282	1.742629e-08	8.156998e-01	1.000000e-08
46	4132.675678	1.735221e-08	8.936000e-01	1.565543e-26
46	11268.379914	1.727339e-08	8.537000e-01	1.517113e-25
46	815.506021	5.505501e-11	9.012000e-01	1.617784e-24
46	207.353010	4.058558e-07	9.981001e-01	2.440972e-11
46	814.781758	1.392706e-10	9.525000e-01	8.373747e-25
46	205.058018	3.220515e-08	9.772000e-01	1.826262e-11
46	28523.015747	1.980754e-08	8.727000e-01	1.000000e-08
46	812.255711	3.551882e-10	9.715000e-01	3.056402e-25
46	1664.083359	1.745279e-08	9.183000e-01	1.314698e-26
46	207.353010	4.058561e-07	9.981001e-01	2.440972e-11
46	268.766305	1.784646e-08	9.506000e-01	1.297512e-27
46	25097.467756	1.749325e-08	8.175998e-01	1.000000e-08
46	25097.468319	1.749325e-08	8.175999e-01	1.000000e-08
46	207.119494	9.791990e-08	9.924000e-01	2.420671e-11
46	1276.470739	1.748879e-08	9.240000e-01	1.896281e-27
46	18039.911528	1.724559e-08	8.290000e-01	2.093564e-25
46	204.319307	2.754301e-08	9.734000e-01	1.538630e-11
46	815.611602	3.251100e-11	8.461000e-01	1.183772e-22
46	299.704010	1.780024e-08	9.487000e-01	4.619464e-27
46	1276.470842	1.748879e-08	9.240000e-01	5.897197e-27
46	3443.200148	1.736990e-08	8.993000e-01	6.868328e-27
46	769.906871	1.756875e-08	9.335000e-01	3.319913e-27
46	4379.383648	1.734683e-08	8.917000e-01	3.757420e-26
46	14144.917965	1.725932e-08	8.423000e-01	3.834265e-26
46	206.308780	4.857827e-08	9.848000e-01	2.228711e-11
46	16865.137271	1.724926e-08	8.328000e-01	2.487140e-25
46	815.506021	5.505502e-11	9.012000e-01	1.104475e-23
46	7000.016122	1.730718e-08	8.746000e-01	8.279792e-27
46	14664.797051	1.725719e-08	8.404000e-01	6.801459e-26
46	205.058018	3.220515e-08	9.772000e-01	1.826262e-11
46	8409.397532	1.729344e-08	8.670000e-01	1.683710e-26
46	207.239849	1.309849e-07	9.943000e-01	2.438588e-11
46	814.575739	1.579611e-10	9.563000e-01	1.151785e-25
46	688.774997	1.758890e-08	9.354000e-01	5.939550e-27
46	4379.383652	1.734683e-08	8.917000e-01	4.367948e-27
46	25097.468204	1.749325e-08	8.175999e-01	1.000000e-08
46	815.571786	4.229348e-11	8.765000e-01	1.987370e-23
46	205.403771	3.517704e-08	9.791000e-01	1.947915e-11
46	769.906765	1.756875e-08	9.335000e-01	4.788524e-27
46	206.031886	4.311425e-08	9.829000e-01	2.148766e-11
46	206.776990	6.499456e-08	9.886000e-01	2.349504e-11
46	484.316411	1.766142e-08	9.411000e-01	1.039688e-27
46	1958.767283	1.743232e-08	9.145000e-01	5.537551e-27
46	769.906851	1.756875e-08	9.335000e-01	2.021260e-26
46	24710.766226	1.722973e-08	8.100000e-01	3.640510e-11
46	2827.606887	1.739031e-08	9.050000e-01	3.664537e-26
46	7337.675711	1.730356e-08	8.727000e-01	3.939514e-26
46	19898.836332	1.724043e-08	8.233000e-01	2.867281e-25
46	815.618027	3.066478e-11	8.385000e-01	9.531952e-24
46	484.316439	1.766142e-08	9.411000e-01	9.354568e-27
46	207.353010	4.058560e-07	9.981001e-01	2.440972e-11
46	211.296348	1.803096e-08	9.563000e-01	3.067157e-27
46	206.964708	7.814980e-08	9.905000e-01	2.391102e-11
46	8786.617603	1.729029e-08	8.651000e-01	9.510565e-26
46	203.677225	1.811460e-08	9.582000e-01	9.901682e-27
46	12181.934789	1.726842e-08	8.499000e-01	1.688954e-25
46	12655.490622	1.726605e-08	8.480000e-01	6.775273e-26
46	4898.737076	1.733673e-08	8.879000e-01	1.938003e-26
46	10398.672073	1.727867e-08	8.575000e-01	1.320405e-25
46	2283.290408	1.741412e-08	9.107000e-01	1.032917e-26
46	24710.765716	1.722973e-08	8.100000e-01	7.197757e-11
46	815.623547	2.899029e-11	8.309000e-01	7.185763e-23
46	4132.675690	1.735221e-08	8.936000e-01	4.525962e-27
46	12655.490857	1.726605e-08	8.480000e-01	7.412768e-26
46	206.557794	5.560980e-08	9.867000e-01	2.295498e-11
46	20544.918252	1.723879e-08	8.214000e-01	8.741787e-26
46	18039.913492	1.724559e-08	8.290000e-01	4.520244e-26
46	815.525705	5.152520e-11	8.955000e-01	2.929529e-23
46	6353.368911	1.731483e-08	8.784000e-01	5.049676e-26
46	13140.415343	1.726374e-08	8.461000e-01	3.099241e-27
46	268.766289	1.784646e-08	9.506000e-01	1.095584e-29
46	814.443335	1.695402e-10	9.582000e-01	2.377599e-24
46	15196.605533	1.725513e-08	8.385000e-01	3.915900e-26
46	203.933835	2.568205e-08	9.715000e-01	1.371892e-11
46	2283.290349	1.741412e-08	9.107000e-01	3.149027e-26
46	5453.374089	1.732745e-08	8.841000e-01	4.873306e-27
46	815.619485	3.023104e-11	8.366000e-01	6.744394e-23
46	203.543167	2.405628e-08	9.696000e-01	1.189353e-11
46	9174.030295	1.728724e-08	8.632000e-01	5.220311e-27
46	2283.290403	1.741412e-08	9.107000e-01	1.331066e-26
46	11719.609810	1.727087e-08	8.518000e-01	7.221126e-26
46	3024.758363	1.738317e-08	9.031000e-01	2.204183e-27
46	206.557794	5.560980e-08	9.867000e-01	2.295498e-11
46	815.175698	9.945072e-11	9.392000e-01	7.045230e-24
46	2117.254150	1.742296e-08	9.126000e-01	5.691311e-27
46	6671.952251	1.731093e-08	8.765000e-01	3.184376e-26
46	14664.796499	1.725719e-08	8.404000e-01	8.640542e-26
46	206.031886	4.311425e-08	9.829000e-01	2.148766e-11
46	815.614939	3.156479e-11	8.423000e-01	4.575956e-23
46	484.316399	1.766142e-08	9.411000e-01	8.040868e-27
46	4634.702589	1.734167e-08	8.898000e-01	1.132458e-26
46	24999.072528	1.742629e-08	8.156998e-01	1.000000e-08
46	815.547148	4.742646e-11	8.879000e-01	4.546981e-24
46	4132.675534	1.735221e-08	8.936000e-01	5.345998e-26
46	5744.191230	1.732307e-08	8.822000e-01	3.090397e-26
46	2283.290274	1.741412e-08	9.107000e-01	1.731632e-26
46	28247.024677	1.962068e-08	8.689000e-01	1.000000e-08
46	9174.030480	1.728724e-08	8.632000e-01	4.182463e-26
46	815.403958	7.099994e-11	9.202000e-01	1.514697e-24
46	206.308780	4.857827e-08	9.848000e-01	2.228711e-11
46	10398.671711	1.727867e-08	8.575000e-01	2.393460e-26
46	211.296343	1.803096e-08	9.563000e-01	4.042696e-26
46	2827.606793	1.739031e-08	9.050000e-01	5.244521e-28
46	809.489949	6.507720e-10	9.791000e-01	2.045763e-25
46	4132.675694	1.735221e-08	8.936000e-01	3.844355e-27
46	24710.765905	1.722973e-08	8.100000e-01	6.659066e-11
46	17446.178940	1.724740e-08	8.309000e-01	1.711837e-25
46	13140.415439	1.726374e-08	8.461000e-01	5.281217e-26
46	815.595171	3.683854e-11	8.613000e-01	2.555525e-23
46	815.512981	5.382943e-11	8.993000e-01	4.606690e-24
46	814.781758	1.392706e-10	9.525000e-01	2.428236e-25
46	203.677225	1.811460e-08	9.582000e-01	6.341121e-27
46	24999.072224	1.742629e-08	8.156998e-01	1.000000e-08
46	201.681731	1.828249e-08	9.601000e-01	2.475194e-13
46	814.862953	1.316005e-10	9.506000e-01	6.519807e-25
46	13140.415278	1.726374e-08	8.461000e-01	2.814232e-25
46	18646.491621	1.724383e-08	8.271000e-01	2.643774e-25
46	1161.434039	1.750250e-08	9.259000e-01	1.727947e-27
46	804.806204	1.170199e-09	9.848000e-01	8.467303e-26
46	428.885772	1.769066e-08	9.430000e-01	2.993814e-27
46	203.543167	2.405628e-08	9.696000e-01	1.189353e-11
46	224.635408	1.796007e-08	9.544000e-01	1.015586e-26
46	815.611602	3.251100e-11	8.461000e-01	7.849090e-23
46	12655.490952	1.726605e-08	8.480000e-01	1.615345e-25
46	4379.383648	1.734683e-08	8.917000e-01	2.350180e-26
46	16865.131446	1.724926e-08	8.328000e-01	2.162730e-26
46	23265.898927	1.723261e-08	8.138000e-01	1.868876e-24
46	8042.247833	1.729669e-08	8.689000e-01	2.067888e-26
46	15740.499433	1.725312e-08	8.366000e-01	1.222309e-25
46	4634.702641	1.734167e-08	8.898000e-01	4.958141e-27
46	16296.629322	1.725116e-08	8.347000e-01	2.863993e-25
46	201.681731	1.828249e-08	9.601000e-01	2.475193e-13
46	205.403771	3.517704e-08	9.791000e-01	1.947915e-11
46	207.322982	1.976904e-07	9.962000e-01	2.445229e-11
46	206.776990	6.499455e-08	9.886000e-01	2.349504e-11
46	5744.191204	1.732307e-08	8.822000e-01	2.388252e-26
46	25097.468153	1.749325e-08	8.175999e-01	1.000000e-08
46	815.506021	5.505502e-11	9.012000e-01	2.861538e-23
46	207.119494	9.791989e-08	9.924000e-01	2.420671e-11
46	3443.200311	1.736990e-08	8.993000e-01	2.082998e-26
46	206.031886	4.311425e-08	9.829000e-01	2.148766e-11
46	4379.383441	1.734683e-08	8.917000e-01	1.969789e-26
46	24999.072474	1.742629e-08	8.156998e-01	1.000000e-08
46	8786.617615	1.729029e-08	8.651000e-01	3.631708e-26
46	205.729360	3.874694e-08	9.810000e-01	2.055292e-11
46	224.635405	1.796007e-08	9.544000e-01	3.892181e-27
46	3664.684964	1.736373e-08	8.974000e-01	6.283417e-27
46	204.695338	2.969331e-08	9.753000e-01	1.689959e-11
46	207.239849	1.309849e-07	9.943000e-01	2.438588e-11
46	2456.966497	1.740575e-08	9.088000e-01	1.149521e-26
46	815.556227	4.559482e-11	8.841000e-01	2.044198e-23
46	614.184392	1.761088e-08	9.373000e-01	4.855859e-27
46	15740.503357	1.725312e-08	8.366000e-01	8.452817e-26
46	203.543167	2.405628e-08	9.696000e-01	1.189353e-11
46	4634.702841	1.734167e-08	8.898000e-01	2.142713e-26
46	814.687112	1.479775e-10	9.544000e-01	1.445853e-24
46	16865.134162	1.724926e-08	8.328000e-01	1.639508e-25
46	7685.046857	1.730007e-08	8.708000e-01	7.555569e-27
46	3024.758253	1.738317e-08	9.031000e-01	1.489346e-26
46	15740.499118	1.725312e-08	8.366000e-01	7.638163e-26
46	211.296344	1.803096e-08	9.563000e-01	1.052807e-26
46	16296.625906	1.725116e-08	8.347000e-01	2.464862e-25
46	9571.759785	1.728429e-08	8.613000e-01	1.130863e-25
46	5171.591857	1.733199e-08	8.860000e-01	4.061131e-26
46	23265.898681	1.723261e-08	8.138000e-01	1.129890e-24
46	203.677226	1.811460e-08	9.582000e-01	3.170461e-26
46	6671.952218	1.731093e-08	8.765000e-01	1.270511e-25
46	815.430527	6.714340e-11	9.164000e-01	7.937195e-24
46	18039.911822	1.724559e-08	8.290000e-01	4.300500e-26
46	2827.606784	1.739031e-08	9.050000e-01	1.831617e-26
46	206.776990	6.499456e-08	9.886000e-01	2.349504e-11
46	811.674357	4.102677e-10	9.734000e-01	5.938506e-25
46	202.024240	1.920144e-08	9.620000e-01	2.928103e-12
46	3443.200318	1.736990e-08	8.993000e-01	5.067406e-27
46	336.654020	1.775944e-08	9.468000e-01	6.456976e-27
46	428.885798	1.769066e-08	9.430000e-01	5.485865e-27
46	769.906772	1.756875e-08	9.335000e-01	1.552174e-26
46	2827.606887	1.739031e-08	9.050000e-01	1.938516e-26
46	18039.912420	1.724559e-08	8.290000e-01	2.768799e-25
46	5453.374124	1.732744e-08	8.841000e-01	5.274543e-27
46	2827.606726	1.739031e-08	9.050000e-01	2.584220e-26
46	203.677228	1.811460e-08	9.582000e-01	5.490526e-26
46	9571.759522	1.728429e-08	8.613000e-01	5.764600e-26
46	379.689879	1.772315e-08	9.449000e-01	2.925307e-27
46	8786.617537	1.729029e-08	8.651000e-01	1.818215e-26
46	23265.899177	1.723261e-08	8.138000e-01	1.577379e-24
46	815.581592	4.008855e-11	8.708000e-01	4.921052e-23
46	814.862953	1.316005e-10	9.506000e-01	1.215595e-24
46	815.209533	9.560873e-11	9.373000e-01	5.878236e-25
46	2456.966505	1.740575e-08	9.088000e-01	5.658060e-27
46	14664.798979	1.725719e-08	8.404000e-01	4.638557e-26
46	19898.839156	1.724043e-08	8.233000e-01	2.376343e-25
46	23981.154845	1.723115e-08	8.119000e-01	2.444442e-25
46	5171.592245	1.733199e-08	8.860000e-01	2.056971e-26
46	9174.030559	1.728724e-08	8.632000e-01	4.474228e-26
46	18039.914146	1.724559e-08	8.290000e-01	1.331123e-25
46	207.322982	1.976904e-07	9.962000e-01	2.445229e-11
46	12655.490861	1.726605e-08	8.480000e-01	4.941920e-26
46	23265.898827	1.723261e-08	8.138000e-01	3.666851e-25
46	8409.397914	1.729344e-08	8.670000e-01	7.624850e-27
46	3024.758414	1.738317e-08	9.031000e-01	8.976858e-28
46	812.255711	3.551882e-10	9.715000e-01	6.096063e-26
46	1527.710652	1.746402e-08	9.202000e-01	3.518510e-27
46	23265.899296	1.723261e-08	8.138000e-01	5.818363e-25
46	809.489949	6.507720e-10	9.791000e-01	4.659667e-26
46	815.209533	9.560873e-11	9.373000e-01	4.058282e-24
46	23981.154639	1.723115e-08	8.119000e-01	2.278456e-24
46	28384.198761	1.971350e-08	8.708000e-01	1.000000e-08
46	428.885784	1.769066e-08	9.430000e-01	6.243577e-27
46	815.403958	7.099994e-11	9.202000e-01	7.878864e-24
46	224.635409	1.796007e-08	9.544000e-01	9.242914e-28
46	205.729360	3.874694e-08	9.810000e-01	2.055292e-11
46	224.635409	1.796007e-08	9.544000e-01	2.671852e-27
46	815.389053	7.309447e-11	9.221000e-01	1.657431e-23
46	203.543167	2.405628e-08	9.696000e-01	1.189353e-11
46	18039.915385	1.724559e-08	8.290000e-01	1.258214e-25
46	4132.675705	1.735221e-08	8.936000e-01	1.889946e-26
46	13140.415431	1.726374e-08	8.461000e-01	1.434056e-26
46	815.498617	5.633398e-11	9.031000e-01	5.578544e-24
46	9174.030388	1.728724e-08	8.632000e-01	4.419296e-26
46	10828.111609	1.727599e-08	8.556000e-01	1.327380e-26
46	812.767535	3.097381e-10	9.696000e-01	3.123806e-25
46	-1.000000	-1.000000e+00	-1.000000e+00	-1.000000e+00
46	3024.758402	1.738317e-08	9.031000e-01	4.522219e-26
46	857.658634	1.755020e-08	9.316000e-01	1.271111e-26
46	14664.798138	1.725719e-08	8.404000e-01	7.231489e-26
46	13140.415338	1.726374e-08	8.461000e-01	4.392897e-26
46	25097.467990	1.749325e-08	8.175998e-01	1.000000e-08
46	1807.739837	1.744224e-08	9.164000e-01	3.839469e-28
46	814.994462	1.186789e-10	9.468000e-01	1.648428e-25
46	5744.191240	1.732307e-08	8.822000e-01	5.120745e-26
46	814.443335	1.695402e-10	9.582000e-01	1.019574e-24
46	203.677225	1.811460e-08	9.582000e-01	1.986136e-26
46	207.322982	1.976904e-07	9.962000e-01	2.445229e-11
46	815.175698	9.945072e-11	9.392000e-01	1.605472e-24
46	25097.468220	1.749325e-08	8.175999e-01	1.000000e-08
46	814.994462	1.186789e-10	9.468000e-01	1.509795e-24
46	16865.136077	1.724926e-08	8.328000e-01	1.964695e-27
46	4898.736883	1.733673e-08	8.879000e-01	2.198369e-26
46	17446.177343	1.724740e-08	8.309000e-01	2.052902e-25
46	202.764805	2.135394e-08	9.658000e-01	7.752408e-12
46	1958.767151	1.743232e-08	9.145000e-01	2.199041e-26
46	2827.606842	1.739031e-08	9.050000e-01	1.106918e-26
46	815.634350	2.541314e-11	8.119000e-01	1.691224e-21
46	1527.710667	1.746402e-08	9.202000e-01	1.662628e-26
46	815.618027	3.066478e-11	8.385000e-01	7.898131e-23
46	1807.739763	1.744224e-08	9.164000e-01	5.832033e-27
46	201.681731	1.828249e-08	9.601000e-01	2.475214e-13
46	7337.675804	1.730356e-08	8.727000e-01	5.573987e-26
46	952.109914	1.753308e-08	9.297000e-01	1.447117e-26
46	4898.737193	1.733673e-08	8.879000e-01	8.028315e-27
46	815.506021	5.505501e-11	9.012000e-01	8.202276e-24
46	428.885762	1.769066e-08	9.430000e-01	9.676739e-27
46	207.322982	1.976903e-07	9.962000e-01	2.445229e-11
46	4379.383386	1.734683e-08	8.917000e-01	2.369981e-26
46	614.184424	1.761088e-08	9.373000e-01	7.725630e-27
46	203.677227	1.811460e-08	9.582000e-01	2.267083e-26
46	207.353010	4.058560e-07	9.981001e-01	2.440972e-11
46	16296.627320	1.725116e-08	8.347000e-01	1.001514e-26
46	21204.501572	1.723719e-08	8.195000e-01	2.137470e-25
46	379.689887	1.772315e-08	9.449000e-01	6.686185e-27
46	13140.415516	1.726374e-08	8.461000e-01	3.466738e-26
46	299.704008	1.780024e-08	9.487000e-01	1.235814e-26
46	201.681731	1.828249e-08	9.601000e-01	2.475201e-13
46	15740.502882	1.725312e-08	8.366000e-01	8.870903e-26
46	206.557794	5.560979e-08	9.867000e-01	2.295498e-11
46	952.109931	1.753308e-08	9.297000e-01	4.135896e-27
46	811.674356	4.102677e-10	9.734000e-01	3.276873e-25
46	814.781758	1.392706e-10	9.525000e-01	1.234130e-25
46	1807.739823	1.744224e-08	9.164000e-01	1.471697e-26
46	207.322982	1.976903e-07	9.962000e-01	2.445229e-11
46	815.581592	4.008855e-11	8.708000e-01	9.935406e-24
46	546.057233	1.763495e-08	9.392000e-01	1.294582e-27
46	204.695338	2.969331e-08	9.753000e-01	1.689959e-11
46	224.635404	1.796007e-08	9.544000e-01	8.150326e-27
46	10828.111739	1.727599e-08	8.556000e-01	1.277336e-26
46	206.308780	4.857827e-08	9.848000e-01	2.228711e-11
46	207.322982	1.976904e-07	9.962000e-01	2.445229e-11
46	1664.083531	1.745279e-08	9.183000e-01	5.318493e-27
46	8409.397890	1.729344e-08	8.670000e-01	1.509500e-26
46	12655.490829	1.726605e-08	8.480000e-01	5.931366e-27
46	206.308780	4.857827e-08	9.848000e-01	2.228711e-11
46	13140.415313	1.726374e-08	8.461000e-01	3.370719e-26
46	24999.072346	1.742629e-08	8.156998e-01	1.000000e-08
46	813.561774	2.430094e-10	9.658000e-01	1.244502e-24
46	4132.675705	1.735221e-08	8.936000e-01	2.120183e-26
46	484.316415	1.766142e-08	9.411000e-01	3.494730e-27
46	815.336278	8.017580e-11	9.278000e-01	1.155530e-23
46	15196.608078	1.725513e-08	8.385000e-01	3.483334e-25
46	11268.380056	1.727339e-08	8.537000e-01	3.936362e-26
46	28384.198779	1.971351e-08	8.708000e-01	1.000000e-08
46	4379.383584	1.734683e-08	8.917000e-01	2.031819e-26
46	12655.490842	1.726605e-08	8.480000e-01	5.506411e-26
46	4634.702754	1.734167e-08	8.898000e-01	6.860303e-27
46	18039.913575	1.724559e-08	8.290000e-01	8.835936e-26
46	205.058018	3.220515e-08	9.772000e-01	1.826262e-11
46	205.058018	3.220515e-08	9.772000e-01	1.826262e-11
46	14664.798623	1.725719e-08	8.404000e-01	1.135311e-25
46	28949.524829	2.009710e-08	8.784000e-01	1.000000e-08
46	207.239849	1.309849e-07	9.943000e-01	2.438588e-11
46	3664.684882	1.736373e-08	8.974000e-01	2.066961e-26
46	8409.397705	1.729344e-08	8.670000e-01	3.302909e-27
46	206.031886	4.311425e-08	9.829000e-01	2.148766e-11
46	814.862953	1.316005e-10	9.506000e-01	4.789372e-25
46	268.766307	1.784646e-08	9.506000e-01	1.481665e-26
46	8409.397710	1.729344e-08	8.670000e-01	1.691591e-26
46	23981.154667	1.723115e-08	8.119000e-01	1.592837e-24
46	24710.766159	1.722973e-08	8.100000e-01	4.458667e-11
46	769.906761	1.756875e-08	9.335000e-01	2.798808e-27
46	1807.739886	1.744224e-08	9.164000e-01	6.876879e-28
46	428.885795	1.769066e-08	9.430000e-01	1.020810e-26
46	815.512981	5.382943e-11	8.993000e-01	2.399323e-24
46	811.674357	4.102677e-10	9.734000e-01	2.174538e-25
46	26604.586806	1.851281e-08	8.441999e-01	1.000000e-08
46	9174.030187	1.728724e-08	8.632000e-01	8.395361e-26
46	428.885782	1.769066e-08	9.430000e-01	4.014671e-27
46	815.175698	9.945072e-11	9.392000e-01	2.142341e-24
46	614.184415	1.761088e-08	9.373000e-01	5.882926e-27
46	202.024240	1.920144e-08	9.620000e-01	2.928104e-12
46	24999.072495	1.742629e-08	8.156998e-01	1.000000e-08
46	4634.702512	1.734167e-08	8.898000e-01	4.122254e-26
46	10828.111567	1.727599e-08	8.556000e-01	1.301709e-25
46	268.766304	1.784646e-08	9.506000e-01	6.546649e-27
46	224.635398	1.796007e-08	9.544000e-01	1.995642e-27
46	10398.671950	1.727867e-08	8.575000e-01	4.168276e-26
46	6671.952050	1.731093e-08	8.765000e-01	5.527483e-26
46	1958.767106	1.743232e-08	9.145000e-01	3.654792e-26
46	1807.739801	1.744224e-08	9.164000e-01	6.689062e-27
46	815.584562	3.939872e-11	8.689000e-01	7.540618e-23
46	769.906842	1.756875e-08	9.335000e-01	3.378529e-27
46	28247.024684	1.962068e-08	8.689000e-01	1.000000e-08
46	815.490731	5.767003e-11	9.050000e-01	1.682489e-23
46	206.308780	4.857827e-08	9.848000e-01	2.228711e-11
46	19266.080749	1.724211e-08	8.252000e-01	2.400363e-25
46	3229.923965	1.737637e-08	9.012000e-01	1.544011e-27
46	3229.923912	1.737637e-08	9.012000e-01	7.064196e-27
46	26604.586750	1.851281e-08	8.441999e-01	1.000000e-08
46	688.775016	1.758890e-08	9.354000e-01	3.770558e-27
46	769.906807	1.756874e-08	9.335000e-01	3.573676e-27
46	206.031886	4.311425e-08	9.829000e-01	2.148766e-11
46	812.767535	3.097380e-10	9.696000e-01	1.955240e-25
46	10398.672075	1.727867e-08	8.575000e-01	5.057127e-26
46	7000.016417	1.730718e-08	8.746000e-01	5.262896e-27
46	15196.605361	1.725513e-08	8.385000e-01	1.359956e-26
46	815.592695	3.745050e-11	8.632000e-01	1.116278e-24
46	206.557794	5.560980e-08	9.867000e-01	2.295498e-11
46	1807.739903	1.744224e-08	9.164000e-01	1.052491e-26
46	9979.931120	1.728144e-08	8.594000e-01	3.010668e-26
46	8409.397793	1.729344e-08	8.670000e-01	6.972977e-27
46	5171.591973	1.733199e-08	8.860000e-01	5.677491e-26
46	815.613303	3.203190e-11	8.442000e-01	2.404981e-23
46	18646.492518	1.724383e-08	8.271000e-01	2.059698e-26
46	857.658585	1.755020e-08	9.316000e-01	5.775046e-27
46	18646.493960	1.724383e-08	8.271000e-01	1.973907e-25
46	16296.628748	1.725116e-08	8.347000e-01	2.576336e-26
46	336.654017	1.775944e-08	9.468000e-01	7.301420e-27
46	206.964708	7.814981e-08	9.905000e-01	2.391102e-11
46	203.933835	2.568205e-08	9.715000e-01	1.371892e-11
46	16865.132935	1.724926e-08	8.328000e-01	2.763746e-25
46	10828.111528	1.727599e-08	8.556000e-01	2.200162e-26
46	336.654014	1.775944e-08	9.468000e-01	4.513953e-27
46	20544.916657	1.723879e-08	8.214000e-01	1.720781e-25
46	1276.470775	1.748879e-08	9.240000e-01	1.501451e-26
46	2638.374314	1.739783e-08	9.069000e-01	2.605641e-26
46	6671.952067	1.731093e-08	8.765000e-01	2.615562e-26
46	9979.931195	1.728144e-08	8.594000e-01	7.287770e-26
46	203.933835	2.568205e-08	9.715000e-01	1.371892e-11
46	23981.154757	1.723115e-08	8.119000e-01	1.510683e-24
46	4379.383636	1.734683e-08	8.917000e-01	3.112605e-26
46	19898.838753	1.724043e-08	8.233000e-01	4.748295e-25
46	12181.934667	1.726842e-08	8.499000e-01	5.443431e-26
46	1161.434028	1.750250e-08	9.259000e-01	2.709511e-27
46	207.353010	4.058560e-07	9.981001e-01	2.440972e-11
46	203.543167	2.405628e-08	9.696000e-01	1.189353e-11
46	814.090925	1.993555e-10	9.620000e-01	4.149479e-25
46	12655.490641	1.726605e-08	8.480000e-01	2.811112e-26
46	1527.710583	1.746402e-08	9.202000e-01	2.828484e-27
46	24710.766205	1.722973e-08	8.100000e-01	3.509769e-11
46	24999.072585	1.742629e-08	8.156998e-01	1.000000e-08
46	4898.737272	1.733673e-08	8.879000e-01	1.002994e-27
46	379.689907	1.772315e-08	9.449000e-01	6.317216e-27
46	14664.795805	1.725719e-08	8.404000e-01	1.297754e-25
46	205.729360	3.874695e-08	9.810000e-01	2.055292e-11
46	3443.200168	1.736990e-08	8.993000e-01	3.289169e-26
46	21204.496049	1.723719e-08	8.195000e-01	8.780359e-26
46	12181.934717	1.726842e-08	8.499000e-01	5.459834e-26
46	11268.379994	1.727339e-08	8.537000e-01	7.287451e-26
46	815.315443	8.284830e-11	9.297000e-01	3.090055e-24
46	17446.177857	1.724740e-08	8.309000e-01	4.492643e-27
46	1276.470799	1.748879e-08	9.240000e-01	4.395288e-27
46	206.964708	7.814981e-08	9.905000e-01	2.391102e-11
46	7000.016105	1.730718e-08	8.746000e-01	7.977022e-27
46	20544.916694	1.723879e-08	8.214000e-01	1.559484e-24
46	207.119494	9.791989e-08	9.924000e-01	2.420671e-11
46	815.336278	8.017580e-11	9.278000e-01	1.189976e-24
46	25097.467775	1.749325e-08	8.175998e-01	1.000000e-08
46	204.695338	2.969331e-08	9.753000e-01	1.689959e-11
46	21877.741851	1.723563e-08	8.176000e-01	3.874888e-25
46	206.308780	4.857827e-08	9.848000e-01	2.228711e-11
46	23265.898982	1.723261e-08	8.138000e-01	1.080969e-24
46	4379.383581	1.734683e-08	8.917000e-01	5.937543e-27
46	204.319307	2.754301e-08	9.734000e-01	1.538630e-11
46	815.519532	5.265385e-11	8.974000e-01	1.957254e-24
46	814.933205	1.247839e-10	9.487000e-01	3.907567e-24
46	207.353010	4.058558e-07	9.981001e-01	2.440972e-11
46	18646.496640	1.724383e-08	8.271000e-01	1.318280e-26
46	379.689914	1.772315e-08	9.449000e-01	1.001967e-26
46	207.353010	4.058559e-07	9.981001e-01	2.440972e-11
46	205.729360	3.874694e-08	9.810000e-01	2.055292e-11
46	815.490731	5.767003e-11	9.050000e-01	3.614419e-24
46	814.933205	1.247839e-10	9.487000e-01	1.013601e-24
46	9979.930757	1.728144e-08	8.594000e-01	3.177379e-27
46	202.387131	2.021976e-08	9.639000e-01	5.428002e-12
46	224.635411	1.796007e-08	9.544000e-01	9.283999e-27
46	18039.911245	1.724559e-08	8.290000e-01	3.036280e-26
46	205.058018	3.220515e-08	9.772000e-01	1.826262e-11
46	6044.152444	1.731887e-08	8.803000e-01	5.986461e-26
46	9571.759565	1.728429e-08	8.613000e-01	5.661057e-27
46	12181.934828	1.726842e-08	8.499000e-01	1.057731e-26
46	28949.524806	2.009710e-08	8.784000e-01	1.000000e-08
46	8042.247745	1.729669e-08	8.689000e-01	5.031456e-27
46	23265.898724	1.723261e-08	8.138000e-01	2.198028e-25
46	203.151868	2.262430e-08	9.677000e-01	9.906099e-12
46	28384.198749	1.971351e-08	8.708000e-01	1.000000e-08
46	815.525705	5.152520e-11	8.955000e-01	2.111674e-23
46	203.933835	2.568205e-08	9.715000e-01	1.371892e-11
46	1276.470754	1.748879e-08	9.240000e-01	2.610575e-27
46	21877.743212	1.723563e-08	8.176000e-01	2.016488e-25
46	814.781758	1.392706e-10	9.525000e-01	1.219571e-24
46	815.209533	9.560873e-11	9.373000e-01	1.950814e-24
46	28384.198715	1.971351e-08	8.708000e-01	1.000000e-08
46	14144.921925	1.725932e-08	8.423000e-01	1.132721e-25
46	1958.767164	1.743232e-08	9.145000e-01	5.177858e-27
46	207.322982	1.976903e-07	9.962000e-01	2.445229e-11
46	484.316435	1.766142e-08	9.411000e-01	6.513214e-27
46	14144.923155	1.725932e-08	8.423000e-01	1.263155e-25
46	2638.374178	1.739783e-08	9.069000e-01	1.180433e-26
46	3443.200331	1.736990e-08	8.993000e-01	1.208327e-26
46	24999.072889	1.742629e-08	8.156999e-01	1.000000e-08
46	17446.180161	1.724740e-08	8.309000e-01	2.866317e-25
46	11268.379928	1.727339e-08	8.537000e-01	4.886656e-26
46	18039.915821	1.724559e-08	8.290000e-01	1.489443e-25
46	815.473339	6.052996e-11	9.088000e-01	1.425615e-23
46	28384.198791	1.971351e-08	8.708000e-01	1.000000e-08
46	224.635405	1.796007e-08	9.544000e-01	7.443742e-27
46	3229.924084	1.737637e-08	9.012000e-01	7.606661e-28
46	203.151868	2.262430e-08	9.677000e-01	9.906099e-12
46	815.606070	3.402515e-11	8.518000e-01	1.879011e-23
46	206.557794	5.560980e-08	9.867000e-01	2.295498e-11
46	769.906764	1.756875e-08	9.335000e-01	1.932548e-27
46	203.677227	1.811460e-08	9.582000e-01	1.143089e-26
46	15196.608344	1.725513e-08	8.385000e-01	2.556169e-26
46	9979.930979	1.728144e-08	8.594000e-01	2.371411e-26
46	3664.684979	1.736373e-08	8.974000e-01	6.513520e-27
46	1398.534816	1.747599e-08	9.221000e-01	4.683682e-27
46	1398.534841	1.747599e-08	9.221000e-01	1.753162e-26
46	202.764806	2.135394e-08	9.658000e-01	7.752410e-12
46	4634.702515	1.734167e-08	8.898000e-01	2.314171e-26
46	4634.702645	1.734167e-08	8.898000e-01	1.846989e-26
46	1664.083493	1.745279e-08	9.183000e-01	4.994145e-27
46	19266.084199	1.724211e-08	8.252000e-01	1.353772e-26
46	203.677229	1.811460e-08	9.582000e-01	1.583651e-26
46	203.543167	2.405628e-08	9.696000e-01	1.189353e-11
46	813.202564	2.727904e-10	9.677000e-01	2.552953e-25
46	243.767735	1.789923e-08	9.525000e-01	2.957566e-27
46	9571.759537	1.728429e-08	8.613000e-01	7.821100e-27
46	1276.470758	1.748879e-08	9.240000e-01	8.411249e-27
46	9979.930758	1.728144e-08	8.594000e-01	7.274601e-26
46	11268.379970	1.727339e-08	8.537000e-01	5.619888e-26
46	24999.072831	1.742629e-08	8.156999e-01	1.000000e-08
46	28523.015730	1.980753e-08	8.727000e-01	1.000000e-08
46	28384.198759	1.971350e-08	8.708000e-01	1.000000e-08
46	-1.000000	-1.000000e+00	-1.000000e+00	-1.000000e+00
