8	37865.001111	1.914596e-08	8.334000e-01	1.103066e-24
8	10352.486180	1.884516e-08	8.878000e-01	2.560351e-26
8	552.251487	2.295347e-08	9.660000e-01	2.008092e-11
8	553.266845	1.911049e-08	9.592000e-01	1.041427e-11
8	17459.173378	1.898246e-08	8.691000e-01	7.119690e-26
8	4647.986509	1.858574e-08	9.099000e-01	4.996463e-28
8	3153.454614	1.843485e-08	9.184000e-01	2.085251e-26
8	1096.120295	1.788384e-08	9.371000e-01	1.660843e-26
8	15297.637651	1.894992e-08	8.742000e-01	1.099147e-25
8	1879.747872	2.630074e-10	9.592000e-01	1.416443e-25
8	1829.923968	1.818559e-08	9.286000e-01	1.046297e-26
8	34340.031041	1.912773e-08	8.385000e-01	2.148461e-25
8	16719.368983	1.897196e-08	8.708000e-01	8.162296e-26
8	2216.001183	1.827931e-08	9.252000e-01	1.708127e-26
8	2429.473302	1.832182e-08	9.235000e-01	4.086038e-27
8	892.024541	1.772543e-08	9.405000e-01	1.813391e-27
8	987.833998	1.780801e-08	9.388000e-01	8.636681e-27
8	1883.232671	9.197841e-11	9.201000e-01	2.520790e-23
8	13951.693852	1.892639e-08	8.776000e-01	2.569976e-26
8	7832.738526	1.876197e-08	8.963000e-01	3.607197e-26
8	552.285955	3.292942e-08	9.762000e-01	3.002297e-11
8	39088.876554	1.915176e-08	8.317000e-01	1.453944e-24
8	6519.824656	1.870321e-08	9.014000e-01	8.455681e-27
8	2016.201644	1.823400e-08	9.269000e-01	1.101600e-26
8	9814.535445	1.882980e-08	8.895000e-01	1.438718e-26
8	25024.422621	1.906405e-08	8.538000e-01	8.487214e-26
8	32109.635107	1.911482e-08	8.419000e-01	2.442330e-25
8	19796.887780	1.901209e-08	8.640000e-01	9.682630e-27
8	552.735236	4.630765e-08	9.830000e-01	3.394191e-11
8	31029.535144	1.910812e-08	8.436000e-01	1.339960e-25
8	21456.112913	1.903041e-08	8.606000e-01	4.324115e-26
8	18218.551568	1.899264e-08	8.674000e-01	4.205529e-26
8	32109.639509	1.911482e-08	8.419000e-01	6.794083e-26
8	35490.840972	1.913395e-08	8.368000e-01	4.957406e-25
8	552.855787	5.152117e-08	9.847000e-01	3.461315e-11
8	553.269222	9.335834e-08	9.915000e-01	3.616260e-11
8	1882.945926	1.266147e-10	9.371000e-01	4.166911e-24
8	4647.986882	1.858574e-08	9.099000e-01	2.766040e-26
8	42874.781555	2.010015e-08	8.469998e-01	1.000000e-08
8	552.111935	2.705048e-08	9.711000e-01	2.569659e-11
8	552.614027	4.204579e-08	9.813000e-01	3.315054e-11
8	8303.052822	1.877997e-08	8.946000e-01	1.154512e-26
8	552.495907	3.849744e-08	9.796000e-01	3.223577e-11
8	24100.549250	1.905599e-08	8.555000e-01	4.999276e-26
8	17459.173206	1.898246e-08	8.691000e-01	4.218907e-26
8	1881.684269	1.959368e-10	9.524000e-01	3.223542e-24
8	554.280000	1.764371e-08	9.558000e-01	4.565738e-12
8	4991.512141	1.861152e-08	9.082000e-01	1.769410e-27
8	5350.291418	1.863607e-08	9.065000e-01	2.832248e-26
8	553.396146	1.565642e-07	9.949000e-01	3.630242e-11
8	553.269222	9.335835e-08	9.915000e-01	3.616260e-11
8	552.400455	2.185211e-08	9.643000e-01	1.790586e-11
8	-1.000000	-1.000000e+00	-1.000000e+00	-1.000000e+00
8	553.181640	7.764464e-08	9.898000e-01	3.593895e-11
8	13306.631994	1.891402e-08	8.793000e-01	1.365180e-27
8	552.614027	4.204579e-08	9.813000e-01	3.315054e-11
8	552.614027	4.204579e-08	9.813000e-01	3.315054e-11
8	9293.769372	1.881384e-08	8.912000e-01	2.329538e-26
8	36665.737298	1.914003e-08	8.351000e-01	3.146552e-25
8	11480.691244	1.887420e-08	8.844000e-01	1.233440e-26
8	552.251487	2.295347e-08	9.660000e-01	2.008092e-11
8	677.934559	1.742701e-08	9.456000e-01	1.328746e-26
8	677.934593	1.742701e-08	9.456000e-01	4.344974e-27
8	6114.278583	1.868185e-08	9.031000e-01	2.818371e-26
8	7378.880264	1.874322e-08	8.980000e-01	7.208738e-27
8	1497.332703	1.807813e-08	9.320000e-01	1.120670e-26
8	4991.512363	1.861152e-08	9.082000e-01	9.595303e-27
8	808.540568	1.763517e-08	9.422000e-01	2.819491e-26
8	808.540551	1.763517e-08	9.422000e-01	9.545608e-27
8	33213.046476	1.912135e-08	8.402000e-01	2.047954e-25
8	1883.375449	5.177297e-11	8.725000e-01	8.184819e-23
8	32109.642663	1.911482e-08	8.419000e-01	1.710511e-25
8	552.855787	5.152116e-08	9.847000e-01	3.461315e-11
8	18997.718035	1.900251e-08	8.657000e-01	8.531897e-26
8	1217.032831	1.795370e-08	9.354000e-01	1.968377e-26
8	-1.000000	-1.000000e+00	-1.000000e+00	-1.000000e+00
8	20616.275166	1.902139e-08	8.623000e-01	1.227841e-25
8	8303.052763	1.877997e-08	8.946000e-01	6.285554e-27
8	7832.738551	1.876198e-08	8.963000e-01	8.859917e-27
8	808.540569	1.763517e-08	9.422000e-01	4.441925e-27
8	594.749537	1.717181e-08	9.490000e-01	1.006788e-26
8	553.396146	1.565642e-07	9.949000e-01	3.630242e-11
8	553.724042	1.834676e-08	9.575000e-01	7.579100e-12
8	33213.055825	1.912135e-08	8.402000e-01	5.287543e-26
8	1872.945056	4.791179e-10	9.694000e-01	9.380111e-26
8	552.114682	2.553072e-08	9.694000e-01	2.397258e-11
8	2898.046350	1.839937e-08	9.201000e-01	1.494602e-26
8	552.613725	2.085297e-08	9.626000e-01	1.557268e-11
8	4647.986971	1.858574e-08	9.099000e-01	3.017245e-26
8	44286.177878	2.061444e-08	8.554998e-01	1.000000e-08
8	737.229216	1.753613e-08	9.439000e-01	4.524744e-27
8	552.613725	2.085297e-08	9.626000e-01	1.557268e-11
8	554.943325	1.699459e-08	9.541000e-01	1.367603e-12
8	677.934577	1.742701e-08	9.456000e-01	6.478427e-27
8	32109.645478	1.911482e-08	8.419000e-01	1.242662e-25
8	552.285955	3.292942e-08	9.762000e-01	3.002297e-11
8	1217.032847	1.795370e-08	9.354000e-01	1.328646e-26
8	9293.769576	1.881384e-08	8.912000e-01	2.722602e-26
8	16719.369614	1.897196e-08	8.708000e-01	3.884216e-26
8	552.855787	5.152116e-08	9.847000e-01	3.461315e-11
8	40337.677211	1.915742e-08	8.300000e-01	9.539975e-20
8	557.622273	1.685237e-08	9.524000e-01	5.707447e-26
8	21456.113783	1.903041e-08	8.606000e-01	4.792447e-26
8	13306.631136	1.891402e-08	8.793000e-01	3.117947e-26
8	15297.637687	1.894992e-08	8.742000e-01	2.694665e-26
8	1881.684269	1.959368e-10	9.524000e-01	7.761489e-25
8	32109.637291	1.911482e-08	8.419000e-01	6.414473e-25
8	4006.039665	1.853013e-08	9.133000e-01	4.495427e-27
8	8303.053058	1.877997e-08	8.946000e-01	6.676737e-26
8	892.024521	1.772543e-08	9.405000e-01	1.704579e-27
8	553.269222	9.335834e-08	9.915000e-01	3.616261e-11
8	4319.550389	1.855864e-08	9.116000e-01	1.705831e-26
8	570.519634	1.702149e-08	9.507000e-01	2.926980e-26
8	5350.291450	1.863607e-08	9.065000e-01	1.380383e-26
8	570.519622	1.702149e-08	9.507000e-01	4.257735e-26
8	552.111935	2.705048e-08	9.711000e-01	2.569659e-11
8	22316.614976	1.903918e-08	8.589000e-01	4.805702e-26
8	16719.369358	1.897196e-08	8.708000e-01	4.902865e-26
8	552.143730	2.876275e-08	9.728000e-01	2.727741e-11
8	553.341979	1.169888e-07	9.932000e-01	3.628265e-11
8	13951.693318	1.892639e-08	8.776000e-01	3.165970e-26
8	553.181640	7.764464e-08	9.898000e-01	3.593895e-11
8	13951.694096	1.892639e-08	8.776000e-01	1.684631e-26
8	40337.666832	1.915742e-08	8.300000e-01	7.993166e-20
8	12679.908550	1.890121e-08	8.810000e-01	3.642342e-26
8	552.613725	2.085297e-08	9.626000e-01	1.557268e-11
8	1874.371953	4.298994e-10	9.677000e-01	4.083597e-25
8	3423.151007	1.846836e-08	9.167000e-01	3.342717e-26
8	553.724042	1.834676e-08	9.575000e-01	7.579099e-12
8	13306.631598	1.891402e-08	8.793000e-01	1.525230e-26
8	2898.046194	1.839937e-08	9.201000e-01	7.587451e-27
8	3423.150798	1.846836e-08	9.167000e-01	1.114888e-26
8	553.181640	7.764464e-08	9.898000e-01	3.593895e-11
8	1883.245905	8.954449e-11	9.184000e-01	4.962206e-23
8	36665.740982	1.914003e-08	8.351000e-01	5.918728e-25
8	552.899654	1.994279e-08	9.609000e-01	1.307706e-11
8	553.269222	9.335835e-08	9.915000e-01	3.616260e-11
8	24100.548114	1.905599e-08	8.555000e-01	1.681694e-25
8	1863.870942	8.640304e-10	9.779000e-01	4.327714e-25
8	1883.278094	8.295541e-11	9.133000e-01	4.624108e-23
8	17459.172876	1.898246e-08	8.691000e-01	8.747015e-26
8	4319.550524	1.855864e-08	9.116000e-01	6.252859e-27
8	553.266845	1.911049e-08	9.592000e-01	1.041427e-11
8	12071.326659	1.888795e-08	8.827000e-01	3.969849e-26
8	34340.032734	1.912773e-08	8.385000e-01	6.890462e-25
8	1881.343577	2.091975e-10	9.541000e-01	1.279894e-24
8	23198.020593	1.904771e-08	8.572000e-01	7.367371e-28
8	2898.046219	1.839937e-08	9.201000e-01	1.197307e-26
8	1829.923929	1.818559e-08	9.286000e-01	2.002488e-26
8	737.229220	1.753613e-08	9.439000e-01	6.487282e-27
8	13306.631702	1.891402e-08	8.793000e-01	2.427996e-26
8	20616.278580	1.902139e-08	8.623000e-01	7.304028e-26
8	9814.535112	1.882980e-08	8.895000e-01	1.203307e-26
8	2429.473247	1.832181e-08	9.235000e-01	5.303735e-27
8	552.114682	2.553072e-08	9.694000e-01	2.397258e-11
8	553.269222	9.335834e-08	9.915000e-01	3.616260e-11
8	13951.694049	1.892639e-08	8.776000e-01	4.325912e-26
8	42874.782224	2.010015e-08	8.469998e-01	1.000000e-08
8	553.081839	6.643855e-08	9.881000e-01	3.560837e-11
8	31029.542378	1.910812e-08	8.436000e-01	6.010607e-27
8	1876.932967	3.486159e-10	9.643000e-01	1.681666e-25
8	22316.613753	1.903918e-08	8.589000e-01	1.830137e-25
8	1882.361752	1.650909e-10	9.473000e-01	1.368984e-24
8	1883.360948	5.829433e-11	8.844000e-01	1.016498e-22
8	32109.636763	1.911482e-08	8.419000e-01	2.163106e-25
8	1883.278094	8.295541e-11	9.133000e-01	4.197350e-23
8	8790.003053	1.879724e-08	8.929000e-01	2.492651e-26
8	987.834097	1.780801e-08	9.388000e-01	9.265614e-27
8	553.354776	4.911434e-07	9.983001e-01	3.605440e-11
8	1880.395081	2.422600e-10	9.575000e-01	1.072342e-24
8	4647.986870	1.858574e-08	9.099000e-01	2.224981e-26
8	552.285955	3.292942e-08	9.762000e-01	3.002297e-11
8	5350.291072	1.863607e-08	9.065000e-01	6.882591e-27
8	4647.986486	1.858574e-08	9.099000e-01	4.335789e-27
8	1878.960473	2.872906e-10	9.609000e-01	1.308829e-24
8	6519.824322	1.870321e-08	9.014000e-01	2.557291e-26
8	25969.897542	1.907189e-08	8.521000e-01	6.589754e-26
8	1217.032722	1.795370e-08	9.354000e-01	5.588064e-27
8	8790.002837	1.879724e-08	8.929000e-01	1.772364e-26
8	37864.990562	1.914596e-08	8.334000e-01	1.535381e-24
8	557.622276	1.685237e-08	9.524000e-01	1.841638e-26
8	13951.694049	1.892639e-08	8.776000e-01	1.521989e-26
8	6941.300122	1.872365e-08	8.997000e-01	5.092166e-26
8	553.354776	4.911435e-07	9.983001e-01	3.605440e-11
8	2216.001048	1.827931e-08	9.252000e-01	2.111376e-26
8	4991.512215	1.861152e-08	9.082000e-01	3.328748e-26
8	892.024502	1.772543e-08	9.405000e-01	9.333215e-27
8	5350.291385	1.863607e-08	9.065000e-01	2.204367e-26
8	552.855787	5.152116e-08	9.847000e-01	3.461315e-11
8	2656.770763	1.836176e-08	9.218000e-01	4.726762e-27
8	8303.053368	1.877997e-08	8.946000e-01	1.298418e-26
8	15998.927170	1.896112e-08	8.725000e-01	1.743157e-27
8	10352.485459	1.884516e-08	8.878000e-01	1.936985e-26
8	8303.053015	1.877997e-08	8.946000e-01	6.088165e-27
8	987.834097	1.780801e-08	9.388000e-01	1.509272e-26
8	17459.173646	1.898246e-08	8.691000e-01	1.033223e-26
8	808.540535	1.763517e-08	9.422000e-01	2.534414e-27
8	13951.693158	1.892639e-08	8.776000e-01	2.502453e-26
8	552.400455	2.185211e-08	9.643000e-01	1.790586e-11
8	25024.425849	1.906405e-08	8.538000e-01	3.254108e-26
8	27926.570512	1.908695e-08	8.487000e-01	1.243107e-25
8	17459.173738	1.898246e-08	8.691000e-01	2.435003e-26
8	11480.691486	1.887420e-08	8.844000e-01	1.690471e-27
8	552.385025	3.549786e-08	9.779000e-01	3.119433e-11
8	9293.769459	1.881384e-08	8.912000e-01	5.641890e-26
8	1883.201191	9.726804e-11	9.235000e-01	2.960272e-24
8	552.385025	3.549786e-08	9.779000e-01	3.119433e-11
8	553.396146	1.565642e-07	9.949000e-01	3.630242e-11
8	40337.673497	1.915742e-08	8.300000e-01	7.375233e-20
8	552.203705	3.070593e-08	9.745000e-01	2.871843e-11
8	36665.736073	1.914003e-08	8.351000e-01	2.937016e-25
8	13306.631746	1.891402e-08	8.793000e-01	2.409881e-26
8	553.081839	6.643855e-08	9.881000e-01	3.560837e-11
8	7378.879842	1.874322e-08	8.980000e-01	5.410637e-27
8	22316.617069	1.903918e-08	8.589000e-01	2.586054e-25
8	11480.691568	1.887420e-08	8.844000e-01	5.018974e-26
8	552.143729	2.876275e-08	9.728000e-01	2.727741e-11
8	8790.002810	1.879724e-08	8.929000e-01	1.896236e-26
8	6519.824526	1.870321e-08	9.014000e-01	1.112729e-26
8	552.203705	3.070593e-08	9.745000e-01	2.871843e-11
8	552.899655	1.994279e-08	9.609000e-01	1.307706e-11
8	35490.833426	1.913395e-08	8.368000e-01	5.557123e-25
8	552.855787	5.152116e-08	9.847000e-01	3.461315e-11
8	552.613725	2.085297e-08	9.626000e-01	1.557268e-11
8	39088.882599	1.915176e-08	8.317000e-01	9.638065e-25
8	1880.920232	2.244930e-10	9.558000e-01	8.359676e-25
8	553.724042	1.834676e-08	9.575000e-01	7.579101e-12
8	21456.117105	1.903041e-08	8.606000e-01	1.371348e-25
8	552.203705	3.070593e-08	9.745000e-01	2.871843e-11
8	33213.043597	1.912135e-08	8.402000e-01	5.440826e-25
8	1883.294785	7.906975e-11	9.099000e-01	5.787483e-23
8	1882.361752	1.650909e-10	9.473000e-01	5.244361e-24
8	4991.512055	1.861152e-08	9.082000e-01	1.180342e-26
8	1096.120236	1.788384e-08	9.371000e-01	1.323992e-27
8	32109.642665	1.911482e-08	8.419000e-01	8.684608e-26
8	737.229219	1.753613e-08	9.439000e-01	1.225499e-26
8	553.421546	2.366947e-07	9.966000e-01	3.622524e-11
8	8303.052816	1.877997e-08	8.946000e-01	4.019406e-26
8	552.203705	3.070593e-08	9.745000e-01	2.871843e-11
8	6114.278451	1.868185e-08	9.031000e-01	5.374884e-27
8	4647.986935	1.858574e-08	9.099000e-01	3.984221e-26
8	3707.293345	1.850008e-08	9.150000e-01	2.830920e-26
8	9814.535407	1.882980e-08	8.895000e-01	3.620551e-27
8	56098.762189	2.481130e-08	9.099000e-01	1.000000e-08
8	1880.395081	2.422600e-10	9.575000e-01	1.632444e-24
8	9814.535416	1.882980e-08	8.895000e-01	9.853397e-27
8	892.024551	1.772543e-08	9.405000e-01	1.149716e-26
8	4006.039730	1.853013e-08	9.133000e-01	3.316768e-26
8	553.724042	1.834676e-08	9.575000e-01	7.579100e-12
8	552.385025	3.549786e-08	9.779000e-01	3.119433e-11
8	677.934598	1.742701e-08	9.456000e-01	9.060632e-27
8	4006.039542	1.853013e-08	9.133000e-01	2.563965e-26
8	1869.836971	5.987840e-10	9.728000e-01	1.549890e-25
8	808.540595	1.763517e-08	9.422000e-01	1.821107e-26
8	15998.927247	1.896112e-08	8.725000e-01	5.783785e-26
8	1350.720673	1.801827e-08	9.337000e-01	1.555118e-26
8	37864.994826	1.914596e-08	8.334000e-01	4.979079e-25
8	630.496616	1.730620e-08	9.473000e-01	1.390414e-26
8	552.285955	3.292942e-08	9.762000e-01	3.002297e-11
8	8303.053276	1.877997e-08	8.946000e-01	1.468541e-26
8	12679.908560	1.890121e-08	8.810000e-01	1.351810e-26
8	25024.423548	1.906405e-08	8.538000e-01	3.578537e-26
8	2429.473309	1.832182e-08	9.235000e-01	4.145877e-27
8	36665.741652	1.914003e-08	8.351000e-01	3.669415e-25
8	18997.717995	1.900251e-08	8.657000e-01	1.035528e-26
8	1882.886420	1.316509e-10	9.388000e-01	4.330157e-24
8	2016.201699	1.823400e-08	9.269000e-01	4.628242e-27
8	7378.879882	1.874322e-08	8.980000e-01	2.635772e-26
8	1883.039663	1.176690e-10	9.337000e-01	8.670101e-24
8	4647.986603	1.858574e-08	9.099000e-01	1.099600e-27
8	553.354776	4.911437e-07	9.983001e-01	3.605440e-11
8	987.834068	1.780801e-08	9.388000e-01	8.408006e-28
8	552.855787	5.152117e-08	9.847000e-01	3.461315e-11
8	630.496596	1.730620e-08	9.473000e-01	1.233582e-27
8	553.396146	1.565642e-07	9.949000e-01	3.630242e-11
8	89883.081393	4.228013e-08	9.966000e-01	1.000000e-08
8	1497.332643	1.807813e-08	9.320000e-01	3.977261e-27
8	1883.257770	8.723578e-11	9.167000e-01	9.671862e-23
8	18218.552030	1.899264e-08	8.674000e-01	8.232501e-26
8	553.354776	4.911432e-07	9.983001e-01	3.605440e-11
8	22316.614864	1.903918e-08	8.589000e-01	8.910598e-27
8	3707.293100	1.850008e-08	9.150000e-01	6.005815e-27
8	5350.291507	1.863607e-08	9.065000e-01	9.369526e-27
8	552.495907	3.849745e-08	9.796000e-01	3.223577e-11
8	553.396146	1.565642e-07	9.949000e-01	3.630242e-11
8	553.396146	1.565642e-07	9.949000e-01	3.630242e-11
8	3707.293295	1.850008e-08	9.150000e-01	1.547999e-26
8	42604.395539	2.000088e-08	8.452998e-01	1.000000e-08
8	5724.490467	1.865949e-08	9.048000e-01	1.709665e-26
8	6941.300257	1.872365e-08	8.997000e-01	6.662495e-26
8	552.855787	5.152116e-08	9.847000e-01	3.461315e-11
8	553.266845	1.911049e-08	9.592000e-01	1.041427e-11
8	42604.395883	2.000088e-08	8.452998e-01	1.000000e-08
8	5350.291507	1.863607e-08	9.065000e-01	1.744794e-26
8	7378.880108	1.874322e-08	8.980000e-01	1.449177e-26
8	1882.631175	1.497178e-10	9.439000e-01	2.691204e-24
8	8790.002767	1.879724e-08	8.929000e-01	1.047517e-26
8	892.024548	1.772543e-08	9.405000e-01	3.237661e-27
8	552.285955	3.292942e-08	9.762000e-01	3.002297e-11
8	892.024520	1.772543e-08	9.405000e-01	1.546859e-26
8	3423.150821	1.846836e-08	9.167000e-01	6.770055e-27
8	4991.512283	1.861152e-08	9.082000e-01	3.584641e-26
8	1217.032799	1.795370e-08	9.354000e-01	1.471239e-27
8	5724.490654	1.865949e-08	9.048000e-01	1.346559e-26
8	26937.201008	1.907952e-08	8.504000e-01	5.977739e-26
8	677.934602	1.742701e-08	9.456000e-01	4.242964e-27
8	33213.052511	1.912135e-08	8.402000e-01	1.741429e-25
8	6114.278347	1.868185e-08	9.031000e-01	1.055845e-26
8	552.613725	2.085297e-08	9.626000e-01	1.557268e-11
8	8790.002898	1.879724e-08	8.929000e-01	7.341637e-26
8	20616.277929	1.902139e-08	8.623000e-01	1.276461e-25
8	552.735236	4.630765e-08	9.830000e-01	3.394191e-11
8	36665.741286	1.914003e-08	8.351000e-01	6.110249e-25
8	35490.841272	1.913395e-08	8.368000e-01	7.110108e-25
8	13306.631746	1.891402e-08	8.793000e-01	5.765303e-26
8	13306.631046	1.891402e-08	8.793000e-01	1.107348e-25
8	3153.454526	1.843485e-08	9.184000e-01	2.411367e-26
8	553.341979	1.169887e-07	9.932000e-01	3.628265e-11
8	17459.173103	1.898246e-08	8.691000e-01	4.243117e-26
8	552.899654	1.994279e-08	9.609000e-01	1.307706e-11
8	3707.293136	1.850008e-08	9.150000e-01	8.516191e-27
8	1863.870942	8.640304e-10	9.779000e-01	8.339131e-26
8	23198.019409	1.904771e-08	8.572000e-01	4.909950e-26
8	5350.291610	1.863607e-08	9.065000e-01	1.111397e-26
8	19796.888295	1.901209e-08	8.640000e-01	9.262849e-27
8	552.203705	3.070593e-08	9.745000e-01	2.871843e-11
8	1883.182376	1.001505e-10	9.252000e-01	1.405365e-23
8	18218.551120	1.899264e-08	8.674000e-01	1.682313e-26
8	40337.668982	1.915742e-08	8.300000e-01	3.463736e-20
8	16719.369188	1.897196e-08	8.708000e-01	8.463448e-26
8	23198.020619	1.904771e-08	8.572000e-01	7.828137e-26
8	554.280000	1.764371e-08	9.558000e-01	4.565739e-12
8	5724.490407	1.865949e-08	9.048000e-01	1.615423e-26
8	6519.824438	1.870321e-08	9.014000e-01	1.252863e-26
8	42874.779876	2.010015e-08	8.469998e-01	1.000000e-08
8	25024.425049	1.906405e-08	8.538000e-01	9.230169e-26
8	557.622272	1.685237e-08	9.524000e-01	4.999085e-26
8	7378.879935	1.874322e-08	8.980000e-01	6.517626e-26
8	1883.391062	4.323106e-11	8.521000e-01	1.239450e-14
8	594.749514	1.717181e-08	9.490000e-01	1.518511e-26
8	3423.151143	1.846836e-08	9.167000e-01	1.663798e-26
8	13306.631566	1.891402e-08	8.793000e-01	2.449943e-26
8	6519.824497	1.870321e-08	9.014000e-01	2.478273e-26
8	4319.550474	1.855864e-08	9.116000e-01	5.780714e-27
8	4647.987006	1.858574e-08	9.099000e-01	2.942220e-26
8	15297.637722	1.894992e-08	8.742000e-01	1.085690e-25
8	26937.209876	1.907952e-08	8.504000e-01	5.674439e-26
8	27926.577868	1.908695e-08	8.487000e-01	3.800339e-26
8	25024.430765	1.906405e-08	8.538000e-01	1.138565e-25
8	39088.880488	1.915176e-08	8.317000e-01	2.242896e-25
8	1883.278094	8.295541e-11	9.133000e-01	5.607236e-24
8	1497.332646	1.807813e-08	9.320000e-01	1.835923e-26
8	17459.173725	1.898246e-08	8.691000e-01	6.353906e-26
8	35490.835706	1.913395e-08	8.368000e-01	4.189018e-25
8	3707.293422	1.850008e-08	9.150000e-01	1.842280e-26
8	1876.932967	3.486159e-10	9.643000e-01	3.507206e-25
8	1883.365683	5.628317e-11	8.810000e-01	2.701992e-22
8	32109.640938	1.911482e-08	8.419000e-01	3.856737e-25
8	8790.002959	1.879724e-08	8.929000e-01	1.198179e-26
8	20616.277935	1.902139e-08	8.623000e-01	1.728373e-26
8	14615.294527	1.893835e-08	8.759000e-01	2.188549e-26
8	10907.807983	1.885995e-08	8.861000e-01	1.445792e-26
8	33213.051997	1.912135e-08	8.402000e-01	4.762641e-25
8	553.269222	9.335835e-08	9.915000e-01	3.616260e-11
8	552.735236	4.630765e-08	9.830000e-01	3.394191e-11
8	2016.201654	1.823400e-08	9.269000e-01	1.610423e-27
8	1657.017298	1.813375e-08	9.303000e-01	5.951638e-27
8	19796.888584	1.901209e-08	8.640000e-01	1.625255e-26
8	552.158784	2.417313e-08	9.677000e-01	2.210190e-11
8	33213.053865	1.912135e-08	8.402000e-01	1.917690e-25
8	737.229220	1.753613e-08	9.439000e-01	4.534251e-27
8	808.540592	1.763517e-08	9.422000e-01	1.140798e-27
8	10907.807877	1.885995e-08	8.861000e-01	9.136328e-27
8	1217.032786	1.795370e-08	9.354000e-01	1.209896e-26
8	2898.046359	1.839937e-08	9.201000e-01	2.960729e-27
8	2898.046282	1.839937e-08	9.201000e-01	1.476529e-26
8	6941.300468	1.872365e-08	8.997000e-01	6.448709e-27
8	13306.631373	1.891402e-08	8.793000e-01	1.264200e-26
8	11480.691212	1.887420e-08	8.844000e-01	5.071876e-27
8	1882.886420	1.316509e-10	9.388000e-01	1.302599e-23
8	15297.637650	1.894992e-08	8.742000e-01	4.591908e-26
8	570.519629	1.702149e-08	9.507000e-01	7.050626e-26
8	1497.332700	1.807813e-08	9.320000e-01	6.720511e-27
8	44286.178586	2.061444e-08	8.554998e-01	1.000000e-08
8	5350.291084	1.863607e-08	9.065000e-01	1.135814e-27
8	553.341979	1.169887e-07	9.932000e-01	3.628265e-11
8	36665.736952	1.914003e-08	8.351000e-01	7.939801e-25
8	4991.512326	1.861152e-08	9.082000e-01	9.938131e-27
8	552.111935	2.705048e-08	9.711000e-01	2.569659e-11
8	1883.201191	9.726804e-11	9.235000e-01	8.785798e-23
8	1883.363385	5.727248e-11	8.827000e-01	2.700205e-23
8	552.614027	4.204579e-08	9.813000e-01	3.315054e-11
8	1217.032744	1.795370e-08	9.354000e-01	2.880931e-26
8	1350.720680	1.801827e-08	9.337000e-01	6.278387e-27
8	13306.631103	1.891402e-08	8.793000e-01	1.806596e-26
8	32109.639001	1.911482e-08	8.419000e-01	1.488737e-25
8	34340.032793	1.912773e-08	8.385000e-01	5.503399e-26
8	-1.000000	-1.000000e+00	-1.000000e+00	-1.000000e+00
8	1883.076778	1.136740e-10	9.320000e-01	2.085511e-23
8	18218.551472	1.899264e-08	8.674000e-01	2.710624e-26
8	553.266846	1.911049e-08	9.592000e-01	1.041427e-11
8	1856.919534	1.175180e-09	9.813000e-01	6.397885e-26
8	15297.637772	1.894992e-08	8.742000e-01	4.773532e-26
8	1881.684269	1.959368e-10	9.524000e-01	3.830026e-25
8	6519.824657	1.870321e-08	9.014000e-01	1.897867e-26
8	6941.300142	1.872365e-08	8.997000e-01	6.536356e-28
8	22316.618912	1.903918e-08	8.589000e-01	5.379403e-26
8	630.496608	1.730620e-08	9.473000e-01	4.649935e-27
8	554.280001	1.764371e-08	9.558000e-01	4.565736e-12
8	630.496601	1.730620e-08	9.473000e-01	7.772567e-27
8	22316.611861	1.903918e-08	8.589000e-01	2.416617e-26
8	4991.512270	1.861152e-08	9.082000e-01	2.457939e-26
8	12071.327061	1.888795e-08	8.827000e-01	7.172514e-27
8	11480.691437	1.887420e-08	8.844000e-01	1.595306e-26
8	23198.014311	1.904771e-08	8.572000e-01	2.156089e-26
8	1875.708551	3.865648e-10	9.660000e-01	2.881079e-25
8	677.934583	1.742701e-08	9.456000e-01	2.417728e-26
8	9293.768995	1.881384e-08	8.912000e-01	2.933407e-27
8	552.158784	2.417313e-08	9.677000e-01	2.210190e-11
8	1866.162187	7.591538e-10	9.762000e-01	2.413047e-25
8	31029.537959	1.910812e-08	8.436000e-01	1.512086e-25
8	13951.694152	1.892639e-08	8.776000e-01	1.619560e-26
8	8790.002784	1.879724e-08	8.929000e-01	3.546053e-26
8	553.341979	1.169887e-07	9.932000e-01	3.628265e-11
8	1881.958886	1.843502e-10	9.507000e-01	4.374427e-25
8	552.385025	3.549786e-08	9.779000e-01	3.119433e-11
8	2429.473317	1.832182e-08	9.235000e-01	1.085529e-26
8	552.251487	2.295347e-08	9.660000e-01	2.008092e-11
8	553.341979	1.169888e-07	9.932000e-01	3.628265e-11
8	26937.203792	1.907952e-08	8.504000e-01	9.721845e-26
8	33213.051560	1.912135e-08	8.402000e-01	6.293197e-25
8	36665.737460	1.914003e-08	8.351000e-01	9.587964e-25
8	6114.278269	1.868185e-08	9.031000e-01	1.206897e-26
8	1883.182376	1.001505e-10	9.252000e-01	1.614618e-23
8	1883.387905	4.512184e-11	8.572000e-01	1.852398e-22
8	987.834048	1.780801e-08	9.388000e-01	3.140416e-27
8	553.081839	6.643855e-08	9.881000e-01	3.560837e-11
8	554.280000	1.764371e-08	9.558000e-01	4.565739e-12
8	14615.294968	1.893835e-08	8.759000e-01	3.504456e-26
8	553.724042	1.834676e-08	9.575000e-01	7.579100e-12
8	552.855787	5.152117e-08	9.847000e-01	3.461315e-11
8	552.972323	5.804391e-08	9.864000e-01	3.516754e-11
8	15297.638137	1.894992e-08	8.742000e-01	1.132702e-25
8	552.400455	2.185211e-08	9.643000e-01	1.790586e-11
8	11480.691487	1.887420e-08	8.844000e-01	2.707231e-26
8	39088.888968	1.915176e-08	8.317000e-01	1.845498e-24
8	16719.369060	1.897196e-08	8.708000e-01	3.595898e-26
8	987.834036	1.780801e-08	9.388000e-01	1.406982e-26
8	1883.039663	1.176690e-10	9.337000e-01	2.214616e-24
8	553.396146	1.565642e-07	9.949000e-01	3.630242e-11
8	42874.781092	2.010015e-08	8.469998e-01	1.000000e-08
8	31029.542449	1.910812e-08	8.436000e-01	3.346221e-26
8	557.622273	1.685237e-08	9.524000e-01	1.540987e-26
8	8303.053058	1.877997e-08	8.946000e-01	1.458459e-26
8	2656.770898	1.836176e-08	9.218000e-01	9.062471e-27
8	552.972323	5.804392e-08	9.864000e-01	3.516754e-11
8	7832.738576	1.876198e-08	8.963000e-01	1.967908e-26
8	2898.046186	1.839937e-08	9.201000e-01	2.501053e-26
8	25024.432393	1.906405e-08	8.538000e-01	3.913428e-26
8	19796.888640	1.901209e-08	8.640000e-01	3.433727e-26
8	10352.485943	1.884516e-08	8.878000e-01	3.126076e-26
8	27926.578885	1.908695e-08	8.487000e-01	5.676579e-26
8	42874.779951	2.010015e-08	8.469998e-01	1.000000e-08
8	18218.552045	1.899264e-08	8.674000e-01	3.741939e-26
8	2429.473407	1.832182e-08	9.235000e-01	1.211398e-27
8	15297.637991	1.894992e-08	8.742000e-01	3.983360e-26
8	553.354776	4.911438e-07	9.983001e-01	3.605440e-11
8	21456.116748	1.903041e-08	8.606000e-01	6.621412e-26
8	1096.120265	1.788384e-08	9.371000e-01	6.999069e-28
8	2429.473317	1.832182e-08	9.235000e-01	2.138930e-26
8	553.724042	1.834676e-08	9.575000e-01	7.579101e-12
8	1497.332630	1.807813e-08	9.320000e-01	1.331756e-26
8	31029.535422	1.910812e-08	8.436000e-01	1.502431e-26
8	553.081839	6.643856e-08	9.881000e-01	3.560837e-11
8	5350.291051	1.863607e-08	9.065000e-01	2.393908e-26
8	553.341979	1.169887e-07	9.932000e-01	3.628265e-11
8	2898.046253	1.839937e-08	9.201000e-01	1.019373e-26
8	10352.485563	1.884516e-08	8.878000e-01	1.505891e-26
8	1883.039663	1.176690e-10	9.337000e-01	1.665349e-23
8	552.735236	4.630765e-08	9.830000e-01	3.394191e-11
8	553.724042	1.834676e-08	9.575000e-01	7.579099e-12
8	18218.551798	1.899264e-08	8.674000e-01	4.999048e-26
8	553.396146	1.565642e-07	9.949000e-01	3.630242e-11
8	1883.385567	4.646343e-11	8.606000e-01	2.671116e-22
8	13306.631474	1.891402e-08	8.793000e-01	5.206265e-26
8	9814.535140	1.882980e-08	8.895000e-01	5.566573e-26
8	13306.631294	1.891402e-08	8.793000e-01	6.880523e-26
8	3707.293264	1.850008e-08	9.150000e-01	3.200389e-27
8	36665.739435	1.914003e-08	8.351000e-01	3.190919e-25
8	3707.293330	1.850008e-08	9.150000e-01	1.125406e-26
8	23198.016850	1.904771e-08	8.572000e-01	4.750565e-27
8	9814.535482	1.882980e-08	8.895000e-01	3.855152e-27
8	892.024508	1.772543e-08	9.405000e-01	5.398660e-27
8	19796.887509	1.901209e-08	8.640000e-01	2.952762e-26
8	17459.173711	1.898246e-08	8.691000e-01	2.747026e-26
8	13306.631746	1.891402e-08	8.793000e-01	1.954077e-26
8	892.024485	1.772543e-08	9.405000e-01	7.685947e-27
8	552.158784	2.417313e-08	9.677000e-01	2.210190e-11
8	553.341979	1.169887e-07	9.932000e-01	3.628265e-11
8	554.943324	1.699459e-08	9.541000e-01	1.367606e-12
8	20616.277826	1.902139e-08	8.623000e-01	1.588274e-25
8	1217.032751	1.795370e-08	9.354000e-01	5.363939e-27
8	42874.780375	2.010015e-08	8.469998e-01	1.000000e-08
8	16719.369409	1.897196e-08	8.708000e-01	9.111433e-26
8	4319.550497	1.855864e-08	9.116000e-01	6.878634e-27
8	17459.173086	1.898246e-08	8.691000e-01	7.451585e-26
8	36665.738026	1.914003e-08	8.351000e-01	4.293868e-25
8	552.385025	3.549786e-08	9.779000e-01	3.119433e-11
8	1096.120252	1.788384e-08	9.371000e-01	1.356016e-26
8	552.972323	5.804392e-08	9.864000e-01	3.516754e-11
8	24100.548512	1.905599e-08	8.555000e-01	9.144571e-26
8	32109.635941	1.911482e-08	8.419000e-01	1.486686e-25
8	552.972323	5.804392e-08	9.864000e-01	3.516754e-11
8	22316.616981	1.903918e-08	8.589000e-01	3.676172e-26
8	2656.770735	1.836176e-08	9.218000e-01	5.888475e-27
8	11480.691841	1.887420e-08	8.844000e-01	6.201160e-27
8	552.203705	3.070593e-08	9.745000e-01	2.871843e-11
8	4991.512049	1.861152e-08	9.082000e-01	1.307290e-26
8	808.540539	1.763517e-08	9.422000e-01	1.127536e-26
8	553.341979	1.169887e-07	9.932000e-01	3.628265e-11
8	8790.002550	1.879724e-08	8.929000e-01	1.397777e-26
8	1657.017363	1.813375e-08	9.303000e-01	1.142828e-26
8	553.396146	1.565642e-07	9.949000e-01	3.630242e-11
8	737.229201	1.753613e-08	9.439000e-01	9.208421e-28
8	552.735236	4.630765e-08	9.830000e-01	3.394191e-11
8	6941.300633	1.872365e-08	8.997000e-01	4.839677e-26
8	3423.150900	1.846836e-08	9.167000e-01	8.148104e-27
8	552.111935	2.705048e-08	9.711000e-01	2.569659e-11
8	557.622272	1.685237e-08	9.524000e-01	5.818229e-26
8	1497.332668	1.807813e-08	9.320000e-01	2.373475e-26
8	554.280000	1.764371e-08	9.558000e-01	4.565739e-12
8	552.143730	2.876275e-08	9.728000e-01	2.727741e-11
8	2898.046186	1.839937e-08	9.201000e-01	2.501053e-26
8	6114.278102	1.868185e-08	9.031000e-01	1.112834e-26
8	14615.294670	1.893835e-08	8.759000e-01	1.473987e-25
8	2016.201603	1.823400e-08	9.269000e-01	8.223543e-27
8	2429.473325	1.832182e-08	9.235000e-01	2.155138e-26
8	15297.637526	1.894992e-08	8.742000e-01	6.346288e-26
8	1497.332627	1.807813e-08	9.320000e-01	3.749527e-27
8	554.943325	1.699459e-08	9.541000e-01	1.367605e-12
8	2016.201890	1.823347e-08	9.269000e-01	5.332833e-18
8	552.400455	2.185211e-08	9.643000e-01	1.790586e-11
8	553.421546	2.366947e-07	9.966000e-01	3.622524e-11
8	1883.108849	1.099513e-10	9.303000e-01	1.714867e-23
8	552.400455	2.185211e-08	9.643000e-01	1.790586e-11
8	25969.903758	1.907189e-08	8.521000e-01	2.159973e-25
8	553.341979	1.169888e-07	9.932000e-01	3.628265e-11
8	42604.395952	2.000088e-08	8.452998e-01	1.000000e-08
8	31029.538369	1.910812e-08	8.436000e-01	2.973254e-25
8	2656.770945	1.836176e-08	9.218000e-01	2.709246e-27
8	553.269222	9.335835e-08	9.915000e-01	3.616260e-11
8	18218.551053	1.899264e-08	8.674000e-01	6.897308e-27
8	6941.300353	1.872365e-08	8.997000e-01	1.736972e-26
8	39088.879828	1.915176e-08	8.317000e-01	5.468018e-25
8	1882.181072	1.741460e-10	9.490000e-01	2.377669e-24
8	6519.824489	1.870321e-08	9.014000e-01	1.834312e-26
8	42604.397094	2.000088e-08	8.452998e-01	1.000000e-08
8	557.622277	1.685237e-08	9.524000e-01	3.350712e-25
8	630.496622	1.730620e-08	9.473000e-01	1.047548e-27
8	19796.888112	1.901209e-08	8.640000e-01	3.792919e-26
8	7832.738704	1.876197e-08	8.963000e-01	2.122695e-26
8	37865.000309	1.914596e-08	8.334000e-01	1.637979e-24
8	553.269222	9.335834e-08	9.915000e-01	3.616260e-11
8	18997.717894	1.900252e-08	8.657000e-01	4.832491e-26
8	15998.927007	1.896112e-08	8.725000e-01	2.820727e-26
8	8303.053032	1.877997e-08	8.946000e-01	5.513312e-27
8	892.024542	1.772543e-08	9.405000e-01	1.265276e-26
8	25024.427838	1.906405e-08	8.538000e-01	1.382416e-26
8	42874.780360	2.010015e-08	8.469998e-01	1.000000e-08
8	892.024482	1.772543e-08	9.405000e-01	2.116967e-27
8	2898.046340	1.839937e-08	9.201000e-01	2.674818e-26
8	552.111935	2.705048e-08	9.711000e-01	2.569659e-11
8	10907.807808	1.885995e-08	8.861000e-01	1.700557e-27
8	37865.001648	1.914596e-08	8.334000e-01	1.043263e-24
8	39088.882599	1.915176e-08	8.317000e-01	9.638065e-25
8	1657.017407	1.813375e-08	9.303000e-01	1.936817e-26
8	552.855787	5.152117e-08	9.847000e-01	3.461315e-11
8	553.269222	9.335834e-08	9.915000e-01	3.616260e-11
8	12071.327419	1.888795e-08	8.827000e-01	2.977533e-26
8	1883.201191	9.726804e-11	9.235000e-01	3.031779e-23
8	1878.021826	3.156624e-10	9.626000e-01	1.092243e-25
8	6114.278388	1.868185e-08	9.031000e-01	2.374700e-26
8	557.622272	1.685237e-08	9.524000e-01	2.913594e-26
8	1829.923907	1.818559e-08	9.286000e-01	1.767665e-26
8	2429.473532	1.832182e-08	9.235000e-01	5.092915e-28
8	13951.693238	1.892639e-08	8.776000e-01	4.568491e-26
8	13306.631362	1.891402e-08	8.793000e-01	8.646679e-27
8	1217.032840	1.795370e-08	9.354000e-01	1.138530e-26
8	3423.151075	1.846836e-08	9.167000e-01	1.060359e-26
8	21456.117523	1.903041e-08	8.606000e-01	6.083355e-26
8	552.111935	2.705048e-08	9.711000e-01	2.569659e-11
8	552.203705	3.070593e-08	9.745000e-01	2.871843e-11
8	14615.295420	1.893835e-08	8.759000e-01	3.918835e-26
8	2429.473544	1.832182e-08	9.235000e-01	9.628697e-27
8	7832.738752	1.876197e-08	8.963000e-01	2.229401e-26
8	31029.539485	1.910812e-08	8.436000e-01	7.193891e-26
8	3707.293309	1.850008e-08	9.150000e-01	1.484952e-26
8	552.158784	2.417313e-08	9.677000e-01	2.210190e-11
8	24100.548914	1.905599e-08	8.555000e-01	5.015269e-26
8	1096.120279	1.788384e-08	9.371000e-01	8.440627e-27
8	552.735236	4.630765e-08	9.830000e-01	3.394191e-11
8	2656.770813	1.836176e-08	9.218000e-01	6.438190e-27
8	8790.002627	1.879724e-08	8.929000e-01	7.754874e-26
8	16719.369293	1.897196e-08	8.708000e-01	7.770063e-26
8	1882.181072	1.741460e-10	9.490000e-01	5.885033e-25
8	16719.369459	1.897196e-08	8.708000e-01	2.061842e-26
8	553.396146	1.565642e-07	9.949000e-01	3.630242e-11
8	552.203705	3.070593e-08	9.745000e-01	2.871843e-11
8	552.613725	2.085297e-08	9.626000e-01	1.557268e-11
8	1657.017339	1.813375e-08	9.303000e-01	5.668708e-27
8	1883.346231	6.395576e-11	8.929000e-01	8.459554e-23
8	6941.300745	1.872365e-08	8.997000e-01	1.653094e-25
8	1096.120250	1.788384e-08	9.371000e-01	1.027367e-26
8	14615.295241	1.893835e-08	8.759000e-01	9.759783e-27
8	553.396146	1.565642e-07	9.949000e-01	3.630242e-11
8	554.280000	1.764371e-08	9.558000e-01	4.565737e-12
8	7378.880234	1.874322e-08	8.980000e-01	6.680355e-26
8	13951.694130	1.892639e-08	8.776000e-01	5.612337e-26
8	553.269222	9.335835e-08	9.915000e-01	3.616261e-11
8	5350.291603	1.863607e-08	9.065000e-01	1.310302e-26
8	40337.668535	1.915742e-08	8.300000e-01	9.093874e-21
8	5350.291514	1.863607e-08	9.065000e-01	7.565344e-27
8	1883.392023	4.263455e-11	8.504000e-01	4.902186e-22
8	1875.708551	3.865648e-10	9.660000e-01	1.548850e-25
8	42604.396667	2.000088e-08	8.452998e-01	1.000000e-08
8	552.285955	3.292942e-08	9.762000e-01	3.002297e-11
8	18218.551909	1.899264e-08	8.674000e-01	2.146241e-26
8	630.496600	1.730620e-08	9.473000e-01	1.588679e-26
8	1829.923869	1.818559e-08	9.286000e-01	8.743597e-27
8	1883.224691	9.348840e-11	9.218000e-01	5.821088e-13
8	16719.369214	1.897196e-08	8.708000e-01	9.134966e-26
8	1657.017339	1.813375e-08	9.303000e-01	2.354577e-27
8	26937.207945	1.907952e-08	8.504000e-01	7.278783e-26
8	19796.888451	1.901209e-08	8.640000e-01	2.676762e-26
8	25969.901851	1.907189e-08	8.521000e-01	1.015348e-25
8	31029.536085	1.910812e-08	8.436000e-01	3.289339e-25
8	552.114682	2.553072e-08	9.694000e-01	2.397258e-11
8	552.143729	2.876275e-08	9.728000e-01	2.727741e-11
8	40337.670691	1.915742e-08	8.300000e-01	3.674724e-20
8	31029.538754	1.910812e-08	8.436000e-01	1.067426e-25
8	21456.112956	1.903041e-08	8.606000e-01	1.629402e-25
8	18997.717200	1.900252e-08	8.657000e-01	7.592633e-27
8	35490.841212	1.913395e-08	8.368000e-01	3.787984e-25
8	9293.769638	1.881384e-08	8.912000e-01	9.602724e-27
8	552.855787	5.152116e-08	9.847000e-01	3.461315e-11
8	594.749524	1.717181e-08	9.490000e-01	6.213915e-27
8	553.396146	1.565642e-07	9.949000e-01	3.630242e-11
8	1096.120289	1.788384e-08	9.371000e-01	1.921275e-27
8	553.341979	1.169887e-07	9.932000e-01	3.628265e-11
8	5724.490875	1.865949e-08	9.048000e-01	4.364148e-27
8	35490.835941	1.913395e-08	8.368000e-01	7.358785e-25
8	17459.173725	1.898246e-08	8.691000e-01	4.546343e-26
8	3153.454513	1.843485e-08	9.184000e-01	6.723049e-27
8	39088.886698	1.915176e-08	8.317000e-01	5.598383e-25
8	40337.673001	1.915742e-08	8.300000e-01	1.110476e-20
8	25024.426536	1.906405e-08	8.538000e-01	1.433490e-25
8	552.899655	1.994279e-08	9.609000e-01	1.307706e-11
8	987.834057	1.780801e-08	9.388000e-01	1.137207e-26
8	553.269222	9.335835e-08	9.915000e-01	3.616261e-11
8	13306.631047	1.891402e-08	8.793000e-01	1.062145e-26
8	677.934566	1.742701e-08	9.456000e-01	8.582916e-27
8	553.181640	7.764463e-08	9.898000e-01	3.593895e-11
8	1497.332662	1.807813e-08	9.320000e-01	4.189626e-27
8	552.143730	2.876275e-08	9.728000e-01	2.727741e-11
8	552.203705	3.070592e-08	9.745000e-01	2.871843e-11
8	16719.369746	1.897196e-08	8.708000e-01	1.086133e-26
8	808.540574	1.763517e-08	9.422000e-01	3.190028e-26
8	6941.300399	1.872365e-08	8.997000e-01	6.156858e-27
8	552.143729	2.876275e-08	9.728000e-01	2.727741e-11
8	553.396146	1.565642e-07	9.949000e-01	3.630242e-11
8	552.972323	5.804392e-08	9.864000e-01	3.516754e-11
8	552.114682	2.553072e-08	9.694000e-01	2.397258e-11
8	6519.824657	1.870321e-08	9.014000e-01	1.684684e-26
8	14615.295562	1.893835e-08	8.759000e-01	3.277239e-26
8	554.943325	1.699459e-08	9.541000e-01	1.367604e-12
8	16719.368749	1.897196e-08	8.708000e-01	1.176406e-26
8	553.421546	2.366947e-07	9.966000e-01	3.622524e-11
8	553.341979	1.169887e-07	9.932000e-01	3.628265e-11
8	13306.631903	1.891402e-08	8.793000e-01	2.859137e-26
8	4991.512227	1.861152e-08	9.082000e-01	7.549424e-26
8	552.735236	4.630765e-08	9.830000e-01	3.394191e-11
8	737.229197	1.753613e-08	9.439000e-01	8.189471e-27
8	3423.150915	1.846836e-08	9.167000e-01	1.796735e-26
8	4991.512326	1.861152e-08	9.082000e-01	4.064359e-26
8	2429.473555	1.832182e-08	9.235000e-01	1.115872e-26
8	13306.631880	1.891402e-08	8.793000e-01	3.244351e-26
8	552.111935	2.705048e-08	9.711000e-01	2.569659e-11
8	4991.512185	1.861152e-08	9.082000e-01	3.262370e-26
8	552.385025	3.549786e-08	9.779000e-01	3.119433e-11
8	4006.039656	1.853013e-08	9.133000e-01	6.569774e-27
8	26937.200487	1.907952e-08	8.504000e-01	1.694325e-25
8	553.396146	1.565642e-07	9.949000e-01	3.630242e-11
8	553.421546	2.366947e-07	9.966000e-01	3.622524e-11
8	14615.295124	1.893835e-08	8.759000e-01	7.630039e-26
8	22316.617336	1.903918e-08	8.589000e-01	3.366415e-26
8	2016.201702	1.823400e-08	9.269000e-01	6.566410e-27
8	594.749529	1.717181e-08	9.490000e-01	2.880506e-26
8	16719.368958	1.897196e-08	8.708000e-01	1.458429e-25
8	26937.209763	1.907952e-08	8.504000e-01	1.378675e-25
8	892.024555	1.772543e-08	9.405000e-01	1.175779e-26
8	8303.053217	1.877997e-08	8.946000e-01	4.972015e-26
8	570.519628	1.702149e-08	9.507000e-01	1.553738e-26
8	553.081839	6.643856e-08	9.881000e-01	3.560837e-11
8	1883.398525	3.831957e-11	8.368000e-01	1.643898e-21
8	552.899654	1.994279e-08	9.609000e-01	1.307706e-11
8	7832.738396	1.876198e-08	8.963000e-01	2.525519e-26
8	25024.425809	1.906405e-08	8.538000e-01	1.134118e-25
8	34340.035886	1.912773e-08	8.385000e-01	2.620700e-25
8	1883.201191	9.726804e-11	9.235000e-01	8.159188e-25
8	4647.986847	1.858574e-08	9.099000e-01	9.359067e-27
8	14615.294648	1.893835e-08	8.759000e-01	1.466853e-26
8	9293.769085	1.881384e-08	8.912000e-01	1.620622e-26
8	552.855787	5.152117e-08	9.847000e-01	3.461315e-11
8	5350.291064	1.863607e-08	9.065000e-01	1.002274e-26
8	4991.512166	1.861152e-08	9.082000e-01	2.014916e-26
8	1883.278094	8.295541e-11	9.133000e-01	3.913160e-24
8	552.114682	2.553072e-08	9.694000e-01	2.397258e-11
8	11480.691538	1.887420e-08	8.844000e-01	1.634231e-26
8	4647.986958	1.858574e-08	9.099000e-01	8.574806e-27
8	25969.896967	1.907189e-08	8.521000e-01	2.827198e-26
8	552.111935	2.705048e-08	9.711000e-01	2.569659e-11
8	21456.114863	1.903041e-08	8.606000e-01	1.145113e-25
8	-1.000000	-1.000000e+00	-1.000000e+00	-1.000000e+00
8	552.400455	2.185211e-08	9.643000e-01	1.790586e-11
8	552.114682	2.553072e-08	9.694000e-01	2.397258e-11
8	5350.291270	1.863607e-08	9.065000e-01	6.273625e-27
8	15297.638226	1.894992e-08	8.742000e-01	2.375081e-26
8	4647.986827	1.858574e-08	9.099000e-01	5.780408e-27
8	10907.807644	1.885995e-08	8.861000e-01	6.355121e-28
8	4647.986841	1.858574e-08	9.099000e-01	5.360640e-28
8	1883.108849	1.099513e-10	9.303000e-01	3.206559e-24
8	36665.744311	1.914003e-08	8.351000e-01	6.670497e-25
8	2429.473457	1.832182e-08	9.235000e-01	1.819245e-26
8	31029.542347	1.910812e-08	8.436000e-01	1.520143e-25
8	21456.116964	1.903042e-08	8.606000e-01	9.433690e-26
8	44286.178829	2.061444e-08	8.554998e-01	1.000000e-08
8	8790.003236	1.879724e-08	8.929000e-01	1.401056e-26
8	3153.454402	1.843485e-08	9.184000e-01	3.829699e-27
8	-1.000000	-1.000000e+00	-1.000000e+00	-1.000000e+00
8	12679.908186	1.890121e-08	8.810000e-01	8.740123e-26
8	-1.000000	-1.000000e+00	-1.000000e+00	-1.000000e+00
8	553.421546	2.366947e-07	9.966000e-01	3.622524e-11
8	44286.178310	2.061444e-08	8.554998e-01	1.000000e-08
8	552.972323	5.804392e-08	9.864000e-01	3.516754e-11
8	13306.631407	1.891402e-08	8.793000e-01	2.085656e-26
8	1882.361752	1.650909e-10	9.473000e-01	8.712461e-25
8	25969.904223	1.907189e-08	8.521000e-01	6.175437e-26
8	6114.278152	1.868185e-08	9.031000e-01	6.527930e-27
8	6114.278430	1.868185e-08	9.031000e-01	2.934862e-26
8	25969.904462	1.907189e-08	8.521000e-01	3.907052e-26
8	808.540551	1.763517e-08	9.422000e-01	6.985989e-27
8	552.143729	2.876275e-08	9.728000e-01	2.727741e-11
8	552.855787	5.152117e-08	9.847000e-01	3.461315e-11
8	37864.989565	1.914596e-08	8.334000e-01	7.357427e-25
8	4647.986498	1.858574e-08	9.099000e-01	3.660929e-27
8	1497.332578	1.807813e-08	9.320000e-01	2.435320e-27
8	552.495907	3.849744e-08	9.796000e-01	3.223577e-11
8	2216.001277	1.827931e-08	9.252000e-01	7.489017e-27
8	26937.200240	1.907952e-08	8.504000e-01	2.989443e-26
8	6941.300520	1.872365e-08	8.997000e-01	1.721653e-26
8	552.735236	4.630765e-08	9.830000e-01	3.394191e-11
8	1882.181072	1.741460e-10	9.490000e-01	3.473245e-24
8	9293.769576	1.881384e-08	8.912000e-01	1.426288e-26
8	6941.300663	1.872365e-08	8.997000e-01	1.350636e-26
8	4319.550113	1.855864e-08	9.116000e-01	2.342034e-26
8	13951.693424	1.892639e-08	8.776000e-01	5.219997e-26
8	5724.490774	1.865949e-08	9.048000e-01	3.015955e-26
8	552.203705	3.070593e-08	9.745000e-01	2.871843e-11
8	34340.023230	1.912773e-08	8.385000e-01	6.637654e-25
8	737.229206	1.753613e-08	9.439000e-01	9.702022e-27
8	2429.473383	1.832182e-08	9.235000e-01	3.593306e-27
8	18997.717811	1.900252e-08	8.657000e-01	7.048544e-26
8	27926.570361	1.908695e-08	8.487000e-01	3.134419e-25
8	5350.291373	1.863607e-08	9.065000e-01	9.394505e-26
8	25024.428730	1.906405e-08	8.538000e-01	3.015796e-26
8	4647.986480	1.858574e-08	9.099000e-01	8.195029e-27
8	808.540563	1.763517e-08	9.422000e-01	2.585287e-27
8	11480.691444	1.887420e-08	8.844000e-01	3.227596e-27
8	552.855787	5.152116e-08	9.847000e-01	3.461315e-11
8	552.385025	3.549786e-08	9.779000e-01	3.119433e-11
8	10907.807943	1.885995e-08	8.861000e-01	4.017764e-26
8	4319.550558	1.855864e-08	9.116000e-01	2.570148e-26
8	987.834052	1.780801e-08	9.388000e-01	5.489891e-27
8	552.899654	1.994279e-08	9.609000e-01	1.307706e-11
8	552.495907	3.849744e-08	9.796000e-01	3.223577e-11
8	5724.490594	1.865949e-08	9.048000e-01	8.294190e-27
8	1657.017251	1.813375e-08	9.303000e-01	6.024976e-27
8	20616.279137	1.902139e-08	8.623000e-01	4.609224e-26
8	552.285955	3.292942e-08	9.762000e-01	3.002297e-11
8	594.749511	1.717181e-08	9.490000e-01	8.983230e-27
8	808.540562	1.763517e-08	9.422000e-01	1.188577e-26
8	25024.428223	1.906405e-08	8.538000e-01	3.827718e-26
8	552.285955	3.292942e-08	9.762000e-01	3.002297e-11
8	630.496623	1.730620e-08	9.473000e-01	8.584901e-27
8	35490.833362	1.913395e-08	8.368000e-01	5.134229e-25
8	5724.490400	1.865949e-08	9.048000e-01	1.580901e-26
8	22316.619725	1.903918e-08	8.589000e-01	4.611142e-26
8	-1.000000	-1.000000e+00	-1.000000e+00	-1.000000e+00
8	15998.926869	1.896112e-08	8.725000e-01	2.705341e-26
8	36665.732472	1.914003e-08	8.351000e-01	7.135553e-25
8	44286.179066	2.061444e-08	8.554998e-01	1.000000e-08
8	594.749532	1.717181e-08	9.490000e-01	5.947258e-27
8	7378.880242	1.874322e-08	8.980000e-01	1.624359e-26
8	1856.919533	1.175181e-09	9.813000e-01	3.523691e-26
8	1217.032767	1.795370e-08	9.354000e-01	1.078072e-26
8	554.943324	1.699459e-08	9.541000e-01	1.367606e-12
8	18997.717741	1.900252e-08	8.657000e-01	9.760280e-26
8	18218.552196	1.899264e-08	8.674000e-01	1.476092e-26
8	1883.393842	4.147934e-11	8.470000e-01	4.495543e-23
8	552.613725	2.085297e-08	9.626000e-01	1.557268e-11
8	1096.120154	1.788384e-08	9.371000e-01	1.357926e-26
8	4319.550050	1.855864e-08	9.116000e-01	5.149549e-26
8	552.203705	3.070593e-08	9.745000e-01	2.871843e-11
8	552.385025	3.549786e-08	9.779000e-01	3.119433e-11
8	10352.485419	1.884516e-08	8.878000e-01	2.378532e-26
8	25024.424042	1.906405e-08	8.538000e-01	7.091311e-26
8	1881.343577	2.091975e-10	9.541000e-01	5.027998e-24
8	19796.888082	1.901209e-08	8.640000e-01	1.920928e-26
8	16719.369049	1.897196e-08	8.708000e-01	7.333013e-26
8	14615.294610	1.893835e-08	8.759000e-01	8.403487e-27
8	553.421546	2.366947e-07	9.966000e-01	3.622524e-11
8	34340.033279	1.912773e-08	8.385000e-01	1.806743e-25
8	892.024501	1.772543e-08	9.405000e-01	1.558922e-27
8	26937.203140	1.907952e-08	8.504000e-01	1.144269e-26
8	23198.021134	1.904771e-08	8.572000e-01	3.147643e-26
8	552.203705	3.070592e-08	9.745000e-01	2.871843e-11
8	26937.206246	1.907952e-08	8.504000e-01	1.361516e-25
8	892.024479	1.772543e-08	9.405000e-01	4.747684e-27
8	1217.032874	1.795370e-08	9.354000e-01	7.129600e-27
8	13306.631239	1.891402e-08	8.793000e-01	8.059647e-27
8	18997.717547	1.900252e-08	8.657000e-01	9.636115e-26
8	40337.676667	1.915742e-08	8.300000e-01	2.790370e-20
8	6519.824424	1.870321e-08	9.014000e-01	1.998051e-26
8	8790.002568	1.879724e-08	8.929000e-01	7.145896e-27
8	16719.369317	1.897196e-08	8.708000e-01	5.332323e-26
8	1883.389001	4.447648e-11	8.555000e-01	6.760183e-22
8	552.203705	3.070593e-08	9.745000e-01	2.871843e-11
8	33213.053916	1.912135e-08	8.402000e-01	1.806578e-25
8	3153.454399	1.843485e-08	9.184000e-01	3.765907e-26
8	552.111935	2.705049e-08	9.711000e-01	2.569659e-11
8	1876.932967	3.486159e-10	9.643000e-01	8.978272e-26
8	2898.046301	1.839937e-08	9.201000e-01	6.581970e-27
8	34340.031251	1.912773e-08	8.385000e-01	4.452297e-25
8	18997.718174	1.900252e-08	8.657000e-01	5.635981e-26
8	7832.738202	1.876197e-08	8.963000e-01	1.305754e-26
8	6941.300293	1.872365e-08	8.997000e-01	7.683163e-27
8	553.354776	4.911434e-07	9.983001e-01	3.605440e-11
8	11480.691142	1.887420e-08	8.844000e-01	2.281599e-26
8	1882.996473	1.219695e-10	9.354000e-01	5.381643e-24
8	22316.618877	1.903918e-08	8.589000e-01	2.343872e-26
8	1883.377113	5.094908e-11	8.708000e-01	4.315351e-22
8	552.114682	2.553072e-08	9.694000e-01	2.397258e-11
8	553.354776	4.911433e-07	9.983001e-01	3.605440e-11
8	7378.880093	1.874322e-08	8.980000e-01	6.596810e-26
8	20616.276219	1.902139e-08	8.623000e-01	3.645010e-26
8	36665.742427	1.914003e-08	8.351000e-01	1.713303e-24
8	552.613725	2.085297e-08	9.626000e-01	1.557268e-11
8	1497.332627	1.807813e-08	9.320000e-01	1.861822e-26
8	25024.428192	1.906405e-08	8.538000e-01	7.062868e-26
8	37864.991022	1.914596e-08	8.334000e-01	8.085404e-25
8	1657.017360	1.813375e-08	9.303000e-01	5.615678e-27
8	3153.454554	1.843485e-08	9.184000e-01	1.526733e-26
8	1863.870942	8.640304e-10	9.779000e-01	3.597369e-25
8	33213.055042	1.912135e-08	8.402000e-01	1.394142e-25
8	5350.291264	1.863607e-08	9.065000e-01	6.158161e-26
8	12679.908965	1.890121e-08	8.810000e-01	1.403298e-26
8	552.400455	2.185211e-08	9.643000e-01	1.790586e-11
8	552.899654	1.994279e-08	9.609000e-01	1.307706e-11
8	552.111935	2.705048e-08	9.711000e-01	2.569659e-11
8	553.396146	1.565642e-07	9.949000e-01	3.630242e-11
8	2656.770861	1.836176e-08	9.218000e-01	5.233951e-27
8	552.285955	3.292942e-08	9.762000e-01	3.002297e-11
8	553.081839	6.643856e-08	9.881000e-01	3.560837e-11
8	10352.485552	1.884516e-08	8.878000e-01	2.445055e-26
8	12679.908780	1.890121e-08	8.810000e-01	2.056549e-26
8	20616.276474	1.902139e-08	8.623000e-01	9.153926e-26
8	553.269222	9.335834e-08	9.915000e-01	3.616260e-11
8	42604.395533	2.000088e-08	8.452998e-01	1.000000e-08
8	553.081839	6.643856e-08	9.881000e-01	3.560837e-11
8	27926.577101	1.908695e-08	8.487000e-01	1.427644e-25
8	1883.363385	5.727248e-11	8.827000e-01	2.361637e-22
8	552.613725	2.085297e-08	9.626000e-01	1.557268e-11
8	552.285955	3.292942e-08	9.762000e-01	3.002297e-11
8	1829.923764	1.818559e-08	9.286000e-01	1.565510e-27
8	12679.908262	1.890121e-08	8.810000e-01	1.230453e-26
8	15297.637528	1.894992e-08	8.742000e-01	8.051814e-27
8	553.396146	1.565642e-07	9.949000e-01	3.630242e-11
8	16719.368918	1.897196e-08	8.708000e-01	1.014851e-25
8	1096.120246	1.788384e-08	9.371000e-01	1.533822e-26
8	552.203705	3.070593e-08	9.745000e-01	2.871843e-11
8	7378.880273	1.874322e-08	8.980000e-01	8.258913e-27
8	1863.870942	8.640304e-10	9.779000e-01	6.511256e-26
8	9814.535213	1.882980e-08	8.895000e-01	4.691418e-26
8	21456.115838	1.903042e-08	8.606000e-01	1.630971e-26
8	5724.490641	1.865949e-08	9.048000e-01	1.867348e-26
8	42604.397586	2.000088e-08	8.452998e-01	1.000000e-08
8	553.269222	9.335835e-08	9.915000e-01	3.616260e-11
8	12679.908867	1.890121e-08	8.810000e-01	1.558640e-26
8	4647.986886	1.858574e-08	9.099000e-01	9.563841e-27
8	15297.638091	1.894992e-08	8.742000e-01	2.930397e-26
8	44286.179942	2.061444e-08	8.554999e-01	1.000000e-08
8	554.280000	1.764371e-08	9.558000e-01	4.565738e-12
8	552.614027	4.204579e-08	9.813000e-01	3.315054e-11
8	3153.454461	1.843485e-08	9.184000e-01	6.200714e-27
8	3423.150948	1.846836e-08	9.167000e-01	1.301943e-26
8	23198.016622	1.904771e-08	8.572000e-01	4.534999e-27
8	1882.815938	1.371336e-10	9.405000e-01	4.182192e-24
8	5350.291468	1.863607e-08	9.065000e-01	2.347468e-26
8	21456.113370	1.903041e-08	8.606000e-01	6.434169e-26
8	13306.631114	1.891402e-08	8.793000e-01	1.142019e-26
8	552.614027	4.204579e-08	9.813000e-01	3.315054e-11
8	552.158784	2.417313e-08	9.677000e-01	2.210190e-11
8	552.111935	2.705048e-08	9.711000e-01	2.569659e-11
8	10907.808203	1.885995e-08	8.861000e-01	2.648447e-26
8	552.614027	4.204579e-08	9.813000e-01	3.315054e-11
8	1866.162187	7.591538e-10	9.762000e-01	9.090761e-26
8	553.396146	1.565642e-07	9.949000e-01	3.630242e-11
8	15998.927447	1.896112e-08	8.725000e-01	3.515254e-26
8	7378.880287	1.874322e-08	8.980000e-01	2.209908e-26
8	-1.000000	-1.000000e+00	-1.000000e+00	-1.000000e+00
8	17459.173912	1.898246e-08	8.691000e-01	5.018400e-26
8	22316.619059	1.903918e-08	8.589000e-01	7.995300e-26
8	552.400455	2.185211e-08	9.643000e-01	1.790586e-11
8	37864.994365	1.914596e-08	8.334000e-01	5.079398e-25
8	553.354776	4.911438e-07	9.983001e-01	3.605440e-11
8	21456.114299	1.903041e-08	8.606000e-01	3.795523e-26
8	18997.717255	1.900252e-08	8.657000e-01	7.371542e-26
8	36665.734610	1.914003e-08	8.351000e-01	1.575582e-24
8	56098.762148	2.481130e-08	9.099000e-01	1.000000e-08
8	553.354776	4.911435e-07	9.983001e-01	3.605440e-11
8	552.385025	3.549786e-08	9.779000e-01	3.119433e-11
8	1878.960473	2.872906e-10	9.609000e-01	1.333216e-24
8	553.341979	1.169888e-07	9.932000e-01	3.628265e-11
8	10907.808444	1.885995e-08	8.861000e-01	4.413375e-26
8	552.972323	5.804392e-08	9.864000e-01	3.516754e-11
8	15297.637674	1.894992e-08	8.742000e-01	6.719642e-26
8	4006.039892	1.853013e-08	9.133000e-01	3.215083e-26
8	11480.691517	1.887420e-08	8.844000e-01	4.251741e-26
8	737.229182	1.753613e-08	9.439000e-01	3.393187e-27
8	552.899654	1.994279e-08	9.609000e-01	1.307706e-11
8	1883.338836	6.651827e-11	8.963000e-01	1.261212e-22
8	4319.550180	1.855864e-08	9.116000e-01	1.734331e-26
8	552.143730	2.876275e-08	9.728000e-01	2.727741e-11
8	12071.327518	1.888795e-08	8.827000e-01	6.802584e-26
8	18218.551270	1.899264e-08	8.674000e-01	2.038459e-26
8	4319.550321	1.855864e-08	9.116000e-01	4.683802e-28
8	88943.140503	4.138294e-08	9.949000e-01	1.000000e-08
8	987.834047	1.780801e-08	9.388000e-01	1.489859e-26
8	12679.908986	1.890121e-08	8.810000e-01	1.047906e-25
8	552.114682	2.553072e-08	9.694000e-01	2.397258e-11
8	8790.002697	1.879724e-08	8.929000e-01	4.331320e-26
8	21456.117069	1.903041e-08	8.606000e-01	8.085117e-26
8	553.181640	7.764464e-08	9.898000e-01	3.593895e-11
8	553.081839	6.643856e-08	9.881000e-01	3.560837e-11
8	557.622274	1.685237e-08	9.524000e-01	7.048713e-26
8	15297.638236	1.894992e-08	8.742000e-01	4.546784e-27
8	14615.295099	1.893835e-08	8.759000e-01	3.946704e-26
8	4647.986994	1.858574e-08	9.099000e-01	4.274790e-26
8	8303.053032	1.877997e-08	8.946000e-01	1.428922e-27
8	553.354776	4.911436e-07	9.983001e-01	3.605440e-11
8	1883.368388	5.513284e-11	8.793000e-01	3.553000e-13
8	677.934577	1.742701e-08	9.456000e-01	1.721876e-26
8	552.614027	4.204579e-08	9.813000e-01	3.315054e-11
8	552.855787	5.152117e-08	9.847000e-01	3.461315e-11
8	32109.642314	1.911482e-08	8.419000e-01	1.126099e-25
8	12071.327191	1.888795e-08	8.827000e-01	1.294494e-27
8	552.385025	3.549786e-08	9.779000e-01	3.119433e-11
8	552.613725	2.085297e-08	9.626000e-01	1.557268e-11
8	552.495907	3.849744e-08	9.796000e-01	3.223577e-11
8	1883.363385	5.727248e-11	8.827000e-01	2.812982e-23
8	552.495907	3.849745e-08	9.796000e-01	3.223577e-11
8	40337.679658	1.915742e-08	8.300000e-01	6.990905e-20
8	1350.720638	1.801827e-08	9.337000e-01	2.316060e-27
8	892.024518	1.772543e-08	9.405000e-01	1.701013e-26
8	552.614027	4.204579e-08	9.813000e-01	3.315054e-11
8	2016.201750	1.823400e-08	9.269000e-01	1.263271e-26
8	-1.000000	-1.000000e+00	-1.000000e+00	-1.000000e+00
8	1883.367854	5.532483e-11	8.793000e-01	1.998612e-22
8	553.269222	9.335835e-08	9.915000e-01	3.616261e-11
8	39088.882788	1.915176e-08	8.317000e-01	3.590693e-24
8	1869.836971	5.987840e-10	9.728000e-01	5.502247e-26
8	1876.932967	3.486159e-10	9.643000e-01	9.004529e-25
8	31029.539063	1.910812e-08	8.436000e-01	3.849986e-25
8	808.540536	1.763517e-08	9.422000e-01	1.942821e-27
8	553.396146	1.565642e-07	9.949000e-01	3.630242e-11
8	554.943325	1.699459e-08	9.541000e-01	1.367603e-12
8	15297.637429	1.894992e-08	8.742000e-01	1.249620e-26
8	13306.630992	1.891402e-08	8.793000e-01	2.638259e-26
8	9814.535019	1.882980e-08	8.895000e-01	2.411356e-26
8	552.251487	2.295347e-08	9.660000e-01	2.008092e-11
8	22316.616653	1.903918e-08	8.589000e-01	1.134743e-26
8	15297.637514	1.894992e-08	8.742000e-01	5.109285e-27
8	13951.693703	1.892639e-08	8.776000e-01	3.593018e-27
8	1883.076778	1.136740e-10	9.320000e-01	1.048585e-23
8	630.496594	1.730620e-08	9.473000e-01	2.775355e-26
8	42874.781403	2.010015e-08	8.469998e-01	1.000000e-08
8	44286.177600	2.061444e-08	8.554998e-01	1.000000e-08
8	553.724042	1.834676e-08	9.575000e-01	7.579100e-12
8	22316.614149	1.903918e-08	8.589000e-01	1.222747e-25
8	11480.691485	1.887420e-08	8.844000e-01	2.148884e-26
